日期,股票代码,名称,收盘价,最高价,最低价,开盘价,前收盘,涨跌额,涨跌幅,换手率,成交量,成交金额,总市值,流通市值
2015-01-23,'000562,宏源证券,0.0,0.0,0.0,0.0,30.5,None,None,0.0,0,0.0,1.21158454126e+11,1.07313540936e+11
2015-01-22,'000562,宏源证券,0.0,0.0,0.0,0.0,30.5,None,None,0.0,0,0.0,1.21158454126e+11,1.07313540936e+11
2015-01-21,'000562,宏源证券,0.0,0.0,0.0,0.0,30.5,None,None,0.0,0,0.0,1.21158454126e+11,1.07313540936e+11
2015-01-20,'000562,宏源证券,0.0,0.0,0.0,0.0,30.5,None,None,0.0,0,0.0,1.21158454126e+11,1.07313540936e+11
2015-01-19,'000562,宏源证券,0.0,0.0,0.0,0.0,30.5,None,None,0.0,0,0.0,1.21158454126e+11,1.07313540936e+11
2015-01-16,'000562,宏源证券,0.0,0.0,0.0,0.0,30.5,None,None,0.0,0,0.0,1.21158454126e+11,1.07313540936e+11
2015-01-15,'000562,宏源证券,0.0,0.0,0.0,0.0,30.5,None,None,0.0,0,0.0,1.21158454126e+11,1.07313540936e+11
2015-01-14,'000562,宏源证券,0.0,0.0,0.0,0.0,30.5,None,None,0.0,0,0.0,1.21158454126e+11,1.07313540936e+11
2015-01-13,'000562,宏源证券,0.0,0.0,0.0,0.0,30.5,None,None,0.0,0,0.0,1.21158454126e+11,1.07313540936e+11
2015-01-12,'000562,宏源证券,0.0,0.0,0.0,0.0,30.5,None,None,0.0,0,0.0,1.21158454126e+11,1.07313540936e+11
2015-01-09,'000562,宏源证券,0.0,0.0,0.0,0.0,30.5,None,None,0.0,0,0.0,1.21158454126e+11,1.07313540936e+11
2015-01-08,'000562,宏源证券,0.0,0.0,0.0,0.0,30.5,None,None,0.0,0,0.0,1.21158454126e+11,1.07313540936e+11
2015-01-07,'000562,宏源证券,0.0,0.0,0.0,0.0,30.5,None,None,0.0,0,0.0,1.21158454126e+11,1.07313540936e+11
2015-01-06,'000562,宏源证券,0.0,0.0,0.0,0.0,30.5,None,None,0.0,0,0.0,1.21158454126e+11,1.07313540936e+11
2015-01-05,'000562,宏源证券,0.0,0.0,0.0,0.0,30.5,None,None,0.0,0,0.0,1.21158454126e+11,1.07313540936e+11
2014-12-31,'000562,宏源证券,0.0,0.0,0.0,0.0,30.5,None,None,0.0,0,0.0,1.21158454126e+11,1.07313540936e+11
2014-12-30,'000562,宏源证券,0.0,0.0,0.0,0.0,30.5,None,None,0.0,0,0.0,1.21158454126e+11,1.07313540936e+11
2014-12-29,'000562,宏源证券,0.0,0.0,0.0,0.0,30.5,None,None,0.0,0,0.0,1.21158454126e+11,1.07313540936e+11
2014-12-26,'000562,宏源证券,0.0,0.0,0.0,0.0,30.5,None,None,0.0,0,0.0,1.21158454126e+11,1.07313540936e+11
2014-12-25,'000562,宏源证券,0.0,0.0,0.0,0.0,30.5,None,None,0.0,0,0.0,1.21158454126e+11,1.07313540936e+11
2014-12-24,'000562,宏源证券,0.0,0.0,0.0,0.0,30.5,None,None,0.0,0,0.0,1.21158454126e+11,1.07313540936e+11
2014-12-23,'000562,宏源证券,0.0,0.0,0.0,0.0,30.5,None,None,0.0,0,0.0,1.21158454126e+11,1.07313540936e+11
2014-12-22,'000562,宏源证券,0.0,0.0,0.0,0.0,30.5,None,None,0.0,0,0.0,1.21158454126e+11,1.07313540936e+11
2014-12-19,'000562,宏源证券,0.0,0.0,0.0,0.0,30.5,None,None,0.0,0,0.0,1.21158454126e+11,1.07313540936e+11
2014-12-18,'000562,宏源证券,0.0,0.0,0.0,0.0,30.5,None,None,0.0,0,0.0,1.21158454126e+11,1.07313540936e+11
2014-12-17,'000562,宏源证券,0.0,0.0,0.0,0.0,30.5,None,None,0.0,0,0.0,1.21158454126e+11,1.07313540936e+11
2014-12-16,'000562,宏源证券,0.0,0.0,0.0,0.0,30.5,None,None,0.0,0,0.0,1.21158454126e+11,1.07313540936e+11
2014-12-15,'000562,宏源证券,0.0,0.0,0.0,0.0,30.5,None,None,0.0,0,0.0,1.21158454126e+11,1.07313540936e+11
2014-12-12,'000562,宏源证券,0.0,0.0,0.0,0.0,30.5,None,None,0.0,0,0.0,1.21158454126e+11,1.07313540936e+11
2014-12-11,'000562,宏源证券,0.0,0.0,0.0,0.0,30.5,None,None,0.0,0,0.0,1.21158454126e+11,1.07313540936e+11
2014-12-10,'000562,宏源证券,0.0,0.0,0.0,0.0,30.5,None,None,0.0,0,0.0,1.21158454126e+11,1.07313540936e+11
2014-12-09,'000562,宏源证券,30.5,30.86,28.5,30.0,28.05,2.45,8.7344,8.0798,284286800,8706329793.03,1.21158454126e+11,1.07313540936e+11
2014-12-08,'000562,宏源证券,28.05,28.05,26.23,27.67,25.5,2.55,10.0,4.5796,161131449,4434068885.49,1.11426053713e+11,98693272893.6
2014-12-05,'000562,宏源证券,25.5,25.5,24.44,25.5,23.18,2.32,10.0086,4.7943,168685241,4282993895.04,1.01296412466e+11,89721157176.0
2014-12-04,'000562,宏源证券,23.18,23.18,21.32,21.53,21.07,2.11,10.0142,4.5862,161363747,3625385258.0,92080425135.8,81558291111.4
2014-12-03,'000562,宏源证券,21.07,21.07,20.71,21.07,19.15,1.92,10.0261,5.2395,184351548,3882075453.1,83698643555.2,74134305164.6
2014-12-02,'000562,宏源证券,19.15,19.15,17.5,17.6,17.41,1.74,9.9943,3.7925,133438469,2484064437.89,76071619557.8,67378829800.8
2014-12-01,'000562,宏源证券,17.41,18.2,17.27,17.58,17.56,-0.15,-0.8542,3.2662,114920335,2030972494.12,69159629060.1,61256680252.3
2014-11-28,'000562,宏源证券,17.56,17.87,17.23,17.68,17.79,-0.23,-1.2929,3.9079,137499765,2414605261.55,69755490309.9,61784451765.1
2014-11-27,'000562,宏源证券,17.79,17.95,16.8,17.32,17.15,0.64,3.7318,5.3392,187858318,3265784161.97,70669144226.3,62593701418.1
2014-11-26,'000562,宏源证券,17.15,17.58,16.78,16.82,16.65,0.5,3.003,4.3805,154127081,2643191913.11,68126802893.8,60341876296.8
2014-11-25,'000562,宏源证券,16.65,17.15,16.24,16.46,16.57,0.08,0.4828,3.7511,131980248,2203619850.05,66140598727.8,58582637920.8
2014-11-24,'000562,宏源证券,16.57,16.99,15.8,16.11,15.77,0.8,5.0729,5.9941,210901566,3490308066.54,65822806061.2,58301159780.6
2014-11-21,'000562,宏源证券,15.77,15.95,14.86,14.95,14.95,0.82,5.4849,3.7075,130447337,2017669761.34,62644879395.6,55486378379.0
2014-11-20,'000562,宏源证券,14.95,15.14,14.72,14.8,14.84,0.11,0.7412,1.2732,44798528,670615413.07,59387504563.4,52601227442.4
2014-11-19,'000562,宏源证券,14.84,15.22,14.71,14.71,14.71,0.13,0.8838,1.9438,68391123,1023298778.47,58950539646.9,52214194999.7
2014-11-18,'000562,宏源证券,14.71,15.18,14.63,15.05,15.13,-0.42,-2.7759,1.9992,70343045,1043367387.95,58434126563.7,51756793021.9
2014-11-17,'000562,宏源证券,15.13,15.69,15.02,15.53,15.48,-0.35,-2.261,2.2868,80460209,1231633255.48,60102538063.2,53234553257.8
2014-11-14,'000562,宏源证券,15.48,15.85,15.35,15.61,16.02,-0.54,-3.3708,3.2116,112998887,1757276232.52,61492880979.4,54466020121.0
2014-11-13,'000562,宏源证券,16.02,16.35,15.11,15.26,15.25,0.77,5.0492,6.007,211354072,3367840478.41,63637981478.6,56365997567.0
2014-11-12,'000562,宏源证券,15.25,15.28,14.54,14.8,14.89,0.36,2.4177,2.3563,82904363,1237836825.12,60579227063.0,53656770468.0
2014-11-11,'000562,宏源证券,14.89,15.75,14.5,15.24,15.08,-0.19,-1.2599,4.0461,142359504,2162517566.21,59149160063.5,52390118837.3
2014-11-10,'000562,宏源证券,15.08,15.32,14.68,15.23,14.81,0.27,1.8231,3.4725,122177885,1832569725.62,59903917646.6,53058629420.2
2014-11-07,'000562,宏源证券,14.81,15.62,14.57,14.65,14.59,0.22,1.5079,4.2764,150462435,2267945714.26,58831367396.9,52108640697.1
2014-11-06,'000562,宏源证券,14.59,14.89,14.37,14.89,14.96,-0.37,-2.4733,2.4966,87843342,1284154957.94,57957437563.9,51334575811.7
2014-11-05,'000562,宏源证券,14.96,15.5,14.35,15.0,14.15,0.81,5.7244,5.0534,177802894,2660830605.37,59427228646.7,52636412209.9
2014-11-04,'000562,宏源证券,0.0,0.0,0.0,0.0,14.15,None,None,0.0,0,0.0,56209577897.8,49786446040.8
2014-11-03,'000562,宏源证券,0.0,0.0,0.0,0.0,14.15,None,None,0.0,0,0.0,56209577897.8,49786446040.8
2014-10-31,'000562,宏源证券,0.0,0.0,0.0,0.0,14.15,None,None,0.0,0,0.0,56209577897.8,49786446040.8
2014-10-30,'000562,宏源证券,0.0,0.0,0.0,0.0,14.15,None,None,0.0,0,0.0,56209577897.8,49786446040.8
2014-10-29,'000562,宏源证券,14.15,14.48,13.45,13.65,13.56,0.59,4.351,4.0181,141377000,1982604802.46,56209577897.8,49786446040.8
2014-10-28,'000562,宏源证券,13.56,13.56,12.8,12.8,12.71,0.85,6.6876,1.8831,66255638,874307271.38,53865856981.9,47710544757.1
2014-10-27,'000562,宏源证券,12.71,13.03,12.65,13.03,13.24,-0.53,-4.003,1.6812,59151932,758118079.07,50489309899.7,44719839517.9
2014-10-24,'000562,宏源证券,13.24,13.38,13.18,13.27,13.21,0.03,0.2271,0.8505,29924016,396993862.35,52594686315.7,46584632196.5
2014-10-23,'000562,宏源证券,13.21,13.48,13.11,13.14,13.17,0.04,0.3037,1.3705,48220673,640656061.26,52475514065.7,46479077893.9
2014-10-22,'000562,宏源证券,13.17,13.66,13.15,13.44,13.52,-0.35,-2.5888,1.7773,62534105,837534994.19,52316617732.4,46338338823.8
2014-10-21,'000562,宏源证券,13.52,14.01,13.51,13.74,13.77,-0.25,-1.8155,1.8081,63617599,876593363.56,53706960648.6,47569805687.0
2014-10-20,'000562,宏源证券,13.77,13.84,13.53,13.75,13.75,0.02,0.1455,1.5154,53317665,730725354.51,54700062731.6,48449424875.0
2014-10-17,'000562,宏源证券,13.75,13.93,13.16,13.7,13.71,0.04,0.2918,2.7122,95427426,1300750548.6,54620614565.0,48379055340.0
2014-10-16,'000562,宏源证券,13.71,14.07,13.69,13.95,14.08,-0.37,-2.6278,2.9022,102113085,1416807565.56,54461718231.7,48238316269.9
2014-10-15,'000562,宏源证券,14.08,14.32,13.2,13.33,13.26,0.82,6.184,4.2735,150362724,2067143286.92,55931509314.6,49540152668.2
2014-10-14,'000562,宏源证券,13.26,13.52,12.83,12.87,12.83,0.43,3.3515,3.9258,138128668,1837018572.98,52674134482.3,46655001731.5
2014-10-13,'000562,宏源证券,12.83,12.88,12.57,12.81,12.95,-0.12,-0.9266,1.917,67449292,860324040.98,50965998899.6,45142056728.2
2014-10-10,'000562,宏源证券,12.95,13.18,12.25,12.3,12.36,0.59,4.7735,4.5152,158865414,2044852750.59,51442687899.4,45564273938.4
2014-10-09,'000562,宏源证券,12.36,12.38,12.13,12.19,12.17,0.19,1.5612,1.8101,63686729,781221353.56,49098966983.5,43488372654.7
2014-10-08,'000562,宏源证券,12.17,12.22,12.11,12.17,12.15,0.02,0.1646,0.9507,33449513,406829255.3,48344209400.4,42819862071.8
2014-09-30,'000562,宏源证券,12.15,12.25,12.12,12.24,12.18,-0.03,-0.2463,0.9081,31952818,388742732.48,48264761233.8,42749492536.8
2014-09-29,'000562,宏源证券,12.18,12.28,12.12,12.19,12.06,0.12,0.995,1.3283,46737653,569963214.12,48383933483.8,42855046839.4
2014-09-26,'000562,宏源证券,12.06,12.17,11.99,12.03,12.11,-0.05,-0.4129,1.0261,36102979,435522279.42,47907244483.9,42432829629.1
2014-09-25,'000562,宏源证券,12.11,12.41,12.05,12.36,12.35,-0.24,-1.9433,2.0915,73590325,900422842.69,48105864900.5,42608753466.7
2014-09-24,'000562,宏源证券,12.35,12.44,11.86,11.88,11.91,0.44,3.6944,3.2688,115010230,1407391516.68,49059242900.2,43453187887.2
2014-09-23,'000562,宏源证券,11.91,11.99,11.72,11.78,11.78,0.13,1.1036,0.924,32509002,386167322.99,47311383234.1,41905058116.3
2014-09-22,'000562,宏源证券,11.78,11.9,11.76,11.82,11.83,-0.05,-0.4227,0.793,27901160,329909341.18,46794970151.0,41447656138.6
2014-09-19,'000562,宏源证券,11.83,11.88,11.72,11.73,11.78,0.05,0.4244,0.8941,31459081,371796265.95,46993590567.6,41623579976.2
2014-09-18,'000562,宏源证券,11.78,11.94,11.67,11.72,11.74,0.04,0.3407,1.0435,36714292,433442509.14,46794970151.0,41447656138.6
2014-09-17,'000562,宏源证券,11.74,11.84,11.63,11.81,11.72,0.02,0.1706,1.0605,37315061,438165216.37,46636073817.7,41306917068.5
2014-09-16,'000562,宏源证券,11.72,12.24,11.7,12.08,12.06,-0.34,-2.8192,1.6969,59705760,717705003.62,46556625651.0,41236547533.4
2014-09-15,'000562,宏源证券,12.06,12.13,12.0,12.13,12.14,-0.08,-0.659,1.1807,41543800,500726339.27,47907244483.9,42432829629.1
2014-09-12,'000562,宏源证券,12.14,12.18,12.02,12.07,12.1,0.04,0.3306,0.9944,34986321,423179880.95,48225037150.5,42714307769.3
2014-09-11,'000562,宏源证券,12.1,12.35,12.07,12.1,12.15,-0.05,-0.4115,2.1,73887218,902034064.87,48066140817.2,42573568699.2
2014-09-10,'000562,宏源证券,12.15,12.21,11.96,12.05,12.09,0.06,0.4963,1.1166,39286147,474763503.1,48264761233.8,42749492536.8
2014-09-09,'000562,宏源证券,12.09,12.28,12.06,12.28,12.26,-0.17,-1.3866,1.3794,48535480,588281645.41,48026416733.9,42538383931.7
2014-09-05,'000562,宏源证券,12.26,12.45,12.18,12.34,12.27,-0.01,-0.0815,1.7401,61223500,752830702.43,48701726150.3,43136524979.5
2014-09-04,'000562,宏源证券,12.27,12.38,12.14,12.23,12.19,0.08,0.6563,1.8635,65565912,803585083.35,48741450233.6,43171709747.0
2014-09-03,'000562,宏源证券,12.19,12.4,12.15,12.37,12.41,-0.22,-1.7728,2.6346,92699369,1137049947.48,48423657567.1,42890231606.9
2014-09-02,'000562,宏源证券,12.41,12.42,11.62,11.68,11.65,0.76,6.5236,4.1768,146958472,1782641187.03,49297587400.1,43664296492.3
2014-09-01,'000562,宏源证券,11.65,11.7,11.58,11.68,11.66,-0.01,-0.0858,0.8847,31126846,362334086.94,46278557067.8,40990254160.8
2014-08-29,'000562,宏源证券,11.66,11.68,11.52,11.55,11.56,0.1,0.8651,0.8109,28532600,330766672.68,46318281151.1,41025438928.3
2014-08-28,'000562,宏源证券,11.56,11.73,11.55,11.61,11.63,-0.07,-0.6019,0.903,31772594,369076152.13,45921040317.9,40673591253.1
2014-08-27,'000562,宏源证券,11.63,11.78,11.6,11.66,11.71,-0.08,-0.6832,1.0238,36022603,420151963.35,46199108901.2,40919884625.8
2014-08-26,'000562,宏源证券,11.71,11.85,11.55,11.79,11.78,-0.07,-0.5942,1.2646,44493079,520098620.84,46516901567.7,41201362765.9
2014-08-25,'000562,宏源证券,11.78,11.96,11.71,11.88,11.86,-0.08,-0.6745,1.3993,49233825,582470083.52,46794970151.0,41447656138.6
2014-08-22,'000562,宏源证券,11.86,11.87,11.67,11.73,11.7,0.16,1.3675,1.3768,48441303,570662978.3,47112762817.5,41729134278.7
2014-08-21,'000562,宏源证券,11.7,11.99,11.68,11.95,11.94,-0.24,-2.0101,2.1562,75864502,893396889.93,46477177484.4,41166177998.4
2014-08-20,'000562,宏源证券,11.94,12.12,11.81,11.87,11.89,0.05,0.4205,1.8307,64413031,772937378.81,47430555484.1,42010612418.9
2014-08-19,'000562,宏源证券,11.89,12.07,11.79,12.06,12.06,-0.17,-1.4096,1.9284,67849252,807553135.03,47231935067.5,41834688581.3
2014-08-18,'000562,宏源证券,12.06,12.17,11.93,12.11,12.09,-0.03,-0.2481,1.8753,65981311,793520703.2,47907244483.9,42432829629.1
2014-08-15,'000562,宏源证券,12.09,12.2,11.72,11.95,11.92,0.17,1.4262,2.1455,75489730,908006575.58,48026416733.9,42538383931.7
2014-08-14,'000562,宏源证券,11.92,12.22,11.9,12.0,12.05,-0.13,-1.0788,1.9379,68186094,822973076.02,47351107317.4,41940242883.8
2014-08-13,'000562,宏源证券,12.05,12.29,11.9,12.1,12.2,-0.15,-1.2295,2.7535,96881145,1169861818.1,47867520400.6,42397644861.6
2014-08-12,'000562,宏源证券,12.2,12.63,12.02,12.63,12.55,-0.35,-2.7888,4.1539,146154764,1789958989.45,48463381650.4,42925416374.4
2014-08-11,'000562,宏源证券,12.55,12.75,12.28,12.62,12.65,-0.1,-0.7905,2.951,103831465,1302048095.8,49853724566.6,44156883237.6
2014-08-08,'000562,宏源证券,12.65,12.93,12.53,12.74,12.57,0.08,0.6364,3.0477,107231889,1358720142.61,50250965399.8,44508730912.8
2014-08-07,'000562,宏源证券,12.57,13.05,12.53,12.72,12.83,-0.26,-2.0265,4.6462,163477018,2089843216.79,49933172733.2,44227252772.6
2014-08-06,'000562,宏源证券,12.83,13.1,11.81,11.85,11.96,0.87,7.2742,6.3657,223976050,2780806387.25,50965998899.6,45142056728.2
2014-08-05,'000562,宏源证券,11.96,11.96,11.54,11.7,11.74,0.22,1.8739,4.6342,163052219,1916510287.26,47510003650.7,42080981953.9
2014-08-04,'000562,宏源证券,11.74,11.85,11.43,11.77,11.63,0.11,0.9458,5.0756,178582948,2082899172.13,46636073817.7,41306917068.5
2014-08-01,'000562,宏源证券,11.63,12.0,11.4,11.45,11.57,0.06,0.5186,6.4884,228294475,2668772622.38,46199108901.2,40919884625.8
2014-07-31,'000562,宏源证券,11.57,11.85,11.02,11.35,10.8,0.77,7.1296,9.8803,347636783,3973950681.77,45960764401.2,40708776020.6
2014-07-30,'000562,宏源证券,10.8,10.8,10.8,10.8,9.82,0.98,9.9796,1.9759,69523253,750851132.4,42902009985.6,37999548921.6
2014-07-29,'000562,宏源证券,9.82,9.82,9.82,9.82,8.93,0.89,9.9664,0.146,5138660,50461641.2,39009049820.2,34551441704.6
2014-07-28,'000562,宏源证券,8.93,8.93,8.93,8.93,8.12,0.81,9.9754,0.0964,3392523,30295230.39,35473606404.8,31419997395.4
2014-07-25,'000562,宏源证券,0.0,0.0,0.0,0.0,8.12,None,None,0.0,0,0.0,32255955655.8,28570031226.2
2014-07-24,'000562,宏源证券,0.0,0.0,0.0,0.0,8.12,None,None,0.0,0,0.0,32255955655.8,28570031226.2
2014-07-23,'000562,宏源证券,0.0,0.0,0.0,0.0,8.12,None,None,0.0,0,0.0,32255955655.8,28570031226.2
2014-07-22,'000562,宏源证券,0.0,0.0,0.0,0.0,8.12,None,None,0.0,0,0.0,32255955655.8,28570031226.2
2014-07-21,'000562,宏源证券,0.0,0.0,0.0,0.0,8.12,None,None,0.0,0,0.0,32255955655.8,28570031226.2
2014-07-18,'000562,宏源证券,0.0,0.0,0.0,0.0,8.12,None,None,0.0,0,0.0,32255955655.8,28570031226.2
2014-07-17,'000562,宏源证券,0.0,0.0,0.0,0.0,8.12,None,None,0.0,0,0.0,32255955655.8,28570031226.2
2014-07-16,'000562,宏源证券,0.0,0.0,0.0,0.0,8.22,None,None,0.0,0,0.0,32653196489.0,28921878901.4
2014-07-15,'000562,宏源证券,0.0,0.0,0.0,0.0,8.22,None,None,0.0,0,0.0,32653196489.0,28921878901.4
2014-07-14,'000562,宏源证券,0.0,0.0,0.0,0.0,8.22,None,None,0.0,0,0.0,32653196489.0,28921878901.4
2014-07-11,'000562,宏源证券,0.0,0.0,0.0,0.0,8.22,None,None,0.0,0,0.0,32653196489.0,28921878901.4
2014-07-10,'000562,宏源证券,0.0,0.0,0.0,0.0,8.22,None,None,0.0,0,0.0,32653196489.0,28921878901.4
2014-07-09,'000562,宏源证券,0.0,0.0,0.0,0.0,8.22,None,None,0.0,0,0.0,32653196489.0,28921878901.4
2014-07-08,'000562,宏源证券,0.0,0.0,0.0,0.0,8.22,None,None,0.0,0,0.0,32653196489.0,28921878901.4
2014-07-07,'000562,宏源证券,0.0,0.0,0.0,0.0,8.22,None,None,0.0,0,0.0,32653196489.0,28921878901.4
2014-07-04,'000562,宏源证券,0.0,0.0,0.0,0.0,8.22,None,None,0.0,0,0.0,32653196489.0,28921878901.4
2014-07-03,'000562,宏源证券,0.0,0.0,0.0,0.0,8.22,None,None,0.0,0,0.0,32653196489.0,28921878901.4
2014-07-02,'000562,宏源证券,0.0,0.0,0.0,0.0,8.22,None,None,0.0,0,0.0,32653196489.0,28921878901.4
2014-07-01,'000562,宏源证券,0.0,0.0,0.0,0.0,8.22,None,None,0.0,0,0.0,32653196489.0,28921878901.4
2014-06-30,'000562,宏源证券,0.0,0.0,0.0,0.0,8.22,None,None,0.0,0,0.0,32653196489.0,28921878901.4
2014-06-27,'000562,宏源证券,0.0,0.0,0.0,0.0,8.22,None,None,0.0,0,0.0,32653196489.0,28921878901.4
2014-06-26,'000562,宏源证券,0.0,0.0,0.0,0.0,8.22,None,None,0.0,0,0.0,32653196489.0,28921878901.4
2014-06-25,'000562,宏源证券,0.0,0.0,0.0,0.0,8.22,None,None,0.0,0,0.0,32653196489.0,28921878901.4
2014-06-24,'000562,宏源证券,0.0,0.0,0.0,0.0,8.22,None,None,0.0,0,0.0,32653196489.0,28921878901.4
2014-06-23,'000562,宏源证券,0.0,0.0,0.0,0.0,8.22,None,None,0.0,0,0.0,32653196489.0,28921878901.4
2014-06-20,'000562,宏源证券,0.0,0.0,0.0,0.0,8.22,None,None,0.0,0,0.0,32653196489.0,28921878901.4
2014-06-19,'000562,宏源证券,0.0,0.0,0.0,0.0,8.22,None,None,0.0,0,0.0,32653196489.0,28921878901.4
2014-06-18,'000562,宏源证券,0.0,0.0,0.0,0.0,8.22,None,None,0.0,0,0.0,32653196489.0,28921878901.4
2014-06-17,'000562,宏源证券,0.0,0.0,0.0,0.0,8.22,None,None,0.0,0,0.0,32653196489.0,28921878901.4
2014-06-16,'000562,宏源证券,0.0,0.0,0.0,0.0,8.22,None,None,0.0,0,0.0,32653196489.0,28921878901.4
2014-06-13,'000562,宏源证券,0.0,0.0,0.0,0.0,8.22,None,None,0.0,0,0.0,32653196489.0,28921878901.4
2014-06-12,'000562,宏源证券,0.0,0.0,0.0,0.0,8.22,None,None,0.0,0,0.0,32653196489.0,28921878901.4
2014-06-11,'000562,宏源证券,0.0,0.0,0.0,0.0,8.22,None,None,0.0,0,0.0,32653196489.0,28921878901.4
2014-06-10,'000562,宏源证券,0.0,0.0,0.0,0.0,8.22,None,None,0.0,0,0.0,32653196489.0,28921878901.4
2014-06-09,'000562,宏源证券,0.0,0.0,0.0,0.0,8.22,None,None,0.0,0,0.0,32653196489.0,28921878901.4
2014-06-06,'000562,宏源证券,0.0,0.0,0.0,0.0,8.22,None,None,0.0,0,0.0,32653196489.0,28921878901.4
2014-06-05,'000562,宏源证券,0.0,0.0,0.0,0.0,8.22,None,None,0.0,0,0.0,32653196489.0,28921878901.4
2014-06-04,'000562,宏源证券,0.0,0.0,0.0,0.0,8.22,None,None,0.0,0,0.0,32653196489.0,28921878901.4
2014-06-03,'000562,宏源证券,0.0,0.0,0.0,0.0,8.22,None,None,0.0,0,0.0,32653196489.0,28921878901.4
2014-05-30,'000562,宏源证券,0.0,0.0,0.0,0.0,8.22,None,None,0.0,0,0.0,32653196489.0,28921878901.4
2014-05-29,'000562,宏源证券,0.0,0.0,0.0,0.0,8.22,None,None,0.0,0,0.0,32653196489.0,28921878901.4
2014-05-28,'000562,宏源证券,0.0,0.0,0.0,0.0,8.22,None,None,0.0,0,0.0,32653196489.0,28921878901.4
2014-05-27,'000562,宏源证券,0.0,0.0,0.0,0.0,8.22,None,None,0.0,0,0.0,32653196489.0,28921878901.4
2014-05-26,'000562,宏源证券,0.0,0.0,0.0,0.0,8.22,None,None,0.0,0,0.0,32653196489.0,28921878901.4
2014-05-23,'000562,宏源证券,0.0,0.0,0.0,0.0,8.22,None,None,0.0,0,0.0,32653196489.0,28921878901.4
2014-05-22,'000562,宏源证券,0.0,0.0,0.0,0.0,8.22,None,None,0.0,0,0.0,32653196489.0,28921878901.4
2014-05-21,'000562,宏源证券,0.0,0.0,0.0,0.0,8.22,None,None,0.0,0,0.0,32653196489.0,28921878901.4
2014-05-20,'000562,宏源证券,0.0,0.0,0.0,0.0,8.22,None,None,0.0,0,0.0,32653196489.0,28921878901.4
2014-05-19,'000562,宏源证券,0.0,0.0,0.0,0.0,8.22,None,None,0.0,0,0.0,32653196489.0,28921878901.4
2014-05-16,'000562,宏源证券,0.0,0.0,0.0,0.0,8.22,None,None,0.0,0,0.0,32653196489.0,28921878901.4
2014-05-15,'000562,宏源证券,0.0,0.0,0.0,0.0,8.22,None,None,0.0,0,0.0,32653196489.0,28921878901.4
2014-05-14,'000562,宏源证券,0.0,0.0,0.0,0.0,8.22,None,None,0.0,0,0.0,32653196489.0,28921878901.4
2014-05-13,'000562,宏源证券,0.0,0.0,0.0,0.0,8.22,None,None,0.0,0,0.0,32653196489.0,28921878901.4
2014-05-12,'000562,宏源证券,0.0,0.0,0.0,0.0,8.22,None,None,0.0,0,0.0,32653196489.0,28921878901.4
2014-05-09,'000562,宏源证券,0.0,0.0,0.0,0.0,8.22,None,None,0.0,0,0.0,32653196489.0,28921878901.4
2014-05-08,'000562,宏源证券,0.0,0.0,0.0,0.0,8.22,None,None,0.0,0,0.0,32653196489.0,28921878901.4
2014-05-07,'000562,宏源证券,0.0,0.0,0.0,0.0,8.22,None,None,0.0,0,0.0,32653196489.0,28921878901.4
2014-05-06,'000562,宏源证券,0.0,0.0,0.0,0.0,8.22,None,None,0.0,0,0.0,32653196489.0,28921878901.4
2014-05-05,'000562,宏源证券,0.0,0.0,0.0,0.0,8.22,None,None,0.0,0,0.0,32653196489.0,28921878901.4
2014-04-30,'000562,宏源证券,0.0,0.0,0.0,0.0,8.22,None,None,0.0,0,0.0,32653196489.0,28921878901.4
2014-04-29,'000562,宏源证券,0.0,0.0,0.0,0.0,8.22,None,None,0.0,0,0.0,32653196489.0,28921878901.4
2014-04-28,'000562,宏源证券,0.0,0.0,0.0,0.0,8.22,None,None,0.0,0,0.0,32653196489.0,28921878901.4
2014-04-25,'000562,宏源证券,0.0,0.0,0.0,0.0,8.22,None,None,0.0,0,0.0,32653196489.0,28921878901.4
2014-04-24,'000562,宏源证券,0.0,0.0,0.0,0.0,8.22,None,None,0.0,0,0.0,32653196489.0,28921878901.4
2014-04-23,'000562,宏源证券,0.0,0.0,0.0,0.0,8.22,None,None,0.0,0,0.0,32653196489.0,28921878901.4
2014-04-22,'000562,宏源证券,0.0,0.0,0.0,0.0,8.22,None,None,0.0,0,0.0,32653196489.0,28921878901.4
2014-04-21,'000562,宏源证券,0.0,0.0,0.0,0.0,8.22,None,None,0.0,0,0.0,32653196489.0,28921878901.4
2014-04-18,'000562,宏源证券,0.0,0.0,0.0,0.0,8.22,None,None,0.0,0,0.0,32653196489.0,28921878901.4
2014-04-17,'000562,宏源证券,0.0,0.0,0.0,0.0,8.22,None,None,0.0,0,0.0,32653196489.0,28921878901.4
2014-04-16,'000562,宏源证券,0.0,0.0,0.0,0.0,8.22,None,None,0.0,0,0.0,32653196489.0,28921878901.4
2014-04-15,'000562,宏源证券,0.0,0.0,0.0,0.0,8.22,None,None,0.0,0,0.0,32653196489.0,28921878901.4
2014-04-14,'000562,宏源证券,0.0,0.0,0.0,0.0,8.22,None,None,0.0,0,0.0,32653196489.0,28921878901.4
2014-04-11,'000562,宏源证券,0.0,0.0,0.0,0.0,8.22,None,None,0.0,0,0.0,32653196489.0,28921878901.4
2014-04-10,'000562,宏源证券,0.0,0.0,0.0,0.0,8.22,None,None,0.0,0,0.0,32653196489.0,28921878901.4
2014-04-09,'000562,宏源证券,0.0,0.0,0.0,0.0,8.22,None,None,0.0,0,0.0,32653196489.0,28921878901.4
2014-04-08,'000562,宏源证券,0.0,0.0,0.0,0.0,8.22,None,None,0.0,0,0.0,32653196489.0,28921878901.4
2014-04-04,'000562,宏源证券,0.0,0.0,0.0,0.0,8.22,None,None,0.0,0,0.0,32653196489.0,28921878901.4
2014-04-03,'000562,宏源证券,0.0,0.0,0.0,0.0,8.22,None,None,0.0,0,0.0,32653196489.0,28921878901.4
2014-04-02,'000562,宏源证券,0.0,0.0,0.0,0.0,8.22,None,None,0.0,0,0.0,32653196489.0,28921878901.4
2014-04-01,'000562,宏源证券,0.0,0.0,0.0,0.0,8.22,None,None,0.0,0,0.0,32653196489.0,28921878901.4
2014-03-31,'000562,宏源证券,0.0,0.0,0.0,0.0,8.22,None,None,0.0,0,0.0,32653196489.0,28921878901.4
2014-03-28,'000562,宏源证券,0.0,0.0,0.0,0.0,8.22,None,None,0.0,0,0.0,32653196489.0,28921878901.4
2014-03-27,'000562,宏源证券,0.0,0.0,0.0,0.0,8.22,None,None,0.0,0,0.0,32653196489.0,28921878901.4
2014-03-26,'000562,宏源证券,0.0,0.0,0.0,0.0,8.22,None,None,0.0,0,0.0,32653196489.0,28921878901.4
2014-03-25,'000562,宏源证券,0.0,0.0,0.0,0.0,8.22,None,None,0.0,0,0.0,32653196489.0,28921878901.4
2014-03-24,'000562,宏源证券,0.0,0.0,0.0,0.0,8.22,None,None,0.0,0,0.0,32653196489.0,28921878901.4
2014-03-21,'000562,宏源证券,0.0,0.0,0.0,0.0,8.22,None,None,0.0,0,0.0,32653196489.0,28921878901.4
2014-03-20,'000562,宏源证券,0.0,0.0,0.0,0.0,8.22,None,None,0.0,0,0.0,32653196489.0,28921878901.4
2014-03-19,'000562,宏源证券,0.0,0.0,0.0,0.0,8.22,None,None,0.0,0,0.0,32653196489.0,28921878901.4
2014-03-18,'000562,宏源证券,0.0,0.0,0.0,0.0,8.22,None,None,0.0,0,0.0,32653196489.0,28921878901.4
2014-03-17,'000562,宏源证券,0.0,0.0,0.0,0.0,8.22,None,None,0.0,0,0.0,32653196489.0,28921878901.4
2014-03-14,'000562,宏源证券,0.0,0.0,0.0,0.0,8.22,None,None,0.0,0,0.0,32653196489.0,28921878901.4
2014-03-13,'000562,宏源证券,0.0,0.0,0.0,0.0,8.22,None,None,0.0,0,0.0,32653196489.0,28921878901.4
2014-03-12,'000562,宏源证券,0.0,0.0,0.0,0.0,8.22,None,None,0.0,0,0.0,32653196489.0,28921878901.4
2014-03-11,'000562,宏源证券,0.0,0.0,0.0,0.0,8.22,None,None,0.0,0,0.0,32653196489.0,28921878901.4
2014-03-10,'000562,宏源证券,0.0,0.0,0.0,0.0,8.22,None,None,0.0,0,0.0,32653196489.0,28921878901.4
2014-03-07,'000562,宏源证券,0.0,0.0,0.0,0.0,8.22,None,None,0.0,0,0.0,32653196489.0,28921878901.4
2014-03-06,'000562,宏源证券,0.0,0.0,0.0,0.0,8.22,None,None,0.0,0,0.0,32653196489.0,28921878901.4
2014-03-05,'000562,宏源证券,0.0,0.0,0.0,0.0,8.22,None,None,0.0,0,0.0,32653196489.0,28921878901.4
2014-03-04,'000562,宏源证券,0.0,0.0,0.0,0.0,8.22,None,None,0.0,0,0.0,32653196489.0,28921878901.4
2014-03-03,'000562,宏源证券,0.0,0.0,0.0,0.0,8.22,None,None,0.0,0,0.0,32653196489.0,28921878901.4
2014-02-28,'000562,宏源证券,0.0,0.0,0.0,0.0,8.22,None,None,0.0,0,0.0,32653196489.0,28921878901.4
2014-02-27,'000562,宏源证券,0.0,0.0,0.0,0.0,8.22,None,None,0.0,0,0.0,32653196489.0,28921878901.4
2014-02-26,'000562,宏源证券,0.0,0.0,0.0,0.0,8.22,None,None,0.0,0,0.0,32653196489.0,28921878901.4
2014-02-25,'000562,宏源证券,0.0,0.0,0.0,0.0,8.22,None,None,0.0,0,0.0,32653196489.0,28921878901.4
2014-02-24,'000562,宏源证券,0.0,0.0,0.0,0.0,8.22,None,None,0.0,0,0.0,32653196489.0,28921878901.4
2014-02-21,'000562,宏源证券,0.0,0.0,0.0,0.0,8.22,None,None,0.0,0,0.0,32653196489.0,28921878901.4
2014-02-20,'000562,宏源证券,0.0,0.0,0.0,0.0,8.22,None,None,0.0,0,0.0,32653196489.0,28921878901.4
2014-02-19,'000562,宏源证券,0.0,0.0,0.0,0.0,8.22,None,None,0.0,0,0.0,32653196489.0,28921878901.4
2014-02-18,'000562,宏源证券,0.0,0.0,0.0,0.0,8.22,None,None,0.0,0,0.0,32653196489.0,28921878901.4
2014-02-17,'000562,宏源证券,0.0,0.0,0.0,0.0,8.22,None,None,0.0,0,0.0,32653196489.0,28921878901.4
2014-02-14,'000562,宏源证券,0.0,0.0,0.0,0.0,8.22,None,None,0.0,0,0.0,32653196489.0,28921878901.4
2014-02-13,'000562,宏源证券,0.0,0.0,0.0,0.0,8.22,None,None,0.0,0,0.0,32653196489.0,28921878901.4
2014-02-12,'000562,宏源证券,0.0,0.0,0.0,0.0,8.22,None,None,0.0,0,0.0,32653196489.0,28921878901.4
2014-02-11,'000562,宏源证券,0.0,0.0,0.0,0.0,8.22,None,None,0.0,0,0.0,32653196489.0,28921878901.4
2014-02-10,'000562,宏源证券,0.0,0.0,0.0,0.0,8.22,None,None,0.0,0,0.0,32653196489.0,28921878901.4
2014-02-07,'000562,宏源证券,0.0,0.0,0.0,0.0,8.22,None,None,0.0,0,0.0,32653196489.0,28921878901.4
2014-01-30,'000562,宏源证券,0.0,0.0,0.0,0.0,8.22,None,None,0.0,0,0.0,32653196489.0,28921878901.4
2014-01-29,'000562,宏源证券,0.0,0.0,0.0,0.0,8.22,None,None,0.0,0,0.0,32653196489.0,28921878901.4
2014-01-28,'000562,宏源证券,0.0,0.0,0.0,0.0,8.22,None,None,0.0,0,0.0,32653196489.0,28921878901.4
2014-01-27,'000562,宏源证券,0.0,0.0,0.0,0.0,8.22,None,None,0.0,0,0.0,32653196489.0,28921878901.4
2014-01-24,'000562,宏源证券,0.0,0.0,0.0,0.0,8.22,None,None,0.0,0,0.0,32653196489.0,28921878901.4
2014-01-23,'000562,宏源证券,0.0,0.0,0.0,0.0,8.22,None,None,0.0,0,0.0,32653196489.0,28921878901.4
2014-01-22,'000562,宏源证券,0.0,0.0,0.0,0.0,8.22,None,None,0.0,0,0.0,32653196489.0,28921878901.4
2014-01-21,'000562,宏源证券,0.0,0.0,0.0,0.0,8.22,None,None,0.0,0,0.0,32653196489.0,28921878901.4
2014-01-20,'000562,宏源证券,0.0,0.0,0.0,0.0,8.22,None,None,0.0,0,0.0,32653196489.0,28921878901.4
2014-01-17,'000562,宏源证券,0.0,0.0,0.0,0.0,8.22,None,None,0.0,0,0.0,32653196489.0,28921878901.4
2014-01-16,'000562,宏源证券,0.0,0.0,0.0,0.0,8.22,None,None,0.0,0,0.0,32653196489.0,28921878901.4
2014-01-15,'000562,宏源证券,0.0,0.0,0.0,0.0,8.22,None,None,0.0,0,0.0,32653196489.0,28921878901.4
2014-01-14,'000562,宏源证券,0.0,0.0,0.0,0.0,8.22,None,None,0.0,0,0.0,32653196489.0,28921878901.4
2014-01-13,'000562,宏源证券,0.0,0.0,0.0,0.0,8.22,None,None,0.0,0,0.0,32653196489.0,28921878901.4
2014-01-10,'000562,宏源证券,0.0,0.0,0.0,0.0,8.22,None,None,0.0,0,0.0,32653196489.0,28921878901.4
2014-01-09,'000562,宏源证券,0.0,0.0,0.0,0.0,8.22,None,None,0.0,0,0.0,32653196489.0,28921878901.4
2014-01-08,'000562,宏源证券,0.0,0.0,0.0,0.0,8.22,None,None,0.0,0,0.0,32653196489.0,28921878901.4
2014-01-07,'000562,宏源证券,0.0,0.0,0.0,0.0,8.22,None,None,0.0,0,0.0,32653196489.0,28921878901.4
2014-01-06,'000562,宏源证券,0.0,0.0,0.0,0.0,8.22,None,None,0.0,0,0.0,32653196489.0,28921878901.4
2014-01-03,'000562,宏源证券,0.0,0.0,0.0,0.0,8.22,None,None,0.0,0,0.0,32653196489.0,28921878901.4
2014-01-02,'000562,宏源证券,0.0,0.0,0.0,0.0,8.22,None,None,0.0,0,0.0,32653196489.0,28921878901.4
2013-12-31,'000562,宏源证券,0.0,0.0,0.0,0.0,8.22,None,None,0.0,0,0.0,32653196489.0,28921878901.4
2013-12-30,'000562,宏源证券,0.0,0.0,0.0,0.0,8.22,None,None,0.0,0,0.0,32653196489.0,28921878901.4
2013-12-27,'000562,宏源证券,0.0,0.0,0.0,0.0,8.22,None,None,0.0,0,0.0,32653196489.0,28921878901.4
2013-12-26,'000562,宏源证券,0.0,0.0,0.0,0.0,8.22,None,None,0.0,0,0.0,32653196489.0,28921878901.4
2013-12-25,'000562,宏源证券,0.0,0.0,0.0,0.0,8.22,None,None,0.0,0,0.0,32653196489.0,28921878901.4
2013-12-24,'000562,宏源证券,0.0,0.0,0.0,0.0,8.22,None,None,0.0,0,0.0,32653196489.0,28921878901.4
2013-12-23,'000562,宏源证券,0.0,0.0,0.0,0.0,8.22,None,None,0.0,0,0.0,32653196489.0,28921878901.4
2013-12-20,'000562,宏源证券,0.0,0.0,0.0,0.0,8.22,None,None,0.0,0,0.0,32653196489.0,28921878901.4
2013-12-19,'000562,宏源证券,0.0,0.0,0.0,0.0,8.22,None,None,0.0,0,0.0,32653196489.0,28921878901.4
2013-12-18,'000562,宏源证券,0.0,0.0,0.0,0.0,8.22,None,None,0.0,0,0.0,32653196489.0,28921878901.4
2013-12-17,'000562,宏源证券,0.0,0.0,0.0,0.0,8.22,None,None,0.0,0,0.0,32653196489.0,28921878901.4
2013-12-16,'000562,宏源证券,0.0,0.0,0.0,0.0,8.22,None,None,0.0,0,0.0,32653196489.0,28921878901.4
2013-12-13,'000562,宏源证券,0.0,0.0,0.0,0.0,8.22,None,None,0.0,0,0.0,32653196489.0,28921878901.4
2013-12-12,'000562,宏源证券,0.0,0.0,0.0,0.0,8.22,None,None,0.0,0,0.0,32653196489.0,28921878901.4
2013-12-11,'000562,宏源证券,0.0,0.0,0.0,0.0,8.22,None,None,0.0,0,0.0,32653196489.0,28921878901.4
2013-12-10,'000562,宏源证券,0.0,0.0,0.0,0.0,8.22,None,None,0.0,0,0.0,32653196489.0,28921878901.4
2013-12-09,'000562,宏源证券,0.0,0.0,0.0,0.0,8.22,None,None,0.0,0,0.0,32653196489.0,28921878901.4
2013-12-06,'000562,宏源证券,0.0,0.0,0.0,0.0,8.22,None,None,0.0,0,0.0,32653196489.0,28921878901.4
2013-12-05,'000562,宏源证券,0.0,0.0,0.0,0.0,8.22,None,None,0.0,0,0.0,32653196489.0,28921878901.4
2013-12-04,'000562,宏源证券,0.0,0.0,0.0,0.0,8.22,None,None,0.0,0,0.0,32653196489.0,28921878901.4
2013-12-03,'000562,宏源证券,0.0,0.0,0.0,0.0,8.22,None,None,0.0,0,0.0,32653196489.0,28921878901.4
2013-12-02,'000562,宏源证券,0.0,0.0,0.0,0.0,8.22,None,None,0.0,0,0.0,32653196489.0,28921878901.4
2013-11-29,'000562,宏源证券,0.0,0.0,0.0,0.0,8.22,None,None,0.0,0,0.0,32653196489.0,28921878901.4
2013-11-28,'000562,宏源证券,0.0,0.0,0.0,0.0,8.22,None,None,0.0,0,0.0,32653196489.0,28921878901.4
2013-11-27,'000562,宏源证券,0.0,0.0,0.0,0.0,8.22,None,None,0.0,0,0.0,32653196489.0,28921878901.4
2013-11-26,'000562,宏源证券,0.0,0.0,0.0,0.0,8.22,None,None,0.0,0,0.0,32653196489.0,28921878901.4
2013-11-25,'000562,宏源证券,0.0,0.0,0.0,0.0,8.22,None,None,0.0,0,0.0,32653196489.0,28921878901.4
2013-11-22,'000562,宏源证券,0.0,0.0,0.0,0.0,8.22,None,None,0.0,0,0.0,32653196489.0,28921878901.4
2013-11-21,'000562,宏源证券,0.0,0.0,0.0,0.0,8.22,None,None,0.0,0,0.0,32653196489.0,28921878901.4
2013-11-20,'000562,宏源证券,0.0,0.0,0.0,0.0,8.22,None,None,0.0,0,0.0,32653196489.0,28921878901.4
2013-11-19,'000562,宏源证券,0.0,0.0,0.0,0.0,8.22,None,None,0.0,0,0.0,32653196489.0,28921878901.4
2013-11-18,'000562,宏源证券,0.0,0.0,0.0,0.0,8.22,None,None,0.0,0,0.0,32653196489.0,28921878901.4
2013-11-15,'000562,宏源证券,0.0,0.0,0.0,0.0,8.22,None,None,0.0,0,0.0,32653196489.0,28921878901.4
2013-11-14,'000562,宏源证券,0.0,0.0,0.0,0.0,8.22,None,None,0.0,0,0.0,32653196489.0,28921878901.4
2013-11-13,'000562,宏源证券,0.0,0.0,0.0,0.0,8.22,None,None,0.0,0,0.0,32653196489.0,28921878901.4
2013-11-12,'000562,宏源证券,0.0,0.0,0.0,0.0,8.22,None,None,0.0,0,0.0,32653196489.0,28921878901.4
2013-11-11,'000562,宏源证券,0.0,0.0,0.0,0.0,8.22,None,None,0.0,0,0.0,32653196489.0,28921878901.4
2013-11-08,'000562,宏源证券,0.0,0.0,0.0,0.0,8.22,None,None,0.0,0,0.0,32653196489.0,28921878901.4
2013-11-07,'000562,宏源证券,0.0,0.0,0.0,0.0,8.22,None,None,0.0,0,0.0,32653196489.0,28921878901.4
2013-11-06,'000562,宏源证券,0.0,0.0,0.0,0.0,8.22,None,None,0.0,0,0.0,32653196489.0,28921878901.4
2013-11-05,'000562,宏源证券,0.0,0.0,0.0,0.0,8.22,None,None,0.0,0,0.0,32653196489.0,28921878901.4
2013-11-04,'000562,宏源证券,0.0,0.0,0.0,0.0,8.22,None,None,0.0,0,0.0,32653196489.0,28921878901.4
2013-11-01,'000562,宏源证券,0.0,0.0,0.0,0.0,8.22,None,None,0.0,0,0.0,32653196489.0,28921878901.4
2013-10-31,'000562,宏源证券,0.0,0.0,0.0,0.0,8.22,None,None,0.0,0,0.0,32653196489.0,28921878901.4
2013-10-30,'000562,宏源证券,8.22,8.29,8.14,8.27,8.24,-0.02,-0.2427,0.461,16218919,133134110.28,32653196489.0,28921878901.4
2013-10-29,'000562,宏源证券,8.24,8.37,8.03,8.17,8.15,0.09,1.1043,1.559,54852606,449472360.91,32732644655.7,28992248436.5
2013-10-28,'000562,宏源证券,8.15,8.19,8.08,8.14,8.14,0.01,0.1229,0.5564,19577499,159347159.76,32375127905.8,28675585528.8
2013-10-25,'000562,宏源证券,8.14,8.27,8.07,8.14,8.13,0.01,0.123,0.8745,30770376,251098406.91,32335403822.5,28640400761.3
2013-10-24,'000562,宏源证券,8.13,8.24,8.11,8.24,8.29,-0.16,-1.93,0.8098,28490888,232751088.69,32295679739.2,28605215993.8
2013-10-23,'000562,宏源证券,8.29,8.49,8.26,8.33,8.32,-0.03,-0.3606,1.2038,42356409,354134931.96,32931265072.3,29168172274.1
2013-10-22,'000562,宏源证券,8.32,8.47,8.3,8.41,8.41,-0.09,-1.0702,1.2081,42506511,356289092.77,33050437322.2,29273726576.6
2013-10-21,'000562,宏源证券,8.41,8.47,8.25,8.39,8.34,0.07,0.8393,1.6492,58027274,486229359.63,33407954072.1,29590389484.3
2013-10-18,'000562,宏源证券,8.34,8.44,8.11,8.11,8.13,0.21,2.583,1.8971,66747962,556024269.12,33129885488.9,29344096111.7
2013-10-17,'000562,宏源证券,8.13,8.27,8.07,8.15,8.05,0.08,0.9938,1.1286,39708746,323537490.68,32295679739.2,28605215993.8
2013-10-16,'000562,宏源证券,8.05,8.27,8.01,8.27,8.3,-0.25,-3.012,1.4768,51961587,420876889.68,31977887072.6,28323737853.6
2013-10-15,'000562,宏源证券,8.3,8.42,8.21,8.4,8.38,-0.08,-0.9547,1.8017,63390728,526392167.08,32970989155.6,29203357041.6
2013-10-14,'000562,宏源证券,8.38,8.52,8.33,8.47,8.41,-0.03,-0.3567,1.7304,60882821,511392711.71,33288781822.2,29484835181.8
2013-10-11,'000562,宏源证券,8.41,8.46,8.23,8.31,8.24,0.17,2.0631,1.7582,61863585,517580923.73,33407954072.1,29590389484.3
2013-10-10,'000562,宏源证券,8.24,8.46,8.2,8.46,8.46,-0.22,-2.6005,1.6346,57511623,477925500.28,32732644655.7,28992248436.5
2013-10-09,'000562,宏源证券,8.46,8.48,8.29,8.35,8.4,0.06,0.7143,1.2451,43808774,369047681.71,33606574488.7,29766313321.9
2013-10-08,'000562,宏源证券,8.4,8.49,8.11,8.2,8.3,0.1,1.2048,1.8859,66354350,555602863.09,33368229988.8,29555204716.8
2013-09-30,'000562,宏源证券,8.3,8.94,8.3,8.91,9.22,-0.92,-9.9783,4.3394,152680474,1288088418.51,32970989155.6,29203357041.6
2013-09-27,'000562,宏源证券,9.22,9.26,9.07,9.14,9.12,0.1,1.0965,1.1441,40255514,369724579.58,36625604821.0,32440355653.4
2013-09-26,'000562,宏源证券,9.12,9.43,9.09,9.38,9.43,-0.31,-3.2874,1.6243,57151400,526979096.17,36228363987.8,32088507978.2
2013-09-25,'000562,宏源证券,9.43,9.74,9.41,9.6,9.61,-0.18,-1.873,1.6999,59808842,572551116.98,37459810570.8,33179235771.4
2013-09-24,'000562,宏源证券,9.61,9.8,9.54,9.8,9.82,-0.21,-2.1385,1.6824,59195654,570231771.36,38174844070.5,33812561586.7
2013-09-23,'000562,宏源证券,9.82,9.82,9.65,9.76,9.74,0.08,0.8214,1.68,59109347,575997793.44,39009049820.2,34551441704.6
2013-09-18,'000562,宏源证券,9.74,9.75,9.52,9.65,9.65,0.09,0.9326,1.3549,47672283,460195704.44,38691257153.7,34269963564.5
2013-09-17,'000562,宏源证券,9.65,9.87,9.64,9.77,9.77,-0.12,-1.2282,1.7553,61758136,603421267.48,38333740403.8,33953300656.8
2013-09-16,'000562,宏源证券,9.77,9.95,9.71,9.83,9.83,-0.06,-0.6104,2.1527,75742961,743352241.08,38810429403.6,34375517867.0
2013-09-13,'000562,宏源证券,9.83,10.1,9.75,10.0,10.19,-0.36,-3.5329,4.1215,145013846,1435254101.16,39048773903.6,34586626472.2
2013-09-12,'000562,宏源证券,10.19,10.66,9.86,10.0,10.34,-0.15,-1.4507,7.3174,257461986,2633936182.97,40478840903.1,35853278102.9
2013-09-11,'000562,宏源证券,10.34,10.84,10.32,10.52,10.47,-0.13,-1.2416,5.6766,199729374,2101453215.5,41074702152.9,36381049615.7
2013-09-10,'000562,宏源证券,10.47,10.49,9.7,9.82,9.8,0.67,6.8367,5.4524,191842878,1926038717.97,41591115236.0,36838451593.4
2013-09-09,'000562,宏源证券,9.8,10.04,9.37,9.39,9.34,0.46,4.9251,5.2533,184836757,1802903215.28,38929601653.6,34481072169.6
2013-09-06,'000562,宏源证券,9.34,9.46,9.23,9.25,9.31,0.03,0.3222,1.6541,58199010,544822848.16,37102293820.9,32862572863.7
2013-09-05,'000562,宏源证券,9.31,9.56,9.3,9.54,9.52,-0.21,-2.2059,2.2113,77805042,732187843.37,36983121570.9,32757018561.1
2013-09-04,'000562,宏源证券,9.52,9.52,9.3,9.39,9.37,0.15,1.6009,2.5414,89420304,841435643.3,37817327320.6,33495898679.0
2013-09-03,'000562,宏源证券,9.37,9.43,9.2,9.37,9.35,0.02,0.2139,1.9495,68592231,639321138.54,37221466070.8,32968127166.2
2013-09-02,'000562,宏源证券,9.35,9.47,9.13,9.32,9.3,0.05,0.5376,1.9262,67772513,629918387.9,37142017904.2,32897757631.2
2013-08-30,'000562,宏源证券,9.3,9.53,9.09,9.21,9.21,0.09,0.9772,3.7427,131685398,1234136385.14,36943397487.6,32721833793.6
2013-08-29,'000562,宏源证券,9.21,9.42,9.16,9.32,9.14,0.07,0.7659,2.0127,70815597,656858885.89,36585880737.7,32405170885.9
2013-08-28,'000562,宏源证券,9.14,9.28,9.08,9.19,9.3,-0.16,-1.7204,2.09,73535100,673987499.57,36307812154.5,32158877513.3
2013-08-27,'000562,宏源证券,9.3,9.35,9.2,9.3,9.34,-0.04,-0.4283,2.4299,85496239,791389463.05,36943397487.6,32721833793.6
2013-08-26,'000562,宏源证券,9.34,9.39,9.05,9.15,8.9,0.44,4.9438,3.4457,121235713,1116485512.22,37102293820.9,32862572863.7
2013-08-23,'000562,宏源证券,8.9,9.21,8.66,9.17,9.09,-0.19,-2.0902,2.5226,88757332,793373563.24,35354434154.8,31314443092.8
2013-08-22,'000562,宏源证券,9.09,9.26,9.07,9.1,9.18,-0.09,-0.9804,1.7204,60530345,553415797.36,36109191737.9,31982953675.7
2013-08-21,'000562,宏源证券,9.18,9.25,9.07,9.19,9.14,0.04,0.4376,1.5103,53138653,486123668.55,36466708487.8,32299616583.4
2013-08-20,'000562,宏源证券,9.14,9.36,9.06,9.16,9.18,-0.04,-0.4357,2.6599,93589473,862448187.88,36307812154.5,32158877513.3
2013-08-19,'000562,宏源证券,9.18,9.33,8.95,9.02,9.39,-0.21,-2.2364,3.9656,139527320,1270790367.88,36466708487.8,32299616583.4
2013-08-16,'000562,宏源证券,9.39,10.23,9.23,9.23,9.31,0.08,0.8593,6.8308,240339308,2327624148.67,37300914237.5,33038496701.3
2013-08-15,'000562,宏源证券,9.31,9.58,9.3,9.43,9.49,-0.18,-1.8967,1.9552,68794862,649048728.12,36983121570.9,32757018561.1
2013-08-14,'000562,宏源证券,9.49,9.84,9.44,9.64,9.58,-0.09,-0.9395,3.3359,117372647,1131571420.04,37698155070.7,33390344376.5
2013-08-13,'000562,宏源证券,9.58,9.65,9.43,9.5,9.5,0.08,0.8421,2.903,102140684,974491668.09,38055671820.6,33707007284.2
2013-08-12,'000562,宏源证券,9.5,9.53,9.17,9.22,9.16,0.34,3.7118,4.2906,150965125,1415544441.2,37737879154.0,33425529144.0
2013-08-09,'000562,宏源证券,9.16,9.23,9.05,9.15,9.09,0.07,0.7701,1.6654,58595892,535976185.37,36387260321.1,32229247048.3
2013-08-08,'000562,宏源证券,9.09,9.22,9.0,9.09,9.17,-0.08,-0.8724,1.8547,65258277,593081572.2,36109191737.9,31982953675.7
2013-08-07,'000562,宏源证券,9.17,9.45,9.12,9.28,9.25,-0.08,-0.8649,3.1706,111557200,1038954094.33,36426984404.4,32264431815.8
2013-08-06,'000562,宏源证券,9.25,9.31,9.08,9.2,9.24,0.01,0.1082,2.5519,89789618,826340066.16,36744777071.0,32545909956.0
2013-08-05,'000562,宏源证券,9.24,9.24,9.06,9.1,9.13,0.11,1.2048,2.3548,82853348,759392345.84,36705052987.7,32510725188.5
2013-08-02,'000562,宏源证券,9.13,9.4,9.09,9.33,9.22,-0.09,-0.9761,2.4933,87727689,808613183.88,36268088071.2,32123692745.8
2013-08-01,'000562,宏源证券,9.22,9.35,8.93,9.07,8.99,0.23,2.5584,3.1176,109692501,1009690975.39,36625604821.0,32440355653.4
2013-07-31,'000562,宏源证券,8.99,9.4,8.97,9.2,9.06,-0.07,-0.7726,2.295,80749256,740081394.42,35711950904.7,31631106000.5
2013-07-30,'000562,宏源证券,9.06,9.34,8.75,8.85,8.75,0.31,3.5429,2.6781,94228655,854057187.88,35990019487.9,31877399373.1
2013-07-29,'000562,宏源证券,8.75,9.02,8.71,8.99,9.1,-0.35,-3.8462,1.8522,65167857,576587518.72,34758572905.0,30786671580.0
2013-07-26,'000562,宏源证券,9.1,9.3,9.03,9.16,9.26,-0.16,-1.7279,2.0015,70423402,643923218.33,36148915821.2,32018138443.2
2013-07-25,'000562,宏源证券,9.26,9.6,9.23,9.42,9.34,-0.08,-0.8565,3.1627,111277248,1047187736.16,36784501154.3,32581094723.5
2013-07-24,'000562,宏源证券,9.34,9.45,9.1,9.26,9.43,-0.09,-0.9544,3.4327,120780036,1118298601.41,37102293820.9,32862572863.7
2013-07-23,'000562,宏源证券,9.43,9.59,8.85,8.93,8.94,0.49,5.481,4.874,171491266,1599437810.56,37459810570.8,33179235771.4
2013-07-22,'000562,宏源证券,8.94,8.94,8.5,8.6,8.65,0.29,3.3526,2.2583,79457035,697873295.23,35513330488.1,31455182162.9
2013-07-19,'000562,宏源证券,8.65,9.25,8.63,9.13,9.07,-0.42,-4.6307,2.9781,104784847,940830405.76,34361332071.8,30434823904.8
2013-07-18,'000562,宏源证券,9.07,9.3,9.01,9.1,9.24,-0.17,-1.8398,2.5307,89040600,812283840.19,36029743571.2,31912584140.6
2013-07-17,'000562,宏源证券,9.24,9.6,9.23,9.46,9.5,-0.26,-2.7368,3.0953,108908732,1021865237.52,36705052987.7,32510725188.5
2013-07-16,'000562,宏源证券,9.5,9.54,9.08,9.12,9.26,0.24,2.5918,3.728,131169916,1226051040.01,37737879154.0,33425529144.0
2013-07-15,'000562,宏源证券,9.26,9.7,8.96,9.16,8.86,0.4,4.5147,6.0331,212273549,1976672089.38,36784501154.3,32581094723.5
2013-07-12,'000562,宏源证券,8.86,9.25,8.79,8.99,8.86,0.0,0.0,6.6802,235040250,2118677107.09,35195537821.5,31173704022.7
2013-07-11,'000562,宏源证券,8.86,8.86,7.95,8.04,8.05,0.81,10.0621,5.8879,207166024,1757403746.81,35195537821.5,31173704022.7
2013-07-10,'000562,宏源证券,8.05,8.17,7.52,7.58,7.53,0.52,6.9057,3.6181,127300839,1002067627.66,31977887072.6,28323737853.6
2013-07-09,'000562,宏源证券,7.53,7.73,7.44,7.61,7.56,-0.03,-0.3968,1.8839,66283166,503948894.98,29912234740.0,26494129942.6
2013-07-08,'000562,宏源证券,7.56,7.88,7.56,7.68,7.93,-0.37,-4.6658,2.564,90214996,697855934.98,30031406989.9,26599684245.1
2013-07-05,'000562,宏源证券,7.93,8.13,7.83,7.96,8.09,-0.16,-1.9778,4.085,143728299,1146859853.92,31501198072.8,27901520643.4
2013-07-04,'000562,宏源证券,8.09,8.25,7.63,7.68,8.48,-0.39,-4.5991,7.1076,250080132,1972100804.07,32136783405.9,28464476923.7
2013-07-03,'000562,宏源证券,8.48,8.64,8.37,8.6,8.85,-0.37,-4.1808,1.846,53946611,458722707.8,33686022655.4,24781396916.2
2013-07-02,'000562,宏源证券,8.85,8.98,8.49,8.72,8.7,0.15,1.7241,2.0747,60629181,528528136.94,35155813738.2,25862660696.7
2013-07-01,'000562,宏源证券,8.7,8.74,8.35,8.62,8.79,-0.09,-1.0239,2.0325,59395466,509271276.3,34559952488.4,25424310515.4
2013-06-28,'000562,宏源证券,8.79,8.97,7.96,8.03,8.16,0.63,7.7206,3.0732,89807744,771888617.67,34917469238.3,25687320624.2
2013-06-27,'000562,宏源证券,8.16,8.79,8.14,8.7,8.63,-0.47,-5.4461,2.1528,62911801,534588135.62,32414851989.1,23846249862.7
2013-06-26,'000562,宏源证券,8.63,8.87,8.29,8.61,8.7,-0.07,-0.8046,2.1249,62095462,532967343.13,34281883905.2,25219747097.5
2013-06-25,'000562,宏源证券,8.7,8.89,8.1,8.65,9.0,-0.3,-3.3333,2.8432,83087203,701193331.89,34559952488.4,25424310515.4
2013-06-24,'000562,宏源证券,9.0,10.0,9.0,10.0,10.0,-1.0,-10.0,2.0127,58818911,543754068.84,35751674988.0,26301010878.0
2013-06-21,'000562,宏源证券,10.0,10.18,9.56,9.65,9.98,0.02,0.2004,1.2758,37282448,370536896.86,39724083320.0,29223345420.0
2013-06-20,'000562,宏源证券,9.98,10.33,9.91,10.15,10.37,-0.39,-3.7608,1.0875,31780724,321996789.28,39644635153.4,29164898729.2
2013-06-19,'000562,宏源证券,10.37,10.68,9.86,10.55,10.86,-0.49,-4.512,2.1272,62165262,638601678.16,41193874402.8,30304609200.5
2013-06-18,'000562,宏源证券,22.32,23.03,22.08,23.0,22.87,-0.55,-2.4049,1.6645,24321297,547315753.43,44332076985.1,32613253488.7
2013-06-17,'000562,宏源证券,22.87,22.95,22.42,22.95,22.95,-0.08,-0.3486,1.3863,20255777,459651896.12,45424489276.4,33416895487.8
2013-06-14,'000562,宏源证券,22.95,23.12,22.08,22.4,22.0,0.95,4.3182,1.773,25906383,585266946.62,45583385609.7,33533788869.5
2013-06-13,'000562,宏源证券,22.0,22.83,21.89,22.3,22.37,-0.37,-1.654,1.8981,27733833,621267008.45,43696491652.0,32145679962.0
2013-06-07,'000562,宏源证券,22.37,25.03,22.37,24.99,24.86,-2.49,-10.0161,3.2528,47528606,1108507365.26,44431387193.4,32686311852.3
2013-06-06,'000562,宏源证券,24.86,25.06,24.63,24.7,24.8,0.06,0.2419,1.7439,25481385,634825848.76,49377035566.8,36324618357.1
2013-06-05,'000562,宏源证券,24.8,24.97,24.31,24.54,24.4,0.4,1.6393,1.5029,21959832,541892324.11,49257863316.8,36236948320.8
2013-06-04,'000562,宏源证券,24.4,24.87,24.16,24.6,24.63,-0.23,-0.9338,1.1867,17340280,423416713.45,48463381650.4,35652481412.4
2013-06-03,'000562,宏源证券,24.63,25.06,24.2,24.23,24.11,0.52,2.1568,1.4074,20564706,507203186.92,48920208608.6,35988549884.7
2013-05-31,'000562,宏源证券,24.11,24.92,24.1,24.8,24.69,-0.58,-2.3491,1.3237,19341114,473677492.51,47887382442.3,35228742903.8
2013-05-30,'000562,宏源证券,24.69,25.06,24.45,24.66,24.74,-0.05,-0.2021,1.3863,20256640,501883670.22,49039380858.5,36076219921.0
2013-05-29,'000562,宏源证券,24.74,25.56,24.73,25.38,25.36,-0.62,-2.4448,1.7713,25882007,647533707.38,49138691066.8,36149278284.5
2013-05-28,'000562,宏源证券,25.36,25.49,24.7,24.8,24.93,0.43,1.7248,2.0528,29994481,752140149.01,50370137649.8,37055201992.6
2013-05-27,'000562,宏源证券,24.93,25.23,24.53,24.8,24.7,0.23,0.9312,1.4873,21732216,540907295.98,49516069858.4,36426900066.0
2013-05-24,'000562,宏源证券,24.7,25.06,24.25,24.65,24.45,0.25,1.0225,1.6181,23643360,583477734.3,49059242900.2,36090831593.7
2013-05-23,'000562,宏源证券,24.45,25.29,24.08,24.2,24.47,-0.02,-0.0817,2.1638,31616301,782254006.82,48562691858.7,35725539775.9
2013-05-22,'000562,宏源证券,24.47,25.48,24.36,24.48,24.38,0.09,0.3692,2.4829,36278937,903540861.6,48602415942.0,35754763121.4
2013-05-21,'000562,宏源证券,24.38,24.48,23.73,24.0,24.28,0.1,0.4119,1.8744,27387796,659098818.45,48423657567.1,35623258067.0
2013-05-20,'000562,宏源证券,24.28,24.8,23.28,23.46,23.35,0.93,3.9829,2.6278,38397183,926799102.14,48225037150.5,35477141339.9
2013-05-17,'000562,宏源证券,23.35,23.5,22.78,23.0,23.15,0.2,0.8639,2.1755,31787555,736084321.49,46377867276.1,34118255777.8
2013-05-16,'000562,宏源证券,23.15,23.68,21.5,21.65,21.65,1.5,6.9284,3.3249,48581825,1102847509.19,45980626442.9,33826022323.7
2013-05-15,'000562,宏源证券,21.65,22.14,21.43,21.97,21.87,-0.22,-1.0059,1.5065,22011814,478509992.24,43001320193.9,31634271417.2
2013-05-14,'000562,宏源证券,21.87,22.38,21.76,22.15,22.22,-0.35,-1.5752,1.2237,17879999,393689261.23,43438285110.4,31955728216.8
2013-05-13,'000562,宏源证券,22.22,22.45,21.75,22.35,22.18,0.04,0.1803,1.4245,20814078,459858497.43,44133456568.5,32467136761.6
2013-05-10,'000562,宏源证券,22.18,22.95,22.08,22.65,22.82,-0.64,-2.8046,1.6617,24280125,544701250.02,44054008401.9,32408690070.8
2013-05-09,'000562,宏源证券,22.82,22.85,21.84,22.1,22.21,0.61,2.7465,2.5954,37923090,847728597.1,45325179068.1,33343837124.2
2013-05-08,'000562,宏源证券,22.21,22.44,21.84,22.4,22.35,-0.14,-0.6264,1.7872,26114098,576700382.81,44113594526.9,32452525088.9
2013-05-07,'000562,宏源证券,22.35,22.53,22.0,22.53,22.69,-0.34,-1.4985,1.8155,26527085,589342128.82,44391663110.1,32657088506.8
2013-05-06,'000562,宏源证券,22.69,22.85,22.31,22.5,22.4,0.29,1.2946,2.2106,32300673,730138911.44,45066972526.5,33153885379.0
2013-05-03,'000562,宏源证券,22.4,23.18,22.14,22.31,22.05,0.35,1.5873,3.0552,44641598,1013047146.1,44490973318.4,32730146870.4
2013-05-02,'000562,宏源证券,22.05,22.45,21.11,21.26,21.45,0.6,2.7972,2.2303,32588004,715728346.16,43795801860.3,32218738325.5
2013-04-26,'000562,宏源证券,21.45,22.36,21.36,21.87,21.59,-0.14,-0.6484,2.3198,33896820,741317502.04,42604079360.7,31342037963.0
2013-04-25,'000562,宏源证券,21.59,22.36,21.49,21.9,22.17,-0.58,-2.6161,3.4404,50269607,1101293476.53,42882147943.9,31546601380.9
2013-04-24,'000562,宏源证券,22.17,22.17,20.23,20.32,20.15,2.02,10.0248,4.6367,67749270,1460531787.07,44034146360.2,32394078398.1
2013-04-23,'000562,宏源证券,20.15,21.01,20.1,20.9,20.9,-0.75,-3.5885,2.3754,34709070,711529817.52,40022013944.9,29442520510.7
2013-04-22,'000562,宏源证券,20.9,21.4,20.57,20.58,20.7,0.2,0.9662,2.5419,37140873,779953168.16,41511667069.4,30538395963.9
2013-04-19,'000562,宏源证券,20.7,20.85,19.87,20.0,19.95,0.75,3.7594,2.7912,40784138,831631160.87,41114426236.2,30246162509.7
2013-04-18,'000562,宏源证券,19.95,20.36,18.96,19.02,19.15,0.8,4.1775,2.2675,33131721,656509511.37,39624773111.7,29150287056.5
2013-04-17,'000562,宏源证券,19.15,19.67,18.9,19.09,18.21,0.94,5.162,2.3983,35043790,675071605.11,38035809778.9,27981353239.7
2013-04-16,'000562,宏源证券,18.21,18.29,17.25,17.35,17.6,0.61,3.4659,0.9559,13967657,250278266.79,36168777862.9,26607856004.9
2013-04-15,'000562,宏源证券,17.6,17.72,17.16,17.35,17.35,0.25,1.4409,0.5984,8743452,152814200.66,34957193321.6,25716543969.6
2013-04-12,'000562,宏源证券,17.35,17.99,17.2,17.86,17.89,-0.54,-3.0184,0.613,8957510,157488518.36,34460642280.1,25351252151.8
2013-04-11,'000562,宏源证券,17.89,18.35,17.86,18.25,18.06,-0.17,-0.9413,0.4875,7123024,128775629.04,35533192529.7,26140282478.2
2013-04-10,'000562,宏源证券,18.06,18.3,17.77,18.21,18.06,0.0,0.0,0.5185,7575662,136783041.62,35870847238.0,26388680914.3
2013-04-09,'000562,宏源证券,18.06,18.3,17.88,17.97,17.86,0.2,1.1198,0.7165,10469041,189793220.74,35870847238.0,26388680914.3
2013-04-08,'000562,宏源证券,17.86,17.87,17.01,17.05,17.57,0.29,1.6505,0.644,9410322,164389777.01,35473606404.8,26096447460.1
2013-04-03,'000562,宏源证券,17.57,18.0,17.47,17.83,17.83,-0.26,-1.4582,0.5933,8669357,153305907.4,34897607196.6,25672708951.5
2013-04-02,'000562,宏源证券,17.83,18.02,17.5,17.6,17.55,0.28,1.5954,0.8283,12103292,215461027.49,35414020279.8,26052612441.9
2013-04-01,'000562,宏源证券,17.55,17.67,17.21,17.44,17.15,0.4,2.3324,0.6616,9667048,168990294.96,34857883113.3,25643485606.0
2013-03-29,'000562,宏源证券,17.15,17.66,17.12,17.6,17.5,-0.35,-2.0,0.6901,10083918,174905562.82,34063401446.9,25059018697.7
2013-03-28,'000562,宏源证券,17.5,18.5,16.95,18.5,18.82,-1.32,-7.0138,1.3268,19386929,341549503.49,34758572905.0,25570427242.5
2013-03-27,'000562,宏源证券,18.82,19.11,18.63,18.68,18.66,0.16,0.8574,0.5569,8136567,153447747.56,37380362404.1,27499168040.2
2013-03-26,'000562,宏源证券,18.66,19.25,18.61,19.23,19.23,-0.57,-2.9641,0.7705,11257958,211770282.42,37062569737.6,27265381276.9
2013-03-25,'000562,宏源证券,19.23,19.69,19.21,19.6,19.56,-0.33,-1.6871,0.679,9920704,192827141.05,38194706112.2,28098246621.3
2013-03-22,'000562,宏源证券,19.56,19.73,19.36,19.61,19.58,-0.02,-0.1021,0.8918,13031408,254982627.54,38850153487.0,28580431820.8
2013-03-21,'000562,宏源证券,19.58,19.63,19.39,19.5,19.48,0.1,0.5133,0.9662,14117980,275584970.01,38889877570.3,28609655166.2
2013-03-20,'000562,宏源证券,19.48,19.56,18.69,18.69,18.62,0.86,4.6187,1.5797,23081722,443725361.44,38691257153.7,28463538439.1
2013-03-19,'000562,宏源证券,18.62,18.84,18.08,18.48,18.4,0.22,1.1957,0.8209,11994397,222200266.22,36983121570.9,27206934586.0
2013-03-18,'000562,宏源证券,18.4,18.95,18.34,18.43,18.54,-0.14,-0.7551,0.8048,11759909,218494584.48,36546156654.4,26885477786.4
2013-03-15,'000562,宏源证券,18.54,19.23,18.01,18.69,18.63,-0.09,-0.4831,1.2164,17774025,332700114.16,36824225237.6,27090041204.3
2013-03-14,'000562,宏源证券,18.63,18.95,18.51,18.67,18.84,-0.21,-1.1146,0.8206,11990608,224622200.13,37002983612.6,27221546258.7
2013-03-13,'000562,宏源证券,18.84,19.38,18.73,19.28,19.08,-0.24,-1.2579,0.8152,11912009,226640036.95,37420086487.4,27528391385.6
2013-03-12,'000562,宏源证券,19.08,19.49,18.61,18.89,18.87,0.21,1.1129,1.0655,15569388,296432005.76,37896775487.3,27879071530.7
2013-03-11,'000562,宏源证券,18.87,19.26,18.6,19.08,19.12,-0.25,-1.3075,0.5803,8479256,160385295.8,37479672612.4,27572226403.8
2013-03-08,'000562,宏源证券,19.12,19.7,19.08,19.6,19.49,-0.37,-1.8984,0.6686,9769090,188703084.06,37976223653.9,27937518221.5
2013-03-07,'000562,宏源证券,19.49,20.08,19.31,19.92,19.72,-0.23,-1.1663,1.3235,19339237,382661973.39,38711119195.3,28478150111.8
2013-03-06,'000562,宏源证券,19.72,20.19,19.67,20.18,20.05,-0.33,-1.6459,1.292,18878140,374404603.37,39167946153.5,28814218584.1
2013-03-05,'000562,宏源证券,20.05,20.1,19.11,19.16,19.1,0.95,4.9738,1.3654,19951202,389972849.09,39823393528.3,29296403783.5
2013-03-04,'000562,宏源证券,19.1,19.99,18.66,19.97,20.26,-1.16,-5.7256,1.4033,20504260,396841799.57,37936499570.6,27908294876.1
2013-03-01,'000562,宏源证券,20.26,20.49,19.95,20.34,20.38,-0.12,-0.5888,1.1454,16736167,338095231.48,40240496403.2,29603248910.5
2013-02-28,'000562,宏源证券,20.38,20.47,19.4,19.7,19.55,0.83,4.2455,1.6267,23768947,475509696.58,40478840903.1,29778588983.0
2013-02-27,'000562,宏源证券,19.55,19.67,19.03,19.03,18.93,0.62,3.2752,1.5091,22050295,428808806.52,38830291445.3,28565820148.0
2013-02-26,'000562,宏源证券,18.93,19.6,18.48,19.02,19.18,-0.25,-1.3034,1.3972,20415033,390694813.74,37598844862.4,27659896440.0
2013-02-25,'000562,宏源证券,19.18,19.5,19.1,19.1,18.92,0.26,1.3742,0.9516,13904459,267798401.03,38095395903.9,28025188257.8
2013-02-22,'000562,宏源证券,18.92,19.3,18.9,19.12,19.12,-0.2,-1.046,0.9852,14395647,275077528.35,37578982820.7,27645284767.3
2013-02-21,'000562,宏源证券,19.12,20.25,18.98,20.25,20.41,-1.29,-6.3204,1.8538,27086601,525504730.43,37976223653.9,27937518221.5
2013-02-20,'000562,宏源证券,20.41,20.5,20.17,20.25,20.25,0.16,0.7901,0.7329,10708816,218055202.59,40538427028.1,29822424001.1
2013-02-19,'000562,宏源证券,20.25,20.67,20.1,20.58,20.55,-0.3,-1.4599,0.8926,13042352,264823049.49,40220634361.5,29588637237.8
2013-02-18,'000562,宏源证券,20.55,21.48,20.54,21.41,21.42,-0.87,-4.0616,1.214,17738290,370258612.55,40816495611.3,30026987419.0
2013-02-08,'000562,宏源证券,21.42,21.99,21.22,21.6,21.15,0.27,1.2766,1.2599,18409454,396560313.11,42544493235.7,31298202944.8
2013-02-07,'000562,宏源证券,21.15,21.29,20.6,20.8,20.75,0.4,1.9277,1.2923,18883009,396666771.91,42008218110.9,30903687781.7
2013-02-06,'000562,宏源证券,20.75,21.35,20.58,20.61,20.6,0.15,0.7282,1.1991,17520299,367888678.8,41213736444.5,30319220873.2
2013-02-05,'000562,宏源证券,20.6,20.89,20.3,20.8,21.01,-0.41,-1.9515,1.2099,17678030,363771684.36,40915805819.6,30100045782.6
2013-02-04,'000562,宏源证券,21.01,21.83,20.85,21.6,21.45,-0.44,-2.0513,1.932,28229646,601015179.23,41730149527.7,30699124363.7
2013-02-01,'000562,宏源证券,21.45,21.69,20.52,20.68,20.73,0.72,3.4732,2.2145,32357203,683844579.69,42604079360.7,31342037963.0
2013-01-31,'000562,宏源证券,20.73,20.99,20.22,20.69,20.72,0.01,0.0483,1.3162,19231412,396400329.52,41174012361.2,30289997527.8
2013-01-30,'000562,宏源证券,20.72,21.24,20.2,20.61,20.52,0.2,0.9747,2.0213,29534240,611945245.11,41154150319.5,30275385855.1
2013-01-29,'000562,宏源证券,20.52,21.42,20.46,20.74,20.7,-0.18,-0.8696,3.6244,52958361,1109580500.89,40756909486.3,29983152400.9
2013-01-28,'000562,宏源证券,20.7,20.9,19.48,19.48,19.43,1.27,6.5363,2.4939,36440600,744443422.27,41114426236.2,30246162509.7
2013-01-25,'000562,宏源证券,19.43,20.3,19.4,19.7,19.9,-0.47,-2.3618,1.6192,23659090,468842445.1,38591946945.4,28390480075.5
2013-01-24,'000562,宏源证券,19.9,20.81,19.11,19.15,19.19,0.71,3.6998,3.6908,53929046,1075074857.53,39525462903.4,29077228692.9
2013-01-23,'000562,宏源证券,19.19,19.38,18.7,18.9,19.12,0.07,0.3661,1.4911,21788177,414310052.57,38115257945.5,28039799930.5
2013-01-22,'000562,宏源证券,19.12,19.78,18.48,18.82,18.82,0.3,1.594,2.4952,36459019,701579504.72,37976223653.9,27937518221.5
2013-01-21,'000562,宏源证券,18.82,19.01,18.42,18.7,18.67,0.15,0.8034,1.2047,17602961,330740216.84,37380362404.1,27499168040.2
2013-01-18,'000562,宏源证券,18.67,19.05,18.4,18.63,18.56,0.11,0.5927,1.338,19550350,366518870.56,37082431779.2,27279992949.6
2013-01-17,'000562,宏源证券,18.56,18.89,18.26,18.49,18.61,-0.05,-0.2687,1.3394,19570198,363434470.67,36863949321.0,27119264549.8
2013-01-16,'000562,宏源证券,18.61,19.05,18.3,19.0,18.93,-0.32,-1.6904,1.1174,16327369,304494424.22,36963259529.3,27192322913.3
2013-01-15,'000562,宏源证券,18.93,19.07,18.7,18.92,18.95,-0.02,-0.1055,1.4203,20753233,392366322.18,37598844862.4,27659896440.0
2013-01-14,'000562,宏源证券,18.95,19.25,17.65,17.7,17.85,1.1,6.1625,2.1106,30839897,576423566.24,37638568945.7,27689119785.5
2013-01-11,'000562,宏源证券,17.85,18.69,17.7,18.51,18.62,-0.77,-4.1353,1.5244,22274589,402882046.98,35453744363.1,26081835787.3
2013-01-10,'000562,宏源证券,18.62,19.18,18.35,18.44,18.29,0.33,1.8043,1.5336,22408743,420862641.01,36983121570.9,27206934586.0
2013-01-09,'000562,宏源证券,18.29,18.8,18.03,18.4,18.46,-0.17,-0.9209,0.9653,14105319,259573322.28,36327674196.1,26724749386.6
2013-01-08,'000562,宏源证券,18.46,18.84,18.21,18.72,18.82,-0.36,-1.9129,0.9657,14110148,260524440.4,36665328904.4,26973147822.7
2013-01-07,'000562,宏源证券,18.82,18.96,18.53,18.68,18.85,-0.03,-0.1592,0.7278,10633890,199322968.29,37380362404.1,27499168040.2
2013-01-04,'000562,宏源证券,18.85,19.41,18.58,19.26,18.85,0.0,0.0,1.3052,19070785,361897648.59,37439948529.1,27543003058.3
2012-12-31,'000562,宏源证券,18.85,19.14,18.65,18.91,18.85,0.0,0.0,1.6979,24808808,467714735.01,37439948529.1,27543003058.3
2012-12-28,'000562,宏源证券,18.85,18.99,17.9,18.09,17.85,1.0,5.6022,1.9366,28296361,521585595.47,37439948529.1,27543003058.3
2012-12-27,'000562,宏源证券,17.85,18.35,17.83,18.2,18.06,-0.21,-1.1628,0.9011,13167012,237880710.19,35453744363.1,26081835787.3
2012-12-26,'000562,宏源证券,18.06,18.3,17.86,18.14,18.14,-0.08,-0.441,0.723,10563978,190448441.59,35870847238.0,26388680914.3
2012-12-25,'000562,宏源证券,18.14,18.6,17.48,17.55,17.73,0.41,2.3125,1.4497,21182502,384226279.75,36029743571.2,26505574295.9
2012-12-24,'000562,宏源证券,17.73,18.33,17.3,17.33,17.45,0.28,1.6046,1.0143,14820103,265131452.99,35215399863.2,25906495714.8
2012-12-21,'000562,宏源证券,17.45,18.15,17.34,17.42,17.49,-0.04,-0.2287,1.1935,17439105,307708606.29,34659262696.7,25497368879.0
2012-12-20,'000562,宏源证券,17.49,17.79,16.78,16.98,17.09,0.4,2.3406,1.1787,17222209,297782659.43,34738710863.3,25555815569.8
2012-12-19,'000562,宏源证券,17.09,17.3,16.8,16.92,17.04,0.05,0.2934,0.7273,10626827,181067015.35,33944229196.9,24971348661.4
2012-12-18,'000562,宏源证券,17.04,17.55,16.67,16.97,17.0,0.04,0.2353,1.4116,20626336,354387797.94,33844918988.6,24898290297.8
2012-12-17,'000562,宏源证券,17.0,17.45,16.73,17.0,16.99,0.01,0.0589,1.2883,18824925,320969330.85,33765470822.0,24839843607.0
2012-12-14,'000562,宏源证券,16.99,17.1,15.6,15.6,15.59,1.4,8.9801,1.6497,24105497,399224959.99,33745608780.3,24825231934.3
2012-12-13,'000562,宏源证券,15.59,15.83,15.57,15.75,15.89,-0.3,-1.888,0.4607,6732045,105530421.3,30964922947.9,22779597754.9
2012-12-12,'000562,宏源证券,15.89,16.09,15.61,15.9,15.92,-0.03,-0.1884,0.5954,8700513,137872570.36,31560784197.7,23217947936.2
2012-12-11,'000562,宏源证券,15.92,16.16,15.85,16.13,16.15,-0.23,-1.4241,0.5536,8089510,129374842.96,31620370322.7,23261782954.3
2012-12-10,'000562,宏源证券,16.15,16.29,15.86,15.89,15.9,0.25,1.5723,0.8565,12515559,202017191.0,32077197280.9,23597851426.7
2012-12-07,'000562,宏源证券,15.9,16.13,15.42,15.54,15.53,0.37,2.3825,1.0039,14668064,233075251.73,31580646239.4,23232559608.9
2012-12-06,'000562,宏源证券,15.53,15.85,15.38,15.75,15.85,-0.32,-2.0189,0.7966,11639551,181695487.72,30845750698.0,22691927718.6
2012-12-05,'000562,宏源证券,15.85,16.17,14.51,14.58,14.7,1.15,7.8231,1.7368,25377555,396181260.87,31481336031.1,23159501245.3
2012-12-04,'000562,宏源证券,14.7,14.85,14.02,14.03,14.16,0.54,3.8136,0.8067,11786630,169796063.66,29197201240.2,21479158883.7
2012-12-03,'000562,宏源证券,14.16,14.75,14.15,14.57,14.57,-0.41,-2.814,0.6279,9174046,133005135.7,28124650990.6,20690128557.4
2012-11-30,'000562,宏源证券,14.57,14.9,14.2,14.87,14.87,-0.3,-2.0175,1.0872,15885884,231648932.92,28938994698.6,21289207138.5
2012-11-29,'000562,宏源证券,14.87,16.59,14.72,16.42,16.35,-1.48,-9.052,1.2424,18153294,280116267.24,29534855948.4,21727557319.8
2012-11-28,'000562,宏源证券,16.35,16.56,16.16,16.4,16.5,-0.15,-0.9091,0.5956,8702723,142697499.33,32474438114.1,23890084880.8
2012-11-27,'000562,宏源证券,16.5,16.99,16.5,16.6,16.69,-0.19,-1.1384,0.5881,8593597,143864322.05,32772368739.0,24109259971.5
2012-11-26,'000562,宏源证券,16.69,17.21,16.68,17.21,17.27,-0.58,-3.3584,0.5577,8149108,137584912.63,33149747530.5,24386881753.0
2012-11-23,'000562,宏源证券,17.27,17.54,17.22,17.45,17.37,-0.1,-0.5757,0.4932,7207164,125187284.99,34301745946.8,25234358770.2
2012-11-22,'000562,宏源证券,17.37,17.48,17.17,17.38,17.57,-0.2,-1.1383,0.7389,10797139,186942501.58,34500366363.4,25380475497.3
2012-11-21,'000562,宏源证券,17.57,17.89,16.78,16.81,16.72,0.85,5.0837,1.301,19009295,330004305.35,34897607196.6,25672708951.5
2012-11-20,'000562,宏源证券,16.72,17.12,16.69,17.0,16.98,-0.26,-1.5312,0.4098,5988341,100838619.32,33209333655.5,24430716771.1
2012-11-19,'000562,宏源证券,16.98,17.1,16.36,16.52,16.51,0.47,2.8468,0.7332,10713675,180200900.13,33725746738.7,24810620261.6
2012-11-16,'000562,宏源证券,16.51,16.62,16.2,16.29,16.28,0.23,1.4128,0.4457,6511695,107128666.54,32792230780.7,24123871644.2
2012-11-15,'000562,宏源证券,16.28,16.78,16.25,16.51,16.7,-0.42,-2.515,0.4334,6332806,104584341.14,32335403822.5,23787803171.9
2012-11-14,'000562,宏源证券,16.7,16.89,16.34,16.45,16.45,0.25,1.5198,0.6009,8780423,145807202.15,33169609572.2,24401493425.7
2012-11-13,'000562,宏源证券,16.45,17.15,16.45,17.1,17.18,-0.73,-4.2491,0.5973,8727244,145922079.59,32673058530.7,24036201608.0
2012-11-12,'000562,宏源证券,17.18,17.5,16.87,17.25,17.25,-0.07,-0.4058,0.5874,8583151,146734315.12,34122987571.9,25102853715.8
2012-11-09,'000562,宏源证券,17.25,17.46,16.99,17.44,17.45,-0.2,-1.1461,0.5992,8755298,150236865.31,34262021863.5,25205135424.8
2012-11-08,'000562,宏源证券,17.45,18.05,17.45,17.9,18.09,-0.64,-3.5379,0.6972,10187443,180399037.02,34659262696.7,25497368879.0
2012-11-07,'000562,宏源证券,18.09,18.39,18.0,18.22,18.44,-0.35,-1.898,0.5274,7705752,139846189.69,35930433362.9,26432515932.4
2012-11-06,'000562,宏源证券,18.44,18.69,17.68,18.15,18.14,0.3,1.6538,1.0617,15513587,280875251.15,36625604821.0,26943924477.2
2012-11-05,'000562,宏源证券,18.14,18.65,18.0,18.56,18.54,-0.4,-2.1575,0.5979,8736857,159090327.96,36029743571.2,26505574295.9
2012-11-02,'000562,宏源证券,18.54,18.68,18.45,18.55,18.55,-0.01,-0.0539,0.5875,8584183,159432846.74,36824225237.6,27090041204.3
2012-11-01,'000562,宏源证券,18.55,18.86,18.07,18.17,18.05,0.5,2.7701,1.164,17008557,314842549.34,36844087279.3,27104652877.0
2012-10-31,'000562,宏源证券,18.05,18.36,17.65,18.24,18.24,-0.19,-1.0417,0.6875,10045530,180473173.58,35850985196.3,26374069241.5
2012-10-30,'000562,宏源证券,18.24,18.78,18.15,18.35,18.35,-0.11,-0.5995,0.5954,8699322,160424077.58,36228363987.8,26651691023.0
2012-10-29,'000562,宏源证券,18.35,18.54,18.1,18.26,18.27,0.08,0.4379,0.4441,6488482,118713893.41,36446846446.1,26812419422.8
2012-10-26,'000562,宏源证券,18.27,18.4,17.93,18.3,18.31,-0.04,-0.2185,0.7125,10410254,189668446.1,36287950112.8,26695526041.2
2012-10-25,'000562,宏源证券,18.31,19.0,18.11,18.79,18.8,-0.49,-2.6064,0.8096,11829490,218964813.35,36367398279.5,26753972732.0
2012-10-24,'000562,宏源证券,18.8,19.1,18.71,18.8,18.95,-0.15,-0.7916,0.5183,7573076,143218503.25,37340638320.8,27469944694.8
2012-10-23,'000562,宏源证券,18.95,19.66,18.88,19.48,19.41,-0.46,-2.3699,0.8243,12044776,231301104.71,37638568945.7,27689119785.5
2012-10-22,'000562,宏源证券,19.51,19.74,19.32,19.4,19.56,-0.05,-0.2556,1.0124,14792280,288481857.26,38750843278.7,28507373457.2
2012-10-19,'000562,宏源证券,19.56,19.93,19.3,19.44,19.42,0.14,0.7209,1.3988,20438314,402135023.78,38850153487.0,28580431820.8
2012-10-18,'000562,宏源证券,19.42,19.66,19.01,19.19,19.1,0.32,1.6754,1.038,15167428,293437139.28,38572084903.7,28375868402.8
2012-10-17,'000562,宏源证券,19.1,19.55,18.81,19.48,19.28,-0.18,-0.9336,1.0449,15267963,293112456.17,37936499570.6,27908294876.1
2012-10-16,'000562,宏源证券,19.28,19.53,19.17,19.52,19.36,-0.08,-0.4132,1.0017,14636863,283690240.34,38294016320.5,28171304984.9
2012-10-15,'000562,宏源证券,19.36,19.57,18.98,19.4,19.39,-0.03,-0.1547,1.0264,14997123,289051839.55,38452912653.8,28288198366.6
2012-10-12,'000562,宏源证券,19.39,19.55,18.64,18.91,18.84,0.55,2.9193,1.3905,20316817,389238386.93,38512498778.7,28332033384.7
2012-10-11,'000562,宏源证券,18.84,19.41,18.73,19.08,19.06,-0.22,-1.1542,0.9317,13614304,259321068.82,37420086487.4,27528391385.6
2012-10-10,'000562,宏源证券,19.06,19.25,18.75,19.1,19.26,-0.2,-1.0384,0.9958,14550624,276380956.18,37857051404.0,27849848185.3
2012-10-09,'000562,宏源证券,19.26,19.85,19.1,19.15,19.04,0.22,1.1555,1.9186,28033807,545293654.69,38254292237.2,28142081639.5
2012-10-08,'000562,宏源证券,19.04,19.47,18.8,19.25,19.49,-0.45,-2.3089,1.439,21026024,402282132.26,37817327320.6,27820624839.8
2012-09-28,'000562,宏源证券,19.49,19.84,18.66,18.86,18.89,0.6,3.1763,2.7374,39998167,762457367.24,38711119195.3,28478150111.8
2012-09-27,'000562,宏源证券,18.89,18.89,17.22,17.23,17.17,1.72,10.0175,2.2927,33499883,615194693.92,37519396695.7,27601449749.2
2012-09-26,'000562,宏源证券,17.17,17.84,17.13,17.55,17.57,-0.4,-2.2766,0.7356,10748898,187567287.11,34103125530.2,25088242043.1
2012-09-25,'000562,宏源证券,17.57,17.75,17.22,17.27,17.39,0.18,1.0351,0.7756,11332384,198762264.26,34897607196.6,25672708951.5
2012-09-24,'000562,宏源证券,17.39,17.67,16.67,16.77,17.13,0.26,1.5178,0.732,10695622,184774519.8,34540090446.7,25409698842.7
2012-09-21,'000562,宏源证券,17.13,17.45,16.78,17.09,17.08,0.05,0.2927,0.6671,9746781,167691161.9,34023677363.6,25029795352.2
2012-09-20,'000562,宏源证券,17.08,17.59,17.0,17.58,17.72,-0.64,-3.6117,0.6642,9705355,167666700.13,33924367155.3,24956736988.7
2012-09-19,'000562,宏源证券,17.72,17.79,17.45,17.57,17.46,0.26,1.4891,0.7605,11111460,196223641.11,35195537821.5,25891884042.1
2012-09-18,'000562,宏源证券,17.46,17.8,17.26,17.52,17.52,-0.06,-0.3425,0.6116,8936832,156755214.68,34679124738.4,25511980551.7
2012-09-17,'000562,宏源证券,17.52,18.4,17.35,18.18,18.28,-0.76,-4.1575,1.1796,17235615,304902982.32,34798296988.3,25599650587.9
2012-09-14,'000562,宏源证券,18.28,18.8,18.08,18.56,18.14,0.14,0.7718,1.1005,16079938,296568601.41,36307812154.5,26710137713.9
2012-09-13,'000562,宏源证券,18.14,18.92,18.14,18.68,18.67,-0.53,-2.8388,0.6626,9681370,179626087.29,36029743571.2,26505574295.9
2012-09-12,'000562,宏源证券,18.67,19.1,18.3,18.5,18.4,0.27,1.4674,0.9531,13925731,260869244.46,37082431779.2,27279992949.6
2012-09-11,'000562,宏源证券,18.4,18.5,18.12,18.5,18.66,-0.26,-1.3934,0.8399,12272518,224594440.74,36546156654.4,26885477786.4
2012-09-10,'000562,宏源证券,18.66,19.09,18.25,18.25,18.54,0.12,0.6472,1.6062,23469670,438861666.6,37062569737.6,27265381276.9
2012-09-07,'000562,宏源证券,18.54,18.69,17.18,17.18,16.99,1.55,9.123,2.4106,35223325,636589131.9,36824225237.6,27090041204.3
2012-09-06,'000562,宏源证券,16.99,17.28,16.69,16.7,16.69,0.3,1.7975,0.8711,12728237,216058231.14,33745608780.3,24825231934.3
2012-09-05,'000562,宏源证券,16.69,17.03,16.46,16.46,16.5,0.19,1.1515,0.7866,11493941,193200157.83,33149747530.5,24386881753.0
2012-09-04,'000562,宏源证券,16.5,16.84,16.35,16.6,16.68,-0.18,-1.0791,0.6891,10069520,166937052.69,32772368739.0,24109259971.5
2012-09-03,'000562,宏源证券,16.68,16.89,15.7,15.8,15.8,0.88,5.5696,1.3437,19633876,324507894.28,33129885488.9,24372270080.3
2012-08-31,'000562,宏源证券,15.8,16.04,15.68,15.8,15.86,-0.06,-0.3783,0.6313,9224015,146151697.19,31382025822.8,23086442881.8
2012-08-30,'000562,宏源证券,15.86,16.28,15.15,15.26,15.27,0.59,3.8638,1.2446,18186382,287226933.4,31501198072.8,23174112918.1
2012-08-29,'000562,宏源证券,15.27,15.59,15.15,15.52,15.67,-0.4,-2.5526,0.5184,7575293,116261648.18,30329337614.8,22312024228.2
2012-08-28,'000562,宏源证券,15.67,15.96,15.16,15.16,15.16,0.51,3.3641,0.7217,10545609,164285345.79,31123819281.2,22896491136.6
2012-08-27,'000562,宏源证券,15.16,16.4,15.0,16.35,16.48,-1.32,-8.0097,0.9062,13240714,204984772.66,30110855156.6,22151295828.4
2012-08-24,'000562,宏源证券,16.48,16.99,16.4,16.8,16.86,-0.38,-2.2539,0.5315,7765751,129357674.17,32732644655.7,24080036626.1
2012-08-23,'000562,宏源证券,16.86,17.08,16.62,16.77,16.59,0.27,1.6275,0.6598,9641396,162813552.55,33487402238.8,24635280189.1
2012-08-22,'000562,宏源证券,16.59,17.2,16.45,17.1,17.1,-0.51,-2.9825,0.8155,11915669,199228543.23,32951127113.9,24240765025.9
2012-08-21,'000562,宏源证券,17.1,17.35,16.9,16.96,16.93,0.17,1.0041,0.864,12624825,216573356.81,33964091238.6,24985960334.1
2012-08-20,'000562,宏源证券,16.93,17.15,16.28,16.46,16.7,0.23,1.3772,0.7851,11471107,191835644.31,33626436530.4,24737561898.0
2012-08-17,'000562,宏源证券,16.7,16.74,16.2,16.6,16.7,0.0,0.0,0.801,11704281,192522780.84,33169609572.2,24401493425.7
2012-08-16,'000562,宏源证券,16.7,16.98,16.51,16.8,16.66,0.04,0.2401,0.5993,8756989,146878220.31,33169609572.2,24401493425.7
2012-08-15,'000562,宏源证券,16.66,17.04,16.53,16.55,16.8,-0.14,-0.8333,0.8604,12572498,211113167.83,33090161405.6,24343046734.9
2012-08-14,'000562,宏源证券,16.8,17.18,16.24,17.08,17.06,-0.26,-1.524,1.6765,24496691,406359830.08,33368229988.8,24547610152.8
2012-08-13,'000562,宏源证券,17.06,18.7,17.02,18.35,18.36,-1.3,-7.0806,1.7541,25630456,456024178.02,33884643072.0,24927513643.3
2012-08-10,'000562,宏源证券,18.36,18.77,18.2,18.6,18.77,-0.41,-2.1843,0.7966,11640321,215101943.43,36466708487.8,26827031095.6
2012-08-09,'000562,宏源证券,18.77,19.0,18.1,19.0,19.12,-0.35,-1.8305,1.6998,24837199,460895872.12,37281052195.8,27426109676.7
2012-08-08,'000562,宏源证券,19.12,19.63,18.85,18.95,18.78,0.34,1.8104,1.3815,20186293,388560643.8,37976223653.9,27937518221.5
2012-08-07,'000562,宏源证券,18.78,19.35,18.73,19.27,19.37,-0.59,-3.0459,1.0615,15510122,294842288.12,37300914237.5,27440721349.4
2012-08-06,'000562,宏源证券,19.37,19.52,18.8,19.0,19.2,0.17,0.8854,1.3542,19786697,380632797.11,38472774695.4,28302810039.3
2012-08-03,'000562,宏源证券,19.2,19.28,18.75,19.21,18.95,0.25,1.3193,1.2034,17583394,335025224.58,38135119987.2,28054411603.2
2012-08-02,'000562,宏源证券,18.95,19.24,18.51,18.78,18.94,0.01,0.0528,1.1642,17010949,320448362.95,37638568945.7,27689119785.5
2012-08-01,'000562,宏源证券,18.94,19.19,17.77,17.85,17.95,0.99,5.5153,1.5953,23310073,434777943.24,37618706904.0,27674508112.7
2012-07-31,'000562,宏源证券,17.95,18.28,17.6,17.81,17.9,0.05,0.2793,0.8951,13078459,235711043.55,35652364779.7,26227952514.5
2012-07-30,'000562,宏源证券,17.9,18.45,17.65,18.21,18.22,-0.32,-1.7563,0.9138,13352480,239994182.52,35553054571.4,26154894150.9
2012-07-27,'000562,宏源证券,18.22,18.64,17.91,18.34,18.18,0.04,0.22,1.1987,17514789,320688104.67,36188639904.5,26622467677.6
2012-07-26,'000562,宏源证券,18.18,18.56,17.86,18.11,18.22,-0.04,-0.2195,1.4984,21894251,398929335.98,36109191737.9,26564020986.8
2012-07-25,'000562,宏源证券,18.22,19.05,18.22,18.92,19.12,-0.9,-4.7071,1.3616,19894614,371340005.19,36188639904.5,26622467677.6
2012-07-24,'000562,宏源证券,19.12,19.37,18.61,19.02,19.27,-0.15,-0.7784,1.55,22648568,431540577.02,37976223653.9,27937518221.5
2012-07-23,'000562,宏源证券,19.27,19.6,18.5,19.0,19.28,-0.01,-0.0519,1.4481,21158715,403452960.18,38274154278.8,28156693312.2
2012-07-20,'000562,宏源证券,19.28,19.7,18.84,18.84,18.95,0.33,1.7414,1.8499,27030280,520666742.28,38294016320.5,28171304984.9
2012-07-19,'000562,宏源证券,18.95,19.98,18.79,18.95,19.25,-0.3,-1.5584,3.1224,45623207,881452249.64,37638568945.7,27689119785.5
2012-07-18,'000562,宏源证券,19.25,19.53,17.94,18.0,18.14,1.11,6.1191,3.0511,44581507,829761644.12,38234430195.5,28127469966.8
2012-07-17,'000562,宏源证券,18.14,18.73,16.76,16.8,17.04,1.1,6.4554,2.1287,31104460,561040571.41,36029743571.2,26505574295.9
2012-07-16,'000562,宏源证券,17.04,17.46,17.01,17.41,17.29,-0.25,-1.4459,0.7957,11626605,200444964.09,33844918988.6,24898290297.8
2012-07-13,'000562,宏源证券,17.29,17.79,17.11,17.2,17.36,-0.07,-0.4032,0.9004,13156989,229656709.42,34341470030.1,25263582115.6
2012-07-12,'000562,宏源证券,17.36,17.56,16.1,16.66,16.66,0.7,4.2017,1.4404,21046127,355696052.52,34480504321.8,25365863824.6
2012-07-11,'000562,宏源证券,16.66,16.8,16.33,16.49,16.56,0.1,0.6039,0.721,10534943,174594920.29,33090161405.6,24343046734.9
2012-07-10,'000562,宏源证券,16.56,16.83,15.9,16.2,16.31,0.25,1.5328,0.6668,9742689,161160364.95,32891540989.0,24196930007.8
2012-07-09,'000562,宏源证券,16.31,16.97,16.19,16.68,16.8,-0.49,-2.9167,0.9858,14403591,239785471.19,32394989947.5,23831638190.0
2012-07-06,'000562,宏源证券,16.8,16.99,15.83,16.08,15.87,0.93,5.8601,0.9515,13903108,227450153.37,33368229988.8,24547610152.8
2012-07-05,'000562,宏源证券,15.87,16.7,15.6,16.58,16.72,-0.85,-5.0837,0.7975,11652427,186620202.35,31521060114.4,23188724590.8
2012-07-04,'000562,宏源证券,16.72,16.91,16.6,16.79,16.77,-0.05,-0.2982,0.338,4939279,82728966.48,33209333655.5,24430716771.1
2012-07-03,'000562,宏源证券,16.77,17.07,16.55,16.66,16.68,0.09,0.5396,0.6337,9258707,155765069.68,33308643863.8,24503775134.7
2012-07-02,'000562,宏源证券,16.68,16.94,16.55,16.81,16.54,0.14,0.8464,0.7418,10839260,181561200.74,33129885488.9,24372270080.3
2012-06-29,'000562,宏源证券,16.54,16.6,15.56,15.7,15.76,0.78,4.9492,0.8208,11993226,195144386.4,32851816905.6,24167706662.3
2012-06-28,'000562,宏源证券,15.76,16.26,15.69,15.96,15.88,-0.12,-0.7557,0.5202,7601564,121711245.15,31302577656.2,23027996191.0
2012-06-27,'000562,宏源证券,15.88,16.45,15.86,16.08,16.24,-0.36,-2.2167,0.6249,9131208,147291610.02,23203922156.1,23203336263.5
2012-06-26,'000562,宏源证券,16.24,16.38,15.75,16.05,16.2,0.04,0.2469,0.9228,13484208,216457052.36,23729955655.8,23729356481.0
2012-06-25,'000562,宏源证券,16.2,17.08,16.2,16.85,18.0,-1.8,-10.0,0.9962,14555434,242389649.64,23671507489.2,23670909790.2
2012-06-21,'000562,宏源证券,18.0,18.0,16.58,17.22,17.49,0.51,2.916,1.1754,17175114,290003726.99,26301674988.0,26301010878.0
2012-06-20,'000562,宏源证券,17.49,18.3,17.45,18.21,18.11,-0.62,-3.4235,0.9742,14235215,252067481.1,25556460863.3,25555815569.8
2012-06-19,'000562,宏源证券,18.11,18.54,18.08,18.2,18.28,-0.17,-0.93,0.681,9950870,182105975.14,26462407446.3,26461739277.8
2012-06-18,'000562,宏源证券,18.28,18.55,18.01,18.12,18.03,0.25,1.3866,0.9115,13317927,243770447.06,26710812154.5,26710137713.9
2012-06-15,'000562,宏源证券,18.03,18.15,17.61,17.84,17.71,0.32,1.8069,1.0221,14935166,267863811.98,26345511113.0,26344845896.1
2012-06-14,'000562,宏源证券,17.71,18.06,17.7,17.98,18.05,-0.34,-1.8837,0.796,11630809,207587889.75,25877925779.9,25877272369.4
2012-06-13,'000562,宏源证券,18.05,18.48,17.64,17.7,17.6,0.45,2.5568,1.4957,21854964,396396181.04,26374735196.3,26374069241.5
2012-06-12,'000562,宏源证券,17.6,17.85,17.48,17.49,17.69,-0.09,-0.5088,0.7569,11059301,195078483.31,25717193321.6,25716543969.6
2012-06-11,'000562,宏源证券,17.69,17.78,17.02,17.2,17.23,0.46,2.6698,0.9623,14061482,245530360.41,25848701696.5,25848049024.0
2012-06-08,'000562,宏源证券,17.23,17.76,16.92,17.2,16.8,0.43,2.5595,1.391,20324997,351972646.02,25176547780.2,25175912079.3
2012-06-07,'000562,宏源证券,16.8,17.29,16.71,17.18,16.76,0.04,0.2387,0.7131,10418986,177255202.15,24548229988.8,24547610152.8
2012-06-06,'000562,宏源证券,16.76,17.2,16.61,17.0,17.05,-0.29,-1.7009,0.6574,9605554,162695756.88,24489781822.2,24489163462.0
2012-06-05,'000562,宏源证券,17.05,17.29,16.64,17.15,16.95,0.1,0.59,0.9354,13667656,231974298.56,24913531030.3,24912901970.5
2012-06-04,'000562,宏源证券,16.95,17.92,16.91,17.4,17.89,-0.94,-5.2543,1.177,17198136,299879510.7,24767410613.7,24766785243.5
2012-06-01,'000562,宏源证券,17.89,18.15,17.65,17.69,17.6,0.29,1.6477,1.1086,16198364,289668002.72,26140942529.7,26140282478.2
2012-05-31,'000562,宏源证券,17.6,18.0,17.39,17.43,17.64,-0.04,-0.2268,1.0905,15934680,283022409.41,25717193321.6,25716543969.6
2012-05-30,'000562,宏源证券,17.64,17.9,17.48,17.67,17.67,-0.03,-0.1698,0.9673,14134247,249952462.97,25775641488.2,25774990660.4
2012-05-29,'000562,宏源证券,17.67,18.2,16.61,16.71,16.84,0.83,4.9287,2.1693,31697459,557302539.09,25819477613.2,25818825678.6
2012-05-28,'000562,宏源证券,16.84,16.94,15.96,16.38,16.63,0.21,1.2628,1.4906,21779763,357514991.57,24606678155.4,24606056843.6
2012-05-25,'000562,宏源证券,16.63,17.18,16.33,17.0,17.0,-0.37,-2.1765,1.4723,21513278,360564398.78,24299825280.6,24299211716.7
2012-05-24,'000562,宏源证券,17.0,17.58,16.9,17.38,17.6,-0.6,-3.4091,1.4907,21781742,372979517.48,24840470822.0,24839843607.0
2012-05-23,'000562,宏源证券,17.6,17.87,16.88,16.97,17.2,0.4,2.3256,2.0954,30617185,532328868.49,25717193321.6,25716543969.6
2012-05-22,'000562,宏源证券,17.2,17.45,16.84,17.03,16.9,0.3,1.7751,1.7849,26080323,447009698.64,25132711655.2,25132077061.2
2012-05-21,'000562,宏源证券,16.9,17.4,16.7,17.39,17.48,-0.58,-3.3181,1.9599,28636849,486832869.05,24694350405.4,24693726879.9
2012-05-18,'000562,宏源证券,17.48,17.83,16.92,16.99,17.09,0.39,2.282,3.6941,53977454,936385726.85,25541848821.7,25541203897.1
2012-05-17,'000562,宏源证券,17.09,17.09,15.63,15.66,15.54,1.55,9.9743,3.1546,46094142,774506985.79,24971979196.9,24971348661.4
2012-05-16,'000562,宏源证券,15.54,16.28,15.47,15.83,15.93,-0.39,-2.4482,1.0594,15480302,247391405.83,22707112739.6,22706539391.3
2012-05-15,'000562,宏源证券,15.93,15.96,15.22,15.3,15.42,0.51,3.3074,0.9836,14372178,224584288.85,23276982364.4,23276394627.0
2012-05-14,'000562,宏源证券,15.42,15.86,15.17,15.4,15.16,0.26,1.715,0.891,13018680,202471254.91,22531768239.7,22531199318.8
2012-05-11,'000562,宏源证券,15.16,15.51,15.1,15.22,15.32,-0.16,-1.0444,0.4209,6149834,94133974.65,22151855156.6,22151295828.4
2012-05-10,'000562,宏源证券,15.32,15.53,14.96,15.27,15.26,0.06,0.3932,0.589,8605927,131033891.13,22385647823.1,22385082591.7
