日期,股票代码,名称,收盘价,最高价,最低价,开盘价,前收盘,涨跌额,涨跌幅,换手率,成交量,成交金额,总市值,流通市值
2017-05-15,'001979,招商蛇口,18.61,18.9,18.48,18.7,18.65,-0.04,-0.2145,1.3419,25499233,475419724.64,1.47095165556e+11,35363388963.8
2017-05-12,'001979,招商蛇口,18.65,18.82,18.26,18.3,18.37,0.28,1.5242,1.4059,26715038,496973534.99,1.47411329265e+11,35439398397.3
2017-05-11,'001979,招商蛇口,18.37,18.44,17.92,18.09,18.07,0.3,1.6602,1.2238,23255782,424067649.15,1.45198183303e+11,34907332362.4
2017-05-10,'001979,招商蛇口,18.07,18.56,18.03,18.08,18.04,0.03,0.1663,1.3543,25734464,470905345.46,1.42826955487e+11,34337261610.7
2017-05-09,'001979,招商蛇口,18.04,18.15,17.77,17.8,17.82,0.22,1.2346,0.8616,16372699,294230151.21,1.42589832705e+11,34280254535.6
2017-05-08,'001979,招商蛇口,17.82,18.2,17.74,18.12,18.23,-0.41,-2.249,1.4473,27502405,492236953.1,1.40850932306e+11,33862202651.0
2017-05-05,'001979,招商蛇口,18.23,18.74,18.23,18.68,18.8,-0.57,-3.0319,1.6109,30611647,564038216.08,1.44091610322e+11,34641299345.0
2017-05-04,'001979,招商蛇口,18.8,19.02,18.76,18.85,18.98,-0.18,-0.9484,1.1447,21752415,410364449.7,1.48596943174e+11,35724433773.2
2017-05-03,'001979,招商蛇口,18.98,19.24,18.85,18.9,18.88,0.1,0.5297,1.3386,25437363,483915811.84,1.50019679864e+11,36066476224.2
2017-05-02,'001979,招商蛇口,18.88,19.13,18.81,19.1,19.12,-0.24,-1.2552,1.289,24494453,463502085.17,1.49229270591e+11,35876452640.3
2017-04-28,'001979,招商蛇口,19.12,19.3,18.83,19.05,19.05,0.07,0.3675,1.0738,20403856,390463515.46,1.51126252845e+11,36332509241.7
2017-04-27,'001979,招商蛇口,19.05,19.4,18.76,19.38,19.38,-0.33,-1.7028,1.9718,37468561,714685660.31,1.50572966354e+11,36199492732.9
2017-04-26,'001979,招商蛇口,19.38,19.44,19.03,19.16,19.11,0.27,1.4129,1.2693,24118950,464063511.55,1.53181316952e+11,36826570559.8
2017-04-25,'001979,招商蛇口,19.11,19.53,19.09,19.23,19.23,-0.12,-0.624,1.5792,30009056,579332765.23,1.51047211917e+11,36313506883.3
2017-04-24,'001979,招商蛇口,19.23,19.62,19.11,19.6,19.75,-0.52,-2.6329,1.6228,30836443,597012774.8,1.51995703044e+11,36541535184.0
2017-04-21,'001979,招商蛇口,19.75,20.33,19.73,19.98,19.79,-0.04,-0.2021,1.6542,31432773,629281891.77,1.5610583126e+11,37529657820.2
2017-04-20,'001979,招商蛇口,19.79,20.17,19.56,19.65,19.6,0.19,0.9694,2.177,41367954,823528070.56,1.56421994968e+11,37605667253.8
2017-04-19,'001979,招商蛇口,19.6,19.71,19.0,19.57,19.76,-0.16,-0.8097,2.3859,45338643,879299350.07,1.54920217351e+11,37244622444.4
2017-04-18,'001979,招商蛇口,19.76,20.28,19.73,19.85,19.76,0.0,0.0,2.0989,39884846,797683547.44,1.56184872187e+11,37548660178.6
2017-04-17,'001979,招商蛇口,19.76,19.97,19.46,19.97,19.99,-0.23,-1.1506,2.4018,45639126,900985147.44,1.56184872187e+11,37548660178.6
2017-04-14,'001979,招商蛇口,19.99,20.79,19.97,20.62,20.8,-0.81,-3.8942,3.3689,64016747,1303132181.46,1.58002813513e+11,37985714421.6
2017-04-13,'001979,招商蛇口,20.8,21.29,20.22,20.97,20.95,-0.15,-0.716,4.8108,91416475,1896797685.83,1.64405128618e+11,39524905451.2
2017-04-12,'001979,招商蛇口,20.95,22.14,20.66,21.48,20.13,0.82,4.0735,9.9509,189090641,4030738726.23,1.65590742526e+11,39809940827.1
2017-04-11,'001979,招商蛇口,20.13,20.34,18.83,19.58,19.53,0.6,3.0722,5.5823,106076553,2069836046.56,1.59109386494e+11,38251747439.1
2017-04-10,'001979,招商蛇口,19.53,19.6,18.28,18.35,18.19,1.34,7.3667,6.5476,124420508,2375510814.22,1.54366930861e+11,37111605935.7
2017-04-07,'001979,招商蛇口,18.19,18.49,18.01,18.32,18.33,-0.14,-0.7638,1.7982,34170272,623441557.26,1.43775446613e+11,34565289911.4
2017-04-06,'001979,招商蛇口,18.33,18.45,17.9,17.91,18.03,0.3,1.6639,2.4296,46167905,843669015.53,1.44882019594e+11,34831322928.9
2017-04-05,'001979,招商蛇口,18.03,19.17,17.95,18.48,17.6,0.43,2.4432,3.7239,70763291,1297321234.48,1.42510791778e+11,34261252177.2
2017-03-31,'001979,招商蛇口,17.6,17.64,17.39,17.43,17.47,0.13,0.7441,0.8142,15472453,271870614.28,1.39112031907e+11,33444150766.4
2017-03-30,'001979,招商蛇口,17.47,17.61,17.28,17.52,17.51,-0.04,-0.2284,1.2012,22825648,397900352.98,1.38084499853e+11,33197120107.3
2017-03-29,'001979,招商蛇口,17.51,17.8,17.36,17.68,17.66,-0.15,-0.8494,0.8092,15375918,270380170.18,1.38400663562e+11,33273129540.9
2017-03-28,'001979,招商蛇口,17.66,18.11,17.64,17.8,17.77,-0.11,-0.619,1.6824,31969607,571715163.53,1.39586277471e+11,33558164916.7
2017-03-27,'001979,招商蛇口,17.77,17.83,17.52,17.63,17.65,0.12,0.6799,1.1912,21047520,373263176.25,1.4045572767e+11,31399135781.0
2017-03-24,'001979,招商蛇口,17.65,17.68,17.29,17.31,17.36,0.29,1.6705,1.6617,29362301,514435084.16,1.39507236543e+11,31187098848.3
2017-03-23,'001979,招商蛇口,17.36,17.44,17.21,17.31,17.26,0.1,0.5794,1.1756,20772638,359430735.93,1.37215049654e+11,30674676261.0
2017-03-22,'001979,招商蛇口,17.26,17.49,17.19,17.42,17.57,-0.31,-1.7644,1.442,25479559,440707040.05,1.36424640382e+11,30497978817.1
2017-03-21,'001979,招商蛇口,17.57,17.68,17.41,17.43,17.42,0.15,0.8611,1.1334,20027087,351686166.61,1.38874909126e+11,31045740893.2
2017-03-20,'001979,招商蛇口,17.42,17.74,17.24,17.51,17.76,-0.34,-1.9144,2.3991,42391942,738875971.41,1.37689295217e+11,30780694727.4
2017-03-17,'001979,招商蛇口,17.76,18.48,17.69,18.32,18.31,-0.55,-3.0038,2.28,40286484,725043048.85,1.40376686743e+11,31381466036.6
2017-03-16,'001979,招商蛇口,18.31,18.55,18.11,18.33,18.25,0.06,0.3288,1.5167,26800073,490413353.14,1.4472393774e+11,32353301978.1
2017-03-15,'001979,招商蛇口,18.25,18.54,18.05,18.15,18.1,0.15,0.8287,2.0221,35730436,654926516.09,1.44249692176e+11,32247283511.8
2017-03-14,'001979,招商蛇口,18.1,18.55,17.93,18.05,18.1,0.0,0.0,2.31,40817408,746038724.44,1.43064078268e+11,31982237345.9
2017-03-13,'001979,招商蛇口,18.1,18.29,17.44,17.65,17.65,0.45,2.5496,2.9726,52525299,943423848.72,1.43064078268e+11,31982237345.9
2017-03-10,'001979,招商蛇口,17.65,17.82,17.51,17.58,17.54,0.11,0.6271,1.3807,24396588,431063341.49,1.39507236543e+11,31187098848.3
2017-03-09,'001979,招商蛇口,17.54,17.83,17.5,17.8,17.79,-0.25,-1.4053,1.0965,19375468,341342933.51,1.38637786344e+11,30992731660.1
2017-03-08,'001979,招商蛇口,17.79,17.91,17.6,17.75,17.75,0.04,0.2254,1.7349,30655391,545738130.62,1.40613809524e+11,31434475269.8
2017-03-07,'001979,招商蛇口,17.75,17.96,17.56,17.67,17.67,0.08,0.4527,1.7479,30885339,549458807.36,1.40297645816e+11,31363796292.2
2017-03-06,'001979,招商蛇口,17.67,17.75,17.3,17.3,17.28,0.39,2.2569,1.9458,34381735,605006028.43,1.39665318398e+11,31222438337.1
2017-03-03,'001979,招商蛇口,17.28,17.33,17.13,17.26,17.29,-0.01,-0.0578,0.7424,13117937,225984430.01,1.36582722236e+11,30533318305.9
2017-03-02,'001979,招商蛇口,17.29,17.53,17.29,17.46,17.45,-0.16,-0.9169,0.8555,15116728,262751199.56,1.36661763163e+11,30550988050.3
2017-03-01,'001979,招商蛇口,17.45,17.5,17.13,17.2,17.13,0.32,1.8681,1.9234,33985144,589820212.24,1.37926417999e+11,30833703960.5
2017-02-28,'001979,招商蛇口,17.13,17.2,17.02,17.15,17.12,0.01,0.0584,0.744,13145921,224760178.98,1.35397108328e+11,30268272140.1
2017-02-27,'001979,招商蛇口,17.12,17.35,17.03,17.35,17.33,-0.21,-1.2118,1.0163,17958423,308215992.93,1.35318067401e+11,30250602395.7
2017-02-24,'001979,招商蛇口,17.33,17.39,17.1,17.16,17.2,0.13,0.7558,0.917,16203078,279478209.55,1.36977926872e+11,30621667027.9
2017-02-23,'001979,招商蛇口,17.2,17.32,17.08,17.32,17.37,-0.17,-0.9787,1.143,20196654,346813602.23,1.35950394818e+11,30391960350.8
2017-02-22,'001979,招商蛇口,17.37,17.47,17.22,17.38,17.37,0.0,0.0,1.0818,19114521,331395126.61,1.37294090581e+11,30692346005.4
2017-02-21,'001979,招商蛇口,17.37,17.65,17.22,17.37,17.33,0.04,0.2308,1.8877,33354331,581285244.29,1.37294090581e+11,30692346005.4
2017-02-20,'001979,招商蛇口,17.33,17.35,16.68,16.74,16.71,0.62,3.7104,2.2395,39570574,676051829.08,1.36977926872e+11,30621667027.9
2017-02-17,'001979,招商蛇口,16.71,17.08,16.64,16.95,16.91,-0.2,-1.1827,1.0532,18609109,312732090.91,1.32077389385e+11,29526142875.7
2017-02-16,'001979,招商蛇口,16.91,17.02,16.75,16.78,16.84,0.07,0.4157,0.9634,17022932,287528674.57,1.33658207929e+11,29879537763.5
2017-02-15,'001979,招商蛇口,16.84,17.15,16.83,17.1,17.1,-0.26,-1.5205,1.157,20444374,346138856.34,1.33104921438e+11,29755849552.8
2017-02-14,'001979,招商蛇口,17.1,17.32,17.0,17.18,17.14,-0.04,-0.2334,0.9086,16054533,274953208.95,1.35159985546e+11,30215262906.9
2017-02-13,'001979,招商蛇口,17.14,17.22,17.01,17.09,17.1,0.04,0.2339,0.977,17263624,295487356.49,1.35476149255e+11,30285941884.5
2017-02-10,'001979,招商蛇口,17.1,17.26,16.97,17.12,17.14,-0.04,-0.2334,1.2369,21856418,374164752.25,1.35159985546e+11,30215262906.9
2017-02-09,'001979,招商蛇口,17.14,17.48,16.47,16.47,16.47,0.67,4.068,3.1942,56441515,968284704.56,1.35476149255e+11,30285941884.5
2017-02-08,'001979,招商蛇口,16.47,16.48,16.24,16.25,16.29,0.18,1.105,0.5926,10470987,171425388.45,1.30180407131e+11,29102069010.3
2017-02-07,'001979,招商蛇口,16.29,16.42,16.21,16.32,16.32,-0.03,-0.1838,0.5438,9608086,156628138.82,1.28757670441e+11,28784013611.3
2017-02-06,'001979,招商蛇口,16.32,16.67,16.17,16.64,16.57,-0.25,-1.5088,1.1364,20079096,328300031.06,1.28994793223e+11,28837022844.5
2017-02-03,'001979,招商蛇口,16.57,16.74,16.51,16.63,16.64,-0.07,-0.4207,0.4659,8231612,136830356.17,1.30970816404e+11,29278766454.2
2017-01-26,'001979,招商蛇口,16.64,16.65,16.48,16.5,16.48,0.16,0.9709,0.6227,11002428,182446637.25,1.31524102894e+11,29402454665.0
2017-01-25,'001979,招商蛇口,16.48,16.53,16.41,16.5,16.48,0.0,0.0,0.484,8552260,140772917.28,1.30259448059e+11,29119738754.7
2017-01-24,'001979,招商蛇口,16.48,16.66,16.43,16.6,16.63,-0.15,-0.902,0.5798,10245028,169099952.45,1.30259448059e+11,29119738754.7
2017-01-23,'001979,招商蛇口,16.63,16.71,16.54,16.67,16.52,0.11,0.6659,0.6646,11743720,195437827.15,1.31445061967e+11,29384784920.6
2017-01-20,'001979,招商蛇口,16.52,16.55,16.39,16.41,16.39,0.13,0.7932,0.6013,10624256,175306002.47,1.30575611767e+11,29190417732.3
2017-01-19,'001979,招商蛇口,16.39,16.55,16.36,16.4,16.5,-0.11,-0.6667,0.4249,7507923,123436397.16,1.29548079714e+11,28960711055.2
2017-01-18,'001979,招商蛇口,16.5,16.6,16.21,16.33,16.31,0.19,1.1649,0.8592,15181448,250212500.0,1.30417529913e+11,29155078243.5
2017-01-17,'001979,招商蛇口,16.31,16.32,15.93,15.96,15.95,0.36,2.2571,1.1407,20155038,326370340.49,1.28915752296e+11,28819353100.1
2017-01-16,'001979,招商蛇口,15.95,16.3,15.58,16.24,16.29,-0.34,-2.0872,1.4007,24749403,396530858.25,1.26070278916e+11,28183242302.0
2017-01-13,'001979,招商蛇口,16.29,16.81,16.26,16.81,16.61,-0.32,-1.9266,1.0776,19041255,313786026.65,1.28757670441e+11,28784013611.3
2017-01-12,'001979,招商蛇口,16.61,16.86,16.58,16.81,16.79,-0.18,-1.0721,0.8634,15255695,254691054.63,1.31286980112e+11,29349445431.8
2017-01-11,'001979,招商蛇口,16.79,17.15,16.76,16.89,16.95,-0.16,-0.944,1.096,19366223,328594339.05,1.32709716802e+11,29667500830.8
2017-01-10,'001979,招商蛇口,16.95,17.17,16.81,16.86,16.81,0.14,0.8328,1.1589,20477432,348414265.84,1.33974371638e+11,29950216741.0
2017-01-09,'001979,招商蛇口,16.81,16.85,16.68,16.71,16.71,0.1,0.5984,0.7116,12573929,211183438.59,1.32867798657e+11,29702840319.6
2017-01-06,'001979,招商蛇口,16.71,16.86,16.66,16.84,16.82,-0.11,-0.654,0.6622,11701496,195631842.6,1.32077389385e+11,29526142875.7
2017-01-05,'001979,招商蛇口,16.82,16.9,16.74,16.78,16.76,0.06,0.358,0.9298,16428517,276521504.48,1.32946839584e+11,29720510064.0
2017-01-04,'001979,招商蛇口,16.76,16.77,16.6,16.61,16.65,0.11,0.6607,0.9088,16058493,268056268.55,1.32472594021e+11,29614491597.6
2017-01-03,'001979,招商蛇口,16.65,16.72,16.4,16.42,16.39,0.26,1.5863,0.8734,15432828,256456585.05,1.31603143821e+11,29420124409.3
2016-12-30,'001979,招商蛇口,16.39,16.55,16.34,16.43,16.37,0.02,0.1222,0.8395,14833518,243692466.77,1.29548079714e+11,28960711055.2
2016-12-29,'001979,招商蛇口,16.37,16.55,16.34,16.43,16.42,-0.05,-0.3045,1.0184,17994667,295582902.45,1.29389997859e+11,28925371566.4
2016-12-28,'001979,招商蛇口,16.42,16.7,16.39,16.7,16.7,-0.28,-1.6766,0.887,15672750,258724074.13,1.29785202495e+11,29013720288.4
2016-12-27,'001979,招商蛇口,16.7,16.84,16.4,16.51,16.56,0.14,0.8454,1.0929,19311938,322334890.17,1.31998348457e+11,29508473131.3
2016-12-26,'001979,招商蛇口,16.56,16.61,16.18,16.39,16.51,0.05,0.3028,0.9283,16402434,268648916.46,1.30891775476e+11,29261096709.8
2016-12-23,'001979,招商蛇口,16.51,16.91,16.5,16.9,16.9,-0.39,-2.3077,1.1219,19824543,330595814.76,1.3049657084e+11,29172747987.9
2016-12-22,'001979,招商蛇口,16.9,16.96,16.63,16.83,16.88,0.02,0.1185,1.2701,22441578,376942100.26,1.33579167002e+11,29861868019.1
2016-12-21,'001979,招商蛇口,16.88,16.96,16.77,16.85,16.78,0.1,0.5959,1.1267,19907795,335510462.74,1.33421085147e+11,29826528530.3
2016-12-20,'001979,招商蛇口,16.78,16.97,16.72,16.9,16.9,-0.12,-0.7101,0.9634,17023793,286290760.0,1.32630675875e+11,29649831086.4
2016-12-19,'001979,招商蛇口,16.9,17.16,16.78,17.05,17.13,-0.23,-1.3427,1.2008,21218320,360370319.21,1.33579167002e+11,29861868019.1
2016-12-16,'001979,招商蛇口,17.13,17.23,16.89,17.03,16.95,0.18,1.0619,1.6345,28880966,493597061.29,1.35397108328e+11,30268272140.1
2016-12-15,'001979,招商蛇口,16.95,17.2,16.8,17.03,17.07,-0.12,-0.703,1.7137,30280412,513537255.25,1.33974371638e+11,29950216741.0
2016-12-14,'001979,招商蛇口,17.07,17.62,17.07,17.5,17.42,-0.35,-2.0092,1.9867,35104486,607943992.26,1.34922862765e+11,30162253673.7
2016-12-13,'001979,招商蛇口,17.42,17.68,17.1,17.43,17.41,0.01,0.0574,2.601,45959347,797832378.16,1.37689295217e+11,30780694727.4
2016-12-12,'001979,招商蛇口,17.41,18.41,17.36,18.25,18.21,-0.8,-4.3932,2.2175,39181833,695441606.05,1.3761025429e+11,30763024983.0
2016-12-09,'001979,招商蛇口,18.21,18.43,17.66,17.67,17.71,0.5,2.8233,2.0391,36030053,652116829.2,1.43933528468e+11,32176604534.2
2016-12-08,'001979,招商蛇口,17.71,18.05,17.7,17.97,17.97,-0.26,-1.4469,1.216,21486661,382250250.31,1.39981482107e+11,31293117314.7
2016-12-07,'001979,招商蛇口,17.97,18.07,17.46,17.69,17.66,0.31,1.7554,1.5477,27347999,485998490.77,1.42036546214e+11,31752530668.8
2016-12-06,'001979,招商蛇口,17.66,17.99,17.55,17.78,17.78,-0.12,-0.6749,2.1622,38205312,677494189.42,1.39586277471e+11,31204768592.7
2016-12-05,'001979,招商蛇口,17.78,18.9,17.62,18.9,19.3,-1.52,-7.8756,5.2557,92867741,1679328887.64,1.40534768597e+11,31416805525.4
2016-12-02,'001979,招商蛇口,19.3,20.1,19.26,19.9,20.06,-0.76,-3.7886,2.6682,47146644,923503837.25,1.52548989535e+11,34102606672.7
2016-12-01,'001979,招商蛇口,20.06,20.16,19.25,19.3,19.3,0.76,3.9378,5.3482,94500565,1872807906.03,1.58556100003e+11,35445507246.3
2016-11-30,'001979,招商蛇口,19.3,19.7,18.91,19.55,19.3,0.0,0.0,2.8135,49714633,961683186.07,1.52548989535e+11,34102606672.7
2016-11-29,'001979,招商蛇口,19.3,20.1,19.06,19.22,19.35,-0.05,-0.2584,4.5963,81214568,1579663139.39,1.52548989535e+11,34102606672.7
2016-11-28,'001979,招商蛇口,19.35,20.31,19.05,19.7,19.51,-0.16,-0.8201,4.7907,84650806,1651264837.9,1.52944194171e+11,34190955394.7
2016-11-25,'001979,招商蛇口,19.51,20.45,18.79,18.79,18.79,0.72,3.8318,6.4419,113826110,2232052922.54,1.54208849006e+11,34473671304.9
2016-11-24,'001979,招商蛇口,18.79,19.25,17.43,17.5,17.69,1.1,6.2182,5.4226,95816250,1776728793.32,1.48517902246e+11,33201449708.8
2016-11-23,'001979,招商蛇口,17.69,18.2,16.96,16.96,16.96,0.73,4.3042,4.5194,79855929,1408672587.44,1.39823400252e+11,31257777825.9
2016-11-22,'001979,招商蛇口,16.96,17.3,16.92,17.15,17.06,-0.1,-0.5862,1.3618,24063308,410743171.01,1.34053412565e+11,29967886485.4
2016-11-21,'001979,招商蛇口,17.06,17.18,16.45,16.51,16.47,0.59,3.5823,2.25,39757622,670260891.65,1.34843821837e+11,30144583929.3
2016-11-18,'001979,招商蛇口,16.47,16.72,16.4,16.47,16.38,0.09,0.5495,0.9808,17330808,287756683.61,1.30180407131e+11,29102069010.3
2016-11-17,'001979,招商蛇口,16.38,16.47,16.31,16.47,16.5,-0.12,-0.7273,0.7914,13983472,229016981.34,1.29469038786e+11,28943041310.8
2016-11-16,'001979,招商蛇口,16.5,16.71,16.48,16.68,16.68,-0.18,-1.0791,0.8883,15696239,259553363.29,1.30417529913e+11,29155078243.5
2016-11-15,'001979,招商蛇口,16.68,16.84,16.51,16.63,16.6,0.08,0.4819,0.9295,16423485,273738165.61,1.31840266603e+11,29473133642.5
2016-11-14,'001979,招商蛇口,16.6,16.95,16.53,16.79,16.81,-0.21,-1.2493,1.1007,19449498,325032324.34,1.31207939185e+11,29331775687.4
2016-11-11,'001979,招商蛇口,16.81,16.87,16.67,16.8,16.78,0.03,0.1788,0.843,14894723,249793836.02,1.32867798657e+11,29702840319.6
2016-11-10,'001979,招商蛇口,16.78,16.97,16.56,16.65,16.51,0.27,1.6354,1.3558,23956239,403174978.46,1.32630675875e+11,29649831086.4
2016-11-09,'001979,招商蛇口,16.51,16.68,16.23,16.51,16.48,0.03,0.182,1.3158,23250416,383488817.16,1.3049657084e+11,29172747987.9
2016-11-08,'001979,招商蛇口,16.48,16.64,16.43,16.53,16.46,0.02,0.1215,0.7139,12613903,208213643.81,1.30259448059e+11,29119738754.7
2016-11-07,'001979,招商蛇口,16.46,16.63,16.43,16.6,16.54,-0.08,-0.4837,0.5689,10052107,165778072.71,1.30101366204e+11,29084399265.9
2016-11-04,'001979,招商蛇口,16.54,16.78,16.48,16.6,16.56,-0.02,-0.1208,0.795,14047447,233601593.0,1.30733693622e+11,29225757221.1
2016-11-03,'001979,招商蛇口,16.56,16.78,16.45,16.5,16.49,0.07,0.4245,1.002,17705527,293705732.8,1.30891775476e+11,29261096709.8
2016-11-02,'001979,招商蛇口,16.49,16.99,16.43,16.99,17.01,-0.52,-3.057,1.5718,27773038,462308360.52,1.30338488986e+11,29137408499.1
2016-11-01,'001979,招商蛇口,17.01,17.04,16.78,16.84,16.87,0.14,0.8299,0.8642,15269649,258130184.26,1.34448617201e+11,30056235207.4
2016-10-31,'001979,招商蛇口,16.87,16.92,16.6,16.9,16.79,0.08,0.4765,0.6188,10933767,183687900.8,1.3334204422e+11,29808858785.9
2016-10-28,'001979,招商蛇口,16.79,17.12,16.78,16.88,16.96,-0.17,-1.0024,1.0562,18662160,315429194.79,1.32709716802e+11,29667500830.8
2016-10-27,'001979,招商蛇口,16.96,17.24,16.75,16.82,16.9,0.06,0.355,1.5757,27841995,474479846.72,1.34053412565e+11,29967886485.4
2016-10-26,'001979,招商蛇口,16.9,17.05,16.7,17.0,17.01,-0.11,-0.6467,1.3021,23007267,387762627.16,1.33579167002e+11,29861868019.1
2016-10-25,'001979,招商蛇口,17.01,17.1,16.86,16.9,16.92,0.09,0.5319,1.3389,23657779,401953879.5,1.34448617201e+11,30056235207.4
2016-10-24,'001979,招商蛇口,16.92,17.65,16.91,17.4,17.51,-0.59,-3.3695,2.1928,38745504,664514528.36,1.33737248856e+11,29897207507.9
2016-10-21,'001979,招商蛇口,17.51,17.52,16.97,17.2,17.28,0.23,1.331,3.2682,57748843,996230421.65,1.38400663562e+11,30939722426.9
2016-10-20,'001979,招商蛇口,17.28,17.35,17.02,17.12,17.2,0.08,0.4651,2.562,45270032,779938161.39,1.36582722236e+11,30533318305.9
2016-10-19,'001979,招商蛇口,17.2,17.2,16.86,16.95,16.94,0.26,1.5348,3.8905,68744945,1173330567.55,1.35950394818e+11,30391960350.8
2016-10-18,'001979,招商蛇口,16.94,16.98,16.3,16.32,16.37,0.57,3.482,3.6104,63795255,1062021726.27,1.33895330711e+11,29932546996.7
2016-10-17,'001979,招商蛇口,16.37,16.62,16.26,16.39,16.4,-0.03,-0.1829,2.6804,47361201,778753629.2,1.29389997859e+11,28925371566.4
2016-10-14,'001979,招商蛇口,16.4,16.5,15.82,16.02,16.0,0.4,2.5,3.3729,59598265,970407424.07,1.29627120641e+11,28978380799.6
2016-10-13,'001979,招商蛇口,16.0,16.04,15.36,15.46,15.51,0.49,3.1593,2.7412,48436919,765099840.28,1.26465483552e+11,28271591024.0
2016-10-12,'001979,招商蛇口,15.51,15.52,15.28,15.38,15.37,0.14,0.9109,1.2001,21206042,326244072.88,1.22592478118e+11,27405773548.9
2016-10-11,'001979,招商蛇口,15.37,15.48,15.3,15.41,15.41,-0.04,-0.2596,1.4466,25561169,392830339.39,1.21485905137e+11,27158397127.4
2016-10-10,'001979,招商蛇口,15.41,15.61,14.91,15.61,15.98,-0.57,-3.567,3.0806,54433897,830127246.61,1.21802068846e+11,27229076105.0
2016-09-30,'001979,招商蛇口,15.98,16.08,15.82,15.87,15.88,0.1,0.6297,0.8016,14164210,226370632.34,1.26307401698e+11,28236251535.2
2016-09-29,'001979,招商蛇口,15.88,16.04,15.71,15.71,15.71,0.17,1.0821,1.0481,18520530,294527180.96,1.25516992425e+11,28059554091.3
2016-09-28,'001979,招商蛇口,15.71,15.81,15.57,15.75,15.75,-0.04,-0.254,0.7685,13579108,213469755.53,1.24173296663e+11,27759168436.7
2016-09-27,'001979,招商蛇口,15.75,15.89,15.48,15.53,15.58,0.17,1.0911,1.1172,19740148,309780962.03,1.24489460372e+11,27829847414.2
2016-09-26,'001979,招商蛇口,15.58,15.97,15.58,15.96,15.99,-0.41,-2.5641,1.2146,21461243,337262527.04,1.23145764609e+11,27529461759.6
2016-09-23,'001979,招商蛇口,15.99,16.07,15.83,15.96,15.98,0.01,0.0626,1.2112,21401638,341359652.13,1.26386442625e+11,28253921279.6
2016-09-22,'001979,招商蛇口,15.98,16.18,15.8,15.85,15.74,0.24,1.5248,2.6363,46582175,747870730.02,1.26307401698e+11,28236251535.2
2016-09-21,'001979,招商蛇口,15.74,15.8,15.47,15.5,15.48,0.26,1.6796,1.1727,20720837,324430629.69,1.24410419444e+11,27812177669.9
2016-09-20,'001979,招商蛇口,15.48,15.66,15.45,15.62,15.62,-0.14,-0.8963,0.7678,13566521,210589920.9,1.22355355337e+11,27352764315.7
2016-09-19,'001979,招商蛇口,15.62,15.71,15.46,15.46,15.44,0.18,1.1658,1.0309,18216370,284207697.22,1.23461928318e+11,27600140737.2
2016-09-14,'001979,招商蛇口,15.44,15.48,15.16,15.34,15.34,0.1,0.6519,1.1674,20627012,316881773.27,1.22039191628e+11,27282085338.2
2016-09-13,'001979,招商蛇口,15.34,15.48,15.25,15.46,15.42,-0.08,-0.5188,0.8911,15745483,241285244.55,1.21248782355e+11,27105387894.3
2016-09-12,'001979,招商蛇口,15.42,15.49,15.26,15.45,15.66,-0.24,-1.5326,1.8205,32167666,494000679.83,1.21881109773e+11,27246745849.4
2016-09-09,'001979,招商蛇口,15.66,15.94,15.57,15.91,15.88,-0.22,-1.3854,1.3758,24309790,381795137.76,1.23778092027e+11,27670819714.7
2016-09-08,'001979,招商蛇口,15.88,16.02,15.81,15.81,15.85,0.03,0.1893,0.8342,14739561,234503448.21,1.25516992425e+11,28059554091.3
2016-09-07,'001979,招商蛇口,15.85,16.14,15.84,15.95,15.91,-0.06,-0.3771,1.447,25567301,408215981.73,1.25279869644e+11,28006544858.2
2016-09-06,'001979,招商蛇口,15.91,15.97,15.61,15.77,15.76,0.15,0.9518,1.2131,21435919,338451392.75,1.25754115207e+11,28112563324.5
2016-09-05,'001979,招商蛇口,15.76,15.85,15.68,15.8,15.77,-0.01,-0.0634,0.9219,16289695,256612466.12,1.24568501299e+11,27847517158.6
2016-09-02,'001979,招商蛇口,15.77,16.1,15.66,15.9,15.96,-0.19,-1.1905,2.1959,38801628,615608824.06,1.24647542226e+11,27865186903.0
2016-09-01,'001979,招商蛇口,15.96,16.48,15.95,16.43,16.43,-0.47,-2.8606,2.6512,46846296,756507054.64,1.26149319843e+11,28200912046.4
2016-08-31,'001979,招商蛇口,16.43,16.66,16.21,16.3,16.26,0.17,1.0455,2.811,49669063,817944162.33,1.29864243422e+11,29031390032.8
2016-08-30,'001979,招商蛇口,16.26,16.42,16.21,16.3,16.37,-0.11,-0.672,1.5375,27166903,443136302.77,1.2852054766e+11,28731004378.1
2016-08-29,'001979,招商蛇口,16.37,16.53,16.0,16.16,16.1,0.27,1.677,2.522,44562462,725356183.21,1.29389997859e+11,28925371566.4
2016-08-26,'001979,招商蛇口,16.1,16.23,16.0,16.08,16.06,0.04,0.2491,1.4421,25480668,410318640.36,1.27255892824e+11,28448288467.9
2016-08-25,'001979,招商蛇口,16.06,16.24,15.89,16.16,16.28,-0.22,-1.3514,2.9764,52592143,843454119.36,1.26939729115e+11,28377609490.3
2016-08-24,'001979,招商蛇口,16.28,16.54,16.15,16.35,16.3,-0.02,-0.1227,2.1379,37775335,616243029.41,1.28678629514e+11,28766343866.9
2016-08-23,'001979,招商蛇口,16.3,16.75,16.1,16.18,16.07,0.23,1.4312,3.3307,58852983,964868726.5,1.28836711369e+11,28801683355.7
2016-08-22,'001979,招商蛇口,16.07,16.72,15.93,16.42,16.36,-0.29,-1.7726,2.8955,51163566,832524831.42,1.27018770043e+11,28395279234.7
2016-08-19,'001979,招商蛇口,16.36,16.61,16.31,16.51,16.67,-0.31,-1.8596,2.2666,40050458,657508051.63,1.29310956932e+11,28907701822.0
2016-08-18,'001979,招商蛇口,16.67,17.5,16.35,16.4,16.4,0.27,1.6463,6.0023,106059783,1798011015.39,1.31761225676e+11,29455463898.1
2016-08-17,'001979,招商蛇口,16.4,16.69,16.24,16.68,16.75,-0.35,-2.0896,3.2428,57298744,942602870.23,1.29627120641e+11,28978380799.6
2016-08-16,'001979,招商蛇口,16.75,17.27,16.67,16.97,17.06,-0.31,-1.8171,5.7426,101469891,1712809702.06,1.32393553094e+11,29596821853.2
2016-08-15,'001979,招商蛇口,17.06,17.28,16.2,16.28,16.22,0.84,5.1788,9.0018,159059355,2681114743.01,1.34843821837e+11,30144583929.3
2016-08-12,'001979,招商蛇口,16.22,16.39,15.24,15.26,15.3,0.92,6.0131,5.5648,98328752,1560462131.1,1.28204383951e+11,28660325400.6
2016-08-11,'001979,招商蛇口,15.3,15.44,15.26,15.33,15.37,-0.07,-0.4554,1.2713,22463726,344914816.34,1.20932618647e+11,27034708916.7
2016-08-10,'001979,招商蛇口,15.37,15.69,15.29,15.66,15.68,-0.31,-1.977,2.1258,37562705,579680320.06,1.21485905137e+11,27158397127.4
2016-08-09,'001979,招商蛇口,15.68,15.98,15.55,15.78,15.75,-0.07,-0.4444,2.6429,46699979,735948692.43,1.23936173881e+11,27706159203.5
2016-08-08,'001979,招商蛇口,15.75,15.87,15.4,15.47,15.51,0.24,1.5474,3.0306,53549417,842411841.07,1.24489460372e+11,27829847414.2
2016-08-05,'001979,招商蛇口,15.51,15.88,15.37,15.52,15.38,0.13,0.8453,3.4953,61761259,962790947.06,1.22592478118e+11,27405773548.9
2016-08-04,'001979,招商蛇口,15.38,15.43,15.05,15.18,15.28,0.1,0.6545,1.7785,31424848,479812115.01,1.21564946064e+11,27176066871.8
2016-08-03,'001979,招商蛇口,15.28,15.33,14.85,14.9,14.96,0.32,2.139,1.6748,29593804,449128131.31,1.20774536792e+11,26999369427.9
2016-08-02,'001979,招商蛇口,14.96,14.99,14.73,14.82,14.83,0.13,0.8766,1.1956,21125174,314311283.88,1.18245227121e+11,26433937607.4
2016-08-01,'001979,招商蛇口,14.83,15.27,14.7,15.26,15.33,-0.5,-3.2616,1.9724,34851759,520912656.56,1.17217695067e+11,26204230930.4
2016-07-29,'001979,招商蛇口,15.33,15.46,15.17,15.26,15.32,0.01,0.0653,1.4269,25212752,386883074.23,1.21169741428e+11,27087718149.9
2016-07-28,'001979,招商蛇口,15.32,15.37,14.95,15.23,15.23,0.09,0.5909,2.3885,42204385,639986490.98,1.21090700501e+11,27070048405.5
2016-07-27,'001979,招商蛇口,15.23,15.94,15.0,15.56,15.53,-0.3,-1.9317,4.0286,71183943,1104648250.63,1.20379332156e+11,26911020706.0
2016-07-26,'001979,招商蛇口,15.53,15.63,15.05,15.09,15.13,0.4,2.6438,1.8374,32467200,501191143.75,1.22750559973e+11,27441113037.7
2016-07-25,'001979,招商蛇口,15.13,15.34,15.01,15.03,15.08,0.05,0.3316,1.6738,29574896,448693849.42,1.19588922884e+11,26734323262.1
2016-07-22,'001979,招商蛇口,15.08,15.48,14.99,15.38,15.36,-0.28,-1.8229,2.1106,37292897,568951431.94,1.19193718248e+11,26645974540.1
2016-07-21,'001979,招商蛇口,15.36,15.55,15.25,15.3,15.28,0.08,0.5236,1.5814,27942448,429746033.3,1.2140686421e+11,27140727383.0
2016-07-20,'001979,招商蛇口,15.28,15.57,15.24,15.42,15.45,-0.17,-1.1003,1.2938,22861231,351739731.3,1.20774536792e+11,26999369427.9
2016-07-19,'001979,招商蛇口,15.45,15.8,15.3,15.68,15.67,-0.22,-1.404,1.792,31664144,488952345.62,1.22118232555e+11,27299755082.5
2016-07-18,'001979,招商蛇口,15.67,15.95,15.5,15.52,15.63,0.04,0.2559,2.4542,43364673,684337565.94,1.23857132954e+11,27688489459.1
2016-07-15,'001979,招商蛇口,15.63,15.94,15.43,15.5,15.34,0.29,1.8905,3.6978,65339004,1026516563.56,1.23540969245e+11,27617810481.6
2016-07-14,'001979,招商蛇口,15.34,15.44,15.14,15.26,15.25,0.09,0.5902,2.2033,38932595,596895092.35,1.21248782355e+11,27105387894.3
2016-07-13,'001979,招商蛇口,15.25,15.5,15.15,15.27,15.22,0.03,0.1971,3.2708,57793866,886684295.84,1.2053741401e+11,26946360194.8
2016-07-12,'001979,招商蛇口,15.22,15.37,14.49,14.67,14.7,0.52,3.5374,3.954,69865350,1043175172.54,1.20300291229e+11,26893350961.6
2016-07-11,'001979,招商蛇口,14.7,14.8,14.53,14.66,14.67,0.03,0.2045,2.1005,37114575,543537141.6,1.16190163013e+11,25974524253.3
2016-07-08,'001979,招商蛇口,14.67,14.75,14.51,14.69,14.72,-0.05,-0.3397,1.3037,23035896,337271874.79,1.15953040232e+11,25921515020.1
2016-07-07,'001979,招商蛇口,14.72,14.83,14.55,14.56,14.64,0.08,0.5464,2.428,42901885,631742189.28,1.16348244868e+11,26009863742.1
2016-07-06,'001979,招商蛇口,14.64,15.07,14.57,14.88,14.71,-0.07,-0.4759,3.4222,60468802,893653691.79,1.1571591745e+11,25868505787.0
2016-07-05,'001979,招商蛇口,14.71,14.86,14.56,14.64,14.64,0.07,0.4781,2.6422,46686283,687337028.73,1.16269203941e+11,25992193997.7
2016-07-04,'001979,招商蛇口,14.64,14.74,14.1,14.18,14.31,0.33,2.3061,3.2455,57346462,835182940.55,1.1571591745e+11,25868505787.0
2016-07-01,'001979,招商蛇口,14.31,14.43,14.25,14.3,14.25,0.06,0.4211,1.5877,28054369,402914840.7,1.13107566852e+11,25285404222.1
2016-06-30,'001979,招商蛇口,14.25,14.44,14.22,14.35,14.33,-0.08,-0.5583,1.16,20496948,293346530.64,1.12633321288e+11,25179385755.8
2016-06-29,'001979,招商蛇口,14.33,14.48,14.19,14.39,14.4,-0.07,-0.4861,1.5964,28207260,403661581.6,1.13265648706e+11,25320743710.9
2016-06-28,'001979,招商蛇口,14.4,14.47,13.99,14.03,14.16,0.24,1.6949,2.407,42531583,605406680.99,1.13818935197e+11,25444431921.6
2016-06-27,'001979,招商蛇口,14.16,14.19,13.9,13.92,13.96,0.2,1.4327,1.9404,34286603,481470331.23,1.11921952944e+11,25020358056.2
2016-06-24,'001979,招商蛇口,13.96,14.37,13.68,14.28,14.22,-0.26,-1.8284,2.0711,36596111,514231262.52,1.10341134399e+11,24666963168.4
2016-06-23,'001979,招商蛇口,14.48,14.6,14.37,14.59,14.59,-0.11,-0.7539,1.0575,18685935,270524541.58,1.14451262615e+11,25585789876.7
2016-06-22,'001979,招商蛇口,14.59,14.63,14.39,14.45,14.45,0.14,0.9689,1.2748,22525414,327853285.75,1.15320712814e+11,25780157065.0
2016-06-21,'001979,招商蛇口,14.45,14.82,14.42,14.77,14.72,-0.27,-1.8342,2.3903,42235444,616571150.82,1.14214139833e+11,25532780643.5
2016-06-20,'001979,招商蛇口,14.72,15.15,14.71,14.95,14.34,0.38,2.6499,3.8986,68886433,1024784690.54,1.16348244868e+11,26009863742.1
2016-06-17,'001979,招商蛇口,14.34,14.45,14.06,14.13,14.08,0.26,1.8466,1.9617,34662407,494680690.84,1.13344689633e+11,25338413455.3
2016-06-16,'001979,招商蛇口,14.08,14.26,13.86,13.91,13.98,0.1,0.7153,1.4408,25459000,357045038.44,1.11289625526e+11,24879000101.1
2016-06-15,'001979,招商蛇口,13.98,14.08,13.65,13.65,13.84,0.14,1.0116,1.3889,24541918,341973378.25,1.10499216254e+11,24702302657.2
2016-06-14,'001979,招商蛇口,13.84,13.92,13.67,13.79,13.78,0.06,0.4354,1.0846,19164820,264358728.46,1.09392643272e+11,24454926235.8
2016-06-13,'001979,招商蛇口,13.78,14.21,13.78,14.16,14.37,-0.59,-4.1058,1.5929,28146447,395090739.98,1.08918397709e+11,24348907769.4
2016-06-08,'001979,招商蛇口,14.37,14.62,14.3,14.59,14.57,-0.2,-1.3727,1.3855,24481691,352279990.27,1.13581812415e+11,25391422688.4
2016-06-07,'001979,招商蛇口,14.57,14.77,14.47,14.56,14.74,-0.17,-1.1533,1.4773,26102858,380662103.05,1.1516263096e+11,25744817576.2
2016-06-06,'001979,招商蛇口,14.74,14.96,14.29,14.29,14.25,0.49,3.4386,3.4519,60993667,893347414.98,1.16506326722e+11,26045203230.9
2016-06-03,'001979,招商蛇口,14.25,14.29,14.13,14.26,14.19,0.06,0.4228,1.3149,23233896,330250564.63,1.12633321288e+11,25179385755.8
2016-06-02,'001979,招商蛇口,14.19,14.44,14.13,14.14,14.1,0.09,0.6383,1.674,29578771,421800043.43,1.12159075725e+11,25073367289.4
2016-06-01,'001979,招商蛇口,14.1,14.25,14.08,14.14,14.18,-0.08,-0.5642,1.3991,24722259,349573257.42,1.1144770738e+11,24914339589.9
2016-05-31,'001979,招商蛇口,14.18,14.22,13.71,13.71,13.73,0.45,3.2775,2.6764,47291951,665415900.65,1.12080034798e+11,25055697545.0
2016-05-30,'001979,招商蛇口,13.73,13.76,13.56,13.65,13.7,0.03,0.219,0.8099,14311061,195692087.87,1.08523193073e+11,24260559047.5
2016-05-27,'001979,招商蛇口,13.7,13.78,13.61,13.68,13.7,0.0,0.0,1.0292,18185706,249050696.66,1.08286070291e+11,24207549814.3
2016-05-26,'001979,招商蛇口,13.7,13.86,13.5,13.8,13.75,-0.05,-0.3636,1.0386,18351289,250304365.27,1.08286070291e+11,24207549814.3
2016-05-25,'001979,招商蛇口,13.75,13.93,13.73,13.88,13.81,-0.06,-0.4345,0.8934,15786631,218319345.81,1.08681274928e+11,24295898536.2
2016-05-24,'001979,招商蛇口,13.81,14.0,13.8,14.0,14.0,-0.19,-1.3571,1.0954,19355514,268274985.5,1.09155520491e+11,24401917002.6
2016-05-23,'001979,招商蛇口,14.0,14.11,13.93,13.94,13.92,0.08,0.5747,1.5659,27668811,387954241.36,1.10657298108e+11,24737642146.0
2016-05-20,'001979,招商蛇口,13.92,13.92,13.79,13.88,13.88,0.04,0.2882,0.9625,17007653,235675945.15,1.1002497069e+11,24596284190.9
2016-05-19,'001979,招商蛇口,13.88,14.06,13.81,13.9,13.96,-0.08,-0.5731,1.1974,21156935,294903417.31,1.09708806981e+11,24525605213.3
2016-05-18,'001979,招商蛇口,13.96,14.24,13.72,13.89,13.8,0.16,1.1594,2.9668,52422519,732069438.85,1.10341134399e+11,24666963168.4
2016-05-17,'001979,招商蛇口,13.8,13.93,13.7,13.88,13.87,-0.07,-0.5047,0.9468,16730570,230918785.58,1.09076479564e+11,24384247258.2
2016-05-16,'001979,招商蛇口,13.87,13.87,13.67,13.78,13.83,0.04,0.2892,1.0453,18471040,254320473.83,1.09629766054e+11,24507935468.9
2016-05-13,'001979,招商蛇口,13.83,14.04,13.8,13.93,13.93,-0.1,-0.7179,1.0495,18543740,257548617.71,1.09313602345e+11,24437256491.4
2016-05-12,'001979,招商蛇口,13.93,14.04,13.75,13.98,14.15,-0.22,-1.5548,1.5789,27898795,387743566.91,1.10104011617e+11,24613953935.3
2016-05-11,'001979,招商蛇口,14.15,14.28,13.8,13.9,13.8,0.35,2.5362,2.3525,41568541,587084099.73,1.11842912016e+11,25002688311.8
2016-05-10,'001979,招商蛇口,13.8,13.95,13.73,13.83,13.84,-0.04,-0.289,1.0678,18867467,260560387.57,1.09076479564e+11,24384247258.2
2016-05-09,'001979,招商蛇口,13.84,14.23,13.76,14.23,14.24,-0.4,-2.809,2.0597,36394799,506582135.0,1.09392643272e+11,24454926235.8
2016-05-06,'001979,招商蛇口,14.24,14.66,14.24,14.61,14.56,-0.32,-2.1978,2.3355,41267030,596560173.38,1.12554280361e+11,25161716011.4
2016-05-05,'001979,招商蛇口,14.56,14.57,14.39,14.42,14.45,0.11,0.7612,1.43,25267682,365760913.1,1.15083590032e+11,25727147831.8
2016-05-04,'001979,招商蛇口,14.45,14.6,14.36,14.5,14.51,-0.06,-0.4135,1.6327,28848841,418185015.91,1.14214139833e+11,25532780643.5
2016-05-03,'001979,招商蛇口,14.51,14.54,14.21,14.25,14.21,0.3,2.1112,1.7991,31789888,458418969.88,1.14688385396e+11,25638799109.9
2016-04-29,'001979,招商蛇口,14.21,14.31,14.07,14.17,14.18,0.03,0.2116,1.1633,20556001,292234971.55,1.1231715758e+11,25108706778.2
2016-04-28,'001979,招商蛇口,14.18,14.3,14.05,14.27,14.25,-0.07,-0.4912,1.3224,23365602,330856610.38,1.12080034798e+11,25055697545.0
2016-04-27,'001979,招商蛇口,14.25,14.4,14.24,14.34,14.32,-0.07,-0.4888,1.2943,22870129,327133338.14,1.12633321288e+11,25179385755.8
2016-04-26,'001979,招商蛇口,14.32,14.32,14.16,14.25,14.23,0.09,0.6325,1.1057,19537562,278418683.37,1.13186607779e+11,25303073966.5
2016-04-25,'001979,招商蛇口,14.23,14.33,14.17,14.3,14.43,-0.2,-1.386,1.1876,20985267,298596266.43,1.12475239434e+11,25144046267.0
2016-04-22,'001979,招商蛇口,14.43,14.45,14.16,14.25,14.23,0.2,1.4055,1.5224,26899962,384935299.53,1.14056057978e+11,25497441154.8
2016-04-21,'001979,招商蛇口,14.23,14.52,14.21,14.3,14.41,-0.18,-1.2491,1.6995,30029532,430799494.63,1.12475239434e+11,25144046267.0
2016-04-20,'001979,招商蛇口,14.41,15.05,14.03,15.01,15.01,-0.6,-3.9973,3.5576,62861603,913193612.34,1.13897976124e+11,25462101666.0
2016-04-19,'001979,招商蛇口,15.01,15.07,14.91,15.06,14.95,0.06,0.4013,1.3883,24531741,367610649.15,1.18640431757e+11,26522286329.4
2016-04-18,'001979,招商蛇口,14.95,15.15,14.9,15.15,15.28,-0.33,-2.1597,2.1952,38787830,580942151.79,1.18166186194e+11,26416267863.0
2016-04-15,'001979,招商蛇口,15.28,15.56,15.2,15.47,15.4,-0.12,-0.7792,2.137,37759994,577662792.67,1.20774536792e+11,26999369427.9
2016-04-14,'001979,招商蛇口,15.4,15.46,15.2,15.4,15.28,0.12,0.7853,2.3497,41519231,636704132.11,1.21723027919e+11,27211406360.6
2016-04-13,'001979,招商蛇口,15.28,15.5,15.0,15.07,14.9,0.38,2.5503,4.4775,79115479,1208934699.05,1.20774536792e+11,26999369427.9
2016-04-12,'001979,招商蛇口,14.9,15.21,14.87,15.18,15.16,-0.26,-1.715,2.0304,35876479,537699482.38,1.17770981558e+11,26327919141.1
2016-04-11,'001979,招商蛇口,15.16,15.35,15.0,15.06,14.83,0.33,2.2252,3.0529,53943324,819172246.48,1.19826045666e+11,26787332495.2
2016-04-08,'001979,招商蛇口,14.83,15.01,14.64,15.0,15.12,-0.29,-1.918,2.8888,51043576,755144954.71,1.17217695067e+11,26204230930.4
2016-04-07,'001979,招商蛇口,15.12,15.55,15.11,15.45,15.44,-0.32,-2.0725,2.3362,41280712,630249243.61,1.19509881957e+11,26716653517.7
2016-04-06,'001979,招商蛇口,15.44,15.56,15.27,15.56,15.6,-0.16,-1.0256,2.9668,52422094,807836288.91,1.22039191628e+11,27282085338.2
2016-04-05,'001979,招商蛇口,15.6,15.78,15.0,15.0,14.99,0.61,4.0694,4.2203,74572273,1155791306.24,1.23303846463e+11,27564801248.4
2016-04-01,'001979,招商蛇口,14.99,15.08,14.75,15.05,15.05,-0.06,-0.3987,1.8531,32743442,487744187.91,1.18482349903e+11,26486946840.6
2016-03-31,'001979,招商蛇口,15.05,15.33,15.0,15.19,15.15,-0.1,-0.6601,2.2331,39457914,598377338.91,1.18956595466e+11,26592965307.0
2016-03-30,'001979,招商蛇口,15.15,15.16,14.88,14.89,14.7,0.45,3.0612,2.3776,42011202,631439876.75,1.19747004738e+11,26769662750.8
2016-03-29,'001979,招商蛇口,14.7,15.19,14.67,15.13,15.03,-0.33,-2.1956,2.1121,37321014,556640380.14,1.16190163013e+11,25974524253.3
2016-03-28,'001979,招商蛇口,15.03,15.48,14.99,15.43,15.46,-0.43,-2.7814,2.9317,51801630,789737397.82,1.18798513612e+11,26557625818.2
2016-03-25,'001979,招商蛇口,15.46,15.59,15.21,15.38,15.36,0.1,0.651,1.8547,32772025,504676180.27,1.22197273482e+11,27317424826.9
2016-03-24,'001979,招商蛇口,15.36,15.7,15.16,15.4,15.61,-0.25,-1.6015,2.6725,47221546,728355854.2,1.2140686421e+11,27140727383.0
2016-03-23,'001979,招商蛇口,15.61,15.72,15.3,15.54,15.63,-0.02,-0.128,2.4706,43655418,677719045.48,1.2338288739e+11,27582470992.8
2016-03-22,'001979,招商蛇口,15.63,15.95,15.53,15.95,16.05,-0.42,-2.6168,3.1207,55141903,867050960.48,1.23540969245e+11,27617810481.6
2016-03-21,'001979,招商蛇口,16.05,16.17,15.71,16.06,15.88,0.17,1.0705,4.012,70891678,1132273071.56,1.26860688188e+11,28359939746.0
2016-03-18,'001979,招商蛇口,15.88,16.21,15.11,15.11,15.13,0.75,4.957,5.6878,100502070,1581221201.01,1.25516992425e+11,28059554091.3
2016-03-17,'001979,招商蛇口,15.13,15.26,14.55,14.72,14.56,0.57,3.9148,3.8327,67722182,1011476146.65,1.19588922884e+11,26734323262.1
2016-03-16,'001979,招商蛇口,14.56,14.94,14.49,14.71,14.67,-0.11,-0.7498,1.8411,32531696,476755625.91,1.15083590032e+11,25727147831.8
2016-03-15,'001979,招商蛇口,14.67,14.89,14.46,14.82,14.91,-0.24,-1.6097,2.2677,40070449,586372228.67,1.15953040232e+11,25921515020.1
2016-03-14,'001979,招商蛇口,14.91,15.11,14.59,14.59,14.45,0.46,3.1834,3.2613,57626712,860365320.74,1.17850022485e+11,26345588885.5
2016-03-11,'001979,招商蛇口,14.45,14.65,14.2,14.41,14.67,-0.22,-1.4997,2.5603,45239895,652242963.95,1.14214139833e+11,25532780643.5
2016-03-10,'001979,招商蛇口,14.67,15.58,14.55,15.47,15.41,-0.74,-4.8021,3.9229,69316474,1038863669.52,1.15953040232e+11,25921515020.1
2016-03-09,'001979,招商蛇口,15.41,15.74,15.35,15.49,16.03,-0.62,-3.8677,2.9704,52485778,815887469.55,1.21802068846e+11,27229076105.0
2016-03-08,'001979,招商蛇口,16.03,16.42,15.37,16.42,16.58,-0.55,-3.3172,4.8744,86128590,1362197682.01,1.26702606334e+11,28324600257.2
2016-03-07,'001979,招商蛇口,16.58,17.07,16.18,16.69,16.42,0.16,0.9744,5.2171,92184197,1529568687.41,1.31049857331e+11,29296436198.6
2016-03-04,'001979,招商蛇口,16.42,17.85,15.93,16.0,16.33,0.09,0.5511,10.9376,193265291,3272376609.2,1.29785202495e+11,29013720288.4
2016-03-03,'001979,招商蛇口,16.33,17.2,16.15,16.7,16.49,-0.16,-0.9703,9.8087,173317104,2899691980.27,1.2907383415e+11,28854692588.9
2016-03-02,'001979,招商蛇口,16.49,16.49,14.87,14.87,14.99,1.5,10.0067,10.0593,177744988,2824947837.49,1.30338488986e+11,29137408499.1
2016-03-01,'001979,招商蛇口,14.99,15.32,13.96,14.09,13.93,1.06,7.6095,7.2639,128350424,1906002005.92,1.18482349903e+11,26486946840.6
2016-02-29,'001979,招商蛇口,13.93,14.49,13.61,14.18,14.0,-0.07,-0.5,4.659,82323845,1158327793.0,1.10104011617e+11,24613953935.3
2016-02-26,'001979,招商蛇口,14.0,14.25,13.72,13.92,13.77,0.23,1.6703,2.4867,43939522,614478627.57,1.10657298108e+11,24737642146.0
2016-02-25,'001979,招商蛇口,13.77,15.2,13.69,15.2,15.21,-1.44,-9.4675,3.9264,69379122,997869672.98,1.08839356782e+11,24331238025.0
2016-02-24,'001979,招商蛇口,15.21,15.44,14.87,15.35,15.34,-0.13,-0.8475,2.4621,43504795,658691315.01,1.20221250302e+11,26875681217.2
2016-02-23,'001979,招商蛇口,15.34,15.62,15.14,15.48,15.4,-0.06,-0.3896,2.7005,47717688,735052620.66,1.21248782355e+11,27105387894.3
2016-02-22,'001979,招商蛇口,15.4,15.61,15.23,15.45,15.07,0.33,2.1898,3.8387,67828252,1047169485.41,1.21723027919e+11,27211406360.6
2016-02-19,'001979,招商蛇口,15.07,15.47,14.89,15.39,15.35,-0.28,-1.8241,2.9028,51291484,776678871.08,1.19114677321e+11,26628304795.7
2016-02-18,'001979,招商蛇口,15.35,15.98,15.31,15.5,15.42,-0.07,-0.454,2.8923,51105444,797581160.9,1.21327823283e+11,27123057638.7
2016-02-17,'001979,招商蛇口,15.42,15.58,15.1,15.15,15.19,0.23,1.5142,2.4782,43789504,673142895.03,1.21881109773e+11,27246745849.4
2016-02-16,'001979,招商蛇口,15.19,15.56,14.71,14.74,14.64,0.55,3.7568,2.8228,49878275,759761550.37,1.20063168447e+11,26840341728.4
2016-02-15,'001979,招商蛇口,14.64,14.85,14.31,14.31,14.95,-0.31,-2.0736,2.0315,35895690,524980714.47,1.1571591745e+11,25868505787.0
2016-02-05,'001979,招商蛇口,14.95,15.43,14.94,15.31,15.28,-0.33,-2.1597,1.9627,34681268,525554736.29,1.18166186194e+11,26416267863.0
2016-02-04,'001979,招商蛇口,15.28,15.54,15.1,15.27,15.27,0.01,0.0655,2.6313,46494113,712376534.47,1.20774536792e+11,26999369427.9
2016-02-03,'001979,招商蛇口,15.27,15.62,14.72,15.0,15.03,0.24,1.5968,4.0798,72089175,1098101709.22,1.20695495865e+11,26981699683.5
2016-02-02,'001979,招商蛇口,15.03,15.5,14.14,14.2,14.1,0.93,6.5957,3.845,67939963,1009677193.72,1.18798513612e+11,26557625818.2
2016-02-01,'001979,招商蛇口,14.1,14.45,13.87,14.44,14.42,-0.32,-2.2191,1.9769,34931573,496097848.78,1.1144770738e+11,24914339589.9
2016-01-29,'001979,招商蛇口,14.42,14.56,13.84,13.92,13.8,0.62,4.4928,3.1539,55728911,797823591.52,1.13977017051e+11,25479771410.4
2016-01-28,'001979,招商蛇口,13.8,14.57,13.8,13.98,14.22,-0.42,-2.9536,2.9362,51881303,737825707.55,1.09076479564e+11,24384247258.2
2016-01-27,'001979,招商蛇口,14.22,14.59,13.38,14.49,14.38,-0.16,-1.1127,4.1135,72684474,1020051228.24,1.12396198507e+11,25126376522.6
2016-01-26,'001979,招商蛇口,14.38,15.83,14.37,15.8,15.97,-1.59,-9.9562,3.6945,65280126,983302138.26,1.13660853342e+11,25409092432.8
2016-01-25,'001979,招商蛇口,15.97,16.19,15.83,16.09,15.91,0.06,0.3771,2.0499,36221463,580164738.42,1.2622836077e+11,28218581790.8
2016-01-22,'001979,招商蛇口,15.91,16.18,15.58,16.11,15.82,0.09,0.5689,2.6521,46861138,745103982.48,1.25754115207e+11,28112563324.5
2016-01-21,'001979,招商蛇口,15.82,16.65,15.8,16.13,16.4,-0.58,-3.5366,3.8755,68478419,1109114904.39,1.25042746862e+11,27953535625.0
2016-01-20,'001979,招商蛇口,16.4,17.14,16.2,17.0,17.18,-0.78,-4.5402,4.9022,86621239,1442186800.14,1.29627120641e+11,28978380799.6
2016-01-19,'001979,招商蛇口,17.18,17.35,16.5,16.93,16.71,0.47,2.8127,5.1654,91271247,1546888442.29,1.35792312964e+11,30356620862.0
2016-01-18,'001979,招商蛇口,16.71,17.06,16.37,16.45,16.6,0.11,0.6627,4.286,75732277,1271748125.52,1.32077389385e+11,29526142875.7
2016-01-15,'001979,招商蛇口,16.6,17.42,16.41,17.11,17.49,-0.89,-5.0886,5.4912,97028263,1640173403.78,1.31207939185e+11,29331775687.4
2016-01-14,'001979,招商蛇口,17.49,17.49,15.51,15.6,16.2,1.29,7.963,8.3289,147169505,2472379791.83,1.38242581708e+11,30904382938.1
2016-01-13,'001979,招商蛇口,16.2,17.12,15.78,16.1,16.18,0.02,0.1236,6.5681,116056754,1905178311.22,1.28046302096e+11,28624985911.8
2016-01-12,'001979,招商蛇口,16.18,16.8,15.08,15.27,15.33,0.85,5.5447,7.3979,140577303,2257678489.69,1.19761085152e+11,30745815875.0
2016-01-11,'001979,招商蛇口,15.33,16.5,15.33,16.47,17.03,-1.7,-9.9824,7.9913,151853020,2420680221.51,1.13469557193e+11,29130615411.9
2016-01-08,'001979,招商蛇口,17.03,18.28,16.21,18.08,17.63,-0.6,-3.4033,8.0835,153606261,2654856476.58,1.26052613111e+11,32361016338.2
2016-01-07,'001979,招商蛇口,17.63,19.26,17.57,19.26,19.51,-1.88,-9.6361,1.6636,31612343,582790647.36,1.3049369167e+11,33501157841.6
2016-01-06,'001979,招商蛇口,19.51,19.6,18.81,19.36,19.5,0.01,0.0513,6.5479,124426109,2388081444.04,1.44409071156e+11,37073601218.9
2016-01-05,'001979,招商蛇口,19.5,20.34,18.58,19.35,19.63,-0.13,-0.6623,8.5467,162408318,3170522606.42,1.4433505318e+11,37054598860.5
2016-01-04,'001979,招商蛇口,19.63,21.17,19.0,20.2,20.86,-1.23,-5.8965,8.0696,153340796,3074335089.38,1.45297286868e+11,37301629519.6
2015-12-31,'001979,招商蛇口,20.86,22.34,20.86,21.72,23.18,-2.32,-10.0086,14.7446,280182975,5993870767.76,1.54401497915e+11,39638919601.5
2015-12-30,'001979,招商蛇口,23.18,23.9,20.49,23.9,25.3,-2.12,-8.3794,27.0957,514881291,11533336962.6,1.71573668345e+11,44047466748.0
