日期,股票代码,名称,收盘价,最高价,最低价,开盘价,前收盘,涨跌额,涨跌幅,换手率,成交量,成交金额,总市值,流通市值
2017-05-15,'002799,环球印务,32.7,33.29,32.51,33.29,33.11,-0.41,-1.2383,3.2221,805514,26350763.24,3270000000.0,817500000.0
2017-05-12,'002799,环球印务,33.11,33.87,32.77,33.3,33.2,-0.09,-0.2711,3.6545,913628,30515756.16,3311000000.0,827750000.0
2017-05-11,'002799,环球印务,33.2,33.39,31.21,32.21,32.53,0.67,2.0596,4.0959,1023973,33243531.16,3320000000.0,830000000.0
2017-05-10,'002799,环球印务,32.53,33.71,32.4,32.74,32.64,-0.11,-0.337,4.6385,1159626,38382335.66,3253000000.0,813250000.0
2017-05-09,'002799,环球印务,32.64,32.89,31.38,31.38,32.0,0.64,2.0,2.8349,708720,22870434.02,3264000000.0,816000000.0
2017-05-08,'002799,环球印务,32.0,33.15,32.0,33.15,33.21,-1.21,-3.6435,4.1109,1027725,33394158.28,3200000000.0,800000000.0
2017-05-05,'002799,环球印务,33.21,34.3,33.21,34.15,34.49,-1.28,-3.7112,6.9528,1738196,58685301.66,3321000000.0,830250000.0
2017-05-04,'002799,环球印务,34.49,34.51,33.29,33.5,33.77,0.72,2.1321,6.8047,1701180,57762744.57,3449000000.0,862250000.0
2017-05-03,'002799,环球印务,33.77,34.25,33.0,33.84,33.85,-0.08,-0.2363,4.3359,1083969,36513691.09,3377000000.0,844250000.0
2017-05-02,'002799,环球印务,33.85,34.39,33.48,33.6,33.6,0.25,0.744,4.6566,1164162,39582025.36,3385000000.0,846250000.0
2017-04-28,'002799,环球印务,33.6,33.77,33.35,33.35,33.45,0.15,0.4484,4.2545,1063628,35710566.87,3360000000.0,840000000.0
2017-04-27,'002799,环球印务,33.45,33.45,31.41,32.63,32.4,1.05,3.2407,7.2673,1816837,59340016.96,3345000000.0,836250000.0
2017-04-26,'002799,环球印务,32.4,32.9,31.81,32.36,32.27,0.13,0.4029,4.121,1030244,33521369.05,3240000000.0,810000000.0
2017-04-25,'002799,环球印务,32.27,32.98,32.01,32.15,31.9,0.37,1.1599,4.6758,1168945,37879881.4,3227000000.0,806750000.0
2017-04-24,'002799,环球印务,31.9,33.83,31.08,33.83,33.77,-1.87,-5.5375,5.1498,1287456,41312512.83,3190000000.0,797500000.0
2017-04-21,'002799,环球印务,33.77,34.44,33.62,34.2,33.94,-0.17,-0.5009,3.3775,844380,28689207.8,3377000000.0,844250000.0
2017-04-20,'002799,环球印务,33.94,35.1,33.57,35.1,35.02,-1.08,-3.084,6.509,1627238,56000359.8,3394000000.0,848500000.0
2017-04-19,'002799,环球印务,35.02,35.02,33.82,34.03,34.5,0.52,1.5072,10.5115,2627887,90322634.29,3502000000.0,875500000.0
2017-04-18,'002799,环球印务,34.5,37.5,34.5,35.82,38.33,-3.83,-9.9922,17.6029,4400732,154879609.57,3450000000.0,862500000.0
2017-04-17,'002799,环球印务,38.33,41.87,38.33,41.02,42.59,-4.26,-10.0023,17.1957,4298919,170641142.76,3833000000.0,958250000.0
2017-04-14,'002799,环球印务,42.59,44.87,42.3,44.87,44.12,-1.53,-3.4678,5.2356,1308901,56473048.96,4259000000.0,1064750000.0
2017-04-13,'002799,环球印务,44.12,45.7,44.0,45.0,44.75,-0.63,-1.4078,4.4015,1100365,49053932.55,4412000000.0,1103000000.0
2017-04-12,'002799,环球印务,44.75,46.3,44.2,44.45,45.55,-0.8,-1.7563,10.8199,2704980,122675976.15,4475000000.0,1118750000.0
2017-04-11,'002799,环球印务,45.55,45.98,41.96,44.08,46.08,-0.53,-1.1502,16.8673,4216822,185326763.64,4555000000.0,1138750000.0
2017-04-10,'002799,环球印务,46.08,51.19,46.08,51.19,51.2,-5.12,-10.0,12.2673,3066835,145230790.05,4608000000.0,1152000000.0
2017-04-07,'002799,环球印务,51.2,51.83,50.84,51.76,51.7,-0.5,-0.9671,5.5102,1377542,70554565.16,5120000000.0,1280000000.0
2017-04-06,'002799,环球印务,51.7,52.95,51.07,52.09,52.75,-1.05,-1.9905,9.3522,2338039,121430714.45,5170000000.0,1292500000.0
2017-04-05,'002799,环球印务,52.75,53.49,50.2,51.0,51.39,1.36,2.6464,19.5895,4897369,256069657.49,5275000000.0,1318750000.0
2017-03-31,'002799,环球印务,51.39,55.0,50.29,50.29,50.32,1.07,2.1264,17.7785,4444622,231584614.4,5139000000.0,1284750000.0
2017-03-30,'002799,环球印务,50.32,52.59,50.18,52.25,52.08,-1.76,-3.3794,11.0295,2757369,141556902.95,5032000000.0,1258000000.0
2017-03-29,'002799,环球印务,52.08,54.69,51.88,53.17,53.99,-1.91,-3.5377,19.6596,4914897,261650947.7,5208000000.0,1302000000.0
2017-03-28,'002799,环球印务,53.99,54.88,50.7,51.3,51.45,2.54,4.9368,32.801,8200253,434014479.52,5399000000.0,1349750000.0
2017-03-27,'002799,环球印务,51.45,51.89,50.51,50.7,50.88,0.57,1.1203,5.4491,1362281,69830420.65,5145000000.0,1286250000.0
2017-03-24,'002799,环球印务,50.88,51.99,49.6,50.8,50.78,0.1,0.1969,6.6867,1671682,85230202.99,5088000000.0,1272000000.0
2017-03-23,'002799,环球印务,50.78,52.6,49.8,52.11,52.1,-1.32,-2.5336,9.3788,2344700,120502224.22,5078000000.0,1269500000.0
2017-03-22,'002799,环球印务,52.1,52.3,50.63,50.97,51.26,0.84,1.6387,13.5768,3394201,175482403.54,5210000000.0,1302500000.0
2017-03-21,'002799,环球印务,51.26,51.98,50.36,50.55,50.57,0.69,1.3644,10.4293,2607319,133365081.56,5126000000.0,1281500000.0
2017-03-20,'002799,环球印务,50.57,50.79,49.0,49.55,49.78,0.79,1.587,9.3297,2332425,117489068.86,5057000000.0,1264250000.0
2017-03-17,'002799,环球印务,49.78,50.8,49.06,49.76,49.77,0.01,0.0201,11.7103,2927572,146016987.16,4978000000.0,1244500000.0
2017-03-16,'002799,环球印务,49.77,49.99,49.05,49.5,49.46,0.31,0.6268,8.1096,2027410,100494209.83,4977000000.0,1244250000.0
2017-03-15,'002799,环球印务,49.46,50.0,49.1,50.0,49.97,-0.51,-1.0206,8.3542,2088544,103461439.59,4946000000.0,1236500000.0
2017-03-14,'002799,环球印务,49.97,50.15,48.52,49.01,49.36,0.61,1.2358,14.8156,3703908,183396074.81,4997000000.0,1249250000.0
2017-03-13,'002799,环球印务,49.36,49.96,48.03,48.99,49.5,-0.14,-0.2828,13.919,3479756,171640493.94,4936000000.0,1234000000.0
2017-03-10,'002799,环球印务,49.5,50.4,47.3,47.62,48.14,1.36,2.8251,14.7971,3699266,180999974.12,4950000000.0,1237500000.0
2017-03-09,'002799,环球印务,48.14,48.58,47.0,47.0,47.46,0.68,1.4328,12.2523,3063072,147058986.47,4814000000.0,1203500000.0
2017-03-08,'002799,环球印务,47.46,48.43,46.98,47.3,49.5,-2.04,-4.1212,17.2116,4302902,205219190.98,4746000000.0,1186500000.0
2017-03-07,'002799,环球印务,49.5,51.58,49.5,51.0,50.58,-1.08,-2.1352,30.4081,7602023,383767523.51,4950000000.0,1237500000.0
2017-03-06,'002799,环球印务,50.58,50.58,45.88,45.95,45.98,4.6,10.0043,30.3881,7597016,374517325.03,5058000000.0,1264500000.0
2017-03-03,'002799,环球印务,45.98,46.0,44.41,45.31,45.29,0.69,1.5235,5.1061,1276522,58133566.26,4598000000.0,1149500000.0
2017-03-02,'002799,环球印务,45.29,45.87,44.6,45.19,45.44,-0.15,-0.3301,3.7256,931399,42029692.5,4529000000.0,1132250000.0
2017-03-01,'002799,环球印务,45.44,45.68,44.8,45.49,45.63,-0.19,-0.4164,4.2262,1056542,47860727.49,4544000000.0,1136000000.0
2017-02-28,'002799,环球印务,45.63,45.95,44.25,44.3,44.73,0.9,2.0121,7.4357,1858920,84375094.83,4563000000.0,1140750000.0
2017-02-27,'002799,环球印务,44.73,45.28,43.72,44.48,44.3,0.43,0.9707,5.4015,1350364,60167435.94,4473000000.0,1118250000.0
2017-02-24,'002799,环球印务,44.3,44.51,42.9,43.06,43.06,1.24,2.8797,5.2498,1312441,57448530.39,4430000000.0,1107500000.0
2017-02-23,'002799,环球印务,43.06,43.42,42.6,42.85,42.81,0.25,0.584,3.3191,829773,35669337.81,4306000000.0,1076500000.0
2017-02-22,'002799,环球印务,42.81,43.87,42.5,43.5,43.47,-0.66,-1.5183,3.9239,980970,42219553.75,4281000000.0,1070250000.0
2017-02-21,'002799,环球印务,43.47,43.8,43.0,43.0,42.99,0.48,1.1165,4.4378,1109448,48146519.06,4347000000.0,1086750000.0
2017-02-20,'002799,环球印务,42.99,43.77,42.08,43.2,43.38,-0.39,-0.899,3.8594,964861,41359546.68,4299000000.0,1074750000.0
2017-02-17,'002799,环球印务,43.38,45.18,43.25,44.17,44.73,-1.35,-3.0181,4.777,1194254,52603170.86,4338000000.0,1084500000.0
2017-02-16,'002799,环球印务,44.73,45.4,44.46,45.2,45.78,-1.05,-2.2936,6.8993,1724823,77265553.92,4473000000.0,1118250000.0
2017-02-15,'002799,环球印务,45.78,46.18,44.2,45.8,46.2,-0.42,-0.9091,14.6501,3662520,166386363.88,4578000000.0,1144500000.0
2017-02-14,'002799,环球印务,46.2,46.56,42.02,42.29,42.33,3.87,9.1425,17.5665,4391623,199861463.77,4620000000.0,1155000000.0
2017-02-13,'002799,环球印务,42.33,42.98,41.23,41.32,41.35,0.98,2.37,4.2894,1072357,45248117.47,4233000000.0,1058250000.0
2017-02-10,'002799,环球印务,41.35,42.57,41.21,42.4,42.4,-1.05,-2.4764,3.2875,821870,34347941.92,4135000000.0,1033750000.0
2017-02-09,'002799,环球印务,42.4,44.4,41.05,41.2,41.29,1.11,2.6883,5.9785,1494628,63971363.31,4240000000.0,1060000000.0
2017-02-08,'002799,环球印务,41.29,41.36,40.1,40.6,40.6,0.69,1.6995,3.3169,829230,33847809.74,4129000000.0,1032250000.0
2017-02-07,'002799,环球印务,40.6,41.13,40.37,40.91,40.92,-0.32,-0.782,2.5187,629666,25669775.74,4060000000.0,1015000000.0
2017-02-06,'002799,环球印务,40.92,40.97,40.0,40.03,40.08,0.84,2.0958,2.6871,671776,27290130.0,4092000000.0,1023000000.0
2017-02-03,'002799,环球印务,40.08,40.48,39.65,40.36,40.01,0.07,0.175,1.1944,298600,11964123.0,4008000000.0,1002000000.0
2017-01-26,'002799,环球印务,40.01,40.56,39.94,40.01,39.88,0.13,0.326,2.1392,534797,21481562.46,4001000000.0,1000250000.0
2017-01-25,'002799,环球印务,39.88,40.58,39.3,39.3,39.59,0.29,0.7325,1.8628,465688,18634591.41,3988000000.0,997000000.0
2017-01-24,'002799,环球印务,39.59,40.88,39.33,40.88,40.32,-0.73,-1.8105,1.8097,452425,18033398.25,3959000000.0,989750000.0
2017-01-23,'002799,环球印务,40.32,40.98,40.17,40.17,40.17,0.15,0.3734,1.9927,498180,20191767.63,4032000000.0,1008000000.0
2017-01-20,'002799,环球印务,40.17,40.66,39.0,39.7,39.67,0.5,1.2604,3.0316,757905,30505386.97,4017000000.0,1004250000.0
2017-01-19,'002799,环球印务,39.67,40.48,38.2,39.61,39.65,0.02,0.0504,2.8068,701705,27716376.45,3967000000.0,991750000.0
2017-01-18,'002799,环球印务,39.65,41.0,39.44,41.0,41.8,-2.15,-5.1435,3.7974,949350,38071968.13,3965000000.0,991250000.0
2017-01-17,'002799,环球印务,41.8,41.95,36.62,39.49,39.53,2.27,5.7425,6.0945,1523630,59897552.63,4180000000.0,1045000000.0
2017-01-16,'002799,环球印务,39.53,43.09,39.22,43.08,43.58,-4.05,-9.2933,5.5835,1395875,56587145.52,3953000000.0,988250000.0
2017-01-13,'002799,环球印务,43.58,46.75,43.38,46.75,45.6,-2.02,-4.4298,3.7361,934025,41573060.53,4358000000.0,1089500000.0
2017-01-12,'002799,环球印务,45.6,49.07,45.5,45.6,45.24,0.36,0.7958,3.794,948492,44074287.9,4560000000.0,1140000000.0
2017-01-11,'002799,环球印务,45.24,47.63,45.0,47.3,47.6,-2.36,-4.958,3.8423,960572,44598733.14,4524000000.0,1131000000.0
2017-01-10,'002799,环球印务,47.6,48.44,47.22,47.92,47.93,-0.33,-0.6885,2.4523,613080,29294230.6,4760000000.0,1190000000.0
2017-01-09,'002799,环球印务,47.93,48.82,47.47,48.8,48.68,-0.75,-1.5407,3.529,882261,42240790.35,4793000000.0,1198250000.0
2017-01-06,'002799,环球印务,48.68,50.9,48.66,50.78,50.64,-1.96,-3.8705,3.7591,939766,46421062.88,4868000000.0,1217000000.0
2017-01-05,'002799,环球印务,50.64,50.81,50.45,50.81,50.85,-0.21,-0.413,2.239,559752,28324111.33,5064000000.0,1266000000.0
2017-01-04,'002799,环球印务,50.85,50.98,50.26,50.43,50.42,0.43,0.8528,2.8741,718536,36393293.54,5085000000.0,1271250000.0
2017-01-03,'002799,环球印务,50.42,50.98,49.03,50.45,50.27,0.15,0.2984,2.9735,743364,37392516.46,5042000000.0,1260500000.0
2016-12-30,'002799,环球印务,50.27,52.49,50.12,52.49,51.66,-1.39,-2.6907,4.4091,1102279,56030918.92,5027000000.0,1256750000.0
2016-12-29,'002799,环球印务,51.66,54.98,50.46,50.46,50.66,1.0,1.9739,7.9192,1979799,103747090.25,5166000000.0,1291500000.0
2016-12-28,'002799,环球印务,50.66,51.22,49.6,50.0,49.9,0.76,1.523,5.1485,1287131,65136119.59,5066000000.0,1266500000.0
2016-12-27,'002799,环球印务,49.9,51.24,49.8,50.59,50.69,-0.79,-1.5585,2.8579,714472,35903798.18,4990000000.0,1247500000.0
2016-12-26,'002799,环球印务,50.69,52.03,48.2,52.03,52.27,-1.58,-3.0228,5.3546,1338642,66680761.79,5069000000.0,1267250000.0
2016-12-23,'002799,环球印务,52.27,52.99,52.1,52.11,52.09,0.18,0.3456,5.4775,1369363,71965721.87,5227000000.0,1306750000.0
2016-12-22,'002799,环球印务,52.09,52.68,51.82,52.5,52.31,-0.22,-0.4206,2.6077,651934,33966260.22,5209000000.0,1302250000.0
2016-12-21,'002799,环球印务,52.31,52.36,51.42,51.7,51.29,1.02,1.9887,3.044,761001,39446691.31,5231000000.0,1307750000.0
2016-12-20,'002799,环球印务,51.29,51.4,50.56,50.56,51.03,0.26,0.5095,2.1333,533319,27261370.63,5129000000.0,1282250000.0
2016-12-19,'002799,环球印务,51.03,51.97,50.75,51.97,51.66,-0.63,-1.2195,2.3878,596939,30474358.19,5103000000.0,1275750000.0
2016-12-16,'002799,环球印务,51.66,52.18,51.28,51.7,51.81,-0.15,-0.2895,2.6726,668145,34566520.37,5166000000.0,1291500000.0
2016-12-15,'002799,环球印务,51.81,52.58,51.09,51.09,51.54,0.27,0.5239,4.0602,1015055,52684787.08,5181000000.0,1295250000.0
2016-12-14,'002799,环球印务,51.54,53.0,50.0,51.5,51.06,0.48,0.9401,5.3298,1332459,68283554.07,5154000000.0,1288500000.0
2016-12-13,'002799,环球印务,51.06,52.0,49.51,50.61,51.76,-0.7,-1.3524,4.7098,1177439,59961326.8,5106000000.0,1276500000.0
2016-12-12,'002799,环球印务,51.76,56.87,51.6,56.11,56.7,-4.94,-8.7125,5.6191,1404780,76124084.6,5176000000.0,1294000000.0
2016-12-09,'002799,环球印务,56.7,56.7,53.89,56.05,56.24,0.46,0.8179,9.1106,2277641,125484644.82,5670000000.0,1417500000.0
2016-12-08,'002799,环球印务,56.24,58.3,55.9,58.13,57.95,-1.71,-2.9508,6.4133,1603320,91015490.9,5624000000.0,1406000000.0
2016-12-07,'002799,环球印务,57.95,58.99,57.53,58.0,58.61,-0.66,-1.1261,4.3176,1079396,62531486.22,5795000000.0,1448750000.0
2016-12-06,'002799,环球印务,58.61,59.09,57.05,57.05,57.03,1.58,2.7705,5.1846,1296140,75726340.2,5861000000.0,1465250000.0
2016-12-05,'002799,环球印务,57.03,59.0,56.77,57.99,58.86,-1.83,-3.1091,3.698,924500,53201421.0,5703000000.0,1425750000.0
2016-12-02,'002799,环球印务,58.86,61.3,58.86,60.88,61.11,-2.25,-3.6819,4.7724,1193100,71321656.5,5886000000.0,1471500000.0
2016-12-01,'002799,环球印务,61.11,62.0,60.0,60.4,60.17,0.94,1.5622,5.9264,1481598,90090813.14,6111000000.0,1527750000.0
2016-11-30,'002799,环球印务,60.17,60.89,59.25,59.88,60.95,-0.78,-1.2797,5.2295,1307364,78439854.54,6017000000.0,1504250000.0
2016-11-29,'002799,环球印务,60.95,63.5,60.95,62.79,63.11,-2.16,-3.4226,7.1303,1782580,110830262.73,6095000000.0,1523750000.0
2016-11-28,'002799,环球印务,63.11,63.7,60.18,60.8,61.05,2.06,3.3743,12.5858,3146444,196842367.12,6311000000.0,1577750000.0
2016-11-25,'002799,环球印务,61.05,62.13,59.2,61.9,61.9,-0.85,-1.3732,7.1492,1787305,107931160.42,6105000000.0,1526250000.0
2016-11-24,'002799,环球印务,61.9,63.15,61.13,61.4,61.83,0.07,0.1132,6.9296,1732403,108022945.94,6190000000.0,1547500000.0
2016-11-23,'002799,环球印务,61.83,63.5,61.51,63.0,63.53,-1.7,-2.6759,8.1116,2027893,126778972.42,6183000000.0,1545750000.0
2016-11-22,'002799,环球印务,63.53,66.14,63.02,65.03,63.88,-0.35,-0.5479,15.4798,3869956,248026963.66,6353000000.0,1588250000.0
2016-11-21,'002799,环球印务,63.88,63.97,60.8,61.6,61.65,2.23,3.6172,15.1019,3775484,237612429.55,6388000000.0,1597000000.0
2016-11-18,'002799,环球印务,61.65,63.55,60.31,60.71,59.65,2.0,3.3529,10.8717,2717933,168926010.51,6165000000.0,1541250000.0
2016-11-17,'002799,环球印务,59.65,61.38,59.21,61.38,61.38,-1.73,-2.8185,6.7337,1683413,100904844.4,5965000000.0,1491250000.0
2016-11-16,'002799,环球印务,61.38,63.09,61.38,62.64,62.78,-1.4,-2.23,5.909,1477261,91544865.7,6138000000.0,1534500000.0
2016-11-15,'002799,环球印务,62.78,63.0,61.5,62.44,62.35,0.43,0.6897,6.0206,1505139,93427351.87,6278000000.0,1569500000.0
2016-11-14,'002799,环球印务,62.35,63.46,61.51,62.9,62.78,-0.43,-0.6849,6.7206,1680141,104909221.92,6235000000.0,1558750000.0
2016-11-11,'002799,环球印务,62.78,64.57,62.67,63.5,64.1,-1.32,-2.0593,9.9353,2483831,157336437.76,6278000000.0,1569500000.0
2016-11-10,'002799,环球印务,64.1,65.37,62.5,63.15,62.6,1.5,2.3962,14.9167,3729171,239357433.24,6410000000.0,1602500000.0
2016-11-09,'002799,环球印务,62.6,63.73,61.31,63.5,63.64,-1.04,-1.6342,11.776,2944009,184060359.56,6260000000.0,1565000000.0
2016-11-08,'002799,环球印务,63.64,63.83,62.5,63.2,63.21,0.43,0.6803,8.9137,2228424,140634365.24,6364000000.0,1591000000.0
2016-11-07,'002799,环球印务,63.21,65.1,62.85,63.51,64.21,-1.0,-1.5574,12.4505,3112617,197688770.59,6321000000.0,1580250000.0
2016-11-04,'002799,环球印务,64.21,65.5,62.17,62.49,62.79,1.42,2.2615,25.2089,6302237,402718941.01,6421000000.0,1605250000.0
2016-11-03,'002799,环球印务,62.79,62.98,61.11,61.16,61.8,0.99,1.6019,17.9898,4497454,280309326.69,6279000000.0,1569750000.0
2016-11-02,'002799,环球印务,61.8,64.28,61.0,62.0,62.69,-0.89,-1.4197,22.6447,5661178,353393757.95,6180000000.0,1545000000.0
2016-11-01,'002799,环球印务,62.69,62.69,56.51,56.89,56.99,5.7,10.0018,25.1529,6288234,381113636.26,6269000000.0,1567250000.0
2016-10-31,'002799,环球印务,56.99,57.6,55.32,56.55,57.79,-0.8,-1.3843,7.0029,1750729,98405386.67,5699000000.0,1424750000.0
2016-10-28,'002799,环球印务,57.79,58.89,57.67,57.98,58.02,-0.23,-0.3964,7.065,1766246,102900422.61,5779000000.0,1444750000.0
2016-10-27,'002799,环球印务,58.02,58.26,56.9,57.49,57.66,0.36,0.6243,5.3949,1348719,78029209.09,5802000000.0,1450500000.0
2016-10-26,'002799,环球印务,57.66,58.87,57.5,57.5,57.94,-0.28,-0.4833,6.5269,1631715,94784756.95,5766000000.0,1441500000.0
2016-10-25,'002799,环球印务,57.94,58.39,57.1,57.11,57.32,0.62,1.0816,6.9579,1739473,100346417.32,5794000000.0,1448500000.0
2016-10-24,'002799,环球印务,57.32,57.56,56.4,56.76,57.1,0.22,0.3853,5.6351,1408778,80296352.14,5732000000.0,1433000000.0
2016-10-21,'002799,环球印务,57.1,57.64,56.49,57.0,57.03,0.07,0.1227,4.8018,1200454,68406221.65,5710000000.0,1427500000.0
2016-10-20,'002799,环球印务,57.03,58.03,57.0,57.8,58.73,-1.7,-2.8946,7.9141,1978520,113399294.88,5703000000.0,1425750000.0
2016-10-19,'002799,环球印务,58.73,59.88,57.7,57.71,57.5,1.23,2.1391,20.6859,5171486,303817485.03,5873000000.0,1468250000.0
2016-10-18,'002799,环球印务,57.5,57.5,54.22,55.0,55.21,2.29,4.1478,10.7799,2694966,153237599.07,5750000000.0,1437500000.0
2016-10-17,'002799,环球印务,55.21,56.86,54.53,56.48,56.48,-1.27,-2.2486,4.0922,1023045,57025816.95,5521000000.0,1380250000.0
2016-10-14,'002799,环球印务,56.48,56.68,55.5,55.88,56.38,0.1,0.1774,4.5581,1139519,63950407.65,5648000000.0,1412000000.0
2016-10-13,'002799,环球印务,56.38,56.67,55.14,55.6,55.73,0.65,1.1663,4.0009,1000222,56260933.15,5638000000.0,1409500000.0
2016-10-12,'002799,环球印务,55.73,56.5,54.67,55.1,55.15,0.58,1.0517,4.6433,1160832,64931597.09,5573000000.0,1393250000.0
2016-10-11,'002799,环球印务,55.15,55.38,54.4,54.94,54.93,0.22,0.4005,3.3762,844039,46272724.59,5515000000.0,1378750000.0
2016-10-10,'002799,环球印务,54.93,55.32,53.07,53.64,53.34,1.59,2.9809,4.1087,1027166,55877997.26,5493000000.0,1373250000.0
2016-09-30,'002799,环球印务,53.34,53.75,53.16,53.21,53.38,-0.04,-0.0749,4.4763,1119086,59889008.05,5334000000.0,1333500000.0
2016-09-29,'002799,环球印务,53.38,53.58,52.56,52.85,52.9,0.48,0.9074,2.7769,694224,36966640.98,5338000000.0,1334500000.0
2016-09-28,'002799,环球印务,52.9,53.58,52.26,52.48,52.77,0.13,0.2464,3.1335,783381,41458575.09,5290000000.0,1322500000.0
2016-09-27,'002799,环球印务,52.77,52.96,51.08,51.18,51.38,1.39,2.7053,5.0692,1267292,66458377.69,5277000000.0,1319250000.0
2016-09-26,'002799,环球印务,51.38,54.26,51.28,54.24,54.49,-3.11,-5.7075,5.7441,1436017,76157880.53,5138000000.0,1284500000.0
2016-09-23,'002799,环球印务,54.49,56.48,54.0,56.48,56.15,-1.66,-2.9564,4.4667,1116669,61855512.45,5449000000.0,1362250000.0
2016-09-22,'002799,环球印务,56.15,56.85,56.02,56.39,56.26,-0.11,-0.1955,3.2613,815326,46042191.85,5615000000.0,1403750000.0
2016-09-21,'002799,环球印务,56.26,56.49,55.75,56.49,56.13,0.13,0.2316,2.6704,667602,37505450.87,5626000000.0,1406500000.0
2016-09-20,'002799,环球印务,56.13,56.6,56.09,56.42,56.4,-0.27,-0.4787,2.1001,525027,29545892.38,5613000000.0,1403250000.0
2016-09-19,'002799,环球印务,56.4,56.8,56.2,56.22,56.11,0.29,0.5168,2.3599,589968,33305956.32,5640000000.0,1410000000.0
2016-09-14,'002799,环球印务,56.11,56.89,55.19,55.19,56.01,0.1,0.1785,3.3413,835332,47033113.16,5611000000.0,1402750000.0
2016-09-13,'002799,环球印务,56.01,56.76,55.83,56.58,55.82,0.19,0.3404,3.8568,964205,54231240.87,5601000000.0,1400250000.0
2016-09-12,'002799,环球印务,55.82,57.67,55.78,57.18,58.9,-3.08,-5.2292,6.0423,1510567,85495487.87,5582000000.0,1395500000.0
2016-09-09,'002799,环球印务,58.9,59.49,58.8,59.29,59.3,-0.4,-0.6745,3.2996,824911,48709023.58,5890000000.0,1472500000.0
2016-09-08,'002799,环球印务,59.3,59.81,59.05,59.48,59.48,-0.18,-0.3026,3.3223,830578,49251294.13,5930000000.0,1482500000.0
2016-09-07,'002799,环球印务,59.48,60.61,59.2,60.4,60.3,-0.82,-1.3599,4.6971,1174274,70187949.47,5948000000.0,1487000000.0
2016-09-06,'002799,环球印务,60.3,60.7,58.61,59.1,59.7,0.6,1.005,5.4599,1364982,81341291.4,6030000000.0,1507500000.0
2016-09-05,'002799,环球印务,59.7,60.98,59.0,60.04,59.98,-0.28,-0.4668,3.4149,853733,51508731.45,5970000000.0,1492500000.0
2016-09-02,'002799,环球印务,59.98,61.1,59.88,60.99,61.3,-1.32,-2.1533,5.4818,1370445,82757139.69,5998000000.0,1499500000.0
2016-09-01,'002799,环球印务,61.3,63.0,61.18,62.98,62.9,-1.6,-2.5437,6.1178,1529461,95055102.83,6130000000.0,1532500000.0
2016-08-31,'002799,环球印务,62.9,63.37,60.75,60.75,60.75,2.15,3.5391,10.5166,2629161,163961295.17,6290000000.0,1572500000.0
2016-08-30,'002799,环球印务,60.75,61.4,60.58,60.58,60.6,0.15,0.2475,3.2627,815682,49698034.61,6075000000.0,1518750000.0
2016-08-29,'002799,环球印务,60.6,61.66,60.2,61.45,61.46,-0.86,-1.3993,4.0872,1021796,62362717.64,6060000000.0,1515000000.0
2016-08-26,'002799,环球印务,61.46,62.85,61.0,62.3,62.3,-0.84,-1.3483,5.1455,1286383,79951205.68,6146000000.0,1536500000.0
2016-08-25,'002799,环球印务,62.3,62.99,60.1,62.02,62.66,-0.36,-0.5745,7.0017,1750420,107785904.47,6230000000.0,1557500000.0
2016-08-24,'002799,环球印务,62.66,62.96,62.18,62.49,62.24,0.42,0.6748,5.4135,1353385,84699064.31,6266000000.0,1566500000.0
2016-08-23,'002799,环球印务,62.24,63.14,61.51,61.68,61.71,0.53,0.8589,6.3473,1586815,98883872.75,6224000000.0,1556000000.0
2016-08-22,'002799,环球印务,61.71,65.6,61.7,65.2,66.06,-4.35,-6.5849,12.9243,3231084,205287241.65,6171000000.0,1542750000.0
2016-08-19,'002799,环球印务,66.06,68.44,66.01,68.14,68.79,-2.73,-3.9686,15.7799,3944982,264027518.34,6606000000.0,1651500000.0
2016-08-18,'002799,环球印务,68.79,69.55,65.65,66.05,66.55,2.24,3.3659,23.4756,5868904,396281754.66,6879000000.0,1719750000.0
2016-08-17,'002799,环球印务,66.55,67.4,65.58,66.66,66.66,-0.11,-0.165,13.5717,3392935,224771147.24,6655000000.0,1663750000.0
2016-08-16,'002799,环球印务,66.66,68.0,66.5,67.45,67.15,-0.49,-0.7297,13.8449,3461213,232427207.43,6666000000.0,1666500000.0
2016-08-15,'002799,环球印务,67.15,68.49,65.0,65.4,65.8,1.35,2.0517,16.5813,4145316,276104824.11,6715000000.0,1678750000.0
2016-08-12,'002799,环球印务,65.8,66.15,62.03,62.5,63.27,2.53,3.9987,14.6595,3664885,236637735.7,6580000000.0,1645000000.0
2016-08-11,'002799,环球印务,63.27,64.92,63.15,63.88,65.23,-1.96,-3.0048,12.0634,3015853,193029200.07,6327000000.0,1581750000.0
2016-08-10,'002799,环球印务,65.23,67.48,63.1,63.8,63.7,1.53,2.4019,19.9331,4983271,327537923.11,6523000000.0,1630750000.0
2016-08-09,'002799,环球印务,63.7,64.06,61.89,62.2,62.77,0.93,1.4816,15.4711,3867778,244202884.89,6370000000.0,1592500000.0
2016-08-08,'002799,环球印务,62.77,62.9,56.75,58.77,59.98,2.79,4.6516,15.6407,3910181,235631406.6,6277000000.0,1569250000.0
2016-08-05,'002799,环球印务,59.98,61.93,59.5,61.18,61.78,-1.8,-2.9136,10.685,2671248,162120614.6,5998000000.0,1499500000.0
2016-08-04,'002799,环球印务,61.78,63.5,61.06,61.52,61.5,0.28,0.4553,13.5327,3383163,210407336.24,6178000000.0,1544500000.0
2016-08-03,'002799,环球印务,61.5,61.8,59.0,59.17,59.11,2.39,4.0433,15.8734,3968343,240936565.76,6150000000.0,1537500000.0
2016-08-02,'002799,环球印务,59.11,60.11,57.77,59.05,59.02,0.09,0.1525,10.1899,2547484,150477290.97,5911000000.0,1477750000.0
2016-08-01,'002799,环球印务,59.02,64.0,59.0,64.0,65.35,-6.33,-9.6863,13.6272,3406810,205867143.67,5902000000.0,1475500000.0
2016-07-29,'002799,环球印务,65.35,67.31,64.75,65.21,65.1,0.25,0.384,13.4039,3350968,221382639.54,6535000000.0,1633750000.0
2016-07-28,'002799,环球印务,65.1,67.25,63.52,66.05,67.25,-2.15,-3.197,14.4222,3605547,235423719.68,6510000000.0,1627500000.0
2016-07-27,'002799,环球印务,67.25,72.9,66.15,72.9,73.28,-6.03,-8.2287,22.6757,5668933,391492053.59,6725000000.0,1681250000.0
2016-07-26,'002799,环球印务,73.28,75.5,71.91,72.0,73.51,-0.23,-0.3129,19.0578,4764447,351610729.17,7328000000.0,1832000000.0
2016-07-25,'002799,环球印务,73.51,74.8,68.31,70.3,70.49,3.02,4.2843,23.2063,5801563,415231543.73,7351000000.0,1837750000.0
2016-07-22,'002799,环球印务,70.49,75.57,70.0,73.8,73.72,-3.23,-4.3814,22.2966,5574153,404351236.62,7049000000.0,1762250000.0
2016-07-21,'002799,环球印务,73.72,77.99,73.5,76.5,78.23,-4.51,-5.7651,24.9426,6235650,471176879.73,7372000000.0,1843000000.0
2016-07-20,'002799,环球印务,78.23,80.64,78.01,80.64,81.36,-3.13,-3.8471,22.516,5629002,443568667.98,7823000000.0,1955750000.0
2016-07-19,'002799,环球印务,81.36,84.0,79.25,83.25,85.66,-4.3,-5.0198,31.9322,7983039,647718046.24,8136000000.0,2034000000.0
2016-07-18,'002799,环球印务,85.66,86.9,81.32,82.64,82.14,3.52,4.2854,39.6621,9915532,840562217.5,8566000000.0,2141500000.0
2016-07-15,'002799,环球印务,82.14,86.8,79.8,80.73,80.61,1.53,1.898,34.7989,8699716,724975857.08,8214000000.0,2053500000.0
2016-07-14,'002799,环球印务,80.61,83.3,79.0,80.05,83.31,-2.7,-3.2409,31.2242,7806049,629574232.2,8061000000.0,2015250000.0
2016-07-13,'002799,环球印务,83.31,88.1,76.55,77.77,81.4,1.91,2.3464,52.808,13201994,1082252794.48,8331000000.0,2082750000.0
2016-07-12,'002799,环球印务,81.4,85.5,76.54,80.5,85.04,-3.64,-4.2803,58.814,14703509,1170902895.53,8140000000.0,2035000000.0
2016-07-11,'002799,环球印务,85.04,85.04,85.04,85.04,77.31,7.73,9.9987,1.9116,477903,40640871.12,8504000000.0,2126000000.0
2016-07-08,'002799,环球印务,77.31,77.31,77.31,77.31,70.28,7.03,10.0028,0.9944,248600,19219266.0,7731000000.0,1932750000.0
2016-07-07,'002799,环球印务,70.28,70.28,70.28,70.28,63.89,6.39,10.0016,0.5952,148798,10457523.44,7028000000.0,1757000000.0
2016-07-06,'002799,环球印务,63.89,63.89,63.89,63.89,58.08,5.81,10.0034,0.2356,58900,3763121.0,6389000000.0,1597250000.0
2016-07-05,'002799,环球印务,58.08,58.08,58.08,58.08,52.8,5.28,10.0,0.4444,111110,6453268.8,5808000000.0,1452000000.0
2016-07-04,'002799,环球印务,52.8,52.8,52.8,52.8,48.0,4.8,10.0,0.4503,112580,5944224.0,5280000000.0,1320000000.0
2016-07-01,'002799,环球印务,48.0,48.0,48.0,48.0,43.64,4.36,9.9908,0.5282,132059,6338832.0,4800000000.0,1200000000.0
2016-06-30,'002799,环球印务,43.64,43.64,43.64,43.64,39.67,3.97,10.0076,0.7261,181529,7921925.56,4364000000.0,1091000000.0
2016-06-29,'002799,环球印务,39.67,39.67,39.67,39.67,36.06,3.61,10.0111,0.2098,52450,2080691.5,3967000000.0,991750000.0
2016-06-28,'002799,环球印务,36.06,36.06,36.06,36.06,32.78,3.28,10.0061,0.1248,31200,1125072.0,3606000000.0,901500000.0
2016-06-27,'002799,环球印务,32.78,32.78,32.78,32.78,29.8,2.98,10.0,0.116,29000,950620.0,3278000000.0,819500000.0
2016-06-24,'002799,环球印务,29.8,29.8,29.8,29.8,27.09,2.71,10.0037,0.2165,54124,1612895.2,2980000000.0,745000000.0
2016-06-23,'002799,环球印务,27.09,27.09,27.09,27.09,24.63,2.46,9.9878,0.1203,30074,814704.66,2709000000.0,677250000.0
2016-06-22,'002799,环球印务,24.63,24.63,24.63,24.63,22.39,2.24,10.0045,0.0528,13200,325116.0,2463000000.0,615750000.0
2016-06-21,'002799,环球印务,22.39,22.39,22.39,22.39,20.35,2.04,10.0246,0.0662,16555,370666.45,2239000000.0,559750000.0
2016-06-20,'002799,环球印务,20.35,20.35,20.35,20.35,18.5,1.85,10.0,0.0801,20028,407569.8,2035000000.0,508750000.0
2016-06-17,'002799,环球印务,18.5,18.5,18.5,18.5,16.82,1.68,9.9881,0.0586,14645,270932.5,1850000000.0,462500000.0
2016-06-16,'002799,环球印务,16.82,16.82,16.82,16.82,15.29,1.53,10.0065,0.0131,3265,54917.3,1682000000.0,420500000.0
2016-06-15,'002799,环球印务,15.29,15.29,15.29,15.29,13.9,1.39,10.0,0.0244,6100,93269.0,1529000000.0,382250000.0
2016-06-14,'002799,环球印务,13.9,13.9,13.9,13.9,12.64,1.26,9.9684,0.0265,6628,92129.2,1390000000.0,347500000.0
2016-06-13,'002799,环球印务,12.64,12.64,12.64,12.64,11.49,1.15,10.0087,0.018,4511,57019.04,1264000000.0,316000000.0
2016-06-08,'002799,N环球,11.49,11.49,10.54,10.54,7.98,3.51,43.985,0.0388,9700,111358.0,1149000000.0,287250000.0
2016-05-27,'002799,环球印务,0.0,0.0,0.0,0.0,7.98,None,None,0.0,0,0.0,598500000.0,0.0
