日期,股票代码,名称,收盘价,最高价,最低价,开盘价,前收盘,涨跌额,涨跌幅,换手率,成交量,成交金额,总市值,流通市值
2017-05-15,'002772,众兴菌业,13.66,13.66,12.42,12.42,12.42,1.24,9.9839,6.5971,11096469,146993790.88,5099697457.62,2297658266.42
2017-05-12,'002772,众兴菌业,12.42,12.67,12.35,12.64,12.66,-0.24,-1.8957,2.0583,3462050,43158349.29,4636767380.94,2089086066.54
2017-05-11,'002772,众兴菌业,12.66,12.95,12.3,12.95,13.03,-0.37,-2.8396,2.9378,4941512,62291039.79,4726366750.62,2129454879.42
2017-05-10,'002772,众兴菌业,13.03,13.35,13.03,13.29,13.29,-0.26,-1.9564,1.8762,3155769,41729592.16,4864499112.21,2191690132.61
2017-05-09,'002772,众兴菌业,13.29,13.36,13.01,13.2,13.02,0.27,2.0737,1.8072,3039763,40254036.87,4961565096.03,2235423013.23
2017-05-08,'002772,众兴菌业,13.02,13.44,13.02,13.4,13.48,-0.46,-3.4125,2.3293,3917899,51793907.11,4860765805.14,2190008098.74
2017-05-05,'002772,众兴菌业,13.48,13.86,13.48,13.86,13.89,-0.41,-2.9518,2.0116,3383604,46158782.32,5032497930.36,2267381656.76
2017-05-04,'002772,众兴菌业,13.89,13.96,13.71,13.9,13.94,-0.05,-0.3587,1.6424,2762543,38208154.96,5185563520.23,2336345045.43
2017-05-03,'002772,众兴菌业,13.94,14.07,13.85,14.05,14.04,-0.1,-0.7123,1.7172,2888457,40257643.33,5204230055.58,2344755214.78
2017-05-02,'002772,众兴菌业,14.04,14.07,13.75,13.89,13.91,0.13,0.9346,1.872,3148851,43870272.54,5241563126.28,2361575553.48
2017-04-28,'002772,众兴菌业,13.91,13.94,13.72,13.75,13.94,-0.03,-0.2152,1.8744,3152833,43547676.28,5193030134.37,2339709113.17
2017-04-27,'002772,众兴菌业,13.94,13.94,13.26,13.9,13.99,-0.05,-0.3574,3.2612,5485468,74617979.81,5204230055.58,2344755214.78
2017-04-26,'002772,众兴菌业,13.99,14.06,13.91,14.04,14.0,-0.01,-0.0714,1.6338,2748090,38387198.46,5222896590.93,2353165384.13
2017-04-25,'002772,众兴菌业,14.0,14.16,13.88,13.93,13.99,0.01,0.0715,2.0666,3476056,48742594.73,5226629898.0,2354847418.0
2017-04-24,'002772,众兴菌业,13.99,14.7,13.98,14.66,14.65,-0.66,-4.5051,2.104,3538985,50050713.48,5222896590.93,2353165384.13
2017-04-21,'002772,众兴菌业,14.65,14.8,14.54,14.7,14.65,0.0,0.0,2.061,3466689,50832012.38,5469294857.55,2464179619.55
2017-04-20,'002772,众兴菌业,14.65,14.89,14.54,14.75,14.79,-0.14,-0.9466,2.4747,4162481,61252946.56,5469294857.55,2464179619.55
2017-04-19,'002772,众兴菌业,14.79,15.4,14.53,15.4,15.45,-0.66,-4.2718,4.3706,7351535,109525215.54,5521561156.53,2487728093.73
2017-04-18,'002772,众兴菌业,15.45,16.5,15.03,16.46,16.45,-1.0,-6.079,7.9392,13353946,210977904.93,5767959423.15,2598742329.15
2017-04-17,'002772,众兴菌业,16.45,16.69,16.01,16.2,16.5,-0.05,-0.303,3.8416,6461654,105763464.66,6141290130.15,2766945716.15
2017-04-14,'002772,众兴菌业,16.5,16.85,16.26,16.8,16.91,-0.41,-2.4246,6.0324,10146636,167556234.6,6159956665.5,2775355885.5
2017-04-13,'002772,众兴菌业,16.91,17.08,16.35,16.38,16.45,0.46,2.7964,9.1324,15361068,257014161.12,6313022255.37,2844319274.17
2017-04-12,'002772,众兴菌业,16.45,16.62,16.31,16.51,16.51,-0.06,-0.3634,4.8094,8089637,133151295.0,6141290130.15,2766945716.15
2017-04-11,'002772,众兴菌业,16.51,16.52,15.88,16.23,16.27,0.24,1.4751,8.2208,13827681,224660727.84,6163689972.57,2777037919.37
2017-04-10,'002772,众兴菌业,16.27,17.26,16.18,17.26,17.43,-1.16,-6.6552,8.5778,14428127,240450477.05,6074090602.89,2736669106.49
2017-04-07,'002772,众兴菌业,17.43,17.87,17.38,17.8,18.0,-0.57,-3.1667,5.9206,9958680,175170809.75,6507154223.01,2931785035.41
2017-04-06,'002772,众兴菌业,18.0,18.2,17.85,18.2,18.25,-0.25,-1.3699,8.2153,13818465,248415062.29,6719952726.0,3027660966.0
2017-04-05,'002772,众兴菌业,18.25,18.48,17.36,17.45,17.69,0.56,3.1656,12.5608,21127636,380275978.82,6813285402.75,3069711812.75
2017-03-31,'002772,众兴菌业,17.69,17.93,16.9,17.4,17.34,0.35,2.0185,9.2967,15637323,272500142.69,6604220206.83,2975517916.03
2017-03-30,'002772,众兴菌业,17.44,18.08,17.21,18.0,17.95,-0.51,-2.8412,8.2593,13892448,244677232.69,6510887530.08,2933467069.28
2017-03-29,'002772,众兴菌业,17.95,18.19,17.1,17.17,17.23,0.72,4.1788,14.9542,25153397,444584652.13,6701286190.65,3019250796.65
2017-03-28,'002772,众兴菌业,17.23,17.48,16.71,16.78,16.99,0.24,1.4126,11.5472,19422792,331835186.36,6432488081.61,2898144358.01
2017-03-27,'002772,众兴菌业,16.99,17.9,16.57,17.9,17.95,-0.96,-5.3482,18.8774,31752419,537248085.83,6342888711.93,2857775545.13
2017-03-24,'002772,众兴菌业,17.95,18.02,17.81,17.87,17.87,0.08,0.4477,1.3734,2310050,41368387.46,6701286190.65,3019250796.65
2017-03-23,'002772,众兴菌业,17.87,17.98,17.81,17.92,17.92,-0.05,-0.279,1.3992,2353455,42070578.56,6671419734.09,3005794525.69
2017-03-22,'002772,众兴菌业,17.92,18.09,17.83,18.09,18.08,-0.16,-0.885,1.9231,3234799,57909216.69,6690086269.44,3014204695.04
2017-03-21,'002772,众兴菌业,18.08,18.16,18.02,18.06,18.06,0.02,0.1107,1.4238,2394963,43321987.99,6749819182.56,3041117236.96
2017-03-20,'002772,众兴菌业,18.06,18.16,17.98,18.16,18.24,-0.18,-0.9868,2.0776,3494651,63079745.13,6742352568.42,3037753169.22
2017-03-17,'002772,众兴菌业,18.24,18.38,18.17,18.21,18.23,0.01,0.0549,2.4168,3962603,72346170.57,6809552095.68,2990591530.56
2017-03-16,'002772,众兴菌业,18.23,18.31,18.0,18.05,18.24,-0.01,-0.0548,2.8411,4658153,84591150.91,6805818788.61,2988951951.87
2017-03-15,'002772,众兴菌业,18.24,18.88,17.8,18.87,19.24,-1.0,-5.1975,6.932,11365608,206935555.61,6809552095.68,2990591530.56
2017-03-14,'002772,众兴菌业,19.24,19.39,19.18,19.21,19.26,-0.02,-0.1038,0.8188,1342446,25847442.5,7182882802.68,3154549399.56
2017-03-13,'002772,众兴菌业,19.26,19.29,19.02,19.24,19.27,-0.01,-0.0519,0.8928,1463763,28058068.09,7190349416.82,3157828556.94
2017-03-10,'002772,众兴菌业,19.27,19.39,19.19,19.19,19.19,0.08,0.4169,0.7968,1306397,25209116.86,7194082723.89,3159468135.63
2017-03-09,'002772,众兴菌业,19.19,19.47,19.17,19.42,19.38,-0.19,-0.9804,1.0485,1719043,33072338.04,7164216267.33,3146351506.11
2017-03-08,'002772,众兴菌业,19.38,19.8,19.33,19.8,19.73,-0.35,-1.7739,1.5373,2520563,49094770.54,7235149101.66,3177503501.22
2017-03-07,'002772,众兴菌业,19.73,19.81,19.54,19.59,19.55,0.18,0.9207,1.3612,2231806,43904071.47,7365814849.11,3234888755.37
2017-03-06,'002772,众兴菌业,19.55,19.56,19.32,19.45,19.49,0.06,0.3079,1.0022,1643223,32014859.98,7298615321.85,3205376338.95
2017-03-03,'002772,众兴菌业,19.49,19.51,19.14,19.14,19.22,0.27,1.4048,1.0948,1795024,34683629.18,7276215479.43,3195538866.81
2017-03-02,'002772,众兴菌业,19.22,19.42,19.2,19.32,19.36,-0.14,-0.7231,0.9158,1501556,28972298.64,7175416188.54,3151270242.18
2017-03-01,'002772,众兴菌业,19.36,19.56,19.32,19.44,19.44,-0.08,-0.4115,0.9186,1506045,29251077.34,7227682487.52,3174224343.84
2017-02-28,'002772,众兴菌业,19.44,19.53,19.2,19.22,19.65,-0.21,-1.0687,1.3392,2195727,42558300.89,7257548944.08,3187340973.36
2017-02-27,'002772,众兴菌业,19.65,20.15,19.56,19.83,19.75,-0.1,-0.5063,1.4882,2440064,48461062.18,7335948392.55,3221772125.85
2017-02-24,'002772,众兴菌业,19.75,19.79,19.52,19.66,19.6,0.15,0.7653,1.1483,1882691,37018180.59,7373281463.25,3238167912.75
2017-02-23,'002772,众兴菌业,19.6,19.63,19.44,19.6,19.5,0.1,0.5128,1.052,1724909,33694545.58,7317281857.2,3213574232.4
2017-02-22,'002772,众兴菌业,19.5,19.56,19.37,19.44,19.43,0.07,0.3603,0.8375,1373197,26752293.92,7279948786.5,3197178445.5
2017-02-21,'002772,众兴菌业,19.43,19.46,19.25,19.31,19.31,0.12,0.6214,0.827,1355977,26293447.61,7253815637.01,3185701394.67
2017-02-20,'002772,众兴菌业,19.31,19.33,19.1,19.19,19.2,0.11,0.5729,0.9265,1519020,29153642.54,7209015952.17,3166026450.39
2017-02-17,'002772,众兴菌业,19.2,19.33,19.1,19.26,19.26,-0.06,-0.3115,0.9371,1536390,29534493.93,7167949574.4,3147991084.8
2017-02-16,'002772,众兴菌业,19.26,19.51,19.1,19.42,19.45,-0.19,-0.9769,1.4802,2426852,46856242.43,7190349416.82,3157828556.94
2017-02-15,'002772,众兴菌业,19.45,19.92,19.43,19.58,19.61,-0.16,-0.8159,1.3605,2230574,43816796.41,7261282251.15,3188980552.05
2017-02-14,'002772,众兴菌业,19.61,19.85,19.5,19.71,19.82,-0.21,-1.0595,0.9443,1548323,30453738.15,7321015164.27,3215213811.09
2017-02-13,'002772,众兴菌业,19.82,19.9,19.68,19.74,19.75,0.07,0.3544,0.6626,1086398,21520580.75,7399414612.74,3249644963.58
2017-02-10,'002772,众兴菌业,19.75,19.99,19.75,19.95,19.94,-0.19,-0.9529,0.7699,1262286,25020068.75,7373281463.25,3238167912.75
2017-02-09,'002772,众兴菌业,19.94,19.98,19.76,19.82,19.82,0.12,0.6054,0.7681,1259327,25031215.93,7444214297.58,3269319907.86
2017-02-08,'002772,众兴菌业,19.82,19.87,19.61,19.79,19.79,0.03,0.1516,0.6723,1102367,21777559.19,7399414612.74,3249644963.58
2017-02-07,'002772,众兴菌业,19.79,20.08,19.72,19.86,19.92,-0.13,-0.6526,0.8819,1445928,28761086.79,7388214691.53,3244726227.51
2017-02-06,'002772,众兴菌业,19.92,19.96,19.45,19.45,19.4,0.52,2.6804,1.3927,2283523,45215836.84,7436747683.44,3266040750.48
2017-02-03,'002772,众兴菌业,19.4,19.5,19.15,19.35,19.35,0.05,0.2584,0.4445,728796,14088587.91,7242615715.8,3180782658.6
2017-01-26,'002772,众兴菌业,19.35,19.38,19.2,19.37,19.29,0.06,0.311,0.4119,675333,13058640.45,7223949180.45,3172584765.15
2017-01-25,'002772,众兴菌业,19.29,19.4,19.04,19.31,19.23,0.06,0.312,0.432,708323,13630256.47,7201549338.03,3162747293.01
2017-01-24,'002772,众兴菌业,19.23,19.51,19.2,19.51,19.52,-0.29,-1.4857,0.5371,880631,16997001.6,7179149495.61,3152909820.87
2017-01-23,'002772,众兴菌业,19.52,19.6,19.37,19.4,19.4,0.12,0.6186,0.7497,1229149,23943671.13,7287415400.64,3200457602.88
2017-01-20,'002772,众兴菌业,19.4,19.66,19.12,19.2,19.38,0.02,0.1032,0.9661,1583971,30716182.85,7242615715.8,3180782658.6
2017-01-19,'002772,众兴菌业,19.38,19.8,18.88,18.9,18.95,0.43,2.2691,1.8375,3012667,58080220.62,7235149101.66,3177503501.22
2017-01-18,'002772,众兴菌业,18.95,19.09,18.81,19.0,19.0,-0.05,-0.2632,0.5413,887446,16837377.78,7074616897.65,3107001617.55
2017-01-17,'002772,众兴菌业,19.0,19.15,18.31,18.95,18.98,0.02,0.1054,0.968,1587178,29805985.45,7093283433.0,3115199511.0
2017-01-16,'002772,众兴菌业,18.98,20.37,18.28,20.22,20.31,-1.33,-6.5485,1.9266,3158847,61150139.74,7085816818.86,3111920353.62
2017-01-13,'002772,众兴菌业,20.31,20.76,20.17,20.66,20.66,-0.35,-1.6941,0.9063,1486030,30437224.06,7582346659.17,3329984319.39
2017-01-12,'002772,众兴菌业,20.66,21.07,20.63,20.97,20.97,-0.31,-1.4783,0.7094,1163180,24224457.44,7713012406.62,3387369573.54
2017-01-11,'002772,众兴菌业,20.97,21.25,20.94,21.2,21.4,-0.43,-2.0093,1.062,1741276,36691407.62,7828744925.79,3438196512.93
2017-01-10,'002772,众兴菌业,21.4,21.5,20.7,20.92,20.93,0.47,2.2456,1.8508,3034552,64020069.56,7989277129.8,3508698396.6
2017-01-09,'002772,众兴菌业,20.93,20.94,20.51,20.65,20.51,0.42,2.0478,1.2818,2101625,43813954.75,7813811697.51,3431638198.17
2017-01-06,'002772,众兴菌业,20.51,20.81,20.46,20.78,20.81,-0.3,-1.4416,0.9224,1512296,31136343.11,7657012800.57,3362775893.19
2017-01-05,'002772,众兴菌业,20.81,21.4,20.79,20.98,20.92,-0.11,-0.5258,0.9587,1571834,32930059.47,7769012012.67,3411963253.89
2017-01-04,'002772,众兴菌业,20.92,20.98,20.65,20.79,20.79,0.13,0.6253,0.8312,1362750,28430151.23,7810078390.44,3429998619.48
2017-01-03,'002772,众兴菌业,20.79,20.86,20.58,20.58,20.57,0.22,1.0695,0.7162,1174227,24386785.46,7761545398.53,3408684096.51
2016-12-30,'002772,众兴菌业,20.57,20.6,20.4,20.55,20.51,0.06,0.2925,0.6816,1117491,22932790.76,7679412642.99,3372613365.33
2016-12-29,'002772,众兴菌业,20.51,20.7,20.42,20.42,20.47,0.04,0.1954,0.586,960788,19758073.14,7657012800.57,3362775893.19
2016-12-28,'002772,众兴菌业,20.47,20.86,20.39,20.77,20.7,-0.23,-1.1111,0.9874,1618869,33304774.68,7642079572.29,3356217578.43
2016-12-27,'002772,众兴菌业,20.7,20.95,20.67,20.9,20.9,-0.2,-0.9569,0.7007,1148777,23854123.56,7727945634.9,3393927888.3
2016-12-26,'002772,众兴菌业,20.9,21.03,20.46,20.7,20.76,0.14,0.6744,0.7741,1269152,26324105.99,7802611776.3,3426719462.1
2016-12-23,'002772,众兴菌业,20.76,21.4,20.7,21.11,21.19,-0.43,-2.0293,1.3312,2182620,45835035.28,7750345477.32,3403765360.44
2016-12-22,'002772,众兴菌业,21.19,21.89,21.12,21.7,21.84,-0.65,-2.9762,1.7239,2826515,60666601.65,7910877681.33,3474267244.11
2016-12-21,'002772,众兴菌业,21.84,22.0,21.64,21.65,21.85,-0.01,-0.0458,1.7438,2859023,62410864.77,8153542640.88,3580839858.96
2016-12-20,'002772,众兴菌业,21.85,22.2,20.85,21.11,21.13,0.72,3.4075,2.3809,3903748,83973813.74,8157275947.95,3582479437.65
2016-12-19,'002772,众兴菌业,21.13,21.27,20.56,20.75,20.75,0.38,1.8313,2.0883,3423911,72003897.17,7888477838.91,3464429771.97
2016-12-16,'002772,众兴菌业,20.75,20.83,20.46,20.46,20.52,0.23,1.1209,1.0349,1696749,35103931.29,7746612170.25,3402125781.75
2016-12-15,'002772,众兴菌业,20.52,20.85,20.25,20.28,20.39,0.13,0.6376,0.9389,1539454,31647436.77,7660746107.64,3364415471.88
2016-12-14,'002772,众兴菌业,20.39,20.53,20.21,20.39,20.41,-0.02,-0.098,0.978,1603535,32710937.65,7612213115.73,3343100948.91
2016-12-13,'002772,众兴菌业,20.41,20.66,20.08,20.56,20.54,-0.13,-0.6329,1.1642,1908837,38870801.09,7619679729.87,3346380106.29
2016-12-12,'002772,众兴菌业,20.54,21.72,20.54,21.39,21.5,-0.96,-4.4651,2.2735,3727541,78616169.06,7668212721.78,3367694629.26
2016-12-09,'002772,众兴菌业,21.5,21.88,21.5,21.69,21.7,-0.2,-0.9217,0.9158,1501552,32505807.26,8026610200.5,3525094183.5
2016-12-08,'002772,众兴菌业,21.7,22.01,21.69,21.9,21.99,-0.29,-1.3188,0.9696,1589666,34659958.76,8101276341.9,3557885757.3
2016-12-07,'002772,众兴菌业,21.99,22.13,21.75,21.99,22.0,-0.01,-0.0455,1.3867,2273621,49772599.17,8209542246.93,3605433539.31
2016-12-06,'002772,众兴菌业,22.0,22.43,21.22,21.22,21.29,0.71,3.3349,3.6875,6045866,132857628.29,8213275554.0,3607073118.0
2016-12-05,'002772,众兴菌业,21.29,21.48,21.1,21.12,21.29,0.0,0.0,1.0356,1698025,36201961.83,7948210752.03,3490663031.01
2016-12-02,'002772,众兴菌业,21.29,21.69,21.25,21.69,21.69,-0.4,-1.8442,1.8583,3046781,65198773.05,7948210752.03,3490663031.01
2016-12-01,'002772,众兴菌业,21.69,21.96,21.56,21.9,21.9,-0.21,-0.9589,2.2986,3768768,81853577.86,8097543034.83,3556246178.61
2016-11-30,'002772,众兴菌业,21.9,22.07,21.75,21.75,21.97,-0.07,-0.3186,1.1157,1829199,40088183.61,8175942483.3,3590677331.1
2016-11-29,'002772,众兴菌业,21.97,22.35,21.95,22.17,22.26,-0.29,-1.3028,1.9742,3236903,71550227.32,8202075632.79,3602154381.93
2016-11-28,'002772,众兴菌业,22.26,22.45,21.93,22.29,22.13,0.13,0.5874,2.2628,3710050,82488939.24,8310341537.82,3649702163.94
2016-11-25,'002772,众兴菌业,22.13,22.39,21.58,22.33,22.39,-0.26,-1.1612,3.039,4982696,109453526.73,8261808545.91,3628387640.97
2016-11-24,'002772,众兴菌业,22.39,22.84,22.35,22.46,22.45,-0.06,-0.2673,2.4562,4027177,90877852.46,8358874529.73,3671016686.91
2016-11-23,'002772,众兴菌业,22.45,22.9,22.4,22.9,22.84,-0.39,-1.7075,3.0348,4975741,112815293.9,8381274372.15,3680854159.05
2016-11-22,'002772,众兴菌业,22.84,23.01,22.51,22.59,22.59,0.25,1.1067,4.7434,7777235,177310770.55,8526873347.88,3744797727.96
2016-11-21,'002772,众兴菌业,22.59,22.65,22.43,22.56,22.51,0.08,0.3554,1.9004,3115885,70227768.75,8433540671.13,3703808260.71
2016-11-18,'002772,众兴菌业,22.51,22.8,22.45,22.73,22.84,-0.33,-1.4448,2.0151,3303903,74702531.62,8403674214.57,3690691631.19
2016-11-17,'002772,众兴菌业,22.84,23.09,22.3,22.99,22.95,-0.11,-0.4793,3.8467,6307013,142812839.24,8526873347.88,3744797727.96
2016-11-16,'002772,众兴菌业,22.95,23.06,22.43,22.5,22.49,0.46,2.0454,5.9024,9677474,221037772.85,8567939725.65,3762833093.55
2016-11-15,'002772,众兴菌业,22.49,22.5,22.26,22.5,22.39,0.1,0.4466,2.2521,3692469,82701950.65,8396207600.43,3687412473.81
2016-11-14,'002772,众兴菌业,22.39,22.51,22.21,22.25,22.28,0.11,0.4937,2.4266,3978588,89065218.6,8358874529.73,3671016686.91
2016-11-11,'002772,众兴菌业,22.28,22.4,22.18,22.33,22.4,-0.12,-0.5357,2.508,4112059,91495378.64,8317808151.96,3652981321.32
2016-11-10,'002772,众兴菌业,22.4,22.52,22.19,22.35,22.18,0.22,0.9919,2.4825,4070251,91087534.44,8362607836.8,3672656265.6
2016-11-09,'002772,众兴菌业,22.18,22.58,22.0,22.45,22.51,-0.33,-1.466,3.5738,5859560,130433504.64,8280475081.26,3636585534.42
2016-11-08,'002772,众兴菌业,22.51,22.75,22.4,22.5,22.39,0.12,0.536,2.5374,4160288,93810658.84,8403674214.57,3690691631.19
2016-11-07,'002772,众兴菌业,22.39,22.78,22.19,22.75,22.89,-0.5,-2.1844,4.1761,6847084,153379338.3,8358874529.73,3671016686.91
2016-11-04,'002772,众兴菌业,22.89,24.24,22.75,23.59,23.74,-0.85,-3.5805,10.0769,16521851,384295473.4,8545539883.23,3752995621.41
2016-11-03,'002772,众兴菌业,23.74,23.9,22.53,22.6,22.8,0.94,4.1228,10.9977,18031674,421852917.86,8862870984.18,3892359810.06
2016-11-02,'002772,众兴菌业,22.8,23.08,22.2,22.45,22.47,0.33,1.4686,4.3981,7211062,162688642.49,8511940119.6,3738239413.2
2016-11-01,'002772,众兴菌业,22.47,22.62,22.12,22.4,22.63,-0.16,-0.707,3.4887,5720007,127779028.03,8388740986.29,3684133316.43
2016-10-31,'002772,众兴菌业,22.63,23.58,22.61,22.8,22.22,0.41,1.8452,6.7237,11024082,252678187.29,8448473899.41,3710366575.47
2016-10-28,'002772,众兴菌业,0.0,0.0,0.0,0.0,22.22,None,None,0.0,0,0.0,8295408309.54,3643143849.18
2016-10-27,'002772,众兴菌业,0.0,0.0,0.0,0.0,22.22,None,None,0.0,0,0.0,8295408309.54,3643143849.18
2016-10-26,'002772,众兴菌业,0.0,0.0,0.0,0.0,22.22,None,None,0.0,0,0.0,8295408309.54,3643143849.18
2016-10-25,'002772,众兴菌业,0.0,0.0,0.0,0.0,22.22,None,None,0.0,0,0.0,8295408309.54,3643143849.18
2016-10-24,'002772,众兴菌业,0.0,0.0,0.0,0.0,22.22,None,None,0.0,0,0.0,8295408309.54,3643143849.18
2016-10-21,'002772,众兴菌业,22.22,22.43,22.04,22.41,22.27,-0.05,-0.2245,1.8354,3009207,66885951.53,8295408309.54,3643143849.18
2016-10-20,'002772,众兴菌业,22.27,22.37,22.03,22.18,22.21,0.06,0.2701,1.5924,2610847,57940409.45,8314074844.89,3651341742.63
2016-10-19,'002772,众兴菌业,22.21,22.42,22.12,22.2,22.2,0.01,0.045,1.6735,2743796,61046164.75,8291675002.47,3641504270.49
2016-10-18,'002772,众兴菌业,22.2,22.24,22.0,22.07,22.06,0.14,0.6346,1.6597,2721207,60244497.34,8287941695.4,3639864691.8
2016-10-17,'002772,众兴菌业,22.06,22.47,22.01,22.45,22.54,-0.48,-2.1295,2.8236,4629547,102995929.35,8235675396.42,3616910590.14
2016-10-14,'002772,众兴菌业,22.54,23.0,21.36,21.71,21.75,0.79,3.6322,5.9976,9833485,219866002.93,8414874135.78,3695610367.26
2016-10-13,'002772,众兴菌业,21.75,21.97,21.67,21.85,21.85,-0.1,-0.4577,1.0631,1742979,37908713.7,8119942877.25,3566083650.75
2016-10-12,'002772,众兴菌业,21.85,22.05,21.68,21.8,21.86,-0.01,-0.0457,1.0604,1738665,38036043.85,8157275947.95,3582479437.65
2016-10-11,'002772,众兴菌业,21.86,21.99,21.8,21.99,21.85,0.01,0.0458,1.0618,1740947,38065510.67,8161009255.02,3584119016.34
2016-10-10,'002772,众兴菌业,21.85,21.94,21.71,21.9,21.46,0.39,1.8173,1.536,2518392,54997581.01,8157275947.95,3582479437.65
2016-09-30,'002772,众兴菌业,21.46,21.52,21.31,21.35,21.35,0.11,0.5152,0.5256,861727,18471506.34,8011676972.22,3518535868.74
2016-09-29,'002772,众兴菌业,21.35,21.58,21.3,21.5,21.43,-0.08,-0.3733,0.769,1260823,27058455.74,7970610594.45,3500500503.15
2016-09-28,'002772,众兴菌业,21.43,21.57,21.35,21.5,21.57,-0.14,-0.649,0.6484,1063164,22783844.16,8000477051.01,3513617132.67
2016-09-27,'002772,众兴菌业,21.57,21.68,21.3,21.58,21.52,0.05,0.2323,0.9117,1494768,32061442.18,8052743349.99,3536571234.33
2016-09-26,'002772,众兴菌业,21.52,22.0,21.51,22.0,22.04,-0.52,-2.3593,1.2293,2015552,43929834.54,8034076814.64,3528373340.88
2016-09-23,'002772,众兴菌业,22.04,22.1,21.82,21.86,21.89,0.15,0.6852,1.7983,2948520,64740555.41,8228208782.28,3613631432.76
2016-09-22,'002772,众兴菌业,21.89,21.98,21.65,21.79,21.69,0.2,0.9221,1.5142,2482621,54103632.78,8172209176.23,3589037752.41
2016-09-21,'002772,众兴菌业,21.69,21.88,21.57,21.67,21.75,-0.06,-0.2759,1.0735,1760098,38289062.02,8097543034.83,3556246178.61
2016-09-20,'002772,众兴菌业,21.75,21.8,21.36,21.58,21.64,0.11,0.5083,1.2298,2016303,43446281.68,8119942877.25,3566083650.75
2016-09-19,'002772,众兴菌业,21.64,21.85,21.29,21.3,21.5,0.14,0.6512,0.9701,1590504,34456973.97,8078876499.48,3548048285.16
2016-09-14,'002772,众兴菌业,21.5,21.7,21.26,21.48,21.75,-0.25,-1.1494,1.0487,1719345,36790085.58,8026610200.5,3525094183.5
2016-09-13,'002772,众兴菌业,21.75,21.77,21.1,21.19,21.08,0.67,3.1784,1.5137,2481829,52908170.65,8119942877.25,3566083650.75
2016-09-12,'002772,众兴菌业,21.08,22.0,21.05,22.0,22.18,-1.1,-4.9594,2.9645,4860559,104234674.98,7869811303.56,3456231878.52
2016-09-09,'002772,众兴菌业,22.18,22.33,22.16,22.31,22.29,-0.11,-0.4935,1.5122,2479434,55092375.75,8280475081.26,3636585534.42
2016-09-08,'002772,众兴菌业,22.29,22.44,22.2,22.44,22.35,-0.06,-0.2685,1.7187,2817862,62816570.82,8321541459.03,3654620900.01
2016-09-07,'002772,众兴菌业,22.35,22.54,22.31,22.5,22.5,-0.15,-0.6667,1.7392,2851631,64020881.36,8343941301.45,3664458372.15
2016-09-06,'002772,众兴菌业,22.5,22.56,22.11,22.26,22.26,0.24,1.0782,2.1499,3524915,78945815.01,8399940907.5,3689052052.5
2016-09-05,'002772,众兴菌业,22.26,22.47,22.25,22.33,22.32,-0.06,-0.2688,1.3188,2162205,48297789.07,8310341537.82,3649702163.94
2016-09-02,'002772,众兴菌业,22.32,22.51,22.25,22.4,22.51,-0.19,-0.8441,1.3841,2269298,50735629.59,8332741380.24,3659539636.08
2016-09-01,'002772,众兴菌业,22.51,22.73,22.44,22.63,22.61,-0.1,-0.4423,1.937,3175813,71595335.58,8403674214.57,3690691631.19
2016-08-31,'002772,众兴菌业,22.61,22.76,22.4,22.69,22.61,0.0,0.0,1.6733,2743528,61898890.72,8441007285.27,3707087418.09
2016-08-30,'002772,众兴菌业,22.61,22.75,22.56,22.6,22.61,0.0,0.0,1.4104,2312433,52358703.69,8441007285.27,3707087418.09
2016-08-29,'002772,众兴菌业,22.61,22.78,22.45,22.51,22.52,0.09,0.3996,1.5446,2532485,57412739.74,8441007285.27,3707087418.09
2016-08-26,'002772,众兴菌业,22.52,22.76,22.48,22.51,22.48,0.04,0.1779,1.5394,2523979,57040512.61,8407407521.64,3692331209.88
2016-08-25,'002772,众兴菌业,22.48,22.75,22.32,22.7,22.82,-0.34,-1.4899,1.9278,3160725,70953175.02,8392474293.36,3685772895.12
2016-08-24,'002772,众兴菌业,22.82,22.98,22.78,22.92,22.9,-0.08,-0.3493,1.464,2400395,54800477.29,8519406733.74,3741518570.58
2016-08-23,'002772,众兴菌业,22.9,23.05,22.73,23.05,23.01,-0.11,-0.4781,1.7225,2824127,64583585.86,8549273190.3,3754635200.1
2016-08-22,'002772,众兴菌业,23.01,23.43,22.83,23.32,23.28,-0.27,-1.1598,2.9678,4865969,111957128.76,8590339568.07,3772670565.69
2016-08-19,'002772,众兴菌业,23.28,23.5,22.95,23.0,22.84,0.44,1.9264,4.3829,7186175,167537313.32,8691138858.96,3816939190.32
2016-08-18,'002772,众兴菌业,22.84,23.22,22.78,23.2,23.1,-0.26,-1.1255,3.0356,4977071,113989392.61,7300746022.16,3744797727.96
2016-08-17,'002772,众兴菌业,23.1,23.25,22.76,22.85,22.9,0.2,0.8734,3.5511,5822386,134075690.8,7383854339.4,3787426773.9
2016-08-16,'002772,众兴菌业,22.9,23.09,22.72,22.79,22.77,0.13,0.5709,3.3461,5486206,125562973.52,7319924864.6,3754635200.1
2016-08-15,'002772,众兴菌业,22.77,22.94,22.35,22.36,22.44,0.33,1.4706,3.227,5290887,120048256.17,7278370705.98,3733320677.13
2016-08-12,'002772,众兴菌业,22.44,22.51,22.29,22.37,22.36,0.08,0.3578,1.3342,2187496,49002912.93,7172887072.56,3679214580.36
2016-08-11,'002772,众兴菌业,22.36,22.9,22.35,22.62,22.76,-0.4,-1.7575,1.9246,3155579,71228834.83,7147315282.64,3666097950.84
2016-08-10,'002772,众兴菌业,22.76,23.0,22.72,22.86,22.89,-0.13,-0.5679,1.5237,2498264,57014386.29,7275174232.24,3731681098.44
2016-08-09,'002772,众兴菌业,22.89,22.96,22.7,22.7,22.7,0.19,0.837,1.532,2511780,57387046.21,7316728390.86,3752995621.41
2016-08-08,'002772,众兴菌业,22.7,22.79,22.4,22.79,22.66,0.04,0.1765,1.3379,2193607,49530598.5,7255995389.8,3721843626.3
2016-08-05,'002772,众兴菌业,22.66,23.14,22.58,22.8,22.91,-0.25,-1.0912,2.2554,3697860,84411492.46,7243209494.84,3715285311.54
2016-08-04,'002772,众兴菌业,22.91,22.99,22.15,22.15,22.25,0.66,2.9663,2.7554,4517737,102280675.72,7323121338.34,3756274778.79
2016-08-03,'002772,众兴菌业,22.25,22.35,22.15,22.26,22.27,-0.02,-0.0898,1.3412,2198952,48943477.3,7112154071.5,3648062585.25
2016-08-02,'002772,众兴菌业,22.27,22.37,22.11,22.25,22.19,0.08,0.3605,1.1191,1834869,40780266.64,7118547018.98,3651341742.63
2016-08-01,'002772,众兴菌业,22.19,22.74,22.0,22.74,22.94,-0.75,-3.2694,2.2649,3713470,82497535.72,7092975229.06,3638225113.11
2016-07-29,'002772,众兴菌业,22.94,22.97,22.53,22.93,22.93,0.01,0.0436,1.9691,3228567,73516215.18,7332710759.56,3761193514.86
2016-07-28,'002772,众兴菌业,22.93,23.05,22.36,22.65,22.76,0.17,0.7469,2.5906,4247486,96737597.47,7329514285.82,3759553936.17
2016-07-27,'002772,众兴菌业,22.76,24.3,22.27,24.23,24.21,-1.45,-5.9893,5.3022,8693406,202831882.89,7275174232.24,3731681098.44
2016-07-26,'002772,众兴菌业,24.21,24.27,23.92,23.96,23.96,0.25,1.0434,2.0313,3330543,80465666.15,7738662924.54,3969420008.49
2016-07-25,'002772,众兴菌业,23.96,24.3,23.92,24.17,24.18,-0.22,-0.9098,2.8799,4721779,113774173.46,7658751081.04,3928430541.24
2016-07-22,'002772,众兴菌业,24.18,24.66,24.15,24.55,24.55,-0.37,-1.5071,3.1284,5129324,124709788.92,7729073503.32,3964501272.42
2016-07-21,'002772,众兴菌业,24.55,24.78,24.45,24.73,24.73,-0.18,-0.7279,3.0081,4932072,121379389.95,7847343031.7,4025165683.95
2016-07-20,'002772,众兴菌业,24.73,24.89,24.32,24.53,24.52,0.21,0.8564,3.6513,5986663,147534508.71,7904879559.02,4054678100.37
2016-07-19,'002772,众兴菌业,24.52,24.8,24.22,24.78,24.75,-0.23,-0.9293,4.0093,6573536,160801707.88,7837753610.48,4020246947.88
2016-07-18,'002772,众兴菌业,24.75,24.78,24.21,24.53,24.52,0.23,0.938,2.8209,4625104,113331960.54,7911272506.5,4057957257.75
2016-07-15,'002772,众兴菌业,24.52,24.96,24.32,24.82,24.82,-0.3,-1.2087,3.1131,5104148,125656258.86,7837753610.48,4020246947.88
2016-07-14,'002772,众兴菌业,24.82,24.9,24.49,24.56,24.63,0.19,0.7714,3.8747,6352912,157042870.36,7933647822.68,4069434308.58
2016-07-13,'002772,众兴菌业,24.63,24.67,24.22,24.52,24.45,0.18,0.7362,4.0981,6719077,164326273.24,7872914821.62,4038282313.47
2016-07-12,'002772,众兴菌业,24.45,24.8,23.98,24.61,24.73,-0.28,-1.1322,5.9445,9746471,237075052.28,7815378294.3,4008769897.05
2016-07-11,'002772,众兴菌业,24.73,25.1,24.68,25.0,24.95,-0.22,-0.8818,3.9813,6527652,162163552.73,7904879559.02,4054678100.37
2016-07-08,'002772,众兴菌业,24.95,25.08,24.66,24.81,24.93,0.02,0.0802,3.4694,5688317,141595319.84,7975201981.3,4090748831.55
2016-07-07,'002772,众兴菌业,24.93,25.59,24.61,25.59,25.48,-0.55,-2.1586,7.1602,11739732,292866387.14,7968809033.82,4087469674.17
2016-07-06,'002772,众兴菌业,25.48,25.59,25.14,25.52,25.75,-0.27,-1.0485,5.3093,8704946,220837245.93,8144615089.52,4177646502.12
2016-07-05,'002772,众兴菌业,25.75,26.62,25.52,25.78,25.85,-0.1,-0.3868,7.4978,12293202,320085289.79,8230919880.5,4221915126.75
2016-07-04,'002772,众兴菌业,25.85,25.89,25.01,25.2,25.8,0.05,0.1938,7.3685,12081242,308185671.27,8262884617.9,4238310913.65
2016-07-01,'002772,众兴菌业,25.8,26.18,25.14,25.14,25.03,0.77,3.0763,7.0025,11481177,295097003.89,8246902249.2,4230113020.2
2016-06-30,'002772,众兴菌业,25.03,25.38,24.81,25.2,25.61,-0.58,-2.2647,4.331,7101005,178177570.14,8000773771.22,4103865461.07
2016-06-29,'002772,众兴菌业,25.61,25.8,25.13,25.74,25.5,0.11,0.4314,5.4391,8917907,227074782.33,8186169248.14,4198961025.09
2016-06-28,'002772,众兴菌业,25.5,25.68,24.7,24.8,24.9,0.6,2.4096,5.4834,8990424,228173432.93,8151008037.0,4180925659.5
2016-06-27,'002772,众兴菌业,24.9,25.05,23.8,23.8,24.45,0.45,1.8405,4.416,7240350,178500928.87,7959219612.6,4082550938.1
2016-06-24,'002772,众兴菌业,24.45,25.32,23.2,24.88,24.85,-0.4,-1.6097,12.526,9571214,236516353.28,7815378294.3,1868246284.95
2016-06-23,'002772,众兴菌业,24.85,25.4,24.59,25.4,25.65,-0.8,-3.1189,12.5231,9569034,238932202.81,7943237243.9,1898810641.35
2016-06-22,'002772,众兴菌业,25.65,25.65,24.4,25.2,25.73,-0.08,-0.3109,17.5339,13397777,334416330.71,8198955143.1,1959939354.15
2016-06-21,'002772,众兴菌业,25.73,26.63,24.33,24.33,24.21,1.52,6.2784,25.67,19614676,507319848.3,8224526933.02,1966052225.43
2016-06-20,'002772,众兴菌业,24.21,24.6,23.7,24.43,24.44,-0.23,-0.9411,8.0939,6184611,148950107.54,7738662924.54,1849907671.11
2016-06-17,'002772,众兴菌业,24.44,25.17,24.11,24.57,24.55,-0.11,-0.4481,6.9901,5341211,131842546.47,7812181820.56,1867482176.04
2016-06-16,'002772,众兴菌业,24.55,24.99,24.4,24.5,24.63,-0.08,-0.3248,7.8968,6034001,149334555.8,7847343031.7,1875887374.05
2016-06-15,'002772,众兴菌业,24.63,25.1,23.3,23.31,23.85,0.78,3.2704,9.0894,6945296,170081314.42,7872914821.62,1882000245.33
2016-06-14,'002772,众兴菌业,23.85,24.38,23.31,23.68,24.15,-0.3,-1.2422,8.8501,6762429,160856067.56,7623589869.9,1822399750.35
2016-06-13,'002772,众兴菌业,24.15,26.01,24.0,25.6,26.39,-2.24,-8.4881,11.7047,8943697,225923087.36,7719484082.1,1845323017.65
2016-06-08,'002772,众兴菌业,26.39,27.11,26.25,27.11,27.38,-0.99,-3.6158,14.6812,11218020,298744676.58,8435494199.86,2016483413.49
2016-06-07,'002772,众兴菌业,27.38,27.4,25.58,25.58,25.7,1.68,6.537,19.5745,14957054,397038117.25,8751945100.12,2092130195.58
2016-06-06,'002772,众兴菌业,25.7,26.37,25.36,26.21,26.21,-0.51,-1.9458,10.101,7718288,199268989.66,8214937511.8,1963759898.7
2016-06-03,'002772,众兴菌业,26.21,26.78,26.02,26.5,26.39,-0.18,-0.6821,12.1816,9308071,245215880.1,8377957672.54,2002729453.11
2016-06-02,'002772,众兴菌业,26.39,26.7,25.71,25.72,26.29,0.1,0.3804,15.0225,11478844,301217807.94,8435494199.86,2016483413.49
2016-06-01,'002772,众兴菌业,26.29,27.0,24.9,24.9,24.78,1.51,6.0936,20.2662,15485620,398169334.78,8403529462.46,2008842324.39
2016-05-31,'002772,众兴菌业,24.78,24.78,23.52,23.52,23.52,1.26,5.3571,11.6869,8930080,217924933.66,7920861927.72,1893461878.98
2016-05-30,'002772,众兴菌业,23.52,24.18,23.3,24.18,24.19,-0.67,-2.7697,6.1243,4679604,110540501.12,7518106236.48,1797184156.32
2016-05-27,'002772,众兴菌业,24.19,24.65,23.9,24.0,24.1,0.09,0.3734,8.0823,6175764,150259484.53,7732269977.06,1848379453.29
2016-05-26,'002772,众兴菌业,24.1,24.24,23.28,24.02,24.21,-0.11,-0.4544,7.7277,5904786,140212398.52,7703501713.4,1841502473.1
2016-05-25,'002772,众兴菌业,24.21,25.08,23.87,24.63,24.59,-0.38,-1.5453,11.592,8857556,216554944.8,7738662924.54,1849907671.11
2016-05-24,'002772,众兴菌业,24.59,25.02,23.38,23.61,23.58,1.01,4.2833,15.694,11991927,291436649.38,7860128926.66,1878943809.69
2016-05-23,'002772,众兴菌业,23.58,23.8,23.25,23.45,23.23,0.35,1.5067,7.0394,5378839,126610612.91,7537285078.92,1801768809.78
2016-05-20,'002772,众兴菌业,23.23,23.25,22.5,22.55,23.05,0.18,0.7809,6.6767,5101747,116426389.44,7425408498.02,1775024997.93
2016-05-19,'002772,众兴菌业,23.05,23.69,22.8,23.14,23.04,0.01,0.0434,7.2409,5532828,128579897.43,7367871970.7,1761271037.55
2016-05-18,'002772,众兴菌业,23.04,24.15,22.9,23.96,24.37,-1.33,-5.4575,8.8722,6779293,158647036.98,7364675496.96,1760506928.64
2016-05-17,'002772,众兴菌业,24.37,25.0,23.9,24.89,24.85,-0.48,-1.9316,9.4756,7240413,176671410.97,7789806504.38,1862133413.67
2016-05-16,'002772,众兴菌业,24.85,24.86,24.1,24.31,24.19,0.66,2.7284,8.034,6138865,151069542.71,7943237243.9,1898810641.35
2016-05-13,'002772,众兴菌业,24.19,24.94,23.65,23.65,23.94,0.25,1.0443,9.587,7325481,179376624.05,7732269977.06,1848379453.29
2016-05-12,'002772,众兴菌业,23.94,24.38,22.8,23.66,24.52,-0.58,-2.3654,8.4028,6420689,152151288.39,7652358133.56,1829276730.54
2016-05-11,'002772,众兴菌业,24.52,25.2,24.07,24.58,24.2,0.32,1.3223,10.6107,8107698,200117044.25,7837753610.48,1873595047.32
2016-05-10,'002772,众兴菌业,24.2,24.74,23.83,24.35,24.29,-0.09,-0.3705,6.7555,5161909,125312244.22,7735466450.8,1849143562.2
2016-05-09,'002772,众兴菌业,24.29,25.1,23.5,25.01,25.67,-1.38,-5.3759,12.3176,9412004,228850062.28,7764234714.46,1856020542.39
2016-05-06,'002772,众兴菌业,25.67,27.37,25.61,27.0,27.38,-1.71,-6.2454,22.2273,16984051,448988978.47,8205348090.58,1961467571.97
2016-05-05,'002772,众兴菌业,27.38,27.86,25.21,25.41,25.61,1.77,6.9114,26.1773,20002271,532164113.27,8751945100.12,2092130195.58
2016-05-04,'002772,众兴菌业,25.61,26.08,25.45,25.98,26.22,-0.61,-2.3265,14.4486,11040300,284242853.89,8186169248.14,1956882918.51
2016-05-03,'002772,众兴菌业,26.22,26.25,24.75,25.18,25.64,0.58,2.2621,17.6055,13452484,345115553.91,8381154146.28,2003493562.02
2016-04-29,'002772,众兴菌业,25.64,26.8,25.22,25.72,26.3,-0.66,-2.5095,16.8087,12843648,332093051.38,8195758669.36,1959175245.24
2016-04-28,'002772,众兴菌业,26.3,27.39,25.13,25.13,25.51,0.79,3.0968,25.8602,19760045,520744914.12,8406725936.2,2009606433.3
2016-04-27,'002772,众兴菌业,25.51,26.36,25.0,26.0,25.21,0.3,1.19,28.7812,21991977,563192319.24,8154204510.74,1949241829.41
2016-04-26,'002772,众兴菌业,25.21,25.21,23.0,23.2,22.92,2.29,9.9913,18.131,13854047,339526082.41,8058310298.54,1926318562.11
2016-04-25,'002772,众兴菌业,22.92,22.98,22.0,22.8,23.45,-0.53,-2.2601,11.0206,8420910,190258447.53,7326317812.08,1751337621.72
2016-04-22,'002772,众兴菌业,23.45,23.8,22.63,22.68,22.7,0.75,3.304,13.0828,9996656,232105962.7,7495730920.3,1791835393.95
2016-04-21,'002772,众兴菌业,22.7,23.99,22.7,23.77,23.77,-1.07,-4.5015,15.4047,11770852,274330630.93,7255995389.8,1734527225.7
2016-04-20,'002772,众兴菌业,23.77,26.59,23.27,26.3,25.85,-2.08,-8.0464,21.1506,16161363,400899505.75,7598018079.98,1816286879.07
2016-04-19,'002772,众兴菌业,25.85,26.86,25.5,26.8,26.35,-0.5,-1.8975,13.8519,10584325,276049267.64,8262884617.9,1975221532.35
2016-04-18,'002772,众兴菌业,26.35,27.51,25.86,27.23,27.99,-1.64,-5.8592,18.0687,13806426,368693149.2,8422708304.9,2013426977.85
2016-04-15,'002772,众兴菌业,27.99,30.04,26.85,27.1,27.63,0.36,1.3029,29.3646,22437759,638418519.84,8946929998.26,2138740839.09
2016-04-14,'002772,众兴菌业,56.79,58.6,55.94,58.28,58.27,-1.48,-2.5399,19.4733,7253799,415173672.74,8849403972.0,2115427500.0
2016-04-13,'002772,众兴菌业,58.27,60.53,56.48,57.3,57.91,0.36,0.6217,23.8243,8874547,518423124.23,9080027636.0,2170557500.0
2016-04-12,'002772,众兴菌业,57.91,60.14,53.8,57.0,57.57,0.34,0.5906,30.5603,11383700,644748608.8,9023929988.0,2157147500.0
2016-04-11,'002772,众兴菌业,57.57,63.11,57.12,62.5,59.1,-1.53,-2.5888,27.4611,10229268,615457997.44,8970948876.0,2144482500.0
2016-04-08,'002772,众兴菌业,59.1,61.5,58.2,60.88,62.46,-3.36,-5.3794,19.6879,7333734,438799581.74,9209363880.0,2201475000.0
2016-04-07,'002772,众兴菌业,62.46,64.5,58.19,59.0,59.02,3.44,5.8285,26.5848,9902852,599689825.36,9732941928.0,2326635000.0
2016-04-06,'002772,众兴菌业,59.02,61.44,56.0,56.5,56.79,2.23,3.9267,29.0598,10824763,631236980.61,9196897736.0,2198495000.0
2016-04-05,'002772,众兴菌业,56.79,56.79,50.88,51.99,51.63,5.16,9.9942,26.5803,9901179,537063156.73,8849403972.0,2115427500.0
2016-04-01,'002772,众兴菌业,51.63,52.06,48.22,49.5,49.98,1.65,3.3013,23.1904,8638407,435487048.69,8045337684.0,1923217500.0
2016-03-31,'002772,众兴菌业,49.98,52.51,49.7,50.4,50.43,-0.45,-0.8923,28.9021,10766043,549477636.43,7788223464.0,1861755000.0
2016-03-30,'002772,众兴菌业,50.43,51.11,48.05,48.25,47.88,2.55,5.3258,29.0474,10820152,537953287.99,7858345524.0,1878517500.0
2016-03-29,'002772,众兴菌业,47.88,50.28,46.71,50.0,49.67,-1.79,-3.6038,22.2715,8296128,402668429.31,7460987184.0,1783530000.0
2016-03-28,'002772,众兴菌业,49.67,53.5,49.05,53.0,51.74,-2.07,-4.0008,33.8698,12616494,636891888.81,7739917156.0,1850207500.0
2016-03-25,'002772,众兴菌业,51.74,51.74,50.88,51.74,47.04,4.7,9.9915,33.7734,12580584,650309624.6,8062478632.0,1927315000.0
2016-03-24,'002772,众兴菌业,47.04,47.04,47.04,47.04,42.76,4.28,10.0094,6.5794,2450832,115287137.28,7330092672.0,1752240000.0
2016-03-23,'002772,众兴菌业,42.76,42.76,42.76,42.76,38.87,3.89,10.0077,4.7987,1787525,76434569.0,6663153968.0,1592810000.0
2016-03-22,'002772,众兴菌业,38.87,39.92,37.0,37.05,37.73,1.14,3.0215,12.2579,4566051,175983936.86,6056987716.0,1447907500.0
2016-03-21,'002772,众兴菌业,37.73,37.93,37.17,37.22,37.16,0.57,1.5339,8.7065,3243162,121601207.79,5879345164.0,1405442500.0
2016-03-18,'002772,众兴菌业,37.16,37.58,35.67,35.67,35.58,1.58,4.4407,10.15,3780890,139160919.96,5790523888.0,1384210000.0
2016-03-17,'002772,众兴菌业,35.58,35.68,34.21,34.56,34.18,1.4,4.096,6.7183,2502556,88100681.04,5298851124.0,1325355000.0
2016-03-16,'002772,众兴菌业,34.18,35.21,34.07,34.86,34.55,-0.37,-1.0709,3.4303,1277804,44237717.78,5090352204.0,1273205000.0
2016-03-15,'002772,众兴菌业,34.55,35.5,34.4,35.31,35.31,-0.76,-2.1524,4.4517,1658255,57878186.87,5145455490.0,1286987500.0
2016-03-14,'002772,众兴菌业,35.31,35.85,34.18,34.36,33.6,1.71,5.0893,6.542,2436911,85937128.98,5258640618.0,1315297500.0
2016-03-11,'002772,众兴菌业,33.6,33.98,32.5,32.83,33.15,0.45,1.3575,3.4546,1286833,43109105.56,5003974080.0,1251600000.0
2016-03-10,'002772,众兴菌业,33.15,34.24,33.05,33.88,33.69,-0.54,-1.6028,3.0738,1144985,38525731.28,4936956570.0,1234837500.0
2016-03-09,'002772,众兴菌业,33.69,34.72,33.23,34.02,34.99,-1.3,-3.7153,3.7008,1378550,46856296.0,5017377582.0,1254952500.0
2016-03-08,'002772,众兴菌业,34.99,34.99,32.0,34.78,34.79,0.2,0.5749,5.8254,2169949,73256222.63,5210983722.0,1303377500.0
2016-03-07,'002772,众兴菌业,34.79,35.79,34.02,34.99,33.7,1.09,3.2344,4.9024,1826146,64081813.74,5181198162.0,1295927500.0
2016-03-04,'002772,众兴菌业,33.7,36.15,33.33,35.8,36.4,-2.7,-7.4176,7.7003,2868377,99595334.24,5018866860.0,1255325000.0
2016-03-03,'002772,众兴菌业,36.4,37.2,35.09,35.58,35.57,0.83,2.3334,9.2305,3438359,124936192.56,5420971920.0,1355900000.0
2016-03-02,'002772,众兴菌业,35.57,35.73,33.01,33.01,33.47,2.1,6.2743,6.923,2578809,89234026.52,5297361846.0,1324982500.0
2016-03-01,'002772,众兴菌业,33.47,34.0,32.0,32.8,32.29,1.18,3.6544,5.7397,2138029,70523550.85,4984613466.0,1246757500.0
2016-02-29,'002772,众兴菌业,32.29,34.88,31.9,34.5,35.35,-3.06,-8.6563,6.6758,2486746,81557602.72,4808878662.0,1202802500.0
2016-02-26,'002772,众兴菌业,35.35,35.97,34.72,35.61,34.23,1.12,3.272,8.4419,3144624,111443243.11,5264597730.0,1316787500.0
2016-02-25,'002772,众兴菌业,34.23,37.78,34.2,37.75,38.0,-3.77,-9.9211,9.5335,3551235,126709544.21,5097798594.0,1275067500.0
2016-02-24,'002772,众兴菌业,38.0,39.05,36.67,39.0,39.08,-1.08,-2.7636,10.3566,3857851,146182475.29,5659256400.0,1415500000.0
2016-02-23,'002772,众兴菌业,39.08,40.0,38.59,38.59,39.03,0.05,0.1281,11.1375,4148703,162755296.01,5820098424.0,1455730000.0
2016-02-22,'002772,众兴菌业,39.03,40.8,38.3,40.0,37.22,1.81,4.863,18.3192,6823895,268934417.2,5812652034.0,1453867500.0
2016-02-19,'002772,众兴菌业,37.22,38.67,34.8,34.8,35.15,2.07,5.889,11.7054,4360251,162359221.7,5543092716.0,1386445000.0
2016-02-18,'002772,众兴菌业,35.15,35.6,34.81,35.1,35.39,-0.24,-0.6782,7.2767,2710575,95365272.92,5234812170.0,1309337500.0
2016-02-17,'002772,众兴菌业,35.39,35.58,33.95,33.95,33.27,2.12,6.3721,10.2654,3823853,134138932.48,5270554842.0,1318277500.0
2016-02-16,'002772,众兴菌业,33.27,33.36,32.15,32.17,31.9,1.37,4.2947,5.0333,1874892,61965292.29,4954827906.0,1239307500.0
2016-02-15,'002772,众兴菌业,31.9,32.18,30.5,31.0,32.51,-0.61,-1.8763,3.7589,1400201,44065835.88,4750796820.0,1188275000.0
2016-02-05,'002772,众兴菌业,32.51,33.33,32.5,33.33,33.1,-0.59,-1.7825,4.032,1501938,49256603.45,4841642778.0,1210997500.0
2016-02-04,'002772,众兴菌业,33.1,33.55,31.5,31.55,31.42,1.68,5.3469,7.161,2667483,87364570.54,4929510180.0,1232975000.0
2016-02-03,'002772,众兴菌业,31.42,31.64,30.8,31.0,31.44,-0.02,-0.0636,3.9938,1487698,46374117.63,4679311476.0,1170395000.0
2016-02-02,'002772,众兴菌业,31.44,31.68,30.01,30.05,30.05,1.39,4.6256,5.389,2007402,62624612.43,4682290032.0,1171140000.0
2016-02-01,'002772,众兴菌业,30.05,30.71,29.52,30.09,30.44,-0.39,-1.2812,3.8417,1431032,43227396.53,4475280390.0,1119362500.0
2016-01-29,'002772,众兴菌业,30.44,30.8,28.8,28.8,29.0,1.44,4.9655,4.9305,1836604,55177567.78,4533362232.0,1133890000.0
2016-01-28,'002772,众兴菌业,29.0,32.44,29.0,31.2,32.12,-3.12,-9.7136,5.1076,1902581,58167208.21,4318906200.0,1080250000.0
2016-01-27,'002772,众兴菌业,32.12,33.0,30.02,32.7,32.76,-0.64,-1.9536,5.7836,2154399,68041345.14,4783560936.0,1196470000.0
2016-01-26,'002772,众兴菌业,32.76,36.08,32.76,36.08,36.4,-3.64,-10.0,6.8548,2553427,87547960.02,4878874728.0,1220310000.0
2016-01-25,'002772,众兴菌业,36.4,37.12,36.02,36.34,35.9,0.5,1.3928,4.9898,1858687,68113507.62,5420971920.0,1355900000.0
2016-01-22,'002772,众兴菌业,35.9,36.47,34.45,35.82,35.0,0.9,2.5714,5.4607,2034126,72159863.99,5346508020.0,1337275000.0
2016-01-21,'002772,众兴菌业,35.0,37.9,35.0,36.02,37.14,-2.14,-5.762,6.7644,2519740,92475062.62,5212473000.0,1303750000.0
2016-01-20,'002772,众兴菌业,37.14,37.84,36.5,36.8,37.05,0.09,0.2429,7.5917,2827914,105383638.16,5531178492.0,1383465000.0
2016-01-19,'002772,众兴菌业,37.05,37.1,35.22,35.55,35.67,1.38,3.8688,6.5407,2436416,88622366.64,5517774990.0,1380112500.0
2016-01-18,'002772,众兴菌业,35.67,36.3,33.65,33.75,34.92,0.75,2.1478,5.591,2082653,73545136.94,5312254626.0,1328707500.0
2016-01-15,'002772,众兴菌业,34.92,37.5,34.4,37.05,37.15,-2.23,-6.0027,6.7903,2529391,91217149.01,5200558776.0,1300770000.0
2016-01-14,'002772,众兴菌业,37.15,37.4,33.6,34.21,35.51,1.64,4.6184,7.2465,2699318,96927222.93,5532667770.0,1383837500.0
2016-01-13,'002772,众兴菌业,35.51,37.71,35.08,36.99,36.75,-1.24,-3.3741,5.5774,2077563,76528174.0,5288426178.0,1322747500.0
2016-01-12,'002772,众兴菌业,36.75,37.56,35.5,36.36,36.0,0.75,2.0833,7.0521,2626908,96012429.67,5473096650.0,1368937500.0
2016-01-11,'002772,众兴菌业,36.0,39.8,35.59,37.79,38.86,-2.86,-7.3598,8.3447,3108385,117661415.58,5361400800.0,1341000000.0
2016-01-08,'002772,众兴菌业,38.86,40.74,35.01,38.5,38.25,0.61,1.5948,8.8931,3312677,129050969.2,5787334308.0,1447535000.0
2016-01-07,'002772,众兴菌业,38.25,41.39,38.25,41.35,42.5,-4.25,-10.0,2.5203,938800,37059237.95,5696488350.0,1424812500.0
2016-01-06,'002772,众兴菌业,42.5,42.63,41.2,41.82,40.72,1.78,4.3713,8.8261,3287712,138324150.34,6329431500.0,1583125000.0
2016-01-05,'002772,众兴菌业,40.72,42.94,38.74,39.99,43.03,-2.31,-5.3683,9.9232,3696401,151624521.65,6064340016.0,1516820000.0
2016-01-04,'002772,众兴菌业,43.03,47.87,43.03,47.87,47.81,-4.78,-9.9979,7.8882,2938359,132301629.68,6408363234.0,1602867500.0
2015-12-31,'002772,众兴菌业,47.81,49.92,47.8,49.9,49.52,-1.71,-3.4532,7.3318,2731111,132911400.73,7120238118.0,1780922500.0
2015-12-30,'002772,众兴菌业,49.52,50.26,48.95,49.68,49.68,-0.16,-0.3221,6.5528,2440922,120802377.48,7374904656.0,1844620000.0
2015-12-29,'002772,众兴菌业,49.68,49.71,48.5,48.9,49.0,0.68,1.3878,7.122,2652950,130570545.68,7398733104.0,1850580000.0
2015-12-28,'002772,众兴菌业,49.0,51.91,49.0,51.4,52.0,-3.0,-5.7692,14.9343,5563012,280713567.42,7297462200.0,1825250000.0
2015-12-25,'002772,众兴菌业,52.0,56.58,51.11,55.0,54.24,-2.24,-4.1298,18.325,6826079,366772683.96,7744245600.0,1937000000.0
2015-12-24,'002772,众兴菌业,54.24,54.55,51.61,53.01,53.15,1.09,2.0508,14.5461,5418438,287453673.81,8077843872.0,2020440000.0
2015-12-23,'002772,众兴菌业,53.15,55.48,51.58,52.39,53.3,-0.15,-0.2814,22.7519,8475084,452989154.03,7915512570.0,1979837500.0
2015-12-22,'002772,众兴菌业,53.3,54.63,51.5,51.51,51.0,2.3,4.5098,21.0235,7831246,416093299.7,7937851740.0,1985425000.0
2015-12-21,'002772,众兴菌业,51.0,52.0,48.52,50.03,50.03,0.97,1.9388,13.727,5113320,256685663.19,7595317800.0,1899750000.0
2015-12-18,'002772,众兴菌业,50.03,52.48,49.5,51.0,51.5,-1.47,-2.8544,14.3053,5328723,269926234.83,7450857834.0,1863617500.0
2015-12-17,'002772,众兴菌业,51.5,52.0,49.01,49.67,49.22,2.28,4.6323,17.7054,6595270,331031205.85,7669781700.0,1918375000.0
2015-12-16,'002772,众兴菌业,49.22,50.47,47.36,47.36,47.25,1.97,4.1693,14.8458,5530069,272483523.97,7330226316.0,1833445000.0
2015-12-15,'002772,众兴菌业,47.25,48.48,46.93,48.0,47.95,-0.7,-1.4599,8.0422,2995737,142657654.23,7036838550.0,1760062500.0
2015-12-14,'002772,众兴菌业,47.95,48.2,45.18,45.6,46.75,1.2,2.5668,7.5399,2808625,132054899.87,7141088010.0,1786137500.0
2015-12-11,'002772,众兴菌业,46.75,47.8,46.28,46.98,47.29,-0.54,-1.1419,7.7366,2881888,135262074.43,6962374650.0,1741437500.0
2015-12-10,'002772,众兴菌业,47.29,49.18,46.8,48.0,48.29,-1.0,-2.0708,12.2656,4568944,216681259.98,7042795662.0,1761552500.0
2015-12-09,'002772,众兴菌业,48.29,51.73,47.31,51.26,51.4,-3.11,-6.0506,21.4879,8004258,392757941.75,7191723462.0,1798802500.0
2015-12-08,'002772,众兴菌业,51.4,55.0,49.5,50.1,50.02,1.38,2.7589,30.6929,11433103,600947626.94,7654888920.0,1914650000.0
2015-12-07,'002772,众兴菌业,50.02,51.0,49.2,50.3,51.15,-1.13,-2.2092,15.2247,5671214,283251906.72,7449368556.0,1863245000.0
2015-12-04,'002772,众兴菌业,51.15,51.45,48.04,48.88,48.85,2.3,4.7083,26.4113,9838224,488318201.18,7617656970.0,1905337500.0
2015-12-03,'002772,众兴菌业,48.85,49.37,46.39,46.39,46.2,2.65,5.7359,18.0017,6705630,323216925.53,7275123030.0,1819662500.0
2015-12-02,'002772,众兴菌业,46.2,48.0,44.2,47.0,48.45,-2.25,-4.644,14.5357,5414549,248544967.43,6880464360.0,1720950000.0
2015-12-01,'002772,众兴菌业,48.45,51.52,46.6,48.12,48.98,-0.53,-1.0821,23.4587,8738353,432679048.49,7215551910.0,1804762500.0
2015-11-30,'002772,众兴菌业,48.98,49.65,44.95,45.35,45.35,3.63,8.0044,21.6959,8081739,379539604.75,7294483644.0,1824505000.0
2015-11-27,'002772,众兴菌业,45.35,48.95,45.0,48.0,49.96,-4.61,-9.2274,23.1475,8622432,409017011.19,6753875730.0,1689287500.0
2015-11-26,'002772,众兴菌业,49.96,52.26,48.0,48.0,47.51,2.45,5.1568,34.2297,12750575,652020141.4,7440432888.0,1861010000.0
2015-11-25,'002772,众兴菌业,47.51,48.48,46.02,47.13,47.2,0.31,0.6568,18.0498,6723562,321065072.78,7075559778.0,1769747500.0
2015-11-24,'002772,众兴菌业,47.2,47.88,44.8,44.85,44.92,2.28,5.0757,17.263,6430464,298839596.71,7029392160.0,1758200000.0
2015-11-23,'002772,众兴菌业,44.92,47.0,44.7,47.0,47.51,-2.59,-5.4515,19.126,7124422,324631128.83,6689836776.0,1673270000.0
2015-11-20,'002772,众兴菌业,47.51,49.13,46.8,48.87,48.6,-1.09,-2.2428,20.9974,7821516,374610069.1,7075559778.0,1769747500.0
2015-11-19,'002772,众兴菌业,48.6,49.13,45.35,47.63,47.64,0.96,2.0151,23.7105,8832174,416708885.84,7237891080.0,1810350000.0
2015-11-18,'002772,众兴菌业,47.64,52.5,47.64,52.5,52.93,-5.29,-9.9943,28.9054,10767258,531150017.08,7094920392.0,1774590000.0
2015-11-17,'002772,众兴菌业,52.93,53.53,48.23,48.9,48.66,4.27,8.7752,42.9171,15986637,827105665.82,7882748454.0,1971642500.0
2015-11-16,'002772,众兴菌业,48.66,49.94,45.48,47.9,48.5,0.16,0.3299,23.2358,8655326,413507012.82,7246826748.0,1812585000.0
2015-11-13,'002772,众兴菌业,48.5,52.5,46.78,47.8,49.28,-0.78,-1.5828,37.8146,14085924,702709751.08,7222998300.0,1806625000.0
2015-11-12,'002772,众兴菌业,49.28,53.5,47.27,49.97,48.74,0.54,1.1079,47.2986,17618726,879136361.84,7339161984.0,1835680000.0
2015-11-11,'002772,众兴菌业,48.74,48.74,45.95,48.74,44.31,4.43,9.9977,43.2237,16100828,774674197.2,7258740972.0,1815565000.0
2015-11-10,'002772,众兴菌业,44.31,44.31,44.31,44.31,40.28,4.03,10.005,0.7439,277100,12278301.0,6598990818.0,1650547500.0
2015-11-09,'002772,众兴菌业,0.0,0.0,0.0,0.0,40.28,None,None,0.0,0,0.0,5998811784.0,1500430000.0
2015-11-06,'002772,众兴菌业,0.0,0.0,0.0,0.0,40.28,None,None,0.0,0,0.0,5998811784.0,1500430000.0
2015-11-05,'002772,众兴菌业,0.0,0.0,0.0,0.0,40.28,None,None,0.0,0,0.0,5998811784.0,1500430000.0
2015-11-04,'002772,众兴菌业,0.0,0.0,0.0,0.0,40.28,None,None,0.0,0,0.0,5998811784.0,1500430000.0
2015-11-03,'002772,众兴菌业,0.0,0.0,0.0,0.0,40.28,None,None,0.0,0,0.0,5998811784.0,1500430000.0
2015-11-02,'002772,众兴菌业,40.28,40.28,34.89,35.66,36.62,3.66,9.9945,33.158,12351350,488100924.27,5998811784.0,1500430000.0
2015-10-30,'002772,众兴菌业,36.62,36.98,34.71,35.77,35.83,0.79,2.2049,17.3826,6475007,233840122.07,5453736036.0,1364095000.0
2015-10-29,'002772,众兴菌业,35.83,36.38,34.6,34.91,34.67,1.16,3.3458,13.8995,5177557,185132772.29,5336083074.0,1334667500.0
2015-10-28,'002772,众兴菌业,34.67,36.41,34.5,35.76,36.32,-1.65,-4.543,11.087,4129902,146732311.01,5163326826.0,1291457500.0
2015-10-27,'002772,众兴菌业,36.32,36.6,34.0,35.76,36.24,0.08,0.2208,14.931,5561794,195191383.9,5409057696.0,1352920000.0
2015-10-26,'002772,众兴菌业,36.24,36.98,35.21,36.35,35.93,0.31,0.8628,17.0016,6333114,228865960.28,5397143472.0,1349940000.0
2015-10-23,'002772,众兴菌业,35.93,36.15,35.02,35.2,35.34,0.59,1.6695,16.8966,6293994,223687826.58,5350975854.0,1338392500.0
2015-10-22,'002772,众兴菌业,35.34,35.42,33.42,34.05,34.04,1.3,3.819,20.826,7757688,267425581.28,5263108452.0,1316415000.0
2015-10-21,'002772,众兴菌业,34.04,39.24,34.0,37.79,37.57,-3.53,-9.3958,26.0221,9693233,359275763.13,5069502312.0,1267990000.0
2015-10-20,'002772,众兴菌业,37.57,37.98,36.6,37.66,38.53,-0.96,-2.4916,21.3139,7939428,296065695.76,5595217446.0,1399482500.0
2015-10-19,'002772,众兴菌业,38.53,40.49,36.45,37.06,37.68,0.85,2.2558,34.8712,12989536,495893535.76,5738188134.0,1435242500.0
2015-10-16,'002772,众兴菌业,37.68,37.91,37.06,37.25,38.06,-0.38,-0.9984,28.4894,10612310,397228704.62,5611599504.0,1403580000.0
2015-10-15,'002772,众兴菌业,38.06,40.0,36.52,38.5,36.38,1.68,4.6179,42.6358,15881827,602395865.03,5668192068.0,1417735000.0
2015-10-14,'002772,众兴菌业,36.38,36.38,34.99,35.6,33.07,3.31,10.0091,14.1363,5265755,190109172.14,5417993364.0,1355155000.0
2015-10-13,'002772,众兴菌业,33.07,33.07,31.77,32.98,30.06,3.01,10.0133,11.6076,4323833,142055612.92,4925042346.0,1231857500.0
2015-10-12,'002772,众兴菌业,30.06,30.6,28.82,28.83,28.3,1.76,6.2191,15.2474,5679644,168184867.41,4476769668.0,1119735000.0
2015-10-09,'002772,众兴菌业,28.3,28.49,27.61,27.89,27.97,0.33,1.1798,9.8352,3663597,103210564.4,4214656740.0,1054175000.0
2015-10-08,'002772,众兴菌业,27.97,28.25,27.34,27.6,26.36,1.61,6.1077,10.7081,3988770,111019658.87,4165510566.0,1041882500.0
2015-09-30,'002772,众兴菌业,26.36,26.69,26.0,26.15,26.22,0.14,0.5339,4.4052,1640919,43274866.74,3925736808.0,981910000.0
2015-09-29,'002772,众兴菌业,26.22,26.8,25.92,26.8,26.95,-0.73,-2.7087,5.5085,2051901,54011129.52,3904886916.0,976695000.0
2015-09-28,'002772,众兴菌业,26.95,27.1,26.12,26.12,26.0,0.95,3.6538,5.8161,2166486,57760225.61,4013604210.0,1003887500.0
2015-09-25,'002772,众兴菌业,26.0,27.96,25.8,27.5,27.92,-1.92,-6.8768,8.9686,3340810,89289801.9,3872122800.0,968500000.0
2015-09-24,'002772,众兴菌业,27.92,28.77,27.54,28.08,28.08,-0.16,-0.5698,11.5689,4309397,121184048.13,4158064176.0,1040020000.0
2015-09-23,'002772,众兴菌业,28.08,28.5,26.31,26.45,26.9,1.18,4.3866,15.6857,5842907,161444283.41,4181892624.0,1045980000.0
2015-09-22,'002772,众兴菌业,26.9,27.29,26.33,26.79,26.73,0.17,0.636,11.4812,4276746,115036651.94,4006157820.0,1002025000.0
2015-09-21,'002772,众兴菌业,26.73,26.84,25.11,25.6,25.61,1.12,4.3733,10.7197,3993082,104959662.29,3980840094.0,995692500.0
2015-09-18,'002772,众兴菌业,25.61,25.99,25.02,25.67,25.5,0.11,0.4314,7.0124,2612128,66643930.9,3814040958.0,953972500.0
2015-09-17,'002772,众兴菌业,25.5,26.89,25.28,26.44,26.29,-0.79,-3.0049,15.3677,5724471,149037990.33,3797658900.0,949875000.0
2015-09-16,'002772,众兴菌业,26.29,26.29,24.33,24.52,23.9,2.39,10.0,12.8256,4777522,121296522.62,3915311862.0,979302500.0
2015-09-15,'002772,众兴菌业,23.9,25.99,23.58,24.8,25.92,-2.02,-7.7932,10.5515,3930441,97314003.97,3559374420.0,890275000.0
2015-09-14,'002772,众兴菌业,25.92,28.74,25.92,28.7,28.8,-2.88,-10.0,9.5064,3541151,95978456.56,3860208576.0,965520000.0
2015-09-11,'002772,众兴菌业,28.8,28.97,27.65,27.65,28.14,0.66,2.3454,8.6801,3233354,92205708.3,4289120640.0,1072800000.0
2015-09-10,'002772,众兴菌业,28.14,29.3,28.01,29.0,29.6,-1.46,-4.9324,11.8525,4415045,126806417.25,4190828292.0,1048215000.0
2015-09-09,'002772,众兴菌业,29.6,30.56,28.89,29.24,28.11,1.49,5.3006,22.3982,8343312,246522937.43,4408262880.0,1102600000.0
2015-09-08,'002772,众兴菌业,28.11,28.11,25.35,25.55,25.55,2.56,10.0196,18.4172,6860402,188782247.58,4186360458.0,1047097500.0
2015-09-07,'002772,众兴菌业,25.55,27.5,25.38,26.45,25.51,0.04,0.1568,8.9059,3317447,87570472.44,3805105290.0,951737500.0
2015-09-02,'002772,众兴菌业,25.51,28.2,24.58,25.28,26.85,-1.34,-4.9907,12.8096,4771562,127310157.3,3799148178.0,950247500.0
2015-09-01,'002772,众兴菌业,26.85,28.8,26.85,28.8,29.83,-2.98,-9.9899,11.945,4449516,122211812.39,3998711430.0,1000162500.0
2015-08-31,'002772,众兴菌业,29.83,32.5,29.83,32.5,33.14,-3.31,-9.9879,14.4401,5378931,166800364.57,4442516274.0,1111167500.0
2015-08-28,'002772,众兴菌业,33.14,34.1,30.52,31.5,32.18,0.96,2.9832,24.4835,9120089,292068537.26,4935467292.0,1234465000.0
2015-08-27,'002772,众兴菌业,32.18,32.5,29.5,31.7,30.91,1.27,4.1087,22.7781,8484854,263684107.36,4792496604.0,1198705000.0
2015-08-26,'002772,众兴菌业,30.91,30.91,28.5,29.0,28.1,2.81,10.0,26.2536,9779457,296003686.99,4603358298.0,1151397500.0
2015-08-25,'002772,众兴菌业,28.1,32.32,27.02,27.02,29.93,-1.83,-6.1143,17.9995,6704828,196608385.76,4184871180.0,1046725000.0
2015-08-24,'002772,众兴菌业,29.93,31.99,29.93,31.99,33.26,-3.33,-10.012,8.3501,3110401,94170231.54,4457409054.0,1114892500.0
2015-08-21,'002772,众兴菌业,33.26,36.0,33.2,35.44,36.0,-2.74,-7.6111,9.9984,3724405,128865228.74,4953338628.0,1238935000.0
2015-08-20,'002772,众兴菌业,36.0,38.6,36.0,38.0,38.9,-2.9,-7.455,10.31,3840464,142438437.66,5361400800.0,1341000000.0
2015-08-19,'002772,众兴菌业,38.9,39.37,34.87,37.08,38.23,0.67,1.7526,15.2913,5696008,214161154.2,5793291420.0,1449025000.0
2015-08-18,'002772,众兴菌业,38.23,44.29,38.21,42.45,42.45,-4.22,-9.9411,16.7794,6250333,260808867.82,5693509794.0,1424067500.0
2015-08-17,'002772,众兴菌业,42.45,44.3,42.2,43.77,44.0,-1.55,-3.5227,12.3961,4617556,197918757.05,6321985110.0,1581262500.0
2015-08-14,'002772,众兴菌业,44.0,45.0,43.0,43.71,43.64,0.36,0.8249,15.6191,5818104,255655131.18,6552823200.0,1639000000.0
2015-08-13,'002772,众兴菌业,43.64,44.39,41.39,43.2,43.55,0.09,0.2067,16.4358,6122336,263703617.51,6499209192.0,1625590000.0
2015-08-12,'002772,众兴菌业,43.55,47.28,43.0,46.2,47.28,-3.73,-7.8892,23.1981,8641279,389993170.17,6485805690.0,1622237500.0
2015-08-11,'002772,众兴菌业,47.28,48.21,44.88,45.25,45.51,1.77,3.8893,30.0725,11202011,526423896.76,7041306384.0,1761180000.0
2015-08-10,'002772,众兴菌业,45.51,45.85,43.3,43.9,44.07,1.44,3.2675,26.2962,9795342,440126940.21,6777704178.0,1695247500.0
2015-08-07,'002772,众兴菌业,44.07,45.5,42.72,44.49,44.49,-0.42,-0.944,26.1065,9724662,431732604.16,6563248146.0,1641607500.0
2015-08-06,'002772,众兴菌业,44.49,47.29,43.29,46.21,48.1,-3.61,-7.5052,30.7684,11461228,514357633.1,6625797822.0,1657252500.0
2015-08-05,'002772,众兴菌业,48.1,49.2,42.0,42.0,44.82,3.28,7.3182,39.9308,14874232,687140822.98,7163427180.0,1791725000.0
2015-08-04,'002772,众兴菌业,44.82,52.43,44.82,51.1,49.8,-4.98,-10.0,50.9699,18986271,882807663.19,6674943996.0,1669545000.0
2015-08-03,'002772,众兴菌业,49.8,49.8,43.27,45.27,45.27,4.53,10.0066,45.204,16838476,795190871.68,7416604440.0,1855050000.0
2015-07-31,'002772,众兴菌业,45.27,45.27,38.89,39.11,41.15,4.12,10.0122,46.4773,17312804,749616159.62,6741961506.0,1686307500.0
2015-07-30,'002772,众兴菌业,41.15,41.99,38.45,39.18,38.17,2.98,7.8072,40.343,15027754,622010430.93,6128378970.0,1532837500.0
2015-07-29,'002772,众兴菌业,38.17,38.17,33.8,35.38,34.7,3.47,10.0,24.8469,9255462,332559343.95,5684574126.0,1421832500.0
2015-07-28,'002772,众兴菌业,34.7,37.48,31.99,32.81,35.54,-0.84,-2.3635,27.8071,10358147,352999620.9,5167794660.0,1292575000.0
2015-07-27,'002772,众兴菌业,35.54,42.16,35.54,37.5,39.49,-3.95,-10.0025,36.742,13686403,539473304.34,5292894012.0,1323865000.0
2015-07-24,'002772,众兴菌业,39.49,41.38,38.15,39.96,37.62,1.87,4.9708,46.5444,17337773,699766890.57,5881158822.0,1471002500.0
2015-07-23,'002772,众兴菌业,37.62,37.62,33.52,33.8,34.2,3.42,10.0,20.9447,7801884,277748490.18,5602663836.0,1401345000.0
2015-07-22,'002772,众兴菌业,34.2,35.66,33.4,34.8,34.87,-0.67,-1.9214,21.2473,7914616,274119916.49,5093330760.0,1273950000.0
2015-07-21,'002772,众兴菌业,34.87,35.8,31.53,32.11,33.1,1.77,5.3474,26.1556,9742969,329405984.65,5193112386.0,1298907500.0
2015-07-20,'002772,众兴菌业,33.1,35.43,32.15,34.33,35.43,-2.33,-6.5763,26.7745,9973500,338529713.37,4929510180.0,1232975000.0
2015-07-17,'002772,众兴菌业,35.43,36.0,32.1,33.19,32.83,2.6,7.9196,27.5667,10268606,351031082.24,5276511954.0,1319767500.0
2015-07-16,'002772,众兴菌业,32.83,37.01,31.88,31.88,35.42,-2.59,-7.3123,35.6564,13281993,441488057.9,4889299674.0,1222917500.0
2015-07-15,'002772,众兴菌业,35.42,39.0,35.42,39.0,39.35,-3.93,-9.9873,28.4006,10579212,385123334.37,5275022676.0,1319395000.0
2015-07-14,'002772,众兴菌业,39.35,39.35,36.77,37.71,35.77,3.58,10.0084,31.653,11790760,458117564.15,5860308930.0,1465787500.0
2015-07-13,'002772,众兴菌业,35.77,35.77,34.5,35.77,32.52,3.25,9.9938,16.722,6228938,221965066.2,5327147406.0,1332432500.0
2015-07-10,'002772,众兴菌业,32.52,32.52,31.36,32.0,29.56,2.96,10.0135,9.8402,3665461,117554430.93,4843132056.0,1211370000.0
2015-07-09,'002772,众兴菌业,29.56,29.56,24.18,24.18,26.87,2.69,10.0112,42.7345,15918619,429227054.48,4402305768.0,1101110000.0
2015-07-08,'002772,众兴菌业,26.87,26.87,26.87,26.87,29.85,-2.98,-9.9832,2.0642,768900,20660343.0,4001689986.0,1000907500.0
2015-07-07,'002772,众兴菌业,29.85,30.28,29.85,30.17,33.17,-3.32,-10.009,6.4016,2384600,71348919.31,4445494830.0,1111912500.0
2015-07-06,'002772,众兴菌业,33.17,33.17,32.03,33.17,30.15,3.02,10.0166,28.9997,10802382,357390525.49,4939935126.0,1235582500.0
2015-07-03,'002772,众兴菌业,30.15,30.15,28.15,30.15,27.41,2.74,9.9964,32.3404,12046807,359911278.42,4490173170.0,1123087500.0
2015-07-02,'002772,众兴菌业,27.41,27.41,27.41,27.41,24.92,2.49,9.992,0.171,63700,1746017.0,4082110998.0,1021022500.0
2015-07-01,'002772,众兴菌业,24.92,24.92,24.92,24.92,22.65,2.27,10.0221,0.0271,10100,251692.0,3711280776.0,928270000.0
2015-06-30,'002772,众兴菌业,22.65,22.65,22.65,22.65,20.59,2.06,10.0049,0.0722,26900,609285.0,3373214670.0,843712500.0
2015-06-29,'002772,众兴菌业,20.59,20.59,20.59,20.59,18.72,1.87,9.9893,0.0462,17200,354148.0,3066423402.0,766977500.0
2015-06-26,'002772,N众兴,18.72,18.72,15.6,15.6,13.0,5.72,44.0,0.0601,22401,417298.85,2787928416.0,697320000.0
2015-06-17,'002772,众兴菌业,0.0,0.0,0.0,0.0,13.0,None,None,0.0,0,0.0,1451811400.0,0.0
