日期,股票代码,名称,收盘价,最高价,最低价,开盘价,前收盘,涨跌额,涨跌幅,换手率,成交量,成交金额,总市值,流通市值
2017-05-15,'002733,雄韬股份,16.46,16.8,16.46,16.69,16.67,-0.21,-1.2597,1.3629,1588886,26334181.5,5762863387.22,1918980359.74
2017-05-12,'002733,雄韬股份,16.67,16.86,16.55,16.86,17.0,-0.33,-1.9412,2.3616,2753262,45957177.96,5836387160.69,1943463098.23
2017-05-11,'002733,雄韬股份,17.0,17.18,15.38,16.01,16.57,0.43,2.5951,4.9955,5823923,95569829.02,5951924519.0,1981935973.0
2017-05-10,'002733,雄韬股份,16.57,17.37,16.52,16.7,16.0,0.57,3.5625,5.1498,6003824,101476750.15,5801375839.99,1931804651.33
2017-05-09,'002733,雄韬股份,16.0,16.08,15.61,16.08,16.11,-0.11,-0.6828,1.2812,1493704,23685496.61,5601811312.0,1865351504.0
2017-05-08,'002733,雄韬股份,16.11,16.5,16.06,16.46,16.46,-0.35,-2.1264,0.7667,893900,14478065.75,5640323764.77,1878175795.59
2017-05-05,'002733,雄韬股份,16.46,16.98,16.43,16.9,16.89,-0.43,-2.5459,0.9835,1146550,19049861.5,5762863387.22,1918980359.74
2017-05-04,'002733,雄韬股份,16.89,17.08,16.8,16.89,16.88,0.01,0.0592,0.6854,799083,13534013.04,5913412066.23,1969111681.41
2017-05-03,'002733,雄韬股份,16.88,17.16,16.8,16.97,16.99,-0.11,-0.6474,0.7138,832196,14142395.79,5909910934.16,1967945836.72
2017-05-02,'002733,雄韬股份,16.99,17.09,16.85,16.94,16.94,0.05,0.2952,0.6193,722052,12272817.96,5948423386.93,1980770128.31
2017-04-28,'002733,雄韬股份,16.94,17.0,16.71,16.83,16.94,0.0,0.0,0.9825,1145500,19350614.5,5930917726.58,1974940904.86
2017-04-27,'002733,雄韬股份,16.94,17.28,16.01,17.2,17.23,-0.29,-1.6831,2.2205,2588763,42962365.12,5930917726.58,1974940904.86
2017-04-26,'002733,雄韬股份,17.23,17.4,17.2,17.26,17.26,-0.03,-0.1738,0.708,825400,14275472.0,6032450556.61,2008750400.87
2017-04-25,'002733,雄韬股份,17.26,17.61,17.25,17.35,17.35,-0.09,-0.5187,0.8893,1036809,18038815.34,6042953952.82,2012247934.94
2017-04-24,'002733,雄韬股份,17.35,18.23,17.25,18.14,18.14,-0.79,-4.355,1.0756,1254034,22066376.0,6074464141.45,2022740537.15
2017-04-21,'002733,雄韬股份,18.14,18.25,18.03,18.08,18.11,0.03,0.1657,0.531,619067,11239282.2,6351053574.98,2114842267.66
2017-04-20,'002733,雄韬股份,18.11,18.45,18.05,18.12,18.3,-0.19,-1.0383,0.8796,1025525,18667531.11,6340550178.77,2111344733.59
2017-04-19,'002733,雄韬股份,18.3,19.05,17.88,18.8,19.1,-0.8,-4.1885,2.2711,2647780,48597591.48,6407071688.1,2133495782.7
2017-04-18,'002733,雄韬股份,19.1,19.51,18.58,18.76,18.71,0.39,2.0844,2.5424,2964013,56618487.44,6687162253.7,2226763357.9
2017-04-17,'002733,雄韬股份,18.71,18.99,18.5,18.82,18.8,-0.09,-0.4787,0.6521,760262,14206928.78,6550618102.97,2181295414.99
2017-04-14,'002733,雄韬股份,18.8,19.34,18.75,19.29,19.29,-0.49,-2.5402,1.0959,1277662,24221564.85,6582128291.6,2191788017.2
2017-04-13,'002733,雄韬股份,19.29,19.35,19.05,19.11,19.0,0.29,1.5263,1.4258,1662282,31975234.23,6753683763.03,2248914407.01
2017-04-12,'002733,雄韬股份,19.0,19.14,18.8,19.09,19.1,-0.1,-0.5236,1.2637,1473284,27984442.16,6652150933.0,2215104911.0
2017-04-11,'002733,雄韬股份,19.1,19.19,18.59,18.59,18.59,0.51,2.7434,2.0162,2350612,44435793.58,6687162253.7,2226763357.9
2017-04-10,'002733,雄韬股份,18.59,19.47,18.59,19.3,19.38,-0.79,-4.0764,2.4929,2906303,55151833.0,6508604518.13,2167305278.71
2017-04-07,'002733,雄韬股份,19.38,19.72,19.38,19.66,19.72,-0.34,-1.7241,1.7229,2008589,39076166.39,6785193951.66,2259407009.22
2017-04-06,'002733,雄韬股份,19.72,19.84,19.58,19.61,19.74,-0.02,-0.1013,1.7031,1985583,39035149.22,6904232442.04,2299045728.68
2017-04-05,'002733,雄韬股份,19.74,19.9,19.4,19.42,19.38,0.36,1.8576,1.6633,1939151,38207212.72,6911234706.18,2301377418.06
2017-03-31,'002733,雄韬股份,19.38,19.65,19.01,19.29,19.45,-0.07,-0.3599,1.5085,1758634,34072093.5,6785193951.66,2259407009.22
2017-03-30,'002733,雄韬股份,19.45,19.8,19.35,19.8,19.9,-0.45,-2.2613,2.189,2552072,49729309.31,6809701876.15,2267567922.05
2017-03-29,'002733,雄韬股份,19.9,20.49,19.9,20.49,20.5,-0.6,-2.9268,2.8035,3268464,65727184.15,6967252819.3,2320030933.1
2017-03-28,'002733,雄韬股份,20.5,20.97,20.5,20.69,20.69,-0.19,-0.9183,3.0528,3559042,73734419.57,7177320743.5,2389981614.5
2017-03-27,'002733,雄韬股份,20.69,20.71,20.51,20.68,20.7,-0.01,-0.0483,1.7951,2092853,43112707.47,7243842252.83,2412132663.61
2017-03-24,'002733,雄韬股份,20.7,20.71,20.47,20.62,20.62,0.08,0.388,2.1266,2479336,51004157.45,7247343384.9,2413298508.3
2017-03-23,'002733,雄韬股份,20.62,20.72,20.3,20.65,20.64,-0.02,-0.0969,2.2373,2608296,53534152.01,7219334328.34,2403971750.78
2017-03-22,'002733,雄韬股份,20.64,20.77,20.25,20.77,20.83,-0.19,-0.9121,3.197,3727256,76297677.15,7226336592.48,2406303440.16
2017-03-21,'002733,雄韬股份,20.83,21.23,20.78,20.96,20.95,-0.12,-0.5728,2.5006,2915296,60943988.63,7292858101.81,2428454489.27
2017-03-20,'002733,雄韬股份,20.95,20.95,20.59,20.68,20.78,0.17,0.8181,3.1097,3625423,75328740.65,7334871686.65,2442444625.55
2017-03-17,'002733,雄韬股份,20.78,20.93,20.61,20.92,20.92,-0.14,-0.6692,3.4802,4057423,84206485.48,7275352441.46,2422625265.82
2017-03-16,'002733,雄韬股份,20.92,20.99,20.77,20.8,20.87,0.05,0.2396,3.7915,4420310,92230185.08,7324368290.44,2438947091.48
2017-03-15,'002733,雄韬股份,20.87,20.92,20.56,20.69,20.74,0.13,0.6268,2.5041,2919388,60446192.3,7306862630.09,2433117868.03
2017-03-14,'002733,雄韬股份,20.74,20.95,20.57,20.89,20.97,-0.23,-1.0968,3.6326,4235011,87629197.82,7261347913.18,2417961887.06
2017-03-13,'002733,雄韬股份,20.97,20.98,20.1,20.35,20.38,0.59,2.895,5.5147,6429329,133071878.95,7341873950.79,2444776314.93
2017-03-10,'002733,雄韬股份,20.38,20.52,20.03,20.03,20.1,0.28,1.393,3.3458,3900697,79071313.91,7135307158.66,2375991478.22
2017-03-09,'002733,雄韬股份,20.1,20.4,19.95,20.25,20.42,-0.32,-1.5671,2.5513,2974385,59709568.71,7037275460.7,2343347826.9
2017-03-08,'002733,雄韬股份,20.42,20.85,20.4,20.51,20.3,0.12,0.5911,3.432,4001154,82388518.95,7149311686.94,2380654856.98
2017-03-07,'002733,雄韬股份,20.3,20.56,20.08,20.35,20.43,-0.13,-0.6363,3.1227,3640585,73758372.18,7107298102.1,2366664720.7
2017-03-06,'002733,雄韬股份,20.43,20.72,20.2,20.22,20.22,0.21,1.0386,4.483,5226526,107086917.58,7152812819.01,2381820701.67
2017-03-03,'002733,雄韬股份,20.22,20.59,19.56,19.62,19.64,0.58,2.9532,5.2337,6101735,122979005.22,7079289045.54,2357337963.18
2017-03-02,'002733,雄韬股份,19.64,19.89,19.51,19.78,19.73,-0.09,-0.4562,2.1323,2485965,49024673.48,6876223385.48,2289718971.16
2017-03-01,'002733,雄韬股份,19.73,19.84,19.5,19.58,19.59,0.14,0.7147,2.0564,2397435,47329511.15,6907733574.11,2300211573.37
2017-02-28,'002733,雄韬股份,19.59,19.63,19.36,19.4,19.43,0.16,0.8235,1.162,1354729,26435360.15,6858717725.13,2283889747.71
2017-02-27,'002733,雄韬股份,19.43,19.84,19.42,19.73,19.69,-0.26,-1.3205,1.593,1857184,36453839.28,6802699612.01,2265236232.67
2017-02-24,'002733,雄韬股份,19.69,19.8,19.46,19.75,19.65,0.04,0.2036,1.9965,2327563,45719521.84,6893729045.83,2295548194.61
2017-02-23,'002733,雄韬股份,19.65,19.73,19.22,19.37,19.37,0.28,1.4455,2.5961,3026707,59095648.04,6879724517.55,2290884815.85
2017-02-22,'002733,雄韬股份,19.37,19.66,19.27,19.39,19.35,0.02,0.1034,2.3567,2747588,53469956.85,6781692819.59,2258241164.53
2017-02-21,'002733,雄韬股份,19.35,19.43,19.0,19.07,19.06,0.29,1.5215,1.7777,2072503,39988620.94,6774690555.45,2255909475.15
2017-02-20,'002733,雄韬股份,19.06,19.21,18.88,19.1,19.1,-0.04,-0.2094,1.4039,1636768,31092196.31,6673157725.42,2222099979.14
2017-02-17,'002733,雄韬股份,19.1,19.61,19.1,19.45,19.49,-0.39,-2.001,1.3325,1553474,29930007.02,6687162253.7,2226763357.9
2017-02-16,'002733,雄韬股份,19.49,19.54,19.23,19.24,19.33,0.16,0.8277,1.3565,1581449,30687992.19,6823706404.43,2272231300.81
2017-02-15,'002733,雄韬股份,19.33,19.73,19.24,19.72,19.72,-0.39,-1.9777,1.8533,2160711,42116731.76,6767688291.31,2253577785.77
2017-02-14,'002733,雄韬股份,19.72,19.8,19.56,19.62,19.63,0.09,0.4585,1.3333,1554438,30612277.34,6904232442.04,2299045728.68
2017-02-13,'002733,雄韬股份,19.63,19.75,19.44,19.47,19.57,0.06,0.3066,1.0445,1217687,23935697.37,6872722253.41,2288553126.47
2017-02-10,'002733,雄韬股份,19.57,19.83,19.51,19.83,19.75,-0.18,-0.9114,1.3984,1630348,31967537.43,6851715460.99,2281558058.33
2017-02-09,'002733,雄韬股份,19.75,19.89,19.28,19.28,19.34,0.41,2.12,2.526,2944971,57942117.8,6914735838.25,2302543262.75
2017-02-08,'002733,雄韬股份,19.34,19.39,19.08,19.27,19.24,0.1,0.5198,1.0403,1212788,23358991.08,6771189423.38,2254743630.46
2017-02-07,'002733,雄韬股份,19.24,19.42,19.15,19.29,19.33,-0.09,-0.4656,1.025,1195017,23018604.89,6736178102.68,2243085183.56
2017-02-06,'002733,雄韬股份,19.33,19.35,19.15,19.17,19.15,0.18,0.9399,1.0178,1186546,22855706.21,6767688291.31,2253577785.77
2017-02-03,'002733,雄韬股份,19.15,19.3,19.05,19.3,19.21,-0.06,-0.3123,0.6309,735509,14066608.36,6704667914.05,2232592581.35
2017-01-26,'002733,雄韬股份,19.21,19.24,19.0,19.09,19.02,0.19,0.9989,0.6551,763764,14627203.64,6725674706.47,2239587649.49
2017-01-25,'002733,雄韬股份,19.02,19.2,18.9,18.9,18.9,0.12,0.6349,0.961,1120427,21389834.62,6659153197.14,2217436600.38
2017-01-24,'002733,雄韬股份,18.9,19.38,18.9,19.3,19.27,-0.37,-1.9201,1.1471,1337352,25538482.91,6617139612.3,2203446464.1
2017-01-23,'002733,雄韬股份,19.27,19.52,19.14,19.43,19.39,-0.12,-0.6189,2.2804,2658622,51276766.61,6746681498.89,2246582717.63
2017-01-20,'002733,雄韬股份,19.39,20.08,18.2,18.34,18.25,1.14,6.2466,3.6792,4289417,83782815.58,6788695083.73,2260572853.91
2017-01-19,'002733,雄韬股份,18.25,18.43,18.11,18.43,18.34,-0.09,-0.4907,0.7028,819350,14945260.5,6389566027.75,2127666559.25
2017-01-18,'002733,雄韬股份,18.34,18.59,18.3,18.4,18.42,-0.08,-0.4343,1.008,1175153,21665483.12,6421076216.38,2138159161.46
2017-01-17,'002733,雄韬股份,18.42,18.51,18.0,18.05,18.05,0.37,2.0499,1.4378,1676308,30688130.96,6449085272.94,2147485918.98
2017-01-16,'002733,雄韬股份,18.05,19.67,17.77,19.67,19.69,-1.64,-8.3291,2.5272,2946340,54855739.3,6319543386.35,2104349665.45
2017-01-13,'002733,雄韬股份,19.69,20.1,19.68,20.01,20.04,-0.35,-1.7465,1.1408,1329950,26432887.5,6893729045.83,2295548194.61
2017-01-12,'002733,雄韬股份,20.04,20.38,20.0,20.25,20.24,-0.2,-0.9881,1.0267,1197005,24142148.43,7016268668.28,2336352758.76
2017-01-11,'002733,雄韬股份,20.24,20.59,20.22,20.47,20.5,-0.26,-1.2683,1.054,1228750,25028682.4,7086291309.68,2359669652.56
2017-01-10,'002733,雄韬股份,20.5,20.7,20.45,20.7,20.68,-0.18,-0.8704,1.062,1238163,25418853.42,7177320743.5,2389981614.5
2017-01-09,'002733,雄韬股份,20.68,20.75,20.38,20.67,20.66,0.02,0.0968,1.6104,1877497,38598461.24,7240341120.76,2410966818.92
2017-01-06,'002733,雄韬股份,20.66,20.98,20.55,20.91,20.91,-0.25,-1.1956,1.3424,1564974,32435612.83,7233338856.62,2408635129.54
2017-01-05,'002733,雄韬股份,20.91,21.32,20.87,21.2,21.3,-0.39,-1.831,2.4972,2911382,61304442.62,7320867158.37,2437781246.79
2017-01-04,'002733,雄韬股份,21.3,21.38,20.61,20.61,20.62,0.68,3.2978,3.0203,3521190,74426218.61,7457411309.1,2483249189.7
2017-01-03,'002733,雄韬股份,20.62,20.67,20.37,20.37,20.35,0.27,1.3268,1.0663,1243101,25512591.48,7219334328.34,2403971750.78
2016-12-30,'002733,雄韬股份,20.35,20.85,19.63,20.76,20.66,-0.31,-1.5005,1.4273,1664000,34164307.14,7124803762.45,2372493944.15
2016-12-29,'002733,雄韬股份,20.66,20.8,20.42,20.6,20.58,0.08,0.3887,0.8272,964358,19880598.56,7233338856.62,2408635129.54
2016-12-28,'002733,雄韬股份,20.58,20.82,20.56,20.7,20.7,-0.12,-0.5797,0.9147,1066368,22068674.67,7205329800.06,2399308372.02
2016-12-27,'002733,雄韬股份,20.7,21.05,20.67,21.05,20.96,-0.26,-1.2405,1.4048,1637777,34109598.15,7247343384.9,2413298508.3
2016-12-26,'002733,雄韬股份,20.96,21.2,20.25,21.18,21.18,-0.22,-1.0387,2.1705,2530433,52242123.11,7338372818.72,2443610470.24
2016-12-23,'002733,雄韬股份,21.18,21.54,21.12,21.29,21.41,-0.23,-1.0743,1.8233,2125662,45293208.48,7415397724.26,2469259053.42
2016-12-22,'002733,雄韬股份,21.41,21.47,21.26,21.46,21.46,-0.05,-0.233,1.6222,1891281,40442861.08,7495923761.87,2496073481.29
2016-12-21,'002733,雄韬股份,21.46,21.59,21.32,21.39,21.35,0.11,0.5152,1.8547,2162253,46354449.42,7513429422.22,2501902704.74
2016-12-20,'002733,雄韬股份,21.35,21.5,21.19,21.5,21.51,-0.16,-0.7438,1.5485,1805280,38469605.0,7474916969.45,2489078413.15
2016-12-19,'002733,雄韬股份,21.51,21.89,21.44,21.72,21.72,-0.21,-0.9669,2.2474,2620168,56825156.88,7530935082.57,2507731928.19
2016-12-16,'002733,雄韬股份,21.72,21.83,21.31,21.31,21.43,0.29,1.3532,1.6403,1912286,41381555.79,7604458856.04,2532214666.68
2016-12-15,'002733,雄韬股份,21.43,21.78,21.12,21.12,21.11,0.32,1.5159,1.8213,2123400,45592706.08,7502926026.01,2498405170.67
2016-12-14,'002733,雄韬股份,21.11,21.7,21.01,21.59,21.7,-0.59,-2.7189,2.1021,2450708,52249103.9,7390889799.77,2461098140.59
2016-12-13,'002733,雄韬股份,21.7,21.96,21.25,21.88,21.75,-0.05,-0.2299,2.4834,2895243,62607453.94,7597456591.9,2529882977.3
2016-12-12,'002733,雄韬股份,21.75,23.84,21.72,23.69,23.72,-1.97,-8.3052,5.5857,6512051,146602417.85,7614962252.25,2535712200.75
2016-12-09,'002733,雄韬股份,23.72,24.16,23.68,24.0,24.15,-0.43,-1.7805,3.372,3931205,93857167.39,8304685270.04,2765383604.68
2016-12-08,'002733,雄韬股份,24.15,24.95,24.1,24.93,24.95,-0.8,-3.2064,3.8895,4534525,110840432.83,8455233949.05,2815514926.35
2016-12-07,'002733,雄韬股份,24.95,25.06,24.7,25.05,25.05,-0.1,-0.3992,3.9654,4623010,114737556.42,8735324514.65,2908782501.55
2016-12-06,'002733,雄韬股份,25.05,25.15,24.5,24.5,24.68,0.37,1.4992,5.3223,6204975,154916525.52,8770335835.35,2920440948.45
2016-12-05,'002733,雄韬股份,24.68,24.9,23.85,24.14,24.46,0.22,0.8994,3.1075,3622901,88792443.24,8640793948.76,2877304694.92
2016-12-02,'002733,雄韬股份,24.46,24.79,24.2,24.35,24.28,0.18,0.7414,4.7896,5154614,126317965.34,8563769043.22,2632423748.96
2016-12-01,'002733,雄韬股份,24.28,24.43,24.05,24.21,24.5,-0.22,-0.898,3.9765,4279562,103710010.56,8500748665.96,2613051865.28
2016-11-30,'002733,雄韬股份,24.5,24.67,24.1,24.55,24.52,-0.02,-0.0816,5.2141,5611527,136421408.96,8577773571.5,2636728612.0
2016-11-29,'002733,雄韬股份,24.52,25.29,24.5,25.03,25.0,-0.48,-1.92,5.3348,5741401,142929266.5,8584775835.64,2638881043.52
2016-11-28,'002733,雄韬股份,25.0,25.68,24.95,25.66,25.9,-0.9,-3.4749,8.2963,8928610,225356075.97,8752830175.0,2690539400.0
2016-11-25,'002733,雄韬股份,25.9,26.04,25.22,26.01,26.14,-0.24,-0.9181,11.7163,12609298,323724141.46,9067932061.3,2787398818.4
2016-11-24,'002733,雄韬股份,26.14,26.63,25.05,25.2,25.3,0.84,3.3202,16.7551,18032131,468513965.97,9151959230.98,2813227996.64
2016-11-23,'002733,雄韬股份,25.3,25.47,24.63,24.9,24.8,0.5,2.0161,6.5135,7009898,175412481.41,8857864137.1,2722825872.8
2016-11-22,'002733,雄韬股份,24.8,24.85,24.27,24.27,24.35,0.45,1.848,3.754,4040103,99649450.98,8682807533.6,2669015084.8
2016-11-21,'002733,雄韬股份,24.35,24.55,24.12,24.28,24.48,-0.13,-0.531,3.657,3935729,95685568.78,8525256590.45,2620585375.6
2016-11-18,'002733,雄韬股份,24.48,24.62,24.39,24.42,24.38,0.1,0.4102,2.2746,2447948,59949278.16,8570771307.36,2634576180.48
2016-11-17,'002733,雄韬股份,24.38,24.78,24.32,24.78,24.86,-0.48,-1.9308,3.9689,4271432,104442390.21,8535759986.66,2623814022.88
2016-11-16,'002733,雄韬股份,24.86,25.16,24.8,25.09,25.1,-0.24,-0.9562,4.5801,4929207,122676632.0,8703814326.02,2675472379.36
2016-11-15,'002733,雄韬股份,25.1,25.6,24.79,25.51,25.5,-0.4,-1.5686,5.0016,5382809,134645426.4,8787841495.7,2701301557.6
2016-11-14,'002733,雄韬股份,25.5,25.88,25.35,25.35,25.37,0.13,0.5124,3.4705,3735045,95783220.96,8927886778.5,2744350188.0
2016-11-11,'002733,雄韬股份,25.37,25.57,25.19,25.4,25.28,0.09,0.356,3.1186,3356276,85149713.14,8882372061.59,2730359383.12
2016-11-10,'002733,雄韬股份,25.28,25.47,25.15,25.27,25.14,0.14,0.5569,2.8569,3074622,77798023.35,8850861872.96,2720673441.28
2016-11-09,'002733,雄韬股份,25.14,25.7,24.78,25.54,25.54,-0.4,-1.5662,3.9766,4279686,107756581.96,8801846023.98,2705606420.64
2016-11-08,'002733,雄韬股份,25.54,25.55,24.83,25.23,25.26,0.28,1.1085,5.0901,5478070,138049105.56,8941891306.78,2748655051.04
2016-11-07,'002733,雄韬股份,25.26,25.4,24.9,25.4,25.4,-0.14,-0.5512,3.4187,3487646,87650236.43,8843859608.82,2576968617.6
2016-11-04,'002733,雄韬股份,25.4,26.1,25.09,25.75,26.06,-0.66,-2.5326,8.2855,8452648,215764083.29,8892875457.8,2591251104.0
2016-11-03,'002733,雄韬股份,26.06,26.68,24.53,24.77,24.77,1.29,5.2079,16.3717,16702047,429774352.51,9123950174.42,2658582825.6
2016-11-02,'002733,雄韬股份,24.77,24.89,23.7,24.05,24.04,0.73,3.0366,5.49,5600757,136729623.18,8672304137.39,2526979915.2
2016-11-01,'002733,雄韬股份,24.04,24.08,23.7,23.88,23.8,0.24,1.0084,1.9174,1956133,46732217.71,8416721496.28,2452506950.4
2016-10-31,'002733,雄韬股份,23.8,23.96,23.41,23.72,23.82,-0.02,-0.084,1.9924,2032591,48094364.75,8332694326.6,2428022688.0
2016-10-28,'002733,雄韬股份,23.82,24.45,23.81,24.25,24.25,-0.43,-1.7732,2.1561,2199600,53062522.66,8339696590.74,2430063043.2
2016-10-27,'002733,雄韬股份,24.25,24.42,24.14,24.14,24.29,-0.04,-0.1647,1.2563,1281693,31102767.75,8490245269.75,2473930680.0
2016-10-26,'002733,雄韬股份,24.29,24.45,24.18,24.3,24.25,0.04,0.1649,2.5116,2562309,62164544.5,8504249798.03,2478011390.4
2016-10-25,'002733,雄韬股份,24.25,24.63,24.2,24.6,24.48,-0.23,-0.9395,2.3703,2418157,58740464.87,8490245269.75,2473930680.0
2016-10-24,'002733,雄韬股份,24.48,24.55,24.3,24.36,24.35,0.13,0.5339,1.7995,1835786,44912870.01,8570771307.36,2497394764.8
2016-10-21,'002733,雄韬股份,24.35,24.69,24.16,24.59,24.53,-0.18,-0.7338,1.795,1831250,44640722.86,8525256590.45,2484132456.0
2016-10-20,'002733,雄韬股份,24.53,24.95,24.52,24.74,24.77,-0.24,-0.9689,2.8527,2910233,71886592.79,8588276967.71,2502495652.8
2016-10-19,'002733,雄韬股份,24.77,25.15,24.72,25.15,25.16,-0.39,-1.5501,3.4259,3494980,86734998.36,8672304137.39,2526979915.2
2016-10-18,'002733,雄韬股份,25.16,25.23,24.61,24.7,24.79,0.37,1.4925,5.33,5437508,136316643.49,8808848288.12,2566766841.6
2016-10-17,'002733,雄韬股份,24.79,24.97,24.22,24.46,24.42,0.37,1.5152,5.0023,5103251,126044270.64,8679306401.53,2529020270.4
2016-10-14,'002733,雄韬股份,24.42,24.65,24.12,24.58,24.5,-0.08,-0.3265,2.0738,2115615,51471305.46,8549764514.94,2491273699.2
2016-10-13,'002733,雄韬股份,24.5,24.58,24.32,24.4,24.5,0.0,0.0,2.3528,2400293,58681835.98,8577773571.5,2499435120.0
2016-10-12,'002733,雄韬股份,24.5,24.59,24.02,24.18,24.15,0.35,1.4493,4.0366,4118035,100226021.91,8577773571.5,2499435120.0
2016-10-11,'002733,雄韬股份,24.15,24.2,23.95,24.15,24.2,-0.05,-0.2066,1.7504,1785724,42989527.36,8455233949.05,2463728904.0
2016-10-10,'002733,雄韬股份,24.2,24.27,23.72,24.0,23.71,0.49,2.0666,2.5025,2553028,61367910.84,8472739609.4,2468829792.0
2016-09-30,'002733,雄韬股份,23.71,24.3,23.28,23.28,23.19,0.52,2.2423,2.439,2488264,59476169.0,8301184137.97,2418841089.6
2016-09-29,'002733,雄韬股份,23.19,23.48,23.16,23.33,23.33,-0.14,-0.6001,1.2894,1315454,30642121.38,8119125270.33,2365791854.4
2016-09-28,'002733,雄韬股份,23.33,23.6,23.28,23.52,23.51,-0.18,-0.7656,1.0855,1107375,25927413.52,8168141119.31,2380074340.8
2016-09-27,'002733,雄韬股份,23.51,23.55,23.02,23.22,23.27,0.24,1.0314,1.6696,1703304,39697903.22,8231161496.57,2398437537.6
2016-09-26,'002733,雄韬股份,23.27,24.13,23.26,24.01,24.06,-0.79,-3.2835,2.3234,2370285,56195471.29,8147134326.89,2373953275.2
2016-09-23,'002733,雄韬股份,24.06,24.26,23.91,24.13,24.1,-0.04,-0.166,1.5478,1579012,37934838.1,8423723760.42,2454547305.6
2016-09-22,'002733,雄韬股份,24.1,24.32,23.98,24.29,24.1,0.0,0.0,1.9319,1970856,47524432.05,8437728288.7,2458628016.0
2016-09-21,'002733,雄韬股份,24.1,24.45,24.0,24.1,24.18,-0.08,-0.3309,1.2998,1326037,32038306.05,8437728288.7,2458628016.0
2016-09-20,'002733,雄韬股份,24.18,24.65,24.16,24.49,24.53,-0.35,-1.4268,2.1507,2194052,53423755.57,8465737345.26,2466789436.8
2016-09-19,'002733,雄韬股份,24.53,24.66,24.3,24.3,24.3,0.23,0.9465,2.3901,2438355,59835329.12,8588276967.71,2502495652.8
2016-09-14,'002733,雄韬股份,24.3,24.32,23.68,23.79,23.99,0.31,1.2922,2.6626,2716374,65640636.68,8507750930.1,2479031568.0
2016-09-13,'002733,雄韬股份,23.99,24.24,23.8,23.86,23.71,0.28,1.1809,2.0709,2112736,50814389.69,8399215835.93,2447406062.4
2016-09-12,'002733,雄韬股份,23.71,24.08,23.65,23.84,24.41,-0.7,-2.8677,2.8018,2858289,68125608.74,8301184137.97,2418841089.6
2016-09-09,'002733,雄韬股份,24.41,24.67,24.2,24.29,24.35,0.06,0.2464,3.0381,3099381,76012698.4,8546263382.87,2490253521.6
2016-09-08,'002733,雄韬股份,24.35,24.45,24.18,24.28,24.18,0.17,0.7031,2.83,2887086,70363903.35,8525256590.45,2484132456.0
2016-09-07,'002733,雄韬股份,24.18,24.49,24.12,24.22,24.39,-0.21,-0.861,2.5136,2564359,62390235.34,8465737345.26,2466789436.8
2016-09-06,'002733,雄韬股份,24.39,24.47,23.72,23.89,23.8,0.59,2.479,3.4552,3524960,85137767.47,8539261118.73,2488213166.4
2016-09-05,'002733,雄韬股份,23.8,24.19,23.72,23.73,23.73,0.07,0.295,2.4,2448425,58668937.95,8332694326.6,2428022688.0
2016-09-02,'002733,雄韬股份,23.73,24.12,23.62,24.0,24.04,-0.31,-1.2895,3.2074,3272084,78124325.43,8308186402.11,2420881444.8
2016-09-01,'002733,雄韬股份,24.04,25.0,24.01,24.99,25.28,-1.24,-4.9051,8.4943,8665675,210345158.13,8416721496.28,2452506950.4
2016-08-31,'002733,雄韬股份,25.28,25.54,25.0,25.4,25.38,-0.1,-0.394,2.3373,2384441,59989373.68,8850861872.96,2579008972.8
2016-08-30,'002733,雄韬股份,25.38,25.85,25.35,25.4,25.33,0.05,0.1974,2.2203,2265142,57813080.84,8885873193.66,2589210748.8
2016-08-29,'002733,雄韬股份,25.33,25.6,25.2,25.58,25.57,-0.24,-0.9386,2.3742,2422068,61501454.98,8868367533.31,2584109860.8
2016-08-26,'002733,雄韬股份,25.57,25.96,25.53,25.85,25.81,-0.24,-0.9299,4.5661,4658222,119880789.15,8952394702.99,2608594123.2
2016-08-25,'002733,雄韬股份,25.81,26.3,25.41,25.45,25.27,0.54,2.1369,6.8251,6962817,179838001.04,9036421872.67,2633078385.6
2016-08-24,'002733,雄韬股份,25.27,25.44,25.11,25.44,25.29,-0.02,-0.0791,2.0554,1936270,48968347.27,7732620000.0,2380493814.09
2016-08-23,'002733,雄韬股份,25.29,25.5,25.06,25.23,25.04,0.25,0.9984,3.027,2851538,72136538.94,7738740000.0,2382377861.43
2016-08-22,'002733,雄韬股份,25.04,25.7,24.97,25.63,25.59,-0.55,-2.1493,3.6548,3442930,86899260.4,7662240000.0,2358827269.68
2016-08-19,'002733,雄韬股份,25.59,25.79,25.48,25.67,25.66,-0.07,-0.2728,2.6922,2536125,64891693.51,7830540000.0,2410638571.53
2016-08-18,'002733,雄韬股份,25.66,26.04,25.56,25.94,25.95,-0.29,-1.1175,3.6898,3475903,89522822.26,7851960000.0,2417232737.22
2016-08-17,'002733,雄韬股份,25.95,26.14,25.6,25.7,25.78,0.17,0.6594,4.4489,4190959,108286621.66,7940700000.0,2444551423.65
2016-08-16,'002733,雄韬股份,25.78,26.3,25.6,25.61,25.61,0.17,0.6638,5.3286,5019632,130133722.74,7888680000.0,2428537021.26
2016-08-15,'002733,雄韬股份,25.61,25.66,24.8,24.98,24.98,0.63,2.522,4.8123,4533306,114998544.52,7836660000.0,2412522618.87
2016-08-12,'002733,雄韬股份,24.98,25.22,24.8,24.87,24.87,0.11,0.4423,2.3362,2200787,55001196.27,7643880000.0,2353175127.66
2016-08-11,'002733,雄韬股份,24.87,25.54,24.86,25.27,25.61,-0.74,-2.8895,3.6228,3412809,85622263.79,7610220000.0,2342812867.29
2016-08-10,'002733,雄韬股份,25.61,25.88,25.52,25.55,25.58,0.03,0.1173,4.1686,3926918,100824973.53,7836660000.0,2412522618.87
2016-08-09,'002733,雄韬股份,25.58,25.62,25.28,25.32,25.36,0.22,0.8675,4.066,3830272,97492517.02,7827480000.0,2409696547.86
2016-08-08,'002733,雄韬股份,25.36,25.4,24.98,25.02,24.97,0.39,1.5619,2.9547,2783390,70274381.15,7760160000.0,2388972027.12
2016-08-05,'002733,雄韬股份,24.97,25.36,24.94,25.36,25.48,-0.51,-2.0016,3.4041,3206739,80508083.2,7640820000.0,2352233103.99
2016-08-04,'002733,雄韬股份,25.48,25.58,24.89,25.11,25.11,0.37,1.4735,4.4891,4228879,106883840.08,7796880000.0,2400276311.16
2016-08-03,'002733,雄韬股份,25.11,25.56,24.98,25.39,25.34,-0.23,-0.9077,3.5765,3369188,85071457.87,7683660000.0,2365421435.37
2016-08-02,'002733,雄韬股份,25.34,25.47,24.93,25.22,25.08,0.26,1.0367,2.9188,2749541,69353102.29,7754040000.0,2387087979.78
2016-08-01,'002733,雄韬股份,25.08,25.8,24.7,25.8,25.99,-0.91,-3.5013,4.1715,3929661,98336674.11,7674480000.0,2362595364.36
2016-07-29,'002733,雄韬股份,25.99,26.26,25.41,25.87,25.87,0.12,0.4639,4.0503,3815501,99024475.31,7952940000.0,2448319518.33
2016-07-28,'002733,雄韬股份,25.87,26.48,25.0,26.2,26.11,-0.24,-0.9192,6.7126,6323391,163144382.4,7916220000.0,2437015234.29
2016-07-27,'002733,雄韬股份,26.11,29.0,26.01,29.0,28.88,-2.77,-9.5914,13.6045,12815796,348455593.1,7989660000.0,2459623802.37
2016-07-26,'002733,雄韬股份,28.88,28.93,28.36,28.51,28.7,0.18,0.6272,5.8232,5485580,157093440.73,8837280000.0,2720564358.96
2016-07-25,'002733,雄韬股份,28.7,30.18,28.54,29.7,30.24,-1.54,-5.0926,12.1947,11487673,334589155.28,8782200000.0,2703607932.9
2016-07-22,'002733,雄韬股份,30.24,31.5,29.46,29.6,29.73,0.51,1.7154,19.6213,18483724,568272971.77,9253440000.0,2848679578.08
2016-07-21,'002733,雄韬股份,29.73,29.98,29.0,29.5,29.76,-0.03,-0.1008,8.0754,7607181,224672112.31,9097380000.0,2800636370.91
2016-07-20,'002733,雄韬股份,29.76,30.1,28.7,29.1,28.66,1.1,3.8381,13.9645,13154929,389757890.56,9106560000.0,2803462441.92
2016-07-19,'002733,雄韬股份,28.66,29.2,28.53,28.89,28.58,0.08,0.2799,4.7161,4442715,128006713.7,8769960000.0,2699839838.22
2016-07-18,'002733,雄韬股份,28.58,29.0,28.43,29.0,29.3,-0.72,-2.4573,6.0405,5690291,163060861.06,8745480000.0,2692303648.86
2016-07-15,'002733,雄韬股份,29.3,29.8,28.77,28.77,29.01,0.29,0.9997,7.7388,7290097,213467233.56,8965800000.0,2760129353.1
2016-07-14,'002733,雄韬股份,29.01,29.52,28.71,28.87,28.91,0.1,0.3459,6.4515,6077442,177379193.76,8877060000.0,2732810666.67
2016-07-13,'002733,雄韬股份,28.91,29.28,28.75,28.81,28.79,0.12,0.4168,5.4462,5130422,148622567.01,8846460000.0,2723390429.97
2016-07-12,'002733,雄韬股份,28.79,29.4,28.01,28.92,29.17,-0.38,-1.3027,10.0556,9472582,270777279.71,8809740000.0,2712086145.93
2016-07-11,'002733,雄韬股份,29.17,30.35,29.01,30.03,30.26,-1.09,-3.6021,11.5058,10838749,321404601.28,8926020000.0,2747883045.39
2016-07-08,'002733,雄韬股份,30.26,31.67,29.67,29.71,29.97,0.29,0.9676,17.6642,16640108,510694867.86,9259560000.0,2850563625.42
2016-07-07,'002733,雄韬股份,29.97,30.37,28.8,29.28,29.75,0.22,0.7395,14.9052,14041016,415556817.8,9170820000.0,2823244938.99
2016-07-06,'002733,雄韬股份,29.75,30.29,29.01,29.4,29.55,0.2,0.6768,10.7729,10148347,301610235.95,9103500000.0,2802520418.25
2016-07-05,'002733,雄韬股份,29.55,29.89,28.74,29.37,29.5,0.05,0.1695,11.258,10605289,311221521.19,9042300000.0,2783679944.85
2016-07-04,'002733,雄韬股份,29.5,29.78,29.1,29.19,29.19,0.31,1.062,6.9803,6575652,194308889.05,9027000000.0,2778969826.5
2016-07-01,'002733,雄韬股份,29.19,29.65,29.07,29.26,29.45,-0.26,-0.8829,5.5949,5270522,154899745.37,8932140000.0,2749767092.73
2016-06-30,'002733,雄韬股份,29.45,30.61,29.1,30.33,30.3,-0.85,-2.8053,10.6675,10049030,296635129.92,9011700000.0,2774259708.15
2016-06-29,'002733,雄韬股份,30.3,30.85,30.1,30.51,30.6,-0.3,-0.9804,9.6607,9100589,276367428.76,9271800000.0,2854331720.1
2016-06-28,'002733,雄韬股份,30.6,31.55,30.12,30.85,30.58,0.02,0.0654,14.5849,13739286,423131086.44,9363600000.0,2882592430.2
2016-06-27,'002733,雄韬股份,30.58,30.73,28.98,29.2,29.24,1.34,4.5828,14.419,13583061,409898991.37,9357480000.0,2880708382.86
2016-06-24,'002733,雄韬股份,29.24,30.2,27.65,29.68,29.7,-0.46,-1.5488,13.2677,12498484,366086449.37,8947440000.0,2754477211.08
2016-06-23,'002733,雄韬股份,29.7,30.28,29.32,30.0,30.45,-0.75,-2.4631,11.6593,10983329,327267957.71,9088200000.0,2797810299.9
2016-06-22,'002733,雄韬股份,30.45,30.57,28.81,29.2,29.28,1.17,3.9959,17.4244,16414187,487012235.05,9317700000.0,2868462075.15
2016-06-21,'002733,雄韬股份,29.28,30.85,28.8,30.55,30.99,-1.71,-5.5179,21.8775,20609132,619410280.51,8959680000.0,2758245305.76
2016-06-20,'002733,雄韬股份,30.99,31.19,29.58,31.19,30.48,0.51,1.6732,28.4904,26838665,814171101.06,9482940000.0,2919331353.33
2016-06-17,'002733,雄韬股份,30.48,31.33,28.66,28.66,28.48,2.0,7.0225,35.3501,33300610,1022754287.44,9326880000.0,2871288146.16
2016-06-16,'002733,雄韬股份,28.48,29.62,28.39,28.96,28.75,-0.27,-0.9391,23.102,21762615,630857549.61,8714880000.0,2682883412.16
2016-06-15,'002733,雄韬股份,28.75,29.46,26.21,26.3,26.8,1.95,7.2761,21.0304,19811101,564570038.78,8797500000.0,2708318051.25
2016-06-14,'002733,雄韬股份,26.8,26.84,25.21,25.49,25.9,0.9,3.4749,12.7806,12039650,315653667.78,8200800000.0,2524623435.6
2016-06-13,'002733,雄韬股份,25.9,28.24,25.9,28.0,28.71,-2.81,-9.7875,17.4845,16470780,449759820.3,7925400000.0,2439841305.3
2016-06-08,'002733,雄韬股份,28.71,29.65,27.88,28.75,28.88,-0.17,-0.5886,21.7799,20517228,589509940.85,8785260000.0,2704549956.57
2016-06-07,'002733,雄韬股份,28.88,29.26,27.5,27.83,27.8,1.08,3.8849,26.7658,25213982,719949272.48,8837280000.0,2720564358.96
2016-06-06,'002733,雄韬股份,27.8,27.94,26.56,26.87,27.0,0.8,2.963,16.3653,15416524,420575118.45,8506800000.0,2618825802.6
2016-06-03,'002733,雄韬股份,27.0,27.99,26.99,27.47,27.48,-0.48,-1.7467,16.852,15874978,434807142.78,8262000000.0,2543463909.0
2016-06-02,'002733,雄韬股份,27.48,27.58,26.81,27.1,27.4,0.08,0.292,16.3728,15423570,419043875.72,8408880000.0,2588681045.16
2016-06-01,'002733,雄韬股份,27.4,28.28,26.58,26.89,26.99,0.41,1.5191,26.613,25070062,691229393.68,8384400000.0,2581144855.8
2016-05-31,'002733,雄韬股份,26.99,27.17,25.5,25.5,25.56,1.43,5.5947,21.217,19986933,532774796.81,8258940000.0,2542521885.33
2016-05-30,'002733,雄韬股份,25.56,26.27,25.13,26.01,26.58,-1.02,-3.8375,14.6478,13798560,355847104.05,7821360000.0,2407812500.52
2016-05-27,'002733,雄韬股份,26.58,27.17,25.8,26.0,26.4,0.18,0.6818,28.178,26544388,700837707.0,8133480000.0,2503898914.86
2016-05-26,'002733,雄韬股份,26.55,27.27,24.72,24.96,24.96,1.59,6.3702,34.7076,32695402,857756522.22,8124300000.0,2501072843.85
2016-05-25,'002733,雄韬股份,24.96,25.82,24.44,25.18,24.87,0.09,0.3619,15.0582,14185163,358607720.42,7637760000.0,2351291080.32
2016-05-24,'002733,雄韬股份,24.87,25.0,24.21,24.8,25.15,-0.28,-1.1133,11.8349,11148781,274456598.2,7610220000.0,2342812867.29
2016-05-23,'002733,雄韬股份,25.15,25.44,23.65,23.65,23.5,1.65,7.0213,15.8108,14894112,366652291.97,7695900000.0,2369189530.05
2016-05-20,'002733,雄韬股份,23.5,23.95,22.93,23.3,23.82,-0.32,-1.3434,8.3902,7903767,185141242.58,7191000000.0,2213755624.5
2016-05-19,'002733,雄韬股份,23.82,24.4,23.04,23.12,23.39,0.43,1.8384,11.5418,10872674,259831402.34,7288920000.0,2243900381.94
2016-05-18,'002733,雄韬股份,23.39,24.2,22.6,24.2,24.91,-1.52,-6.102,15.3075,14420064,337415193.81,7157340000.0,2203393364.13
2016-05-17,'002733,雄韬股份,24.91,26.26,24.85,25.8,25.49,-0.58,-2.2754,24.4589,23040883,588309972.22,7622460000.0,2346580961.97
2016-05-16,'002733,雄韬股份,25.49,25.49,22.65,22.92,23.17,2.32,10.0129,18.7018,17617547,431082564.89,7799940000.0,2401218334.83
2016-05-13,'002733,雄韬股份,23.17,24.35,23.09,23.11,23.6,-0.43,-1.822,12.2244,11515654,272575161.17,7090020000.0,2182668843.39
2016-05-12,'002733,雄韬股份,23.6,23.78,21.53,22.25,22.78,0.82,3.5996,11.4329,10770109,246800912.89,7221600000.0,2223175861.2
2016-05-11,'002733,雄韬股份,22.78,23.29,22.6,23.19,22.91,-0.13,-0.5674,7.4202,6990019,160764841.59,6970680000.0,2145929920.26
2016-05-10,'002733,雄韬股份,22.91,24.26,22.5,23.83,24.18,-1.27,-5.2523,11.1353,10489671,245906399.25,7010460000.0,2158176227.97
2016-05-09,'002733,雄韬股份,24.18,25.16,23.42,24.8,25.45,-1.27,-4.9902,14.7245,13870794,335978623.48,7399080000.0,2277813234.06
2016-05-06,'002733,雄韬股份,25.45,27.28,25.4,26.15,26.24,-0.79,-3.0107,24.9164,23471874,618885879.01,7787700000.0,2397450240.15
2016-05-05,'002733,雄韬股份,26.24,26.67,26.01,26.25,26.67,-0.43,-1.6123,13.631,12840717,337829627.91,8029440000.0,2471870110.08
2016-05-04,'002733,雄韬股份,26.67,27.29,25.31,25.6,25.99,0.68,2.6164,18.8743,17780063,461092508.83,8161020000.0,2512377127.89
2016-05-03,'002733,雄韬股份,25.99,26.28,24.7,24.84,25.02,0.97,3.8769,18.45,17380373,442633777.65,7952940000.0,2448319518.33
2016-04-29,'002733,雄韬股份,25.02,25.48,23.5,23.65,24.0,1.02,4.25,16.1143,15180027,376871397.22,7656120000.0,2356943222.34
2016-04-28,'002733,雄韬股份,24.0,24.18,22.85,23.9,23.99,0.01,0.0417,8.0845,7615814,178819439.15,7344000000.0,2260856808.0
2016-04-27,'002733,雄韬股份,23.99,25.3,23.04,23.1,23.25,0.74,3.1828,11.4936,10827240,263229337.48,7340940000.0,2259914784.33
2016-04-26,'002733,雄韬股份,23.25,23.25,22.43,22.43,22.55,0.7,3.1042,5.0926,4797361,110094683.75,7114500000.0,2190205032.75
2016-04-25,'002733,雄韬股份,22.55,23.0,22.17,23.0,23.1,-0.55,-2.381,3.7444,3527338,79423852.19,6900300000.0,2124263375.85
2016-04-22,'002733,雄韬股份,23.1,23.2,22.05,22.1,22.44,0.66,2.9412,4.572,4306974,97991637.76,7068600000.0,2176074677.7
2016-04-21,'002733,雄韬股份,22.44,23.3,22.22,22.89,23.09,-0.65,-2.8151,5.87,5529670,126040596.51,6866640000.0,2113901115.48
2016-04-20,'002733,雄韬股份,23.09,25.09,22.55,25.0,24.95,-1.86,-7.4549,10.7923,10166640,242001327.05,7065540000.0,2175132654.03
2016-04-19,'002733,雄韬股份,24.95,25.39,24.74,25.39,25.35,-0.4,-1.5779,9.0193,8496428,212850476.28,7634700000.0,2350349056.65
2016-04-18,'002733,雄韬股份,25.35,25.51,24.1,24.28,24.46,0.89,3.6386,11.484,10818216,270711056.98,7757100000.0,2388030003.45
2016-04-15,'002733,雄韬股份,24.46,25.09,24.28,25.07,24.99,-0.53,-2.1208,7.6364,7193630,176424123.69,7484760000.0,2304189896.82
2016-04-14,'002733,雄韬股份,24.99,25.1,24.64,24.98,24.76,0.23,0.9289,5.3982,5085206,126508153.72,7646940000.0,2354117151.33
2016-04-13,'002733,雄韬股份,24.76,25.25,24.69,24.73,24.68,0.08,0.3241,8.4316,7942764,198672778.94,7576560000.0,2332450606.92
2016-04-12,'002733,雄韬股份,24.68,25.68,24.25,25.68,25.91,-1.23,-4.7472,11.1881,10539410,261662232.3,7552080000.0,2324914417.56
2016-04-11,'002733,雄韬股份,25.91,26.09,25.31,25.89,25.88,0.03,0.1159,13.4368,12657757,326415269.63,7928460000.0,2440783328.97
2016-04-08,'002733,雄韬股份,25.88,26.1,24.5,24.77,25.35,0.53,2.0907,16.6638,15697680,400093777.71,7919280000.0,2437957257.96
2016-04-07,'002733,雄韬股份,25.35,26.5,24.3,25.21,25.21,0.14,0.5553,18.8793,17784758,451321089.88,7757100000.0,2388030003.45
2016-04-06,'002733,雄韬股份,25.21,25.8,24.0,24.0,24.18,1.03,4.2597,16.7897,15816248,396392261.13,7714260000.0,2374841672.07
2016-04-05,'002733,雄韬股份,24.18,24.52,22.99,22.99,23.0,1.18,5.1304,13.3737,12598305,302831537.83,7399080000.0,2277813234.06
2016-04-01,'002733,雄韬股份,23.0,23.1,22.38,23.01,23.18,-0.18,-0.7765,6.386,6015741,136615132.59,7038000000.0,2166654441.0
2016-03-31,'002733,雄韬股份,23.18,24.1,23.1,23.58,23.32,-0.14,-0.6003,9.5226,8970538,211562847.85,7093080000.0,2183610867.06
2016-03-30,'002733,雄韬股份,23.32,23.32,22.39,22.39,22.14,1.18,5.3297,8.8573,8343777,190803286.33,7135920000.0,2196799198.44
2016-03-29,'002733,雄韬股份,22.14,23.5,21.91,23.01,23.75,-1.61,-6.7789,11.0728,10430885,236015459.99,6774840000.0,2085640405.38
2016-03-28,'002733,雄韬股份,23.75,24.48,23.3,23.51,23.2,0.55,2.3707,15.4211,14527069,346764144.36,7267500000.0,2237306216.25
2016-03-25,'002733,雄韬股份,23.2,23.35,22.33,22.73,22.87,0.33,1.4429,8.426,7937499,181002868.87,7099200000.0,2185494914.4
2016-03-24,'002733,雄韬股份,22.87,23.98,22.75,23.0,23.46,-0.59,-2.5149,12.5725,11843629,276568459.28,6998220000.0,2154408133.29
2016-03-23,'002733,雄韬股份,23.46,23.6,22.48,22.87,23.13,0.33,1.4267,10.5944,9980187,229765360.04,7178760000.0,2209987529.82
2016-03-22,'002733,雄韬股份,23.13,24.04,22.61,22.98,23.31,-0.18,-0.7722,13.5593,12773218,299521308.84,7077780000.0,2178900748.71
2016-03-21,'002733,雄韬股份,23.31,23.39,22.65,23.2,22.97,0.34,1.4802,14.8214,13962122,320749758.0,7132860000.0,2195857174.77
2016-03-18,'002733,雄韬股份,22.97,23.28,22.0,22.0,22.3,0.67,3.0045,18.4077,17340503,393326867.53,7028820000.0,2163828369.99
2016-03-17,'002733,雄韬股份,22.3,22.48,20.5,20.73,20.85,1.45,6.9544,17.509,16493868,358777731.63,6823800000.0,2100712784.1
2016-03-16,'002733,雄韬股份,20.85,21.96,20.49,21.8,21.13,-0.28,-1.3251,14.839,13978686,295880592.89,6380100000.0,1964119351.95
2016-03-15,'002733,雄韬股份,21.13,21.13,19.01,19.25,19.21,1.92,9.9948,8.521,8026940,166054900.29,6465780000.0,1990496014.71
2016-03-14,'002733,雄韬股份,19.21,19.53,18.5,18.5,18.21,1.0,5.4915,5.4418,5126289,98189952.46,5878260000.0,1809627470.07
2016-03-11,'002733,雄韬股份,18.21,18.57,17.98,18.15,18.35,-0.14,-0.7629,3.1328,2951150,53917635.84,5572260000.0,1715425103.07
2016-03-10,'002733,雄韬股份,18.35,19.05,18.3,18.74,18.74,-0.39,-2.0811,3.1705,2986684,55736732.08,5615100000.0,1728613434.45
2016-03-09,'002733,雄韬股份,18.74,19.21,18.57,18.9,19.41,-0.67,-3.4518,3.4293,3230464,60948309.25,5734440000.0,1765352357.58
2016-03-08,'002733,雄韬股份,19.41,19.49,18.1,19.28,19.28,0.13,0.6743,5.4952,5176587,97563972.3,5939460000.0,1828467943.47
2016-03-07,'002733,雄韬股份,19.28,19.64,18.93,18.93,18.93,0.35,1.8489,3.6623,3449943,66773524.82,5899680000.0,1816221635.76
2016-03-04,'002733,雄韬股份,18.93,20.18,18.58,19.88,20.19,-1.26,-6.2407,6.4046,6033274,116876388.26,5792580000.0,1783250807.31
2016-03-03,'002733,雄韬股份,20.19,20.85,20.1,20.42,20.49,-0.3,-1.4641,6.9962,6590615,134966786.53,6178140000.0,1901945789.73
2016-03-02,'002733,雄韬股份,20.49,20.73,19.21,19.34,19.66,0.83,4.2218,7.745,7295998,145772654.34,6269940000.0,1930206499.83
2016-03-01,'002733,雄韬股份,19.66,20.14,18.05,19.3,19.2,0.46,2.3958,6.5616,6181229,118130674.91,6015960000.0,1852018535.22
2016-02-29,'002733,雄韬股份,19.2,21.29,19.2,20.83,21.33,-2.13,-9.9859,7.6012,7160539,139637457.99,5875200000.0,1808685446.4
2016-02-26,'002733,雄韬股份,21.33,22.48,20.52,22.0,21.49,-0.16,-0.7445,8.4406,7951229,170902061.23,6526980000.0,2009336488.11
2016-02-25,'002733,雄韬股份,21.49,23.99,20.66,23.19,22.89,-1.4,-6.1162,15.8641,14944339,345115297.36,6575940000.0,2024408866.83
2016-02-24,'002733,雄韬股份,22.89,23.26,22.35,22.51,22.52,0.37,1.643,6.8634,6465463,147772585.03,7004340000.0,2156292180.63
2016-02-23,'002733,雄韬股份,22.52,23.36,22.16,23.1,23.22,-0.7,-3.0146,6.8729,6474435,146816601.97,6891120000.0,2121437304.84
2016-02-22,'002733,雄韬股份,23.22,23.5,22.86,22.93,22.8,0.42,1.8421,7.844,7389235,171129740.46,7105320000.0,2187378961.74
2016-02-19,'002733,雄韬股份,22.8,22.89,21.8,22.0,22.35,0.45,2.0134,8.3391,7855593,177475674.36,6976800000.0,2147813967.6
2016-02-18,'002733,雄韬股份,22.35,24.09,22.25,22.6,22.15,0.2,0.9029,11.9954,11299926,260492245.99,6839100000.0,2105422902.45
2016-02-17,'002733,雄韬股份,22.15,22.18,21.16,21.42,21.43,0.72,3.3598,8.7549,8247307,178351796.17,6777900000.0,2086582429.05
2016-02-16,'002733,雄韬股份,21.43,21.7,20.5,20.66,20.38,1.05,5.1521,6.1876,5828857,123773036.65,6557580000.0,2018756724.81
2016-02-15,'002733,雄韬股份,20.38,20.69,19.6,19.9,20.8,-0.42,-2.0192,3.7438,3526773,71172006.58,6236280000.0,1919844239.46
2016-02-05,'002733,雄韬股份,20.8,21.58,20.78,21.5,21.5,-0.7,-3.2558,5.2637,4958560,104604240.16,6364800000.0,1959409233.6
2016-02-04,'002733,雄韬股份,21.5,21.75,20.92,21.0,20.99,0.51,2.4297,7.5968,7156329,153040506.86,6579000000.0,2025350890.5
2016-02-03,'002733,雄韬股份,20.99,21.21,19.88,19.98,20.38,0.61,2.9931,6.8672,6469071,132300692.51,6422940000.0,1977307683.33
2016-02-02,'002733,雄韬股份,20.38,20.88,19.8,19.8,19.62,0.76,3.8736,6.6828,6295328,128347169.29,6236280000.0,1919844239.46
2016-02-01,'002733,雄韬股份,19.62,20.57,19.0,19.83,19.93,-0.31,-1.5554,6.0916,5738433,113723594.89,6003720000.0,1848250440.54
2016-01-29,'002733,雄韬股份,19.93,20.43,18.33,18.33,18.81,1.12,5.9543,7.6609,7216744,141586807.93,6098580000.0,1877453174.31
2016-01-28,'002733,雄韬股份,18.81,20.79,18.81,20.79,20.9,-2.09,-10.0,7.6279,7185637,141108279.12,5755860000.0,1771946523.27
2016-01-27,'002733,雄韬股份,20.9,21.69,19.53,21.5,21.64,-0.74,-3.4196,8.8913,8375820,171341899.47,6395400000.0,1968829470.3
2016-01-26,'002733,雄韬股份,21.64,23.78,21.64,23.5,24.04,-2.4,-9.9834,9.1947,8661612,194936239.24,6621840000.0,2038539221.88
2016-01-25,'002733,雄韬股份,24.04,24.88,23.71,24.69,24.47,-0.43,-1.7573,10.0415,9459315,229440363.91,7356240000.0,2264624902.68
2016-01-22,'002733,雄韬股份,24.47,24.79,23.03,24.0,23.44,1.03,4.3942,11.9965,11300976,272132506.27,7487820000.0,2305131920.49
2016-01-21,'002733,雄韬股份,23.44,26.0,23.36,24.25,24.89,-1.45,-5.8256,16.6581,15692321,389665602.72,7172640000.0,2208103482.48
2016-01-20,'002733,雄韬股份,24.89,25.5,23.77,24.46,23.5,1.39,5.9149,20.5208,19331088,476039943.86,7616340000.0,2344696914.63
2016-01-19,'002733,雄韬股份,23.5,23.5,21.31,21.43,21.36,2.14,10.0187,8.0952,7625834,174729853.89,7191000000.0,2213755624.5
2016-01-18,'002733,雄韬股份,21.36,22.1,20.11,20.29,21.13,0.23,1.0885,8.4143,7926446,169418827.73,6536160000.0,2012162559.12
2016-01-15,'002733,雄韬股份,21.13,22.83,20.91,21.98,22.94,-1.81,-7.8901,10.2164,9624118,212000414.08,6465780000.0,1990496014.71
2016-01-14,'002733,雄韬股份,22.94,23.4,19.89,20.95,22.03,0.91,4.1307,14.2579,13431315,291273994.37,7019640000.0,2161002298.98
2016-01-13,'002733,雄韬股份,22.03,23.49,22.02,22.7,22.55,-0.52,-2.306,11.6239,10950019,248233330.8,6741180000.0,2075278145.01
2016-01-12,'002733,雄韬股份,22.55,24.65,22.04,24.17,24.13,-1.58,-6.5479,14.1785,13356465,312415116.99,6900300000.0,2124263375.85
2016-01-11,'002733,雄韬股份,24.13,26.4,24.0,24.12,25.7,-1.57,-6.1089,11.2744,10620795,267727092.69,7383780000.0,2273103115.71
2016-01-08,'002733,雄韬股份,25.7,26.5,23.11,25.9,24.98,0.72,2.8823,12.3102,11596469,297824574.19,7864200000.0,2421000831.9
2016-01-07,'002733,雄韬股份,24.98,26.85,24.98,26.7,27.75,-2.77,-9.982,2.7768,2615800,67801055.85,7643880000.0,2353175127.66
2016-01-06,'002733,雄韬股份,27.75,27.75,25.5,26.46,25.86,1.89,7.3086,15.1503,14271963,381034844.52,8491500000.0,2614115684.25
2016-01-05,'002733,雄韬股份,25.86,27.27,24.88,24.88,27.55,-1.69,-6.1343,15.2934,14406734,374238870.36,7913160000.0,2436073210.62
2016-01-04,'002733,雄韬股份,27.55,30.14,27.55,30.14,30.61,-3.06,-9.9967,13.2814,12511372,354787327.77,8430300000.0,2595275210.85
2015-12-31,'002733,雄韬股份,30.61,32.45,30.58,31.7,32.49,-1.88,-5.7864,17.7573,16727788,526590400.62,9366660000.0,2883534453.87
2015-12-30,'002733,雄韬股份,32.49,33.23,31.17,32.0,31.76,0.73,2.2985,31.3444,29527137,947611330.46,9941940000.0,3060634903.83
2015-12-29,'002733,雄韬股份,31.76,31.76,29.26,29.45,28.87,2.89,10.0104,30.558,28786395,900215917.23,9718560000.0,2991867175.92
2015-12-28,'002733,雄韬股份,28.87,30.98,28.7,30.02,30.4,-1.53,-5.0329,17.0773,16087208,480027206.47,8834220000.0,2719622335.29
2015-12-25,'002733,雄韬股份,30.4,31.35,29.29,29.71,30.08,0.32,1.0638,18.4475,17378025,526424423.18,9302400000.0,2863751956.8
2015-12-24,'002733,雄韬股份,30.08,31.5,27.66,28.0,28.73,1.35,4.6989,22.5903,21280556,637181436.72,9204480000.0,2833607199.36
2015-12-23,'002733,雄韬股份,28.73,31.4,28.57,31.4,30.24,-1.51,-4.9934,26.4747,24939772,739334114.1,8791380000.0,2706434003.91
2015-12-22,'002733,雄韬股份,30.24,30.24,27.02,27.34,27.49,2.75,10.0036,20.2897,19113389,555812882.48,9253440000.0,2848679578.08
2015-12-21,'002733,雄韬股份,27.49,27.51,26.0,26.8,27.27,0.22,0.8067,15.3127,14424954,382151075.98,8411940000.0,2589623068.83
2015-12-18,'002733,雄韬股份,27.27,27.99,25.51,25.95,25.69,1.58,6.1503,22.5228,21217034,568461827.76,8344620000.0,2568898548.09
2015-12-17,'002733,雄韬股份,25.69,26.5,25.1,25.1,25.09,0.6,2.3914,15.7951,14879368,386102059.27,7861140000.0,2420058808.23
2015-12-16,'002733,雄韬股份,25.09,26.03,24.8,25.17,25.43,-0.34,-1.337,13.7269,12931091,327777543.72,7677540000.0,2363537388.03
2015-12-15,'002733,雄韬股份,25.43,25.59,23.62,23.83,23.87,1.56,6.5354,15.6317,14725388,365545871.22,7781580000.0,2395566192.81
2015-12-14,'002733,雄韬股份,23.87,23.88,22.88,23.0,23.87,0.0,0.0,10.6304,10014104,233944861.41,7304220000.0,2248610500.29
2015-12-11,'002733,雄韬股份,23.87,25.0,23.74,24.99,25.6,-1.73,-6.7578,19.3054,18186123,441517421.39,7304220000.0,2248610500.29
2015-12-10,'002733,雄韬股份,25.6,28.48,25.55,27.0,26.75,-1.15,-4.2991,36.0035,33916149,912145033.6,7833600000.0,2411580595.2
2015-12-09,'002733,雄韬股份,26.75,26.75,23.41,23.91,24.32,2.43,9.9918,30.82,29033197,756069862.38,8185500000.0,2519913317.25
2015-12-08,'002733,雄韬股份,24.32,25.54,23.62,24.09,23.55,0.77,3.2696,23.1861,21841886,536860053.95,7441920000.0,2291001565.44
2015-12-07,'002733,雄韬股份,23.55,23.55,21.6,21.6,21.41,2.14,9.9953,9.9944,9414956,216920328.68,7206300000.0,2218465742.85
2015-12-04,'002733,雄韬股份,21.41,21.88,20.89,20.98,21.19,0.22,1.0382,5.0435,4751136,102074625.88,6551460000.0,2016872677.47
2015-12-03,'002733,雄韬股份,21.19,21.3,20.51,20.52,20.5,0.69,3.3659,4.8704,3725894,78357650.01,6484140000.0,1621034978.81
2015-12-02,'002733,雄韬股份,20.5,21.15,19.6,21.06,21.06,-0.56,-2.6591,4.9906,3817814,78066010.27,6273000000.0,1568249979.5
2015-12-01,'002733,雄韬股份,21.06,21.82,20.89,21.67,21.57,-0.51,-2.3644,5.8394,4467139,95483427.54,6444360000.0,1611089978.94
2015-11-30,'002733,雄韬股份,21.57,21.6,19.6,21.34,21.36,0.21,0.9831,8.0496,6157959,128019041.36,6600420000.0,1650104978.43
2015-11-27,'002733,雄韬股份,21.36,23.47,21.31,23.23,23.68,-2.32,-9.7973,10.358,7923835,177674852.74,6536160000.0,1634039978.64
2015-11-26,'002733,雄韬股份,23.68,24.23,23.68,23.85,23.88,-0.2,-0.8375,9.9436,7606879,182088352.77,7246080000.0,1811519976.32
2015-11-25,'002733,雄韬股份,23.88,24.14,23.27,23.82,23.79,0.09,0.3783,9.3187,7128820,169953714.52,7307280000.0,1826819976.12
2015-11-24,'002733,雄韬股份,23.79,23.85,23.07,23.1,23.16,0.63,2.7202,6.4146,4907188,115230194.75,7279740000.0,1819934976.21
2015-11-23,'002733,雄韬股份,23.16,24.03,23.0,23.61,24.1,-0.94,-3.9004,9.9538,7614624,178778295.11,7086960000.0,1771739976.84
2015-11-20,'002733,雄韬股份,24.1,24.5,23.81,24.4,24.69,-0.59,-2.3896,15.052,11514745,278206351.95,7374600000.0,1843649975.9
2015-11-19,'002733,雄韬股份,24.69,24.84,23.32,23.32,23.28,1.41,6.0567,18.9883,14526065,349327253.72,7555140000.0,1888784975.31
2015-11-18,'002733,雄韬股份,23.28,23.47,22.44,23.0,22.96,0.32,1.3937,11.6617,8921206,205204822.85,7123680000.0,1780919976.72
2015-11-17,'002733,雄韬股份,22.96,24.36,22.85,23.89,23.44,-0.48,-2.0478,11.0013,8415995,199305067.13,7025760000.0,1756439977.04
2015-11-16,'002733,雄韬股份,23.44,23.44,22.28,22.51,23.39,0.05,0.2138,9.2139,7048616,161658092.69,7172640000.0,1793159976.56
2015-11-13,'002733,雄韬股份,23.39,24.94,23.0,24.15,25.05,-1.66,-6.6267,18.4568,14119436,337758972.13,7157340000.0,1789334976.61
2015-11-12,'002733,雄韬股份,25.05,25.98,24.41,24.42,24.29,0.76,3.1289,23.5876,18044507,455454311.2,7665300000.0,1916324974.95
2015-11-11,'002733,雄韬股份,24.29,24.5,23.72,24.02,24.47,-0.18,-0.7356,16.0568,12283453,296306090.46,7432740000.0,1858184975.71
2015-11-10,'002733,雄韬股份,24.47,24.7,22.61,22.8,23.16,1.31,5.6563,20.8199,15927191,371807147.76,7487820000.0,1871954975.53
2015-11-09,'002733,雄韬股份,23.16,23.77,22.21,22.45,22.54,0.62,2.7507,20.3398,15559965,360271260.56,7086960000.0,1771739976.84
2015-11-06,'002733,雄韬股份,22.54,22.9,21.88,22.09,22.28,0.26,1.167,16.9503,12966947,290866816.55,6897240000.0,1724309977.46
2015-11-05,'002733,雄韬股份,22.28,24.39,22.02,22.98,22.18,0.1,0.4509,29.2509,22376910,521143389.44,6817680000.0,1704419977.72
2015-11-04,'002733,雄韬股份,22.18,22.18,20.11,20.11,20.16,2.02,10.0198,17.6139,13474661,291284469.47,6787080000.0,1696769977.82
2015-11-03,'002733,雄韬股份,20.16,20.65,19.23,19.75,19.96,0.2,1.002,11.7731,9006404,179363116.52,6168960000.0,1542239979.84
2015-11-02,'002733,雄韬股份,19.96,21.08,18.6,18.9,19.57,0.39,1.9928,14.5335,11118102,224152332.97,6107760000.0,1526939980.04
2015-10-30,'002733,雄韬股份,19.57,19.99,18.51,19.2,19.16,0.41,2.1399,11.463,8769168,170783409.27,5988420000.0,1497104980.43
2015-10-29,'002733,雄韬股份,19.16,19.52,18.8,19.2,18.9,0.26,1.3757,9.657,7387603,142462484.3,5862960000.0,1465739980.84
2015-10-28,'002733,雄韬股份,18.9,20.09,18.78,19.8,20.11,-1.21,-6.0169,13.1912,10091241,197014272.65,5783400000.0,1445849981.1
2015-10-27,'002733,雄韬股份,20.11,20.72,19.03,20.2,21.14,-1.03,-4.8723,23.2569,17791549,348864769.04,6153660000.0,1538414979.89
2015-10-26,'002733,雄韬股份,21.14,21.51,20.0,21.51,19.55,1.59,8.133,33.7182,25794422,544241621.76,6468840000.0,1617209978.86
2015-10-23,'002733,雄韬股份,19.55,19.55,19.55,19.55,17.77,1.78,10.0169,1.2028,920127,17988482.85,5982300000.0,1495574980.45
2015-10-22,'002733,雄韬股份,0.0,0.0,0.0,0.0,17.77,None,None,0.0,0,0.0,5437620000.0,1359404982.23
2015-10-21,'002733,雄韬股份,0.0,0.0,0.0,0.0,17.77,None,None,0.0,0,0.0,5437620000.0,1359404982.23
2015-10-20,'002733,雄韬股份,0.0,0.0,0.0,0.0,17.77,None,None,0.0,0,0.0,5437620000.0,1359404982.23
2015-10-19,'002733,雄韬股份,0.0,0.0,0.0,0.0,17.77,None,None,0.0,0,0.0,5437620000.0,1359404982.23
2015-10-16,'002733,雄韬股份,0.0,0.0,0.0,0.0,17.77,None,None,0.0,0,0.0,5437620000.0,1359404982.23
2015-10-15,'002733,雄韬股份,17.77,17.77,15.9,15.9,16.15,1.62,10.031,11.1904,8560638,145514906.16,5437620000.0,1359404982.23
2015-10-14,'002733,雄韬股份,16.15,16.29,15.6,15.95,16.19,-0.04,-0.2471,8.279,6333436,100842830.99,4941900000.0,1235474983.85
2015-10-13,'002733,雄韬股份,16.19,16.2,15.4,15.5,15.66,0.53,3.3844,7.2899,5576762,88204277.13,4954140000.0,1238534983.81
2015-10-12,'002733,雄韬股份,15.66,15.97,15.05,15.2,15.04,0.62,4.1223,7.2329,5533145,86235698.91,4791960000.0,1197989984.34
2015-10-09,'002733,雄韬股份,15.04,15.05,14.6,14.82,14.85,0.19,1.2795,6.1896,4735008,70246981.4,4602240000.0,1150559984.96
2015-10-08,'002733,雄韬股份,14.85,14.93,14.26,14.58,14.0,0.85,6.0714,6.3658,4869843,71403563.56,4544100000.0,1136024985.15
2015-09-30,'002733,雄韬股份,14.0,14.1,13.78,13.8,13.67,0.33,2.414,3.5506,2716175,37926642.22,4284000000.0,1070999986.0
2015-09-29,'002733,雄韬股份,13.67,14.09,13.52,13.8,14.13,-0.46,-3.2555,3.6281,2775525,38324326.5,4183020000.0,1045754986.33
2015-09-28,'002733,雄韬股份,14.13,14.14,13.44,13.66,13.58,0.55,4.0501,3.6777,2813429,39003221.08,4323780000.0,1080944985.87
2015-09-25,'002733,雄韬股份,13.58,14.59,13.31,14.45,14.59,-1.01,-6.9225,6.038,4619078,64288012.64,4155480000.0,1038869986.42
2015-09-24,'002733,雄韬股份,14.59,15.02,14.48,14.76,14.48,0.11,0.7597,8.3245,6368240,93736096.9,4464540000.0,1116134985.41
2015-09-23,'002733,雄韬股份,14.48,14.85,13.33,13.5,13.79,0.69,5.0036,9.8795,7557790,107712765.45,4430880000.0,1107719985.52
2015-09-22,'002733,雄韬股份,13.79,14.08,13.42,13.8,13.72,0.07,0.5102,5.8303,4460187,61620323.45,4219740000.0,1054934986.21
2015-09-21,'002733,雄韬股份,13.72,13.77,12.7,12.95,13.17,0.55,4.1762,5.4776,4190331,55770824.18,4198320000.0,1049579986.28
2015-09-18,'002733,雄韬股份,13.17,13.36,12.8,13.0,12.96,0.21,1.6204,5.1776,3960882,51651240.65,4030020000.0,1007504986.83
2015-09-17,'002733,雄韬股份,12.96,13.77,12.73,12.99,13.0,-0.04,-0.3077,7.1847,5496293,73511265.01,3965760000.0,991439987.04
2015-09-16,'002733,雄韬股份,13.0,13.0,11.8,11.8,11.82,1.18,9.9831,4.8093,3679102,45730019.53,3978000000.0,994499987.0
2015-09-15,'002733,雄韬股份,11.82,13.0,11.68,11.88,12.43,-0.61,-4.9075,3.7883,2898045,35799380.79,3616920000.0,904229988.18
2015-09-14,'002733,雄韬股份,18.64,20.99,18.64,20.98,20.71,-2.07,-9.9952,5.674,2893729,56553208.55,3802560000.0,950640000.0
2015-09-11,'002733,雄韬股份,20.71,20.8,20.11,20.5,20.2,0.51,2.5248,4.2507,2167880,44491554.6,4224840000.0,1056210000.0
2015-09-10,'002733,雄韬股份,20.2,20.9,19.7,20.7,20.94,-0.74,-3.5339,5.8109,2963563,60486845.23,4120800000.0,1030200000.0
2015-09-09,'002733,雄韬股份,20.94,21.1,20.05,20.05,19.53,1.41,7.2197,7.0555,3598329,74174421.18,4271760000.0,1067940000.0
2015-09-08,'002733,雄韬股份,19.53,19.6,18.01,18.19,18.2,1.33,7.3077,4.2531,2169105,40827062.8,3984120000.0,996030000.0
2015-09-07,'002733,雄韬股份,18.2,18.87,17.7,17.8,17.3,0.9,5.2023,4.1604,2121798,39003404.41,3712800000.0,928200000.0
2015-09-02,'002733,雄韬股份,17.3,18.88,16.51,17.0,18.04,-0.74,-4.102,3.903,1990531,35402688.48,3529200000.0,882300000.0
2015-09-01,'002733,雄韬股份,18.04,19.98,18.04,19.7,20.04,-2.0,-9.98,4.9088,2503478,46642604.71,3680160000.0,920040000.0
2015-08-31,'002733,雄韬股份,20.04,21.5,20.0,21.09,21.75,-1.71,-7.8621,4.5082,2299174,47814427.14,4088160000.0,1022040000.0
2015-08-28,'002733,雄韬股份,21.75,21.85,20.52,20.7,20.38,1.37,6.7223,6.5799,3355726,70496074.31,4437000000.0,1109250000.0
2015-08-27,'002733,雄韬股份,20.38,20.64,18.96,19.65,19.5,0.88,4.5128,6.4029,3265469,65108049.07,4157520000.0,1039380000.0
2015-08-26,'002733,雄韬股份,19.5,21.24,18.05,20.5,20.05,-0.55,-2.7431,7.3441,3745483,74926077.87,3978000000.0,994500000.0
2015-08-25,'002733,雄韬股份,20.05,21.2,20.05,20.09,22.28,-2.23,-10.009,4.753,2424043,49505441.0,4090200000.0,1022550000.0
2015-08-24,'002733,雄韬股份,22.28,24.0,22.28,24.0,24.75,-2.47,-9.9798,4.5659,2328630,52697374.02,4545120000.0,1136280000.0
2015-08-21,'002733,雄韬股份,24.75,26.14,24.2,25.2,25.94,-1.19,-4.5875,4.9031,2500562,63333014.48,5049000000.0,1262250000.0
2015-08-20,'002733,雄韬股份,25.94,27.45,25.91,26.5,26.77,-0.83,-3.1005,5.617,2864679,76579621.66,5291760000.0,1322940000.0
2015-08-19,'002733,雄韬股份,26.77,27.08,23.78,25.45,26.24,0.53,2.0198,8.562,4366644,112070512.85,5461080000.0,1365270000.0
2015-08-18,'002733,雄韬股份,26.24,29.99,26.01,29.6,28.9,-2.66,-9.2042,11.5094,5869801,167298972.14,5352960000.0,1338240000.0
2015-08-17,'002733,雄韬股份,28.9,29.25,28.5,28.73,29.21,-0.31,-1.0613,7.4168,3782553,108851983.84,5895600000.0,1473900000.0
2015-08-14,'002733,雄韬股份,29.21,29.95,28.86,28.96,28.85,0.36,1.2478,11.15,5686507,167098506.82,5958840000.0,1489710000.0
2015-08-13,'002733,雄韬股份,28.85,28.86,27.53,28.06,27.95,0.9,3.22,8.994,4586933,129469608.76,5885400000.0,1471350000.0
2015-08-12,'002733,雄韬股份,27.95,29.4,27.9,28.68,29.33,-1.38,-4.7051,9.8704,5033901,144294061.08,5701800000.0,1425450000.0
2015-08-11,'002733,雄韬股份,29.33,30.34,28.88,29.64,29.93,-0.6,-2.0047,13.7022,6988126,207074901.27,5983320000.0,1495830000.0
2015-08-10,'002733,雄韬股份,29.93,30.5,28.33,28.66,29.0,0.93,3.2069,16.5766,8454042,249250364.16,6105720000.0,1526430000.0
2015-08-07,'002733,雄韬股份,29.0,29.5,27.66,28.61,27.81,1.19,4.279,19.8719,10134672,289315422.1,5916000000.0,1479000000.0
2015-08-06,'002733,雄韬股份,27.81,27.81,24.15,24.5,25.28,2.53,10.0079,18.2226,9293508,253616962.96,5673240000.0,1418310000.0
2015-08-05,'002733,雄韬股份,25.28,26.3,25.02,25.49,25.7,-0.42,-1.6342,6.8026,3469311,89032681.27,5157120000.0,1289280000.0
2015-08-04,'002733,雄韬股份,25.7,25.76,23.55,23.55,23.84,1.86,7.802,5.5669,2839103,70561071.29,5242800000.0,1310700000.0
2015-08-03,'002733,雄韬股份,23.84,25.8,23.54,25.8,26.15,-2.31,-8.8337,6.6672,3400273,83669209.11,4863360000.0,1215840000.0
2015-07-31,'002733,雄韬股份,26.15,27.6,25.5,26.81,27.3,-1.15,-4.2125,6.752,3443502,92222299.84,5334600000.0,1333650000.0
2015-07-30,'002733,雄韬股份,27.3,29.58,27.23,28.5,28.93,-1.63,-5.6343,12.5643,6407785,183373086.81,5569200000.0,1392300000.0
2015-07-29,'002733,雄韬股份,28.93,28.98,25.46,27.98,27.52,1.41,5.1235,11.0879,5654842,154332784.6,5901720000.0,1475430000.0
2015-07-28,'002733,雄韬股份,27.52,29.6,25.44,26.66,28.25,-0.73,-2.5841,10.8992,5558580,152644194.42,5614080000.0,1403520000.0
2015-07-27,'002733,雄韬股份,28.25,31.8,28.0,28.87,29.75,-1.5,-5.042,17.3863,8867022,268045316.77,5763000000.0,1440750000.0
2015-07-24,'002733,雄韬股份,29.75,31.68,28.82,29.09,29.12,0.63,2.1635,18.331,9348835,281033993.1,6069000000.0,1517250000.0
2015-07-23,'002733,雄韬股份,29.12,29.5,27.1,27.6,27.5,1.62,5.8909,11.8859,6061821,172618825.07,5940480000.0,1485120000.0
2015-07-22,'002733,雄韬股份,27.5,28.1,27.02,27.98,27.87,-0.37,-1.3276,8.953,4566039,126272734.63,5610000000.0,1402500000.0
2015-07-21,'002733,雄韬股份,27.87,28.05,26.57,27.3,27.62,0.25,0.9051,9.8671,5032229,137795081.58,5685480000.0,1421370000.0
2015-07-20,'002733,雄韬股份,27.62,28.47,26.8,27.11,26.99,0.63,2.3342,11.5345,5882608,162865010.0,5634480000.0,1408620000.0
2015-07-17,'002733,雄韬股份,26.99,27.55,25.28,25.47,25.28,1.71,6.7642,10.1723,5187858,137215409.85,5505960000.0,1376490000.0
2015-07-16,'002733,雄韬股份,25.28,25.59,22.5,24.35,24.35,0.93,3.8193,10.732,5473299,134791245.32,5157120000.0,1289280000.0
2015-07-15,'002733,雄韬股份,24.35,26.48,22.7,26.48,24.07,0.28,1.1633,15.8941,8106011,207647393.51,4967400000.0,1241850000.0
2015-07-14,'002733,雄韬股份,24.07,24.07,24.07,24.07,21.88,2.19,10.0091,0.1219,62178,1496624.46,4910280000.0,1227570000.0
2015-07-13,'002733,雄韬股份,0.0,0.0,0.0,0.0,21.88,None,None,0.0,0,0.0,4463520000.0,1115880000.0
2015-07-10,'002733,雄韬股份,0.0,0.0,0.0,0.0,21.88,None,None,0.0,0,0.0,4463520000.0,1115880000.0
2015-07-09,'002733,雄韬股份,0.0,0.0,0.0,0.0,21.88,None,None,0.0,0,0.0,4463520000.0,1115880000.0
2015-07-08,'002733,雄韬股份,0.0,0.0,0.0,0.0,21.88,None,None,0.0,0,0.0,4463520000.0,1115880000.0
2015-07-07,'002733,雄韬股份,21.88,23.8,21.88,23.8,24.31,-2.43,-9.9959,4.768,2431700,54594303.4,4463520000.0,1115880000.0
2015-07-06,'002733,雄韬股份,24.31,26.76,22.3,26.76,24.33,-0.02,-0.0822,9.7777,4986645,123426749.56,4959240000.0,1239810000.0
2015-07-03,'002733,雄韬股份,24.33,26.68,22.9,24.47,25.34,-1.01,-3.9858,9.2108,4697524,116157824.79,4963320000.0,1240830000.0
2015-07-02,'002733,雄韬股份,25.34,27.26,24.73,26.8,26.25,-0.91,-3.4667,9.7329,4963793,129592006.9,5169360000.0,1292340000.0
2015-07-01,'002733,雄韬股份,26.25,29.17,25.23,27.02,26.98,-0.73,-2.7057,13.5787,6925122,191846108.82,5355000000.0,1338750000.0
2015-06-30,'002733,雄韬股份,26.98,27.06,22.23,24.7,24.6,2.38,9.6748,12.6305,6441569,159915220.96,5503920000.0,1375980000.0
2015-06-29,'002733,雄韬股份,24.6,28.47,24.59,28.38,27.32,-2.72,-9.9561,12.6341,6443399,171509179.87,5018400000.0,1254600000.0
2015-06-26,'002733,雄韬股份,27.32,29.7,27.32,29.7,30.36,-3.04,-10.0132,11.9999,6119926,169617587.43,5573280000.0,1393320000.0
2015-06-25,'002733,雄韬股份,30.36,33.17,29.9,33.17,33.18,-2.82,-8.4991,10.5091,5359636,170408667.06,6193440000.0,1548360000.0
2015-06-24,'002733,雄韬股份,33.18,33.98,32.28,33.5,32.86,0.32,0.9738,10.461,5335098,176580919.89,6768720000.0,1692180000.0
2015-06-23,'002733,雄韬股份,32.86,35.73,32.19,35.0,35.77,-2.91,-8.1353,12.4664,6357856,209397569.47,6703440000.0,1675860000.0
2015-06-19,'002733,雄韬股份,35.77,38.0,35.77,38.0,39.74,-3.97,-9.9899,8.1948,4179335,152597352.83,7297080000.0,1824270000.0
2015-06-18,'002733,雄韬股份,39.74,42.28,39.51,41.5,42.32,-2.58,-6.0964,14.3353,7311018,302130441.23,8106960000.0,2026740000.0
2015-06-17,'002733,雄韬股份,42.32,42.57,38.71,38.71,38.7,3.62,9.354,20.7017,10557855,429825477.25,8633280000.0,2158320000.0
2015-06-16,'002733,雄韬股份,38.7,40.88,38.1,40.88,40.99,-2.29,-5.5867,12.7183,6486322,257259251.75,7894800000.0,1973700000.0
2015-06-15,'002733,雄韬股份,40.99,41.78,39.2,40.01,39.0,1.99,5.1026,18.9851,9682416,390529733.09,8361960000.0,2090490000.0
2015-06-12,'002733,雄韬股份,39.0,40.86,37.93,40.0,39.78,-0.78,-1.9608,13.0751,6668308,261910069.29,7956000000.0,1989000000.0
2015-06-11,'002733,雄韬股份,39.78,39.98,37.75,37.98,37.78,2.0,5.2938,16.1824,8253003,323299257.58,8115120000.0,2028780000.0
2015-06-10,'002733,雄韬股份,37.78,38.0,35.5,36.2,36.75,1.03,2.8027,9.0739,4627713,173386351.73,7707120000.0,1926780000.0
2015-06-09,'002733,雄韬股份,36.75,37.27,35.3,36.0,36.53,0.22,0.6022,6.4732,3301347,120819350.8,7497000000.0,1874250000.0
2015-06-08,'002733,雄韬股份,36.53,38.79,36.5,38.79,38.68,-2.15,-5.5584,10.8263,5521393,205355024.66,7452120000.0,1863030000.0
2015-06-05,'002733,雄韬股份,38.68,39.0,36.8,37.1,36.41,2.27,6.2346,13.7151,6994716,265977174.04,7890720000.0,1972680000.0
2015-06-04,'002733,雄韬股份,36.41,37.9,34.99,37.7,37.88,-1.47,-3.8807,11.5383,5884536,212584594.03,7427640000.0,1856910000.0
2015-06-03,'002733,雄韬股份,37.88,38.55,37.2,38.2,38.48,-0.6,-1.5593,11.9155,6076926,230252826.16,7727520000.0,1931880000.0
2015-06-02,'002733,雄韬股份,38.48,39.03,37.5,39.0,38.97,-0.49,-1.2574,14.1086,7195381,273233439.09,7849920000.0,1962480000.0
2015-06-01,'002733,雄韬股份,38.97,39.0,37.14,37.99,37.96,1.01,2.6607,14.1756,7229552,276869959.26,7949880000.0,1987470000.0
2015-05-29,'002733,雄韬股份,37.96,41.05,35.97,38.8,39.97,-2.01,-5.0288,16.334,8330319,320567273.04,7743840000.0,1935960000.0
2015-05-28,'002733,雄韬股份,39.97,46.68,39.0,42.19,42.45,-2.48,-5.8422,25.154,12828560,567850927.27,8153880000.0,2038470000.0
2015-05-27,'002733,雄韬股份,42.45,43.4,37.9,40.0,39.53,2.92,7.3868,19.2966,9841251,401668707.04,8659800000.0,2164950000.0
2015-05-26,'002733,雄韬股份,39.53,39.96,37.48,37.88,37.88,1.65,4.3559,15.8703,8093856,314467888.57,8064120000.0,2016030000.0
2015-05-25,'002733,雄韬股份,37.88,38.75,34.7,35.88,36.22,1.66,4.5831,16.2775,8301515,304283996.49,7727520000.0,1931880000.0
2015-05-22,'002733,雄韬股份,36.22,36.7,34.58,35.7,36.05,0.17,0.4716,15.0684,7684907,273097570.14,7388880000.0,1847220000.0
2015-05-21,'002733,雄韬股份,36.05,37.48,35.08,36.5,36.25,-0.2,-0.5517,15.2483,7776617,280377960.46,7354200000.0,1838550000.0
2015-05-20,'002733,雄韬股份,36.25,36.85,33.41,33.89,34.18,2.07,6.0562,17.8063,9081236,324140000.64,7395000000.0,1848750000.0
2015-05-19,'002733,雄韬股份,34.18,35.2,31.08,32.0,32.0,2.18,6.8125,22.5533,11502169,380565887.51,6972720000.0,1743180000.0
2015-05-18,'002733,雄韬股份,32.0,32.57,29.5,29.8,29.73,2.27,7.6354,18.0446,9202760,289778556.26,6528000000.0,1632000000.0
2015-05-15,'002733,雄韬股份,29.73,30.7,29.28,30.7,30.88,-1.15,-3.7241,13.4183,6843357,204422311.35,6064920000.0,1516230000.0
2015-05-14,'002733,雄韬股份,30.88,31.39,28.5,28.66,28.64,2.24,7.8212,18.5013,9435640,282178067.31,6299520000.0,1574880000.0
2015-05-13,'002733,雄韬股份,28.64,28.81,27.81,28.4,28.86,-0.22,-0.7623,11.8212,6028829,171116003.32,5842560000.0,1460640000.0
2015-05-12,'002733,雄韬股份,28.86,29.14,28.2,29.0,28.79,0.07,0.2431,14.7203,7507363,215322219.55,5887440000.0,1471860000.0
2015-05-11,'002733,雄韬股份,43.4,43.4,40.4,41.03,40.38,3.02,7.4789,13.141,4467929,187135490.58,5902400000.0,1475600000.0
2015-05-08,'002733,雄韬股份,40.38,40.47,38.58,38.59,37.97,2.41,6.3471,7.4027,2516910,99245789.07,5491680000.0,1372920000.0
2015-05-07,'002733,雄韬股份,37.97,38.7,37.3,38.23,38.18,-0.21,-0.55,3.4724,1180610,45062316.7,5163920000.0,1290980000.0
2015-05-06,'002733,雄韬股份,38.18,39.16,38.0,38.02,37.8,0.38,1.0053,5.0683,1723227,66496440.74,5192480000.0,1298120000.0
2015-05-05,'002733,雄韬股份,37.8,39.46,37.63,39.3,39.29,-1.49,-3.7923,5.0291,1709877,65779629.79,5140800000.0,1285200000.0
2015-05-04,'002733,雄韬股份,39.29,39.39,38.55,38.85,38.85,0.44,1.1326,4.9042,1667430,65096318.4,5343440000.0,1335860000.0
2015-04-30,'002733,雄韬股份,38.85,39.94,38.85,39.17,39.25,-0.4,-1.0191,4.6739,1589124,62637739.79,5283600000.0,1320900000.0
2015-04-29,'002733,雄韬股份,39.25,39.55,38.17,38.4,38.5,0.75,1.9481,4.5587,1549957,60666373.39,5338000000.0,1334500000.0
2015-04-28,'002733,雄韬股份,38.5,41.2,38.21,41.18,40.91,-2.41,-5.891,8.446,2871654,113000099.71,5236000000.0,1309000000.0
2015-04-27,'002733,雄韬股份,40.91,41.8,40.45,41.36,41.36,-0.45,-1.088,9.1727,3118708,127983701.17,5563760000.0,1390940000.0
2015-04-24,'002733,雄韬股份,41.36,41.89,40.03,41.29,41.3,0.06,0.1453,9.8841,3360601,138225606.24,5624960000.0,1406240000.0
2015-04-23,'002733,雄韬股份,41.3,42.06,40.05,40.05,40.4,0.9,2.2277,12.0448,4095223,169112385.5,5616800000.0,1404200000.0
2015-04-22,'002733,雄韬股份,40.4,40.87,39.75,39.75,39.63,0.77,1.943,7.5237,2558054,103407441.91,5494400000.0,1373600000.0
2015-04-21,'002733,雄韬股份,39.63,39.68,38.16,38.16,37.99,1.64,4.3169,6.3282,2151574,83895092.64,5389680000.0,1347420000.0
2015-04-20,'002733,雄韬股份,37.99,40.77,37.98,39.92,40.92,-2.93,-7.1603,11.9296,4056047,158974316.87,5166640000.0,1291660000.0
2015-04-17,'002733,雄韬股份,40.92,41.98,40.5,40.76,40.66,0.26,0.6394,9.7762,3323899,136970445.01,5565120000.0,1391280000.0
2015-04-16,'002733,雄韬股份,40.66,41.44,39.01,39.69,40.5,0.16,0.3951,7.2012,2448400,99032091.51,5529760000.0,1382440000.0
2015-04-15,'002733,雄韬股份,40.5,43.0,40.0,42.5,43.22,-2.72,-6.2934,10.1429,3448598,141969022.09,5508000000.0,1377000000.0
2015-04-14,'002733,雄韬股份,43.22,44.77,42.52,44.0,44.77,-1.55,-3.4621,10.2025,3468848,151436458.3,5877920000.0,1469480000.0
2015-04-13,'002733,雄韬股份,44.77,45.39,41.5,42.46,41.82,2.95,7.054,14.7567,5017275,220441905.55,6088720000.0,1522180000.0
2015-04-10,'002733,雄韬股份,41.82,42.18,39.22,39.22,38.91,2.91,7.4788,13.8476,4708187,193975030.28,5687520000.0,1421880000.0
2015-04-09,'002733,雄韬股份,38.91,38.98,36.66,38.15,38.32,0.59,1.5397,11.3595,3862229,146191961.99,5291760000.0,1322940000.0
2015-04-08,'002733,雄韬股份,38.32,39.8,37.63,39.3,39.08,-0.76,-1.9447,11.8863,4041330,156495414.88,5211520000.0,1302880000.0
2015-04-07,'002733,雄韬股份,39.08,39.5,38.01,38.03,37.86,1.22,3.2224,11.4491,3892708,151439988.76,5314880000.0,1328720000.0
2015-04-03,'002733,雄韬股份,37.86,38.88,36.02,36.36,36.65,1.21,3.3015,14.6914,4995082,188597531.25,5148960000.0,1287240000.0
2015-04-02,'002733,雄韬股份,36.65,36.66,35.25,35.25,35.24,1.41,4.0011,14.7181,5004147,181164784.21,4984400000.0,1246100000.0
2015-04-01,'002733,雄韬股份,35.24,35.36,34.5,34.58,34.62,0.62,1.7909,8.2321,2798924,98199589.11,4792640000.0,1198160000.0
2015-03-31,'002733,雄韬股份,34.62,35.22,34.1,34.96,34.95,-0.33,-0.9442,7.9289,2695819,93600880.6,4708320000.0,1177080000.0
2015-03-30,'002733,雄韬股份,34.95,35.82,34.75,35.82,35.18,-0.23,-0.6538,7.4515,2533516,88898659.59,4753200000.0,1188300000.0
2015-03-27,'002733,雄韬股份,35.18,35.33,34.81,34.86,35.0,0.18,0.5143,5.5735,1894987,66446560.79,4784480000.0,1196120000.0
2015-03-26,'002733,雄韬股份,35.0,35.8,34.68,35.8,36.26,-1.26,-3.4749,9.6708,3288061,116070814.42,4760000000.0,1190000000.0
2015-03-25,'002733,雄韬股份,36.26,36.45,34.02,34.1,34.4,1.86,5.407,15.3144,5206890,184038855.47,4931360000.0,1232840000.0
2015-03-24,'002733,雄韬股份,34.4,35.34,33.04,35.05,35.35,-0.95,-2.6874,12.4541,4234397,145533151.54,4678400000.0,1169600000.0
2015-03-23,'002733,雄韬股份,35.35,35.35,34.73,34.86,34.75,0.6,1.7266,9.8594,3352208,117424461.12,4807600000.0,1201900000.0
2015-03-20,'002733,雄韬股份,34.75,35.33,34.3,34.37,34.34,0.41,1.1939,9.5724,3254609,113139427.61,4726000000.0,1181500000.0
2015-03-19,'002733,雄韬股份,34.34,34.56,33.83,34.22,34.42,-0.08,-0.2324,9.6649,3286050,112204679.33,4670240000.0,1167560000.0
2015-03-18,'002733,雄韬股份,34.42,34.65,33.2,33.42,33.41,1.01,3.023,12.3981,4215348,144004553.54,4681120000.0,1170280000.0
2015-03-17,'002733,雄韬股份,33.41,33.75,32.91,33.58,33.51,-0.1,-0.2984,11.1658,3796375,126541203.76,4543760000.0,1135940000.0
2015-03-16,'002733,雄韬股份,33.51,33.82,32.76,32.89,32.75,0.76,2.3206,10.5193,3576546,119411864.47,4557360000.0,1139340000.0
2015-03-13,'002733,雄韬股份,32.75,32.9,32.16,32.48,32.25,0.5,1.5504,6.1651,2096145,68061398.58,4454000000.0,1113500000.0
2015-03-12,'002733,雄韬股份,32.25,33.49,32.08,33.01,32.99,-0.74,-2.2431,10.4063,3538130,115572960.76,4386000000.0,1096500000.0
2015-03-11,'002733,雄韬股份,32.99,32.99,31.82,32.39,32.4,0.59,1.821,16.0338,5451505,177684364.09,4486640000.0,1121660000.0
2015-03-10,'002733,雄韬股份,32.4,32.63,31.22,31.3,31.3,1.1,3.5144,12.0142,4084814,130722490.15,4406400000.0,1101600000.0
2015-03-09,'002733,雄韬股份,31.3,31.45,30.76,31.4,31.36,-0.06,-0.1913,4.3504,1479149,46041852.74,4256800000.0,1064200000.0
2015-03-06,'002733,雄韬股份,31.36,32.25,31.3,32.14,32.35,-0.99,-3.0603,8.1644,2775912,87891380.2,4264960000.0,1066240000.0
2015-03-05,'002733,雄韬股份,32.35,32.97,32.13,32.2,31.49,0.86,2.731,15.9133,5410519,175749431.17,4399600000.0,1099900000.0
2015-03-04,'002733,雄韬股份,31.49,31.51,30.85,30.96,31.01,0.48,1.5479,5.7791,1964910,61392373.6,4282640000.0,1070660000.0
2015-03-03,'002733,雄韬股份,31.01,31.94,31.01,31.21,31.55,-0.54,-1.7116,9.5427,3244530,102027094.57,4217360000.0,1054340000.0
2015-03-02,'002733,雄韬股份,31.55,31.65,30.65,31.15,30.95,0.6,1.9386,10.3328,3513157,109004860.01,4290800000.0,1072700000.0
2015-02-27,'002733,雄韬股份,30.95,30.95,30.5,30.75,30.67,0.28,0.9129,4.6102,1567459,48265291.74,4209200000.0,1052300000.0
2015-02-26,'002733,雄韬股份,30.67,30.9,30.1,30.31,30.4,0.27,0.8882,3.2665,1110616,33923789.0,4171120000.0,1042780000.0
2015-02-25,'002733,雄韬股份,30.4,31.0,30.32,30.7,30.63,-0.23,-0.7509,3.1347,1065808,32553229.9,4134400000.0,1033600000.0
2015-02-17,'002733,雄韬股份,30.63,31.13,30.46,31.13,30.96,-0.33,-1.0659,4.9542,1684412,51651385.61,4165680000.0,1041420000.0
2015-02-16,'002733,雄韬股份,30.96,31.24,30.06,30.21,30.0,0.96,3.2,5.7637,1959663,60214180.79,4210560000.0,1052640000.0
2015-02-13,'002733,雄韬股份,30.0,30.09,29.71,29.88,29.63,0.37,1.2487,4.22,1434797,42947316.5,4080000000.0,1020000000.0
2015-02-12,'002733,雄韬股份,29.63,29.65,29.12,29.59,29.35,0.28,0.954,3.0725,1044650,30742675.0,4029680000.0,1007420000.0
2015-02-11,'002733,雄韬股份,29.35,29.35,28.73,28.81,28.72,0.63,2.1936,3.1393,1067349,31115418.44,3991600000.0,997900000.0
2015-02-10,'002733,雄韬股份,28.72,28.72,28.22,28.22,28.2,0.52,1.844,2.8437,966861,27544801.22,3905920000.0,976480000.0
2015-02-09,'002733,雄韬股份,28.2,28.87,28.2,28.6,28.7,-0.5,-1.7422,3.2845,1116740,31839779.5,3835200000.0,958800000.0
2015-02-06,'002733,雄韬股份,28.7,30.44,28.68,30.33,30.36,-1.66,-5.4677,7.7399,2631581,76655284.81,3903200000.0,975800000.0
2015-02-05,'002733,雄韬股份,30.36,31.07,30.31,30.9,30.73,-0.37,-1.204,5.7319,1948846,59683172.23,4128960000.0,1032240000.0
2015-02-04,'002733,雄韬股份,30.73,32.09,30.7,31.55,31.81,-1.08,-3.3952,8.9016,3026536,95110978.06,4179280000.0,1044820000.0
2015-02-03,'002733,雄韬股份,31.81,31.95,30.8,31.0,30.8,1.01,3.2792,10.6173,3609874,113953179.63,4326160000.0,1081540000.0
2015-02-02,'002733,雄韬股份,30.8,31.0,30.15,30.35,30.59,0.21,0.6865,5.125,1742512,53578782.14,4188800000.0,1047200000.0
2015-01-30,'002733,雄韬股份,30.59,31.12,29.95,30.5,30.37,0.22,0.7244,6.776,2303843,70430511.63,4160240000.0,1040060000.0
2015-01-29,'002733,雄韬股份,30.37,31.24,30.28,31.02,31.43,-1.06,-3.3726,6.8346,2323747,71298312.55,4130320000.0,1032580000.0
2015-01-28,'002733,雄韬股份,31.43,31.98,31.2,31.41,31.53,-0.1,-0.3172,6.2855,2137076,67484381.83,4274480000.0,1068620000.0
2015-01-27,'002733,雄韬股份,31.53,32.35,31.13,31.6,31.48,0.05,0.1588,8.3318,2832821,89853758.22,4288080000.0,1072020000.0
2015-01-26,'002733,雄韬股份,31.48,31.56,30.92,31.07,31.15,0.33,1.0594,5.717,1943783,60844115.93,4281280000.0,1070320000.0
2015-01-23,'002733,雄韬股份,31.15,32.4,31.12,32.39,32.71,-1.56,-4.7692,14.0935,4791782,151707503.59,4236400000.0,1059100000.0
2015-01-22,'002733,雄韬股份,32.71,32.98,31.49,31.9,32.46,0.25,0.7702,17.7714,6042260,195839932.11,4448560000.0,1112140000.0
2015-01-21,'002733,雄韬股份,32.46,34.47,32.04,34.03,33.08,-0.62,-1.8742,30.8259,10480799,344711792.79,4414560000.0,1103640000.0
2015-01-20,'002733,雄韬股份,33.08,33.08,29.89,30.1,30.07,3.01,10.01,33.018,11226111,363838872.48,4498880000.0,1124720000.0
2015-01-19,'002733,雄韬股份,30.07,30.99,28.89,29.2,29.6,0.47,1.5878,16.9178,5752047,173031311.26,4089520000.0,1022380000.0
2015-01-16,'002733,雄韬股份,29.6,29.79,27.8,27.89,27.89,1.71,6.1312,11.9373,4058694,117425359.19,4025600000.0,1006400000.0
2015-01-15,'002733,雄韬股份,27.89,28.46,27.3,27.31,27.32,0.57,2.0864,6.642,2258284,63197214.62,3793040000.0,948260000.0
2015-01-14,'002733,雄韬股份,27.32,27.9,27.29,27.66,27.8,-0.48,-1.7266,3.7532,1276100,35160851.0,3715520000.0,928880000.0
2015-01-13,'002733,雄韬股份,27.8,28.1,27.06,27.06,27.26,0.54,1.9809,4.7906,1628800,45059103.5,3780800000.0,945200000.0
2015-01-12,'002733,雄韬股份,27.26,28.3,27.2,28.3,28.41,-1.15,-4.0479,6.1188,2080378,57483230.88,3707360000.0,926840000.0
2015-01-09,'002733,雄韬股份,28.41,28.87,28.23,28.28,28.42,-0.01,-0.0352,5.0258,1708778,48862252.45,3863760000.0,965940000.0
2015-01-08,'002733,雄韬股份,28.42,29.0,28.18,28.2,28.29,0.13,0.4595,5.564,1891763,54133184.77,3865120000.0,966280000.0
2015-01-07,'002733,雄韬股份,28.29,29.08,28.11,28.78,28.9,-0.61,-2.1107,5.6333,1915315,54346036.72,3847440000.0,961860000.0
2015-01-06,'002733,雄韬股份,28.9,29.09,27.93,28.0,28.48,0.42,1.4747,7.2126,2452270,70412631.43,3930400000.0,982600000.0
2015-01-05,'002733,雄韬股份,28.48,29.13,27.83,29.13,29.08,-0.6,-2.0633,6.0991,2073693,58678439.44,3873280000.0,968320000.0
2014-12-31,'002733,雄韬股份,29.08,29.79,28.55,29.66,30.0,-0.92,-3.0667,9.5265,3239002,94441334.41,3954880000.0,988720000.0
2014-12-30,'002733,雄韬股份,30.0,31.2,29.68,29.8,30.15,-0.15,-0.4975,10.0021,3400698,103498883.99,4080000000.0,1020000000.0
2014-12-29,'002733,雄韬股份,30.15,30.49,28.8,29.88,30.49,-0.34,-1.1151,11.0775,3766346,111247698.02,4100400000.0,1025100000.0
2014-12-26,'002733,雄韬股份,30.49,31.65,29.75,29.9,30.12,0.37,1.2284,11.6084,3946847,121579281.86,4146640000.0,1036660000.0
2014-12-25,'002733,雄韬股份,30.12,30.84,29.48,30.6,31.12,-1.0,-3.2134,12.9015,4386502,132187932.19,4096320000.0,1024080000.0
2014-12-24,'002733,雄韬股份,31.12,31.4,29.31,30.14,30.15,0.97,3.2172,17.2258,5856759,177875855.19,4232320000.0,1058080000.0
2014-12-23,'002733,雄韬股份,30.15,30.7,27.52,27.66,27.91,2.24,8.0258,20.0935,6831799,203989466.3,4100400000.0,1025100000.0
2014-12-22,'002733,雄韬股份,27.91,30.75,27.9,30.75,31.0,-3.09,-9.9677,14.5074,4932513,141361264.45,3795760000.0,948940000.0
2014-12-19,'002733,雄韬股份,31.0,32.43,30.6,32.18,32.65,-1.65,-5.0536,17.6057,5985945,186454179.02,4216000000.0,1054000000.0
2014-12-18,'002733,雄韬股份,32.65,34.0,32.31,33.87,34.66,-2.01,-5.7992,21.9271,7455215,248038859.12,4440400000.0,1110100000.0
2014-12-17,'002733,雄韬股份,34.66,36.89,34.4,35.6,35.78,-1.12,-3.1302,21.3013,7242449,258474722.8,4713760000.0,1178440000.0
2014-12-16,'002733,雄韬股份,35.78,37.0,35.56,36.33,37.13,-1.35,-3.6359,26.846,9127642,329772400.13,4866080000.0,1216520000.0
2014-12-15,'002733,雄韬股份,37.13,39.49,36.05,38.65,36.94,0.19,0.5143,47.3436,16096811,604892215.09,5049680000.0,1262420000.0
2014-12-12,'002733,雄韬股份,36.94,36.94,35.88,36.94,33.58,3.36,10.006,17.1574,5833528,214440875.74,5023840000.0,1255960000.0
2014-12-11,'002733,雄韬股份,33.58,33.58,33.58,33.58,30.53,3.05,9.9902,4.6771,1590223,53399688.34,4566880000.0,1141720000.0
2014-12-10,'002733,雄韬股份,30.53,30.53,30.53,30.53,27.75,2.78,10.018,0.4498,152919,4668617.07,4152080000.0,1038020000.0
2014-12-09,'002733,雄韬股份,27.75,27.75,27.75,27.75,25.23,2.52,9.9881,0.1403,47700,1323675.0,3774000000.0,943500000.0
2014-12-08,'002733,雄韬股份,25.23,25.23,25.23,25.23,22.94,2.29,9.9826,0.0997,33900,855297.0,3431280000.0,857820000.0
2014-12-05,'002733,雄韬股份,22.94,22.94,22.94,22.94,20.85,2.09,10.024,0.0563,19128,438796.32,3119840000.0,779960000.0
2014-12-04,'002733,雄韬股份,20.85,20.85,20.85,20.85,18.95,1.9,10.0264,0.0344,11700,243945.0,2835600000.0,708900000.0
2014-12-03,'002733,N雄韬,18.95,18.95,15.79,15.79,13.16,5.79,43.997,0.1385,47100,892071.0,2577200000.0,644300000.0
2014-11-24,'002733,雄韬股份,0.0,0.0,0.0,0.0,13.16,None,None,0.0,0,0.0,1342320000.0,0.0
