ÈÕÆÚ,¹ÉÆ±´úÂë,Ãû³Æ,ÊÕÅÌ¼Û,×î¸ß¼Û,×îµÍ¼Û,¿ªÅÌ¼Û,Ç°ÊÕÅÌ,ÕÇµø¶î,ÕÇµø·ù,»»ÊÖÂÊ,³É½»Á¿,³É½»½ð¶î,×ÜÊÐÖµ,Á÷Í¨ÊÐÖµ
2017-05-15,'002776,°Ø±¤Áú,24.92,25.2,24.4,24.58,25.0,-0.08,-0.32,1.6513,1232850,30628793.7,5992218443.68,1860527200.0
2017-05-12,'002776,°Ø±¤Áú,25.0,25.0,23.53,23.73,23.75,1.25,5.2632,2.0376,1521295,36735543.0,6011455100.0,1866500000.0
2017-05-11,'002776,°Ø±¤Áú,23.75,25.84,23.2,25.26,25.78,-2.03,-7.8743,4.0235,3003938,72314001.52,5710882345.0,1773175000.0
2017-05-10,'002776,°Ø±¤Áú,25.78,26.25,25.58,26.03,26.1,-0.32,-1.2261,1.5482,1155900,29815427.4,6199012499.12,1924734800.0
2017-05-09,'002776,°Ø±¤Áú,26.1,26.13,25.57,25.7,25.95,0.15,0.578,0.9436,704524,18212673.9,6275959124.4,1948626000.0
2017-05-08,'002776,°Ø±¤Áú,25.95,26.89,25.81,26.89,26.09,-0.14,-0.5366,1.776,1325943,34679747.78,6239890393.8,1937427000.0
2017-05-05,'002776,°Ø±¤Áú,26.09,26.13,25.66,26.0,26.1,-0.01,-0.0383,1.4389,1074292,27840754.48,6273554542.36,1947879400.0
2017-05-04,'002776,°Ø±¤Áú,26.1,26.23,25.69,25.95,26.1,0.0,0.0,1.1922,890082,23049942.55,6275959124.4,1948626000.0
2017-05-03,'002776,°Ø±¤Áú,26.1,26.5,25.86,26.27,25.6,0.5,1.9531,1.4152,1056581,27648185.66,6275959124.4,1948626000.0
2017-05-02,'002776,°Ø±¤Áú,25.6,26.45,25.6,26.45,26.17,-0.57,-2.1781,0.5901,440601,11509798.21,6155730022.4,1911296000.0
2017-04-28,'002776,°Ø±¤Áú,26.17,26.36,26.01,26.14,26.14,0.03,0.1148,0.8845,660400,17272780.1,6292791198.68,1953852200.0
2017-04-27,'002776,°Ø±¤Áú,26.14,26.38,24.92,25.49,25.61,0.53,2.0695,1.2554,937256,23913584.0,6285577452.56,1951612400.0
2017-04-26,'002776,°Ø±¤Áú,25.61,25.97,25.42,25.6,25.6,0.01,0.0391,1.1802,881171,22708250.9,6158134604.44,1912042600.0
2017-04-25,'002776,°Ø±¤Áú,25.6,25.85,25.1,25.1,25.51,0.09,0.3528,0.8469,632271,16196315.04,6155730022.4,1911296000.0
2017-04-24,'002776,°Ø±¤Áú,25.51,26.05,25.4,25.9,26.03,-0.52,-1.9977,1.4384,1073916,27594140.99,6134088784.04,1904576600.0
2017-04-21,'002776,°Ø±¤Áú,26.03,26.85,25.8,26.83,25.8,0.23,0.8915,1.324,988500,26067729.0,6259127050.12,1943399800.0
2017-04-20,'002776,°Ø±¤Áú,25.8,26.58,25.72,25.72,26.2,-0.4,-1.5267,2.1389,1596872,41637052.6,6203821663.2,1926228000.0
2017-04-19,'002776,°Ø±¤Áú,26.2,27.25,25.3,26.04,26.05,0.15,0.5758,2.3347,1743102,45153271.32,6300004944.8,1956092000.0
2017-04-18,'002776,°Ø±¤Áú,26.05,26.3,25.85,26.07,26.07,-0.02,-0.0767,1.7322,1293270,33708318.97,6263936214.2,1944893000.0
2017-04-17,'002776,°Ø±¤Áú,26.07,27.24,25.98,26.5,26.99,-0.92,-3.4087,1.8396,1373440,36279264.6,6268745378.28,1946386200.0
2017-04-14,'002776,°Ø±¤Áú,26.99,27.4,26.9,27.02,27.03,-0.04,-0.148,1.1256,840360,22799226.85,6489966925.96,2015073400.0
2017-04-13,'002776,°Ø±¤Áú,27.03,27.37,26.71,26.86,26.87,0.16,0.5955,1.2547,936789,25418712.9,6499585254.12,2018059800.0
2017-04-12,'002776,°Ø±¤Áú,26.87,27.21,26.59,27.11,27.19,-0.32,-1.1769,2.2791,1701545,45810079.73,6461111941.48,2006114200.0
2017-04-11,'002776,°Ø±¤Áú,27.19,27.26,26.26,27.25,27.18,0.01,0.0368,2.5603,1911502,50969528.59,6538058566.76,2030005400.0
2017-04-10,'002776,°Ø±¤Áú,27.18,28.7,26.85,28.7,28.65,-1.47,-5.1309,2.9319,2188942,60360708.21,6535653984.72,2029258800.0
2017-04-07,'002776,°Ø±¤Áú,28.65,28.65,28.11,28.2,28.15,0.5,1.7762,1.4275,1065803,30160347.93,6889127544.6,2139009000.0
2017-04-06,'002776,°Ø±¤Áú,28.15,28.89,28.09,28.77,28.77,-0.62,-2.155,2.4049,1795501,51028554.2,6768898442.6,2101679000.0
2017-04-05,'002776,°Ø±¤Áú,28.77,29.37,28.52,28.52,28.5,0.27,0.9474,2.932,2189000,63058026.19,6917982529.08,2147968200.0
2017-03-31,'002776,°Ø±¤Áú,28.5,28.58,27.84,27.84,27.8,0.7,2.518,1.8526,1383146,39041170.92,6853058814.0,2127810000.0
2017-03-30,'002776,°Ø±¤Áú,27.8,28.8,27.49,28.74,28.9,-1.1,-3.8062,2.8963,2162369,60645566.47,6684738071.2,2075548000.0
2017-03-29,'002776,°Ø±¤Áú,28.9,30.4,28.87,30.13,30.13,-1.23,-4.0823,4.3895,3277202,96282245.22,6949242095.6,2157674000.0
2017-03-28,'002776,°Ø±¤Áú,30.13,30.45,30.03,30.31,30.2,-0.07,-0.2318,1.8386,1372700,41418170.0,7245005686.52,2249505800.0
2017-03-27,'002776,°Ø±¤Áú,30.2,32.09,30.07,32.02,31.8,-1.6,-5.0314,4.1103,3068727,93740433.57,7261837760.8,2254732000.0
2017-03-24,'002776,°Ø±¤Áú,31.8,32.79,31.65,32.36,32.74,-0.94,-2.8711,3.3044,2467090,78889212.56,7646570887.2,2374188000.0
2017-03-23,'002776,°Ø±¤Áú,32.74,33.5,30.86,31.95,31.89,0.85,2.6654,4.7372,3536795,115470158.27,7872601598.96,2444368400.0
2017-03-22,'002776,°Ø±¤Áú,31.89,32.1,30.75,31.0,31.38,0.51,1.6252,4.7429,3541036,112736145.03,7668212125.56,2380907400.0
2017-03-21,'002776,°Ø±¤Áú,31.38,32.1,30.32,30.32,30.23,1.15,3.8042,5.5147,4117275,129095826.48,7545578441.52,2342830800.0
2017-03-20,'002776,°Ø±¤Áú,30.23,30.59,29.51,29.51,29.6,0.63,2.1284,2.8595,2134875,64613358.56,7269051506.92,2256971800.0
2017-03-17,'002776,°Ø±¤Áú,29.6,29.95,29.56,29.87,29.8,-0.2,-0.6711,2.1188,1581912,47033836.42,7117562838.4,2209936000.0
2017-03-16,'002776,°Ø±¤Áú,29.8,30.0,29.18,29.18,29.41,0.39,1.3261,2.7601,2060722,61246925.76,7165654479.2,2224868000.0
2017-03-15,'002776,°Ø±¤Áú,29.41,29.9,29.19,29.75,30.05,-0.64,-2.1298,3.2627,2435965,71901338.61,7071875779.64,2195750600.0
2017-03-14,'002776,°Ø±¤Áú,30.05,30.78,28.62,28.88,28.88,1.17,4.0512,4.7729,3563420,105308983.81,7225769030.2,2243533000.0
2017-03-13,'002776,°Ø±¤Áú,28.88,29.0,28.41,28.51,28.6,0.28,0.979,2.7233,2033243,58574734.5,6944432931.52,2156180800.0
2017-03-10,'002776,°Ø±¤Áú,28.6,28.95,28.2,28.32,28.3,0.3,1.0601,2.7605,2060976,59169058.65,6877104634.4,2135276000.0
2017-03-09,'002776,°Ø±¤Áú,28.3,28.35,27.93,28.21,28.19,0.11,0.3902,1.6342,1220066,34412479.17,6804967173.2,2112878000.0
2017-03-08,'002776,°Ø±¤Áú,28.19,28.2,27.9,27.98,28.02,0.17,0.6067,1.4748,1101084,30879300.04,6778516770.76,2104665400.0
2017-03-07,'002776,°Ø±¤Áú,28.02,28.21,27.7,27.95,28.0,0.02,0.0714,1.9042,1421712,39820184.86,6737638876.08,2091973200.0
2017-03-06,'002776,°Ø±¤Áú,28.0,28.8,27.91,28.8,28.2,-0.2,-0.7092,2.773,2070347,58302669.77,6732829712.0,2090480000.0
2017-03-03,'002776,°Ø±¤Áú,28.2,28.22,27.51,27.6,27.82,0.38,1.3659,2.0302,1515778,42369171.41,6780921352.8,2105412000.0
2017-03-02,'002776,°Ø±¤Áú,27.82,28.3,27.71,28.3,28.1,-0.28,-0.9964,2.0246,1511533,42191925.26,6689547235.28,2077041200.0
2017-03-01,'002776,°Ø±¤Áú,28.1,28.38,27.39,27.62,27.65,0.45,1.6275,2.869,2141987,59600770.58,6756875532.4,2097946000.0
2017-02-28,'002776,°Ø±¤Áú,27.65,27.8,26.99,27.17,27.32,0.33,1.2079,2.0867,1557912,42707168.63,6648669340.6,2064349000.0
2017-02-27,'002776,°Ø±¤Áú,27.32,27.55,27.09,27.26,27.29,0.03,0.1099,2.1714,1621180,44419717.42,6569318133.28,2039711200.0
2017-02-24,'002776,°Ø±¤Áú,27.29,27.33,26.95,27.16,27.36,-0.07,-0.2558,2.2017,1643801,44595000.6,6562104387.16,2037471400.0
2017-02-23,'002776,°Ø±¤Áú,27.36,27.77,27.0,27.16,27.22,0.14,0.5143,1.946,1452896,39864784.46,6578936461.44,2042697600.0
2017-02-22,'002776,°Ø±¤Áú,27.22,27.38,26.81,27.21,27.42,-0.2,-0.7294,2.5184,1880268,50924640.31,6545272312.88,2032245200.0
2017-02-21,'002776,°Ø±¤Áú,27.42,28.0,25.87,26.1,26.06,1.36,5.2187,3.4498,2575626,69554395.51,6593363953.68,2047177200.0
2017-02-20,'002776,°Ø±¤Áú,26.06,26.09,25.79,25.8,25.9,0.16,0.6178,1.7608,1314595,34081523.77,6266340796.24,1945639600.0
2017-02-17,'002776,°Ø±¤Áú,25.9,26.54,25.8,26.54,26.43,-0.53,-2.0053,2.0029,1495384,39060366.63,6227867483.6,1933694000.0
2017-02-16,'002776,°Ø±¤Áú,26.43,26.79,26.05,26.78,26.8,-0.37,-1.3806,1.4792,1104334,29199427.87,6355310331.72,1973263800.0
2017-02-15,'002776,°Ø±¤Áú,26.8,27.26,26.75,27.1,27.15,-0.35,-1.2891,1.5178,1133207,30530973.39,6444279867.2,2000888000.0
2017-02-14,'002776,°Ø±¤Áú,27.15,27.58,27.13,27.36,27.37,-0.22,-0.8038,1.3948,1041351,28430504.11,6528440238.6,2027019000.0
2017-02-13,'002776,°Ø±¤Áú,27.37,27.62,27.0,27.21,27.54,-0.17,-0.6173,2.0429,1525233,41681112.44,6581341043.48,2043444200.0
2017-02-10,'002776,°Ø±¤Áú,27.54,27.59,26.62,27.2,27.28,0.26,0.9531,2.1502,1605327,43508530.24,6622218938.16,2056136400.0
2017-02-09,'002776,°Ø±¤Áú,27.28,27.42,26.82,26.94,26.88,0.4,1.4881,1.4931,1114713,30084966.84,6559699805.12,2036724800.0
2017-02-08,'002776,°Ø±¤Áú,26.88,26.95,26.55,26.95,26.73,0.15,0.5612,0.815,608511,16273522.29,6463516523.52,2006860800.0
2017-02-07,'002776,°Ø±¤Áú,26.73,26.98,26.58,26.98,26.98,-0.25,-0.9266,0.9432,704202,18799667.3,6427447792.92,1995661800.0
2017-02-06,'002776,°Ø±¤Áú,26.98,27.0,26.6,26.6,26.7,0.28,1.0487,1.1946,891912,23923265.64,6487562343.92,2014326800.0
2017-02-03,'002776,°Ø±¤Áú,26.7,27.27,26.5,27.27,27.26,-0.56,-2.0543,0.7582,566043,15129955.52,6420234046.8,1993422000.0
2017-01-26,'002776,°Ø±¤Áú,27.26,27.26,26.71,26.71,26.82,0.44,1.6406,0.6225,464786,12575022.43,6554890641.04,2035231600.0
2017-01-25,'002776,°Ø±¤Áú,26.82,27.5,26.7,27.5,26.8,0.02,0.0746,0.9301,694393,18693742.52,6449089031.28,2002381200.0
2017-01-24,'002776,°Ø±¤Áú,26.8,26.89,26.6,26.7,26.79,0.01,0.0373,1.1355,847753,22650283.63,6444279867.2,2000888000.0
2017-01-23,'002776,°Ø±¤Áú,26.79,27.0,26.61,26.73,26.75,0.04,0.1495,0.8455,631273,16940053.14,6441875285.16,2000141400.0
2017-01-20,'002776,°Ø±¤Áú,26.75,26.8,25.71,26.01,26.02,0.73,2.8055,1.229,917568,24220236.84,6432256957.0,1997155000.0
2017-01-19,'002776,°Ø±¤Áú,26.02,26.31,25.7,26.08,26.17,-0.15,-0.5732,0.8233,614651,15978220.81,6256722468.08,1942653200.0
2017-01-18,'002776,°Ø±¤Áú,26.17,26.37,25.61,26.0,26.45,-0.28,-1.0586,1.4468,1080192,28242857.18,6292791198.68,1953852200.0
2017-01-17,'002776,°Ø±¤Áú,26.45,26.5,24.94,26.0,26.45,0.0,0.0,2.7204,2031064,52299005.07,6360119495.8,1974757000.0
2017-01-16,'002776,°Ø±¤Áú,26.45,28.03,25.38,28.03,28.2,-1.75,-6.2057,4.0973,3059035,80429258.42,6360119495.8,1974757000.0
2017-01-13,'002776,°Ø±¤Áú,28.2,28.95,28.15,28.71,28.91,-0.71,-2.4559,1.3063,975259,27723165.46,6780921352.8,2105412000.0
2017-01-12,'002776,°Ø±¤Áú,28.91,29.15,28.7,28.96,28.83,0.08,0.2775,0.9996,746321,21549124.3,6951646677.64,2158420600.0
2017-01-11,'002776,°Ø±¤Áú,28.83,29.36,28.8,29.18,29.36,-0.53,-1.8052,0.9439,704704,20421609.91,6932410021.32,2152447800.0
2017-01-10,'002776,°Ø±¤Áú,29.36,29.92,28.91,29.9,29.78,-0.42,-1.4103,1.4744,1100800,32518015.55,7059852869.44,2192017600.0
2017-01-09,'002776,°Ø±¤Áú,29.78,30.1,29.66,29.72,29.86,-0.08,-0.2679,1.858,1387157,41470812.96,7160845315.12,2223374800.0
2017-01-06,'002776,°Ø±¤Áú,29.86,30.51,29.7,30.51,30.26,-0.4,-1.3219,1.2095,903023,27157042.29,7180081971.44,2229347600.0
2017-01-05,'002776,°Ø±¤Áú,30.26,31.0,29.77,29.9,29.88,0.38,1.2718,3.3621,2510136,76692125.39,7276265253.04,2259211600.0
2017-01-04,'002776,°Ø±¤Áú,29.88,30.14,29.06,29.18,29.13,0.75,2.5747,2.6709,1994092,59444770.92,7184891135.52,2230840800.0
2017-01-03,'002776,°Ø±¤Áú,29.13,29.2,28.65,28.66,28.7,0.43,1.4983,1.598,1193091,34584720.58,7004547482.52,2174845800.0
2016-12-30,'002776,°Ø±¤Áú,28.7,28.84,28.16,28.84,28.8,-0.1,-0.3472,3.8674,2887415,82054983.64,6901150454.8,2142742000.0
2016-12-29,'002776,°Ø±¤Áú,28.8,29.38,28.41,29.08,29.1,-0.3,-1.0309,2.5061,1871090,54047961.53,6925196275.2,2150208000.0
2016-12-28,'002776,°Ø±¤Áú,29.1,29.67,28.99,29.67,29.7,-0.6,-2.0202,1.9788,1477400,43251626.0,6997333736.4,2172606000.0
2016-12-27,'002776,°Ø±¤Áú,29.7,30.0,29.15,29.58,29.6,0.1,0.3378,4.1915,3129402,92786845.76,7141608658.8,2217402000.0
2016-12-26,'002776,°Ø±¤Áú,29.6,29.73,29.03,29.73,29.69,-0.09,-0.3031,2.1142,1578498,46308931.84,7117562838.4,2209936000.0
2016-12-23,'002776,°Ø±¤Áú,29.69,30.18,29.37,29.9,29.9,-0.21,-0.7023,2.1991,1641876,48804606.18,7139204076.76,2216655400.0
2016-12-22,'002776,°Ø±¤Áú,29.9,30.06,29.2,29.97,30.06,-0.16,-0.5323,1.3572,1013305,30080540.61,7189700299.6,2232334000.0
2016-12-21,'002776,°Ø±¤Áú,30.06,30.7,29.96,30.3,30.04,0.02,0.0666,1.8332,1368698,41389434.8,7228173612.24,2244279600.0
2016-12-20,'002776,°Ø±¤Áú,30.04,30.17,29.6,30.17,30.12,-0.08,-0.2656,1.1666,870979,26082116.02,7223364448.16,2242786400.0
2016-12-19,'002776,°Ø±¤Áú,30.12,30.24,29.5,29.89,29.84,0.28,0.9383,1.2008,896505,26822747.94,7242601104.48,2248759200.0
2016-12-16,'002776,°Ø±¤Áú,29.84,30.1,29.41,29.8,29.8,0.04,0.1342,1.4174,1058258,31551336.06,7175272807.36,2227854400.0
2016-12-15,'002776,°Ø±¤Áú,29.8,30.3,29.52,29.52,29.5,0.3,1.0169,1.9615,1464425,43661970.92,7165654479.2,2224868000.0
2016-12-14,'002776,°Ø±¤Áú,29.5,30.99,29.35,30.69,31.08,-1.58,-5.0837,3.7491,2799089,83800529.12,7093517018.0,2202470000.0
2016-12-13,'002776,°Ø±¤Áú,31.08,31.4,29.28,30.4,30.64,0.44,1.436,3.1601,2359328,71194781.38,7473440980.32,2320432800.0
2016-12-12,'002776,°Ø±¤Áú,30.64,34.02,30.56,33.96,33.96,-3.32,-9.7762,4.3678,3260963,103714144.04,7367639370.56,2287582400.0
2016-12-09,'002776,°Ø±¤Áú,33.96,34.56,33.96,34.41,34.48,-0.52,-1.5081,1.2287,917342,31396406.9,8165960607.84,2535453600.0
2016-12-08,'002776,°Ø±¤Áú,34.48,34.75,34.16,34.16,34.09,0.39,1.144,2.0766,1550400,53497276.0,8290998873.92,2574276800.0
2016-12-07,'002776,°Ø±¤Áú,34.09,34.2,33.71,34.04,34.04,0.05,0.1469,1.6023,1196300,40725558.6,8197220174.36,2545159400.0
2016-12-06,'002776,°Ø±¤Áú,34.04,34.49,33.88,33.95,33.98,0.06,0.1766,0.7549,563581,19215583.9,8185197264.16,2541426400.0
2016-12-05,'002776,°Ø±¤Áú,33.98,34.4,33.45,33.97,33.94,0.04,0.1179,1.8314,1367300,46432134.0,8170769771.92,2536946800.0
2016-12-02,'002776,°Ø±¤Áú,33.94,35.08,33.7,35.08,35.1,-1.16,-3.3048,2.2006,1642978,56397226.52,8161151443.76,2533960400.0
2016-12-01,'002776,°Ø±¤Áú,35.1,35.68,34.58,35.0,35.0,0.1,0.2857,2.1779,1626007,56824392.23,8440082960.4,2620566000.0
2016-11-30,'002776,°Ø±¤Áú,35.0,35.08,34.5,34.56,34.83,0.17,0.4881,2.4932,1861416,64787463.79,8416037140.0,2613100000.0
2016-11-29,'002776,°Ø±¤Áú,34.83,35.45,34.81,35.4,35.33,-0.5,-1.4152,2.3607,1762495,61817235.24,8375159245.32,2600407800.0
2016-11-28,'002776,°Ø±¤Áú,35.33,35.95,34.97,35.6,35.62,-0.29,-0.8141,2.7414,2046720,72300842.86,8495388347.32,2637737800.0
2016-11-25,'002776,°Ø±¤Áú,35.62,36.36,35.03,36.1,36.1,-0.48,-1.3296,3.7332,2787241,98919328.32,8565121226.48,2659389200.0
2016-11-24,'002776,°Ø±¤Áú,36.1,37.1,35.9,36.24,36.01,0.09,0.2499,3.6342,2713328,98818021.44,8680541164.4,2695226000.0
2016-11-23,'002776,°Ø±¤Áú,36.01,37.26,35.76,37.05,37.11,-1.1,-2.9642,4.15,3098409,113633860.91,8658899926.04,2688506600.0
2016-11-22,'002776,°Ø±¤Áú,37.11,37.59,36.79,37.44,37.5,-0.39,-1.04,5.0572,3775684,140287745.96,8923403950.44,2770632600.0
2016-11-21,'002776,°Ø±¤Áú,37.5,37.75,34.7,35.32,35.31,2.19,6.2022,9.2853,6932412,251809541.23,9017182650.0,2799750000.0
2016-11-18,'002776,°Ø±¤Áú,35.31,36.3,35.09,35.79,35.79,-0.48,-1.3412,5.2953,3953501,140379854.75,8490579183.24,2636244600.0
2016-11-17,'002776,°Ø±¤Áú,35.79,36.15,35.25,36.01,36.4,-0.61,-1.6758,4.1135,3071157,109605532.33,7507310400.0,2672081400.0
2016-11-16,'002776,°Ø±¤Áú,36.4,36.45,34.75,35.0,35.26,1.14,3.2331,8.1828,6109282,218379556.77,7635264000.0,2717624000.0
2016-11-15,'002776,°Ø±¤Áú,35.26,35.48,33.6,33.61,33.74,1.52,4.505,7.2458,5409684,188108258.04,7396137600.0,2632511600.0
2016-11-14,'002776,°Ø±¤Áú,33.74,34.19,33.16,33.2,33.35,0.39,1.1694,2.768,2066592,69798452.33,7077302400.0,2519028400.0
2016-11-11,'002776,°Ø±¤Áú,33.35,34.42,33.1,34.1,34.01,-0.66,-1.9406,2.7384,2044519,68567004.21,6995496000.0,2489911000.0
2016-11-10,'002776,°Ø±¤Áú,34.01,34.49,33.7,33.7,33.5,0.51,1.5224,2.4655,1840740,62634271.61,7133937600.0,2539186600.0
2016-11-09,'002776,°Ø±¤Áú,33.5,34.6,33.25,34.5,34.1,-0.6,-1.7595,3.2445,2422348,82004167.78,7026960000.0,2501110000.0
2016-11-08,'002776,°Ø±¤Áú,34.1,34.2,32.89,33.02,32.86,1.24,3.7736,3.7149,2773518,92896036.63,7152816000.0,2545906000.0
2016-11-07,'002776,°Ø±¤Áú,32.86,33.25,32.62,32.7,32.81,0.05,0.1524,1.3469,1005624,33236806.38,6892713600.0,2453327600.0
2016-11-04,'002776,°Ø±¤Áú,32.81,33.49,32.75,33.25,33.25,-0.44,-1.3233,2.1528,1607285,52992972.85,6882225600.0,2449594600.0
2016-11-03,'002776,°Ø±¤Áú,33.25,33.59,32.53,33.0,32.85,0.4,1.2177,2.1308,1590882,52911764.2,6974520000.0,2482445000.0
2016-11-02,'002776,°Ø±¤Áú,32.85,33.71,32.8,33.33,33.5,-0.65,-1.9403,1.7265,1288973,42685504.02,6890616000.0,2452581000.0
2016-11-01,'002776,°Ø±¤Áú,33.5,33.86,32.9,33.0,33.01,0.49,1.4844,2.0149,1504319,50095605.89,7026960000.0,2501110000.0
2016-10-31,'002776,°Ø±¤Áú,33.01,33.5,32.13,33.2,33.63,-0.62,-1.8436,2.3587,1761038,58116403.01,6924177600.0,2464526600.0
2016-10-28,'002776,°Ø±¤Áú,33.63,34.0,33.48,34.0,33.9,-0.27,-0.7965,1.5612,1165628,39284175.08,7054228800.0,2510815800.0
2016-10-27,'002776,°Ø±¤Áú,33.9,34.59,33.8,34.17,34.17,-0.27,-0.7902,2.182,1629057,55274524.28,7110864000.0,2530974000.0
2016-10-26,'002776,°Ø±¤Áú,34.17,34.4,33.79,34.15,34.1,0.07,0.2053,2.2686,1693731,57555850.97,7167499200.0,2551132200.0
2016-10-25,'002776,°Ø±¤Áú,34.1,34.73,34.0,34.59,34.29,-0.19,-0.5541,3.2011,2389954,81904673.4,7152816000.0,2545906000.0
2016-10-24,'002776,°Ø±¤Áú,34.29,35.6,34.08,35.0,34.79,-0.5,-1.4372,4.9612,3704002,128432966.83,7192670400.0,2560091400.0
2016-10-21,'002776,°Ø±¤Áú,34.79,34.96,33.1,33.1,33.92,0.87,2.5649,5.8046,4333684,148046044.86,7297550400.0,2597421400.0
2016-10-20,'002776,°Ø±¤Áú,33.92,34.3,32.91,33.11,33.06,0.86,2.6013,6.7055,5006354,169418628.82,7115059200.0,2532467200.0
2016-10-19,'002776,°Ø±¤Áú,33.06,33.47,32.86,32.93,32.97,0.09,0.273,1.7005,1269592,42000175.89,6934665600.0,2468259600.0
2016-10-18,'002776,°Ø±¤Áú,32.97,33.1,32.61,32.93,32.93,0.04,0.1215,1.4982,1118558,36806312.7,6915787200.0,2461540200.0
2016-10-17,'002776,°Ø±¤Áú,32.93,33.5,32.62,33.08,33.07,-0.14,-0.4233,2.8345,2116230,70085126.46,6907396800.0,2458553800.0
2016-10-14,'002776,°Ø±¤Áú,33.07,33.1,32.65,32.79,32.8,0.27,0.8232,2.0507,1531026,50449097.14,6936763200.0,2469006200.0
2016-10-13,'002776,°Ø±¤Áú,32.8,32.97,32.48,32.7,32.7,0.1,0.3058,1.5728,1174286,38448593.22,6880128000.0,2448848000.0
2016-10-12,'002776,°Ø±¤Áú,32.7,33.33,32.55,32.9,32.99,-0.29,-0.8791,2.3605,1762349,57905317.14,6859152000.0,2441382000.0
2016-10-11,'002776,°Ø±¤Áú,32.99,33.09,31.42,31.54,31.54,1.45,4.5973,4.2112,3144090,102119815.16,6919982400.0,2463033400.0
2016-10-10,'002776,°Ø±¤Áú,31.54,31.65,31.12,31.19,31.2,0.34,1.0897,2.4871,1856851,58352122.31,6615830400.0,2354776400.0
2016-09-30,'002776,°Ø±¤Áú,31.2,31.4,30.82,30.9,30.9,0.3,0.9709,1.1001,821327,25489765.63,6544512000.0,2329392000.0
2016-09-29,'002776,°Ø±¤Áú,30.9,31.25,30.81,30.81,31.01,-0.11,-0.3547,0.9042,675050,20984377.9,6481584000.0,2306994000.0
2016-09-28,'002776,°Ø±¤Áú,31.01,31.4,30.83,31.29,31.27,-0.26,-0.8315,1.7321,1293189,39999924.33,6504657600.0,2315206600.0
2016-09-27,'002776,°Ø±¤Áú,31.27,31.44,30.8,31.2,31.27,0.0,0.0,1.334,995949,30994410.18,6559195200.0,2334618200.0
2016-09-26,'002776,°Ø±¤Áú,31.27,32.03,31.05,32.01,32.0,-0.73,-2.2813,2.0802,1553101,48772954.08,6559195200.0,2334618200.0
2016-09-23,'002776,°Ø±¤Áú,32.0,32.15,31.6,31.6,31.7,0.3,0.9464,2.006,1497688,47822517.97,6712320000.0,2389120000.0
2016-09-22,'002776,°Ø±¤Áú,31.7,32.22,31.67,32.0,31.65,0.05,0.158,1.8544,1384496,44229149.49,6649392000.0,2366722000.0
2016-09-21,'002776,°Ø±¤Áú,31.65,32.14,31.62,31.96,31.96,-0.31,-0.97,0.9384,700628,22349172.0,6638904000.0,2362989000.0
2016-09-20,'002776,°Ø±¤Áú,31.96,32.17,31.75,32.17,32.17,-0.21,-0.6528,0.8307,620187,19806994.55,6703929600.0,2386133600.0
2016-09-19,'002776,°Ø±¤Áú,32.17,32.39,32.01,32.01,32.0,0.17,0.5313,1.3433,1002882,32279758.07,6747979200.0,2401812200.0
2016-09-14,'002776,°Ø±¤Áú,32.0,32.0,31.19,31.5,31.69,0.31,0.9782,1.118,834704,26399965.52,6712320000.0,2389120000.0
2016-09-13,'002776,°Ø±¤Áú,31.69,32.35,31.35,31.5,31.3,0.39,1.246,1.6452,1228316,39123690.97,6647294400.0,2365975400.0
2016-09-12,'002776,°Ø±¤Áú,31.3,31.4,31.02,31.29,31.7,-0.4,-1.2618,1.5861,1184166,36952118.92,6565488000.0,2336858000.0
2016-09-09,'002776,°Ø±¤Áú,31.7,32.2,31.2,32.2,32.0,-0.3,-0.9375,1.4668,1095138,34902631.85,6649392000.0,2366722000.0
2016-09-08,'002776,°Ø±¤Áú,32.0,32.27,31.85,31.96,31.96,0.04,0.1252,1.1217,837435,26819019.5,6712320000.0,2389120000.0
2016-09-07,'002776,°Ø±¤Áú,31.96,32.33,31.93,32.05,32.22,-0.26,-0.807,1.3645,1018701,32694676.4,6703929600.0,2386133600.0
2016-09-06,'002776,°Ø±¤Áú,32.22,32.32,31.6,31.76,31.77,0.45,1.4164,1.4007,1045769,33460834.3,6758467200.0,2405545200.0
2016-09-05,'002776,°Ø±¤Áú,31.77,31.97,31.25,31.54,31.54,0.23,0.7292,0.8778,655392,20814198.58,6664075200.0,2371948200.0
2016-09-02,'002776,°Ø±¤Áú,31.54,32.0,31.02,31.8,31.97,-0.43,-1.345,2.0923,1562102,49163577.9,6615830400.0,2354776400.0
2016-09-01,'002776,°Ø±¤Áú,31.97,32.45,31.8,32.45,32.32,-0.35,-1.0829,1.3823,1032020,33081257.73,6706027200.0,2386880200.0
2016-08-31,'002776,°Ø±¤Áú,32.32,32.78,32.04,32.76,32.53,-0.21,-0.6456,1.3081,976652,31553080.1,6779443200.0,2413011200.0
2016-08-30,'002776,°Ø±¤Áú,32.53,33.14,32.33,32.54,32.38,0.15,0.4632,1.9846,1481738,48450129.64,6823492800.0,2428689800.0
2016-08-29,'002776,°Ø±¤Áú,32.38,32.66,32.27,32.5,32.5,-0.12,-0.3692,1.1293,843150,27358543.71,6792028800.0,2417490800.0
2016-08-26,'002776,°Ø±¤Áú,32.5,32.8,32.43,32.55,32.52,-0.02,-0.0615,1.8419,1375150,44902113.3,6817200000.0,2426450000.0
2016-08-25,'002776,°Ø±¤Áú,32.52,32.7,31.85,32.58,32.62,-0.1,-0.3066,2.0635,1540611,49695344.87,6821395200.0,2427943200.0
2016-08-24,'002776,°Ø±¤Áú,32.62,32.8,31.9,32.08,32.39,0.23,0.7101,2.6548,1982051,64250849.35,6842371200.0,2435409200.0
2016-08-23,'002776,°Ø±¤Áú,32.39,32.83,32.0,32.49,32.76,-0.37,-1.1294,2.198,1641003,53301845.79,6794126400.0,2418237400.0
2016-08-22,'002776,°Ø±¤Áú,32.76,33.0,31.69,32.31,32.4,0.36,1.1111,3.8464,2871737,92664826.97,6871737600.0,2445861600.0
2016-08-19,'002776,°Ø±¤Áú,32.4,32.99,32.3,32.7,33.01,-0.61,-1.8479,5.1716,3861089,126117975.44,6796224000.0,2418984000.0
2016-08-18,'002776,°Ø±¤Áú,33.01,33.46,31.8,32.8,34.6,-1.59,-4.5954,13.452,10043269,329682452.82,6924177600.0,2464526600.0
2016-08-17,'002776,°Ø±¤Áú,34.6,34.63,33.0,33.0,32.93,1.67,5.0714,9.7676,7292471,247434823.52,7257696000.0,2583236000.0
2016-08-16,'002776,°Ø±¤Áú,32.93,33.18,32.52,32.55,32.55,0.38,1.1674,3.1506,2352210,77449241.99,6907396800.0,2458553800.0
2016-08-15,'002776,°Ø±¤Áú,32.55,32.73,31.52,31.54,31.63,0.92,2.9086,3.153,2353999,75903333.14,6827688000.0,2430183000.0
2016-08-12,'002776,°Ø±¤Áú,31.63,31.79,31.0,31.15,31.15,0.48,1.5409,2.2633,1689810,53244943.25,6634708800.0,2361495800.0
2016-08-11,'002776,°Ø±¤Áú,31.15,32.0,31.1,31.93,31.9,-0.75,-2.3511,1.8999,1418476,44544647.5,6534024000.0,2325659000.0
2016-08-10,'002776,°Ø±¤Áú,31.9,32.33,31.45,31.45,31.72,0.18,0.5675,2.4703,1844302,59059374.08,6691344000.0,2381654000.0
2016-08-09,'002776,°Ø±¤Áú,31.72,31.88,31.2,31.36,31.43,0.29,0.9227,2.0982,1566528,49455331.44,6653587200.0,2368215200.0
2016-08-08,'002776,°Ø±¤Áú,31.43,31.44,29.5,30.35,30.37,1.06,3.4903,3.3844,2526823,77904647.73,6592756800.0,2346563800.0
2016-08-05,'002776,°Ø±¤Áú,30.37,30.7,30.32,30.7,30.64,-0.27,-0.8812,1.4911,1113269,33902056.91,6370411200.0,2267424200.0
2016-08-04,'002776,°Ø±¤Áú,30.64,30.76,30.26,30.56,30.56,0.08,0.2618,1.5343,1145489,34949838.25,6427046400.0,2287582400.0
2016-08-03,'002776,°Ø±¤Áú,30.56,30.64,30.05,30.27,30.32,0.24,0.7916,2.1245,1586126,48136927.57,6410265600.0,2281609600.0
2016-08-02,'002776,°Ø±¤Áú,30.32,30.44,29.9,29.94,29.93,0.39,1.303,1.809,1350588,40757330.54,6359923200.0,2263691200.0
2016-08-01,'002776,°Ø±¤Áú,29.93,30.94,28.95,30.9,30.97,-1.04,-3.3581,3.4638,2586068,77253547.98,6278116800.0,2234573800.0
2016-07-29,'002776,°Ø±¤Áú,30.97,31.49,30.72,31.11,31.01,-0.04,-0.129,1.9917,1487000,46109905.68,6496267200.0,2312220200.0
2016-07-28,'002776,°Ø±¤Áú,31.01,31.86,30.11,31.33,31.48,-0.47,-1.493,5.0614,3778852,117312415.56,6504657600.0,2315206600.0
2016-07-27,'002776,°Ø±¤Áú,31.48,34.28,30.88,34.2,34.05,-2.57,-7.5477,6.4468,4813215,156889235.02,6603244800.0,2350296800.0
2016-07-26,'002776,°Ø±¤Áú,34.05,34.7,33.75,34.48,34.39,-0.34,-0.9887,4.8075,3589273,122529911.93,7142328000.0,2542173000.0
2016-07-25,'002776,°Ø±¤Áú,34.39,34.99,34.08,34.19,34.26,0.13,0.3795,2.4532,1831567,63326347.92,7213646400.0,2567557400.0
2016-07-22,'002776,°Ø±¤Áú,34.26,35.23,34.02,34.45,34.7,-0.44,-1.268,3.0858,2303862,79528906.12,7186377600.0,2557851600.0
2016-07-21,'002776,°Ø±¤Áú,34.7,35.77,34.65,35.1,35.31,-0.61,-1.7276,3.689,2754195,96443708.64,7278672000.0,2590702000.0
2016-07-20,'002776,°Ø±¤Áú,35.31,35.9,34.65,34.65,34.6,0.71,2.052,5.7204,4270849,151247131.63,7406625600.0,2636244600.0
2016-07-19,'002776,°Ø±¤Áú,34.6,34.98,33.45,33.45,33.69,0.91,2.7011,5.6687,4232241,146144254.01,7257696000.0,2583236000.0
2016-07-18,'002776,°Ø±¤Áú,33.69,34.15,33.56,34.0,34.1,-0.41,-1.2023,3.2974,2461808,83240836.88,7066814400.0,2515295400.0
2016-07-15,'002776,°Ø±¤Áú,34.1,34.99,33.9,34.69,34.7,-0.6,-1.7291,3.6611,2733399,94005165.93,7152816000.0,2545906000.0
2016-07-14,'002776,°Ø±¤Áú,34.7,35.49,33.75,34.1,34.1,0.6,1.7595,5.7648,4304019,149863297.14,7278672000.0,2590702000.0
2016-07-13,'002776,°Ø±¤Áú,34.1,34.52,33.0,34.12,34.2,-0.1,-0.2924,5.1171,3820412,129230427.89,7152816000.0,2545906000.0
2016-07-12,'002776,°Ø±¤Áú,34.2,34.98,33.03,34.47,35.44,-1.24,-3.4989,8.6535,6460722,218463472.35,7173792000.0,2553372000.0
2016-07-11,'002776,°Ø±¤Áú,35.44,36.8,35.41,36.6,36.67,-1.23,-3.3542,5.3556,3998481,143194009.41,7433894400.0,2645950400.0
2016-07-08,'002776,°Ø±¤Áú,36.67,37.0,36.14,36.4,36.4,0.27,0.7418,3.7457,2796545,102056092.22,7691899200.0,2737782200.0
2016-07-07,'002776,°Ø±¤Áú,36.4,37.7,36.26,37.55,37.37,-0.97,-2.5957,6.501,4853644,178540947.98,7635264000.0,2717624000.0
2016-07-06,'002776,°Ø±¤Áú,37.37,37.55,35.47,35.68,35.84,1.53,4.269,9.6625,7214005,265933331.86,7838731200.0,2790044200.0
2016-07-05,'002776,°Ø±¤Áú,35.84,36.13,34.76,35.5,35.6,0.24,0.6742,6.9351,5177720,183560674.71,7517798400.0,2675814400.0
2016-07-04,'002776,°Ø±¤Áú,35.6,35.69,34.5,35.15,35.13,0.47,1.3379,5.4478,4067304,142881402.87,7467456000.0,2657896000.0
2016-07-01,'002776,°Ø±¤Áú,35.13,35.66,34.5,35.26,35.56,-0.43,-1.2092,5.9675,4455335,155415167.2,7368868800.0,2622805800.0
2016-06-30,'002776,°Ø±¤Áú,35.56,36.98,35.2,35.23,35.36,0.2,0.5656,9.2774,6926492,249933360.18,7459065600.0,2654909600.0
2016-06-29,'002776,°Ø±¤Áú,35.36,36.1,35.0,36.01,35.97,-0.61,-1.6959,8.692,6489423,229286960.08,7417113600.0,2639977600.0
2016-06-28,'002776,°Ø±¤Áú,35.97,36.28,33.55,33.99,33.75,2.22,6.5778,13.1457,9814557,348048787.39,7545067200.0,2685520200.0
2016-06-27,'002776,°Ø±¤Áú,33.75,34.68,31.81,31.85,32.13,1.62,5.042,8.2754,6178442,206227896.17,7079400000.0,2519775000.0
2016-06-24,'002776,°Ø±¤Áú,32.13,33.54,31.01,33.09,33.5,-1.37,-4.0896,12.4741,6541416,212733273.01,6739588800.0,1684897200.0
2016-06-23,'002776,°Ø±¤Áú,33.5,34.36,32.54,34.01,34.89,-1.39,-3.9839,17.7643,9315594,311210946.76,7026960000.0,1756740000.0
2016-06-22,'002776,°Ø±¤Áú,34.89,34.98,31.72,32.05,32.15,2.74,8.5226,21.2361,11136214,378209959.69,7318526400.0,1829631600.0
2016-06-21,'002776,°Ø±¤Áú,32.15,32.5,30.98,30.98,30.89,1.26,4.079,13.7805,7226479,231561152.05,6743784000.0,1685946000.0
2016-06-20,'002776,°Ø±¤Áú,30.89,31.2,30.1,30.98,30.7,0.19,0.6189,4.5104,2365247,72614864.3,6479486400.0,1619871600.0
2016-06-17,'002776,°Ø±¤Áú,30.7,31.29,30.4,30.5,30.69,0.01,0.0326,4.2308,2218614,68510015.73,6439632000.0,1609908000.0
2016-06-16,'002776,°Ø±¤Áú,30.69,31.49,30.22,31.0,31.2,-0.51,-1.6346,6.3915,3351681,103373357.89,6437534400.0,1609383600.0
2016-06-15,'002776,°Ø±¤Áú,31.2,31.5,29.05,29.05,29.5,1.7,5.7627,6.8161,3574348,109262979.56,6544512000.0,1636128000.0
2016-06-14,'002776,°Ø±¤Áú,29.5,30.08,29.14,29.28,29.26,0.24,0.8202,3.5593,1866495,55136940.12,6187920000.0,1546980000.0
2016-06-13,'002776,°Ø±¤Áú,29.26,31.17,29.0,30.7,31.65,-2.39,-7.5513,6.8663,3600665,109305261.46,6137577600.0,1534394400.0
2016-06-08,'002776,°Ø±¤Áú,31.65,32.39,31.49,32.36,32.34,-0.69,-2.1336,5.7275,3003514,95686490.19,6638904000.0,1659726000.0
2016-06-07,'002776,°Ø±¤Áú,32.34,32.34,30.72,31.46,31.52,0.82,2.6015,7.955,4171595,130939336.65,6783638400.0,1695909600.0
2016-06-06,'002776,°Ø±¤Áú,31.52,32.69,31.36,32.68,32.4,-0.88,-2.716,7.3706,3865149,123099516.46,6611635200.0,1652908800.0
2016-06-03,'002776,°Ø±¤Áú,32.4,32.99,32.21,32.21,32.41,-0.01,-0.0309,8.2309,4316294,140817383.56,6796224000.0,1699056000.0
2016-06-02,'002776,°Ø±¤Áú,32.41,32.47,31.62,31.85,31.8,0.61,1.9182,6.4963,3406641,109633510.41,6798321600.0,1699580400.0
2016-06-01,'002776,°Ø±¤Áú,31.8,32.68,31.52,31.79,31.76,0.04,0.1259,9.2167,4833253,155330683.05,6670368000.0,1667592000.0
2016-05-31,'002776,°Ø±¤Áú,31.76,31.8,30.1,30.1,30.16,1.6,5.305,8.7476,4587224,143025667.03,6661977600.0,1665494400.0
2016-05-30,'002776,°Ø±¤Áú,30.16,30.99,29.8,30.64,30.72,-0.56,-1.8229,3.9282,2059959,62554221.56,6326361600.0,1581590400.0
2016-05-27,'002776,°Ø±¤Áú,30.72,31.2,30.24,30.6,30.69,0.03,0.0978,6.4088,3360776,103404042.28,6443827200.0,1610956800.0
2016-05-26,'002776,°Ø±¤Áú,30.69,31.0,29.84,30.98,31.16,-0.47,-1.5083,7.5466,3957423,120186154.5,6437534400.0,1609383600.0
2016-05-25,'002776,°Ø±¤Áú,31.16,32.0,29.58,29.86,29.58,1.58,5.3414,8.9508,4693812,143270289.7,6536121600.0,1634030400.0
2016-05-24,'002776,°Ø±¤Áú,29.58,29.76,28.6,29.41,29.39,0.19,0.6465,4.1809,2192440,64000502.05,6204700800.0,1551175200.0
2016-05-23,'002776,°Ø±¤Áú,29.39,29.9,29.11,29.3,29.11,0.28,0.9619,4.0905,2145063,63262271.43,6164846400.0,1541211600.0
2016-05-20,'002776,°Ø±¤Áú,29.11,29.11,28.04,28.11,28.4,0.71,2.5,4.0565,2127205,61113555.54,6106113600.0,1526528400.0
2016-05-19,'002776,°Ø±¤Áú,28.4,29.22,28.35,28.35,28.3,0.1,0.3534,3.8199,2003142,57675445.74,5957184000.0,1489296000.0
2016-05-18,'002776,°Ø±¤Áú,28.3,29.99,28.06,29.99,30.3,-2.0,-6.6007,5.3535,2807392,80939890.07,5936208000.0,1484052000.0
2016-05-17,'002776,°Ø±¤Áú,30.3,30.92,30.3,30.6,30.6,-0.3,-0.9804,5.3037,2781255,84855638.68,6355728000.0,1588932000.0
2016-05-16,'002776,°Ø±¤Áú,30.6,30.6,28.42,28.8,28.6,2.0,6.993,6.3999,3356097,99831695.89,6418656000.0,1604664000.0
2016-05-13,'002776,°Ø±¤Áú,28.6,29.44,28.48,28.9,29.04,-0.44,-1.5152,3.1312,1641990,47507624.16,5999136000.0,1499784000.0
2016-05-12,'002776,°Ø±¤Áú,29.04,29.33,28.04,29.33,29.75,-0.71,-2.3866,4.4073,2311201,66106019.17,6091430400.0,1522857600.0
2016-05-11,'002776,°Ø±¤Áú,29.75,30.23,29.58,30.02,29.76,-0.01,-0.0336,4.154,2178350,65364950.51,6240360000.0,1560090000.0
2016-05-10,'002776,°Ø±¤Áú,29.76,30.48,29.39,30.0,30.0,-0.24,-0.8,3.9412,2066785,61851469.42,6242457600.0,1560614400.0
2016-05-09,'002776,°Ø±¤Áú,30.0,32.62,29.8,32.11,33.0,-3.0,-9.0909,7.9608,4174622,128347038.63,6292800000.0,1573200000.0
2016-05-06,'002776,°Ø±¤Áú,33.0,34.98,33.0,34.69,34.69,-1.69,-4.8717,10.3072,5405074,182167617.11,6922080000.0,1730520000.0
2016-05-05,'002776,°Ø±¤Áú,34.69,34.79,33.52,33.7,33.93,0.76,2.2399,9.3776,4917600,168590868.64,7276574400.0,1819143600.0
2016-05-04,'002776,°Ø±¤Áú,33.93,33.98,32.9,33.29,33.36,0.57,1.7086,8.4388,4425297,147676255.12,7117156800.0,1779289200.0
2016-05-03,'002776,°Ø±¤Áú,33.36,33.5,32.22,32.28,32.5,0.86,2.6462,7.6558,4014712,132497698.48,6997593600.0,1749398400.0
2016-04-29,'002776,°Ø±¤Áú,32.5,32.98,32.05,32.7,32.93,-0.43,-1.3058,4.7115,2470695,80722946.36,6817200000.0,1704300000.0
2016-04-28,'002776,°Ø±¤Áú,32.93,33.94,32.0,33.8,33.77,-0.84,-2.4874,6.513,3415407,112067304.7,6907396800.0,1726849200.0
2016-04-27,'002776,°Ø±¤Áú,33.77,34.51,33.56,34.0,34.0,-0.23,-0.6765,5.9065,3097378,105492911.69,7083595200.0,1770898800.0
2016-04-26,'002776,°Ø±¤Áú,34.0,34.52,33.28,33.3,33.46,0.54,1.6139,7.189,3769937,128220591.16,7131840000.0,1782960000.0
2016-04-25,'002776,°Ø±¤Áú,33.46,34.45,33.0,34.1,34.8,-1.34,-3.8506,7.1176,3732453,125355550.43,7018569600.0,1754642400.0
2016-04-22,'002776,°Ø±¤Áú,34.8,34.82,32.3,32.6,33.31,1.49,4.4731,9.0177,4728894,161606263.21,7299648000.0,1824912000.0
2016-04-21,'002776,°Ø±¤Áú,33.31,34.55,33.26,33.29,33.26,0.05,0.1503,7.7339,4055664,137391637.39,6987105600.0,1746776400.0
2016-04-20,'002776,°Ø±¤Áú,33.26,36.78,33.0,36.73,36.55,-3.29,-9.0014,10.8493,5689382,196260122.53,6976617600.0,1744154400.0
2016-04-19,'002776,°Ø±¤Áú,36.55,37.16,36.2,37.0,36.45,0.1,0.2743,6.1596,3230089,118261547.54,7666728000.0,1916682000.0
2016-04-18,'002776,°Ø±¤Áú,36.45,37.79,36.0,37.79,37.8,-1.35,-3.5714,7.9652,4176947,152868773.51,7645752000.0,1911438000.0
2016-04-15,'002776,°Ø±¤Áú,37.8,38.45,37.59,38.42,38.63,-0.83,-2.1486,7.4277,3895064,147671061.72,7928928000.0,1982232000.0
2016-04-14,'002776,°Ø±¤Áú,38.63,38.78,37.46,38.11,38.05,0.58,1.5243,11.3507,5952330,227597906.25,8103028800.0,2025757200.0
2016-04-13,'002776,°Ø±¤Áú,38.05,38.5,37.29,37.89,37.88,0.17,0.4488,13.2602,6953661,263815423.97,7981368000.0,1995342000.0
2016-04-12,'002776,°Ø±¤Áú,37.88,40.5,37.47,40.25,40.97,-3.09,-7.5421,17.5624,9209732,355724554.17,7945708800.0,1986427200.0
2016-04-11,'002776,°Ø±¤Áú,40.97,41.66,39.04,40.0,41.21,-0.24,-0.5824,18.876,9898561,401371239.99,8593867200.0,2148466800.0
2016-04-08,'002776,°Ø±¤Áú,41.21,44.6,39.51,40.01,40.8,0.41,1.0049,25.9553,13610979,570475263.83,8644209600.0,2161052400.0
2016-04-07,'002776,°Ø±¤Áú,40.8,41.38,38.3,39.4,40.07,0.73,1.8218,20.9924,11008437,437475617.74,8558208000.0,2139552000.0
2016-04-06,'002776,°Ø±¤Áú,40.07,41.48,37.8,38.6,39.1,0.97,2.4808,19.7706,10367719,411191644.38,8405083200.0,2101270800.0
2016-04-05,'002776,°Ø±¤Áú,39.1,39.49,37.13,38.6,38.4,0.7,1.8229,18.756,9835668,382151057.94,8201616000.0,2050404000.0
2016-04-01,'002776,°Ø±¤Áú,38.4,40.88,37.4,40.0,41.55,-3.15,-7.5812,32.0815,16823550,655420287.63,8054784000.0,2013696000.0
2016-03-31,'002776,°Ø±¤Áú,41.55,41.55,39.0,40.0,37.77,3.78,10.0079,39.0016,20452452,836647126.34,8715528000.0,2178882000.0
2016-03-30,'002776,°Ø±¤Áú,75.72,75.72,68.94,68.94,68.84,6.88,9.9942,14.8145,3884358,284427163.7,7941513600.0,1985378400.0
2016-03-29,'002776,°Ø±¤Áú,68.84,71.18,65.8,70.4,69.15,-0.31,-0.4483,11.3014,2963217,202322260.0,7219939200.0,1804984800.0
2016-03-28,'002776,°Ø±¤Áú,69.15,71.36,67.1,67.1,66.27,2.88,4.3459,10.5421,2764138,191150588.07,7252452000.0,1813113000.0
2016-03-25,'002776,°Ø±¤Áú,66.27,72.99,64.95,72.9,71.71,-5.44,-7.5861,15.1727,3978285,272344175.66,6950397600.0,1737599400.0
2016-03-24,'002776,°Ø±¤Áú,71.71,74.9,68.63,69.0,71.63,0.08,0.1117,11.4272,2996212,214059019.36,7520944800.0,1880236200.0
2016-03-23,'002776,°Ø±¤Áú,71.63,71.8,67.0,68.88,69.25,2.38,3.4368,10.3398,2711095,188208016.25,7512554400.0,1878138600.0
2016-03-22,'002776,°Ø±¤Áú,69.25,70.47,65.01,66.0,66.61,2.64,3.9634,10.0352,2631234,179317223.56,7262940000.0,1815735000.0
2016-03-21,'002776,°Ø±¤Áú,66.61,69.2,63.21,63.3,63.2,3.41,5.3956,11.2292,2944307,193740532.04,6986056800.0,1746514200.0
2016-03-18,'002776,°Ø±¤Áú,63.2,64.28,60.58,60.58,60.03,3.17,5.2807,8.6267,2261930,141905985.33,6628416000.0,1657104000.0
2016-03-17,'002776,°Ø±¤Áú,60.03,60.88,56.25,56.6,56.25,3.78,6.72,7.9434,2082766,122896088.49,6295946400.0,1573986600.0
2016-03-16,'002776,°Ø±¤Áú,56.25,57.85,55.8,57.19,56.35,-0.1,-0.1775,5.1742,1356677,77060391.56,5899500000.0,1474875000.0
2016-03-15,'002776,°Ø±¤Áú,56.35,57.88,55.89,57.85,57.99,-1.64,-2.8281,5.4554,1430411,81104279.26,5909988000.0,1477497000.0
2016-03-14,'002776,°Ø±¤Áú,57.99,59.04,54.42,54.84,53.99,4.0,7.4088,9.1636,2402696,137941626.81,6081991200.0,1520497800.0
2016-03-11,'002776,°Ø±¤Áú,53.99,54.7,53.01,53.28,54.06,-0.07,-0.1295,3.1342,821788,44304772.65,5662471200.0,1415617800.0
2016-03-10,'002776,°Ø±¤Áú,54.06,55.9,53.51,53.98,54.55,-0.49,-0.8983,4.4195,1158782,63387682.2,5669812800.0,1417453200.0
2016-03-09,'002776,°Ø±¤Áú,54.55,56.49,52.28,53.0,54.8,-0.25,-0.4562,5.2877,1386425,75706089.08,5721204000.0,1430301000.0
2016-03-08,'002776,°Ø±¤Áú,54.8,55.08,50.6,53.0,53.84,0.96,1.7831,6.1804,1620505,85762090.42,5747424000.0,1436856000.0
2016-03-07,'002776,°Ø±¤Áú,53.84,55.55,53.01,53.63,52.4,1.44,2.7481,5.8159,1524918,82568013.49,5646739200.0,1411684800.0
2016-03-04,'002776,°Ø±¤Áú,52.4,58.25,51.64,56.55,57.38,-4.98,-8.679,7.3041,1915140,103882392.07,5495712000.0,1373928000.0
2016-03-03,'002776,°Ø±¤Áú,57.38,59.96,57.27,58.9,59.3,-1.92,-3.2378,7.351,1927443,113129588.01,6018014400.0,1504503600.0
2016-03-02,'002776,°Ø±¤Áú,59.3,59.38,53.5,54.01,54.5,4.8,8.8073,9.2516,2425776,138552285.85,6219384000.0,1554846000.0
2016-03-01,'002776,°Ø±¤Áú,54.5,56.21,50.1,51.12,51.1,3.4,6.6536,7.6614,2008815,106403569.8,5715960000.0,1428990000.0
2016-02-29,'002776,°Ø±¤Áú,51.1,56.97,51.0,56.56,56.51,-5.41,-9.5735,6.7627,1773167,92758538.49,5359368000.0,1339842000.0
2016-02-26,'002776,°Ø±¤Áú,56.51,60.38,55.8,59.52,59.52,-3.01,-5.0571,6.6774,1750803,100850778.0,5926768800.0,1481692200.0
2016-02-25,'002776,°Ø±¤Áú,59.52,65.74,59.52,65.0,66.13,-6.61,-9.9955,8.8303,2315294,141246758.81,6242457600.0,1560614400.0
2016-02-24,'002776,°Ø±¤Áú,66.13,69.5,64.0,67.7,67.73,-1.6,-2.3623,8.7544,2295402,152522313.1,6935714400.0,1733928600.0
2016-02-23,'002776,°Ø±¤Áú,67.73,68.53,64.51,64.8,65.38,2.35,3.5944,10.359,2716119,182845030.19,7103522400.0,1775880600.0
2016-02-22,'002776,°Ø±¤Áú,65.38,65.6,64.46,65.6,64.43,0.95,1.4745,5.7438,1506026,97961886.69,6857054400.0,1714263600.0
2016-02-19,'002776,°Ø±¤Áú,64.43,65.58,63.9,65.41,65.6,-1.17,-1.7835,5.9081,1549098,99965883.2,6757418400.0,1689354600.0
2016-02-18,'002776,°Ø±¤Áú,65.6,67.0,63.13,64.22,63.56,2.04,3.2096,9.8726,2588603,168340827.1,6880128000.0,1720032000.0
2016-02-17,'002776,°Ø±¤Áú,63.56,64.07,61.7,64.0,63.54,0.02,0.0315,7.7451,2030757,127784622.5,6666172800.0,1666543200.0
2016-02-16,'002776,°Ø±¤Áú,63.54,65.0,61.5,61.96,61.86,1.68,2.7158,8.5805,2249803,141849847.34,6664075200.0,1666018800.0
2016-02-15,'002776,°Ø±¤Áú,61.86,62.5,58.0,58.4,60.38,1.48,2.4511,6.4281,1685437,102314534.23,6487876800.0,1621969200.0
2016-02-05,'002776,°Ø±¤Áú,60.38,62.5,58.0,58.58,57.45,2.93,5.1001,8.2279,2157356,131072440.9,6332654400.0,1583163600.0
2016-02-04,'002776,°Ø±¤Áú,57.45,58.58,53.0,53.84,54.0,3.45,6.3889,11.2016,2937060,165339761.71,6025356000.0,1506339000.0
2016-02-03,'002776,°Ø±¤Áú,54.0,56.9,51.5,52.51,56.96,-2.96,-5.1966,12.7709,3348529,177747153.56,5663520000.0,1415880000.0
2016-02-02,'002776,°Ø±¤Áú,0.0,0.0,0.0,0.0,56.96,None,None,0.0,0,0.0,5973964800.0,1493491200.0
2016-02-01,'002776,°Ø±¤Áú,0.0,0.0,0.0,0.0,56.96,None,None,0.0,0,0.0,5973964800.0,1493491200.0
2016-01-29,'002776,°Ø±¤Áú,0.0,0.0,0.0,0.0,56.96,None,None,0.0,0,0.0,5973964800.0,1493491200.0
2016-01-28,'002776,°Ø±¤Áú,0.0,0.0,0.0,0.0,56.96,None,None,0.0,0,0.0,5973964800.0,1493491200.0
2016-01-27,'002776,°Ø±¤Áú,0.0,0.0,0.0,0.0,56.96,None,None,0.0,0,0.0,5973964800.0,1493491200.0
2016-01-26,'002776,°Ø±¤Áú,0.0,0.0,0.0,0.0,56.96,None,None,0.0,0,0.0,5973964800.0,1493491200.0
2016-01-25,'002776,°Ø±¤Áú,0.0,0.0,0.0,0.0,56.96,None,None,0.0,0,0.0,5973964800.0,1493491200.0
2016-01-22,'002776,°Ø±¤Áú,0.0,0.0,0.0,0.0,56.96,None,None,0.0,0,0.0,5973964800.0,1493491200.0
2016-01-21,'002776,°Ø±¤Áú,0.0,0.0,0.0,0.0,56.96,None,None,0.0,0,0.0,5973964800.0,1493491200.0
2016-01-20,'002776,°Ø±¤Áú,0.0,0.0,0.0,0.0,56.96,None,None,0.0,0,0.0,5973964800.0,1493491200.0
2016-01-19,'002776,°Ø±¤Áú,0.0,0.0,0.0,0.0,56.96,None,None,0.0,0,0.0,5973964800.0,1493491200.0
2016-01-18,'002776,°Ø±¤Áú,0.0,0.0,0.0,0.0,56.96,None,None,0.0,0,0.0,5973964800.0,1493491200.0
2016-01-15,'002776,°Ø±¤Áú,56.96,62.9,56.96,62.01,63.29,-6.33,-10.0016,8.7061,2282728,135946554.71,5973964800.0,1493491200.0
2016-01-14,'002776,°Ø±¤Áú,63.29,64.7,56.64,60.0,62.93,0.36,0.5721,11.0498,2897252,173163957.26,6637855200.0,1659463800.0
2016-01-13,'002776,°Ø±¤Áú,62.93,67.87,61.73,66.07,65.6,-2.67,-4.0701,11.1323,2918901,191999349.59,6600098400.0,1650024600.0
2016-01-12,'002776,°Ø±¤Áú,65.6,66.88,63.2,66.0,63.96,1.64,2.5641,7.4155,1944333,126983646.87,6880128000.0,1720032000.0
2016-01-11,'002776,°Ø±¤Áú,63.96,68.46,62.0,64.72,67.74,-3.78,-5.5802,9.3788,2459110,162153309.28,6708124800.0,1677031200.0
2016-01-08,'002776,°Ø±¤Áú,67.74,71.1,63.01,67.8,66.17,1.57,2.3727,11.0789,2904886,196265138.09,7104571200.0,1776142800.0
2016-01-07,'002776,°Ø±¤Áú,66.17,71.64,66.15,71.64,73.5,-7.33,-9.9728,1.7086,448000,31104433.0,6939909600.0,1734977400.0
2016-01-06,'002776,°Ø±¤Áú,73.5,73.58,67.81,70.0,69.45,4.05,5.8315,8.5568,2243586,159460486.86,7708680000.0,1927170000.0
2016-01-05,'002776,°Ø±¤Áú,69.45,69.78,63.11,65.3,69.12,0.33,0.4774,11.0579,2899372,193997166.23,7283916000.0,1820979000.0
2016-01-04,'002776,°Ø±¤Áú,69.12,77.65,69.12,76.0,76.8,-7.68,-10.0,8.0481,2110217,150577762.09,7249305600.0,1812326400.0
2015-12-31,'002776,°Ø±¤Áú,76.8,81.49,76.51,80.42,79.7,-2.9,-3.6386,6.4197,1683255,132530745.55,8054784000.0,2013696000.0
2015-12-30,'002776,°Ø±¤Áú,79.7,81.5,79.08,81.43,81.35,-1.65,-2.0283,5.5406,1452733,116254418.91,8358936000.0,2089734000.0
2015-12-29,'002776,°Ø±¤Áú,81.35,81.58,77.68,79.32,79.9,1.45,1.8148,5.6775,1488635,118506031.87,8531988000.0,2132997000.0
2015-12-28,'002776,°Ø±¤Áú,79.9,82.3,78.88,79.3,79.37,0.53,0.6678,10.3861,2723224,219195617.3,8379912000.0,2094978000.0
2015-12-25,'002776,°Ø±¤Áú,79.37,83.28,78.6,79.98,80.8,-1.43,-1.7698,9.9755,2615565,210526737.4,8324325600.0,2081081400.0
2015-12-24,'002776,°Ø±¤Áú,80.8,85.75,80.19,82.6,82.99,-2.19,-2.6389,15.5442,4075692,336917355.41,8474304000.0,2118576000.0
2015-12-23,'002776,°Ø±¤Áú,82.99,85.43,79.15,80.0,77.66,5.33,6.8633,21.7482,5702378,469369443.62,8703991200.0,2175997800.0
2015-12-22,'002776,°Ø±¤Áú,77.66,77.66,70.1,70.79,70.6,7.06,10.0,15.0697,3951276,295527484.91,8144980800.0,2036245200.0
2015-12-21,'002776,°Ø±¤Áú,70.6,70.96,68.1,68.38,68.68,1.92,2.7956,9.9764,2615804,182334634.91,7404528000.0,1851132000.0
2015-12-18,'002776,°Ø±¤Áú,68.68,69.9,67.25,69.9,70.29,-1.61,-2.2905,10.2423,2685519,184293771.46,7203158400.0,1800789600.0
2015-12-17,'002776,°Ø±¤Áú,70.29,70.68,67.99,67.99,68.0,2.29,3.3676,13.4419,3524461,242482463.43,7372015200.0,1843003800.0
2015-12-16,'002776,°Ø±¤Áú,68.0,68.65,65.25,65.25,65.09,2.91,4.4707,11.3665,2980286,200793843.72,7131840000.0,1782960000.0
2015-12-15,'002776,°Ø±¤Áú,65.09,66.62,64.7,64.72,64.7,0.39,0.6028,5.5107,1444909,94763977.57,6826639200.0,1706659800.0
2015-12-14,'002776,°Ø±¤Áú,64.7,64.83,61.05,61.06,62.77,1.93,3.0747,3.9597,1038238,65960921.82,6785736000.0,1696434000.0
2015-12-11,'002776,°Ø±¤Áú,62.77,64.48,62.0,64.0,64.5,-1.73,-2.6822,5.6487,1481085,93444850.87,6583317600.0,1645829400.0
2015-12-10,'002776,°Ø±¤Áú,64.5,66.81,64.2,66.72,66.98,-2.48,-3.7026,7.6902,2016367,131780450.16,6764760000.0,1691190000.0
2015-12-09,'002776,°Ø±¤Áú,66.98,69.48,65.45,66.0,66.88,0.1,0.1495,10.51,2755715,185712315.0,7024862400.0,1756215600.0
2015-12-08,'002776,°Ø±¤Áú,66.88,68.78,64.58,65.0,65.91,0.97,1.4717,11.3929,2987228,200028647.32,7014374400.0,1753593600.0
2015-12-07,'002776,°Ø±¤Áú,65.91,67.53,64.0,65.0,65.89,0.02,0.0304,7.5495,1979472,129737556.61,6912640800.0,1728160200.0
2015-12-04,'002776,°Ø±¤Áú,65.89,68.49,64.6,66.7,66.69,-0.8,-1.1996,9.5188,2495839,166672904.06,6910543200.0,1727635800.0
2015-12-03,'002776,°Ø±¤Áú,66.69,67.34,63.51,64.0,63.7,2.99,4.6939,9.7729,2562465,167738965.87,6994447200.0,1748611800.0
2015-12-02,'002776,°Ø±¤Áú,63.7,65.97,60.26,65.3,66.9,-3.2,-4.7833,13.0813,3429910,216813823.49,6680856000.0,1670214000.0
2015-12-01,'002776,°Ø±¤Áú,66.9,74.73,65.53,72.8,72.81,-5.91,-8.117,22.5967,5924849,416170896.23,7016472000.0,1754118000.0
2015-11-30,'002776,°Ø±¤Áú,72.81,75.3,65.0,67.28,68.53,4.28,6.2454,20.3506,5335928,368799959.23,7636312800.0,1909078200.0
2015-11-27,'002776,°Ø±¤Áú,68.53,72.0,66.7,69.41,69.58,-1.05,-1.5091,15.0811,3954262,275048836.59,7187426400.0,1796856600.0
2015-11-26,'002776,°Ø±¤Áú,69.58,73.8,68.3,70.25,70.2,-0.62,-0.8832,9.8098,2572128,182459556.18,7297550400.0,1824387600.0
2015-11-25,'002776,°Ø±¤Áú,70.2,72.95,68.18,69.85,69.85,0.35,0.5011,13.421,3518983,249860207.59,7362576000.0,1840644000.0
2015-11-24,'002776,°Ø±¤Áú,69.85,69.85,63.16,63.44,63.5,6.35,10.0,13.0247,3415075,229407953.72,7325868000.0,1831467000.0
2015-11-23,'002776,°Ø±¤Áú,63.5,67.5,63.0,67.3,68.08,-4.58,-6.7274,10.1004,2648319,172825893.33,6659880000.0,1664970000.0
2015-11-20,'002776,°Ø±¤Áú,68.08,70.53,64.01,64.8,65.11,2.97,4.5615,15.8011,4143041,281505035.03,7140230400.0,1785057600.0
2015-11-19,'002776,°Ø±¤Áú,65.11,65.11,59.22,59.62,59.19,5.92,10.0017,11.9925,3144422,195641423.26,6828736800.0,1707184200.0
2015-11-18,'002776,°Ø±¤Áú,59.19,62.6,59.02,62.49,62.56,-3.37,-5.3868,10.7458,2817541,169835918.73,6207847200.0,1551961800.0
2015-11-17,'002776,°Ø±¤Áú,62.56,66.58,60.03,65.55,64.61,-2.05,-3.1729,15.1439,3970720,252618828.59,6561292800.0,1640323200.0
2015-11-16,'002776,°Ø±¤Áú,64.61,66.27,62.0,62.3,65.53,-0.92,-1.4039,11.0562,2898923,186897159.79,6776296800.0,1694074200.0
2015-11-13,'002776,°Ø±¤Áú,65.53,71.5,65.53,70.65,72.81,-7.28,-9.9986,20.2608,5312381,355851901.45,6872786400.0,1718196600.0
2015-11-12,'002776,°Ø±¤Áú,72.81,75.8,67.55,70.0,71.18,1.63,2.29,18.9793,4976385,353945310.36,7636312800.0,1909078200.0
2015-11-11,'002776,°Ø±¤Áú,71.18,71.18,63.0,64.09,64.71,6.47,9.9985,15.1582,3974474,268153054.34,7465358400.0,1866339600.0
2015-11-10,'002776,°Ø±¤Áú,64.71,66.78,61.19,64.0,65.05,-0.34,-0.5227,13.0662,3425946,219976568.18,6786784800.0,1696696200.0
2015-11-09,'002776,°Ø±¤Áú,65.05,65.45,58.5,59.0,59.5,5.55,9.3277,15.7945,4141309,260079298.27,6822444000.0,1705611000.0
2015-11-06,'002776,°Ø±¤Áú,59.5,60.96,55.6,56.2,56.3,3.2,5.6838,10.4773,2747158,161672033.85,6240360000.0,1560090000.0
2015-11-05,'002776,°Ø±¤Áú,56.3,57.09,53.13,54.1,54.2,2.1,3.8745,10.8999,2857941,159433867.98,5904744000.0,1476186000.0
2015-11-04,'002776,°Ø±¤Áú,54.2,54.8,52.0,53.11,52.92,1.28,2.4187,8.9304,2341561,124762600.9,5684496000.0,1421124000.0
2015-11-03,'002776,°Ø±¤Áú,52.92,54.0,51.0,51.0,51.6,1.32,2.5581,10.8507,2845045,149408765.53,5550249600.0,1387562400.0
2015-11-02,'002776,°Ø±¤Áú,51.6,54.75,48.34,49.45,49.77,1.83,3.6769,12.483,3273050,173006469.3,5411808000.0,1352952000.0
2015-10-30,'002776,°Ø±¤Áú,49.77,50.49,48.11,48.82,49.27,0.5,1.0148,5.5622,1458396,72143242.2,5219877600.0,1304969400.0
2015-10-29,'002776,°Ø±¤Áú,49.27,49.55,47.48,48.28,48.15,1.12,2.3261,6.6939,1755129,85206837.49,5167437600.0,1291859400.0
2015-10-28,'002776,°Ø±¤Áú,48.15,50.4,48.0,50.4,50.2,-2.05,-4.0837,6.0722,1592126,78287203.67,5049972000.0,1262493000.0
2015-10-27,'002776,°Ø±¤Áú,50.2,50.7,47.0,48.5,49.58,0.62,1.2505,9.9539,2609908,127907168.48,5264976000.0,1316244000.0
2015-10-26,'002776,°Ø±¤Áú,49.58,50.72,47.97,48.6,47.99,1.59,3.3132,10.2576,2689539,133394546.9,5199950400.0,1299987600.0
2015-10-23,'002776,°Ø±¤Áú,47.99,48.45,46.49,48.0,47.35,0.64,1.3516,8.7352,2290367,108980619.39,5033191200.0,1258297800.0
2015-10-22,'002776,°Ø±¤Áú,47.35,48.0,43.9,44.98,44.17,3.18,7.1995,11.9979,3145837,144283252.05,4966068000.0,1241517000.0
2015-10-21,'002776,°Ø±¤Áú,44.17,50.7,43.86,49.6,48.73,-4.56,-9.3577,20.1855,5292635,254248257.06,4632549600.0,1158137400.0
2015-10-20,'002776,°Ø±¤Áú,48.73,48.73,45.07,45.11,44.3,4.43,10.0,22.3461,5859148,275144001.03,5110802400.0,1277700600.0
2015-10-19,'002776,°Ø±¤Áú,44.3,45.37,42.0,43.32,43.21,1.09,2.5226,12.6951,3328664,143951952.15,4646184000.0,1161546000.0
2015-10-16,'002776,°Ø±¤Áú,43.21,44.0,42.21,43.96,43.59,-0.38,-0.8718,11.2464,2948804,127199007.9,4531864800.0,1132966200.0
2015-10-15,'002776,°Ø±¤Áú,43.59,44.28,41.6,41.81,41.81,1.78,4.2574,12.9343,3391386,146872001.72,4571719200.0,1142929800.0
2015-10-14,'002776,°Ø±¤Áú,41.81,42.9,41.7,41.96,42.06,-0.25,-0.5944,10.2112,2677372,113072716.21,4385032800.0,1096258200.0
2015-10-13,'002776,°Ø±¤Áú,42.06,42.5,41.26,41.8,42.31,-0.25,-0.5909,9.0583,2375099,99551816.36,4411252800.0,1102813200.0
2015-10-12,'002776,°Ø±¤Áú,42.31,42.99,40.32,40.32,40.17,2.14,5.3274,13.177,3455004,144351638.5,4437472800.0,1109368200.0
2015-10-09,'002776,°Ø±¤Áú,40.17,40.48,39.41,40.0,40.0,0.17,0.425,8.9218,2339301,93612445.74,4213029600.0,1053257400.0
2015-10-08,'002776,°Ø±¤Áú,40.0,40.25,38.45,39.3,37.9,2.1,5.5409,9.7338,2552208,100863008.92,4195200000.0,1048800000.0
2015-09-30,'002776,°Ø±¤Áú,37.9,38.17,37.1,37.48,37.34,0.56,1.4997,4.9059,1286314,48634542.81,3974952000.0,993738000.0
2015-09-29,'002776,°Ø±¤Áú,37.34,37.99,36.82,37.6,38.25,-0.91,-2.3791,4.9451,1296601,48443634.19,3916219200.0,979054800.0
2015-09-28,'002776,°Ø±¤Áú,38.25,38.35,36.54,36.73,36.73,1.52,4.1383,5.8766,1540853,57891819.63,4011660000.0,1002915000.0
2015-09-25,'002776,°Ø±¤Áú,36.73,39.58,36.4,39.01,39.46,-2.73,-6.9184,9.7246,2549798,96606509.98,3852242400.0,963060600.0
2015-09-24,'002776,°Ø±¤Áú,39.46,40.54,39.02,39.59,39.3,0.16,0.4071,9.91,2598391,103050904.11,4138564800.0,1034641200.0
2015-09-23,'002776,°Ø±¤Áú,39.3,40.28,37.72,38.2,38.9,0.4,1.0283,13.4292,3521137,137930089.3,4121784000.0,1030446000.0
2015-09-22,'002776,°Ø±¤Áú,38.9,39.42,38.39,39.42,39.0,-0.1,-0.2564,10.1116,2651261,103385117.06,4079832000.0,1019958000.0
2015-09-21,'002776,°Ø±¤Áú,39.0,39.16,36.4,36.79,37.18,1.82,4.8951,10.774,2824933,107634004.79,4090320000.0,1022580000.0
2015-09-18,'002776,°Ø±¤Áú,37.18,37.4,36.22,37.3,36.84,0.34,0.9229,7.564,1983279,73025293.83,3899438400.0,974859600.0
2015-09-17,'002776,°Ø±¤Áú,36.84,38.97,36.8,37.86,38.29,-1.45,-3.7869,14.3731,3768630,142691789.62,3863779200.0,965944800.0
2015-09-16,'002776,°Ø±¤Áú,38.29,38.3,35.05,35.05,34.82,3.47,9.9655,13.8803,3639406,133736842.88,4015855200.0,1003963800.0
2015-09-15,'002776,°Ø±¤Áú,34.82,36.68,34.22,34.8,35.7,-0.88,-2.465,8.5874,2251628,79584642.1,3651921600.0,912980400.0
2015-09-14,'002776,°Ø±¤Áú,35.7,39.98,35.7,39.77,39.67,-3.97,-10.0076,10.1161,2652433,98780090.28,3744216000.0,936054000.0
2015-09-11,'002776,°Ø±¤Áú,39.67,39.98,38.65,39.22,38.8,0.87,2.2423,7.6459,2004747,79053998.3,4160589600.0,1040147400.0
2015-09-10,'002776,°Ø±¤Áú,38.8,41.0,38.5,39.37,41.0,-2.2,-5.3659,11.3725,2981879,118259490.8,4069344000.0,1017336000.0
2015-09-09,'002776,°Ø±¤Áú,41.0,42.0,39.7,40.0,40.2,0.8,1.99,18.7545,4917432,201331427.82,4300080000.0,1075020000.0
2015-09-08,'002776,°Ø±¤Áú,40.2,40.2,36.0,36.2,36.64,3.56,9.7162,15.8297,4150543,160741899.48,4216176000.0,1054044000.0
2015-09-07,'002776,°Ø±¤Áú,36.64,38.15,36.2,36.63,35.42,1.22,3.4444,10.6871,2802168,104044878.36,3842803200.0,960700800.0
2015-09-02,'002776,°Ø±¤Áú,35.42,38.49,33.65,33.65,35.85,-0.43,-1.1994,13.7346,3601210,131889056.66,3714849600.0,928712400.0
2015-09-01,'002776,°Ø±¤Áú,35.85,38.99,35.85,38.62,39.83,-3.98,-9.9925,11.9051,3121518,116029185.62,3759948000.0,939987000.0
2015-08-31,'002776,°Ø±¤Áú,39.83,43.3,39.83,43.06,44.25,-4.42,-9.9887,14.1467,3709268,153494864.07,4177370400.0,1044342600.0
2015-08-28,'002776,°Ø±¤Áú,44.25,45.44,41.01,41.8,42.93,1.32,3.0748,24.5538,6438010,275527555.58,4640940000.0,1160235000.0
2015-08-27,'002776,°Ø±¤Áú,42.93,43.49,39.0,41.5,40.02,2.91,7.2714,27.793,7287313,298025894.67,4502498400.0,1125624600.0
2015-08-26,'002776,°Ø±¤Áú,40.02,40.02,36.4,37.86,36.38,3.64,10.0055,24.1456,6330984,247555837.4,4197297600.0,1049324400.0
2015-08-25,'002776,°Ø±¤Áú,36.38,42.49,36.0,36.1,39.96,-3.58,-8.959,20.5651,5392164,207527651.94,3815534400.0,953883600.0
2015-08-24,'002776,°Ø±¤Áú,39.96,42.93,39.96,42.8,44.4,-4.44,-10.0,10.0574,2637051,106535660.82,4191004800.0,1047751200.0
2015-08-21,'002776,°Ø±¤Áú,44.4,47.82,44.38,46.9,48.21,-3.81,-7.9029,10.4387,2737027,126371925.08,4656672000.0,1164168000.0
2015-08-20,'002776,°Ø±¤Áú,48.21,51.18,48.21,50.6,51.39,-3.18,-6.188,10.3415,2711537,134922439.36,5056264800.0,1264066200.0
2015-08-19,'002776,°Ø±¤Áú,51.39,51.77,46.31,49.58,50.25,1.14,2.2687,15.108,3961316,195903660.07,5389783200.0,1347445800.0
2015-08-18,'002776,°Ø±¤Áú,50.25,57.79,50.22,55.81,55.8,-5.55,-9.9462,14.413,3779077,205769295.15,5270220000.0,1317555000.0
2015-08-17,'002776,°Ø±¤Áú,55.8,59.0,55.5,59.0,59.84,-4.04,-6.7513,16.1693,4239603,240862760.28,5852304000.0,1463076000.0
2015-08-14,'002776,°Ø±¤Áú,59.84,61.49,59.01,59.96,60.0,-0.16,-0.2667,14.3459,3761487,225745702.12,6276019200.0,1569004800.0
2015-08-13,'002776,°Ø±¤Áú,60.0,60.63,57.08,58.12,59.5,0.5,0.8403,14.1341,3705959,218224151.64,6292800000.0,1573200000.0
2015-08-12,'002776,°Ø±¤Áú,59.5,64.8,58.75,63.2,63.21,-3.71,-5.8693,18.5487,4863457,299268440.38,6240360000.0,1560090000.0
2015-08-11,'002776,°Ø±¤Áú,63.21,64.95,61.46,61.82,62.0,1.21,1.9516,19.5619,5129119,325906756.34,6629464800.0,1657366200.0
2015-08-10,'002776,°Ø±¤Áú,62.0,62.76,59.29,60.0,59.87,2.13,3.5577,18.0767,4739719,291160992.11,6502560000.0,1625640000.0
2015-08-07,'002776,°Ø±¤Áú,59.87,61.3,58.2,59.25,58.86,1.01,1.7159,16.8114,4407950,264366801.54,6279165600.0,1569791400.0
2015-08-06,'002776,°Ø±¤Áú,58.86,61.42,57.05,60.7,62.75,-3.89,-6.1992,19.9857,5240260,310974848.03,6173236800.0,1543309200.0
2015-08-05,'002776,°Ø±¤Áú,62.75,65.25,58.67,58.67,60.26,2.49,4.1321,27.4435,7195680,448145915.65,6581220000.0,1645305000.0
2015-08-04,'002776,°Ø±¤Áú,60.26,65.68,56.48,62.0,62.75,-2.49,-3.9681,33.8084,8864565,525840254.23,6320068800.0,1580017200.0
2015-08-03,'002776,°Ø±¤Áú,62.75,69.19,61.56,65.83,68.4,-5.65,-8.2602,33.7928,8860463,574650658.34,6581220000.0,1645305000.0
2015-07-31,'002776,°Ø±¤Áú,68.4,71.88,61.5,63.49,65.5,2.9,4.4275,42.9342,11257343,746628799.02,7173792000.0,1793448000.0
2015-07-30,'002776,°Ø±¤Áú,65.5,70.18,62.86,64.0,63.8,1.7,2.6646,48.4993,12716527,860702590.64,6869640000.0,1717410000.0
2015-07-29,'002776,°Ø±¤Áú,63.8,63.8,54.01,57.99,58.0,5.8,10.0,37.6643,9875588,580977626.3,6691344000.0,1672836000.0
2015-07-28,'002776,°Ø±¤Áú,58.0,58.5,48.76,51.0,54.18,3.82,7.0506,39.3967,10329802,551771300.45,6083040000.0,1520760000.0
2015-07-27,'002776,°Ø±¤Áú,54.18,65.89,53.93,57.0,59.92,-5.74,-9.5794,43.3938,11377843,696231556.04,5682398400.0,1420599600.0
2015-07-24,'002776,°Ø±¤Áú,59.92,59.92,57.22,59.6,54.47,5.45,10.0055,38.7282,10154530,606734901.98,6284409600.0,1571102400.0
2015-07-23,'002776,°Ø±¤Áú,54.47,54.47,49.56,49.8,49.52,4.95,9.996,15.8671,4160357,217086671.16,5712813600.0,1428203400.0
2015-07-22,'002776,°Ø±¤Áú,49.52,51.99,48.66,49.5,49.3,0.22,0.4462,16.3782,4294372,214864325.87,5193657600.0,1298414400.0
2015-07-21,'002776,°Ø±¤Áú,49.3,49.6,45.9,46.78,47.96,1.34,2.794,16.0388,4205368,202991027.46,5170584000.0,1292646000.0
2015-07-20,'002776,°Ø±¤Áú,47.96,50.98,47.7,48.6,50.23,-2.27,-4.5192,19.1604,5023868,246223440.77,5030044800.0,1257511200.0
2015-07-17,'002776,°Ø±¤Áú,50.23,51.96,45.0,48.08,47.72,2.51,5.2598,24.2782,6365732,311606661.78,5268122400.0,1317030600.0
2015-07-16,'002776,°Ø±¤Áú,47.72,53.0,46.7,46.7,51.89,-4.17,-8.0362,32.0403,8400975,409413695.08,5004873600.0,1251218400.0
2015-07-15,'002776,°Ø±¤Áú,51.89,57.0,51.89,57.0,57.66,-5.77,-10.0069,21.4553,5625567,297718660.8,5442223200.0,1360555800.0
2015-07-14,'002776,°Ø±¤Áú,57.66,57.66,52.51,56.0,52.42,5.24,9.9962,40.1494,10527166,598057387.49,6047380800.0,1511845200.0
2015-07-13,'002776,°Ø±¤Áú,52.42,52.42,49.65,52.0,47.65,4.77,10.0105,24.7331,6485012,337634439.06,5497809600.0,1374452400.0
2015-07-10,'002776,°Ø±¤Áú,47.65,47.65,44.5,47.0,43.32,4.33,9.9954,9.7523,2557048,119974815.55,4997532000.0,1249383000.0
2015-07-09,'002776,°Ø±¤Áú,43.32,43.32,35.44,35.44,39.38,3.94,10.0051,40.8723,10716706,421135983.17,4543401600.0,1135850400.0
2015-07-08,'002776,°Ø±¤Áú,39.38,39.38,39.38,39.38,43.75,-4.37,-9.9886,0.4939,129500,5099710.0,4130174400.0,1032543600.0
2015-07-07,'002776,°Ø±¤Áú,43.75,43.75,43.75,43.75,48.61,-4.86,-9.9979,1.8703,490400,21455000.0,4588500000.0,1147125000.0
2015-07-06,'002776,°Ø±¤Áú,48.61,59.41,48.61,59.0,54.01,-5.4,-9.9981,50.5681,13258962,729131448.15,5098216800.0,1274554200.0
2015-07-03,'002776,°Ø±¤Áú,54.01,54.01,44.2,50.98,49.1,4.91,10.0,59.611,15629995,761156570.14,5664568800.0,1416142200.0
2015-07-02,'002776,°Ø±¤Áú,49.1,49.1,49.1,49.1,44.64,4.46,9.991,0.5957,156200,7669420.0,5149608000.0,1287402000.0
2015-07-01,'002776,°Ø±¤Áú,44.64,44.64,44.64,44.64,40.58,4.06,10.0049,0.0463,12143,542063.52,4681843200.0,1170460800.0
2015-06-30,'002776,°Ø±¤Áú,40.58,40.58,40.58,40.58,36.89,3.69,10.0027,0.0983,25786,1046395.88,4256030400.0,1064007600.0
2015-06-29,'002776,°Ø±¤Áú,36.89,36.89,36.89,36.89,33.54,3.35,9.9881,0.1026,26900,992341.0,3869023200.0,967255800.0
2015-06-26,'002776,N°Ø±¤Áú,33.54,33.54,27.95,27.95,23.29,10.25,44.0103,0.0782,20493,686758.14,3517675200.0,879418800.0
2015-06-18,'002776,°Ø±¤Áú,0.0,0.0,0.0,0.0,23.29,None,None,0.0,0,0.0,1831991400.0,0.0
