日期,股票代码,名称,收盘价,最高价,最低价,开盘价,前收盘,涨跌额,涨跌幅,换手率,成交量,成交金额,总市值,流通市值
2017-05-15,'002737,葵花药业,30.45,30.55,30.3,30.36,30.29,0.16,0.5282,0.4604,580884,17659067.66,8891400000.0,3841527055.8
2017-05-12,'002737,葵花药业,30.29,30.41,30.19,30.26,30.26,0.03,0.0991,0.5591,705321,21359923.46,8844680000.0,3821341691.96
2017-05-11,'002737,葵花药业,30.26,30.33,29.81,30.1,30.26,0.0,0.0,0.9013,1137129,34228261.66,8835920000.0,3817556936.24
2017-05-10,'002737,葵花药业,30.26,31.18,30.12,31.13,31.13,-0.87,-2.7947,1.006,1269196,38976311.41,8835920000.0,3817556936.24
2017-05-09,'002737,葵花药业,31.13,31.14,30.42,30.42,30.77,0.36,1.17,0.6403,807775,24955438.94,9089960000.0,3927314852.12
2017-05-08,'002737,葵花药业,30.77,31.14,30.4,30.91,30.92,-0.15,-0.4851,0.9214,1162380,35813766.09,8984840000.0,3881897783.48
2017-05-05,'002737,葵花药业,30.92,31.31,30.86,31.31,31.33,-0.41,-1.3086,1.2583,1587490,49188689.37,9028640000.0,3900821562.08
2017-05-04,'002737,葵花药业,31.33,31.67,31.29,31.65,31.75,-0.42,-1.3228,1.1858,1495946,47029868.34,9148360000.0,3952546556.92
2017-05-03,'002737,葵花药业,31.75,31.75,31.3,31.51,31.4,0.35,1.1146,0.8553,1079087,34063466.5,9271000000.0,4005533137.0
2017-05-02,'002737,葵花药业,31.4,31.91,31.3,31.7,31.91,-0.51,-1.5982,1.1641,1468657,46439594.44,9168800000.0,3961377653.6
2017-04-28,'002737,葵花药业,31.91,32.84,31.55,32.84,32.84,-0.93,-2.8319,2.3667,2985855,95188066.02,9317720000.0,4025718500.84
2017-04-27,'002737,葵花药业,32.84,32.95,32.12,32.23,32.28,0.56,1.7348,1.0468,1320609,43061614.58,9589280000.0,4143045928.16
2017-04-26,'002737,葵花药业,32.28,32.5,32.21,32.3,32.3,-0.02,-0.0619,0.6314,796579,25771817.36,9425760000.0,4072397154.72
2017-04-25,'002737,葵花药业,32.3,32.67,31.82,32.33,32.41,-0.11,-0.3394,0.8541,1077556,34890200.01,9431600000.0,4074920325.2
2017-04-24,'002737,葵花药业,32.41,33.2,32.35,33.1,33.16,-0.75,-2.2618,1.0862,1370328,44615759.35,9463720000.0,4088797762.84
2017-04-21,'002737,葵花药业,33.16,33.74,33.1,33.47,33.32,-0.16,-0.4802,0.941,1187211,39727426.05,9682720000.0,4183416655.84
2017-04-20,'002737,葵花药业,33.32,33.6,32.81,32.95,32.95,0.37,1.1229,1.0563,1332570,44385939.45,9729440000.0,4203602019.68
2017-04-19,'002737,葵花药业,32.95,32.99,32.41,32.45,32.52,0.43,1.3223,0.7423,936433,30577537.18,9621400000.0,4156923365.8
2017-04-18,'002737,葵花药业,32.52,33.07,32.5,32.8,32.8,-0.28,-0.8537,0.6708,846260,27784525.0,9495840000.0,4102675200.48
2017-04-17,'002737,葵花药业,32.8,33.31,32.62,33.31,33.31,-0.51,-1.5311,0.8985,1133556,37233805.67,9577600000.0,4137999587.2
2017-04-14,'002737,葵花药业,33.31,33.77,33.13,33.66,33.7,-0.39,-1.1573,0.9445,1191594,39766739.26,9726520000.0,4202340434.44
2017-04-13,'002737,葵花药业,33.7,33.95,33.5,33.64,33.89,-0.19,-0.5606,0.884,1115259,37611006.31,9840400000.0,4251542258.8
2017-04-12,'002737,葵花药业,33.89,34.14,33.7,33.76,33.9,-0.01,-0.0295,0.8917,1124908,38101886.11,9895880000.0,4275512378.36
2017-04-11,'002737,葵花药业,33.9,33.95,33.01,33.7,33.79,0.11,0.3255,1.7845,2251287,75497344.08,9898800000.0,4276773963.6
2017-04-10,'002737,葵花药业,33.79,35.2,33.69,35.2,35.28,-1.49,-4.2234,2.3435,2956518,101374516.33,9866680000.0,4262896525.96
2017-04-07,'002737,葵花药业,35.28,35.73,34.9,35.46,35.46,-0.18,-0.5076,1.7241,2175103,76686615.59,10301760000.0,4450872726.72
2017-04-06,'002737,葵花药业,35.46,35.9,35.39,35.8,35.83,-0.37,-1.0327,0.9847,1242229,44237907.04,10354320000.0,4473581261.04
2017-04-05,'002737,葵花药业,35.83,35.91,35.15,35.38,35.33,0.5,1.4152,1.2088,1524946,54281266.5,10462360000.0,4520259914.92
2017-03-31,'002737,葵花药业,35.33,35.55,35.15,35.23,35.25,0.08,0.227,0.7445,939300,33232987.0,10316360000.0,4457180652.92
2017-03-30,'002737,葵花药业,35.25,35.95,35.15,35.55,35.79,-0.54,-1.5088,1.5665,1976226,70001912.18,10293000000.0,4447087971.0
2017-03-29,'002737,葵花药业,35.79,36.35,35.29,35.98,35.82,-0.03,-0.0838,1.6529,2085247,74710043.38,10450680000.0,4515213573.96
2017-03-28,'002737,葵花药业,35.82,36.7,35.8,36.27,36.43,-0.61,-1.6744,1.597,2014744,72912410.84,10459440000.0,4518998329.68
2017-03-27,'002737,葵花药业,36.43,37.07,36.22,37.0,37.0,-0.57,-1.5405,1.8483,2331730,85273779.73,10637560000.0,4595955029.32
2017-03-24,'002737,葵花药业,37.0,37.5,36.61,37.2,36.98,0.02,0.0541,1.9889,2509110,92689796.3,10804000000.0,4667865388.0
2017-03-23,'002737,葵花药业,36.98,37.56,36.51,36.62,36.55,0.43,1.1765,3.4395,4339252,160794160.3,10798160000.0,4665342217.52
2017-03-22,'002737,葵花药业,36.55,36.77,36.08,36.4,36.75,-0.2,-0.5442,1.8713,2360858,86039031.56,10672600000.0,4611094052.2
2017-03-21,'002737,葵花药业,36.75,36.81,36.22,36.81,36.81,-0.06,-0.163,2.003,2526965,92315941.99,10731000000.0,4636325757.0
2017-03-20,'002737,葵花药业,36.81,36.84,35.96,35.96,36.06,0.75,2.0799,3.5684,4501784,164757800.4,10748520000.0,4643895268.44
2017-03-17,'002737,葵花药业,36.06,36.86,35.7,36.05,35.95,0.11,0.306,3.1602,3986804,144660804.39,10529520000.0,4549276375.44
2017-03-16,'002737,葵花药业,35.95,36.02,35.7,35.82,35.69,0.26,0.7285,1.6733,2111043,75716907.69,10497400000.0,4535398937.8
2017-03-15,'002737,葵花药业,35.69,35.9,35.27,35.28,35.5,0.19,0.5352,1.2562,1584742,56455255.11,10421480000.0,4502597721.56
2017-03-14,'002737,葵花药业,35.5,35.96,35.14,35.25,35.25,0.25,0.7092,1.4794,1866429,66220424.06,10366000000.0,4478627602.0
2017-03-13,'002737,葵花药业,35.25,35.28,34.83,35.0,35.06,0.19,0.5419,1.0965,1383372,48633443.42,10293000000.0,4447087971.0
2017-03-10,'002737,葵花药业,35.06,35.17,34.73,34.92,34.91,0.15,0.4297,1.0612,1338785,46790715.49,10237520000.0,4423117851.44
2017-03-09,'002737,葵花药业,34.91,35.65,34.78,35.46,35.46,-0.55,-1.551,1.3674,1725117,60487303.41,10193720000.0,4404194072.84
2017-03-08,'002737,葵花药业,35.46,36.37,35.37,36.19,36.19,-0.73,-2.0171,1.7616,2222409,79222862.83,10354320000.0,4473581261.04
2017-03-07,'002737,葵花药业,36.19,36.25,35.87,35.94,35.94,0.25,0.6956,1.5874,2002603,72239838.28,10567480000.0,4565676983.56
2017-03-06,'002737,葵花药业,35.94,36.06,35.63,35.9,35.71,0.23,0.6441,1.6213,2045445,73367382.18,10494480000.0,4534137352.56
2017-03-03,'002737,葵花药业,35.71,36.1,35.6,35.69,35.66,0.05,0.1402,1.2731,1606186,57536926.06,10427320000.0,4505120892.04
2017-03-02,'002737,葵花药业,35.66,36.45,35.51,36.2,36.3,-0.64,-1.7631,2.0982,2647029,94763994.06,10412720000.0,4498812965.84
2017-03-01,'002737,葵花药业,36.3,36.88,36.18,36.88,36.88,-0.58,-1.5727,2.7794,3506387,127475362.18,10599600000.0,4579554421.2
2017-02-28,'002737,葵花药业,36.88,36.99,35.8,36.0,35.5,1.38,3.8873,7.9726,10058133,365545531.82,10768960000.0,4652726365.12
2017-02-27,'002737,葵花药业,35.5,36.58,34.85,35.98,35.8,-0.3,-0.838,5.2686,6646743,236968701.72,10366000000.0,4478627602.0
2017-02-24,'002737,葵花药业,35.8,37.19,35.61,37.18,36.27,-0.47,-1.2958,9.2291,11643351,424553971.04,10453600000.0,4516475159.2
2017-02-23,'002737,葵花药业,36.27,36.27,32.86,32.97,32.97,3.3,10.0091,4.995,6301595,224907196.48,10590840000.0,4575769665.48
2017-02-22,'002737,葵花药业,32.97,33.04,32.7,32.8,32.76,0.21,0.641,0.6824,860888,28312678.5,9627240000.0,4159446536.28
2017-02-21,'002737,葵花药业,32.76,32.88,32.41,32.55,32.58,0.18,0.5525,0.8436,1064223,34839587.62,9565920000.0,4132953246.24
2017-02-20,'002737,葵花药业,32.58,32.58,32.31,32.43,32.3,0.28,0.8669,0.9604,1211672,39310977.1,9513360000.0,4110244711.92
2017-02-17,'002737,葵花药业,32.3,33.0,32.21,32.92,32.92,-0.62,-1.8834,1.3822,1743778,56849827.99,9431600000.0,4074920325.2
2017-02-16,'002737,葵花药业,32.92,33.04,32.87,32.91,32.88,0.04,0.1217,0.5449,687438,22640626.16,9612640000.0,4153138610.08
2017-02-15,'002737,葵花药业,32.88,33.21,32.88,33.04,33.05,-0.17,-0.5144,0.9541,1203665,39803496.13,9600960000.0,4148092269.12
2017-02-14,'002737,葵花药业,33.05,33.33,32.98,33.28,33.29,-0.24,-0.7209,0.6351,801218,26514803.35,9650600000.0,4169539218.2
2017-02-13,'002737,葵花药业,33.29,33.34,32.91,32.98,32.98,0.31,0.94,0.9084,1145994,38020552.84,9720680000.0,4199817263.96
2017-02-10,'002737,葵花药业,32.98,33.16,32.9,33.15,33.13,-0.15,-0.4528,0.6666,840931,27791111.47,9630160000.0,4160708121.52
2017-02-09,'002737,葵花药业,33.13,33.14,32.94,32.95,33.08,0.05,0.1511,1.284,1619912,53523613.78,9673960000.0,4179631900.12
2017-02-08,'002737,葵花药业,33.08,33.33,32.82,33.32,33.31,-0.23,-0.6905,1.0598,1336968,44108054.25,9659360000.0,4173323973.92
2017-02-07,'002737,葵花药业,33.31,33.48,33.21,33.28,33.33,-0.02,-0.06,0.3689,465410,15513555.2,9726520000.0,4202340434.44
2017-02-06,'002737,葵花药业,33.33,33.36,33.01,33.08,33.08,0.25,0.7557,0.4324,545503,18115810.66,9732360000.0,4204863604.92
2017-02-03,'002737,葵花药业,33.08,33.23,33.04,33.23,33.23,-0.15,-0.4514,0.2471,311780,10333722.96,9659360000.0,4173323973.92
2017-01-26,'002737,葵花药业,33.23,33.3,33.11,33.16,33.15,0.08,0.2413,0.2669,336744,11187429.2,9703160000.0,4192247752.52
2017-01-25,'002737,葵花药业,33.15,33.19,32.91,33.05,33.0,0.15,0.4545,0.4315,544398,18005097.99,9679800000.0,4182155070.6
2017-01-24,'002737,葵花药业,33.0,33.42,32.91,33.03,33.22,-0.22,-0.6623,0.4514,569463,18858230.98,9636000000.0,4163231292.0
2017-01-23,'002737,葵花药业,33.22,33.47,33.0,33.1,33.12,0.1,0.3019,0.6473,816606,27154081.54,9700240000.0,4190986167.28
2017-01-20,'002737,葵花药业,33.12,33.14,32.76,32.82,32.84,0.28,0.8526,0.4284,540476,17835810.98,9671040000.0,4178370314.88
2017-01-19,'002737,葵花药业,32.84,33.25,32.61,33.18,32.75,0.09,0.2748,0.3989,503294,16582628.44,9589280000.0,4143045928.16
2017-01-18,'002737,葵花药业,32.75,33.3,32.75,32.96,32.79,-0.04,-0.122,0.491,619492,20470314.03,9563000000.0,4131691661.0
2017-01-17,'002737,葵花药业,32.79,32.94,32.16,32.39,32.59,0.2,0.6137,0.8476,1069378,34731715.26,9574680000.0,4136738001.96
2017-01-16,'002737,葵花药业,32.59,33.84,31.0,33.6,33.85,-1.26,-3.7223,1.4343,1809489,59254302.66,9516280000.0,4111506297.16
2017-01-13,'002737,葵花药业,33.85,34.43,33.66,34.25,34.3,-0.45,-1.312,0.9211,1162097,39474811.96,9884200000.0,4270466037.4
2017-01-12,'002737,葵花药业,34.3,34.57,34.06,34.15,34.25,0.05,0.146,0.9351,1179652,40492885.89,10015600000.0,4327237373.2
2017-01-11,'002737,葵花药业,34.25,34.98,34.08,34.15,34.13,0.12,0.3516,0.9859,1243807,42723157.3,10001000000.0,4320929447.0
2017-01-10,'002737,葵花药业,34.13,34.13,33.44,33.98,34.0,0.13,0.3824,0.6492,819010,27833430.71,9965960000.0,4305790424.12
2017-01-09,'002737,葵花药业,34.0,34.29,33.88,34.28,34.26,-0.26,-0.7589,0.6029,760561,25871607.43,9928000000.0,4289389816.0
2017-01-06,'002737,葵花药业,34.26,34.39,34.03,34.35,34.29,-0.03,-0.0875,0.609,768300,26251184.0,10003920000.0,4322191032.24
2017-01-05,'002737,葵花药业,34.29,34.41,34.24,34.3,34.3,-0.01,-0.0292,0.7615,960639,32961561.24,10012680000.0,4325975787.96
2017-01-04,'002737,葵花药业,34.3,34.31,33.86,34.0,33.94,0.36,1.0607,1.0176,1283763,43842109.45,10015600000.0,4327237373.2
2017-01-03,'002737,葵花药业,33.94,33.97,33.68,33.68,33.69,0.25,0.7421,0.7419,936015,31727757.76,9910480000.0,4281820304.56
2016-12-30,'002737,葵花药业,33.69,33.88,33.64,33.83,33.75,-0.06,-0.1778,0.6297,794395,26797416.55,9837480000.0,4250280673.56
2016-12-29,'002737,葵花药业,33.75,34.06,33.73,33.95,33.91,-0.16,-0.4718,0.5251,662447,22426719.69,9855000000.0,4257850185.0
2016-12-28,'002737,葵花药业,33.91,34.26,33.73,34.08,34.17,-0.26,-0.7609,0.6615,834568,28350147.06,9901720000.0,4278035548.84
2016-12-27,'002737,葵花药业,34.17,34.22,34.01,34.08,34.08,0.09,0.2641,0.6197,781779,26686595.61,9977640000.0,4310836765.08
2016-12-26,'002737,葵花药业,34.08,34.15,33.45,33.76,33.86,0.22,0.6497,0.7738,976277,32935735.43,9951360000.0,4299482497.92
2016-12-23,'002737,葵花药业,33.86,34.29,33.8,34.2,34.23,-0.37,-1.0809,0.5187,654429,22217193.01,9887120000.0,4271727622.64
2016-12-22,'002737,葵花药业,34.23,34.36,34.05,34.36,34.31,-0.08,-0.2332,0.4591,579232,19804842.34,9995160000.0,4318406276.52
2016-12-21,'002737,葵花药业,34.31,34.4,34.17,34.22,34.04,0.27,0.7932,0.511,644701,22100589.61,10018520000.0,4328498958.44
2016-12-20,'002737,葵花药业,34.04,34.27,33.83,34.24,34.24,-0.2,-0.5841,0.5887,742750,25284472.5,9939680000.0,4294436156.96
2016-12-19,'002737,葵花药业,34.24,34.4,34.0,34.4,34.35,-0.11,-0.3202,0.613,773407,26425771.24,9998080000.0,4319667861.76
2016-12-16,'002737,葵花药业,34.35,34.55,33.71,33.77,33.84,0.51,1.5071,0.8137,1026587,35107349.04,10030200000.0,4333545299.4
2016-12-15,'002737,葵花药业,33.84,33.96,33.52,33.6,33.6,0.24,0.7143,0.6726,848499,28672407.56,9881280000.0,4269204452.16
2016-12-14,'002737,葵花药业,33.6,33.9,33.43,33.9,33.75,-0.15,-0.4444,1.0666,1345557,45226158.5,9811200000.0,4238926406.4
2016-12-13,'002737,葵花药业,33.75,34.14,33.63,34.0,33.94,-0.19,-0.5598,1.409,1777528,60164588.77,9855000000.0,4257850185.0
2016-12-12,'002737,葵花药业,33.94,36.17,33.94,36.03,35.97,-2.03,-5.6436,2.3633,2981527,103594030.44,9910480000.0,4281820304.56
2016-12-09,'002737,葵花药业,35.97,36.17,35.91,36.01,36.01,-0.04,-0.1111,0.5823,734615,26453664.55,10503240000.0,4537922108.28
2016-12-08,'002737,葵花药业,36.01,36.35,35.9,36.0,35.9,0.11,0.3064,0.9746,1229525,44429849.95,10514920000.0,4542968449.24
2016-12-07,'002737,葵花药业,35.9,35.99,35.65,35.71,35.69,0.21,0.5884,0.572,721689,25846253.51,10482800000.0,4529091011.6
2016-12-06,'002737,葵花药业,35.69,35.98,35.69,35.98,35.84,-0.15,-0.4185,0.9739,1228641,43981110.88,10421480000.0,4502597721.56
2016-12-05,'002737,葵花药业,35.84,36.25,35.51,35.64,35.84,0.0,0.0,0.9328,1176766,42259864.06,10465280000.0,4521521500.16
2016-12-02,'002737,葵花药业,35.84,36.7,35.8,36.7,36.58,-0.74,-2.023,1.4374,1813419,65421012.5,10465280000.0,4521521500.16
2016-12-01,'002737,葵花药业,36.58,36.65,36.31,36.31,36.31,0.27,0.7436,1.101,1389011,50708807.29,10681360000.0,4614878807.92
2016-11-30,'002737,葵花药业,36.31,36.6,36.15,36.15,36.4,-0.09,-0.2473,0.9941,1254161,45572517.62,10602520000.0,4580816006.44
2016-11-29,'002737,葵花药业,36.4,36.79,36.33,36.7,36.73,-0.33,-0.8984,1.5305,1930806,70616899.94,10628800000.0,4592170273.6
2016-11-28,'002737,葵花药业,36.73,36.99,36.55,36.81,36.65,0.08,0.2183,1.4639,1846816,67998246.22,10725160000.0,4633802586.52
2016-11-25,'002737,葵花药业,36.65,36.68,35.8,36.58,36.39,0.26,0.7145,1.56,1968102,71368541.8,10701800000.0,4623709904.6
2016-11-24,'002737,葵花药业,36.39,37.05,36.39,36.76,36.95,-0.56,-1.5156,2.0175,2545292,93496351.56,10625880000.0,4590908688.36
2016-11-23,'002737,葵花药业,36.95,37.58,36.95,37.58,37.6,-0.65,-1.7287,2.5962,3275326,121702162.99,10789400000.0,4661557461.8
2016-11-22,'002737,葵花药业,37.6,37.69,36.93,37.29,37.3,0.3,0.8043,3.3168,4184458,156736046.5,10979200000.0,4743560502.4
2016-11-21,'002737,葵花药业,37.3,37.42,36.41,36.65,36.7,0.6,1.6349,2.7409,3457873,127576232.89,10891600000.0,4705712945.2
2016-11-18,'002737,葵花药业,36.7,36.82,36.4,36.57,36.56,0.14,0.3829,1.625,2050035,75202093.9,10716400000.0,4630017830.8
2016-11-17,'002737,葵花药业,36.56,36.77,36.35,36.6,36.76,-0.2,-0.5441,1.4727,1857899,67858424.86,10675520000.0,4612355637.44
2016-11-16,'002737,葵花药业,36.76,36.97,36.28,36.37,36.3,0.46,1.2672,3.379,4262921,156458977.42,10733920000.0,4637587342.24
2016-11-15,'002737,葵花药业,36.3,36.37,36.09,36.35,36.3,0.0,0.0,1.6098,2030885,73563688.17,10599600000.0,4579554421.2
2016-11-14,'002737,葵花药业,36.3,36.36,35.96,36.0,36.22,0.08,0.2209,1.8744,2364778,85642722.79,10599600000.0,4579554421.2
2016-11-11,'002737,葵花药业,36.22,36.29,36.0,36.17,36.1,0.12,0.3324,1.7423,2198092,79464751.12,10576240000.0,4569461739.28
2016-11-10,'002737,葵花药业,36.1,36.23,35.88,35.95,35.7,0.4,1.1204,1.6543,2087091,75272990.5,10541200000.0,4554322716.4
2016-11-09,'002737,葵花药业,35.7,36.14,35.41,36.09,36.1,-0.4,-1.108,1.6968,2140701,76705660.45,10424400000.0,4503859306.8
2016-11-08,'002737,葵花药业,36.1,36.24,35.97,36.16,36.15,-0.05,-0.1383,1.5444,1948337,70302209.69,10541200000.0,4554322716.4
2016-11-07,'002737,葵花药业,36.15,36.34,35.81,36.34,36.32,-0.17,-0.4681,1.6458,2076265,74750482.9,10555800000.0,4560630642.6
2016-11-04,'002737,葵花药业,36.32,36.36,36.03,36.15,36.27,0.05,0.1379,1.6654,2101105,76089669.34,10605440000.0,4582077591.68
2016-11-03,'002737,葵花药业,36.27,36.29,35.75,36.0,36.04,0.23,0.6382,2.1347,2693045,97056595.31,10590840000.0,4575769665.48
2016-11-02,'002737,葵花药业,36.04,36.22,36.0,36.17,36.19,-0.15,-0.4145,1.4111,1780225,64279945.01,10523680000.0,4546753204.96
2016-11-01,'002737,葵花药业,36.19,36.26,35.71,35.71,35.72,0.47,1.3158,1.8525,2337117,84183443.88,10567480000.0,4565676983.56
2016-10-31,'002737,葵花药业,35.72,35.77,35.5,35.5,35.67,0.05,0.1402,1.0379,1309433,46696178.45,10430240000.0,4506382477.28
2016-10-28,'002737,葵花药业,35.67,35.88,35.63,35.88,35.92,-0.25,-0.696,1.3303,1678286,59994867.71,10415640000.0,4500074551.08
2016-10-27,'002737,葵花药业,35.92,35.96,35.67,35.69,35.78,0.14,0.3913,1.6839,2124433,76122071.67,10488640000.0,4531614182.08
2016-10-26,'002737,葵花药业,35.78,35.93,35.53,35.91,35.89,-0.11,-0.3065,1.8449,2327438,83061243.96,10447760000.0,4513951988.72
2016-10-25,'002737,葵花药业,35.89,35.97,35.66,35.8,35.83,0.06,0.1675,2.2372,2822457,101165461.08,10479880000.0,4527829426.36
2016-10-24,'002737,葵花药业,35.83,36.5,35.3,36.5,36.9,-1.07,-2.8997,5.7787,7290260,260663715.97,10462360000.0,4520259914.92
2016-10-21,'002737,葵花药业,36.9,37.55,36.7,37.55,37.49,-0.59,-1.5738,1.7822,2248342,83292045.94,10774800000.0,4655249535.6
2016-10-20,'002737,葵花药业,37.49,37.58,37.38,37.38,37.37,0.12,0.3211,0.9892,1248001,46793983.81,10947080000.0,4729683064.76
2016-10-19,'002737,葵花药业,37.37,37.72,37.3,37.51,37.5,-0.13,-0.3467,1.0777,1359645,50955252.91,10912040000.0,4714544041.88
2016-10-18,'002737,葵花药业,37.5,37.53,37.0,37.01,37.1,0.4,1.0782,1.0507,1325560,49501175.17,10950000000.0,4730944650.0
2016-10-17,'002737,葵花药业,37.1,37.68,37.02,37.65,37.54,-0.44,-1.1721,1.195,1507557,56292970.72,10833200000.0,4680481240.4
2016-10-14,'002737,葵花药业,37.54,37.9,37.33,37.88,37.9,-0.36,-0.9499,1.2761,1609901,60352064.69,10961680000.0,4735990990.96
2016-10-13,'002737,葵花药业,37.9,38.25,37.65,37.81,37.65,0.25,0.664,2.1406,2700499,102599466.36,11066800000.0,4781408059.6
2016-10-12,'002737,葵花药业,37.65,37.65,37.35,37.49,37.5,0.15,0.4,1.1683,1473950,55243428.01,10993800000.0,4749868428.6
2016-10-11,'002737,葵花药业,37.5,37.65,37.35,37.59,37.58,-0.08,-0.2129,1.1456,1445260,54138954.31,10950000000.0,4730944650.0
2016-10-10,'002737,葵花药业,37.58,37.63,37.12,37.31,36.99,0.59,1.595,1.6448,2075116,77662927.84,10973360000.0,4741037331.92
2016-09-30,'002737,葵花药业,36.99,37.01,36.56,36.68,36.7,0.29,0.7902,0.8425,1062838,39179349.34,10801080000.0,4666603802.76
2016-09-29,'002737,葵花药业,36.7,36.85,36.46,36.46,36.49,0.21,0.5755,0.9298,1172998,43064727.88,10716400000.0,4630017830.8
2016-09-28,'002737,葵花药业,36.49,36.58,36.33,36.46,36.46,0.03,0.0823,0.7947,1002530,36577270.67,10655080000.0,4603524540.76
2016-09-27,'002737,葵花药业,36.46,36.5,36.02,36.15,36.2,0.26,0.7182,0.9011,1136776,41223973.78,10646320000.0,4599739785.04
2016-09-26,'002737,葵花药业,36.2,36.81,36.2,36.68,36.67,-0.47,-1.2817,1.1196,1412531,51614932.01,10570400000.0,4566938568.8
2016-09-23,'002737,葵花药业,36.67,36.87,36.55,36.8,36.87,-0.2,-0.5424,0.8232,1038514,38113957.57,10707640000.0,4626233075.08
2016-09-22,'002737,葵花药业,36.87,37.16,36.7,36.81,36.67,0.2,0.5454,1.0498,1324454,48895204.55,10766040000.0,4651464779.88
2016-09-21,'002737,葵花药业,36.67,36.86,36.6,36.6,36.6,0.07,0.1913,0.7637,963410,35372361.2,10707640000.0,4626233075.08
2016-09-20,'002737,葵花药业,36.6,36.9,36.4,36.8,36.78,-0.18,-0.4894,0.7948,1002659,36667203.13,10687200000.0,4617401978.4
2016-09-19,'002737,葵花药业,36.78,36.87,36.37,36.37,36.36,0.42,1.1551,0.8221,1037138,38076069.3,10739760000.0,4640110512.72
2016-09-14,'002737,葵花药业,36.36,36.51,36.3,36.3,36.4,-0.04,-0.1099,0.7283,918777,33448070.27,10617120000.0,4587123932.64
2016-09-13,'002737,葵花药业,36.4,36.66,36.27,36.41,36.29,0.11,0.3031,0.8849,1116427,40656117.85,10628800000.0,4592170273.6
2016-09-12,'002737,葵花药业,36.29,37.1,36.13,37.1,37.61,-1.32,-3.5097,1.9536,2464586,90166114.95,10596680000.0,4578292835.96
2016-09-09,'002737,葵花药业,37.61,38.12,37.61,38.06,37.96,-0.35,-0.922,1.458,1839362,69663169.1,10982120000.0,4744822087.64
2016-09-08,'002737,葵花药业,37.96,38.03,37.65,37.65,37.7,0.26,0.6897,1.3763,1736338,65806652.71,11084320000.0,4788977571.04
2016-09-07,'002737,葵花药业,37.7,38.09,37.61,38.09,37.95,-0.25,-0.6588,2.0097,2535436,95888833.58,11008400000.0,4756176354.8
2016-09-06,'002737,葵花药业,37.95,37.97,37.21,37.31,37.37,0.58,1.552,1.6906,2132800,80237702.6,11081400000.0,4787715985.8
2016-09-05,'002737,葵花药业,37.37,37.68,37.31,37.51,37.43,-0.06,-0.1603,1.2214,1540859,57757130.26,10912040000.0,4714544041.88
2016-09-02,'002737,葵花药业,37.43,37.68,37.29,37.4,37.48,-0.05,-0.1334,1.1512,1452367,54445194.56,10929560000.0,4722113553.32
2016-09-01,'002737,葵花药业,37.48,37.9,37.45,37.72,37.72,-0.24,-0.6363,1.377,1737190,65463639.8,10944160000.0,4728421479.52
2016-08-31,'002737,葵花药业,37.72,38.06,37.51,37.9,37.99,-0.27,-0.7107,1.4109,1779995,67053662.05,11014240000.0,4758699525.28
2016-08-30,'002737,葵花药业,37.99,38.45,37.93,38.22,38.2,-0.21,-0.5497,1.6912,2133538,81447102.45,11093080000.0,4792762326.76
2016-08-29,'002737,葵花药业,38.2,38.2,37.69,37.82,37.92,0.28,0.7384,1.6085,2029198,77094464.85,11154400000.0,4819255616.8
2016-08-26,'002737,葵花药业,37.92,38.38,37.58,37.62,37.6,0.32,0.8511,3.0253,3816696,144959672.59,11072640000.0,4783931230.08
2016-08-25,'002737,葵花药业,37.6,37.64,37.12,37.5,37.72,-0.12,-0.3181,2.1612,2726531,101783984.93,10979200000.0,4743560502.4
2016-08-24,'002737,葵花药业,37.72,37.88,37.43,37.57,37.6,0.12,0.3191,2.0926,2639986,99508676.35,11014240000.0,4758699525.28
2016-08-23,'002737,葵花药业,37.6,38.02,37.36,37.6,37.61,-0.01,-0.0266,2.7671,3490918,131395500.12,10979200000.0,4743560502.4
2016-08-22,'002737,葵花药业,37.61,37.8,37.41,37.79,37.78,-0.17,-0.45,2.773,3498325,131515570.37,10982120000.0,4744822087.64
2016-08-19,'002737,葵花药业,37.78,38.94,37.27,38.6,39.78,-2.0,-5.0277,8.7331,11017487,418143590.63,11031760000.0,4766269036.72
2016-08-18,'002737,葵花药业,39.78,40.31,39.73,40.0,40.0,-0.22,-0.55,2.0444,2579146,103106559.19,11615760000.0,5018586084.72
2016-08-17,'002737,葵花药业,40.0,40.68,39.9,40.37,40.35,-0.35,-0.8674,2.8483,3593398,144220190.08,11680000000.0,5046340960.0
2016-08-16,'002737,葵花药业,40.35,40.86,40.0,40.29,40.29,0.06,0.1489,2.585,3261189,131873843.78,11782200000.0,5090496443.4
2016-08-15,'002737,葵花药业,40.29,40.45,39.01,39.85,39.43,0.86,2.1811,3.8338,4836694,193003011.12,11764680000.0,5082926931.96
2016-08-12,'002737,葵花药业,39.43,39.45,38.65,38.65,38.9,0.53,1.3625,1.4534,1833592,71677099.49,11513560000.0,4974430601.32
2016-08-11,'002737,葵花药业,38.9,39.65,38.9,39.48,39.57,-0.67,-1.6932,1.6055,2025486,79398260.94,11358800000.0,4907566583.6
2016-08-10,'002737,葵花药业,39.57,40.23,39.57,40.23,40.15,-0.58,-1.4446,1.9792,2496922,99285922.29,11554440000.0,4992092794.68
2016-08-09,'002737,葵花药业,40.15,40.18,39.06,39.18,39.45,0.7,1.7744,3.1298,3948553,156744417.23,11723800000.0,5065264738.6
2016-08-08,'002737,葵花药业,39.45,39.48,37.78,38.99,38.95,0.5,1.2837,3.8179,4816561,184976888.88,11519400000.0,4976953771.8
2016-08-05,'002737,葵花药业,38.95,40.2,38.8,40.06,40.05,-1.1,-2.7466,2.3675,2986818,118144831.44,11373400000.0,4913874509.8
2016-08-04,'002737,葵花药业,40.05,40.36,39.45,39.78,39.75,0.3,0.7547,1.8588,2345003,93687996.1,11694600000.0,5052648886.2
2016-08-03,'002737,葵花药业,39.75,40.38,39.62,40.3,40.36,-0.61,-1.5114,2.1035,2653786,105932410.55,11607000000.0,5014801329.0
2016-08-02,'002737,葵花药业,40.36,40.93,39.91,40.0,39.79,0.57,1.4325,1.4978,1889598,75940195.09,11785120000.0,5091758028.64
2016-08-01,'002737,葵花药业,40.09,41.79,39.6,41.45,42.04,-1.95,-4.6384,2.9101,3671371,147724939.18,11706280000.0,5057695227.16
2016-07-29,'002737,葵花药业,42.04,43.29,41.7,41.77,41.9,0.14,0.3341,3.6223,4569873,194711020.74,12275680000.0,5303704348.96
2016-07-28,'002737,葵花药业,41.9,42.35,40.5,41.15,41.49,0.41,0.9882,2.9219,3686211,153585830.34,12234800000.0,5286042155.6
2016-07-27,'002737,葵花药业,41.49,43.91,40.09,42.5,42.45,-0.96,-2.2615,5.6683,7151105,302671692.76,12115080000.0,5234317160.76
2016-07-26,'002737,葵花药业,42.45,42.55,41.7,41.8,41.8,0.65,1.555,3.0037,3789418,159803112.19,12395400000.0,5355429343.8
2016-07-25,'002737,葵花药业,41.8,42.26,41.32,41.62,41.36,0.44,1.0638,2.7506,3470153,145291037.3,12205600000.0,5273426303.2
2016-07-22,'002737,葵花药业,41.36,41.91,41.04,41.74,41.65,-0.29,-0.6963,2.9822,3762244,155744277.81,12077120000.0,5217916552.64
2016-07-21,'002737,葵花药业,41.65,42.9,41.53,42.23,42.39,-0.74,-1.7457,4.3909,5539552,233234032.06,12161800000.0,5254502524.6
2016-07-20,'002737,葵花药业,42.39,43.3,42.18,42.4,42.21,0.18,0.4264,4.343,5479075,234032573.32,12377880000.0,5347859832.36
2016-07-19,'002737,葵花药业,42.21,44.1,41.9,44.01,44.52,-2.31,-5.1887,6.9601,8780769,373184111.21,12325320000.0,5325151298.04
2016-07-18,'002737,葵花药业,44.52,46.0,44.5,45.4,45.0,-0.48,-1.0667,4.8242,6086095,275127075.71,12999840000.0,5616577488.48
2016-07-15,'002737,葵花药业,45.0,46.22,43.08,43.49,43.63,1.37,3.14,9.0107,11367756,513339744.58,13140000000.0,5677133580.0
2016-07-14,'002737,葵花药业,43.63,43.87,42.46,43.02,43.26,0.37,0.8553,4.7071,5938430,256195096.23,12739960000.0,5504296402.12
2016-07-13,'002737,葵花药业,43.26,45.24,43.14,45.01,43.58,-0.32,-0.7343,9.8149,12382278,548130089.89,12631920000.0,5457617748.24
2016-07-12,'002737,葵花药业,43.58,43.58,39.63,39.63,39.62,3.96,9.995,13.4491,16967150,718103306.39,12725360000.0,5497988475.92
2016-07-11,'002737,葵花药业,39.62,40.55,37.31,37.32,37.38,2.24,5.9925,8.3524,10537323,412430608.26,11569040000.0,4998400720.88
2016-07-08,'002737,葵花药业,37.38,37.51,37.18,37.23,37.7,-0.32,-0.8488,2.2957,2896267,108061555.74,10914960000.0,4715805627.12
2016-07-07,'002737,葵花药业,37.7,38.33,37.51,37.73,37.51,0.19,0.5065,4.1338,5215170,197790823.0,11008400000.0,4756176354.8
2016-07-06,'002737,葵花药业,37.51,37.51,36.65,37.15,37.4,0.11,0.2941,2.5838,3259696,121001297.2,10952920000.0,4732206235.24
2016-07-05,'002737,葵花药业,37.4,38.0,37.16,37.28,37.29,0.11,0.295,2.4895,3140772,117747526.24,10920800000.0,4718328797.6
2016-07-04,'002737,葵花药业,37.29,37.5,36.83,37.01,37.21,0.08,0.215,2.7423,3459649,128896805.27,10888680000.0,4704451359.96
2016-07-01,'002737,葵花药业,37.21,37.81,37.05,37.46,37.47,-0.26,-0.6939,2.9774,3756276,140190944.44,10865320000.0,4694358678.04
2016-06-30,'002737,葵花药业,37.47,37.66,36.33,36.34,36.34,1.13,3.1095,5.4489,6874199,256048173.37,10941240000.0,4727159894.28
2016-06-29,'002737,葵花药业,36.34,36.88,36.19,36.76,36.59,-0.25,-0.6832,2.9581,3731838,135965550.91,10611280000.0,4584600762.16
2016-06-28,'002737,葵花药业,36.59,36.6,35.06,35.2,35.35,1.24,3.5078,4.6992,5928443,214133635.08,10684280000.0,4616140393.16
2016-06-27,'002737,葵花药业,35.35,35.44,34.52,34.52,34.6,0.75,2.1676,2.5907,3268443,114694517.38,10322200000.0,4459703823.4
2016-06-24,'002737,葵花药业,34.6,35.35,33.61,35.03,35.03,-0.43,-1.2275,1.896,2391984,82896285.94,10103200000.0,4365084930.4
2016-06-23,'002737,葵花药业,35.03,35.55,34.8,35.45,35.35,-0.32,-0.9052,1.6627,2097674,73710962.83,10228760000.0,4419333095.72
2016-06-22,'002737,葵花药业,35.35,35.38,34.65,34.84,34.86,0.49,1.4056,1.548,1952912,68590812.4,10322200000.0,4459703823.4
2016-06-21,'002737,葵花药业,34.86,35.82,34.79,35.67,35.52,-0.66,-1.8581,2.0716,2613512,92221591.5,10179120000.0,4397886146.64
2016-06-20,'002737,葵花药业,35.52,35.7,34.3,34.7,34.74,0.78,2.2453,2.948,3719161,130726636.79,10371840000.0,4481150772.48
2016-06-17,'002737,葵花药业,34.74,34.95,34.15,34.24,34.12,0.62,1.8171,2.0189,2546993,88308292.92,10144080000.0,4382747123.76
2016-06-16,'002737,葵花药业,34.12,34.46,34.03,34.31,34.32,-0.2,-0.5828,1.3099,1652524,56556960.06,9963040000.0,4304528838.88
2016-06-15,'002737,葵花药业,34.32,34.5,33.16,33.24,33.6,0.72,2.1429,1.8639,2351473,80266029.26,10021440000.0,4329760543.68
2016-06-14,'002737,葵花药业,33.6,33.73,33.32,33.49,33.69,-0.09,-0.2671,1.1968,1509869,50585680.04,9811200000.0,4238926406.4
2016-06-13,'002737,葵花药业,33.69,34.91,33.69,34.75,35.21,-1.52,-4.317,1.9308,2435869,83772018.64,9837480000.0,4250280673.56
2016-06-08,'002737,葵花药业,35.21,35.72,34.9,35.67,35.66,-0.45,-1.2619,1.8831,2375741,83679736.57,10281320000.0,4442041630.04
2016-06-07,'002737,葵花药业,35.66,35.73,35.0,35.19,35.17,0.49,1.3932,2.1613,2726661,96454021.96,10412720000.0,4498812965.84
2016-06-06,'002737,葵花药业,35.17,35.52,35.0,35.44,35.43,-0.26,-0.7338,2.0113,2537430,89386363.11,10269640000.0,4436995289.08
2016-06-03,'002737,葵花药业,35.43,35.58,34.61,34.91,34.71,0.72,2.0743,4.2838,5404341,190409290.86,10345560000.0,4469796505.32
2016-06-02,'002737,葵花药业,34.71,34.8,34.44,34.44,34.59,0.12,0.3469,1.5773,1989864,68917542.37,10135320000.0,4378962368.04
2016-06-01,'002737,葵花药业,34.59,34.94,34.5,34.63,34.62,-0.03,-0.0867,1.9237,2426909,84222228.42,10100280000.0,4363823345.16
2016-05-31,'002737,葵花药业,34.62,34.66,33.13,33.13,33.3,1.32,3.964,2.3726,2993180,102347993.46,10109040000.0,4367608100.88
2016-05-30,'002737,葵花药业,33.3,33.5,33.01,33.3,33.51,-0.21,-0.6267,0.9409,1187041,39467227.34,9723600000.0,4201078849.2
2016-05-27,'002737,葵花药业,33.51,33.8,33.32,33.5,33.56,-0.05,-0.149,1.0532,1328748,44568457.4,9784920000.0,4227572139.24
2016-05-26,'002737,葵花药业,33.56,33.6,32.87,33.24,33.44,0.12,0.3589,1.0862,1370309,45565824.17,9799520000.0,4233880065.44
2016-05-25,'002737,葵花药业,33.44,34.12,33.28,33.97,33.91,-0.47,-1.386,1.1993,1513065,50959216.3,9764480000.0,4218741042.56
2016-05-24,'002737,葵花药业,33.91,34.04,33.44,33.48,33.49,0.42,1.2541,1.6404,2069480,69949135.72,9901720000.0,4278035548.84
2016-05-23,'002737,葵花药业,33.49,33.6,33.29,33.29,33.29,0.2,0.6008,1.0837,1367140,45761354.51,9779080000.0,4225048968.76
2016-05-20,'002737,葵花药业,33.29,33.29,32.78,32.8,33.12,0.17,0.5133,0.8571,1081262,35749574.8,9720680000.0,4199817263.96
2016-05-19,'002737,葵花药业,33.12,33.57,32.91,32.92,33.02,0.1,0.3028,0.9338,1178032,39254789.02,9671040000.0,4178370314.88
2016-05-18,'002737,葵花药业,33.02,33.48,32.75,33.4,33.66,-0.64,-1.9014,1.1546,1456630,48235452.7,9641840000.0,4165754462.48
2016-05-17,'002737,葵花药业,33.66,33.97,33.3,33.69,33.83,-0.17,-0.5025,1.4143,1784209,59959848.56,9828720000.0,4246495917.84
2016-05-16,'002737,葵花药业,33.83,33.85,33.0,33.25,33.48,0.35,1.0454,0.9922,1251773,41837453.2,9878360000.0,4267942866.92
2016-05-13,'002737,葵花药业,33.48,33.86,33.34,33.58,33.64,-0.16,-0.4756,0.8017,1011466,33961837.24,9776160000.0,4223787383.52
2016-05-12,'002737,葵花药业,33.64,33.65,32.59,33.31,33.87,-0.23,-0.6791,1.1757,1483263,49204623.75,9822880000.0,4243972747.36
2016-05-11,'002737,葵花药业,33.87,34.62,33.32,33.64,33.45,0.42,1.2556,1.4309,1805246,61412237.65,9890040000.0,4272989207.88
2016-05-10,'002737,葵花药业,33.45,33.55,33.3,33.4,33.32,0.13,0.3902,0.6108,770603,25767678.85,9767400000.0,4220002627.8
2016-05-09,'002737,葵花药业,33.32,34.07,33.0,34.07,34.07,-0.75,-2.2014,1.3676,1725307,57690641.0,9729440000.0,4203602019.68
2016-05-06,'002737,葵花药业,34.07,35.7,34.05,35.49,35.38,-1.31,-3.7027,1.9205,2422830,84357503.75,9948440000.0,4298220912.68
2016-05-05,'002737,葵花药业,35.38,35.52,35.08,35.3,35.37,0.01,0.0283,1.1583,1461246,51589132.82,10330960000.0,4463488579.12
2016-05-04,'002737,葵花药业,35.37,35.73,35.17,35.21,35.38,-0.01,-0.0283,1.6981,2142355,75963086.75,10328040000.0,4462226993.88
2016-05-03,'002737,葵花药业,35.38,35.47,34.23,34.52,34.55,0.83,2.4023,1.544,1947889,68440199.84,10330960000.0,4463488579.12
2016-04-29,'002737,葵花药业,34.55,34.77,34.0,34.2,34.22,0.33,0.9643,1.3139,1657608,57324968.22,10088600000.0,4358777004.2
2016-04-28,'002737,葵花药业,34.22,34.55,33.8,34.36,34.37,-0.15,-0.4364,1.3936,1758090,59999166.34,9992240000.0,4317144691.28
2016-04-27,'002737,葵花药业,34.37,34.96,34.31,34.79,34.8,-0.43,-1.2356,1.2818,1617053,56036625.92,10036040000.0,4336068469.88
2016-04-26,'002737,葵花药业,34.8,34.8,33.6,33.6,33.78,1.02,3.0195,2.1208,2675585,91940103.19,10161600000.0,4390316635.2
2016-04-25,'002737,葵花药业,33.78,33.85,33.38,33.85,33.65,0.13,0.3863,1.1393,1437382,48320850.85,9863760000.0,4261634940.72
2016-04-22,'002737,葵花药业,33.65,33.96,33.33,33.38,33.58,0.07,0.2085,1.305,1646427,55360819.74,9825800000.0,4245234332.6
2016-04-21,'002737,葵花药业,33.58,34.09,33.5,33.99,33.91,-0.33,-0.9732,1.2434,1568674,53121321.6,9805360000.0,4236403235.92
2016-04-20,'002737,葵花药业,33.91,36.7,33.28,36.62,36.57,-2.66,-7.2737,3.7001,4668043,162731498.38,9901720000.0,4278035548.84
2016-04-19,'002737,葵花药业,36.57,36.75,36.28,36.36,36.34,0.23,0.6329,1.4597,1841494,67210796.08,10678440000.0,4613617222.68
2016-04-18,'002737,葵花药业,36.34,36.7,36.11,36.6,36.87,-0.53,-1.4375,1.6711,2108216,76447589.01,10611280000.0,4584600762.16
2016-04-15,'002737,葵花药业,36.87,37.17,36.49,37.15,37.67,-0.8,-2.1237,3.2431,4091442,150472932.88,10766040000.0,4651464779.88
2016-04-14,'002737,葵花药业,37.67,37.97,37.1,37.84,37.75,-0.08,-0.2119,2.4448,3084269,115733093.91,10999640000.0,4752391599.08
2016-04-13,'002737,葵花药业,37.75,38.2,37.52,38.09,37.96,-0.21,-0.5532,3.1313,3950360,150037882.1,11023000000.0,4762484281.0
2016-04-12,'002737,葵花药业,37.96,38.38,37.04,37.04,37.6,0.36,0.9574,3.3218,4190729,158916350.65,11084320000.0,4788977571.04
2016-04-11,'002737,葵花药业,37.6,37.69,36.62,36.62,36.4,1.2,3.2967,2.4266,3061342,114611924.28,10979200000.0,4743560502.4
2016-04-08,'002737,葵花药业,36.4,36.45,35.88,36.14,36.6,-0.2,-0.5464,2.24,2825959,102154191.53,10628800000.0,4592170273.6
2016-04-07,'002737,葵花药业,36.6,38.3,36.6,37.77,37.5,-0.9,-2.4,3.6013,4543335,169357489.47,10687200000.0,4617401978.4
2016-04-06,'002737,葵花药业,37.5,38.49,35.81,36.07,36.18,1.32,3.6484,4.9338,6224436,231659073.91,10950000000.0,4730944650.0
2016-04-05,'002737,葵花药业,36.18,36.28,34.8,34.98,34.95,1.23,3.5193,2.5681,3239880,115296998.42,10564560000.0,4564415398.32
2016-04-01,'002737,葵花药业,34.95,35.15,34.2,35.15,35.23,-0.28,-0.7948,1.5867,2001761,69341218.08,10205400000.0,4409240413.8
2016-03-31,'002737,葵花药业,35.23,35.68,34.91,35.09,34.93,0.3,0.8589,2.4759,3123606,110214676.33,10287160000.0,4444564800.52
2016-03-30,'002737,葵花药业,34.93,34.96,33.85,33.85,33.69,1.24,3.6806,1.9103,2410068,82836400.94,10199560000.0,4406717243.32
2016-03-29,'002737,葵花药业,33.69,34.74,33.56,34.38,34.57,-0.88,-2.5456,1.788,2255750,76620786.15,9837480000.0,4250280673.56
2016-03-28,'002737,葵花药业,34.57,35.58,34.55,34.9,34.82,-0.25,-0.718,1.9616,2474715,86857200.41,10094440000.0,4361300174.68
2016-03-25,'002737,葵花药业,34.82,34.89,34.33,34.7,34.78,0.04,0.115,1.5911,2007328,69548670.44,10167440000.0,4392839805.68
2016-03-24,'002737,葵花药业,34.78,35.25,34.74,34.94,35.22,-0.44,-1.2493,2.0261,2556112,89409085.54,10155760000.0,4387793464.72
2016-03-23,'002737,葵花药业,35.22,35.27,34.67,35.16,35.35,-0.13,-0.3678,2.8433,3587081,125448330.83,10284240000.0,4443303215.28
2016-03-22,'002737,葵花药业,35.35,35.77,34.57,34.78,35.18,0.17,0.4832,3.2629,4116380,144188094.7,10322200000.0,4459703823.4
2016-03-21,'002737,葵花药业,35.18,35.45,34.5,34.7,34.45,0.73,2.119,2.8602,3608346,126223332.41,10272560000.0,4438256874.32
2016-03-18,'002737,葵花药业,34.45,34.49,33.0,33.11,33.07,1.38,4.173,3.216,4057271,137530127.98,10059400000.0,4346161151.8
2016-03-17,'002737,葵花药业,33.07,33.18,32.17,32.26,32.17,0.9,2.7976,1.6493,2080748,68255318.66,9656440000.0,4172062388.68
2016-03-16,'002737,葵花药业,32.17,32.9,31.9,32.89,32.57,-0.4,-1.2281,0.9141,1153231,37327682.16,9393640000.0,4058519717.08
2016-03-15,'002737,葵花药业,32.57,32.99,32.5,32.9,32.97,-0.4,-1.2132,1.2098,1526229,50003627.96,9510440000.0,4108983126.68
2016-03-14,'002737,葵花药业,32.97,33.17,32.12,32.13,31.78,1.19,3.7445,1.9503,2460510,80846503.15,9627240000.0,4159446536.28
2016-03-11,'002737,葵花药业,31.78,31.97,31.41,31.5,31.86,-0.08,-0.2511,0.6781,855518,27149417.13,9279760000.0,4009317892.72
2016-03-10,'002737,葵花药业,31.86,32.29,31.65,31.98,31.96,-0.1,-0.3129,0.8622,1087759,34795074.35,9303120000.0,4019410574.64
2016-03-09,'002737,葵花药业,31.96,32.28,31.54,31.94,32.39,-0.43,-1.3276,0.9665,1219352,38942383.24,9332320000.0,4032026427.04
2016-03-08,'002737,葵花药业,32.39,32.4,30.9,32.04,32.24,0.15,0.4653,1.3085,1650766,52151651.61,9457880000.0,4086274592.36
2016-03-07,'002737,葵花药业,32.24,32.8,31.7,31.7,31.58,0.66,2.0899,1.0949,1381369,44578827.83,9414080000.0,4067350813.76
2016-03-04,'002737,葵花药业,31.58,33.3,31.21,33.0,33.21,-1.63,-4.9082,1.7893,2257353,72764288.71,9221360000.0,3984086187.92
2016-03-03,'002737,葵花药业,33.21,33.88,33.03,33.2,33.56,-0.35,-1.0429,2.0249,2554549,85492205.0,9697320000.0,4189724582.04
2016-03-02,'002737,葵花药业,33.56,33.8,32.0,32.48,32.45,1.11,3.4206,2.4303,3066065,100529493.52,9799520000.0,4233880065.44
2016-03-01,'002737,葵花药业,32.45,32.99,30.33,31.45,31.31,1.14,3.641,3.129,3947443,124432092.27,9475400000.0,4093844103.8
2016-02-29,'002737,葵花药业,31.31,33.76,30.75,33.7,33.76,-2.45,-7.2571,1.4599,1841792,58122780.26,9142520000.0,3950023386.44
2016-02-26,'002737,葵花药业,33.76,34.08,33.01,33.46,33.43,0.33,0.9871,1.2868,1623388,54715153.93,9857920000.0,4259111770.24
2016-02-25,'002737,葵花药业,33.43,36.44,33.05,36.44,36.45,-3.02,-8.2853,1.8002,2271161,78858265.99,9761560000.0,4217479457.32
2016-02-24,'002737,葵花药业,36.45,36.74,35.68,36.58,36.56,-0.11,-0.3009,1.1806,1489392,53853929.73,10643400000.0,4598478199.8
2016-02-23,'002737,葵花药业,36.56,37.25,36.16,37.17,36.99,-0.43,-1.1625,1.3516,1705129,62414214.9,10675520000.0,4612355637.44
2016-02-22,'002737,葵花药业,36.99,37.38,36.38,36.38,36.1,0.89,2.4654,1.7362,2190411,80845386.05,10801080000.0,4666603802.76
2016-02-19,'002737,葵花药业,36.1,36.27,35.61,35.83,35.82,0.28,0.7817,1.2022,1516710,54548609.46,10541200000.0,4554322716.4
2016-02-18,'002737,葵花药业,35.82,36.39,35.71,35.95,35.73,0.09,0.2519,1.6539,2086550,75100350.53,10459440000.0,4518998329.68
2016-02-17,'002737,葵花药业,35.73,35.82,35.21,35.69,35.68,0.05,0.1401,1.5465,1951092,69439672.37,10433160000.0,4507644062.52
2016-02-16,'002737,葵花药业,35.68,35.76,34.45,34.45,34.39,1.29,3.7511,1.517,1913840,67771011.67,10418560000.0,4501336136.32
2016-02-15,'002737,葵花药业,34.39,34.69,33.51,34.0,34.92,-0.53,-1.5178,0.7505,946814,32237842.94,10041880000.0,4338591640.36
2016-02-05,'002737,葵花药业,34.92,35.48,34.7,35.15,35.27,-0.35,-0.9923,0.7114,897502,31443311.46,10196640000.0,4405455658.08
2016-02-04,'002737,葵花药业,35.27,35.54,34.72,34.83,34.7,0.57,1.6427,1.0769,1358594,47861637.07,10298840000.0,4449611141.48
2016-02-03,'002737,葵花药业,34.7,34.83,34.06,34.3,34.79,-0.09,-0.2587,0.8575,1081853,37205583.94,10132400000.0,4377700782.8
2016-02-02,'002737,葵花药业,34.79,34.98,33.5,33.7,33.8,0.99,2.929,1.1177,1410106,48724691.62,10158680000.0,4389055049.96
2016-02-01,'002737,葵花药业,33.8,34.34,33.23,34.2,34.2,-0.4,-1.1696,0.8577,1082030,36629910.9,9869600000.0,4264158111.2
2016-01-29,'002737,葵花药业,34.2,34.48,33.15,33.15,33.12,1.08,3.2609,1.2124,1529502,51934908.15,9986400000.0,4314621520.8
2016-01-28,'002737,葵花药业,33.12,34.77,33.02,34.29,34.75,-1.63,-4.6906,1.0095,1273534,43191959.49,9671040000.0,4178370314.88
2016-01-27,'002737,葵花药业,34.75,36.5,32.96,36.5,35.5,-0.75,-2.1127,1.7058,2152003,74175393.66,10147000000.0,4384008709.0
2016-01-26,'002737,葵花药业,35.5,38.15,35.3,38.15,38.2,-2.7,-7.0681,1.7477,2204907,81278362.66,10366000000.0,4478627602.0
2016-01-25,'002737,葵花药业,38.2,38.75,37.96,38.5,38.22,-0.02,-0.0523,0.9591,1209997,46521742.73,11154400000.0,4819255616.8
2016-01-22,'002737,葵花药业,38.22,38.75,37.51,38.3,38.0,0.22,0.5789,1.2318,1554028,59105308.78,11160240000.0,4821778787.28
2016-01-21,'002737,葵花药业,38.0,39.47,38.0,38.61,39.21,-1.21,-3.0859,1.185,1495015,57966033.74,11096000000.0,4794023912.0
2016-01-20,'002737,葵花药业,39.21,39.79,38.88,39.63,39.84,-0.63,-1.5813,1.8351,2315080,91054322.47,11449320000.0,4946675726.04
2016-01-19,'002737,葵花药业,39.84,40.0,38.61,38.78,38.83,1.01,2.6011,1.8458,2328659,91834998.52,11633280000.0,5026155596.16
2016-01-18,'002737,葵花药业,38.83,39.23,37.51,38.0,38.41,0.42,1.0935,1.2346,1557521,60277045.38,11338360000.0,4898735486.92
2016-01-15,'002737,葵花药业,38.41,39.5,38.28,39.1,39.31,-0.9,-2.2895,1.5063,1900277,73968382.63,11215720000.0,4845748906.84
2016-01-14,'002737,葵花药业,39.31,39.33,36.69,37.66,37.82,1.49,3.9397,2.4094,3039680,116955671.38,11478520000.0,4959291578.44
2016-01-13,'002737,葵花药业,37.82,39.01,37.81,38.79,38.36,-0.54,-1.4077,1.2317,1553915,59651934.38,11043440000.0,4771315377.68
2016-01-12,'002737,葵花药业,38.36,39.08,37.7,37.85,37.5,0.86,2.2933,1.8321,2311410,88684692.87,11201120000.0,4839440980.64
2016-01-11,'002737,葵花药业,37.5,40.1,37.38,39.0,40.02,-2.52,-6.2969,2.708,3416402,133357705.51,10950000000.0,4730944650.0
2016-01-08,'002737,葵花药业,40.02,40.86,38.28,40.1,38.99,1.03,2.6417,2.6695,3367758,134076861.5,11685840000.0,5048864130.48
2016-01-07,'002737,葵花药业,38.99,42.3,38.88,42.3,42.95,-3.96,-9.22,0.4852,612100,24932278.18,11385080000.0,4918920850.76
2016-01-06,'002737,葵花药业,42.95,43.0,41.39,41.72,41.17,1.78,4.3235,1.783,2249384,94907368.76,12541400000.0,5418508605.8
2016-01-05,'002737,葵花药业,41.17,43.4,40.33,41.05,43.11,-1.94,-4.5001,3.0104,3797872,158353385.17,12021640000.0,5193946433.08
2016-01-04,'002737,葵花药业,43.11,47.6,43.0,47.6,47.61,-4.5,-9.4518,2.6011,3281518,148423320.92,12588120000.0,5438693969.64
2015-12-31,'002737,葵花药业,47.61,48.55,47.6,48.54,48.39,-0.78,-1.6119,2.4041,3033012,145387877.01,13902120000.0,6006407327.64
2015-12-30,'002737,葵花药业,48.39,48.68,47.91,48.0,48.82,-0.43,-0.8808,2.5521,3219748,155460466.43,14129880000.0,6104810976.36
2015-12-29,'002737,葵花药业,48.82,48.9,47.88,48.46,48.44,0.38,0.7845,3.2578,2378178,114934021.18,14255440000.0,3563860000.0
2015-12-28,'002737,葵花药业,48.44,50.3,48.26,50.1,49.9,-1.46,-2.9259,5.0124,3659019,180587811.34,14144480000.0,3536095780.0
2015-12-25,'002737,葵花药业,49.9,50.42,49.49,49.98,50.28,-0.38,-0.7558,4.0026,2921910,145824532.28,14570800000.0,3642675050.0
2015-12-24,'002737,葵花药业,50.28,51.1,49.48,51.1,51.56,-1.28,-2.4825,4.5543,3324651,166712773.05,14681760000.0,3670414860.0
2015-12-23,'002737,葵花药业,51.56,52.48,50.13,50.19,49.93,1.63,3.2646,10.6695,7788689,401176098.23,15055520000.0,3763854220.0
2015-12-22,'002737,葵花药业,49.93,50.97,49.39,50.6,50.6,-0.67,-1.3241,4.6426,3389066,169138908.65,14579560000.0,3644865035.0
2015-12-21,'002737,葵花药业,50.6,51.38,50.04,50.5,50.63,-0.03,-0.0593,5.0107,3657813,185867432.85,14775200000.0,3693774700.0
2015-12-18,'002737,葵花药业,50.63,51.35,49.3,49.59,49.63,1.0,2.0149,6.1073,4458263,225221825.21,14783960000.0,3695964685.0
2015-12-17,'002737,葵花药业,49.63,49.78,48.3,48.3,48.02,1.61,3.3528,4.6432,3389489,166670288.4,14491960000.0,3622965185.0
2015-12-16,'002737,葵花药业,48.02,48.56,47.83,48.1,47.8,0.22,0.4603,2.626,1916983,92295158.24,14021840000.0,3505435990.0
2015-12-15,'002737,葵花药业,47.8,48.66,47.62,47.81,47.79,0.01,0.0209,2.6407,1927713,92642721.17,13957600000.0,3489376100.0
2015-12-14,'002737,葵花药业,47.79,47.87,46.6,46.8,47.08,0.71,1.5081,1.7128,1250329,59047435.1,13954680000.0,3488646105.0
2015-12-11,'002737,葵花药业,47.08,47.65,46.9,47.5,47.45,-0.37,-0.7798,1.6815,1227497,57942018.48,13747360000.0,3436816460.0
2015-12-10,'002737,葵花药业,47.45,47.95,47.2,47.2,47.61,-0.16,-0.3361,1.8808,1372979,65402251.4,13855400000.0,3463826275.0
2015-12-09,'002737,葵花药业,47.61,48.93,47.06,48.93,49.0,-1.39,-2.8367,3.352,2446973,117023313.13,13902120000.0,3475506195.0
2015-12-08,'002737,葵花药业,49.0,50.29,48.7,48.78,49.15,-0.15,-0.3052,4.3943,3207794,158800176.27,14308000000.0,3576975500.0
2015-12-07,'002737,葵花药业,49.15,50.15,48.03,48.81,48.78,0.37,0.7585,5.198,3794507,186819078.52,14351800000.0,3587925425.0
2015-12-04,'002737,葵花药业,48.78,48.85,47.78,47.95,48.2,0.58,1.2033,4.3772,3195364,154495315.57,14243760000.0,3560915610.0
2015-12-03,'002737,葵花药业,48.2,48.36,47.21,47.21,47.05,1.15,2.4442,3.0375,2217326,106131512.68,14074400000.0,3518575900.0
2015-12-02,'002737,葵花药业,47.05,47.9,45.5,47.77,47.62,-0.57,-1.197,3.3501,2445571,114102285.18,13738600000.0,3434626475.0
2015-12-01,'002737,葵花药业,47.62,48.42,47.12,47.8,48.18,-0.56,-1.1623,4.4212,3227425,154223654.13,13905040000.0,3476236190.0
2015-11-30,'002737,葵花药业,48.18,48.37,45.62,47.65,47.9,0.28,0.5846,5.6019,4089334,193202196.0,14068560000.0,3517115910.0
2015-11-27,'002737,葵花药业,47.9,51.64,47.85,51.6,52.01,-4.11,-7.9023,7.7596,5664472,282975480.79,13986800000.0,3496676050.0
2015-11-26,'002737,葵花药业,52.01,53.38,52.0,52.8,52.58,-0.57,-1.0841,7.6164,5559959,293075228.27,15186920000.0,3796703995.0
2015-11-25,'002737,葵花药业,52.58,52.6,51.5,52.14,52.16,0.42,0.8052,5.9561,4347955,226864909.23,15353360000.0,3838313710.0
2015-11-24,'002737,葵花药业,52.16,52.18,50.68,50.99,50.96,1.2,2.3548,5.2915,3862765,198792692.75,15230720000.0,3807653920.0
2015-11-23,'002737,葵花药业,50.96,52.49,50.44,50.5,50.96,0.0,0.0,5.9402,4336351,223111344.28,14880320000.0,3720054520.0
2015-11-20,'002737,葵花药业,50.96,51.98,50.41,51.9,51.57,-0.61,-1.1829,6.2936,4594289,234126239.15,14880320000.0,3720054520.0
2015-11-19,'002737,葵花药业,51.57,51.68,50.01,50.58,50.41,1.16,2.3011,5.0306,3672293,186647684.97,15058440000.0,3764584215.0
2015-11-18,'002737,葵花药业,50.41,52.0,50.38,51.6,51.6,-1.19,-2.3062,5.1886,3787628,193731305.68,14719720000.0,3679904795.0
2015-11-17,'002737,葵花药业,51.6,54.75,51.21,53.61,53.37,-1.77,-3.3165,10.1515,7410536,391216747.95,15067200000.0,3766774200.0
2015-11-16,'002737,葵花药业,53.37,53.95,50.02,50.48,52.1,1.27,2.4376,7.618,5561100,290701006.37,15584040000.0,3895983315.0
2015-11-13,'002737,葵花药业,52.1,55.0,51.18,52.01,52.72,-0.62,-1.176,12.0944,8828829,467407883.51,15213200000.0,3803273950.0
2015-11-12,'002737,葵花药业,52.72,53.83,50.04,50.63,50.62,2.1,4.1486,14.297,10436756,541951531.93,15394240000.0,3848533640.0
2015-11-11,'002737,葵花药业,50.62,50.74,48.3,48.6,48.85,1.77,3.6233,9.233,6740025,335970132.93,14781040000.0,3695234690.0
2015-11-10,'002737,葵花药业,48.85,49.44,48.23,48.89,49.34,-0.49,-0.9931,6.3445,4631424,226424597.17,14264200000.0,3566025575.0
2015-11-09,'002737,葵花药业,49.34,49.6,47.6,47.93,48.23,1.11,2.3015,9.5126,6944146,338856135.82,14407280000.0,3601795330.0
2015-11-06,'002737,葵花药业,48.23,48.5,47.01,47.45,47.38,0.85,1.794,6.4154,4683221,223969030.83,14083160000.0,3520765885.0
2015-11-05,'002737,葵花药业,47.38,48.84,46.98,48.02,48.35,-0.97,-2.0062,7.0375,5137339,245785991.17,13834960000.0,3458716310.0
2015-11-04,'002737,葵花药业,48.35,48.43,46.19,46.2,46.14,2.21,4.7898,5.1559,3763815,178942213.21,14118200000.0,3529525825.0
2015-11-03,'002737,葵花药业,46.14,47.06,45.92,46.8,46.64,-0.5,-1.072,4.0342,2944977,136666705.67,13472880000.0,3368196930.0
2015-11-02,'002737,葵花药业,46.64,48.63,45.6,46.01,48.07,-1.43,-2.9748,5.2135,3805860,179590075.55,13618880000.0,3404696680.0
2015-10-30,'002737,葵花药业,48.07,50.06,48.05,49.93,47.94,0.13,0.2712,8.3274,6078954,297646866.55,14036440000.0,3509085965.0
2015-10-29,'002737,葵花药业,47.94,48.63,47.01,47.93,47.91,0.03,0.0626,4.2521,3103979,148234834.07,13998480000.0,3499596030.0
2015-10-28,'002737,葵花药业,47.91,49.8,47.67,49.8,50.94,-3.03,-5.9482,7.9723,5819733,284218780.02,13989720000.0,3497406045.0
2015-10-27,'002737,葵花药业,50.94,51.17,48.8,50.0,48.79,2.15,4.4066,14.2091,10372574,521053936.57,14874480000.0,3718594530.0
2015-10-26,'002737,葵花药业,48.79,49.8,47.67,49.6,49.54,-0.75,-1.5139,8.5591,6248121,303084784.66,14246680000.0,3561645605.0
2015-10-23,'002737,葵花药业,49.54,49.55,46.05,46.15,45.62,3.92,8.5927,9.2945,6784947,328209677.55,14465680000.0,3616395230.0
2015-10-22,'002737,葵花药业,45.62,46.0,43.08,43.08,43.0,2.62,6.093,5.2107,3803819,169243521.43,13321040000.0,3330237190.0
2015-10-21,'002737,葵花药业,43.0,46.95,42.82,46.0,46.15,-3.15,-6.8256,5.7229,4177707,188561570.39,12556000000.0,3138978500.0
2015-10-20,'002737,葵花药业,46.15,46.39,44.95,45.05,45.38,0.77,1.6968,4.19,3058686,139975210.72,13475800000.0,3368926925.0
2015-10-19,'002737,葵花药业,45.38,46.98,44.72,46.35,46.0,-0.62,-1.3478,4.9682,3626772,166018075.47,13250960000.0,3312717310.0
2015-10-16,'002737,葵花药业,46.0,46.36,44.35,44.35,44.3,1.7,3.8375,6.6882,4882364,223230571.58,13432000000.0,3357977000.0
2015-10-15,'002737,葵花药业,44.3,44.35,42.95,43.03,43.13,1.17,2.7127,3.6427,2659168,116635794.3,12935600000.0,3233877850.0
2015-10-14,'002737,葵花药业,43.13,44.89,43.11,44.75,44.8,-1.67,-3.7277,3.7562,2741998,120741049.28,12593960000.0,3148468435.0
2015-10-13,'002737,葵花药业,44.8,45.16,43.56,43.98,44.35,0.45,1.0147,5.4255,3960591,175913434.49,13081600000.0,3270377600.0
2015-10-12,'002737,葵花药业,44.35,45.08,42.66,42.66,42.65,1.7,3.9859,6.6737,4871788,214261371.65,12950200000.0,3237527825.0
2015-10-09,'002737,葵花药业,42.65,43.4,41.8,42.3,42.53,0.12,0.2822,4.743,3462363,147193394.15,12453800000.0,3113428675.0
2015-10-08,'002737,葵花药业,42.53,43.44,42.11,43.01,41.2,1.33,3.2282,5.2033,3798406,162151853.84,12418760000.0,3104668735.0
2015-09-30,'002737,葵花药业,41.2,41.81,40.96,41.39,41.41,-0.21,-0.5071,3.1512,2300360,94984205.95,12030400000.0,3007579400.0
2015-09-29,'002737,葵花药业,41.41,43.16,39.0,39.8,40.25,1.16,2.882,6.7207,4906091,205046606.4,12091720000.0,3022909295.0
2015-09-28,'002737,葵花药业,40.25,40.49,38.1,38.83,38.79,1.46,3.7639,3.361,2453517,97558416.07,11753000000.0,2938229875.0
2015-09-25,'002737,葵花药业,38.79,39.99,38.3,39.85,40.09,-1.3,-3.2427,2.6821,1957919,76550148.35,11326680000.0,2831650605.0
2015-09-24,'002737,葵花药业,40.09,40.34,39.4,39.4,39.29,0.8,2.0361,2.9274,2136955,85445169.9,11706280000.0,2926549955.0
2015-09-23,'002737,葵花药业,39.29,40.0,38.9,39.55,40.05,-0.76,-1.8976,2.2726,1659011,65381914.38,11472680000.0,2868150355.0
2015-09-22,'002737,葵花药业,40.05,40.6,39.58,40.28,40.3,-0.25,-0.6203,3.6716,2680261,107632574.66,11694600000.0,2923629975.0
2015-09-21,'002737,葵花药业,40.3,40.35,37.86,38.2,38.44,1.86,4.8387,4.4399,3241085,128220528.85,11767600000.0,2941879850.0
2015-09-18,'002737,葵花药业,38.44,38.93,37.9,38.56,38.2,0.24,0.6283,2.274,1660043,63605297.6,11224480000.0,2806100780.0
2015-09-17,'002737,葵花药业,38.2,40.4,38.2,39.3,39.72,-1.52,-3.8268,4.8639,3550592,139906424.52,11154400000.0,2788580900.0
2015-09-16,'002737,葵花药业,39.72,40.05,36.41,36.41,36.48,3.24,8.8816,3.9309,2869547,109458951.48,11598240000.0,2899540140.0
2015-09-15,'002737,葵花药业,36.48,37.73,36.0,36.3,36.9,-0.42,-1.1382,3.2819,2395794,88235130.95,10652160000.0,2663021760.0
2015-09-14,'002737,葵花药业,36.9,40.55,36.36,40.16,40.35,-3.45,-8.5502,4.4671,3260959,124697663.1,10774800000.0,2693681550.0
2015-09-11,'002737,葵花药业,40.35,40.98,39.72,40.52,40.7,-0.35,-0.86,3.4452,2514988,101508643.74,11782200000.0,2945529825.0
2015-09-10,'002737,葵花药业,40.7,41.8,40.51,41.38,42.08,-1.38,-3.2795,3.6415,2658303,109461421.39,11884400000.0,2971079650.0
2015-09-09,'002737,葵花药业,42.08,42.29,40.55,40.55,40.86,1.22,2.9858,5.8318,4257173,177389801.26,12287360000.0,3071818960.0
2015-09-08,'002737,葵花药业,40.86,41.25,38.2,38.52,38.3,2.56,6.6841,4.1461,3026602,119762740.26,11931120000.0,2982759570.0
2015-09-07,'002737,葵花药业,38.3,39.5,38.0,38.4,37.26,1.04,2.7912,3.6634,2674232,103699058.95,11183600000.0,2795880850.0
2015-09-02,'002737,葵花药业,37.26,40.0,36.0,36.7,37.97,-0.71,-1.8699,4.7524,3469221,132021618.64,10879920000.0,2719961370.0
2015-09-01,'002737,葵花药业,37.97,40.21,37.63,40.21,40.86,-2.89,-7.0729,5.1938,3791441,146344458.31,11087240000.0,2771791015.0
2015-08-31,'002737,葵花药业,40.86,42.98,40.84,42.2,43.77,-2.91,-6.6484,4.8997,3576733,149434606.3,11931120000.0,2982759570.0
2015-08-28,'002737,葵花药业,43.77,44.48,41.0,42.0,41.48,2.29,5.5207,8.0829,5900500,249239176.79,12780840000.0,3195188115.0
2015-08-27,'002737,葵花药业,41.48,42.1,39.1,41.2,40.0,1.48,3.7,5.5208,4030178,164751163.61,12112160000.0,3028019260.0
2015-08-26,'002737,葵花药业,40.0,42.3,37.0,39.95,38.88,1.12,2.8807,8.9352,6522644,263635879.71,11680000000.0,2919980000.0
2015-08-25,'002737,葵花药业,38.88,42.4,38.88,39.18,43.2,-4.32,-10.0,7.2353,5281763,211592187.48,11352960000.0,2838220560.0
2015-08-24,'002737,葵花药业,43.2,45.22,43.2,45.2,48.0,-4.8,-10.0,6.3536,4638150,202575698.57,12614400000.0,3153600000.0
2015-08-21,'002737,葵花药业,48.0,51.5,47.8,50.95,52.88,-4.88,-9.2284,9.1193,6657073,330110524.02,14016000000.0,3504000000.0
2015-08-20,'002737,葵花药业,52.88,56.1,52.5,53.13,51.46,1.42,2.7594,18.9544,13836695,749784238.13,15440960000.0,3860240000.0
2015-08-19,'002737,葵花药业,51.46,51.46,45.02,45.2,46.78,4.68,10.0043,9.5725,6987937,343078668.32,15026320000.0,3756580000.0
2015-08-18,'002737,葵花药业,46.78,51.49,46.78,49.87,51.98,-5.2,-10.0038,7.1409,5212893,256926939.87,13659760000.0,3414940000.0
2015-08-17,'002737,葵花药业,51.98,54.05,48.0,48.86,49.14,2.84,5.7794,7.839,5722487,292189485.73,15178160000.0,3794540000.0
2015-08-14,'002737,葵花药业,49.14,49.71,48.58,49.49,49.24,-0.1,-0.2031,4.4759,3267389,160882262.56,14348880000.0,3587220000.0
2015-08-13,'002737,葵花药业,49.24,49.28,47.71,47.71,48.37,0.87,1.7986,3.1479,2297971,111615795.52,14378080000.0,3594520000.0
2015-08-12,'002737,葵花药业,48.37,49.99,48.36,49.5,49.91,-1.54,-3.0856,4.1664,3041501,149771758.8,14124040000.0,3531010000.0
2015-08-11,'002737,葵花药业,49.91,51.11,49.35,49.97,50.07,-0.16,-0.3196,6.3488,4634609,232926573.0,14573720000.0,3643430000.0
2015-08-10,'002737,葵花药业,50.07,50.59,47.51,48.0,47.65,2.42,5.0787,6.5777,4801746,235313357.92,14620440000.0,3655110000.0
2015-08-07,'002737,葵花药业,47.65,47.98,46.69,46.69,46.15,1.5,3.2503,4.0181,2933234,139356152.43,13913800000.0,3478450000.0
2015-08-06,'002737,葵花药业,46.15,46.88,45.01,45.3,46.68,-0.53,-1.1354,2.7852,2033222,93800651.76,13475800000.0,3368950000.0
2015-08-05,'002737,葵花药业,46.68,47.98,46.22,47.8,47.8,-1.12,-2.3431,4.145,3025831,142626755.0,13630560000.0,3407640000.0
2015-08-04,'002737,葵花药业,47.8,48.0,44.8,44.8,44.4,3.4,7.6577,4.8038,3506744,162757693.73,13957600000.0,3489400000.0
2015-08-03,'002737,葵花药业,44.4,47.51,43.8,46.0,46.6,-2.2,-4.721,5.4358,3968168,179943637.6,12964800000.0,3241200000.0
2015-07-31,'002737,葵花药业,46.6,48.15,44.88,47.24,47.7,-1.1,-2.3061,3.9296,2868641,135235867.76,13607200000.0,3401800000.0
2015-07-30,'002737,葵花药业,47.7,50.2,47.6,48.6,49.58,-1.88,-3.7919,4.9747,3631524,178323160.85,13928400000.0,3482100000.0
2015-07-29,'002737,葵花药业,49.58,49.6,46.02,47.02,46.57,3.01,6.4634,5.3737,3922790,186857330.08,14477360000.0,3619340000.0
2015-07-28,'002737,葵花药业,46.57,49.48,43.67,44.18,48.33,-1.76,-3.6416,7.5876,5538954,253871982.82,13598440000.0,3399610000.0
2015-07-27,'002737,葵花药业,48.33,53.3,48.33,52.34,53.7,-5.37,-10.0,8.1571,5954674,303914891.76,14112360000.0,3528090000.0
2015-07-24,'002737,葵花药业,53.7,56.9,53.6,55.98,55.8,-2.1,-3.7634,9.5387,6963228,384250291.61,15680400000.0,3920100000.0
2015-07-23,'002737,葵花药业,55.8,57.0,52.55,52.98,53.0,2.8,5.283,9.5325,6958697,382924401.39,16293600000.0,4073400000.0
2015-07-22,'002737,葵花药业,53.0,53.6,52.0,52.8,53.48,-0.48,-0.8975,5.7703,4212337,222525314.33,15476000000.0,3869000000.0
2015-07-21,'002737,葵花药业,53.48,54.48,51.6,52.7,53.62,-0.14,-0.2611,6.0488,4415590,234832618.83,15616160000.0,3904040000.0
2015-07-20,'002737,葵花药业,53.62,55.3,52.52,54.7,54.6,-0.98,-1.7949,8.9569,6538552,352728692.41,15657040000.0,3914260000.0
2015-07-17,'002737,葵花药业,54.6,55.03,51.3,51.3,51.2,3.4,6.6406,8.2587,6028882,321832602.94,15943200000.0,3985800000.0
2015-07-16,'002737,葵花药业,51.2,52.77,45.89,48.89,48.89,2.31,4.7249,7.8711,5745938,291294191.9,14950400000.0,3737600000.0
2015-07-15,'002737,葵花药业,48.89,53.5,48.89,52.95,54.32,-5.43,-9.9963,10.1983,7444741,377466556.47,14275880000.0,3568970000.0
2015-07-14,'002737,葵花药业,54.32,58.65,53.11,54.99,55.61,-1.29,-2.3197,14.9128,10886345,608496646.59,15861440000.0,3965360000.0
2015-07-13,'002737,葵花药业,55.61,55.61,52.0,54.0,50.55,5.06,10.0099,14.1264,10312271,563158155.89,16238120000.0,4059530000.0
2015-07-10,'002737,葵花药业,50.55,50.55,48.03,49.0,45.95,4.6,10.0109,5.5248,4033093,202436158.08,14760600000.0,3690150000.0
2015-07-09,'002737,葵花药业,45.95,45.95,41.77,41.77,41.77,4.18,10.0072,8.6342,6302986,284194873.62,13417400000.0,3354350000.0
2015-07-08,'002737,葵花药业,41.77,42.3,41.06,41.06,45.62,-3.85,-8.4393,16.1112,11761186,489468734.67,12196840000.0,3049210000.0
2015-07-07,'002737,葵花药业,45.62,49.0,45.62,48.96,50.69,-5.07,-10.002,6.9253,5055458,236264430.29,13321040000.0,3330260000.0
2015-07-06,'002737,葵花药业,50.69,54.23,47.78,54.23,49.3,1.39,2.8195,12.6194,9212162,470364004.38,14801480000.0,3700370000.0
2015-07-03,'002737,葵花药业,49.3,52.5,44.4,48.95,49.28,0.02,0.0406,11.7699,8592017,416117843.02,14395600000.0,3598900000.0
2015-07-02,'002737,葵花药业,49.28,50.99,47.0,48.34,48.51,0.77,1.5873,11.3991,8321359,410375476.13,14389760000.0,3597440000.0
2015-07-01,'002737,葵花药业,48.51,51.41,47.0,47.69,46.74,1.77,3.7869,14.3078,10444669,517909880.76,14164920000.0,3541230000.0
2015-06-30,'002737,葵花药业,46.74,46.74,42.06,42.69,42.49,4.25,10.0024,9.2083,6722092,298246468.19,13648080000.0,3412020000.0
2015-06-29,'002737,葵花药业,42.49,47.5,41.39,47.44,45.99,-3.5,-7.6104,9.575,6989720,308100965.15,12407080000.0,3101770000.0
2015-06-26,'002737,葵花药业,45.99,49.53,45.99,49.53,51.1,-5.11,-10.0,7.6852,5610222,266684613.7,13429080000.0,3357270000.0
2015-06-25,'002737,葵花药业,51.1,54.95,50.2,54.95,55.24,-4.14,-7.4946,6.7331,4915164,262350620.64,14921200000.0,3730300000.0
2015-06-24,'002737,葵花药业,55.24,55.34,53.85,53.85,53.52,1.72,3.2138,7.9455,5800236,317044540.48,16130080000.0,4032520000.0
2015-06-23,'002737,葵花药业,53.52,53.9,50.13,51.85,51.8,1.72,3.3205,7.0121,5118827,269187940.66,15627840000.0,3906960000.0
2015-06-19,'002737,葵花药业,51.8,55.38,51.6,55.1,56.56,-4.76,-8.4158,7.3125,5338133,285582922.29,15125600000.0,3781400000.0
2015-06-18,'002737,葵花药业,56.56,61.01,56.02,61.01,61.05,-4.49,-7.3546,6.1084,4459156,262071983.39,16515520000.0,4128880000.0
2015-06-17,'002737,葵花药业,61.05,61.4,57.9,57.9,57.76,3.29,5.696,7.7906,5687132,338799689.78,17826600000.0,4456650000.0
2015-06-16,'002737,葵花药业,57.76,61.36,57.22,60.9,62.3,-4.54,-7.2873,8.3977,6130338,362055026.31,16865920000.0,4216480000.0
2015-06-15,'002737,葵花药业,62.3,66.79,62.02,66.56,67.61,-5.31,-7.8539,10.1077,7378631,471435784.04,18191600000.0,4547900000.0
2015-06-12,'002737,葵花药业,67.61,70.5,67.6,69.89,69.75,-2.14,-3.0681,8.9525,6535343,447780833.26,19742120000.0,4935530000.0
2015-06-11,'002737,葵花药业,69.75,70.0,64.7,67.0,66.93,2.82,4.2134,11.2893,8241182,556396328.01,20367000000.0,5091750000.0
2015-06-10,'002737,葵花药业,134.2,136.88,130.0,132.0,133.2,1.0,0.7508,8.6822,3169009,422769527.96,19593200000.0,4898300000.0
2015-06-09,'002737,葵花药业,133.2,134.5,129.86,134.5,128.85,4.35,3.376,7.8315,2858486,377013277.91,19447200000.0,4861800000.0
2015-06-08,'002737,葵花药业,128.85,138.75,128.2,138.7,139.5,-10.65,-7.6344,11.4703,4186670,550748378.47,18812100000.0,4703025000.0
2015-06-05,'002737,葵花药业,139.5,147.9,137.1,146.0,144.99,-5.49,-3.7865,9.9645,3637035,515254888.72,20367000000.0,5091750000.0
2015-06-04,'002737,葵花药业,144.99,152.5,130.0,150.0,141.31,3.68,2.6042,13.0213,4752762,680379432.63,21168540000.0,5292135000.0
2015-06-03,'002737,葵花药业,141.31,142.9,134.0,139.98,139.0,2.31,1.6619,9.6338,3516348,489203220.71,20631260000.0,5157815000.0
2015-06-02,'002737,葵花药业,139.0,144.87,135.01,141.09,143.98,-4.98,-3.4588,12.6611,4621309,643993309.29,20294000000.0,5073500000.0
2015-06-01,'002737,葵花药业,143.98,148.7,141.08,145.7,141.11,2.87,2.0339,11.0606,4037103,582442937.8,21021080000.0,5255270000.0
2015-05-29,'002737,葵花药业,141.11,144.86,128.0,135.06,134.0,7.11,5.306,13.5367,4940901,675288697.64,20602060000.0,5150515000.0
2015-05-28,'002737,葵花药业,134.0,152.13,133.0,140.4,140.4,-6.4,-4.5584,15.7182,5737161,829212697.69,19564000000.0,4891000000.0
2015-05-27,'002737,葵花药业,140.4,142.4,130.01,130.79,131.85,8.55,6.4846,11.7907,4303605,587449527.52,20498400000.0,5124600000.0
2015-05-26,'002737,葵花药业,131.85,134.89,126.0,127.9,127.51,4.34,3.4037,8.4603,3088021,406483573.58,19250100000.0,4812525000.0
2015-05-25,'002737,葵花药业,127.51,128.47,114.65,115.8,118.65,8.86,7.4673,7.4621,2723679,333435693.86,18616460000.0,4654115000.0
2015-05-22,'002737,葵花药业,118.65,122.95,114.63,114.79,112.0,6.65,5.9375,9.5532,3486927,410523602.83,17322900000.0,4330725000.0
2015-05-21,'002737,葵花药业,112.0,113.16,108.0,108.92,108.9,3.1,2.8466,7.0948,2589614,287626709.96,16352000000.0,4088000000.0
2015-05-20,'002737,葵花药业,108.9,113.8,107.25,110.0,109.7,-0.8,-0.7293,8.0077,2922820,324780047.28,15899400000.0,3974850000.0
2015-05-19,'002737,葵花药业,109.7,111.9,106.01,111.89,109.38,0.32,0.2926,6.9723,2544885,275995682.23,16016200000.0,4004050000.0
2015-05-18,'002737,葵花药业,109.38,110.85,103.71,104.0,105.6,3.78,3.5795,9.1303,3332566,361001394.34,15969480000.0,3992370000.0
2015-05-15,'002737,葵花药业,105.6,108.88,99.01,101.07,102.09,3.51,3.4381,11.4267,4170735,431846176.11,15417600000.0,3854400000.0
2015-05-14,'002737,葵花药业,102.09,106.47,101.6,101.99,103.8,-1.71,-1.6474,9.8825,3607112,372528337.71,14905140000.0,3726285000.0
2015-05-13,'002737,葵花药业,103.8,104.79,93.18,94.03,95.26,8.54,8.9649,14.6022,5329794,538684935.44,15154800000.0,3788700000.0
2015-05-12,'002737,葵花药业,95.26,96.75,92.6,95.53,95.0,0.26,0.2737,9.5498,3485692,329408216.23,13907960000.0,3476990000.0
2015-05-11,'002737,葵花药业,95.0,95.39,90.0,90.0,89.35,5.65,6.3234,9.841,3591967,333837103.79,13870000000.0,3467500000.0
2015-05-08,'002737,葵花药业,89.35,89.36,85.7,86.21,84.85,4.5,5.3035,6.8456,2498638,219149584.14,13045100000.0,3261275000.0
2015-05-07,'002737,葵花药业,84.85,85.97,84.45,85.1,85.0,-0.15,-0.1765,3.9673,1448050,123282530.2,12388100000.0,3097025000.0
2015-05-06,'002737,葵花药业,85.0,87.48,84.58,85.18,85.52,-0.52,-0.608,4.9068,1790969,154414821.68,12410000000.0,3102500000.0
2015-05-05,'002737,葵花药业,85.52,89.21,84.82,89.0,88.92,-3.4,-3.8237,6.9394,2532888,219506065.83,12485920000.0,3121480000.0
2015-05-04,'002737,葵花药业,88.92,90.99,88.21,89.91,90.62,-1.7,-1.876,5.0266,1834694,163687748.2,12982320000.0,3245580000.0
2015-04-30,'002737,葵花药业,90.62,92.98,90.52,92.3,92.23,-1.61,-1.7456,5.9372,2167065,198463990.94,13230520000.0,3307630000.0
2015-04-29,'002737,葵花药业,92.23,92.49,88.25,89.15,89.08,3.15,3.5361,7.6635,2797176,252187744.39,13465580000.0,3366395000.0
2015-04-28,'002737,葵花药业,89.08,89.97,88.0,88.7,88.25,0.83,0.9405,7.3406,2679318,238487927.69,13005680000.0,3251420000.0
2015-04-27,'002737,葵花药业,88.25,90.7,87.97,88.5,87.96,0.29,0.3297,7.1052,2593403,231005769.4,12884500000.0,3221125000.0
2015-04-24,'002737,葵花药业,87.96,89.0,86.4,87.5,89.9,-1.94,-2.158,8.7376,3189241,280107919.46,12842160000.0,3210540000.0
2015-04-23,'002737,葵花药业,89.9,92.33,89.82,92.3,92.6,-2.7,-2.9158,9.2912,3391277,308800094.11,13125400000.0,3281350000.0
2015-04-22,'002737,葵花药业,92.6,93.5,90.87,93.1,92.0,0.6,0.6522,10.7368,3918936,361332901.62,13519600000.0,3379900000.0
2015-04-21,'002737,葵花药业,92.0,92.14,88.36,92.01,90.0,2.0,2.2222,11.2183,4094672,371634107.71,13432000000.0,3358000000.0
2015-04-20,'002737,葵花药业,90.0,92.8,88.5,90.0,89.65,0.35,0.3904,8.1291,2967118,267729437.41,13140000000.0,3285000000.0
2015-04-17,'002737,葵花药业,89.65,92.45,88.12,90.8,89.51,0.14,0.1564,8.1301,2967493,266661734.01,13088900000.0,3272225000.0
2015-04-16,'002737,葵花药业,89.51,93.5,88.07,89.2,90.5,-0.99,-1.0939,7.0556,2575284,234197100.93,13068460000.0,3267115000.0
2015-04-15,'002737,葵花药业,90.5,97.59,90.4,91.2,92.2,-1.7,-1.8438,9.2093,3361402,316094829.11,13213000000.0,3303250000.0
2015-04-14,'002737,葵花药业,92.2,93.99,90.11,93.61,93.59,-1.39,-1.4852,8.1098,2960065,272324751.51,13461200000.0,3365300000.0
2015-04-13,'002737,葵花药业,93.59,95.79,88.81,89.0,89.78,3.81,4.2437,8.5578,3123606,292660213.31,13664140000.0,3416035000.0
2015-04-10,'002737,葵花药业,89.78,90.99,85.01,85.58,86.6,3.18,3.6721,9.4816,3460789,304842336.85,13107880000.0,3276970000.0
2015-04-09,'002737,葵花药业,86.6,86.86,78.82,81.5,81.36,5.24,6.4405,12.027,4389844,362678972.6,12643600000.0,3160900000.0
2015-04-08,'002737,葵花药业,81.36,84.84,80.02,84.84,83.05,-1.69,-2.0349,8.3131,3034285,248034638.38,11878560000.0,2969640000.0
2015-04-07,'002737,葵花药业,83.05,83.49,80.06,80.06,80.01,3.04,3.7995,8.2928,3026870,248829418.38,12125300000.0,3031325000.0
2015-04-03,'002737,葵花药业,80.01,80.84,76.2,76.8,77.4,2.61,3.3721,9.654,3523708,279764046.98,11681460000.0,2920365000.0
2015-04-02,'002737,葵花药业,77.4,78.48,76.71,76.99,77.08,0.32,0.4152,7.4111,2705045,209666624.99,11300400000.0,2825100000.0
2015-04-01,'002737,葵花药业,77.08,77.58,75.3,75.3,75.51,1.57,2.0792,7.5554,2757737,210830022.13,11253680000.0,2813420000.0
2015-03-31,'002737,葵花药业,75.51,77.46,75.51,76.64,77.1,-1.59,-2.0623,7.4912,2734285,209029573.53,11024460000.0,2756115000.0
2015-03-30,'002737,葵花药业,77.1,79.41,76.33,78.1,77.99,-0.89,-1.1412,6.8004,2482150,192031356.56,11256600000.0,2814150000.0
2015-03-27,'002737,葵花药业,77.99,78.57,75.06,75.98,76.2,1.79,2.3491,7.7421,2825855,216662487.06,11386540000.0,2846635000.0
2015-03-26,'002737,葵花药业,76.2,80.68,75.82,77.0,77.49,-1.29,-1.6647,13.4914,4924345,384277527.16,11125200000.0,2781300000.0
2015-03-25,'002737,葵花药业,77.49,78.0,71.18,71.61,71.98,5.51,7.6549,14.8524,5421139,402526927.81,11313540000.0,2828385000.0
2015-03-24,'002737,葵花药业,71.98,73.7,70.0,73.7,73.89,-1.91,-2.5849,13.5662,4951652,355519653.75,10509080000.0,2627270000.0
2015-03-23,'002737,葵花药业,73.89,74.58,72.37,73.3,72.4,1.49,2.058,8.1065,2958883,217700759.2,10787940000.0,2696985000.0
2015-03-20,'002737,葵花药业,72.4,72.4,71.1,71.4,71.15,1.25,1.7569,7.1654,2615366,187813312.17,10570400000.0,2642600000.0
2015-03-19,'002737,葵花药业,71.15,72.42,70.76,72.1,72.5,-1.35,-1.8621,8.6017,3139606,224251759.35,10387900000.0,2596975000.0
2015-03-18,'002737,葵花药业,72.5,73.67,70.53,71.97,71.94,0.56,0.7784,9.8197,3584182,259761439.17,10585000000.0,2646250000.0
2015-03-17,'002737,葵花药业,71.94,73.9,68.7,69.3,68.61,3.33,4.8535,16.4021,5986756,429081772.44,10503240000.0,2625810000.0
2015-03-16,'002737,葵花药业,68.61,69.55,66.82,66.82,65.62,2.99,4.5565,11.6793,4262953,291383094.48,10017060000.0,2504265000.0
2015-03-13,'002737,葵花药业,65.62,65.96,64.56,64.56,64.44,1.18,1.8312,6.8323,2493774,163062639.27,9580520000.0,2395130000.0
2015-03-12,'002737,葵花药业,64.44,64.99,63.68,64.18,64.19,0.25,0.3895,5.3702,1960114,125787079.94,9408240000.0,2352060000.0
2015-03-11,'002737,葵花药业,64.19,65.0,63.9,64.98,65.25,-1.06,-1.6245,6.4537,2355593,151415976.84,9371740000.0,2342935000.0
2015-03-10,'002737,葵花药业,65.25,65.7,64.22,64.97,64.97,0.28,0.431,5.5947,2042073,132934119.16,9526500000.0,2381625000.0
2015-03-09,'002737,葵花药业,64.97,65.88,64.08,64.78,64.81,0.16,0.2469,6.2103,2266772,147623332.47,9485620000.0,2371405000.0
2015-03-06,'002737,葵花药业,64.81,67.19,64.8,66.4,66.8,-1.99,-2.979,7.2698,2653491,173737285.09,9462260000.0,2365565000.0
2015-03-05,'002737,葵花药业,66.8,68.79,65.5,65.68,65.63,1.17,1.7827,12.0467,4397050,295656572.74,9752800000.0,2438200000.0
2015-03-04,'002737,葵花药业,65.63,65.65,63.31,63.32,63.67,1.96,3.0784,9.418,3437573,222419640.1,9581980000.0,2395495000.0
2015-03-03,'002737,葵花药业,63.67,64.8,63.63,64.8,65.17,-1.5,-2.3017,6.5342,2384996,153233916.43,9295820000.0,2323955000.0
2015-03-02,'002737,葵花药业,65.17,65.28,63.79,64.2,64.15,1.02,1.59,7.2372,2641592,170349456.36,9514820000.0,2378705000.0
2015-02-27,'002737,葵花药业,64.15,64.59,63.99,64.22,64.21,-0.06,-0.0934,4.3696,1594886,102445164.4,9365900000.0,2341475000.0
2015-02-26,'002737,葵花药业,64.21,64.5,63.45,63.75,63.75,0.46,0.7216,4.2505,1551424,99245424.08,9374660000.0,2343665000.0
2015-02-25,'002737,葵花药业,63.75,65.08,63.62,64.81,64.94,-1.19,-1.8325,4.3787,1598231,102185621.08,9307500000.0,2326875000.0
2015-02-17,'002737,葵花药业,64.94,65.29,64.3,64.83,65.0,-0.06,-0.0923,5.481,2000574,129807797.53,9481240000.0,2370310000.0
2015-02-16,'002737,葵花药业,65.0,65.58,64.05,64.65,64.44,0.56,0.869,8.5178,3109011,201745270.6,9490000000.0,2372500000.0
2015-02-13,'002737,葵花药业,64.44,64.79,63.52,63.52,63.08,1.36,2.156,9.1994,3357786,215516184.94,9408240000.0,2352060000.0
2015-02-12,'002737,葵花药业,63.08,63.54,62.69,63.05,63.33,-0.25,-0.3948,6.2554,2283227,144165274.83,9209680000.0,2302420000.0
2015-02-11,'002737,葵花药业,63.33,63.88,61.0,61.0,60.44,2.89,4.7816,11.4587,4182426,262202911.7,9246180000.0,2311545000.0
2015-02-10,'002737,葵花药业,60.44,60.77,59.86,60.2,60.28,0.16,0.2654,4.1132,1501330,90538405.11,8824240000.0,2206060000.0
2015-02-09,'002737,葵花药业,60.28,61.0,59.68,60.16,60.3,-0.02,-0.0332,4.1895,1529182,91999961.73,8800880000.0,2200220000.0
2015-02-06,'002737,葵花药业,60.3,62.75,59.88,62.29,62.49,-2.19,-3.5046,9.4909,3464162,210648627.37,8803800000.0,2200950000.0
2015-02-05,'002737,葵花药业,62.49,63.94,62.34,63.31,63.12,-0.63,-0.9981,6.9637,2541740,159925156.4,9123540000.0,2280885000.0
2015-02-04,'002737,葵花药业,63.12,65.51,63.09,64.37,64.3,-1.18,-1.8351,8.2491,3010905,193358715.76,9215520000.0,2303880000.0
2015-02-03,'002737,葵花药业,64.3,65.18,62.08,62.2,62.24,2.06,3.3098,10.7268,3915267,249710952.42,9387800000.0,2346950000.0
2015-02-02,'002737,葵花药业,62.24,63.0,61.81,63.0,64.29,-2.05,-3.1887,7.9549,2903526,181153671.16,9087040000.0,2271760000.0
2015-01-30,'002737,葵花药业,64.29,65.46,64.11,64.66,64.69,-0.4,-0.6183,8.6618,3161544,204890989.43,9386340000.0,2346585000.0
2015-01-29,'002737,葵花药业,64.69,64.95,63.01,63.08,63.51,1.18,1.858,10.8326,3953890,255013866.57,9444740000.0,2361185000.0
2015-01-28,'002737,葵花药业,63.51,64.28,62.71,63.0,63.31,0.2,0.3159,6.6949,2443651,155714910.91,9272460000.0,2318115000.0
2015-01-27,'002737,葵花药业,63.31,64.06,62.75,64.06,63.9,-0.59,-0.9233,6.618,2415568,152902858.15,9243260000.0,2310815000.0
2015-01-26,'002737,葵花药业,63.9,64.11,62.88,63.0,63.31,0.59,0.9319,6.6529,2428318,154534625.62,9329400000.0,2332350000.0
2015-01-23,'002737,葵花药业,63.31,65.55,63.18,65.1,64.98,-1.67,-2.57,11.83,4317945,276332961.92,9243260000.0,2310815000.0
2015-01-22,'002737,葵花药业,64.98,65.99,64.5,64.71,64.99,-0.01,-0.0154,11.1033,4052722,264551415.78,9487080000.0,2371770000.0
2015-01-21,'002737,葵花药业,64.99,66.0,64.08,65.75,65.65,-0.66,-1.0053,15.509,5660796,367435617.44,9488540000.0,2372135000.0
2015-01-20,'002737,葵花药业,65.65,65.98,61.3,61.5,61.3,4.35,7.0962,22.2635,8126170,519892778.26,9584900000.0,2396225000.0
2015-01-19,'002737,葵花药业,61.3,64.49,60.18,61.11,62.3,-1.0,-1.6051,20.0132,7304813,459452053.58,8949800000.0,2237450000.0
2015-01-16,'002737,葵花药业,62.3,63.37,61.05,61.05,61.81,0.49,0.7928,12.4502,4544318,282879606.36,9095800000.0,2273950000.0
2015-01-15,'002737,葵花药业,61.81,62.78,59.83,60.65,61.35,0.46,0.7498,13.9311,5084840,310574387.33,9024260000.0,2256065000.0
2015-01-14,'002737,葵花药业,61.35,63.46,60.16,60.2,60.4,0.95,1.5728,13.7416,5015680,310763848.03,8957100000.0,2239275000.0
2015-01-13,'002737,葵花药业,60.4,61.44,59.65,59.65,60.0,0.4,0.6667,9.2414,3373104,204102118.48,8818400000.0,2204600000.0
2015-01-12,'002737,葵花药业,60.0,62.23,59.41,62.0,63.02,-3.02,-4.7921,16.4813,6015664,364617160.97,8760000000.0,2190000000.0
2015-01-09,'002737,葵花药业,63.02,65.4,63.01,64.8,65.71,-2.69,-4.0937,20.4477,7463408,475442009.26,9200920000.0,2300230000.0
2015-01-08,'002737,葵花药业,65.71,67.6,64.32,65.5,65.15,0.56,0.8596,20.7657,7579497,501500792.55,9593660000.0,2398415000.0
2015-01-07,'002737,葵花药业,65.15,68.88,65.0,68.0,70.02,-4.87,-6.9552,32.9509,12027061,797758561.02,9511900000.0,2377975000.0
2015-01-06,'002737,葵花药业,70.02,70.02,65.03,70.02,63.65,6.37,10.0079,53.8756,19664577,1334611499.9,10222920000.0,2555730000.0
2015-01-05,'002737,葵花药业,63.65,63.65,63.65,63.65,57.86,5.79,10.0069,0.3307,120704,7682809.6,9292900000.0,2323225000.0
2014-12-31,'002737,葵花药业,57.86,57.86,57.86,57.86,52.6,5.26,10.0,0.1386,50600,2927716.0,8447560000.0,2111890000.0
2014-12-30,'002737,N葵花,52.6,52.6,43.84,43.84,36.53,16.07,43.9912,0.3614,131900,6926948.0,7679600000.0,1919900000.0
2014-12-18,'002737,葵花药业,0.0,0.0,0.0,0.0,36.53,None,None,0.0,0,0.0,4000035000.0,0.0
