日期,股票代码,名称,收盘价,最高价,最低价,开盘价,前收盘,涨跌额,涨跌幅,换手率,成交量,成交金额,总市值,流通市值
2017-05-15,'002727,一心堂,17.05,17.17,16.76,16.78,16.71,0.34,2.0347,1.4557,3454807,58809655.68,8876230000.0,4046404208.0
2017-05-12,'002727,一心堂,16.71,17.05,16.62,16.9,17.02,-0.31,-1.8214,1.0438,2477157,41483987.17,8699226000.0,3965713449.6
2017-05-11,'002727,一心堂,17.02,17.28,16.55,17.18,17.35,-0.33,-1.902,1.9302,4580816,77509435.1,8860612000.0,4039284435.2
2017-05-10,'002727,一心堂,17.35,17.67,17.31,17.67,17.66,-0.31,-1.7554,1.2544,2976910,52061889.16,9032410000.0,4117601936.0
2017-05-09,'002727,一心堂,17.66,17.73,17.33,17.47,17.3,0.36,2.0809,1.3805,3276354,57497103.58,9193796000.0,4191172921.6
2017-05-08,'002727,一心堂,17.3,17.6,17.12,17.5,17.5,-0.2,-1.1429,0.9485,2250991,39048777.85,9006380000.0,4105735648.0
2017-05-05,'002727,一心堂,17.5,17.7,17.4,17.68,17.67,-0.17,-0.9621,1.0028,2380005,41751739.47,9110500000.0,4153200800.0
2017-05-04,'002727,一心堂,17.67,17.81,17.47,17.67,17.72,-0.05,-0.2822,1.4314,3397048,59943851.17,9199002000.0,4193546179.2
2017-05-03,'002727,一心堂,17.72,18.29,17.4,18.14,18.17,-0.45,-2.4766,2.2008,5223058,93204103.59,9225032000.0,4205412467.2
2017-05-02,'002727,一心堂,18.17,18.62,18.15,18.49,18.59,-0.42,-2.2593,1.0801,2563398,47171192.02,9459302000.0,4312209059.2
2017-04-28,'002727,一心堂,18.59,18.76,18.41,18.76,18.81,-0.22,-1.1696,0.9499,2254244,41784972.2,9677954000.0,4411885878.4
2017-04-27,'002727,一心堂,18.81,19.45,18.3,19.45,19.58,-0.77,-3.9326,2.5722,6104468,114092744.83,9792486000.0,4464097545.6
2017-04-26,'002727,一心堂,19.58,19.65,19.31,19.32,19.36,0.22,1.1364,0.7472,1773260,34572611.75,10193348000.0,4646838380.8
2017-04-25,'002727,一心堂,19.36,19.52,19.27,19.27,19.22,0.14,0.7284,0.8229,1952844,37896643.36,10078816000.0,4594626713.6
2017-04-24,'002727,一心堂,19.22,19.58,19.08,19.58,19.6,-0.38,-1.9388,0.7699,1827272,35185712.94,10005932000.0,4561401107.2
2017-04-21,'002727,一心堂,19.6,19.65,19.3,19.65,19.5,0.1,0.5128,0.6195,1470294,28777938.81,10203760000.0,4651584896.0
2017-04-20,'002727,一心堂,19.5,19.88,19.45,19.5,19.54,-0.04,-0.2047,1.2524,2972239,58389533.41,10151700000.0,4627852320.0
2017-04-19,'002727,一心堂,19.54,19.8,19.2,19.76,19.76,-0.22,-1.1134,1.0444,2478590,48133350.45,10172524000.0,4637345350.4
2017-04-18,'002727,一心堂,19.76,20.18,19.61,20.16,20.16,-0.4,-1.9841,1.1851,2812535,55881080.16,10287056000.0,4689557017.6
2017-04-17,'002727,一心堂,20.16,20.26,19.82,20.0,20.04,0.12,0.5988,1.015,2408789,48359177.45,10495296000.0,4784487321.6
2017-04-14,'002727,一心堂,20.04,20.69,19.5,20.66,20.67,-0.63,-3.0479,1.5095,3582321,72116371.67,10432824000.0,4756008230.4
2017-04-13,'002727,一心堂,20.67,20.82,20.6,20.75,20.64,0.03,0.1453,0.5454,1294353,26782861.79,10760802000.0,4905523459.2
2017-04-12,'002727,一心堂,20.84,21.06,20.82,20.89,20.89,-0.05,-0.2393,0.8496,2016396,42257724.29,10849304000.0,4945868838.4
2017-04-11,'002727,一心堂,20.89,20.92,20.63,20.71,20.76,0.13,0.6262,0.8382,1989281,41349189.95,10875334000.0,4957735126.4
2017-04-10,'002727,一心堂,20.76,21.03,20.71,20.92,21.04,-0.28,-1.3308,0.9973,2366896,49240100.91,10807656000.0,4926882777.6
2017-04-07,'002727,一心堂,21.04,21.17,20.88,21.17,21.17,-0.13,-0.6141,1.1147,2645576,55604860.41,10953424000.0,4993333990.4
2017-04-06,'002727,一心堂,21.17,21.4,21.12,21.32,21.31,-0.14,-0.657,1.2619,2994840,63539289.01,11021102000.0,5024186339.2
2017-04-05,'002727,一心堂,21.31,21.33,21.01,21.12,21.12,0.19,0.8996,1.1855,2813441,59638031.59,11093986000.0,5057411945.6
2017-03-31,'002727,一心堂,21.12,21.13,20.83,20.99,20.98,0.14,0.6673,0.767,1820368,38154560.33,10995072000.0,5012320051.2
2017-03-30,'002727,一心堂,20.98,21.64,20.91,21.64,21.6,-0.62,-2.8704,1.7387,4126457,87457837.61,10922188000.0,4979094444.8
2017-03-29,'002727,一心堂,21.6,22.17,21.57,21.88,21.88,-0.28,-1.2797,1.6071,3814179,83561555.29,11244960000.0,5126236416.0
2017-03-28,'002727,一心堂,21.88,22.07,21.51,21.7,21.7,0.18,0.8295,1.2857,3051260,66651470.2,11390728000.0,5192687628.8
2017-03-27,'002727,一心堂,21.7,21.87,21.6,21.69,21.82,-0.12,-0.55,0.99,2349475,50958544.87,11297020000.0,5149968992.0
2017-03-24,'002727,一心堂,21.82,21.88,21.63,21.76,21.89,-0.07,-0.3198,1.2163,2886537,62832727.94,11359492000.0,5178448083.2
2017-03-23,'002727,一心堂,21.89,21.96,21.44,21.81,21.88,0.01,0.0457,1.9249,4568327,99270579.56,11395934000.0,5195060886.4
2017-03-22,'002727,一心堂,21.88,22.19,21.31,21.37,21.53,0.35,1.6256,5.3178,12620594,277022912.06,11390728000.0,5192687628.8
2017-03-21,'002727,一心堂,21.53,21.55,20.93,21.12,21.1,0.43,2.0379,2.8131,6676324,142174025.36,11208518000.0,5109623612.8
2017-03-20,'002727,一心堂,21.1,21.11,20.7,20.9,20.96,0.14,0.6679,1.0691,2537231,53041666.17,10984660000.0,5007573536.0
2017-03-17,'002727,一心堂,20.96,21.32,20.93,21.3,21.34,-0.38,-1.7807,1.3144,3119451,65911624.92,10911776000.0,4974347929.6
2017-03-16,'002727,一心堂,21.34,21.34,21.15,21.19,21.18,0.16,0.7554,1.3277,3151039,66921910.57,11109604000.0,5064531718.4
2017-03-15,'002727,一心堂,21.18,21.24,21.01,21.13,21.06,0.12,0.5698,0.8605,2042273,43178846.37,11026308000.0,5026559596.8
2017-03-14,'002727,一心堂,21.06,21.18,21.01,21.15,21.16,-0.1,-0.4726,0.6703,1590852,33528663.51,10963836000.0,4998080505.6
2017-03-13,'002727,一心堂,21.16,21.18,20.92,21.17,21.12,0.04,0.1894,0.9609,2280383,48117123.43,11015896000.0,5021813081.6
2017-03-10,'002727,一心堂,21.12,21.15,20.9,21.09,21.02,0.1,0.4757,0.7655,1816722,38231988.55,10995072000.0,5012320051.2
2017-03-09,'002727,一心堂,21.02,21.37,20.95,21.37,21.4,-0.38,-1.7757,1.099,2608286,54984790.85,10943012000.0,4988587475.2
2017-03-08,'002727,一心堂,21.4,21.44,21.15,21.28,21.28,0.12,0.5639,1.346,3194299,68071218.6,11140840000.0,5078771264.0
2017-03-07,'002727,一心堂,21.28,21.35,20.91,21.07,21.06,0.22,1.0446,1.7467,4145385,87859492.09,11078368000.0,5050292172.8
2017-03-06,'002727,一心堂,21.06,21.42,20.79,20.79,20.6,0.46,2.233,1.9514,4631094,97916606.64,10963836000.0,4998080505.6
2017-03-03,'002727,一心堂,20.6,20.68,20.5,20.68,20.66,-0.06,-0.2904,0.5655,1342100,27595115.91,10724360000.0,4888910656.0
2017-03-02,'002727,一心堂,20.66,20.83,20.64,20.67,20.69,-0.03,-0.145,0.6925,1643405,34047084.9,10755596000.0,4903150201.6
2017-03-01,'002727,一心堂,20.69,20.78,20.57,20.58,20.58,0.11,0.5345,0.7221,1713631,35487926.09,10771214000.0,4910269974.4
2017-02-28,'002727,一心堂,20.58,20.69,20.52,20.6,20.67,-0.09,-0.4354,0.6994,1659938,34169003.52,10713948000.0,4884164140.8
2017-02-27,'002727,一心堂,20.67,20.99,20.64,20.91,20.91,-0.24,-1.1478,0.8274,1963602,40842224.1,10760802000.0,4905523459.2
2017-02-24,'002727,一心堂,20.91,20.98,20.73,20.8,20.92,-0.01,-0.0478,1.0147,2408200,50254383.95,10885746000.0,4962481641.6
2017-02-23,'002727,一心堂,20.92,21.1,20.53,20.76,20.85,0.07,0.3357,1.5093,3581902,74511107.52,10890952000.0,4964854899.2
2017-02-22,'002727,一心堂,20.85,20.89,20.5,20.77,20.78,0.07,0.3369,1.409,3343854,69148633.4,10854510000.0,4948242096.0
2017-02-21,'002727,一心堂,20.78,21.2,20.07,20.12,20.12,0.66,3.2803,2.3847,5659618,117658576.26,10818068000.0,4931629292.8
2017-02-20,'002727,一心堂,20.12,20.25,19.94,20.02,20.02,0.1,0.4995,0.7154,1697924,34100239.72,10474472000.0,4774994291.2
2017-02-17,'002727,一心堂,20.02,20.35,20.0,20.2,20.2,-0.18,-0.8911,0.6687,1587092,32001019.12,10422412000.0,4751261715.2
2017-02-16,'002727,一心堂,20.2,20.34,20.1,20.11,20.17,0.03,0.1487,0.5,1186575,23997129.69,10516120000.0,4793980352.0
2017-02-15,'002727,一心堂,20.17,20.5,20.12,20.49,20.57,-0.4,-1.9446,0.976,2316412,47075081.45,10500502000.0,4786860579.2
2017-02-14,'002727,一心堂,20.57,20.73,20.35,20.37,20.44,0.13,0.636,0.8803,2089108,42884253.91,10708742000.0,4881790883.2
2017-02-13,'002727,一心堂,20.44,20.55,20.32,20.43,20.45,-0.01,-0.0489,0.6554,1555321,31816307.73,10641064000.0,4850938534.4
2017-02-10,'002727,一心堂,20.45,20.5,20.21,20.3,20.31,0.14,0.6893,1.0728,2545956,51834333.53,10646270000.0,4853311792.0
2017-02-09,'002727,一心堂,20.31,20.45,20.03,20.03,20.08,0.23,1.1454,1.3205,3133989,63608709.42,10573386000.0,4820086185.6
2017-02-08,'002727,一心堂,20.08,20.1,19.8,19.93,19.97,0.11,0.5508,0.8147,1933383,38523968.2,10453648000.0,4765501260.8
2017-02-07,'002727,一心堂,19.97,20.12,19.91,20.12,20.15,-0.18,-0.8933,0.6931,1644858,32870899.43,10396382000.0,4739395427.2
2017-02-06,'002727,一心堂,20.15,20.16,19.93,20.11,20.11,0.04,0.1989,0.7695,1826328,36580135.54,10490090000.0,4782114064.0
2017-02-03,'002727,一心堂,20.11,20.12,19.91,19.91,20.0,0.11,0.55,0.5577,1323655,26491232.69,10469266000.0,4772621033.6
2017-01-26,'002727,一心堂,20.0,20.03,19.85,19.87,19.9,0.1,0.5025,0.6633,1574267,31443021.98,10412000000.0,4746515200.0
2017-01-25,'002727,一心堂,19.9,20.04,19.75,19.83,19.77,0.13,0.6576,0.7056,1674657,33410876.98,10359940000.0,4722782624.0
2017-01-24,'002727,一心堂,19.77,20.02,19.75,19.9,19.85,-0.08,-0.403,0.4412,1047070,20792956.8,10292262000.0,4691930275.2
2017-01-23,'002727,一心堂,19.85,20.06,19.74,19.74,19.92,-0.07,-0.3514,0.4539,1077181,21434953.11,10333910000.0,4710916336.0
2017-01-20,'002727,一心堂,19.92,19.99,19.44,19.5,19.49,0.43,2.2063,0.8114,1925693,38074575.13,10370352000.0,4727529139.2
2017-01-19,'002727,一心堂,19.49,19.6,19.4,19.4,19.48,0.01,0.0513,0.4076,967319,18877659.86,10146494000.0,4625479062.4
2017-01-18,'002727,一心堂,19.48,19.86,19.46,19.82,19.84,-0.36,-1.8145,0.596,1414533,27801330.56,10141288000.0,4623105804.8
2017-01-17,'002727,一心堂,19.84,19.91,19.4,19.9,19.8,0.04,0.202,0.6546,1553468,30605560.28,10328704000.0,4708543078.4
2017-01-16,'002727,一心堂,19.8,20.7,19.13,20.68,20.78,-0.98,-4.7161,1.6141,3830777,76607132.72,10307880000.0,4699050048.0
2017-01-13,'002727,一心堂,20.78,20.96,20.64,20.71,20.76,0.02,0.0963,1.0365,2459780,51248962.76,10818068000.0,4931629292.8
2017-01-12,'002727,一心堂,20.76,20.78,20.6,20.68,20.62,0.14,0.679,0.7144,1695493,35075628.11,10807656000.0,4926882777.6
2017-01-11,'002727,一心堂,20.62,20.83,20.61,20.68,20.78,-0.16,-0.77,0.7062,1675899,34701858.66,10734772000.0,4893657171.2
2017-01-10,'002727,一心堂,20.78,20.93,20.71,20.89,20.89,-0.11,-0.5266,0.7126,1691232,35199986.23,10818068000.0,4931629292.8
2017-01-09,'002727,一心堂,20.89,20.95,20.46,20.47,20.46,0.43,2.1017,1.4387,3414329,70939654.85,10875334000.0,4957735126.4
2017-01-06,'002727,一心堂,20.46,20.77,20.45,20.75,20.95,-0.49,-2.3389,2.1764,5165093,106183761.56,10651476000.0,4855685049.6
2017-01-05,'002727,一心堂,20.95,21.88,20.84,21.66,21.2,-0.25,-1.1792,3.2797,7783685,166473109.42,10906570000.0,4971974672.0
2017-01-04,'002727,一心堂,0.0,0.0,0.0,0.0,21.2,None,None,0.0,0,0.0,11036720000.0,5031306112.0
2017-01-03,'002727,一心堂,0.0,0.0,0.0,0.0,21.2,None,None,0.0,0,0.0,11036720000.0,5031306112.0
2016-12-30,'002727,一心堂,0.0,0.0,0.0,0.0,21.2,None,None,0.0,0,0.0,11036720000.0,5031306112.0
2016-12-29,'002727,一心堂,0.0,0.0,0.0,0.0,21.2,None,None,0.0,0,0.0,11036720000.0,5031306112.0
2016-12-28,'002727,一心堂,0.0,0.0,0.0,0.0,21.2,None,None,0.0,0,0.0,11036720000.0,5031306112.0
2016-12-27,'002727,一心堂,21.2,21.55,21.14,21.55,21.52,-0.32,-1.487,1.0892,2584987,54947044.33,11036720000.0,5031306112.0
2016-12-26,'002727,一心堂,21.52,21.58,20.76,21.06,21.15,0.37,1.7494,0.8334,1977833,41890047.45,11203312000.0,5107250355.2
2016-12-23,'002727,一心堂,21.15,21.46,21.03,21.46,21.39,-0.24,-1.122,1.1703,2777520,58739464.8,11010690000.0,5019439824.0
2016-12-22,'002727,一心堂,21.39,21.69,21.1,21.26,21.25,0.14,0.6588,1.1019,2615160,56030111.92,11135634000.0,5076398006.4
2016-12-21,'002727,一心堂,21.25,21.42,20.99,20.99,20.91,0.34,1.626,1.0325,2450332,52062892.24,11062750000.0,5043172400.0
2016-12-20,'002727,一心堂,20.91,20.99,20.8,20.8,20.93,-0.02,-0.0956,0.3275,777302,16251053.74,10885746000.0,4962481641.6
2016-12-19,'002727,一心堂,20.93,21.02,20.81,20.92,20.92,0.01,0.0478,0.4277,1015000,21237105.0,10896158000.0,4967228156.8
2016-12-16,'002727,一心堂,20.92,21.09,20.75,20.75,20.75,0.17,0.8193,0.5638,1337964,28021739.44,10890952000.0,4964854899.2
2016-12-15,'002727,一心堂,20.75,20.91,20.6,20.68,20.72,0.03,0.1448,0.6103,1448385,30094687.65,10802450000.0,4924509520.0
2016-12-14,'002727,一心堂,20.72,20.86,20.63,20.8,20.8,-0.08,-0.3846,0.6048,1435402,29775628.86,10786832000.0,4917389747.2
2016-12-13,'002727,一心堂,20.8,20.91,20.6,20.77,20.77,0.03,0.1444,0.7755,1840469,38235395.03,10828480000.0,4936375808.0
2016-12-12,'002727,一心堂,20.77,21.61,20.72,21.56,21.55,-0.78,-3.6195,1.4696,3487766,73769665.38,10812862000.0,4929256035.2
2016-12-09,'002727,一心堂,21.55,21.84,21.51,21.79,21.71,-0.16,-0.737,0.8737,2073590,44908107.85,11218930000.0,5114370128.0
2016-12-08,'002727,一心堂,21.71,21.92,21.69,21.92,21.92,-0.21,-0.958,0.756,1794180,39078465.29,11302226000.0,5152342249.6
2016-12-07,'002727,一心堂,21.92,21.95,21.62,21.75,21.63,0.29,1.3407,0.7855,1864159,40650019.44,11411552000.0,5202180659.2
2016-12-06,'002727,一心堂,21.63,21.77,21.57,21.57,21.55,0.08,0.3712,0.6424,1524505,33077190.36,11260578000.0,5133356188.8
2016-12-05,'002727,一心堂,21.55,21.93,21.48,21.6,21.75,-0.2,-0.9195,1.3124,3114648,67459765.29,11218930000.0,5114370128.0
2016-12-02,'002727,一心堂,21.75,22.07,21.7,22.04,22.03,-0.28,-1.271,1.1988,2845148,62281559.3,11323050000.0,5161835280.0
2016-12-01,'002727,一心堂,22.03,22.16,22.0,22.1,22.09,-0.06,-0.2716,1.242,2947646,65080485.9,11468818000.0,5228286492.8
2016-11-30,'002727,一心堂,22.09,22.23,21.92,21.92,22.01,0.08,0.3635,0.7879,1869999,41263094.92,11500054000.0,5242526038.4
2016-11-29,'002727,一心堂,22.01,22.15,21.99,22.1,22.15,-0.14,-0.6321,1.1154,2647238,58425789.84,11458406000.0,5223539977.6
2016-11-28,'002727,一心堂,22.15,22.33,22.12,22.29,22.27,-0.12,-0.5388,1.2829,3044721,67570484.13,11531290000.0,5256765584.0
2016-11-25,'002727,一心堂,22.27,22.28,21.8,22.1,22.1,0.17,0.7692,1.4817,3516460,77596157.94,11593762000.0,5285244675.2
2016-11-24,'002727,一心堂,22.1,22.48,22.02,22.41,22.41,-0.31,-1.3833,1.9081,4528376,100594577.54,11505260000.0,5244899296.0
2016-11-23,'002727,一心堂,22.41,22.7,22.38,22.65,22.61,-0.2,-0.8846,2.0059,4760411,107091177.23,11666646000.0,5318470281.6
2016-11-22,'002727,一心堂,22.61,22.62,22.38,22.49,22.43,0.18,0.8025,1.8081,4290989,96540981.23,11770766000.0,5365935433.6
2016-11-21,'002727,一心堂,22.43,22.6,22.28,22.43,22.36,0.07,0.3131,1.4089,3343751,75020616.54,11677058000.0,5323216796.8
2016-11-18,'002727,一心堂,22.36,22.54,22.2,22.28,22.31,0.05,0.2241,1.1819,2804913,62672100.99,11640616000.0,5306603993.6
2016-11-17,'002727,一心堂,22.31,22.56,22.19,22.41,22.49,-0.18,-0.8004,1.2847,3048842,67990983.65,11614586000.0,5294737705.6
2016-11-16,'002727,一心堂,22.49,22.68,22.43,22.58,22.55,-0.06,-0.2661,1.7301,4105896,92525726.18,11708294000.0,5337456342.4
2016-11-15,'002727,一心堂,22.55,22.55,22.16,22.26,22.18,0.37,1.6682,2.1676,5144195,114988093.06,11739530000.0,5351695888.0
2016-11-14,'002727,一心堂,22.18,22.35,22.04,22.26,22.18,0.0,0.0,2.3166,5497798,121982226.08,11546908000.0,5263885356.8
2016-11-11,'002727,一心堂,22.18,22.22,22.02,22.17,22.19,-0.01,-0.0451,1.1298,2681201,59339766.43,11546908000.0,5263885356.8
2016-11-10,'002727,一心堂,22.19,22.27,22.08,22.16,21.99,0.2,0.9095,1.5607,3703931,82127737.11,11552114000.0,5266258614.4
2016-11-09,'002727,一心堂,21.99,22.51,21.84,22.48,22.45,-0.46,-2.049,2.2311,5295051,117020550.01,11447994000.0,5218793462.4
2016-11-08,'002727,一心堂,22.45,22.54,22.35,22.46,22.4,0.05,0.2232,0.8839,2097817,47080513.32,11687470000.0,5327963312.0
2016-11-07,'002727,一心堂,22.4,22.57,22.25,22.52,22.49,-0.09,-0.4002,1.2694,3012657,67451648.3,11661440000.0,5316097024.0
2016-11-04,'002727,一心堂,22.49,22.79,22.46,22.75,22.76,-0.27,-1.1863,1.5831,3757097,84983964.71,11708294000.0,5337456342.4
2016-11-03,'002727,一心堂,22.76,22.87,22.63,22.7,22.8,-0.04,-0.1754,1.544,3664285,83390541.19,11848856000.0,5401534297.6
2016-11-02,'002727,一心堂,22.8,23.1,22.69,22.75,22.83,-0.03,-0.1314,1.7617,4181064,95609814.22,11869680000.0,5411027328.0
2016-11-01,'002727,一心堂,22.83,22.94,22.6,22.84,22.81,0.02,0.0877,1.7462,4144184,94195922.28,11885298000.0,5418147100.8
2016-10-31,'002727,一心堂,22.81,22.95,22.41,22.48,22.5,0.31,1.3778,2.008,4765615,108340334.64,11874886000.0,5413400585.6
2016-10-28,'002727,一心堂,22.5,22.66,22.41,22.57,22.45,0.05,0.2227,1.2027,2854286,64323207.21,11713500000.0,5339829600.0
2016-10-27,'002727,一心堂,22.45,22.62,22.4,22.47,22.36,0.09,0.4025,1.0435,2476472,55746770.13,11687470000.0,5327963312.0
2016-10-26,'002727,一心堂,22.36,22.7,22.29,22.7,22.49,-0.13,-0.578,1.2222,2900618,64992597.98,11640616000.0,5306603993.6
2016-10-25,'002727,一心堂,22.49,22.58,22.4,22.53,22.62,-0.13,-0.5747,1.397,3315471,74467386.84,11708294000.0,5337456342.4
2016-10-24,'002727,一心堂,22.62,22.78,22.38,22.58,22.68,-0.06,-0.2646,2.7681,6569337,148602885.96,11775972000.0,5368308691.2
2016-10-21,'002727,一心堂,22.68,22.76,21.82,22.13,22.14,0.54,2.439,2.068,4907869,109502272.86,11807208000.0,5382548236.8
2016-10-20,'002727,一心堂,22.14,22.17,22.04,22.1,22.16,-0.02,-0.0903,0.7747,1838516,40606663.46,11526084000.0,5254392326.4
2016-10-19,'002727,一心堂,22.16,22.26,22.09,22.23,22.23,-0.07,-0.3149,0.499,1184205,26230947.66,11536496000.0,5259138841.6
2016-10-18,'002727,一心堂,22.23,22.26,21.96,22.0,22.05,0.18,0.8163,0.7891,1872632,41389409.63,11572938000.0,5275751644.8
2016-10-17,'002727,一心堂,22.05,22.43,22.0,22.33,22.4,-0.35,-1.5625,0.8307,1971401,43729576.36,11479230000.0,5233033008.0
2016-10-14,'002727,一心堂,22.4,22.52,22.28,22.52,22.65,-0.25,-1.1038,0.7522,1785160,39946604.01,11661440000.0,5316097024.0
2016-10-13,'002727,一心堂,22.65,22.78,22.14,22.48,22.48,0.17,0.7562,1.4177,3364505,75311575.27,11791590000.0,5375428464.0
2016-10-12,'002727,一心堂,22.48,22.65,22.35,22.4,22.55,-0.07,-0.3104,0.8093,1920569,43166085.08,11703088000.0,5335083084.8
2016-10-11,'002727,一心堂,22.55,22.55,22.22,22.31,22.31,0.24,1.0758,1.2162,2886305,64918123.83,11739530000.0,5351695888.0
2016-10-10,'002727,一心堂,22.31,22.35,22.0,22.07,21.99,0.32,1.4552,1.0643,2525973,56075292.48,11614586000.0,5294737705.6
2016-09-30,'002727,一心堂,21.99,22.11,21.88,22.11,21.95,0.04,0.1822,0.4003,950001,20850327.33,11447994000.0,5218793462.4
2016-09-29,'002727,一心堂,21.95,22.2,21.92,22.09,22.17,-0.22,-0.9923,0.7323,1737862,38326427.5,11427170000.0,5209300432.0
2016-09-28,'002727,一心堂,22.17,22.19,21.51,21.56,21.69,0.48,2.213,1.3754,3264221,71731629.32,11541702000.0,5261512099.2
2016-09-27,'002727,一心堂,21.69,21.72,21.4,21.42,21.48,0.21,0.9777,0.7209,1710974,36903035.48,11291814000.0,5147595734.4
2016-09-26,'002727,一心堂,21.48,21.75,21.46,21.75,21.75,-0.27,-1.2414,0.8977,2130541,45910940.78,11182488000.0,5097757324.8
2016-09-23,'002727,一心堂,21.75,21.97,21.61,21.97,21.97,-0.22,-1.0014,1.0597,2515040,54707009.53,11323050000.0,5161835280.0
2016-09-22,'002727,一心堂,21.97,22.1,21.82,21.82,21.81,0.16,0.7336,1.4331,3401096,74649049.72,11437582000.0,5214046947.2
2016-09-21,'002727,一心堂,21.81,21.83,21.45,21.58,21.6,0.21,0.9722,1.1213,2661185,57682501.88,11354286000.0,5176074825.6
2016-09-20,'002727,一心堂,21.6,22.1,21.49,21.99,21.98,-0.38,-1.7288,1.5284,3627268,78595435.4,11244960000.0,5126236416.0
2016-09-19,'002727,一心堂,21.98,21.98,21.45,21.52,21.52,0.46,2.1375,1.0889,2584331,56459278.53,11442788000.0,5216420204.8
2016-09-14,'002727,一心堂,21.52,21.8,21.41,21.8,21.83,-0.31,-1.4201,1.9534,4636040,100015188.67,11203312000.0,5107250355.2
2016-09-13,'002727,一心堂,21.83,22.75,21.7,22.6,22.52,-0.69,-3.0639,2.5736,6107809,134299465.71,11364698000.0,5180821340.8
2016-09-12,'002727,一心堂,22.52,22.95,22.49,22.81,23.13,-0.61,-2.6373,1.5668,3718494,84337839.86,11723912000.0,5344576115.2
2016-09-09,'002727,一心堂,23.13,23.35,23.13,23.3,23.3,-0.17,-0.7296,0.7637,1812400,42136344.43,12041478000.0,5489344828.8
2016-09-08,'002727,一心堂,23.3,23.41,23.1,23.37,23.27,0.03,0.1289,0.8314,1973168,45886392.08,12129980000.0,5529690208.0
2016-09-07,'002727,一心堂,23.27,23.58,23.25,23.45,23.48,-0.21,-0.8944,1.1484,2725486,63873529.59,12114362000.0,5522570435.2
2016-09-06,'002727,一心堂,23.48,23.51,23.13,23.25,23.37,0.11,0.4707,1.73,4105728,95919115.74,12223688000.0,5572408844.8
2016-09-05,'002727,一心堂,23.37,23.48,22.81,22.88,22.79,0.58,2.545,2.4864,5900759,137410809.94,12166422000.0,5546303011.2
2016-09-02,'002727,一心堂,22.79,22.98,22.68,22.89,22.9,-0.11,-0.4803,0.9312,2209887,50491749.87,11864474000.0,5408654070.4
2016-09-01,'002727,一心堂,22.9,23.21,22.9,23.14,23.15,-0.25,-1.0799,1.129,2679372,61659781.9,11921740000.0,5434759904.0
2016-08-31,'002727,一心堂,23.15,23.22,22.88,23.22,23.15,0.0,0.0,1.2067,2863772,65902893.77,12051890000.0,5494091344.0
2016-08-30,'002727,一心堂,23.15,23.54,23.03,23.34,23.31,-0.16,-0.6864,1.63,3868520,89838520.13,12051890000.0,5494091344.0
2016-08-29,'002727,一心堂,23.31,23.57,23.0,23.31,23.48,-0.17,-0.724,1.5098,3492946,81473990.42,12135186000.0,5392830038.4
2016-08-26,'002727,一心堂,23.48,23.65,23.43,23.57,23.5,-0.02,-0.0851,1.763,4078775,95919096.23,12223688000.0,5432159987.2
2016-08-25,'002727,一心堂,23.5,23.7,23.4,23.7,23.91,-0.41,-1.7148,1.8841,4358881,102516942.61,12234100000.0,5436787040.0
2016-08-24,'002727,一心堂,23.91,23.93,23.62,23.83,23.73,0.18,0.7585,2.3077,5338907,126982886.94,12447546000.0,5531641622.4
2016-08-23,'002727,一心堂,23.73,24.01,23.49,23.73,23.86,-0.13,-0.5448,2.838,6565897,156028111.13,12353838000.0,5489998147.2
2016-08-22,'002727,一心堂,23.86,24.09,23.41,23.57,23.37,0.49,2.0967,4.5924,10624677,254204493.21,12421516000.0,5520073990.4
2016-08-19,'002727,一心堂,23.37,23.44,23.23,23.4,23.35,0.02,0.0857,1.3642,3156067,73613115.13,12166422000.0,5406711196.8
2016-08-18,'002727,一心堂,23.35,23.55,23.26,23.47,23.4,-0.05,-0.2137,2.1012,4861268,113685345.65,12156010000.0,5402084144.0
2016-08-17,'002727,一心堂,23.4,23.42,23.15,23.28,23.23,0.17,0.7318,2.8369,6563328,152978663.35,12182040000.0,5413651776.0
2016-08-16,'002727,一心堂,23.23,23.62,23.1,23.39,23.43,-0.2,-0.8536,3.8254,8850133,206031365.92,12093538000.0,5374321827.2
2016-08-15,'002727,一心堂,23.43,23.54,22.55,23.5,23.3,0.13,0.5579,4.48,10364674,239765593.72,12197658000.0,5420592355.2
2016-08-12,'002727,一心堂,23.3,23.38,22.92,23.0,23.1,0.2,0.8658,1.4777,3418670,79329261.69,12129980000.0,5390516512.0
2016-08-11,'002727,一心堂,23.1,24.08,23.03,23.94,24.2,-1.1,-4.5455,4.1527,9607440,225369703.89,12025860000.0,5344245984.0
2016-08-10,'002727,一心堂,24.2,24.81,24.2,24.76,24.74,-0.54,-2.1827,2.0192,4671505,114536628.36,12598520000.0,5598733888.0
2016-08-09,'002727,一心堂,24.74,24.93,24.4,24.82,24.96,-0.22,-0.8814,2.0399,4719463,116084918.09,12879644000.0,5723664313.6
2016-08-08,'002727,一心堂,24.96,25.45,24.65,25.15,25.12,-0.16,-0.6369,2.0577,4760493,118410182.61,12994176000.0,5774561894.4
2016-08-05,'002727,一心堂,25.12,25.24,24.53,24.78,24.78,0.34,1.3721,2.9297,6777969,169830512.21,13077472000.0,5811578316.8
2016-08-04,'002727,一心堂,24.78,25.08,24.43,24.94,24.94,-0.16,-0.6415,1.3011,3010048,74268166.67,12900468000.0,5732918419.2
2016-08-03,'002727,一心堂,24.94,25.15,24.59,24.77,24.93,0.01,0.0401,2.1343,4937793,123054641.18,12983764000.0,5769934841.6
2016-08-02,'002727,一心堂,24.93,25.3,24.01,24.18,24.18,0.75,3.1017,2.9548,6836002,169788213.25,12978558000.0,5767621315.2
2016-08-01,'002727,一心堂,24.18,24.45,23.3,24.12,24.18,0.0,0.0,1.5548,3597037,85563235.0,12588108000.0,5594106835.2
2016-07-29,'002727,一心堂,24.18,24.4,24.01,24.07,24.18,0.0,0.0,1.4659,3391343,82072541.4,12588108000.0,5594106835.2
2016-07-28,'002727,一心堂,24.18,24.26,23.75,24.1,24.28,-0.1,-0.4119,3.0364,7024788,168788602.2,12588108000.0,5594106835.2
2016-07-27,'002727,一心堂,24.28,25.6,23.62,25.42,25.45,-1.17,-4.5972,3.3841,7829126,192790713.15,12640168000.0,5617242099.2
2016-07-26,'002727,一心堂,25.45,25.7,25.15,25.61,25.36,0.09,0.3549,2.6034,6023038,152954507.43,13249270000.0,5887924688.0
2016-07-25,'002727,一心堂,25.36,25.77,24.44,24.96,24.88,0.48,1.9293,4.1339,9563904,241715758.68,13202416000.0,5867102950.4
2016-07-22,'002727,一心堂,24.88,24.96,24.42,24.5,24.41,0.47,1.9254,3.235,7484291,185659339.13,12952528000.0,5756053683.2
2016-07-21,'002727,一心堂,24.41,24.72,24.35,24.36,24.34,0.07,0.2876,2.2941,5307494,130129039.37,12707846000.0,5647317942.4
2016-07-20,'002727,一心堂,24.34,24.52,23.83,23.98,23.92,0.42,1.7559,2.3631,5467199,132850660.14,12671404000.0,5631123257.6
2016-07-19,'002727,一心堂,23.92,23.93,23.45,23.84,23.91,0.01,0.0418,1.6164,3739580,88520435.0,12452752000.0,5533955148.8
2016-07-18,'002727,一心堂,23.91,24.09,23.74,23.91,23.89,0.02,0.0837,1.2501,2892177,69223179.29,12447546000.0,5531641622.4
2016-07-15,'002727,一心堂,23.89,24.43,23.8,24.39,24.29,-0.4,-1.6468,1.8654,4315540,103563593.28,12437134000.0,5527014569.6
2016-07-14,'002727,一心堂,24.29,24.54,23.97,24.29,24.29,0.0,0.0,1.7823,4123401,100230363.95,12645374000.0,5619555625.6
2016-07-13,'002727,一心堂,24.29,24.52,24.13,24.13,24.13,0.16,0.6631,2.4691,5712313,139049995.27,12645374000.0,5619555625.6
2016-07-12,'002727,一心堂,24.13,24.19,23.4,23.59,23.64,0.49,2.0728,3.6583,8463552,202853181.73,12562078000.0,5582539203.2
2016-07-11,'002727,一心堂,23.64,24.96,23.61,24.68,25.22,-1.58,-6.2649,8.9505,20707324,495871596.62,12306984000.0,5469176409.6
2016-07-08,'002727,一心堂,25.22,26.0,25.14,25.57,25.67,-0.45,-1.753,2.2479,5200681,132041857.72,13129532000.0,5834713580.8
2016-07-07,'002727,一心堂,25.67,26.48,25.5,25.81,25.81,-0.14,-0.5424,3.328,7699491,200196737.21,13363802000.0,5938822268.8
2016-07-06,'002727,一心堂,25.81,26.18,24.56,24.95,24.84,0.97,3.905,4.2211,9765612,246924020.05,13436686000.0,5971211638.4
2016-07-05,'002727,一心堂,24.84,25.25,24.71,25.0,24.82,0.02,0.0806,2.6755,5843999,145935392.52,12931704000.0,5425644658.32
2016-07-04,'002727,一心堂,24.82,25.12,24.3,24.36,24.62,0.2,0.8123,3.1196,6813957,168407265.56,12921292000.0,5421276184.36
2016-07-01,'002727,一心堂,24.62,25.23,24.45,24.97,25.0,-0.38,-1.52,2.3046,5033773,124745215.2,12817172000.0,5377591444.76
2016-06-30,'002727,一心堂,25.0,25.38,24.08,24.88,24.76,0.24,0.9693,3.8597,8430406,207564708.45,13015000000.0,5460592450.0
2016-06-29,'002727,一心堂,24.76,25.6,24.65,24.95,24.9,-0.14,-0.5622,3.4137,7456296,187222315.83,12890056000.0,5408170762.48
2016-06-28,'002727,一心堂,24.9,25.79,24.5,24.5,24.82,0.08,0.3223,5.021,10967082,275073992.81,12962940000.0,5438750080.2
2016-06-27,'002727,一心堂,24.82,25.1,23.47,23.5,23.73,1.09,4.5933,5.7397,12536954,307943931.34,12921292000.0,5421276184.36
2016-06-24,'002727,一心堂,23.73,23.96,22.56,23.63,23.74,-0.01,-0.0421,5.5324,12084007,283269839.03,12353838000.0,5183194353.54
2016-06-23,'002727,一心堂,23.74,23.99,22.3,22.3,22.4,1.34,5.9821,7.4123,16190225,379597216.7,12359044000.0,5185378590.52
2016-06-22,'002727,一心堂,22.4,22.56,21.88,22.04,21.87,0.53,2.4234,2.6642,5819214,129624639.94,11661440000.0,4892690835.2
2016-06-21,'002727,一心堂,21.87,22.29,21.75,21.84,21.75,0.12,0.5517,2.5148,5492956,121026875.45,11385522000.0,4776926275.26
2016-06-20,'002727,一心堂,21.75,21.96,21.36,21.8,21.84,-0.09,-0.4121,1.3161,2874684,62119981.94,11323050000.0,4750715431.5
2016-06-17,'002727,一心堂,21.84,22.16,21.56,21.62,21.54,0.3,1.3928,1.4267,3116186,68256944.14,11369904000.0,4770373564.32
2016-06-16,'002727,一心堂,21.54,22.15,21.5,21.88,21.98,-0.44,-2.0018,1.7956,3922012,85487244.27,11213724000.0,4704846454.92
2016-06-15,'002727,一心堂,21.98,22.25,21.1,21.1,21.46,0.52,2.4231,2.3555,5145010,112346169.93,11442788000.0,4800952882.04
2016-06-14,'002727,一心堂,21.46,21.58,21.01,21.51,21.59,-0.13,-0.6021,2.4755,5407105,115432983.04,11172076000.0,4687372559.08
2016-06-13,'002727,一心堂,21.59,22.88,21.59,22.68,23.23,-1.64,-7.0598,2.662,5814433,129979317.97,11239754000.0,4715767639.82
2016-06-08,'002727,一心堂,23.23,23.66,23.03,23.25,23.22,0.01,0.0431,2.3991,5240227,122314433.32,12093538000.0,5073982504.54
2016-06-07,'002727,一心堂,23.22,23.5,23.07,23.45,23.46,-0.24,-1.023,1.8254,3987142,92548728.69,12088332000.0,5071798267.56
2016-06-06,'002727,一心堂,23.46,23.72,23.22,23.44,23.45,0.01,0.0426,2.9348,6410218,149983814.2,12213276000.0,5124219955.08
2016-06-03,'002727,一心堂,23.45,23.8,22.26,22.4,22.36,1.09,4.8748,5.5434,12108201,280443680.89,12208070000.0,5122035718.1
2016-06-02,'002727,一心堂,22.36,22.47,22.15,22.2,22.3,0.06,0.2691,2.5065,5474862,122138584.8,11640616000.0,4883953887.28
2016-06-01,'002727,一心堂,22.3,22.56,22.15,22.31,22.39,-0.09,-0.402,3.401,7428533,166050385.16,11609380000.0,4870848465.4
2016-05-31,'002727,一心堂,22.39,22.51,21.36,21.36,21.35,1.04,4.8712,5.1906,11337425,249434486.06,11656234000.0,4890506598.22
2016-05-30,'002727,一心堂,21.35,21.4,20.85,21.3,21.47,-0.12,-0.5589,1.2733,2781292,58950071.06,11114810000.0,4663345952.3
2016-05-27,'002727,一心堂,21.47,21.88,21.18,21.3,21.43,0.04,0.1867,2.1895,4782432,103058970.94,11177282000.0,4689556796.06
2016-05-26,'002727,一心堂,21.43,21.5,20.29,20.8,20.8,0.63,3.0288,3.1141,6802014,142153685.93,11156458000.0,4680819848.14
2016-05-25,'002727,一心堂,20.8,20.99,20.72,20.86,20.8,0.0,0.0,2.3719,5180846,107997033.29,10828480000.0,4543212918.4
2016-05-24,'002727,一心堂,20.8,20.95,20.51,20.85,20.95,-0.15,-0.716,1.5522,3390446,70157617.01,10828480000.0,4543212918.4
2016-05-23,'002727,一心堂,20.95,21.09,20.66,20.89,20.72,0.23,1.11,2.2905,5003103,104285546.48,10906570000.0,4575976473.1
2016-05-20,'002727,一心堂,20.72,20.88,20.3,20.55,20.65,0.07,0.339,1.9413,4240350,87398992.36,10786832000.0,4525739022.56
2016-05-19,'002727,一心堂,20.65,21.0,20.51,20.51,20.8,-0.15,-0.7212,2.4003,5242814,108586656.9,10750390000.0,4510449363.7
2016-05-18,'002727,一心堂,20.8,21.07,20.01,20.91,21.07,-0.27,-1.2814,2.3951,5231473,107282210.49,10828480000.0,4543212918.4
2016-05-17,'002727,一心堂,21.07,21.35,20.91,21.27,21.3,-0.23,-1.0798,1.3719,2996551,63338743.33,10969042000.0,4602187316.86
2016-05-16,'002727,一心堂,21.3,21.39,20.59,21.0,21.05,0.25,1.1876,1.8245,3985166,83643900.87,11088780000.0,4652424767.4
2016-05-13,'002727,一心堂,21.05,21.33,20.78,21.04,21.28,-0.23,-1.0808,1.4952,3265893,68795668.36,10958630000.0,4597818842.9
2016-05-12,'002727,一心堂,21.28,21.4,20.39,20.9,21.15,0.13,0.6147,2.2045,4815051,100052471.13,11078368000.0,4648056293.44
2016-05-11,'002727,一心堂,21.15,21.48,20.74,21.25,21.18,-0.03,-0.1416,3.1136,6800807,144118932.49,11010690000.0,4619661212.7
2016-05-10,'002727,一心堂,21.18,21.25,20.9,21.0,21.08,0.1,0.4744,1.6951,3702528,77991772.9,11026308000.0,4626213923.64
2016-05-09,'002727,一心堂,21.08,21.43,20.81,21.28,21.63,-0.55,-2.5428,3.1379,6854020,144380734.95,10974248000.0,4604371553.84
2016-05-06,'002727,一心堂,21.63,22.67,21.63,22.18,22.23,-0.6,-2.6991,4.965,10844779,240481947.47,11260578000.0,4724504587.74
2016-05-05,'002727,一心堂,22.23,22.32,21.81,22.25,22.3,-0.07,-0.3139,2.8381,6199104,137020053.49,11572938000.0,4855558806.54
2016-05-04,'002727,一心堂,22.3,22.67,21.75,21.75,21.76,0.54,2.4816,5.9027,12892979,287374199.07,11609380000.0,4870848465.4
2016-05-03,'002727,一心堂,21.76,21.89,21.05,21.22,21.22,0.54,2.5448,3.9012,8521191,184222825.54,11328256000.0,4752899668.48
2016-04-29,'002727,一心堂,21.22,21.43,21.03,21.29,21.33,-0.11,-0.5157,1.7263,3770641,80115177.06,11047132000.0,4634950871.56
2016-04-28,'002727,一心堂,21.33,21.74,20.66,21.66,21.4,-0.07,-0.3271,2.5497,5569052,118668102.98,11104398000.0,4658977478.34
2016-04-27,'002727,一心堂,21.4,21.87,21.32,21.75,21.53,-0.13,-0.6038,2.2481,4910369,105959101.14,11140840000.0,4674267137.2
2016-04-26,'002727,一心堂,21.53,21.6,21.2,21.29,21.35,0.18,0.8431,2.3522,5137795,110232796.68,11208518000.0,4702662217.94
2016-04-25,'002727,一心堂,21.35,21.67,21.17,21.4,21.76,-0.41,-1.8842,2.2581,4932298,105482510.56,11114810000.0,4663345952.3
2016-04-22,'002727,一心堂,21.76,21.95,20.5,20.68,20.81,0.95,4.5651,3.7618,8216578,174557301.39,11328256000.0,4752899668.48
2016-04-21,'002727,一心堂,20.81,21.73,20.62,21.52,21.93,-1.12,-5.1072,5.2351,11434738,242589863.57,10833686000.0,4545397155.38
2016-04-20,'002727,一心堂,21.93,24.58,21.93,24.45,24.37,-2.44,-10.0123,9.6271,21027890,474932301.3,11416758000.0,4790031697.14
2016-04-19,'002727,一心堂,24.37,24.96,24.1,24.48,24.35,0.02,0.0821,4.0063,8750762,213765275.43,12687022000.0,5322985520.26
2016-04-18,'002727,一心堂,24.35,24.48,23.91,24.02,24.52,-0.17,-0.6933,3.9631,8656375,209599441.32,12676610000.0,5318617046.3
2016-04-15,'002727,一心堂,24.52,24.59,24.02,24.45,24.54,-0.02,-0.0815,4.5064,9842947,238512064.2,12765112000.0,5355749074.96
2016-04-14,'002727,一心堂,24.54,24.99,23.71,24.65,24.7,-0.16,-0.6478,8.1584,17819965,431897778.16,12775524000.0,5360117548.92
2016-04-13,'002727,一心堂,24.7,25.99,24.01,24.6,24.91,-0.21,-0.843,9.6224,21017606,523535649.69,12858820000.0,5395065340.6
2016-04-12,'002727,一心堂,50.32,52.87,48.0,52.45,53.21,-2.89,-5.4313,10.612,11589571,580178141.53,13098296000.0,5495540241.68
2016-04-11,'002727,一心堂,53.21,54.08,50.52,52.06,52.22,0.99,1.8958,12.195,13318367,701458866.62,13850563000.0,5811162485.29
2016-04-08,'002727,一心堂,52.22,54.0,48.99,52.3,52.45,-0.23,-0.4385,11.6005,12669102,650567454.09,13592866000.0,5703042754.78
2016-04-07,'002727,一心堂,52.45,54.9,52.01,53.81,52.1,0.35,0.6718,15.8016,17257165,924880355.7,13652735000.0,5728161480.05
2016-04-06,'002727,一心堂,52.1,52.7,49.15,49.5,49.96,2.14,4.2834,8.8226,9635356,486333693.49,13561630000.0,5689937332.9
2016-04-05,'002727,一心堂,49.96,50.99,48.65,48.65,49.86,0.1,0.2006,8.0558,8797907,436056026.14,13004588000.0,5456223976.04
2016-04-01,'002727,一心堂,49.86,49.88,47.37,47.7,47.98,1.88,3.9183,6.9093,7545809,365486057.79,12978558000.0,5445302791.14
2016-03-31,'002727,一心堂,47.98,49.15,46.79,46.8,46.78,1.2,2.5652,9.3457,10206652,490637853.98,12489194000.0,5239984515.02
2016-03-30,'002727,一心堂,46.78,47.13,43.89,43.9,43.48,3.3,7.5897,7.4217,8105341,368901886.54,12176834000.0,5108930296.22
2016-03-29,'002727,一心堂,43.48,44.7,42.0,44.7,45.0,-1.52,-3.3778,4.5007,4915273,212788192.25,11317844000.0,4748531194.52
2016-03-28,'002727,一心堂,45.0,46.5,44.22,44.44,44.61,0.39,0.8742,6.1371,6702417,302766643.96,11713500000.0,4914533205.0
2016-03-25,'002727,一心堂,44.61,46.5,43.0,46.5,46.8,-2.19,-4.6795,8.8508,9666149,433465797.41,11611983000.0,4871940583.89
2016-03-24,'002727,一心堂,46.8,48.8,45.6,45.88,46.57,0.23,0.4939,8.8728,9690175,456694147.07,12182040000.0,5111114533.2
2016-03-23,'002727,一心堂,46.57,46.99,42.78,42.89,43.15,3.42,7.9258,8.6768,9476126,421459413.44,12122171000.0,5085995807.93
2016-03-22,'002727,一心堂,43.15,43.89,41.77,42.0,42.47,0.68,1.6011,5.0391,5503283,235133733.92,11231945000.0,4712491284.35
2016-03-21,'002727,一心堂,42.47,42.79,41.6,41.7,40.98,1.49,3.6359,5.5327,6042369,255208245.09,11054941000.0,4638227227.03
2016-03-18,'002727,一心堂,40.98,41.28,39.3,39.4,39.2,1.78,4.5408,5.9062,6450228,260559682.01,10667094000.0,4475501572.02
2016-03-17,'002727,一心堂,39.2,39.57,37.97,37.99,37.75,1.45,3.8411,4.6989,5131746,199824333.63,10203760000.0,4281104480.8
2016-03-16,'002727,一心堂,37.75,39.17,37.45,39.0,38.57,-0.82,-2.126,2.8844,3150104,120127424.37,9826325000.0,4122747299.75
2016-03-15,'002727,一心堂,38.57,39.23,38.23,38.51,38.57,0.0,0.0,2.9242,3193592,123534467.89,10039771000.0,4212301015.93
2016-03-14,'002727,一心堂,38.57,39.3,37.81,37.81,37.1,1.47,3.9623,4.5653,4985881,192972112.04,10039771000.0,4212301015.93
2016-03-11,'002727,一心堂,37.1,37.63,36.51,36.9,37.43,-0.33,-0.8816,2.4348,2659036,98405476.66,9657130000.0,4051759597.9
2016-03-10,'002727,一心堂,37.43,38.25,37.21,37.9,37.91,-0.48,-1.2662,3.9119,4272230,161349616.52,9743029000.0,4087799508.07
2016-03-09,'002727,一心堂,37.91,38.29,36.08,36.4,37.08,0.83,2.2384,5.2763,5762312,217124285.59,9867973000.0,4140221195.59
2016-03-08,'002727,一心堂,37.08,37.19,35.0,37.0,36.99,0.09,0.2433,3.5047,3827542,138465361.35,9651924000.0,4049575360.92
2016-03-07,'002727,一心堂,36.99,37.79,36.5,36.5,36.12,0.87,2.4086,3.5157,3839560,142657497.9,9628497000.0,4039746294.51
2016-03-04,'002727,一心堂,36.12,38.47,35.55,37.74,37.8,-1.68,-4.4444,4.6628,5092326,188890208.3,9402036000.0,3944731985.88
2016-03-03,'002727,一心堂,37.8,39.52,37.22,37.48,37.04,0.76,2.0518,6.5993,7207220,277451539.79,9839340000.0,4128207892.2
2016-03-02,'002727,一心堂,37.04,37.18,34.79,35.0,35.27,1.77,5.0184,5.1553,5630198,202439308.4,9641512000.0,4045206886.96
2016-03-01,'002727,一心堂,35.27,35.85,32.7,35.75,35.75,-0.48,-1.3427,7.8033,8522177,295110253.81,9180781000.0,3851901914.23
2016-02-29,'002727,一心堂,35.75,39.18,35.31,39.0,39.22,-3.47,-8.8475,4.6807,5111882,187372660.19,9305725000.0,3904323601.75
2016-02-26,'002727,一心堂,39.22,39.54,38.01,39.11,39.0,0.22,0.5641,4.2622,4654838,181639327.53,10208966000.0,4283288717.78
2016-02-25,'002727,一心堂,39.0,43.21,39.0,43.15,43.33,-4.33,-9.9931,6.6323,7243239,295843877.56,10151700000.0,4259262111.0
2016-02-24,'002727,一心堂,43.33,44.54,42.65,44.01,44.28,-0.95,-2.1454,3.963,4328079,187871836.3,11278799000.0,4732149417.17
2016-02-23,'002727,一心堂,44.28,45.3,43.6,45.3,45.14,-0.86,-1.9052,4.1224,4502185,200135747.14,11526084000.0,4835900673.72
2016-02-22,'002727,一心堂,45.14,45.48,44.51,45.25,44.79,0.35,0.7814,5.4268,5926760,266401116.24,11749942000.0,4929822863.86
2016-02-19,'002727,一心堂,44.79,45.1,44.33,44.5,44.6,0.19,0.426,3.416,3730644,166729813.73,11658837000.0,4891598716.71
2016-02-18,'002727,一心堂,44.6,46.0,44.5,45.76,45.76,-1.16,-2.535,5.8212,6357399,286932324.9,11609380000.0,4870848465.4
2016-02-17,'002727,一心堂,45.76,45.98,44.3,44.95,45.33,0.43,0.9486,6.9549,7595535,341846013.0,11911328000.0,4997534210.24
2016-02-16,'002727,一心堂,45.33,45.33,43.48,44.4,41.21,4.12,9.9976,9.1108,9950061,441833394.23,11799399000.0,4950573115.17
2016-02-15,'002727,一心堂,41.21,41.45,40.2,40.4,42.02,-0.81,-1.9277,2.6031,2842906,115922314.4,10726963000.0,4500620297.29
2016-02-05,'002727,一心堂,42.02,43.58,41.81,42.36,42.36,-0.34,-0.8026,2.0057,2190414,93583293.59,10937806000.0,4589081894.98
2016-02-04,'002727,一心堂,42.36,43.2,41.6,41.7,41.78,0.58,1.3882,3.3149,3620249,153632961.91,11026308000.0,4626213923.64
2016-02-03,'002727,一心堂,41.78,42.2,40.21,40.62,41.45,0.33,0.7961,1.8061,1972478,80837195.26,10875334000.0,4562871051.22
2016-02-02,'002727,一心堂,41.45,41.7,39.72,39.8,39.77,1.68,4.2243,2.1453,2342962,96469040.7,10789435000.0,4526831141.05
2016-02-01,'002727,一心堂,39.77,40.5,39.19,40.5,40.01,-0.24,-0.5999,2.1525,2350756,93602471.01,10352131000.0,4343355234.73
2016-01-29,'002727,一心堂,40.01,40.2,37.5,37.94,37.95,2.06,5.4282,3.8789,4236262,165784574.88,10414603000.0,4369566078.49
2016-01-28,'002727,一心堂,37.95,40.0,37.88,39.5,40.3,-2.35,-5.8313,4.9909,5450675,211257175.03,9878385000.0,4144589669.55
2016-01-27,'002727,一心堂,40.3,41.89,38.3,41.8,41.0,-0.7,-1.7073,4.0649,4439299,176292158.96,10490090000.0,4401237514.7
2016-01-26,'002727,一心堂,41.0,45.8,40.0,43.5,42.82,-1.82,-4.2504,5.6024,6118479,265522269.41,10672300000.0,4477685809.0
2016-01-25,'002727,一心堂,42.82,43.9,42.28,43.2,43.15,-0.33,-0.7648,2.3621,2579694,111275486.41,11146046000.0,4676451374.18
2016-01-22,'002727,一心堂,43.15,44.05,41.41,43.0,42.65,0.5,1.1723,4.3278,4726496,202824076.99,11231945000.0,4712491284.35
2016-01-21,'002727,一心堂,42.65,46.86,42.65,45.81,46.25,-3.6,-7.7838,2.6585,2903437,131553385.91,11101795000.0,4657885359.85
2016-01-20,'002727,一心堂,46.25,47.85,46.0,47.5,47.89,-1.64,-3.4245,2.6263,2868201,134223023.72,12038875000.0,5051048016.25
2016-01-19,'002727,一心堂,47.89,48.48,45.27,45.58,45.81,2.08,4.5405,3.6423,3977795,185692732.75,12465767000.0,5230155448.61
2016-01-18,'002727,一心堂,45.81,46.66,43.0,43.8,44.76,1.05,2.3458,3.5777,3907264,176868682.01,11924343000.0,5002994802.69
2016-01-15,'002727,一心堂,44.76,47.5,44.31,47.5,48.34,-3.58,-7.4059,3.0109,3288308,152059503.49,11651028000.0,4888322361.24
2016-01-14,'002727,一心堂,48.34,48.43,44.83,44.83,48.5,-0.16,-0.3299,4.8653,5313447,248088065.46,12582902000.0,5279300780.66
2016-01-13,'002727,一心堂,48.5,52.8,48.5,52.2,51.8,-3.3,-6.3707,3.6892,4029001,202562050.71,12624550000.0,5296774676.5
2016-01-12,'002727,一心堂,51.8,54.89,51.52,53.0,53.3,-1.5,-2.8143,3.5243,3848927,203908568.8,13483540000.0,5657173778.2
2016-01-11,'002727,一心堂,53.3,57.26,53.01,54.5,54.92,-1.62,-2.9497,3.92,4281069,235576815.46,13873990000.0,5820991551.7
2016-01-08,'002727,一心堂,54.92,56.5,52.2,54.09,52.12,2.8,5.3722,3.79,4139090,225853062.68,14295676000.0,5997914747.08
2016-01-07,'002727,一心堂,52.12,56.71,51.96,56.7,57.72,-5.6,-9.702,1.1307,1234807,66225259.23,13566836000.0,5692121569.88
2016-01-06,'002727,一心堂,57.72,58.2,55.0,55.09,54.45,3.27,6.0055,3.8169,4168483,235566038.33,15024516000.0,6303707924.28
2016-01-05,'002727,一心堂,54.45,55.8,52.0,52.01,53.03,1.42,2.6777,4.6691,5099198,275631488.89,14173335000.0,5946585178.05
2016-01-04,'002727,一心堂,53.03,58.5,52.99,58.18,57.83,-4.8,-8.3002,3.0342,3313727,186138822.14,13803709000.0,5791504352.47
2015-12-31,'002727,一心堂,57.83,60.6,54.72,60.6,60.8,-2.97,-4.8849,5.354,5847199,341885585.73,15053149000.0,6315721227.67
2015-12-30,'002727,一心堂,60.8,65.99,60.36,63.8,62.98,-2.18,-3.4614,6.3252,6907843,435021126.39,15826240000.0,6640080419.2
2015-12-29,'002727,一心堂,0.0,0.0,0.0,0.0,62.98,None,None,0.0,0,0.0,16393694000.0,6878162250.02
2015-12-28,'002727,一心堂,0.0,0.0,0.0,0.0,62.98,None,None,0.0,0,0.0,16393694000.0,6878162250.02
2015-12-25,'002727,一心堂,0.0,0.0,0.0,0.0,62.98,None,None,0.0,0,0.0,16393694000.0,6878162250.02
2015-12-24,'002727,一心堂,0.0,0.0,0.0,0.0,62.98,None,None,0.0,0,0.0,16393694000.0,6878162250.02
2015-12-23,'002727,一心堂,62.98,65.39,62.5,64.9,64.58,-1.6,-2.4775,2.9572,3229598,207335835.42,16393694000.0,6878162250.02
2015-12-22,'002727,一心堂,64.58,65.11,62.2,62.98,62.98,1.6,2.5405,3.6455,3981327,253776047.28,16810174000.0,7052901208.42
2015-12-21,'002727,一心堂,62.98,63.28,61.41,62.9,62.96,0.02,0.0318,3.4281,3743849,233654584.06,16393694000.0,6878162250.02
2015-12-18,'002727,一心堂,62.96,64.45,61.9,62.0,61.2,1.76,2.8758,4.6877,5119508,323657839.7,16388488000.0,6875978013.04
2015-12-17,'002727,一心堂,61.2,61.2,59.9,60.3,59.84,1.36,2.2727,4.0231,4393666,265804398.94,15930360000.0,6683765158.8
2015-12-16,'002727,一心堂,59.84,60.69,58.16,58.16,58.08,1.76,3.0303,2.9163,3184940,189885690.75,15576352000.0,6535237044.16
2015-12-15,'002727,一心堂,58.08,59.46,57.65,58.4,58.2,-0.12,-0.2062,1.9344,2112615,123576727.46,15118224000.0,6343024189.92
2015-12-14,'002727,一心堂,58.2,58.58,56.6,56.6,57.6,0.6,1.0417,1.8624,2034006,116982229.48,15149460000.0,6356129611.8
2015-12-11,'002727,一心堂,57.6,58.05,56.9,57.19,57.48,0.12,0.2088,1.6248,1774442,102161106.51,14993280000.0,6290602502.4
2015-12-10,'002727,一心堂,57.48,57.5,56.4,56.99,57.0,0.48,0.8421,1.8432,2012981,114713890.52,14962044000.0,6277497080.52
2015-12-09,'002727,一心堂,57.0,59.46,56.0,58.78,58.51,-1.51,-2.5808,2.9604,3233094,185849754.99,14837100000.0,6225075393.0
2015-12-08,'002727,一心堂,58.51,60.74,58.35,60.7,61.15,-2.64,-4.3173,2.8488,3111200,184905502.28,15230153000.0,6389985284.99
2015-12-07,'002727,一心堂,61.15,61.15,59.58,60.9,60.89,0.26,0.427,2.8365,3097848,187124571.86,15917345000.0,6678304566.35
2015-12-04,'002727,一心堂,60.89,61.88,59.74,60.9,61.55,-0.66,-1.0723,3.2561,3458816,210098515.99,15849667000.0,6468057847.21
2015-12-03,'002727,一心堂,61.55,61.85,59.9,60.5,60.41,1.14,1.8871,3.0169,3204708,194914886.84,16021465000.0,6538166537.95
2015-12-02,'002727,一心堂,60.41,61.8,57.5,60.62,61.02,-0.61,-0.9997,4.0356,4286778,256200186.24,15724723000.0,6417069708.49
2015-12-01,'002727,一心堂,61.02,63.79,60.03,62.89,64.0,-2.98,-4.6563,4.6675,4958061,305773170.82,15883506000.0,6481867134.78
2015-11-30,'002727,一心堂,64.0,65.78,59.0,65.1,65.1,-1.1,-1.6897,8.2157,8727125,542529096.97,16659200000.0,6798418496.0
2015-11-27,'002727,一心堂,65.1,71.49,64.09,67.9,68.0,-2.9,-4.2647,5.1901,5513213,376036999.55,16945530000.0,6915266313.9
2015-11-26,'002727,一心堂,68.0,69.88,67.01,67.5,67.8,0.2,0.295,3.6166,3841724,262290721.97,17700400000.0,7223319652.0
2015-11-25,'002727,一心堂,67.8,69.68,65.08,65.08,65.8,2.0,3.0395,4.0998,4355003,295445668.88,17648340000.0,7202074594.2
2015-11-24,'002727,一心堂,65.8,65.88,61.7,62.0,61.87,3.93,6.352,5.8895,6256155,400548272.07,17127740000.0,6989624016.2
2015-11-23,'002727,一心堂,61.87,63.4,61.38,63.03,63.64,-1.77,-2.7813,4.9646,5273630,327440580.74,16104761000.0,6572158630.43
2015-11-20,'002727,一心堂,63.64,65.35,63.0,63.0,63.0,0.64,1.0159,3.5138,3732529,239412166.54,16565492000.0,6760177391.96
2015-11-19,'002727,一心堂,63.0,63.49,61.06,62.82,63.02,-0.02,-0.0317,5.398,5734051,358699262.32,16398900000.0,6692193207.0
2015-11-18,'002727,一心堂,63.02,65.58,60.1,60.1,60.6,2.42,3.9934,9.6448,10245165,650768327.01,16404106000.0,6694317712.78
2015-11-17,'002727,一心堂,60.6,64.97,60.0,62.36,60.28,0.32,0.5309,4.6835,4975069,309857846.97,15774180000.0,6437252513.4
2015-11-16,'002727,一心堂,60.28,61.11,58.68,58.68,61.12,-0.84,-1.3743,2.8587,3036653,182261664.73,15690884000.0,6403260420.92
2015-11-13,'002727,一心堂,61.12,64.53,60.01,63.5,64.75,-3.63,-5.6062,4.2037,4465356,278155994.08,15909536000.0,6492489663.68
2015-11-12,'002727,一心堂,64.75,65.3,59.77,62.02,61.4,3.35,5.456,4.6748,4965807,309220271.56,16854425000.0,6878087462.75
2015-11-11,'002727,一心堂,61.4,62.5,58.1,59.11,59.1,2.3,3.8917,4.7106,5003811,304078914.85,15982420000.0,6522232744.6
2015-11-10,'002727,一心堂,59.1,62.5,58.5,58.72,59.5,-0.4,-0.6723,4.4879,4767266,290987565.66,15383730000.0,6277914579.9
2015-11-09,'002727,一心堂,59.5,61.13,55.83,55.99,56.09,3.41,6.0795,5.0565,5371231,311530972.07,15487850000.0,6320404695.5
2015-11-06,'002727,一心堂,56.09,56.49,55.04,55.15,55.17,0.92,1.6676,3.671,3899554,217546815.01,14600227000.0,5958176460.01
2015-11-05,'002727,一心堂,55.17,56.48,54.05,55.4,55.19,-0.02,-0.0362,3.6606,3888440,214109741.54,14360751000.0,5860449194.13
2015-11-04,'002727,一心堂,55.19,55.2,52.98,52.98,52.81,2.38,4.5067,5.0474,5361584,290362143.77,14365957000.0,5862573699.91
2015-11-03,'002727,一心堂,52.81,54.14,50.88,51.15,51.18,1.63,3.1848,5.0523,5366802,283956675.27,13746443000.0,5609757512.09
2015-11-02,'002727,一心堂,51.18,52.68,49.09,50.2,51.02,0.16,0.3136,4.014,4263852,219602105.85,13322154000.0,5436610291.02
2015-10-30,'002727,一心堂,51.02,52.32,50.99,51.6,51.68,-0.66,-1.2771,3.1712,3368638,173401450.09,13280506000.0,5419614244.78
2015-10-29,'002727,一心堂,51.68,52.5,50.55,51.09,50.93,0.75,1.4726,3.2249,3425636,177111465.61,13452304000.0,5489722935.52
2015-10-28,'002727,一心堂,50.93,54.0,50.72,51.45,51.63,-0.7,-1.3558,5.214,5538628,290829022.68,13257079000.0,5410053968.77
2015-10-27,'002727,一心堂,51.63,52.18,49.6,51.78,52.52,-0.89,-1.6946,4.1933,4454307,227242500.81,13439289000.0,5484411671.07
2015-10-26,'002727,一心堂,52.52,53.33,51.0,53.0,52.49,0.03,0.0572,5.1184,5437046,283325962.32,13670956000.0,5578952178.28
2015-10-23,'002727,一心堂,52.49,54.0,51.1,51.1,49.85,2.64,5.2959,8.6512,9189746,483919732.76,13663147000.0,5575765419.61
2015-10-22,'002727,一心堂,49.85,50.69,46.6,47.61,47.35,2.5,5.2798,6.1371,6519161,317588343.22,12975955000.0,5295330656.65
2015-10-21,'002727,一心堂,47.35,52.55,46.52,51.27,51.1,-3.75,-7.3386,7.5888,8061233,405566834.71,12325205000.0,5029767434.15
2015-10-20,'002727,一心堂,51.1,51.31,49.6,50.7,50.8,0.3,0.5906,4.7397,5034743,254034616.46,13301330000.0,5428112267.9
2015-10-19,'002727,一心堂,50.8,53.68,50.4,52.98,53.82,-3.02,-5.6113,8.3188,8836665,455566042.9,13223240000.0,5396244681.2
2015-10-16,'002727,一心堂,53.82,55.53,52.0,52.0,50.48,3.34,6.6165,12.0349,12784095,700344044.62,14009346000.0,5717045053.98
2015-10-15,'002727,一心堂,50.48,50.7,48.05,48.05,48.4,2.08,4.2975,2.9201,3101895,155084228.52,13139944000.0,5362252588.72
2015-10-14,'002727,一心堂,48.4,50.27,48.3,50.0,49.98,-1.58,-3.1613,2.1158,2247464,110590464.28,12598520000.0,5141303987.6
2015-10-13,'002727,一心堂,49.98,50.87,49.52,50.27,50.66,-0.68,-1.3423,1.5927,1691878,84755269.63,13009794000.0,5309139944.22
2015-10-12,'002727,一心堂,50.66,52.79,49.51,50.0,49.4,1.26,2.5506,3.2618,3464831,177300446.73,13186798000.0,5381373140.74
2015-10-09,'002727,一心堂,49.4,50.88,48.32,49.0,48.65,0.75,1.5416,1.8077,1920203,95981115.61,12858820000.0,5247529276.6
2015-10-08,'002727,一心堂,48.65,49.62,47.9,48.58,46.3,2.35,5.0756,2.883,3062442,149084623.7,12663595000.0,5167860309.85
2015-09-30,'002727,一心堂,46.3,47.39,46.01,46.6,47.2,-0.9,-1.9068,1.1122,1181388,55097939.69,12051890000.0,4918230880.7
2015-09-29,'002727,一心堂,47.2,48.4,46.51,47.28,48.5,-1.3,-2.6804,2.3265,2471343,116882806.87,12286160000.0,5013833640.8
2015-09-28,'002727,一心堂,48.5,49.2,44.05,44.07,44.95,3.55,7.8977,1.807,1919542,89564684.79,12624550000.0,5151926516.5
2015-09-25,'002727,一心堂,44.95,46.99,43.89,46.53,46.98,-2.03,-4.321,1.7331,1841030,83347216.39,11700485000.0,4774826740.55
2015-09-24,'002727,一心堂,46.98,48.69,46.4,46.6,46.6,0.38,0.8155,1.4085,1496191,71062994.42,12228894000.0,4990464077.22
2015-09-23,'002727,一心堂,46.6,47.28,45.01,45.8,46.6,0.0,0.0,1.5087,1602590,73991737.55,12129980000.0,4950098467.4
2015-09-22,'002727,一心堂,46.6,47.45,46.06,46.85,46.82,-0.22,-0.4699,2.9518,3135584,146736566.23,12129980000.0,4950098467.4
2015-09-21,'002727,一心堂,46.82,47.18,42.68,43.5,44.4,2.42,5.4505,4.5148,4795846,220420059.82,12187246000.0,4973468030.98
2015-09-18,'002727,一心堂,44.4,44.55,41.69,43.8,43.88,0.52,1.1851,3.1623,3359120,145297510.3,11557320000.0,4716402831.6
2015-09-17,'002727,一心堂,43.88,46.1,43.88,45.0,45.61,-1.73,-3.793,3.192,3390724,152461610.5,11421964000.0,4661165681.32
2015-09-16,'002727,一心堂,45.61,46.04,41.0,42.15,41.85,3.76,8.9845,2.7979,2972051,130187007.44,11872283000.0,4844935431.29
2015-09-15,'002727,一心堂,41.85,43.58,41.3,41.5,42.63,-0.78,-1.8297,1.9886,2112378,89525000.19,10893555000.0,4445528344.65
2015-09-14,'002727,一心堂,42.63,46.05,42.01,45.5,45.15,-2.52,-5.5814,2.8472,3024412,133818602.63,11096589000.0,4528384070.07
2015-09-11,'002727,一心堂,45.15,46.88,44.2,46.15,46.17,-1.02,-2.2092,2.344,2489967,113095180.54,11752545000.0,4796071798.35
2015-09-10,'002727,一心堂,46.17,47.49,45.52,46.7,47.8,-1.63,-3.41,2.2574,2397957,111669854.5,12018051000.0,4904421593.13
2015-09-09,'002727,一心堂,47.8,48.8,46.28,46.8,46.8,1.0,2.1368,4.0207,4271030,204383614.06,12442340000.0,5077568814.2
2015-09-08,'002727,一心堂,46.8,46.85,43.33,44.0,43.79,3.01,6.8737,2.9762,3161473,143165457.6,12182040000.0,4971343525.2
2015-09-07,'002727,一心堂,43.79,45.3,42.8,42.83,42.47,1.32,3.1081,2.6854,2852613,126238517.46,11398537000.0,4651605405.31
2015-09-02,'002727,一心堂,42.47,43.84,37.37,38.88,41.18,1.29,3.1326,6.6874,7103680,292189025.41,11054941000.0,4511388023.83
2015-09-01,'002727,一心堂,41.18,44.03,41.0,44.0,44.99,-3.81,-8.4685,6.4558,4202739,176621019.86,10719154000.0,2680818000.0
2015-08-31,'002727,一心堂,44.99,49.45,44.99,48.9,49.99,-5.0,-10.002,5.9129,3849277,181553920.64,11710897000.0,2928849000.0
2015-08-28,'002727,一心堂,49.99,50.5,47.7,48.85,47.8,2.19,4.5816,8.0104,5214781,255861425.65,13012397000.0,3254349000.0
2015-08-27,'002727,一心堂,47.8,48.3,45.06,46.48,45.06,2.74,6.0808,7.6896,5005950,235714069.03,12442340000.0,3111780000.0
2015-08-26,'002727,一心堂,45.06,47.11,42.3,43.8,43.37,1.69,3.8967,11.5651,7528880,337269573.11,11729118000.0,2933406000.0
2015-08-25,'002727,一心堂,43.37,50.18,43.37,44.6,48.19,-4.82,-10.0021,12.0047,7815057,362424817.19,11289211000.0,2823387000.0
2015-08-24,'002727,一心堂,48.19,52.0,48.19,50.11,53.54,-5.35,-9.9925,8.3088,5409056,264436282.52,12543857000.0,3137169000.0
2015-08-21,'002727,一心堂,53.54,57.93,53.0,56.2,55.0,-1.46,-2.6545,8.842,5756110,317113378.21,13936462000.0,3485454000.0
2015-08-20,'002727,一心堂,55.0,60.88,55.0,59.3,60.99,-5.99,-9.8213,8.2324,5359290,311939441.31,14316500000.0,3580500000.0
2015-08-19,'002727,一心堂,60.99,62.2,57.04,59.84,63.38,-2.39,-3.7709,17.464,11369032,670145779.37,15875697000.0,3970449000.0
2015-08-18,'002727,一心堂,63.38,68.0,63.38,63.38,70.42,-7.04,-9.9972,19.4783,12680402,816823753.31,16497814000.0,4126038000.0
2015-08-17,'002727,一心堂,70.42,70.42,70.42,70.42,78.24,-7.82,-9.9949,0.8972,584100,41132322.0,18330326000.0,4584342000.0
2015-08-14,'002727,一心堂,0.0,0.0,0.0,0.0,78.24,None,None,0.0,0,0.0,20365872000.0,5093424000.0
2015-08-13,'002727,一心堂,0.0,0.0,0.0,0.0,78.24,None,None,0.0,0,0.0,20365872000.0,5093424000.0
2015-08-12,'002727,一心堂,0.0,0.0,0.0,0.0,78.24,None,None,0.0,0,0.0,20365872000.0,5093424000.0
2015-08-11,'002727,一心堂,0.0,0.0,0.0,0.0,78.24,None,None,0.0,0,0.0,20365872000.0,5093424000.0
2015-08-10,'002727,一心堂,0.0,0.0,0.0,0.0,78.24,None,None,0.0,0,0.0,20365872000.0,5093424000.0
2015-08-07,'002727,一心堂,0.0,0.0,0.0,0.0,78.24,None,None,0.0,0,0.0,20365872000.0,5093424000.0
2015-08-06,'002727,一心堂,0.0,0.0,0.0,0.0,78.24,None,None,0.0,0,0.0,20365872000.0,5093424000.0
2015-08-05,'002727,一心堂,0.0,0.0,0.0,0.0,78.24,None,None,0.0,0,0.0,20365872000.0,5093424000.0
2015-08-04,'002727,一心堂,0.0,0.0,0.0,0.0,78.24,None,None,0.0,0,0.0,20365872000.0,5093424000.0
2015-08-03,'002727,一心堂,0.0,0.0,0.0,0.0,78.24,None,None,0.0,0,0.0,20365872000.0,5093424000.0
2015-07-31,'002727,一心堂,0.0,0.0,0.0,0.0,78.24,None,None,0.0,0,0.0,20365872000.0,5093424000.0
2015-07-30,'002727,一心堂,0.0,0.0,0.0,0.0,78.24,None,None,0.0,0,0.0,20365872000.0,5093424000.0
2015-07-29,'002727,一心堂,0.0,0.0,0.0,0.0,78.24,None,None,0.0,0,0.0,20365872000.0,5093424000.0
2015-07-28,'002727,一心堂,0.0,0.0,0.0,0.0,78.24,None,None,0.0,0,0.0,20365872000.0,5093424000.0
2015-07-27,'002727,一心堂,0.0,0.0,0.0,0.0,78.24,None,None,0.0,0,0.0,20365872000.0,5093424000.0
2015-07-24,'002727,一心堂,0.0,0.0,0.0,0.0,78.24,None,None,0.0,0,0.0,20365872000.0,5093424000.0
2015-07-23,'002727,一心堂,0.0,0.0,0.0,0.0,78.24,None,None,0.0,0,0.0,20365872000.0,5093424000.0
2015-07-22,'002727,一心堂,0.0,0.0,0.0,0.0,78.24,None,None,0.0,0,0.0,20365872000.0,5093424000.0
2015-07-21,'002727,一心堂,0.0,0.0,0.0,0.0,78.24,None,None,0.0,0,0.0,20365872000.0,5093424000.0
2015-07-20,'002727,一心堂,0.0,0.0,0.0,0.0,78.24,None,None,0.0,0,0.0,20365872000.0,5093424000.0
2015-07-17,'002727,一心堂,0.0,0.0,0.0,0.0,78.24,None,None,0.0,0,0.0,20365872000.0,5093424000.0
2015-07-16,'002727,一心堂,0.0,0.0,0.0,0.0,78.24,None,None,0.0,0,0.0,20365872000.0,5093424000.0
2015-07-15,'002727,一心堂,0.0,0.0,0.0,0.0,78.24,None,None,0.0,0,0.0,20365872000.0,5093424000.0
2015-07-14,'002727,一心堂,0.0,0.0,0.0,0.0,78.24,None,None,0.0,0,0.0,20365872000.0,5093424000.0
2015-07-13,'002727,一心堂,0.0,0.0,0.0,0.0,78.24,None,None,0.0,0,0.0,20365872000.0,5093424000.0
2015-07-10,'002727,一心堂,0.0,0.0,0.0,0.0,78.24,None,None,0.0,0,0.0,20365872000.0,5093424000.0
2015-07-09,'002727,一心堂,0.0,0.0,0.0,0.0,78.24,None,None,0.0,0,0.0,20365872000.0,5093424000.0
2015-07-08,'002727,一心堂,0.0,0.0,0.0,0.0,78.24,None,None,0.0,0,0.0,20365872000.0,5093424000.0
2015-07-07,'002727,一心堂,0.0,0.0,0.0,0.0,78.24,None,None,0.0,0,0.0,20365872000.0,5093424000.0
2015-07-06,'002727,一心堂,0.0,0.0,0.0,0.0,78.24,None,None,0.0,0,0.0,20365872000.0,5093424000.0
2015-07-03,'002727,一心堂,0.0,0.0,0.0,0.0,78.24,None,None,0.0,0,0.0,20365872000.0,5093424000.0
2015-07-02,'002727,一心堂,0.0,0.0,0.0,0.0,78.24,None,None,0.0,0,0.0,20365872000.0,5093424000.0
2015-07-01,'002727,一心堂,0.0,0.0,0.0,0.0,78.24,None,None,0.0,0,0.0,20365872000.0,5093424000.0
2015-06-30,'002727,一心堂,0.0,0.0,0.0,0.0,78.24,None,None,0.0,0,0.0,20365872000.0,5093424000.0
2015-06-29,'002727,一心堂,0.0,0.0,0.0,0.0,78.24,None,None,0.0,0,0.0,20365872000.0,5093424000.0
2015-06-26,'002727,一心堂,0.0,0.0,0.0,0.0,78.24,None,None,0.0,0,0.0,20365872000.0,5093424000.0
2015-06-25,'002727,一心堂,0.0,0.0,0.0,0.0,78.24,None,None,0.0,0,0.0,20365872000.0,5093424000.0
2015-06-24,'002727,一心堂,0.0,0.0,0.0,0.0,78.24,None,None,0.0,0,0.0,20365872000.0,5093424000.0
2015-06-23,'002727,一心堂,0.0,0.0,0.0,0.0,78.24,None,None,0.0,0,0.0,20365872000.0,5093424000.0
2015-06-19,'002727,一心堂,0.0,0.0,0.0,0.0,78.24,None,None,0.0,0,0.0,20365872000.0,5093424000.0
2015-06-18,'002727,一心堂,0.0,0.0,0.0,0.0,78.24,None,None,0.0,0,0.0,20365872000.0,5093424000.0
2015-06-17,'002727,一心堂,0.0,0.0,0.0,0.0,78.24,None,None,0.0,0,0.0,20365872000.0,5093424000.0
2015-06-16,'002727,一心堂,0.0,0.0,0.0,0.0,78.24,None,None,0.0,0,0.0,20365872000.0,5093424000.0
2015-06-15,'002727,一心堂,0.0,0.0,0.0,0.0,78.24,None,None,0.0,0,0.0,20365872000.0,5093424000.0
2015-06-12,'002727,一心堂,0.0,0.0,0.0,0.0,78.24,None,None,0.0,0,0.0,20365872000.0,5093424000.0
2015-06-11,'002727,一心堂,0.0,0.0,0.0,0.0,78.24,None,None,0.0,0,0.0,20365872000.0,5093424000.0
2015-06-10,'002727,一心堂,0.0,0.0,0.0,0.0,78.24,None,None,0.0,0,0.0,20365872000.0,5093424000.0
2015-06-09,'002727,一心堂,0.0,0.0,0.0,0.0,78.24,None,None,0.0,0,0.0,20365872000.0,5093424000.0
2015-06-08,'002727,一心堂,0.0,0.0,0.0,0.0,78.24,None,None,0.0,0,0.0,20365872000.0,5093424000.0
2015-06-05,'002727,一心堂,0.0,0.0,0.0,0.0,78.24,None,None,0.0,0,0.0,20365872000.0,5093424000.0
2015-06-04,'002727,一心堂,0.0,0.0,0.0,0.0,78.24,None,None,0.0,0,0.0,20365872000.0,5093424000.0
2015-06-03,'002727,一心堂,0.0,0.0,0.0,0.0,78.24,None,None,0.0,0,0.0,20365872000.0,5093424000.0
2015-06-02,'002727,一心堂,0.0,0.0,0.0,0.0,78.24,None,None,0.0,0,0.0,20365872000.0,5093424000.0
2015-06-01,'002727,一心堂,0.0,0.0,0.0,0.0,78.24,None,None,0.0,0,0.0,20365872000.0,5093424000.0
2015-05-29,'002727,一心堂,0.0,0.0,0.0,0.0,78.24,None,None,0.0,0,0.0,20365872000.0,5093424000.0
2015-05-28,'002727,一心堂,0.0,0.0,0.0,0.0,78.24,None,None,0.0,0,0.0,20365872000.0,5093424000.0
2015-05-27,'002727,一心堂,0.0,0.0,0.0,0.0,78.24,None,None,0.0,0,0.0,20365872000.0,5093424000.0
2015-05-26,'002727,一心堂,0.0,0.0,0.0,0.0,78.24,None,None,0.0,0,0.0,20365872000.0,5093424000.0
2015-05-25,'002727,一心堂,0.0,0.0,0.0,0.0,78.24,None,None,0.0,0,0.0,20365872000.0,5093424000.0
2015-05-22,'002727,一心堂,0.0,0.0,0.0,0.0,78.24,None,None,0.0,0,0.0,20365872000.0,5093424000.0
2015-05-21,'002727,一心堂,0.0,0.0,0.0,0.0,78.24,None,None,0.0,0,0.0,20365872000.0,5093424000.0
2015-05-20,'002727,一心堂,0.0,0.0,0.0,0.0,78.24,None,None,0.0,0,0.0,20365872000.0,5093424000.0
2015-05-19,'002727,一心堂,0.0,0.0,0.0,0.0,78.24,None,None,0.0,0,0.0,20365872000.0,5093424000.0
2015-05-18,'002727,一心堂,0.0,0.0,0.0,0.0,78.24,None,None,0.0,0,0.0,20365872000.0,5093424000.0
2015-05-15,'002727,一心堂,0.0,0.0,0.0,0.0,78.24,None,None,0.0,0,0.0,20365872000.0,5093424000.0
2015-05-14,'002727,一心堂,0.0,0.0,0.0,0.0,78.24,None,None,0.0,0,0.0,20365872000.0,5093424000.0
2015-05-13,'002727,一心堂,0.0,0.0,0.0,0.0,78.24,None,None,0.0,0,0.0,20365872000.0,5093424000.0
2015-05-12,'002727,一心堂,0.0,0.0,0.0,0.0,78.24,None,None,0.0,0,0.0,20365872000.0,5093424000.0
2015-05-11,'002727,一心堂,0.0,0.0,0.0,0.0,78.24,None,None,0.0,0,0.0,20365872000.0,5093424000.0
2015-05-08,'002727,一心堂,0.0,0.0,0.0,0.0,78.24,None,None,0.0,0,0.0,20365872000.0,5093424000.0
2015-05-07,'002727,一心堂,0.0,0.0,0.0,0.0,78.24,None,None,0.0,0,0.0,20365872000.0,5093424000.0
2015-05-06,'002727,一心堂,0.0,0.0,0.0,0.0,78.24,None,None,0.0,0,0.0,20365872000.0,5093424000.0
2015-05-05,'002727,一心堂,0.0,0.0,0.0,0.0,78.24,None,None,0.0,0,0.0,20365872000.0,5093424000.0
2015-05-04,'002727,一心堂,0.0,0.0,0.0,0.0,78.24,None,None,0.0,0,0.0,20365872000.0,5093424000.0
2015-04-30,'002727,一心堂,0.0,0.0,0.0,0.0,78.24,None,None,0.0,0,0.0,20365872000.0,5093424000.0
2015-04-29,'002727,一心堂,0.0,0.0,0.0,0.0,78.24,None,None,0.0,0,0.0,20365872000.0,5093424000.0
2015-04-28,'002727,一心堂,0.0,0.0,0.0,0.0,78.24,None,None,0.0,0,0.0,20365872000.0,5093424000.0
2015-04-27,'002727,一心堂,0.0,0.0,0.0,0.0,78.24,None,None,0.0,0,0.0,20365872000.0,5093424000.0
2015-04-24,'002727,一心堂,0.0,0.0,0.0,0.0,78.24,None,None,0.0,0,0.0,20365872000.0,5093424000.0
2015-04-23,'002727,一心堂,0.0,0.0,0.0,0.0,78.24,None,None,0.0,0,0.0,20365872000.0,5093424000.0
2015-04-22,'002727,一心堂,0.0,0.0,0.0,0.0,78.24,None,None,0.0,0,0.0,20365872000.0,5093424000.0
2015-04-21,'002727,一心堂,0.0,0.0,0.0,0.0,78.24,None,None,0.0,0,0.0,20365872000.0,5093424000.0
2015-04-20,'002727,一心堂,0.0,0.0,0.0,0.0,78.24,None,None,0.0,0,0.0,20365872000.0,5093424000.0
2015-04-17,'002727,一心堂,0.0,0.0,0.0,0.0,78.24,None,None,0.0,0,0.0,20365872000.0,5093424000.0
2015-04-16,'002727,一心堂,0.0,0.0,0.0,0.0,78.24,None,None,0.0,0,0.0,20365872000.0,5093424000.0
2015-04-15,'002727,一心堂,0.0,0.0,0.0,0.0,78.24,None,None,0.0,0,0.0,20365872000.0,5093424000.0
2015-04-14,'002727,一心堂,0.0,0.0,0.0,0.0,78.24,None,None,0.0,0,0.0,20365872000.0,5093424000.0
2015-04-13,'002727,一心堂,0.0,0.0,0.0,0.0,78.24,None,None,0.0,0,0.0,20365872000.0,5093424000.0
2015-04-10,'002727,一心堂,78.24,78.24,70.0,72.99,71.13,7.11,9.9958,16.2726,10593492,809066904.95,20365872000.0,5093424000.0
2015-04-09,'002727,一心堂,71.13,71.5,64.69,65.0,65.2,5.93,9.0951,12.8955,8394960,567262487.65,18515139000.0,4630563000.0
2015-04-08,'002727,一心堂,65.8,68.0,64.6,67.22,67.58,-1.78,-2.6339,6.341,4127983,272315900.13,17127740000.0,4283580000.0
2015-04-07,'002727,一心堂,67.58,69.55,63.69,65.81,65.44,2.14,3.2702,8.9687,5838633,391395914.63,17591074000.0,4399458000.0
2015-04-03,'002727,一心堂,65.44,66.8,60.75,61.42,62.37,3.07,4.9222,10.6928,6961009,449748878.35,17034032000.0,4260144000.0
2015-04-02,'002727,一心堂,62.37,63.17,58.5,59.0,57.5,4.87,8.4696,12.6502,8235277,497757198.45,16234911000.0,4060287000.0
2015-04-01,'002727,一心堂,57.5,57.79,56.55,57.15,57.0,0.5,0.8772,4.4782,2915310,166990119.83,14967250000.0,3743250000.0
2015-03-31,'002727,一心堂,57.0,57.79,56.56,57.0,57.2,-0.2,-0.3497,5.2793,3436800,196280451.36,14837100000.0,3710700000.0
2015-03-30,'002727,一心堂,57.2,58.28,56.52,58.2,58.53,-1.33,-2.2723,7.2557,4723435,270145708.7,14889160000.0,3723720000.0
2015-03-27,'002727,一心堂,58.53,59.1,56.65,56.65,56.75,1.78,3.1366,8.3092,5409300,315129876.76,15235359000.0,3810303000.0
2015-03-26,'002727,一心堂,56.75,59.8,56.11,57.5,57.4,-0.65,-1.1324,9.1597,5962982,347017664.55,14772025000.0,3694425000.0
2015-03-25,'002727,一心堂,57.4,58.6,55.81,57.08,57.23,0.17,0.297,7.4577,4854971,278090398.21,14941220000.0,3736740000.0
2015-03-24,'002727,一心堂,57.23,58.37,55.48,58.0,58.75,-1.52,-2.5872,9.7788,6366016,364321846.02,14896969000.0,3725673000.0
2015-03-23,'002727,一心堂,58.75,59.49,53.4,54.0,54.85,3.9,7.1103,14.8814,9687765,538473108.84,15292625000.0,3824625000.0
2015-03-20,'002727,一心堂,54.85,56.2,54.15,55.36,55.35,-0.5,-0.9033,6.0347,3928585,216199630.41,14277455000.0,3570735000.0
2015-03-19,'002727,一心堂,55.35,56.14,54.4,54.55,54.55,0.8,1.4665,6.3493,4133420,228396310.03,14407605000.0,3603285000.0
2015-03-18,'002727,一心堂,54.55,54.6,53.2,53.63,53.66,0.89,1.6586,6.2403,4062448,219274260.66,14199365000.0,3551205000.0
2015-03-17,'002727,一心堂,53.66,54.98,53.18,54.5,54.0,-0.34,-0.6296,5.779,3762111,202779399.96,13967698000.0,3493266000.0
2015-03-16,'002727,一心堂,54.0,54.46,52.01,52.01,51.59,2.41,4.6714,7.7155,5022815,269933412.82,14056200000.0,3515400000.0
2015-03-13,'002727,一心堂,51.59,52.49,50.92,51.58,51.5,0.09,0.1748,3.9148,2548538,132212997.98,13428877000.0,3358509000.0
2015-03-12,'002727,一心堂,51.5,51.51,49.89,51.01,51.0,0.5,0.9804,4.9166,3200681,161513688.39,13405450000.0,3352650000.0
2015-03-11,'002727,一心堂,51.0,51.98,50.72,51.97,51.88,-0.88,-1.6962,4.1737,2717084,138741931.45,13275300000.0,3320100000.0
2015-03-10,'002727,一心堂,51.88,53.09,51.75,52.08,52.6,-0.72,-1.3688,4.622,3008943,157632131.26,13504364000.0,3377388000.0
2015-03-09,'002727,一心堂,52.6,52.79,50.22,52.08,52.47,0.13,0.2478,6.8463,4456959,228580439.11,13691780000.0,3424260000.0
2015-03-06,'002727,一心堂,52.47,55.5,52.37,54.69,54.8,-2.33,-4.2518,5.9301,3860480,206498250.84,13657941000.0,3415797000.0
2015-03-05,'002727,一心堂,54.8,57.13,53.05,53.06,52.99,1.81,3.4157,10.983,7149907,396442288.82,14264440000.0,3567480000.0
2015-03-04,'002727,一心堂,52.99,53.37,52.26,52.8,52.78,0.21,0.3979,3.5796,2330304,123190373.06,13793297000.0,3449649000.0
2015-03-03,'002727,一心堂,52.78,54.98,52.7,54.98,55.0,-2.22,-4.0364,6.73,4381244,234588309.07,13738634000.0,3435978000.0
2015-03-02,'002727,一心堂,55.0,55.79,52.21,52.83,53.2,1.8,3.3835,9.1696,5969382,323246272.05,14316500000.0,3580500000.0
2015-02-27,'002727,一心堂,53.2,53.47,52.12,52.9,52.88,0.32,0.6051,4.1633,2710290,143433406.35,13847960000.0,3463320000.0
2015-02-26,'002727,一心堂,52.88,53.77,52.0,52.7,52.69,0.19,0.3606,4.5707,2975556,157403423.56,13764664000.0,3442488000.0
2015-02-25,'002727,一心堂,52.69,53.66,52.5,53.66,53.82,-1.13,-2.0996,4.4419,2891655,153312766.58,13715207000.0,3430119000.0
2015-02-17,'002727,一心堂,53.82,53.97,52.24,53.8,54.55,-0.73,-1.3382,8.0722,5254982,278463238.74,14009346000.0,3503682000.0
2015-02-16,'002727,一心堂,54.55,56.4,53.25,53.5,53.8,0.75,1.3941,10.2058,6644005,364773169.13,14199365000.0,3551205000.0
2015-02-13,'002727,一心堂,53.8,56.9,52.71,52.8,54.5,-0.7,-1.2844,14.6888,9562393,517156298.49,14004140000.0,3502380000.0
2015-02-12,'002727,一心堂,54.5,57.77,52.08,52.08,53.65,0.85,1.5843,15.3017,9961417,549440409.37,14186350000.0,3547950000.0
2015-02-11,'002727,一心堂,53.65,54.98,48.01,49.4,49.98,3.67,7.3429,19.9943,13016272,676468244.42,13965095000.0,3492615000.0
2015-02-10,'002727,一心堂,49.98,50.6,45.8,45.99,46.0,3.98,8.6522,14.7525,9603873,479200965.33,13009794000.0,3253698000.0
2015-02-09,'002727,一心堂,46.0,47.4,45.75,46.7,46.81,-0.81,-1.7304,2.0886,1359661,63323827.06,11973800000.0,2994600000.0
2015-02-06,'002727,一心堂,46.81,46.88,45.33,46.5,46.5,0.31,0.6667,3.3527,2182586,100496631.88,12184643000.0,3047331000.0
2015-02-05,'002727,一心堂,46.5,48.39,46.5,48.0,47.9,-1.4,-2.9228,3.4805,2265836,107468592.91,12103950000.0,3027150000.0
2015-02-04,'002727,一心堂,47.9,49.76,47.85,48.0,48.32,-0.42,-0.8692,3.9473,2569713,125445466.55,12468370000.0,3118290000.0
2015-02-03,'002727,一心堂,48.32,48.53,47.21,47.95,47.94,0.38,0.7927,4.2784,2785257,134031827.88,12577696000.0,3145632000.0
2015-02-02,'002727,一心堂,47.94,48.8,45.55,46.5,47.65,0.29,0.6086,4.1893,2727208,129837883.22,12478782000.0,3120894000.0
2015-01-30,'002727,一心堂,47.65,48.85,47.2,47.45,47.52,0.13,0.2736,4.191,2728342,130796333.54,12403295000.0,3102015000.0
2015-01-29,'002727,一心堂,47.52,48.92,47.52,48.2,49.03,-1.51,-3.0797,5.4059,3519259,169371518.92,12369456000.0,3093552000.0
2015-01-28,'002727,一心堂,49.03,50.58,45.02,45.8,46.0,3.03,6.587,14.936,9723338,467627140.64,12762509000.0,3191853000.0
2015-01-27,'002727,一心堂,46.0,46.77,45.49,45.52,45.51,0.49,1.0767,5.2676,3429228,158181930.29,11973800000.0,2994600000.0
2015-01-26,'002727,一心堂,45.51,45.96,44.88,45.32,44.98,0.53,1.1783,3.6397,2369440,107849727.69,11846253000.0,2962701000.0
2015-01-23,'002727,一心堂,44.98,46.79,44.87,46.7,46.8,-1.82,-3.8889,6.6384,4321576,196599631.55,11708294000.0,2928198000.0
2015-01-22,'002727,一心堂,46.8,47.49,46.3,46.58,46.56,0.24,0.5155,6.2283,4054602,189618736.99,12182040000.0,3046680000.0
2015-01-21,'002727,一心堂,46.56,48.17,46.23,47.2,47.1,-0.54,-1.1465,9.0064,5863196,275169157.59,12119568000.0,3031056000.0
2015-01-20,'002727,一心堂,47.1,47.3,45.1,45.4,45.5,1.6,3.5165,11.6248,7567754,352420865.64,12260130000.0,3066210000.0
2015-01-19,'002727,一心堂,45.5,47.3,44.18,45.2,43.97,1.53,3.4796,14.8797,9686671,443295434.14,11843650000.0,2962050000.0
2015-01-16,'002727,一心堂,43.97,43.97,39.5,39.97,39.97,4.0,10.0075,12.1707,7923124,338751579.7,11445391000.0,2862447000.0
2015-01-15,'002727,一心堂,39.97,40.26,38.11,38.11,39.5,0.47,1.1899,3.5917,2338174,92376473.27,10404191000.0,2602047000.0
2015-01-14,'002727,一心堂,39.5,40.37,39.46,40.06,39.92,-0.42,-1.0521,2.5308,1647562,65629995.43,10281850000.0,2571450000.0
2015-01-13,'002727,一心堂,39.92,40.18,39.51,39.56,39.58,0.34,0.859,2.5981,1691377,67430845.99,10391176000.0,2598792000.0
2015-01-12,'002727,一心堂,39.58,40.43,39.18,40.4,40.72,-1.14,-2.7996,3.3208,2161868,86041501.68,10302674000.0,2576658000.0
2015-01-09,'002727,一心堂,40.72,41.2,40.35,40.5,40.69,0.03,0.0737,2.6649,1734834,70775378.74,10599416000.0,2650872000.0
2015-01-08,'002727,一心堂,40.69,41.51,40.58,40.83,40.99,-0.3,-0.7319,3.2154,2093235,85919905.09,10591607000.0,2648919000.0
2015-01-07,'002727,一心堂,40.99,41.9,40.85,41.7,41.88,-0.89,-2.1251,3.0548,1988643,81709533.84,10669697000.0,2668449000.0
2015-01-06,'002727,一心堂,41.88,42.09,39.85,40.18,40.2,1.68,4.1791,5.4887,3573124,146381666.05,10901364000.0,2726388000.0
2015-01-05,'002727,一心堂,40.2,41.45,39.7,40.9,41.11,-0.91,-2.2136,3.8241,2489512,100215096.12,10464060000.0,2617020000.0
2014-12-31,'002727,一心堂,41.11,41.53,40.46,40.61,40.31,0.8,1.9846,3.4807,2265924,93058450.11,10700933000.0,2676261000.0
2014-12-30,'002727,一心堂,40.31,41.54,40.15,40.55,40.54,-0.23,-0.5673,2.888,1880107,76441630.62,10492693000.0,2624181000.0
2014-12-29,'002727,一心堂,40.54,41.69,40.12,41.69,42.0,-1.46,-3.4762,4.5539,2964618,120331053.01,10552562000.0,2639154000.0
2014-12-26,'002727,一心堂,42.0,42.5,41.55,42.43,42.7,-0.7,-1.6393,3.6796,2395413,100395164.73,10932600000.0,2734200000.0
2014-12-25,'002727,一心堂,42.7,43.6,42.0,43.21,42.8,-0.1,-0.2336,3.5261,2295512,98018260.7,11114810000.0,2779770000.0
2014-12-24,'002727,一心堂,42.8,42.82,41.95,42.0,41.49,1.31,3.1574,2.966,1930856,82023377.6,11140840000.0,2786280000.0
2014-12-23,'002727,一心堂,41.49,42.95,41.02,41.8,41.39,0.1,0.2416,3.2623,2123784,89631895.92,10799847000.0,2700999000.0
2014-12-22,'002727,一心堂,41.39,44.6,40.51,44.59,44.88,-3.49,-7.7763,6.2057,4039919,172779540.09,10773817000.0,2694489000.0
2014-12-19,'002727,一心堂,44.88,46.1,44.7,46.0,46.39,-1.51,-3.255,5.5731,3628106,163214028.46,11682264000.0,2921688000.0
2014-12-18,'002727,一心堂,46.39,47.2,45.98,46.02,46.35,0.04,0.0863,3.5077,2283498,106378267.82,12075317000.0,3019989000.0
2014-12-17,'002727,一心堂,46.35,47.62,45.7,47.6,47.64,-1.29,-2.7078,5.1376,3344584,155218941.98,12064905000.0,3017385000.0
2014-12-16,'002727,一心堂,47.64,49.28,47.3,48.04,48.18,-0.54,-1.1208,7.5796,4934348,237606466.48,12400692000.0,3101364000.0
2014-12-15,'002727,一心堂,48.18,48.5,45.52,45.67,45.95,2.23,4.8531,10.7533,7000393,332931244.06,12541254000.0,3136518000.0
2014-12-12,'002727,一心堂,45.95,46.58,45.25,46.43,46.39,-0.44,-0.9485,4.1965,2731924,124945921.82,11960785000.0,2991345000.0
2014-12-11,'002727,一心堂,46.39,47.1,45.11,45.11,45.07,1.32,2.9288,6.6752,4345560,202121617.15,12075317000.0,3019989000.0
2014-12-10,'002727,一心堂,45.07,45.32,43.72,44.1,43.85,1.22,2.7822,4.0576,2641500,118097883.87,11731721000.0,2934057000.0
2014-12-09,'002727,一心堂,43.85,45.49,43.78,44.5,44.94,-1.09,-2.4255,6.3945,4162835,185795210.2,11414155000.0,2854635000.0
2014-12-08,'002727,一心堂,44.94,45.65,44.7,45.56,45.89,-0.95,-2.0702,6.5183,4243441,191359963.44,11697882000.0,2925594000.0
2014-12-05,'002727,一心堂,45.89,47.6,45.45,47.6,47.9,-2.01,-4.1962,11.1599,7265107,334881349.75,11945167000.0,2987439000.0
2014-12-04,'002727,一心堂,47.9,48.74,47.7,48.3,48.2,-0.3,-0.6224,6.9784,4542935,218095231.13,12468370000.0,3118290000.0
2014-12-03,'002727,一心堂,48.2,48.38,46.51,47.43,47.25,0.95,2.0106,9.4156,6129560,292145192.0,12546460000.0,3137820000.0
2014-12-02,'002727,一心堂,47.25,47.6,46.06,46.06,45.9,1.35,2.9412,7.5473,4913278,231239318.43,12299175000.0,3075975000.0
2014-12-01,'002727,一心堂,45.9,46.59,45.3,46.59,46.65,-0.75,-1.6077,7.2785,4738317,216835313.39,11947770000.0,2988090000.0
2014-11-28,'002727,一心堂,46.65,47.7,46.58,47.7,47.72,-1.07,-2.2422,8.683,5652625,265339895.86,12142995000.0,3036915000.0
2014-11-27,'002727,一心堂,47.72,48.38,47.11,47.11,46.84,0.88,1.8787,7.9092,5148905,246361928.88,12421516000.0,3106572000.0
2014-11-26,'002727,一心堂,46.84,47.39,46.36,46.7,46.88,-0.04,-0.0853,6.2598,4075118,190559304.22,12192452000.0,3049284000.0
2014-11-25,'002727,一心堂,46.88,47.94,46.08,47.55,47.6,-0.72,-1.5126,7.5016,4883529,228315341.07,12202864000.0,3051888000.0
2014-11-24,'002727,一心堂,47.6,48.69,47.33,48.28,48.04,-0.44,-0.9159,7.606,4951477,236762621.34,12390280000.0,3098760000.0
2014-11-21,'002727,一心堂,48.04,48.96,47.16,47.68,47.61,0.43,0.9032,6.8605,4466192,215250647.06,12504812000.0,3127404000.0
2014-11-20,'002727,一心堂,47.61,47.77,46.71,46.89,47.18,0.43,0.9114,6.0766,3955843,187297275.47,12392883000.0,3099411000.0
2014-11-19,'002727,一心堂,47.18,47.21,45.9,46.3,46.33,0.85,1.8347,5.9039,3843457,179425795.73,12280954000.0,3071418000.0
2014-11-18,'002727,一心堂,46.33,46.76,45.58,46.3,46.38,-0.05,-0.1078,5.7365,3734443,172315865.37,12059699000.0,3016083000.0
2014-11-17,'002727,一心堂,46.38,47.46,45.5,45.8,46.28,0.1,0.2161,6.417,4177444,194880093.19,12072714000.0,3019338000.0
2014-11-14,'002727,一心堂,46.28,49.9,45.08,49.11,49.95,-3.67,-7.3473,12.6377,8227153,389488752.12,12046684000.0,3012828000.0
2014-11-13,'002727,一心堂,49.95,52.26,49.26,51.0,52.97,-3.02,-5.7013,18.8734,12286581,622995487.74,13001985000.0,3251745000.0
2014-11-12,'002727,一心堂,52.97,52.97,47.01,48.1,48.15,4.82,10.0104,30.2882,19717642,1012750135.91,13788091000.0,3448347000.0
2014-11-11,'002727,一心堂,48.15,49.49,45.72,45.72,45.99,2.16,4.6967,19.2835,12553546,602665229.31,12533445000.0,3134565000.0
2014-11-10,'002727,一心堂,45.99,46.6,45.58,46.18,46.4,-0.41,-0.8836,4.8934,3185574,146478856.66,11971197000.0,2993949000.0
2014-11-07,'002727,一心堂,46.4,46.98,45.79,46.36,46.29,0.11,0.2376,6.8885,4484403,208164385.89,12077920000.0,3020640000.0
2014-11-06,'002727,一心堂,46.29,46.75,45.3,45.3,45.62,0.67,1.4687,5.3767,3500245,161457449.32,12049287000.0,3013479000.0
2014-11-05,'002727,一心堂,45.62,46.07,45.03,45.56,45.8,-0.18,-0.393,4.0033,2606160,118975308.7,11874886000.0,2969862000.0
2014-11-04,'002727,一心堂,45.8,47.99,45.76,47.89,47.73,-1.93,-4.0436,7.4135,4826193,224929232.73,11921740000.0,2981580000.0
2014-11-03,'002727,一心堂,47.73,48.64,47.24,47.6,47.5,0.23,0.4842,6.4394,4192056,200377377.15,12424119000.0,3107223000.0
2014-10-31,'002727,一心堂,47.5,48.65,46.12,46.68,46.36,1.14,2.459,9.7157,6324931,300839727.26,12364250000.0,3092250000.0
2014-10-30,'002727,一心堂,46.36,46.86,46.0,46.61,46.6,-0.24,-0.515,4.7193,3072237,142650534.74,12067508000.0,3018036000.0
2014-10-29,'002727,一心堂,46.6,48.8,46.24,47.3,45.99,0.61,1.3264,10.3043,6708126,316736671.03,12129980000.0,3033660000.0
2014-10-28,'002727,一心堂,45.99,46.12,44.02,44.02,44.67,1.32,2.955,4.7595,3098433,140795608.19,11971197000.0,2993949000.0
2014-10-27,'002727,一心堂,44.67,45.2,42.84,45.2,45.48,-0.81,-1.781,6.2544,4071646,179063886.33,11627601000.0,2908017000.0
2014-10-24,'002727,一心堂,45.48,46.98,45.3,46.48,46.63,-1.15,-2.4662,5.3222,3464776,159760587.19,11838444000.0,2960748000.0
2014-10-23,'002727,一心堂,46.63,47.47,45.5,45.95,46.55,0.08,0.1719,5.7358,3733999,173010764.46,12137789000.0,3035613000.0
2014-10-22,'002727,一心堂,46.55,48.69,46.4,48.02,48.29,-1.74,-3.6032,6.6188,4308811,204984417.36,12116965000.0,3030405000.0
2014-10-21,'002727,一心堂,48.29,48.47,46.22,46.78,46.93,1.36,2.8979,8.3203,5416541,258205940.91,12569887000.0,3143679000.0
2014-10-20,'002727,一心堂,46.93,47.55,46.01,46.47,46.7,0.23,0.4925,4.4469,2894913,135864449.89,12215879000.0,3055143000.0
2014-10-17,'002727,一心堂,46.7,47.65,45.02,47.48,47.8,-1.1,-2.3013,8.98,5846003,271294382.1,12156010000.0,3040170000.0
2014-10-16,'002727,一心堂,47.8,49.57,47.7,48.0,48.1,-0.3,-0.6237,6.6423,4324142,210791758.4,12442340000.0,3111780000.0
2014-10-15,'002727,一心堂,48.1,48.96,47.0,48.0,48.57,-0.47,-0.9677,7.4821,4870815,233617302.13,12520430000.0,3131310000.0
2014-10-14,'002727,一心堂,48.57,51.1,48.41,50.8,50.76,-2.19,-4.3144,9.4707,6165454,306460472.79,12642771000.0,3161907000.0
2014-10-13,'002727,一心堂,50.76,51.55,48.2,48.4,48.76,2.0,4.1017,9.7055,6318282,318247031.01,13212828000.0,3304476000.0
2014-10-10,'002727,一心堂,48.76,50.15,48.5,48.83,49.59,-0.83,-1.6737,8.8662,5771905,283977366.52,12692228000.0,3174276000.0
2014-10-09,'002727,一心堂,49.59,50.35,45.9,46.45,46.53,3.06,6.5764,14.8468,9665255,464977659.23,12908277000.0,3228309000.0
2014-10-08,'002727,一心堂,46.53,46.69,44.92,45.56,45.42,1.11,2.4439,7.0219,4571265,209576055.24,12111759000.0,3029103000.0
2014-09-30,'002727,一心堂,45.42,45.75,44.88,45.29,45.38,0.04,0.0881,4.2552,2770112,125470805.04,11822826000.0,2956842000.0
2014-09-29,'002727,一心堂,45.38,45.8,44.52,44.93,44.93,0.45,1.0016,6.6996,4361472,197048782.58,11812414000.0,2954238000.0
2014-09-26,'002727,一心堂,44.93,47.0,44.48,47.0,46.65,-1.72,-3.687,9.5919,6244342,282379355.71,11695279000.0,2924943000.0
2014-09-25,'002727,一心堂,46.65,47.99,46.36,47.32,47.35,-0.7,-1.4784,7.2966,4750061,222821099.96,12142995000.0,3036915000.0
2014-09-24,'002727,一心堂,47.35,47.6,46.6,46.9,47.45,-0.1,-0.2107,8.1676,5317082,250247086.39,12325205000.0,3082485000.0
2014-09-23,'002727,一心堂,47.45,48.1,45.53,45.59,45.45,2.0,4.4004,12.151,7910298,373579142.52,12351235000.0,3088995000.0
2014-09-22,'002727,一心堂,45.45,47.15,45.4,46.6,47.3,-1.85,-3.9112,8.5928,5593885,259361204.55,11830635000.0,2958795000.0
2014-09-19,'002727,一心堂,47.3,48.46,46.3,47.06,47.66,-0.36,-0.7554,8.1939,5334243,254250220.11,12312190000.0,3079230000.0
2014-09-18,'002727,一心堂,47.66,48.19,45.68,46.2,46.48,1.18,2.5387,9.5554,6220595,291502698.69,12405898000.0,3102666000.0
2014-09-17,'002727,一心堂,46.48,47.99,45.2,47.63,48.25,-1.77,-3.6684,12.1166,7887906,367178983.08,12098744000.0,3025848000.0
2014-09-16,'002727,一心堂,48.25,50.5,47.44,48.24,48.13,0.12,0.2493,16.1585,10519199,515327084.79,12559475000.0,3141075000.0
2014-09-15,'002727,一心堂,48.13,50.35,47.5,50.2,50.51,-2.38,-4.7119,15.6042,10158341,491594687.47,12528239000.0,3133263000.0
2014-09-12,'002727,一心堂,50.51,51.78,50.2,50.88,51.31,-0.8,-1.5592,9.3959,6116714,310919669.92,13147753000.0,3288201000.0
2014-09-11,'002727,一心堂,51.31,52.62,49.5,51.26,51.26,0.05,0.0975,14.838,9659564,489804429.14,13355993000.0,3340281000.0
2014-09-10,'002727,一心堂,51.26,51.85,46.64,47.0,47.14,4.12,8.7399,18.6194,12121218,607373122.47,13342978000.0,3337026000.0
2014-09-09,'002727,一心堂,47.14,48.69,44.88,45.38,45.93,1.21,2.6344,14.5975,9502948,444425111.22,12270542000.0,3068814000.0
2014-09-05,'002727,一心堂,45.93,47.0,44.32,44.75,44.28,1.65,3.7263,17.8786,11638995,529911306.31,11955579000.0,2990043000.0
2014-09-04,'002727,一心堂,44.28,45.87,44.01,44.54,44.99,-0.71,-1.5781,16.1387,10506296,469307253.7,11526084000.0,2882628000.0
2014-09-03,'002727,一心堂,44.99,45.08,42.99,43.7,43.7,1.29,2.9519,16.4952,10738376,471769483.0,11710897000.0,2928849000.0
2014-09-02,'002727,一心堂,43.7,45.2,41.28,41.29,41.21,2.49,6.0422,23.372,15215180,660937273.27,11375110000.0,2844870000.0
2014-09-01,'002727,一心堂,41.21,41.79,40.0,41.02,40.99,0.22,0.5367,16.541,10768196,439944803.8,10726963000.0,2682771000.0
2014-08-29,'002727,一心堂,40.99,42.98,40.25,40.81,39.21,1.78,4.5397,26.8412,17473645,724817592.3,10669697000.0,2668449000.0
2014-08-28,'002727,一心堂,39.21,42.38,38.98,41.8,41.92,-2.71,-6.4647,24.6105,16021432,657275474.87,10206363000.0,2552571000.0
2014-08-27,'002727,一心堂,41.92,41.92,39.9,39.9,38.11,3.81,9.9974,22.9238,14923371,614643467.34,10911776000.0,2728992000.0
2014-08-26,'002727,一心堂,38.11,38.96,37.0,38.0,38.1,0.01,0.0262,28.374,18471468,703545530.87,9920033000.0,2480961000.0
2014-08-25,'002727,一心堂,38.1,38.1,35.61,35.99,34.64,3.46,9.9885,30.3902,19784046,729558567.57,9917430000.0,2480310000.0
2014-08-22,'002727,一心堂,34.64,34.98,32.91,33.2,33.3,1.34,4.024,21.0341,13693175,467246498.88,9016792000.0,2255064000.0
2014-08-21,'002727,一心堂,33.3,33.86,32.82,33.24,33.52,-0.22,-0.6563,10.0581,6547836,218122959.21,8667990000.0,2167830000.0
2014-08-20,'002727,一心堂,33.52,33.88,32.08,32.3,32.31,1.21,3.745,17.9212,11666674,386527393.42,8725256000.0,2182152000.0
2014-08-19,'002727,一心堂,32.31,32.64,32.12,32.5,32.42,-0.11,-0.3393,6.2368,4060126,131449129.36,8410293000.0,2103381000.0
2014-08-18,'002727,一心堂,32.42,32.47,32.08,32.15,32.08,0.34,1.0599,6.6828,4350534,140601047.34,8438926000.0,2110542000.0
2014-08-15,'002727,一心堂,32.08,32.3,31.73,31.86,31.96,0.12,0.3755,4.4462,2894479,92570781.53,8350424000.0,2088408000.0
2014-08-14,'002727,一心堂,31.96,32.16,31.61,31.65,31.72,0.24,0.7566,5.5248,3596637,114790823.6,8319188000.0,2080596000.0
2014-08-13,'002727,一心堂,31.72,32.18,31.62,32.18,32.2,-0.48,-1.4907,6.283,4090203,129975317.21,8256716000.0,2064972000.0
2014-08-12,'002727,一心堂,32.2,32.46,31.98,32.35,32.41,-0.21,-0.6479,5.6119,3653354,117567669.35,8381660000.0,2096220000.0
2014-08-11,'002727,一心堂,32.41,32.48,31.81,31.98,31.9,0.51,1.5987,6.2857,4092006,131997284.8,8436323000.0,2109891000.0
2014-08-08,'002727,一心堂,31.9,32.1,31.63,31.69,31.74,0.16,0.5041,3.7261,2425705,77344769.26,8303570000.0,2076690000.0
2014-08-07,'002727,一心堂,31.74,32.05,31.62,31.88,31.96,-0.22,-0.6884,5.6356,3668798,116893887.55,8261922000.0,2066274000.0
2014-08-06,'002727,一心堂,31.96,32.45,31.88,32.4,32.55,-0.59,-1.8126,8.059,5246397,168262876.97,8319188000.0,2080596000.0
2014-08-05,'002727,一心堂,32.55,32.75,32.19,32.4,32.49,0.06,0.1847,6.1055,3974677,129118643.89,8472765000.0,2119005000.0
2014-08-04,'002727,一心堂,32.49,32.74,32.18,32.35,32.3,0.19,0.5882,6.3863,4157504,135039716.03,8457147000.0,2115099000.0
2014-08-01,'002727,一心堂,32.3,33.59,32.3,33.02,33.3,-1.0,-3.003,11.2572,7328467,241639180.99,8407690000.0,2102730000.0
2014-07-31,'002727,一心堂,33.3,33.7,33.09,33.6,33.93,-0.63,-1.8568,11.2333,7312847,243591834.23,8667990000.0,2167830000.0
2014-07-30,'002727,一心堂,33.93,34.33,32.7,32.94,32.95,0.98,2.9742,18.996,12366394,414513700.74,8831979000.0,2208843000.0
2014-07-29,'002727,一心堂,32.95,33.27,32.3,32.32,32.41,0.54,1.6662,13.1896,8586429,282106239.16,8576885000.0,2145045000.0
2014-07-28,'002727,一心堂,32.41,32.82,31.96,32.0,32.06,0.35,1.0917,11.8175,7693207,249423951.45,8436323000.0,2109891000.0
2014-07-25,'002727,一心堂,32.06,33.14,31.41,33.09,33.58,-1.52,-4.5265,17.7334,11544449,372329399.15,8345218000.0,2087106000.0
2014-07-24,'002727,一心堂,33.58,34.18,31.8,32.0,32.16,1.42,4.4154,27.2987,17771474,590293115.68,8740874000.0,2186058000.0
2014-07-23,'002727,一心堂,32.16,32.96,31.42,32.12,32.12,0.04,0.1245,17.2684,11241757,361950263.77,8371248000.0,2093616000.0
2014-07-22,'002727,一心堂,32.12,32.35,31.75,31.76,32.02,0.1,0.3123,11.9915,7806442,250411054.78,8360836000.0,2091012000.0
2014-07-21,'002727,一心堂,32.02,32.31,31.32,32.09,32.48,-0.46,-1.4163,14.3095,9315468,296476030.59,8334806000.0,2084502000.0
2014-07-18,'002727,一心堂,32.48,34.27,32.48,33.85,34.16,-1.68,-4.918,19.2608,12538755,417887568.58,8454544000.0,2114448000.0
2014-07-17,'002727,一心堂,34.16,35.6,33.53,35.11,34.74,-0.58,-1.6695,22.8247,14858866,512564375.8,8891848000.0,2223816000.0
2014-07-16,'002727,一心堂,34.74,36.79,34.37,36.16,38.18,-3.44,-9.01,38.4157,25008637,885021146.04,9042822000.0,2261574000.0
2014-07-15,'002727,一心堂,38.18,41.43,37.7,41.43,37.66,0.52,1.3808,70.9598,46194815,1837941497.11,9938254000.0,2485518000.0
2014-07-14,'002727,一心堂,37.66,37.66,37.66,37.66,34.24,3.42,9.9883,1.6889,1099496,41407019.36,9802898000.0,2451666000.0
2014-07-11,'002727,一心堂,34.24,34.24,34.24,34.24,31.13,3.11,9.9904,1.4206,924819,31665802.56,8912672000.0,2229024000.0
2014-07-10,'002727,一心堂,31.13,31.13,31.13,31.13,28.3,2.83,10.0,1.55,1009022,31410854.86,8103139000.0,2026563000.0
2014-07-09,'002727,一心堂,28.3,28.3,28.3,28.3,25.73,2.57,9.9883,1.1504,748908,21194096.4,7366490000.0,1842330000.0
2014-07-08,'002727,一心堂,25.73,25.73,25.73,25.73,23.39,2.34,10.0043,0.7244,471612,12134576.76,6697519000.0,1675023000.0
2014-07-07,'002727,一心堂,23.39,23.39,23.39,23.39,21.26,2.13,10.0188,0.2264,147400,3447686.0,6088417000.0,1522689000.0
2014-07-04,'002727,一心堂,21.26,21.26,21.26,21.26,19.33,1.93,9.9845,0.1201,78168,1661851.68,5533978000.0,1384026000.0
2014-07-03,'002727,一心堂,19.33,19.33,19.33,19.33,17.57,1.76,10.0171,0.1,65118,1258730.94,5031599000.0,1258383000.0
2014-07-02,'002727,N一心堂,17.57,17.57,14.64,14.64,12.2,5.37,44.0164,0.2964,192984,3381739.2,4573471000.0,1143807000.0
2014-06-23,'002727,一心堂,0.0,0.0,0.0,0.0,12.2,None,None,0.0,0,0.0,2381440000.0,0.0
