日期,股票代码,名称,收盘价,最高价,最低价,开盘价,前收盘,涨跌额,涨跌幅,换手率,成交量,成交金额,总市值,流通市值
2017-05-15,'002768,国恩股份,22.98,23.25,22.66,23.1,23.18,-0.2,-0.8628,1.2066,1049700,24013942.0,5515200000.0,1999260000.0
2017-05-12,'002768,国恩股份,23.18,23.55,23.07,23.45,23.5,-0.32,-1.3617,2.5843,2248328,52567769.8,5563200000.0,2016660000.0
2017-05-11,'002768,国恩股份,23.5,23.99,22.5,23.0,23.37,0.13,0.5563,4.2674,3712656,86428349.6,5640000000.0,2044500000.0
2017-05-10,'002768,国恩股份,23.37,23.72,22.9,23.02,23.02,0.35,1.5204,4.8651,4232629,99182010.12,5608800000.0,2033190000.0
2017-05-09,'002768,国恩股份,23.02,23.2,22.4,22.67,22.7,0.32,1.4097,1.1119,967324,22086488.37,5524800000.0,2002740000.0
2017-05-08,'002768,国恩股份,22.7,22.97,22.54,22.66,23.0,-0.3,-1.3043,1.6623,1446237,32860025.17,5448000000.0,1974900000.0
2017-05-05,'002768,国恩股份,23.0,23.98,23.0,23.98,23.88,-0.88,-3.6851,1.4204,1235705,28836401.58,5520000000.0,2001000000.0
2017-05-04,'002768,国恩股份,23.88,24.2,23.73,23.78,23.87,0.01,0.0419,1.0856,944501,22656798.66,5731200000.0,2077560000.0
2017-05-03,'002768,国恩股份,23.87,24.26,23.68,24.18,24.18,-0.31,-1.2821,1.3853,1205175,28814034.93,5728800000.0,2076690000.0
2017-05-02,'002768,国恩股份,24.18,24.63,24.11,24.51,24.39,-0.21,-0.861,1.7325,1507300,36748416.9,5803200000.0,2103660000.0
2017-04-28,'002768,国恩股份,24.39,24.6,24.24,24.57,24.57,-0.18,-0.7326,1.6263,1414900,34595790.0,5853600000.0,2121930000.0
2017-04-27,'002768,国恩股份,24.57,24.67,23.6,24.12,24.27,0.3,1.2361,2.6539,2308874,55711075.5,5896800000.0,2137590000.0
2017-04-26,'002768,国恩股份,24.27,24.67,24.0,24.11,24.13,0.14,0.5802,6.9973,6087657,148321723.87,5824800000.0,2111490000.0
2017-04-25,'002768,国恩股份,24.23,24.3,23.12,23.12,23.28,0.95,4.0808,7.5751,6590363,157740492.22,5815200000.0,2108010000.0
2017-04-24,'002768,国恩股份,23.28,23.43,22.65,23.31,23.32,-0.04,-0.1715,1.3654,1187920,27598888.9,5587200000.0,2025360000.0
2017-04-21,'002768,国恩股份,23.32,23.45,23.11,23.45,23.24,0.08,0.3442,0.5656,492076,11462159.8,5596800000.0,2028840000.0
2017-04-20,'002768,国恩股份,23.24,23.49,23.08,23.08,23.08,0.16,0.6932,1.4298,1243956,28979005.88,5577600000.0,2021880000.0
2017-04-19,'002768,国恩股份,23.08,23.28,22.55,23.15,23.12,-0.04,-0.173,1.39,1209313,27598553.8,5539200000.0,2007960000.0
2017-04-18,'002768,国恩股份,23.12,23.56,22.99,22.99,22.98,0.14,0.6092,1.654,1438968,33519721.33,5548800000.0,2011440000.0
2017-04-17,'002768,国恩股份,22.98,23.61,22.8,23.32,23.65,-0.67,-2.833,1.8501,1609600,37237614.0,5515200000.0,1999260000.0
2017-04-14,'002768,国恩股份,23.65,23.94,23.5,23.73,23.85,-0.2,-0.8386,1.7973,1563648,37017368.8,5676000000.0,2057550000.0
2017-04-13,'002768,国恩股份,23.85,24.2,23.71,23.82,23.85,0.0,0.0,2.1131,1838359,44085519.29,5724000000.0,2074950000.0
2017-04-12,'002768,国恩股份,23.85,24.25,23.51,24.01,24.35,-0.5,-2.0534,2.2095,1922275,45868912.45,5724000000.0,2074950000.0
2017-04-11,'002768,国恩股份,24.35,24.6,23.17,24.58,24.66,-0.31,-1.2571,4.6481,4043887,97215474.77,5844000000.0,2118450000.0
2017-04-10,'002768,国恩股份,24.66,24.74,24.24,24.43,24.43,0.23,0.9415,5.9757,5198899,127386997.0,5918400000.0,2145420000.0
2017-04-07,'002768,国恩股份,24.43,24.8,24.4,24.56,24.56,-0.13,-0.5293,2.8472,2477064,60914406.6,5863200000.0,2125410000.0
2017-04-06,'002768,国恩股份,24.56,24.85,24.33,24.77,24.76,-0.2,-0.8078,2.8165,2450325,60069052.03,5894400000.0,2136720000.0
2017-04-05,'002768,国恩股份,24.76,24.96,24.32,24.32,24.3,0.46,1.893,2.7227,2368722,58500657.12,5942400000.0,2154120000.0
2017-03-31,'002768,国恩股份,24.3,25.3,24.21,25.19,24.98,-0.68,-2.7222,4.7505,4132908,101714070.21,5832000000.0,2114100000.0
2017-03-30,'002768,国恩股份,24.98,26.72,24.86,26.0,26.16,-1.18,-4.5107,5.5285,4809783,123388088.34,5995200000.0,2173260000.0
2017-03-29,'002768,国恩股份,26.16,27.9,26.16,26.86,27.05,-0.89,-3.2902,9.4532,8224301,221149162.7,6278400000.0,2275920000.0
2017-03-28,'002768,国恩股份,27.05,27.19,26.81,27.19,27.09,-0.04,-0.1477,4.7685,4148634,112073838.16,6492000000.0,2353350000.0
2017-03-27,'002768,国恩股份,27.09,27.49,26.56,26.99,26.98,0.11,0.4077,6.8285,5940754,160850976.78,6501600000.0,2356830000.0
2017-03-24,'002768,国恩股份,26.98,27.58,26.76,27.2,27.48,-0.5,-1.8195,5.4812,4768672,129226697.86,6475200000.0,2347260000.0
2017-03-23,'002768,国恩股份,27.48,28.17,26.8,27.18,26.98,0.5,1.8532,15.6644,13628044,375697595.0,6595200000.0,2390760000.0
2017-03-22,'002768,国恩股份,26.98,27.26,26.26,26.43,26.66,0.32,1.2003,8.0249,6981687,188581528.79,6475200000.0,2347260000.0
2017-03-21,'002768,国恩股份,26.66,26.75,25.35,26.21,26.18,0.48,1.8335,6.5335,5684108,149900546.91,6398400000.0,2319420000.0
2017-03-20,'002768,国恩股份,26.18,26.6,26.0,26.58,26.56,-0.38,-1.4307,5.7978,5044118,132802670.48,6283200000.0,2277660000.0
2017-03-17,'002768,国恩股份,26.56,27.26,25.93,26.19,26.09,0.47,1.8015,8.6463,7522266,198469287.49,6374400000.0,2310720000.0
2017-03-16,'002768,国恩股份,26.09,26.16,25.82,25.88,25.85,0.24,0.9284,5.1305,4463564,115923494.34,6261600000.0,2269830000.0
2017-03-15,'002768,国恩股份,25.85,26.3,25.71,26.09,26.16,-0.31,-1.185,4.7741,4153428,107979806.92,6204000000.0,2248950000.0
2017-03-14,'002768,国恩股份,26.16,26.31,25.55,25.91,25.9,0.26,1.0039,6.8232,5936208,154064594.37,6278400000.0,2275920000.0
2017-03-13,'002768,国恩股份,25.9,26.12,25.18,25.5,25.53,0.37,1.4493,4.1311,3594026,92224356.29,6216000000.0,2253300000.0
2017-03-10,'002768,国恩股份,25.53,25.7,25.21,25.33,25.32,0.21,0.8294,2.4599,2140153,54385608.74,6127200000.0,2221110000.0
2017-03-09,'002768,国恩股份,25.32,25.92,25.05,25.81,25.81,-0.49,-1.8985,3.6666,3189961,81075990.83,6076800000.0,2202840000.0
2017-03-08,'002768,国恩股份,25.81,26.33,25.26,25.7,25.63,0.18,0.7023,5.9914,5212508,135002173.93,6194400000.0,2245470000.0
2017-03-07,'002768,国恩股份,25.63,25.85,25.23,25.7,25.78,-0.15,-0.5818,4.2838,3726884,94782433.89,6151200000.0,2229810000.0
2017-03-06,'002768,国恩股份,25.78,26.17,24.7,24.8,24.87,0.91,3.659,7.0438,6128094,156345608.86,6187200000.0,2242860000.0
2017-03-03,'002768,国恩股份,24.87,25.19,24.18,24.29,24.26,0.61,2.5144,5.1121,4447511,110134589.76,5968800000.0,2163690000.0
2017-03-02,'002768,国恩股份,24.26,24.28,24.04,24.04,24.16,0.1,0.4139,1.8109,1575455,38030947.19,5822400000.0,2110620000.0
2017-03-01,'002768,国恩股份,24.16,24.36,23.98,24.07,24.15,0.01,0.0414,2.4139,2100118,50800294.32,5798400000.0,2101920000.0
2017-02-28,'002768,国恩股份,24.15,24.66,23.98,24.29,24.4,-0.25,-1.0246,3.3659,2928375,70990707.99,5796000000.0,2101050000.0
2017-02-27,'002768,国恩股份,24.4,26.6,24.34,25.18,25.51,-1.11,-4.3512,6.7392,5863074,146293011.62,5856000000.0,2122800000.0
2017-02-24,'002768,国恩股份,25.51,26.29,24.69,24.82,24.92,0.59,2.3676,8.2376,7166715,182924402.93,6122400000.0,2219370000.0
2017-02-23,'002768,国恩股份,24.92,24.95,24.37,24.58,24.58,0.34,1.3832,2.5902,2253439,55670157.06,5980800000.0,2168040000.0
2017-02-22,'002768,国恩股份,24.58,24.95,24.22,24.38,24.39,0.19,0.779,2.828,2460387,60691933.04,5899200000.0,2138460000.0
2017-02-21,'002768,国恩股份,24.39,24.56,24.2,24.3,24.39,0.0,0.0,1.8838,1638918,39992556.57,5853600000.0,2121930000.0
2017-02-20,'002768,国恩股份,24.39,24.63,23.92,24.63,24.45,-0.06,-0.2454,3.4184,2974032,71978649.04,5853600000.0,2121930000.0
2017-02-17,'002768,国恩股份,24.45,25.18,24.41,24.94,24.99,-0.54,-2.1609,3.1983,2782516,68780738.28,5868000000.0,2127150000.0
2017-02-16,'002768,国恩股份,24.99,25.04,23.75,23.93,24.0,0.99,4.125,5.2065,4529658,111682617.59,5997600000.0,2174130000.0
2017-02-15,'002768,国恩股份,24.0,24.77,23.75,23.75,23.98,0.02,0.0834,3.9191,3409600,82809772.95,5760000000.0,2088000000.0
2017-02-14,'002768,国恩股份,23.98,24.4,23.01,23.01,23.11,0.87,3.7646,3.1299,2722979,65063182.32,5755200000.0,2086260000.0
2017-02-13,'002768,国恩股份,23.11,23.21,22.7,22.87,22.87,0.24,1.0494,1.6678,1450973,33438941.71,5546400000.0,2010570000.0
2017-02-10,'002768,国恩股份,22.87,23.38,22.8,23.25,23.23,-0.36,-1.5497,1.5452,1344336,30957928.24,5488800000.0,1989690000.0
2017-02-09,'002768,国恩股份,23.23,23.37,22.86,22.9,22.94,0.29,1.2642,2.0577,1790242,41388051.76,5575200000.0,2021010000.0
2017-02-08,'002768,国恩股份,22.94,22.99,22.66,22.99,22.87,0.07,0.3061,1.2059,1049152,23931325.55,5505600000.0,1995780000.0
2017-02-07,'002768,国恩股份,22.87,22.95,22.72,22.92,22.94,-0.07,-0.3051,0.8419,732462,16736854.15,5488800000.0,1989690000.0
2017-02-06,'002768,国恩股份,22.94,23.16,22.71,23.02,23.07,-0.13,-0.5635,2.7374,2381527,54397165.46,5505600000.0,1995780000.0
2017-02-03,'002768,国恩股份,23.07,23.3,22.71,22.95,22.95,0.12,0.5229,1.5473,1346126,31203661.72,5536800000.0,2007090000.0
2017-01-26,'002768,国恩股份,22.95,23.06,22.7,22.75,22.75,0.2,0.8791,0.779,677689,15497354.59,5508000000.0,1996650000.0
2017-01-25,'002768,国恩股份,22.75,23.16,22.68,22.68,22.7,0.05,0.2203,0.8825,767771,17534840.04,5460000000.0,1979250000.0
2017-01-24,'002768,国恩股份,22.7,23.48,22.66,22.8,22.78,-0.08,-0.3512,1.6296,1417769,32556091.51,5448000000.0,1974900000.0
2017-01-23,'002768,国恩股份,22.78,22.96,22.07,22.09,22.1,0.68,3.0769,1.589,1382446,31380263.79,5467200000.0,1981860000.0
2017-01-20,'002768,国恩股份,22.1,22.45,21.79,21.95,21.86,0.24,1.0979,1.3978,1216050,26939388.94,5304000000.0,1922700000.0
2017-01-19,'002768,国恩股份,21.86,22.0,21.36,21.95,21.97,-0.11,-0.5007,0.8065,701690,15291079.73,5246400000.0,1901820000.0
2017-01-18,'002768,国恩股份,21.97,22.4,21.7,22.22,22.46,-0.49,-2.1817,1.2372,1076352,23745769.39,5272800000.0,1911390000.0
2017-01-17,'002768,国恩股份,22.46,22.5,20.81,22.3,22.31,0.15,0.6723,3.8587,3357058,72973289.13,5390400000.0,1954020000.0
2017-01-16,'002768,国恩股份,22.31,24.68,22.05,24.5,24.5,-2.19,-8.9388,3.141,2732699,63070615.16,5354400000.0,1940970000.0
2017-01-13,'002768,国恩股份,24.5,25.15,24.45,24.68,24.69,-0.19,-0.7695,0.9545,830450,20487363.19,5880000000.0,2131500000.0
2017-01-12,'002768,国恩股份,24.69,25.6,24.6,25.59,25.39,-0.7,-2.757,1.435,1248486,31145593.4,5925600000.0,2148030000.0
2017-01-11,'002768,国恩股份,25.39,25.8,25.29,25.79,25.64,-0.25,-0.975,0.8044,699843,17867470.41,6093600000.0,2208930000.0
2017-01-10,'002768,国恩股份,25.64,25.73,25.55,25.65,25.65,-0.01,-0.039,0.7875,685114,17570127.37,6153600000.0,2230680000.0
2017-01-09,'002768,国恩股份,25.65,25.75,25.4,25.61,25.75,-0.1,-0.3883,0.9912,862303,22044716.47,6156000000.0,2231550000.0
2017-01-06,'002768,国恩股份,25.75,25.96,25.36,25.66,25.75,0.0,0.0,1.43,1244074,31857102.86,6180000000.0,2240250000.0
2017-01-05,'002768,国恩股份,25.75,26.3,25.64,25.64,25.79,-0.04,-0.1551,2.6365,2293740,59641041.38,6180000000.0,2240250000.0
2017-01-04,'002768,国恩股份,25.79,25.95,25.31,25.4,25.6,0.19,0.7422,2.067,1798284,46396122.04,6189600000.0,2243730000.0
2017-01-03,'002768,国恩股份,25.6,25.73,24.76,24.84,24.84,0.76,3.0596,2.8621,2490038,63265957.0,6144000000.0,2227200000.0
2016-12-30,'002768,国恩股份,24.84,25.03,24.7,25.03,24.7,0.14,0.5668,0.8065,701696,17440393.14,5961600000.0,2161080000.0
2016-12-29,'002768,国恩股份,24.7,25.1,24.68,24.98,24.95,-0.25,-1.002,0.7851,683000,16973605.52,5928000000.0,2148900000.0
2016-12-28,'002768,国恩股份,24.95,25.17,24.86,24.86,24.86,0.09,0.362,1.3819,1202213,30062573.65,5988000000.0,2170650000.0
2016-12-27,'002768,国恩股份,24.86,24.98,24.68,24.86,24.86,0.0,0.0,1.0619,923839,22947355.14,5966400000.0,2162820000.0
2016-12-26,'002768,国恩股份,24.86,24.98,24.02,24.4,24.53,0.33,1.3453,1.7684,1538516,37751087.15,5966400000.0,2162820000.0
2016-12-23,'002768,国恩股份,24.53,25.05,24.52,25.0,24.88,-0.35,-1.4068,1.1421,993588,24553299.4,5887200000.0,2134110000.0
2016-12-22,'002768,国恩股份,24.88,25.37,24.78,24.99,25.18,-0.3,-1.1914,1.521,1323255,32947054.39,5971200000.0,2164560000.0
2016-12-21,'002768,国恩股份,25.18,25.5,25.05,25.08,25.2,-0.02,-0.0794,1.6262,1414767,35659163.96,6043200000.0,2190660000.0
2016-12-20,'002768,国恩股份,25.2,25.5,24.94,25.19,25.13,0.07,0.2786,1.6871,1467791,37022198.31,6048000000.0,2192400000.0
2016-12-19,'002768,国恩股份,25.13,25.16,24.84,25.15,24.99,0.14,0.5602,1.3392,1165134,29151778.79,6031200000.0,2186310000.0
2016-12-16,'002768,国恩股份,24.99,25.07,24.72,24.95,24.78,0.21,0.8475,1.2313,1071188,26679943.54,5997600000.0,2174130000.0
2016-12-15,'002768,国恩股份,24.78,25.09,24.23,24.55,24.65,0.13,0.5274,1.7547,1526548,37830634.89,5947200000.0,2155860000.0
2016-12-14,'002768,国恩股份,24.65,25.43,24.47,25.2,24.88,-0.23,-0.9244,1.8623,1620200,40529225.89,5916000000.0,2144550000.0
2016-12-13,'002768,国恩股份,24.88,25.23,24.15,25.23,25.05,-0.17,-0.6786,2.2526,1959758,48359426.0,5971200000.0,2164560000.0
2016-12-12,'002768,国恩股份,25.05,26.84,25.0,26.81,26.81,-1.76,-6.5647,3.1839,2769970,71546751.23,6012000000.0,2179350000.0
2016-12-09,'002768,国恩股份,26.81,27.0,26.61,27.0,26.99,-0.18,-0.6669,2.2019,1915670,51242734.44,6434400000.0,2332470000.0
2016-12-08,'002768,国恩股份,26.99,27.29,26.74,27.19,27.16,-0.17,-0.6259,4.1692,3627174,97944602.96,6477600000.0,2348130000.0
2016-12-07,'002768,国恩股份,27.16,27.19,26.11,26.14,26.14,1.02,3.9021,5.7819,5030274,134614869.64,6518400000.0,2362920000.0
2016-12-06,'002768,国恩股份,26.14,26.18,25.8,25.8,25.94,0.2,0.771,1.6808,1462270,38135865.8,6273600000.0,2274180000.0
2016-12-05,'002768,国恩股份,25.94,26.09,25.67,25.7,25.78,0.16,0.6206,2.0225,1759577,45636024.15,6225600000.0,2256780000.0
2016-12-02,'002768,国恩股份,25.78,26.69,25.78,26.61,26.6,-0.82,-3.0827,3.4508,3002188,78430678.18,6187200000.0,2242860000.0
2016-12-01,'002768,国恩股份,26.6,26.69,26.48,26.49,26.59,0.01,0.0376,1.4564,1267093,33640019.26,6384000000.0,2314200000.0
2016-11-30,'002768,国恩股份,26.59,26.79,26.4,26.5,26.5,0.09,0.3396,1.6684,1451538,38589227.33,6381600000.0,2313330000.0
2016-11-29,'002768,国恩股份,26.5,27.06,26.48,26.96,26.99,-0.49,-1.8155,2.6814,2332830,62463219.56,6360000000.0,2305500000.0
2016-11-28,'002768,国恩股份,26.99,27.34,26.98,27.29,27.21,-0.22,-0.8085,2.1874,1903074,51589019.88,6477600000.0,2348130000.0
2016-11-25,'002768,国恩股份,27.21,27.37,26.78,26.98,27.22,-0.01,-0.0367,3.0931,2691029,72589942.84,6530400000.0,2367270000.0
2016-11-24,'002768,国恩股份,27.22,27.62,27.1,27.53,27.56,-0.34,-1.2337,3.1944,2779167,76164058.15,6532800000.0,2368140000.0
2016-11-23,'002768,国恩股份,27.56,28.04,27.56,27.94,27.93,-0.37,-1.3247,3.8027,3308308,91661238.06,6614400000.0,2397720000.0
2016-11-22,'002768,国恩股份,27.93,27.95,27.55,27.58,27.64,0.29,1.0492,4.2894,3731813,103620828.07,6703200000.0,2429910000.0
2016-11-21,'002768,国恩股份,27.64,28.1,27.4,27.81,27.7,-0.06,-0.2166,4.3467,3781629,104587882.01,6633600000.0,2404680000.0
2016-11-18,'002768,国恩股份,27.7,28.0,27.51,27.8,28.12,-0.42,-1.4936,5.1645,4493152,124626449.09,6648000000.0,2409900000.0
2016-11-17,'002768,国恩股份,28.12,29.4,27.92,27.93,27.82,0.3,1.0784,10.1177,8802416,250483289.39,6748800000.0,2446440000.0
2016-11-16,'002768,国恩股份,27.82,28.08,27.29,27.5,27.29,0.53,1.9421,9.2183,8019897,222970262.42,6676800000.0,2420340000.0
2016-11-15,'002768,国恩股份,27.29,27.33,26.92,27.3,27.19,0.1,0.3678,4.1074,3573412,97011320.83,6549600000.0,2374230000.0
2016-11-14,'002768,国恩股份,27.19,27.25,27.0,27.03,27.01,0.18,0.6664,3.3121,2881509,78186350.34,6525600000.0,2365530000.0
2016-11-11,'002768,国恩股份,27.01,27.24,26.88,27.06,27.03,-0.02,-0.074,2.9057,2527957,68339960.73,6482400000.0,2349870000.0
2016-11-10,'002768,国恩股份,27.03,27.19,26.9,27.0,26.82,0.21,0.783,4.0268,3503355,94610971.38,6487200000.0,2351610000.0
2016-11-09,'002768,国恩股份,26.82,27.74,26.63,27.66,27.6,-0.78,-2.8261,4.3181,3756725,101816318.22,6436800000.0,2333340000.0
2016-11-08,'002768,国恩股份,27.6,27.66,27.36,27.65,27.64,-0.04,-0.1447,2.5303,2201347,60566769.4,6624000000.0,2401200000.0
2016-11-07,'002768,国恩股份,27.64,28.03,27.49,27.49,27.47,0.17,0.6189,3.5103,3053984,84820987.85,6633600000.0,2404680000.0
2016-11-04,'002768,国恩股份,27.47,27.67,27.35,27.48,27.45,0.02,0.0729,2.753,2395076,65915717.65,6592800000.0,2389890000.0
2016-11-03,'002768,国恩股份,27.45,27.76,27.34,27.39,27.53,-0.08,-0.2906,3.7764,3285482,90476342.86,6588000000.0,2388150000.0
2016-11-02,'002768,国恩股份,27.53,28.1,27.2,27.42,27.45,0.08,0.2914,4.6099,4010581,111301287.84,6607200000.0,2395110000.0
2016-11-01,'002768,国恩股份,27.45,27.59,27.2,27.2,27.16,0.29,1.0677,2.7539,2395931,65636465.89,6588000000.0,2388150000.0
2016-10-31,'002768,国恩股份,27.16,27.5,27.11,27.13,27.04,0.12,0.4438,2.1198,1844214,50272788.3,6518400000.0,2362920000.0
2016-10-28,'002768,国恩股份,27.04,27.54,26.91,27.42,27.42,-0.38,-1.3858,2.7764,2415468,65585006.7,6489600000.0,2352480000.0
2016-10-27,'002768,国恩股份,27.42,27.98,27.25,27.81,27.78,-0.36,-1.2959,3.0455,2649618,72831800.54,6580800000.0,2385540000.0
2016-10-26,'002768,国恩股份,27.78,28.24,27.6,28.02,28.22,-0.44,-1.5592,4.1724,3629958,100920984.59,6667200000.0,2416860000.0
2016-10-25,'002768,国恩股份,28.22,28.28,27.11,27.11,27.32,0.9,3.2943,6.6897,5820052,162573598.59,6772800000.0,2455140000.0
2016-10-24,'002768,国恩股份,27.32,27.7,26.95,26.95,26.94,0.38,1.4105,3.9469,3433787,94059001.63,6556800000.0,2376840000.0
2016-10-21,'002768,国恩股份,26.94,27.47,26.71,27.33,27.59,-0.65,-2.3559,4.4994,3914449,105921831.48,6465600000.0,2343780000.0
2016-10-20,'002768,国恩股份,27.59,28.28,26.52,26.65,26.58,1.01,3.7998,7.6923,6692264,184013141.6,6621600000.0,2400330000.0
2016-10-19,'002768,国恩股份,26.58,26.94,26.51,26.89,26.74,-0.16,-0.5984,2.7387,2382662,63415304.73,6379200000.0,2312460000.0
2016-10-18,'002768,国恩股份,26.74,26.8,26.2,26.59,26.59,0.15,0.5641,2.8654,2492889,66255985.54,6417600000.0,2326380000.0
2016-10-17,'002768,国恩股份,26.59,26.98,26.5,26.6,26.54,0.05,0.1884,3.3473,2912168,77903555.49,6381600000.0,2313330000.0
2016-10-14,'002768,国恩股份,26.54,26.57,26.25,26.47,26.42,0.12,0.4542,2.3064,2006533,53090579.48,6369600000.0,2308980000.0
2016-10-13,'002768,国恩股份,26.42,26.73,26.38,26.66,26.58,-0.16,-0.602,2.5601,2227327,58995252.07,6340800000.0,2298540000.0
2016-10-12,'002768,国恩股份,26.58,26.75,26.5,26.7,26.74,-0.16,-0.5984,2.1924,1907421,50714260.02,6379200000.0,2312460000.0
2016-10-11,'002768,国恩股份,26.74,26.92,26.46,26.92,26.84,-0.1,-0.3726,2.9199,2540299,67706632.58,6417600000.0,2326380000.0
2016-10-10,'002768,国恩股份,26.84,26.9,26.31,26.55,26.34,0.5,1.8983,2.4242,2109091,56086806.9,6441600000.0,2335080000.0
2016-09-30,'002768,国恩股份,26.34,26.5,25.95,26.03,25.95,0.39,1.5029,1.9553,1701116,44752125.38,6321600000.0,2291580000.0
2016-09-29,'002768,国恩股份,25.95,26.4,25.91,26.13,26.13,-0.18,-0.6889,1.6286,1416843,36999988.02,6228000000.0,2257650000.0
2016-09-28,'002768,国恩股份,26.13,26.43,26.08,26.43,26.43,-0.3,-1.1351,1.3037,1134225,29706303.08,6271200000.0,2273310000.0
2016-09-27,'002768,国恩股份,26.43,26.54,25.64,26.1,26.3,0.13,0.4943,2.3363,2032556,53114600.21,6343200000.0,2299410000.0
2016-09-26,'002768,国恩股份,26.3,27.69,26.3,27.6,27.51,-1.21,-4.3984,2.6282,2286523,61331144.04,6312000000.0,2288100000.0
2016-09-23,'002768,国恩股份,27.51,28.03,27.5,27.72,27.72,-0.21,-0.7576,1.7949,1561539,43111568.72,6602400000.0,2393370000.0
2016-09-22,'002768,国恩股份,27.72,28.5,27.71,28.39,28.23,-0.51,-1.8066,3.0529,2656019,74300541.1,6652800000.0,2411640000.0
2016-09-21,'002768,国恩股份,28.23,28.43,28.02,28.02,27.9,0.33,1.1828,2.1235,1847464,52297473.76,6775200000.0,2456010000.0
2016-09-20,'002768,国恩股份,27.9,28.07,27.67,27.8,27.75,0.15,0.5405,1.6037,1395256,38932106.54,6696000000.0,2427300000.0
2016-09-19,'002768,国恩股份,27.75,27.84,27.49,27.49,27.49,0.26,0.9458,2.0946,1822327,50544939.59,6660000000.0,2414250000.0
2016-09-14,'002768,国恩股份,27.49,28.4,27.33,28.17,28.41,-0.92,-3.2383,4.1857,3641580,101161739.71,6597600000.0,2391630000.0
2016-09-13,'002768,国恩股份,28.41,29.0,28.05,28.77,28.66,-0.25,-0.8723,2.7831,2421321,68919645.5,6818400000.0,2471670000.0
2016-09-12,'002768,国恩股份,28.66,29.4,28.4,29.4,29.73,-1.07,-3.5991,3.1971,2781490,79985659.66,6878400000.0,2493420000.0
2016-09-09,'002768,国恩股份,29.73,29.92,29.62,29.9,29.71,0.02,0.0673,1.7532,1525248,45404837.24,7135200000.0,2586510000.0
2016-09-08,'002768,国恩股份,29.71,29.96,29.59,29.78,29.78,-0.07,-0.2351,2.0274,1763879,52520271.22,7130400000.0,2584770000.0
2016-09-07,'002768,国恩股份,29.78,30.18,29.73,30.09,30.18,-0.4,-1.3254,3.34,2905806,86845868.88,7147200000.0,2590860000.0
2016-09-06,'002768,国恩股份,30.18,30.22,29.61,29.64,29.63,0.55,1.8562,2.9738,2587175,77355558.34,7243200000.0,2625660000.0
2016-09-05,'002768,国恩股份,29.63,30.37,29.5,30.0,30.02,-0.39,-1.2991,4.1073,3573329,106579695.53,7111200000.0,2577810000.0
2016-09-02,'002768,国恩股份,30.02,30.99,29.82,30.83,30.94,-0.92,-2.9735,5.556,4833754,146321232.29,7204800000.0,2611740000.0
2016-09-01,'002768,国恩股份,30.94,31.43,30.9,31.21,31.21,-0.27,-0.8651,2.3792,2069872,64329016.8,7425600000.0,2691780000.0
2016-08-31,'002768,国恩股份,31.21,31.69,31.02,31.69,31.62,-0.41,-1.2966,3.0737,2674153,83506620.23,7490400000.0,2715270000.0
2016-08-30,'002768,国恩股份,31.62,31.97,31.52,31.77,31.76,-0.14,-0.4408,2.2736,1978006,62694196.04,7588800000.0,2750940000.0
2016-08-29,'002768,国恩股份,31.76,32.1,31.56,31.8,32.08,-0.32,-0.9975,3.459,3009314,95802917.43,7622400000.0,2763120000.0
2016-08-26,'002768,国恩股份,32.08,32.73,31.81,32.73,32.73,-0.65,-1.9859,7.4388,6471763,208349419.0,7699200000.0,2790960000.0
2016-08-25,'002768,国恩股份,32.73,32.96,30.83,30.83,31.75,0.98,3.0866,15.9647,13889320,448516118.1,7855200000.0,2847510000.0
2016-08-24,'002768,国恩股份,31.75,32.3,30.73,31.1,31.06,0.69,2.2215,7.009,6097826,191203616.83,7620000000.0,2762250000.0
2016-08-23,'002768,国恩股份,31.06,31.16,30.58,30.7,30.86,0.2,0.6481,2.1768,1893796,58495284.18,7454400000.0,2702220000.0
2016-08-22,'002768,国恩股份,30.86,31.58,30.77,31.28,31.28,-0.42,-1.3427,3.7431,3256494,101713166.15,7406400000.0,2684820000.0
2016-08-19,'002768,国恩股份,31.28,31.54,30.5,30.8,30.81,0.47,1.5255,3.9104,3402031,105607305.52,7507200000.0,2721360000.0
2016-08-18,'002768,国恩股份,30.81,31.55,30.66,31.22,31.39,-0.58,-1.8477,2.9582,2573636,79843093.15,7394400000.0,2680470000.0
2016-08-17,'002768,国恩股份,31.39,31.54,30.61,30.85,30.85,0.54,1.7504,3.6263,3154859,98396760.66,7533600000.0,2730930000.0
2016-08-16,'002768,国恩股份,30.85,31.6,30.8,31.13,31.2,-0.35,-1.1218,3.8508,3350222,104424141.93,7404000000.0,2683950000.0
2016-08-15,'002768,国恩股份,31.2,31.5,30.36,30.73,30.47,0.73,2.3958,3.9034,3395948,105213360.31,7488000000.0,2714400000.0
2016-08-12,'002768,国恩股份,30.47,30.66,29.73,30.66,30.44,0.03,0.0986,3.4848,3031735,91488582.53,7312800000.0,2650890000.0
2016-08-11,'002768,国恩股份,30.44,31.8,30.4,31.3,31.4,-0.96,-3.0573,3.8564,3355106,104515913.95,7305600000.0,2648280000.0
2016-08-10,'002768,国恩股份,31.4,31.75,31.27,31.5,31.74,-0.34,-1.0712,3.9633,3448110,108425891.31,7536000000.0,2731800000.0
2016-08-09,'002768,国恩股份,31.74,31.9,31.0,31.73,31.81,-0.07,-0.2201,6.1994,5393464,169702212.8,7617600000.0,2761380000.0
2016-08-08,'002768,国恩股份,31.81,32.37,29.22,29.61,29.61,2.2,7.4299,11.0597,9621929,295357208.43,7634400000.0,2767470000.0
2016-08-05,'002768,国恩股份,29.61,30.45,29.58,29.63,29.92,-0.31,-1.0361,3.0368,2642010,79129131.2,7106400000.0,2576070000.0
2016-08-04,'002768,国恩股份,29.92,30.35,28.69,28.98,28.98,0.94,3.2436,4.1522,3612372,107103314.61,7180800000.0,2603040000.0
2016-08-03,'002768,国恩股份,28.98,29.2,28.56,28.95,28.94,0.04,0.1382,1.848,1607780,46457371.44,6955200000.0,2521260000.0
2016-08-02,'002768,国恩股份,28.94,29.63,28.61,29.35,29.2,-0.26,-0.8904,2.5471,2216003,64218117.54,6945600000.0,2517780000.0
2016-08-01,'002768,国恩股份,29.2,30.49,28.0,30.41,30.42,-1.22,-4.0105,4.3519,3786133,110855446.58,7008000000.0,2540400000.0
2016-07-29,'002768,国恩股份,30.42,30.99,30.25,30.99,31.05,-0.63,-2.029,2.0711,1801833,55088214.13,7300800000.0,2646540000.0
2016-07-28,'002768,国恩股份,31.05,31.26,29.75,30.45,30.79,0.26,0.8444,3.8309,3332898,101484308.64,7452000000.0,2701350000.0
2016-07-27,'002768,国恩股份,30.79,32.34,29.75,32.28,32.29,-1.5,-4.6454,6.2056,5398849,166681765.48,7389600000.0,2678730000.0
2016-07-26,'002768,国恩股份,32.29,32.6,32.0,32.45,32.34,-0.05,-0.1546,3.8677,3364869,108487728.85,7749600000.0,2809230000.0
2016-07-25,'002768,国恩股份,32.34,32.48,30.7,30.78,31.23,1.11,3.5543,5.7847,5032704,159643355.56,7761600000.0,2813580000.0
2016-07-22,'002768,国恩股份,31.23,32.56,31.15,32.56,32.56,-1.33,-4.0848,6.111,5316573,168178838.87,7495200000.0,2717010000.0
2016-07-21,'002768,国恩股份,32.56,33.55,32.46,32.62,32.95,-0.39,-1.1836,7.3056,6355847,209696399.11,7814400000.0,2832720000.0
2016-07-20,'002768,国恩股份,32.95,34.1,32.52,32.95,32.27,0.68,2.1072,11.1665,9714871,322739561.38,7908000000.0,2866650000.0
2016-07-19,'002768,国恩股份,32.27,32.9,30.98,31.61,32.04,0.23,0.7179,8.4136,7319822,232785556.48,7744800000.0,2807490000.0
2016-07-18,'002768,国恩股份,32.04,33.68,32.0,32.45,32.46,-0.42,-1.2939,11.4956,10001149,328921609.42,7689600000.0,2787480000.0
2016-07-15,'002768,国恩股份,32.46,33.19,31.11,31.58,31.9,0.56,1.7555,13.1461,11437125,365505234.34,7790400000.0,2824020000.0
2016-07-14,'002768,国恩股份,31.9,32.53,30.7,30.7,30.61,1.29,4.2143,13.8937,12087536,383912264.06,7656000000.0,2775300000.0
2016-07-13,'002768,国恩股份,30.61,30.85,30.01,30.23,30.2,0.41,1.3576,5.5499,4828411,147131937.03,7346400000.0,2663070000.0
2016-07-12,'002768,国恩股份,30.2,30.22,29.23,30.16,30.21,-0.01,-0.0331,5.5133,4796561,143075680.46,7248000000.0,2627400000.0
2016-07-11,'002768,国恩股份,30.21,30.88,29.7,30.4,30.71,-0.5,-1.6281,5.8248,5067554,154492312.04,7250400000.0,2628270000.0
2016-07-08,'002768,国恩股份,30.71,31.34,30.47,30.8,30.99,-0.28,-0.9035,7.6025,6614210,204171442.28,7370400000.0,2671770000.0
2016-07-07,'002768,国恩股份,30.99,31.39,29.44,29.48,29.49,1.5,5.0865,12.8744,11200716,341782818.9,7437600000.0,2696130000.0
2016-07-06,'002768,国恩股份,29.49,29.74,29.05,29.21,29.43,0.06,0.2039,4.6905,4080739,120460025.55,7077600000.0,2565630000.0
2016-07-05,'002768,国恩股份,29.43,30.38,29.2,30.32,30.4,-0.97,-3.1908,9.9349,8643393,256246174.86,7063200000.0,2560410000.0
2016-07-04,'002768,国恩股份,30.4,30.6,29.8,30.3,30.34,0.06,0.1978,5.3587,4662080,140856822.77,7296000000.0,2644800000.0
2016-07-01,'002768,国恩股份,30.34,30.85,30.1,30.1,30.1,0.24,0.7973,4.433,3856753,117257192.44,7281600000.0,2639580000.0
2016-06-30,'002768,国恩股份,30.1,31.0,30.0,31.0,31.27,-1.17,-3.7416,6.2207,5412022,164309062.45,7224000000.0,2618700000.0
2016-06-29,'002768,国恩股份,31.27,31.3,29.7,29.9,30.03,1.24,4.1292,14.3927,8635641,265736961.34,7504800000.0,1876200000.0
2016-06-28,'002768,国恩股份,30.03,30.32,29.3,29.76,29.85,0.18,0.603,8.2182,4930907,146982404.3,7207200000.0,1801800000.0
2016-06-27,'002768,国恩股份,29.85,30.0,29.0,29.0,29.66,0.19,0.6406,7.2541,4352472,129056870.53,7164000000.0,1791000000.0
2016-06-24,'002768,国恩股份,29.66,30.89,28.2,30.6,30.67,-1.01,-3.2931,10.3761,6225653,184462881.28,7118400000.0,1779600000.0
2016-06-23,'002768,国恩股份,30.67,31.9,30.51,31.9,31.72,-1.05,-3.3102,9.0033,5401953,167073262.61,7360800000.0,1840200000.0
2016-06-22,'002768,国恩股份,31.72,32.0,30.66,31.38,31.49,0.23,0.7304,11.2584,6755040,210783297.43,7612800000.0,1903200000.0
2016-06-21,'002768,国恩股份,31.49,32.46,29.67,29.67,29.54,1.95,6.6012,19.6793,11807607,369744581.75,7557600000.0,1889400000.0
2016-06-20,'002768,国恩股份,29.54,29.96,28.89,29.54,29.56,-0.02,-0.0677,5.4104,3246238,95197356.04,7089600000.0,1772400000.0
2016-06-17,'002768,国恩股份,29.56,30.26,29.41,29.58,29.59,-0.03,-0.1014,6.3636,3818139,113965030.76,7094400000.0,1773600000.0
2016-06-16,'002768,国恩股份,29.59,30.75,29.43,29.89,29.94,-0.35,-1.169,7.754,4652372,139853763.09,7101600000.0,1775400000.0
2016-06-15,'002768,国恩股份,29.94,30.48,28.22,28.31,28.96,0.98,3.384,8.4948,5096857,151456170.66,7185600000.0,1796400000.0
2016-06-14,'002768,国恩股份,28.96,29.16,27.9,28.0,28.44,0.52,1.8284,7.6001,4560062,130441742.36,6950400000.0,1737600000.0
2016-06-13,'002768,国恩股份,28.44,30.95,28.41,29.7,30.45,-2.01,-6.601,10.1396,6083787,181432256.86,6825600000.0,1706400000.0
2016-06-08,'002768,国恩股份,30.45,31.45,30.13,31.45,31.45,-1.0,-3.1797,10.0476,6028557,184387379.1,7308000000.0,1827000000.0
2016-06-07,'002768,国恩股份,31.45,32.0,31.18,31.19,31.18,0.27,0.8659,9.6692,5801534,182550292.34,7548000000.0,1887000000.0
2016-06-06,'002768,国恩股份,31.18,32.35,31.05,32.3,32.36,-1.18,-3.6465,12.564,7538373,238774433.04,7483200000.0,1870800000.0
2016-06-03,'002768,国恩股份,32.36,33.39,31.2,32.01,32.3,0.06,0.1858,24.6159,14769528,478872654.43,7766400000.0,1941600000.0
2016-06-02,'002768,国恩股份,32.3,32.3,29.09,29.27,29.55,2.75,9.3063,21.5303,12918207,396149627.36,7752000000.0,1938000000.0
2016-06-01,'002768,国恩股份,29.55,30.0,27.83,28.24,28.17,1.38,4.8988,16.9151,10149076,293653404.4,7092000000.0,1773000000.0
2016-05-31,'002768,国恩股份,28.17,28.43,26.97,26.97,27.08,1.09,4.0251,12.1604,7296241,202652634.48,6760800000.0,1690200000.0
2016-05-30,'002768,国恩股份,27.08,27.62,26.2,26.8,26.84,0.24,0.8942,6.8857,4131437,111928805.98,6499200000.0,1624800000.0
2016-05-27,'002768,国恩股份,26.84,27.25,26.67,26.7,27.01,-0.17,-0.6294,5.0747,3044790,81972767.31,6441600000.0,1610400000.0
2016-05-26,'002768,国恩股份,27.01,27.15,26.09,26.75,26.91,0.1,0.3716,6.4997,3899831,103771425.43,6482400000.0,1620600000.0
2016-05-25,'002768,国恩股份,26.91,27.43,26.76,27.39,26.77,0.14,0.523,5.6732,3403934,92317870.09,6458400000.0,1614600000.0
2016-05-24,'002768,国恩股份,26.77,27.59,26.71,27.09,27.45,-0.68,-2.4772,5.8268,3496085,94337001.95,6424800000.0,1606200000.0
2016-05-23,'002768,国恩股份,27.45,27.85,26.96,27.11,26.95,0.5,1.8553,8.5227,5113646,140032708.46,6588000000.0,1647000000.0
2016-05-20,'002768,国恩股份,26.95,27.18,26.3,26.5,27.11,-0.16,-0.5902,5.5991,3359477,90041601.26,6468000000.0,1617000000.0
2016-05-19,'002768,国恩股份,27.11,27.75,27.0,27.39,27.1,0.01,0.0369,6.5254,3915268,107229003.52,6506400000.0,1626600000.0
2016-05-18,'002768,国恩股份,27.1,28.28,26.98,27.47,28.2,-1.1,-3.9007,8.098,4858825,133019099.31,6504000000.0,1626000000.0
2016-05-17,'002768,国恩股份,28.2,28.59,27.05,27.35,27.54,0.66,2.3965,13.1618,7897081,220934189.0,6768000000.0,1692000000.0
2016-05-16,'002768,国恩股份,27.54,27.59,27.0,27.28,27.28,0.26,0.9531,6.3428,3805709,104129892.4,6609600000.0,1652400000.0
2016-05-13,'002768,国恩股份,27.28,28.1,27.1,27.77,27.76,-0.48,-1.7291,6.8166,4089967,113065292.31,6547200000.0,1636800000.0
2016-05-12,'002768,国恩股份,27.76,28.09,26.04,27.08,27.8,-0.04,-0.1439,9.8365,5901907,159703574.85,6662400000.0,1665600000.0
2016-05-11,'002768,国恩股份,27.8,28.45,27.04,28.3,27.81,-0.01,-0.036,8.9379,5362718,148437119.59,6672000000.0,1668000000.0
2016-05-10,'002768,国恩股份,27.81,28.44,27.42,27.42,27.4,0.41,1.4964,7.6266,4575957,127594921.49,6674400000.0,1668600000.0
2016-05-09,'002768,国恩股份,27.4,29.5,27.08,29.5,29.7,-2.3,-7.7441,10.4382,6262917,174297987.51,6576000000.0,1644000000.0
2016-05-06,'002768,国恩股份,29.7,31.7,29.5,31.7,31.69,-1.99,-6.2796,17.5177,10510626,321909461.87,7128000000.0,1782000000.0
2016-05-05,'002768,国恩股份,31.69,31.99,30.01,30.01,30.51,1.18,3.8676,19.0679,11440753,356434533.93,7605600000.0,1901400000.0
2016-05-04,'002768,国恩股份,30.51,31.15,30.24,30.51,30.71,-0.2,-0.6513,11.0219,6613132,202945928.5,7322400000.0,1830600000.0
2016-05-03,'002768,国恩股份,30.71,31.04,29.28,30.15,30.13,0.58,1.925,11.6543,6992567,212555967.84,7370400000.0,1842600000.0
2016-04-29,'002768,国恩股份,30.13,31.2,30.12,30.79,31.28,-1.15,-3.6765,11.0577,6634635,202076947.5,7231200000.0,1807800000.0
2016-04-28,'002768,国恩股份,31.28,31.8,30.18,31.8,31.8,-0.52,-1.6352,13.8075,8284516,254866334.14,7507200000.0,1876800000.0
2016-04-27,'002768,国恩股份,31.8,33.3,31.0,31.26,31.9,-0.1,-0.3135,20.3713,12222770,394215121.75,7632000000.0,1908000000.0
2016-04-26,'002768,国恩股份,31.9,33.05,29.89,30.18,30.22,1.68,5.5592,26.3425,15805483,506170371.42,7656000000.0,1914000000.0
2016-04-25,'002768,国恩股份,30.22,31.2,29.29,31.2,31.41,-1.19,-3.7886,17.1112,10266734,309786684.44,7252800000.0,1813200000.0
2016-04-22,'002768,国恩股份,31.41,31.41,28.6,28.6,28.55,2.86,10.0175,25.1263,15075800,464435728.78,7538400000.0,1884600000.0
2016-04-21,'002768,国恩股份,28.55,30.2,28.47,30.0,30.68,-2.13,-6.9426,16.9552,10173101,300332541.46,6852000000.0,1713000000.0
2016-04-20,'002768,国恩股份,30.68,34.49,30.68,34.39,34.09,-3.41,-10.0029,20.5822,12349346,395142529.99,7363200000.0,1840800000.0
2016-04-19,'002768,国恩股份,34.09,34.84,33.61,34.45,34.3,-0.21,-0.6122,12.011,7206572,245889719.09,8181600000.0,2045400000.0
2016-04-18,'002768,国恩股份,34.3,34.9,33.0,34.06,34.05,0.25,0.7342,16.9568,10174104,348229768.65,8232000000.0,2058000000.0
2016-04-15,'002768,国恩股份,34.05,34.99,33.88,34.97,34.91,-0.86,-2.4635,16.2058,9723489,332102631.46,8172000000.0,2043000000.0
2016-04-14,'002768,国恩股份,34.91,35.15,33.82,34.9,34.98,-0.07,-0.2001,21.9201,13152086,451860488.11,8378400000.0,2094600000.0
2016-04-13,'002768,国恩股份,34.98,36.44,34.66,35.0,35.0,-0.02,-0.0571,23.9998,14399908,507729443.97,8395200000.0,2098800000.0
2016-04-12,'002768,国恩股份,35.0,37.58,34.0,36.91,36.6,-1.6,-4.3716,26.3279,15796714,556530513.22,8400000000.0,2100000000.0
2016-04-11,'002768,国恩股份,36.6,38.6,35.77,36.99,39.1,-2.5,-6.3939,32.7368,19642109,727382055.15,8784000000.0,2196000000.0
2016-04-08,'002768,国恩股份,0.0,0.0,0.0,0.0,39.1,None,None,0.0,0,0.0,9384000000.0,2346000000.0
2016-04-07,'002768,国恩股份,0.0,0.0,0.0,0.0,39.1,None,None,0.0,0,0.0,9384000000.0,2346000000.0
2016-04-06,'002768,国恩股份,0.0,0.0,0.0,0.0,39.1,None,None,0.0,0,0.0,9384000000.0,2346000000.0
2016-04-05,'002768,国恩股份,0.0,0.0,0.0,0.0,39.1,None,None,0.0,0,0.0,9384000000.0,2346000000.0
2016-04-01,'002768,国恩股份,39.1,44.0,36.88,43.0,40.03,-0.93,-2.3233,62.2719,37363117,1539227796.11,9384000000.0,2346000000.0
2016-03-31,'002768,国恩股份,40.03,40.03,38.5,39.0,36.39,3.64,10.0027,13.7623,8257386,324840331.27,9607200000.0,2401800000.0
2016-03-30,'002768,国恩股份,36.39,36.39,33.0,33.5,33.08,3.31,10.006,37.1577,22294622,792300088.45,8733600000.0,2183400000.0
2016-03-29,'002768,国恩股份,99.45,105.0,92.0,103.21,101.98,-2.53,-2.4809,35.1684,7033682,691362531.38,7956000000.0,1989000000.0
2016-03-28,'002768,国恩股份,101.98,101.98,94.0,94.0,92.71,9.27,9.9989,29.3438,5868765,584673890.08,8158400000.0,2039600000.0
2016-03-25,'002768,国恩股份,92.71,99.78,91.0,98.0,98.15,-5.44,-5.5425,21.7784,4355676,411648392.26,7416800000.0,1854200000.0
2016-03-24,'002768,国恩股份,98.15,102.69,93.0,94.9,93.4,4.75,5.0857,35.0394,7007889,687471406.75,7852000000.0,1963000000.0
2016-03-23,'002768,国恩股份,93.4,93.78,84.1,84.99,85.3,8.1,9.4959,27.6615,5532298,491272161.67,7472000000.0,1868000000.0
2016-03-22,'002768,国恩股份,85.3,90.41,82.61,83.0,85.0,0.3,0.3529,23.1708,4634162,399994072.95,6824000000.0,1706000000.0
2016-03-21,'002768,国恩股份,85.0,86.4,79.0,80.6,80.0,5.0,6.25,22.0861,4417211,360948928.37,6800000000.0,1700000000.0
2016-03-18,'002768,国恩股份,80.0,81.9,73.87,74.87,74.85,5.15,6.8804,25.322,5064408,393158013.83,6400000000.0,1600000000.0
2016-03-17,'002768,国恩股份,74.85,76.49,68.0,69.42,69.75,5.1,7.3118,21.8048,4360962,315809585.06,5988000000.0,1497000000.0
2016-03-16,'002768,国恩股份,69.75,76.99,67.58,73.85,74.94,-5.19,-6.9255,23.167,4633408,331729524.66,5580000000.0,1395000000.0
2016-03-15,'002768,国恩股份,74.94,76.5,70.52,73.95,73.4,1.54,2.0981,18.3795,3675897,270929340.31,5995200000.0,1498800000.0
2016-03-14,'002768,国恩股份,73.4,75.45,67.96,68.0,68.59,4.81,7.0127,21.5923,4318467,316785035.76,5872000000.0,1468000000.0
2016-03-11,'002768,国恩股份,68.59,69.1,64.44,64.5,65.3,3.29,5.0383,15.1384,3027672,204187928.07,5487200000.0,1371800000.0
2016-03-10,'002768,国恩股份,65.3,67.85,61.8,62.0,61.7,3.6,5.8347,17.1323,3426454,224852929.5,5224000000.0,1306000000.0
2016-03-09,'002768,国恩股份,61.7,63.33,61.0,61.6,63.68,-1.98,-3.1093,5.6563,1131264,70285728.43,4936000000.0,1234000000.0
2016-03-08,'002768,国恩股份,63.68,64.0,58.88,63.9,64.42,-0.74,-1.1487,9.987,1997398,122286448.79,5094400000.0,1273600000.0
2016-03-07,'002768,国恩股份,64.42,65.88,63.55,64.0,62.5,1.92,3.072,7.8219,1564373,101234437.29,5153600000.0,1288400000.0
2016-03-04,'002768,国恩股份,62.5,67.97,62.04,67.58,68.84,-6.34,-9.2098,15.0445,3008895,194431880.31,5000000000.0,1250000000.0
2016-03-03,'002768,国恩股份,68.84,71.55,68.84,70.38,70.96,-2.12,-2.9876,12.7366,2547324,178315473.42,5507200000.0,1376800000.0
2016-03-02,'002768,国恩股份,70.96,72.81,67.03,67.6,67.88,3.08,4.5374,15.137,3027393,213828808.11,5676800000.0,1419200000.0
2016-03-01,'002768,国恩股份,67.88,69.0,63.44,64.24,63.99,3.89,6.0791,14.5395,2907897,192473901.74,5430400000.0,1357600000.0
2016-02-29,'002768,国恩股份,63.99,68.78,62.32,68.0,69.0,-5.01,-7.2609,13.0625,2612492,167014430.93,5119200000.0,1279800000.0
2016-02-26,'002768,国恩股份,69.0,71.49,67.88,70.2,69.12,-0.12,-0.1736,12.8438,2568768,179519396.82,5520000000.0,1380000000.0
2016-02-25,'002768,国恩股份,69.12,76.01,69.12,76.0,76.8,-7.68,-10.0,17.7794,3555889,254408903.77,5529600000.0,1382400000.0
2016-02-24,'002768,国恩股份,76.8,81.45,74.24,81.1,82.49,-5.69,-6.8978,25.0355,5007105,384459816.76,6144000000.0,1536000000.0
2016-02-23,'002768,国恩股份,82.49,83.6,78.11,79.0,79.02,3.47,4.3913,23.1182,4623630,376830991.73,6599200000.0,1649800000.0
2016-02-22,'002768,国恩股份,79.02,79.8,76.55,77.0,76.03,2.99,3.9327,16.6657,3333148,259687670.44,6321600000.0,1580400000.0
2016-02-19,'002768,国恩股份,76.03,77.78,75.0,76.0,77.0,-0.97,-1.2597,17.4688,3493753,266638249.98,6082400000.0,1520600000.0
2016-02-18,'002768,国恩股份,77.0,80.3,70.83,72.9,73.0,4.0,5.4795,30.3583,6071650,459747974.5,6160000000.0,1540000000.0
2016-02-17,'002768,国恩股份,73.0,74.33,67.0,67.9,68.01,4.99,7.3372,22.3722,4474449,313525786.01,5840000000.0,1460000000.0
2016-02-16,'002768,国恩股份,68.01,69.67,65.5,65.55,65.3,2.71,4.1501,12.9015,2580308,175076992.2,5440800000.0,1360200000.0
2016-02-15,'002768,国恩股份,65.3,65.33,61.0,61.0,65.11,0.19,0.2918,9.4429,1888572,119780355.31,5224000000.0,1306000000.0
2016-02-05,'002768,国恩股份,65.11,70.0,65.0,69.56,69.4,-4.29,-6.1816,14.5089,2901788,194370676.81,5208800000.0,1302200000.0
2016-02-04,'002768,国恩股份,69.4,71.56,67.88,67.88,68.0,1.4,2.0588,17.9797,3595940,251912049.93,5552000000.0,1388000000.0
2016-02-03,'002768,国恩股份,68.0,69.29,65.5,68.16,69.7,-1.7,-2.439,15.7523,3150469,213195975.07,5440000000.0,1360000000.0
2016-02-02,'002768,国恩股份,69.7,70.36,65.65,65.95,65.76,3.94,5.9915,20.4589,4091787,279908373.81,5576000000.0,1394000000.0
2016-02-01,'002768,国恩股份,65.76,68.47,63.28,64.88,66.45,-0.69,-1.0384,13.2756,2655124,175037219.07,5260800000.0,1315200000.0
2016-01-29,'002768,国恩股份,66.45,66.8,59.01,60.68,62.51,3.94,6.303,18.2988,3659760,232745145.6,5316000000.0,1329000000.0
2016-01-28,'002768,国恩股份,62.51,68.94,62.51,67.3,69.45,-6.94,-9.9928,19.6768,3935358,258899276.19,5000800000.0,1250200000.0
2016-01-27,'002768,国恩股份,69.45,69.82,61.0,65.0,65.3,4.15,6.3553,26.5901,5318010,352514620.45,5556000000.0,1389000000.0
2016-01-26,'002768,国恩股份,65.3,70.48,64.57,69.96,71.7,-6.4,-8.9261,20.9792,4195845,285540101.43,5224000000.0,1306000000.0
2016-01-25,'002768,国恩股份,71.7,71.8,68.02,71.0,68.33,3.37,4.9319,28.3921,5678417,396542007.46,5736000000.0,1434000000.0
2016-01-22,'002768,国恩股份,68.33,68.33,63.34,63.46,62.12,6.21,9.9968,30.3281,6065624,406317052.66,5466400000.0,1366600000.0
2016-01-21,'002768,国恩股份,62.12,68.88,62.0,64.93,66.73,-4.61,-6.9084,21.768,4353597,287079609.98,4969600000.0,1242400000.0
2016-01-20,'002768,国恩股份,66.73,69.3,62.04,62.88,63.0,3.73,5.9206,27.275,5455001,364808115.62,5338400000.0,1334600000.0
2016-01-19,'002768,国恩股份,63.0,63.0,58.3,59.52,59.34,3.66,6.1678,16.4187,3283749,199074459.16,5040000000.0,1260000000.0
2016-01-18,'002768,国恩股份,59.34,61.96,55.2,56.0,58.0,1.34,2.3103,14.7605,2952101,174873598.78,4747200000.0,1186800000.0
2016-01-15,'002768,国恩股份,58.0,64.0,57.19,62.79,63.54,-5.54,-8.7189,16.2447,3248935,196768456.82,4640000000.0,1160000000.0
2016-01-14,'002768,国恩股份,63.54,65.17,57.21,58.01,61.98,1.56,2.5169,18.2288,3645757,223395851.15,5083200000.0,1270800000.0
2016-01-13,'002768,国恩股份,61.98,64.0,59.75,60.0,59.72,2.26,3.7843,21.539,4307801,268708084.18,4958400000.0,1239600000.0
2016-01-12,'002768,国恩股份,59.72,66.36,59.72,61.8,66.36,-6.64,-10.006,24.8729,4974572,306791377.26,4777600000.0,1194400000.0
2016-01-11,'002768,国恩股份,66.36,78.8,66.36,75.94,73.73,-7.37,-9.9959,43.8555,8771105,626485210.69,5308800000.0,1327200000.0
2016-01-08,'002768,国恩股份,73.73,73.73,68.88,70.0,67.03,6.7,9.9955,24.8253,4965065,356961758.66,5898400000.0,1474600000.0
2016-01-07,'002768,国恩股份,67.03,74.88,65.65,72.18,71.17,-4.14,-5.8171,15.9774,3195471,231231607.05,5362400000.0,1340600000.0
2016-01-06,'002768,国恩股份,71.17,71.17,65.8,66.66,64.7,6.47,10.0,39.4569,7891377,549232066.69,5693600000.0,1423400000.0
2016-01-05,'002768,国恩股份,64.7,64.7,63.01,64.7,58.82,5.88,9.9966,11.4068,2281364,147306901.67,5176000000.0,1294000000.0
2016-01-04,'002768,国恩股份,58.82,66.5,57.8,64.65,63.96,-5.14,-8.0363,14.7325,2946501,190340015.18,4705600000.0,1176400000.0
2015-12-31,'002768,国恩股份,63.96,67.93,63.25,65.11,65.1,-1.14,-1.7512,10.6051,2121021,140588690.16,5116800000.0,1279200000.0
2015-12-30,'002768,国恩股份,65.1,66.1,64.41,66.1,66.15,-1.05,-1.5873,7.1687,1433745,93158838.76,5208000000.0,1302000000.0
2015-12-29,'002768,国恩股份,66.15,66.27,63.0,63.04,63.46,2.69,4.2389,10.4235,2084700,135962392.93,5292000000.0,1323000000.0
2015-12-28,'002768,国恩股份,63.46,66.88,63.4,66.29,66.54,-3.08,-4.6288,11.9382,2387630,155688576.96,5076800000.0,1269200000.0
2015-12-25,'002768,国恩股份,66.54,69.75,65.46,67.45,67.41,-0.87,-1.2906,15.5589,3111771,210409922.14,5323200000.0,1330800000.0
2015-12-24,'002768,国恩股份,67.41,68.7,65.81,68.48,68.42,-1.01,-1.4762,20.5153,4103058,276500170.41,5392800000.0,1348200000.0
2015-12-23,'002768,国恩股份,68.42,68.42,62.98,62.99,62.2,6.22,10.0,26.355,5271009,353793479.41,5473600000.0,1368400000.0
2015-12-22,'002768,国恩股份,62.2,62.93,61.02,61.5,61.37,0.83,1.3525,7.5508,1510156,93910734.59,4976000000.0,1244000000.0
2015-12-21,'002768,国恩股份,61.37,61.37,59.68,60.85,60.84,0.53,0.8711,6.7009,1340178,81158564.76,4909600000.0,1227400000.0
2015-12-18,'002768,国恩股份,60.84,62.65,60.45,62.65,62.88,-2.04,-3.2443,8.9457,1789138,109709812.0,4867200000.0,1216800000.0
2015-12-17,'002768,国恩股份,62.88,62.99,60.71,61.01,60.3,2.58,4.2786,11.6247,2324940,143601348.47,5030400000.0,1257600000.0
2015-12-16,'002768,国恩股份,60.3,62.0,60.0,60.02,59.68,0.62,1.0389,7.0673,1413457,86029482.34,4824000000.0,1206000000.0
2015-12-15,'002768,国恩股份,59.68,60.2,59.5,60.0,60.25,-0.57,-0.9461,6.3652,1273030,76157410.73,4774400000.0,1193600000.0
2015-12-14,'002768,国恩股份,60.25,60.48,56.0,56.58,57.51,2.74,4.7644,7.6863,1537255,90093624.83,4820000000.0,1205000000.0
2015-12-11,'002768,国恩股份,57.51,58.44,57.5,57.65,57.65,-0.14,-0.2428,5.468,1093595,63347140.94,4600800000.0,1150200000.0
2015-12-10,'002768,国恩股份,57.65,59.45,57.43,59.05,58.9,-1.25,-2.1222,8.5249,1704986,99078270.9,4612000000.0,1153000000.0
2015-12-09,'002768,国恩股份,58.9,62.03,58.2,62.03,62.03,-3.13,-5.0459,12.5872,2517444,150302763.21,4712000000.0,1178000000.0
2015-12-08,'002768,国恩股份,62.03,63.93,61.5,62.02,61.93,0.1,0.1615,11.1971,2239428,140103837.68,4962400000.0,1240600000.0
2015-12-07,'002768,国恩股份,61.93,63.94,60.89,63.15,63.4,-1.47,-2.3186,10.1699,2033986,125817500.93,4954400000.0,1238600000.0
2015-12-04,'002768,国恩股份,63.4,65.6,61.7,64.9,64.99,-1.59,-2.4465,15.4893,3097852,198150886.05,5072000000.0,1268000000.0
2015-12-03,'002768,国恩股份,64.99,65.5,62.0,62.5,61.65,3.34,5.4177,15.5028,3100552,198281436.36,5199200000.0,1299800000.0
2015-12-02,'002768,国恩股份,61.65,62.88,58.0,61.2,62.85,-1.2,-1.9093,11.4575,2291499,139006623.64,4932000000.0,1233000000.0
2015-12-01,'002768,国恩股份,62.85,66.97,60.21,64.81,65.62,-2.77,-4.2213,18.6399,3727981,239436396.31,5028000000.0,1257000000.0
2015-11-30,'002768,国恩股份,65.62,65.97,60.01,60.58,60.04,5.58,9.2938,19.7013,3940259,246569531.08,5249600000.0,1312400000.0
2015-11-27,'002768,国恩股份,60.04,63.86,58.69,62.13,63.11,-3.07,-4.8645,16.7915,3358293,206355209.68,4803200000.0,1200800000.0
2015-11-26,'002768,国恩股份,63.11,65.48,61.5,63.0,62.8,0.31,0.4936,19.4368,3887354,247035243.33,5048800000.0,1262200000.0
2015-11-25,'002768,国恩股份,62.8,66.5,61.71,64.56,62.56,0.24,0.3836,26.1654,5233082,333119531.14,5024000000.0,1256000000.0
2015-11-24,'002768,国恩股份,62.56,62.56,57.04,57.26,56.87,5.69,10.0053,20.6425,4128501,250176733.42,5004800000.0,1251200000.0
2015-11-23,'002768,国恩股份,56.87,59.88,56.11,57.49,58.58,-1.71,-2.9191,16.122,3224405,186215074.31,4549600000.0,1137400000.0
2015-11-20,'002768,国恩股份,58.58,58.77,55.16,55.8,55.15,3.43,6.2194,19.8674,3973483,226398790.23,4686400000.0,1171600000.0
2015-11-19,'002768,国恩股份,55.15,55.2,51.89,52.0,51.38,3.77,7.3375,10.9466,2189310,116551190.3,4412000000.0,1103000000.0
2015-11-18,'002768,国恩股份,51.38,54.42,51.0,53.4,53.91,-2.53,-4.693,13.5301,2706013,141915515.9,4110400000.0,1027600000.0
2015-11-17,'002768,国恩股份,53.91,57.95,53.5,56.85,56.4,-2.49,-4.4149,17.0529,3410586,192243930.7,4312800000.0,1078200000.0
2015-11-16,'002768,国恩股份,56.4,57.35,53.13,53.75,55.71,0.69,1.2386,15.1059,3021188,168079960.43,4512000000.0,1128000000.0
2015-11-13,'002768,国恩股份,55.71,60.49,55.71,60.0,61.9,-6.19,-10.0,20.99,4198002,241072900.73,4456800000.0,1114200000.0
2015-11-12,'002768,国恩股份,61.9,64.0,59.51,62.1,59.41,2.49,4.1912,23.9874,4797487,295530326.5,4952000000.0,1238000000.0
2015-11-11,'002768,国恩股份,59.41,59.41,53.6,53.6,54.01,5.4,9.9981,17.0516,3410324,196121967.0,4752800000.0,1188200000.0
2015-11-10,'002768,国恩股份,54.01,55.0,51.67,53.68,53.75,0.26,0.4837,16.4828,3296562,175647459.14,4320800000.0,1080200000.0
2015-11-09,'002768,国恩股份,53.75,55.26,50.06,50.98,51.48,2.27,4.4095,18.9436,3788715,200336157.62,4300000000.0,1075000000.0
2015-11-06,'002768,国恩股份,51.48,51.48,48.61,48.61,48.52,2.96,6.1006,14.5175,2903507,145293522.29,4118400000.0,1029600000.0
2015-11-05,'002768,国恩股份,48.52,50.66,48.22,48.95,49.41,-0.89,-1.8013,16.2627,3252542,159682410.2,3881600000.0,970400000.0
2015-11-04,'002768,国恩股份,49.41,50.1,47.32,48.4,48.1,1.31,2.7235,23.4794,4695887,228079899.49,3952800000.0,988200000.0
2015-11-03,'002768,国恩股份,48.1,48.48,44.86,45.0,45.2,2.9,6.4159,21.0897,4217949,197618352.92,3848000000.0,962000000.0
2015-11-02,'002768,国恩股份,45.2,47.28,42.58,43.0,43.79,1.41,3.2199,20.875,4174992,190466400.48,3616000000.0,904000000.0
2015-10-30,'002768,国恩股份,43.79,44.88,41.83,42.95,42.89,0.9,2.0984,14.0187,2803732,122146496.51,3503200000.0,875800000.0
2015-10-29,'002768,国恩股份,42.89,43.5,42.22,42.62,42.42,0.47,1.108,7.9955,1599099,68654123.76,3431200000.0,857800000.0
2015-10-28,'002768,国恩股份,42.42,43.87,42.33,43.54,43.53,-1.11,-2.55,11.4548,2290968,98776405.5,3393600000.0,848400000.0
2015-10-27,'002768,国恩股份,43.53,43.67,41.2,42.5,43.0,0.53,1.2326,10.438,2087603,88559028.64,3482400000.0,870600000.0
2015-10-26,'002768,国恩股份,43.0,43.19,42.3,42.8,42.26,0.74,1.7511,12.526,2505209,107019112.62,3440000000.0,860000000.0
2015-10-23,'002768,国恩股份,42.26,42.4,41.04,41.21,41.28,0.98,2.374,11.9153,2383055,99780648.25,3380800000.0,845200000.0
2015-10-22,'002768,国恩股份,41.28,41.65,39.7,40.01,40.22,1.06,2.6355,13.2584,2651684,107965373.8,3302400000.0,825600000.0
2015-10-21,'002768,国恩股份,40.22,45.98,39.91,44.9,44.05,-3.83,-8.6947,21.1525,4230497,184577881.1,3217600000.0,804400000.0
2015-10-20,'002768,国恩股份,44.05,44.08,42.51,42.6,42.6,1.45,3.4038,14.5826,2916517,126976940.01,3524000000.0,881000000.0
2015-10-19,'002768,国恩股份,42.6,43.59,42.03,43.59,43.73,-1.13,-2.584,11.5164,2303282,98669435.1,3408000000.0,852000000.0
2015-10-16,'002768,国恩股份,43.73,44.3,42.6,44.3,44.19,-0.46,-1.041,15.6939,3138775,135996616.34,3498400000.0,874600000.0
2015-10-15,'002768,国恩股份,44.19,44.29,42.81,42.99,43.11,1.08,2.5052,15.8808,3176152,138738016.63,3535200000.0,883800000.0
2015-10-14,'002768,国恩股份,43.11,43.8,42.4,42.65,42.9,0.21,0.4895,15.6701,3134028,135339361.06,3448800000.0,862200000.0
2015-10-13,'002768,国恩股份,42.9,43.01,42.2,42.6,43.46,-0.56,-1.2885,13.202,2640397,112468408.38,3432000000.0,858000000.0
2015-10-12,'002768,国恩股份,43.46,44.09,41.7,41.78,41.1,2.36,5.7421,22.3066,4461310,190645287.15,3476800000.0,869200000.0
2015-10-09,'002768,国恩股份,41.1,41.2,38.2,38.55,38.82,2.28,5.8733,14.1212,2824232,112474929.98,3288000000.0,822000000.0
2015-10-08,'002768,国恩股份,38.82,39.71,38.0,39.71,37.3,1.52,4.0751,8.7266,1745328,67927127.72,3105600000.0,776400000.0
2015-09-30,'002768,国恩股份,37.3,37.55,36.35,37.05,37.0,0.3,0.8108,6.2253,1245063,46006025.27,2984000000.0,746000000.0
2015-09-29,'002768,国恩股份,37.0,37.95,36.85,37.58,38.5,-1.5,-3.8961,6.5942,1318846,49338166.89,2960000000.0,740000000.0
2015-09-28,'002768,国恩股份,38.5,38.6,37.01,37.45,37.76,0.74,1.9597,7.2124,1442477,54929651.31,3080000000.0,770000000.0
2015-09-25,'002768,国恩股份,37.76,39.85,36.19,39.05,39.25,-1.49,-3.7962,10.4911,2098224,79964748.28,3020800000.0,755200000.0
2015-09-24,'002768,国恩股份,39.25,40.3,38.85,39.2,39.2,0.05,0.1276,10.543,2108600,83408476.91,3140000000.0,785000000.0
2015-09-23,'002768,国恩股份,39.2,40.2,38.28,38.78,39.23,-0.03,-0.0765,10.6735,2134706,83981801.33,3136000000.0,784000000.0
2015-09-22,'002768,国恩股份,39.23,40.37,38.6,40.2,40.39,-1.16,-2.872,12.3279,2465585,97514200.18,3138400000.0,784600000.0
2015-09-21,'002768,国恩股份,40.39,41.55,37.71,38.0,38.4,1.99,5.1823,15.018,3003591,118950795.37,3231200000.0,807800000.0
2015-09-18,'002768,国恩股份,38.4,39.55,37.88,38.77,38.77,-0.37,-0.9543,11.7331,2346623,90782140.26,3072000000.0,768000000.0
2015-09-17,'002768,国恩股份,38.77,41.53,38.77,41.2,41.52,-2.75,-6.6233,22.6683,4533653,182375965.64,3101600000.0,775400000.0
2015-09-16,'002768,国恩股份,41.52,41.89,38.1,38.19,38.18,3.34,8.748,23.6657,4733146,190079886.76,3321600000.0,830400000.0
2015-09-15,'002768,国恩股份,38.18,38.98,35.0,36.3,37.8,0.38,1.0053,16.4719,3294384,122774431.12,3054400000.0,763600000.0
2015-09-14,'002768,国恩股份,37.8,37.8,33.5,36.06,35.97,1.83,5.0876,21.905,4380995,157495334.85,3024000000.0,756000000.0
2015-09-11,'002768,国恩股份,35.97,36.45,35.11,35.42,35.4,0.57,1.6102,7.1673,1433453,51341983.6,2877600000.0,719400000.0
2015-09-10,'002768,国恩股份,35.4,36.95,35.2,36.01,37.31,-1.91,-5.1193,11.306,2261199,81535327.97,2832000000.0,708000000.0
2015-09-09,'002768,国恩股份,37.31,38.47,36.0,36.0,36.6,0.71,1.9399,17.5168,3503362,131329996.4,2984800000.0,746200000.0
2015-09-08,'002768,国恩股份,36.6,36.66,32.88,33.34,33.5,3.1,9.2537,16.4011,3280229,115497794.85,2928000000.0,732000000.0
2015-09-07,'002768,国恩股份,33.5,34.5,32.5,33.17,32.0,1.5,4.6875,10.3983,2079660,69682895.42,2680000000.0,670000000.0
2015-09-02,'002768,国恩股份,32.0,34.95,30.57,31.48,32.99,-0.99,-3.0009,12.3933,2478651,82186020.32,2560000000.0,640000000.0
2015-09-01,'002768,国恩股份,32.99,35.79,32.99,35.7,36.65,-3.66,-9.9864,13.774,2754804,93906716.44,2639200000.0,659800000.0
2015-08-31,'002768,国恩股份,36.65,39.59,36.65,39.01,40.72,-4.07,-9.9951,14.5536,2910719,111441900.01,2932000000.0,733000000.0
2015-08-28,'002768,国恩股份,40.72,41.87,37.53,38.47,39.22,1.5,3.8246,26.0506,5210129,203500938.97,3257600000.0,814400000.0
2015-08-27,'002768,国恩股份,39.22,40.89,36.1,39.0,37.36,1.86,4.9786,30.3384,6067681,232294263.31,3137600000.0,784400000.0
2015-08-26,'002768,国恩股份,37.36,37.36,34.11,35.0,33.96,3.4,10.0118,24.2008,4840168,177548661.44,2988800000.0,747200000.0
2015-08-25,'002768,国恩股份,33.96,39.3,32.86,32.86,36.33,-2.37,-6.5235,17.6518,3530358,124721992.63,2716800000.0,679200000.0
2015-08-24,'002768,国恩股份,36.33,39.78,36.33,38.5,40.37,-4.04,-10.0074,9.5571,1911413,70476215.64,2906400000.0,726600000.0
2015-08-21,'002768,国恩股份,40.37,43.12,40.01,41.92,42.6,-2.23,-5.2347,9.6234,1924670,80262908.18,3229600000.0,807400000.0
2015-08-20,'002768,国恩股份,42.6,45.93,42.29,45.28,46.0,-3.4,-7.3913,9.164,1832790,81121026.5,3408000000.0,852000000.0
2015-08-19,'002768,国恩股份,46.0,46.8,41.44,42.4,44.15,1.85,4.1903,14.2302,2846036,125039740.83,3680000000.0,920000000.0
2015-08-18,'002768,国恩股份,44.15,49.8,42.98,48.05,47.64,-3.49,-7.3258,14.4527,2890540,135490293.96,3532000000.0,883000000.0
2015-08-17,'002768,国恩股份,47.64,50.98,47.56,50.33,51.21,-3.57,-6.9713,13.9381,2787616,135887293.52,3811200000.0,952800000.0
2015-08-14,'002768,国恩股份,51.21,52.49,50.05,51.9,51.23,-0.02,-0.039,12.9686,2593711,132752570.93,4096800000.0,1024200000.0
2015-08-13,'002768,国恩股份,51.23,51.6,48.78,49.7,50.71,0.52,1.0254,14.9411,2988222,150063796.73,4098400000.0,1024600000.0
2015-08-12,'002768,国恩股份,50.71,54.75,50.7,54.5,54.79,-4.08,-7.4466,20.1153,4023064,211816437.2,4056800000.0,1014200000.0
2015-08-11,'002768,国恩股份,54.79,55.99,52.22,52.8,52.71,2.08,3.9461,21.6862,4337231,236721390.44,4383200000.0,1095800000.0
2015-08-10,'002768,国恩股份,52.71,53.15,49.7,50.9,50.51,2.2,4.3556,19.9163,3983263,206484518.57,4216800000.0,1054200000.0
2015-08-07,'002768,国恩股份,50.51,52.0,48.7,50.11,50.1,0.41,0.8184,19.13,3825997,193563385.26,4040800000.0,1010200000.0
2015-08-06,'002768,国恩股份,50.1,53.99,49.41,52.99,54.79,-4.69,-8.56,25.5686,5113720,261696787.2,4008000000.0,1002000000.0
2015-08-05,'002768,国恩股份,54.79,57.7,50.37,50.37,53.5,1.29,2.4112,36.8828,7376552,401698302.07,4383200000.0,1095800000.0
2015-08-04,'002768,国恩股份,53.5,60.87,52.51,58.0,58.34,-4.84,-8.2962,47.3929,9478581,515363331.65,4280000000.0,1070000000.0
2015-08-03,'002768,国恩股份,58.34,58.34,51.26,53.99,53.04,5.3,9.9925,48.4878,9697550,533456562.57,4667200000.0,1166800000.0
2015-07-31,'002768,国恩股份,53.04,53.04,45.22,46.0,48.22,4.82,9.9959,47.5693,9513855,484472717.68,4243200000.0,1060800000.0
2015-07-30,'002768,国恩股份,48.22,50.46,45.0,46.5,45.87,2.35,5.1232,42.8566,8571328,418786395.5,3857600000.0,964400000.0
2015-07-29,'002768,国恩股份,45.87,45.87,39.88,43.02,41.7,4.17,10.0,25.7785,5155691,220714850.66,3669600000.0,917400000.0
2015-07-28,'002768,国恩股份,41.7,46.48,39.83,40.3,44.26,-2.56,-5.784,27.441,5488197,229251424.1,3336000000.0,834000000.0
2015-07-27,'002768,国恩股份,44.26,50.85,44.26,46.1,49.18,-4.92,-10.0041,26.6698,5333961,256481283.05,3540800000.0,885200000.0
2015-07-24,'002768,国恩股份,49.18,52.83,48.71,51.0,48.03,1.15,2.3943,43.6243,8724850,444498598.36,3934400000.0,983600000.0
2015-07-23,'002768,国恩股份,48.03,48.03,42.1,42.71,43.66,4.37,10.0092,24.4448,4888961,221029316.45,3842400000.0,960600000.0
2015-07-22,'002768,国恩股份,43.66,45.5,41.01,41.71,41.5,2.16,5.2048,29.304,5860791,254223698.83,3492800000.0,873200000.0
2015-07-21,'002768,国恩股份,41.5,41.98,38.63,39.0,40.39,1.11,2.7482,18.562,3712391,152417284.5,3320000000.0,830000000.0
2015-07-20,'002768,国恩股份,40.39,43.32,39.5,42.09,43.56,-3.17,-7.2773,25.2234,5044673,210019759.94,3231200000.0,807800000.0
2015-07-17,'002768,国恩股份,43.56,44.59,38.91,40.7,40.7,2.86,7.027,27.7176,5543524,231537604.6,3484800000.0,871200000.0
2015-07-16,'002768,国恩股份,40.7,42.08,35.46,38.0,39.4,1.3,3.2995,32.0231,6404628,253051100.69,3256000000.0,814000000.0
2015-07-15,'002768,国恩股份,39.4,47.0,39.33,44.0,43.7,-4.3,-9.8398,47.6294,9525883,400479011.04,3152000000.0,788000000.0
2015-07-14,'002768,国恩股份,43.7,43.7,41.44,43.59,39.73,3.97,9.9924,22.5741,4514812,196239068.84,3496000000.0,874000000.0
2015-07-13,'002768,国恩股份,39.73,39.73,39.73,39.73,36.12,3.61,9.9945,2.4671,493411,19603219.03,3178400000.0,794600000.0
2015-07-10,'002768,国恩股份,36.12,36.12,34.0,36.12,32.84,3.28,9.9878,11.0762,2215237,79827605.68,2889600000.0,722400000.0
2015-07-09,'002768,国恩股份,32.84,32.84,26.87,26.87,29.85,2.99,10.0168,42.9134,8582681,260304140.74,2627200000.0,656800000.0
2015-07-08,'002768,国恩股份,29.85,29.85,29.85,29.85,33.17,-3.32,-10.009,3.3365,667300,19918905.0,2388000000.0,597000000.0
2015-07-07,'002768,国恩股份,33.17,36.9,33.17,36.85,36.85,-3.68,-9.9864,54.1403,10828066,374363724.69,2653600000.0,663400000.0
2015-07-06,'002768,国恩股份,36.85,36.85,36.85,36.85,33.5,3.35,10.0,1.8835,376705,13881579.25,2948000000.0,737000000.0
2015-07-03,'002768,国恩股份,33.5,33.5,33.5,33.5,30.45,3.05,10.0164,1.5575,311505,10435417.5,2680000000.0,670000000.0
2015-07-02,'002768,国恩股份,30.45,30.45,30.45,30.45,27.68,2.77,10.0072,0.087,17400,529830.0,2436000000.0,609000000.0
2015-07-01,'002768,国恩股份,27.68,27.68,27.68,27.68,25.16,2.52,10.0159,0.0225,4500,124560.0,2214400000.0,553600000.0
2015-06-30,'002768,N国恩,25.16,25.16,22.86,22.86,17.47,7.69,44.0183,0.0945,18901,475541.86,2012800000.0,503200000.0
2015-06-18,'002768,国恩股份,0.0,0.0,0.0,0.0,17.47,None,None,0.0,0,0.0,1048200000.0,0.0
