日期,股票代码,名称,收盘价,最高价,最低价,开盘价,前收盘,涨跌额,涨跌幅,换手率,成交量,成交金额,总市值,流通市值
2017-05-15,'002828,贝肯能源,30.21,30.95,30.15,30.31,30.14,0.07,0.2322,6.0967,1786346,54485826.26,3540612000.0,885153000.0
2017-05-12,'002828,贝肯能源,30.14,31.67,29.51,31.67,30.4,-0.26,-0.8553,8.0824,2368140,71763765.37,3532408000.0,883102000.0
2017-05-11,'002828,贝肯能源,30.4,31.68,29.0,29.0,28.86,1.54,5.3361,9.2148,2699928,81060301.79,3562880000.0,890720000.0
2017-05-10,'002828,贝肯能源,28.86,29.65,28.5,28.96,28.85,0.01,0.0347,4.9188,1441205,42114454.46,3382392000.0,845598000.0
2017-05-09,'002828,贝肯能源,28.85,28.85,27.7,27.77,27.7,1.15,4.1516,5.2694,1543938,43622948.06,3381220000.0,845305000.0
2017-05-08,'002828,贝肯能源,27.7,29.49,27.37,28.71,29.18,-1.48,-5.072,4.3385,1271189,36637908.69,3246440000.0,811610000.0
2017-05-05,'002828,贝肯能源,29.18,30.48,29.15,30.06,30.61,-1.43,-4.6717,6.2109,1819793,54343568.46,3419896000.0,854974000.0
2017-05-04,'002828,贝肯能源,30.61,30.98,30.02,30.68,30.86,-0.25,-0.8101,6.6332,1943524,59333394.08,3587492000.0,896873000.0
2017-05-03,'002828,贝肯能源,30.86,30.99,29.8,30.0,30.13,0.73,2.4228,6.3636,1864538,56974127.26,3616792000.0,904198000.0
2017-05-02,'002828,贝肯能源,30.13,31.0,30.07,30.1,30.07,0.06,0.1995,5.3152,1557357,47517260.75,3531236000.0,882809000.0
2017-04-28,'002828,贝肯能源,30.07,30.38,29.77,29.83,30.2,-0.13,-0.4305,4.402,1289789,38870325.92,3524204000.0,881051000.0
2017-04-27,'002828,贝肯能源,30.2,30.6,28.21,29.13,29.32,0.88,3.0014,8.5698,2510945,74194853.46,3539440000.0,884860000.0
2017-04-26,'002828,贝肯能源,29.32,29.6,28.38,28.6,28.57,0.75,2.6251,7.7618,2274200,66154103.69,3436304000.0,859076000.0
2017-04-25,'002828,贝肯能源,28.57,29.29,28.03,28.6,28.5,0.07,0.2456,5.576,1633762,46941694.25,3348404000.0,837101000.0
2017-04-24,'002828,贝肯能源,28.5,30.9,27.55,30.4,30.61,-2.11,-6.8932,9.5467,2797186,79742487.21,3340200000.0,835050000.0
2017-04-21,'002828,贝肯能源,30.61,32.0,30.51,31.99,32.22,-1.61,-4.9969,6.3941,1873478,58507108.55,3587492000.0,896873000.0
2017-04-20,'002828,贝肯能源,32.22,33.35,31.51,32.39,32.28,-0.06,-0.1859,10.5445,3089524,100564969.45,3776184000.0,944046000.0
2017-04-19,'002828,贝肯能源,32.28,32.4,30.12,30.12,33.35,-1.07,-3.2084,24.416,7153896,221721598.78,3783216000.0,945804000.0
2017-04-18,'002828,贝肯能源,33.35,33.35,33.35,33.35,37.06,-3.71,-10.0108,1.9249,564000,18809400.0,3908620000.0,977155000.0
2017-04-17,'002828,贝肯能源,37.06,40.8,37.06,40.0,41.18,-4.12,-10.0049,7.9904,2341186,90938113.04,4343432000.0,1085858000.0
2017-04-14,'002828,贝肯能源,41.18,41.8,39.95,41.8,41.4,-0.22,-0.5314,6.8132,1996275,81404645.74,4826296000.0,1206574000.0
2017-04-13,'002828,贝肯能源,41.4,42.7,41.14,42.03,42.58,-1.18,-2.7713,6.4787,1898263,79510796.22,4852080000.0,1213020000.0
2017-04-12,'002828,贝肯能源,42.58,43.5,41.8,43.4,43.18,-0.6,-1.3895,13.7923,4041148,173068845.37,4990376000.0,1247594000.0
2017-04-11,'002828,贝肯能源,43.18,43.3,39.0,41.39,41.33,1.85,4.4762,17.413,5102008,212187071.66,5060696000.0,1265174000.0
2017-04-10,'002828,贝肯能源,41.33,43.47,41.18,43.47,43.02,-1.69,-3.9284,10.7104,3138138,132398069.5,4843876000.0,1210969000.0
2017-04-07,'002828,贝肯能源,43.02,43.75,42.36,42.9,43.0,0.02,0.0465,10.521,3082640,132617377.84,5041944000.0,1260486000.0
2017-04-06,'002828,贝肯能源,43.0,43.79,41.71,41.71,41.89,1.11,2.6498,14.0544,4117947,177593427.67,5039600000.0,1259900000.0
2017-04-05,'002828,贝肯能源,41.89,42.42,38.38,39.44,39.7,2.19,5.5164,13.9651,4091767,168152439.27,4909508000.0,1227377000.0
2017-03-31,'002828,贝肯能源,39.7,41.42,38.2,40.83,40.85,-1.15,-2.8152,15.0313,4404159,174792231.22,4652840000.0,1163210000.0
2017-03-30,'002828,贝肯能源,40.85,43.1,40.71,40.78,41.17,-0.32,-0.7773,11.7103,3431104,143312697.03,4787620000.0,1196905000.0
2017-03-29,'002828,贝肯能源,41.17,43.48,40.25,41.8,44.5,-3.33,-7.4831,20.4885,6003144,253606992.84,4825124000.0,1206281000.0
2017-03-28,'002828,贝肯能源,44.5,47.0,44.47,45.79,46.23,-1.73,-3.7422,15.2572,4470347,205769710.78,5215400000.0,1303850000.0
2017-03-27,'002828,贝肯能源,46.23,47.4,45.27,46.88,47.41,-1.18,-2.4889,18.4356,5401622,248455939.84,5418156000.0,1354539000.0
2017-03-24,'002828,贝肯能源,47.41,48.98,47.1,47.55,47.3,0.11,0.2326,24.5178,7183729,344712604.0,5556452000.0,1389113000.0
2017-03-23,'002828,贝肯能源,47.3,48.38,45.36,47.47,47.97,-0.67,-1.3967,23.2696,6818006,321952357.47,5543560000.0,1385890000.0
2017-03-22,'002828,贝肯能源,47.97,50.0,46.32,46.78,47.96,0.01,0.0209,31.9888,9372722,446864583.72,5622084000.0,1405521000.0
2017-03-21,'002828,贝肯能源,47.96,48.18,43.61,43.9,43.8,4.16,9.4977,31.4413,9212304,422224220.94,5620912000.0,1405228000.0
2017-03-20,'002828,贝肯能源,43.8,43.85,42.3,42.3,42.28,1.52,3.5951,12.1318,3554630,154281216.44,5133360000.0,1283340000.0
2017-03-17,'002828,贝肯能源,42.28,44.81,42.2,44.3,44.0,-1.72,-3.9091,13.7144,4018308,173986395.31,4955216000.0,1238804000.0
2017-03-16,'002828,贝肯能源,44.0,44.33,42.58,42.61,42.57,1.43,3.3592,13.7774,4036790,176186573.63,5156800000.0,1289200000.0
2017-03-15,'002828,贝肯能源,42.57,43.43,42.17,42.85,42.86,-0.29,-0.6766,9.2623,2713864,115840603.01,4989204000.0,1247301000.0
2017-03-14,'002828,贝肯能源,42.86,45.43,42.68,43.71,43.69,-0.83,-1.8997,19.4886,5710165,252521698.03,5023192000.0,1255798000.0
2017-03-13,'002828,贝肯能源,43.69,43.85,42.17,42.98,43.17,0.52,1.2045,11.3054,3312473,143004566.73,5120468000.0,1280117000.0
2017-03-10,'002828,贝肯能源,43.17,43.55,42.3,42.9,43.2,-0.03,-0.0694,11.3906,3337454,143322146.72,5059524000.0,1264881000.0
2017-03-09,'002828,贝肯能源,43.2,43.98,41.64,42.5,43.0,0.2,0.4651,18.3356,5372338,231466330.61,5063040000.0,1265760000.0
2017-03-08,'002828,贝肯能源,43.0,43.23,41.12,41.4,41.5,1.5,3.6145,20.266,5937930,252108497.27,5039600000.0,1259900000.0
2017-03-07,'002828,贝肯能源,41.5,43.02,40.48,40.51,40.78,0.72,1.7656,20.4804,6000765,250754074.54,4863800000.0,1215950000.0
2017-03-06,'002828,贝肯能源,40.78,40.95,39.66,39.66,39.86,0.92,2.3081,6.6315,1943041,78426748.43,4779416000.0,1194854000.0
2017-03-03,'002828,贝肯能源,39.86,40.61,39.5,40.61,40.88,-1.02,-2.4951,8.4558,2477547,99055391.12,4671592000.0,1167898000.0
2017-03-02,'002828,贝肯能源,40.88,41.44,40.28,40.28,40.5,0.38,0.9383,7.8356,2295844,93886188.34,4791136000.0,1197784000.0
2017-03-01,'002828,贝肯能源,40.5,42.11,40.5,41.3,41.36,-0.86,-2.0793,10.57,3097012,127916065.6,4746600000.0,1186650000.0
2017-02-28,'002828,贝肯能源,41.36,41.69,40.21,40.68,40.9,0.46,1.1247,10.7335,3144904,129083112.02,4847392000.0,1211848000.0
2017-02-27,'002828,贝肯能源,40.9,41.59,39.91,41.3,41.28,-0.38,-0.9205,11.5125,3373160,137012514.51,4793480000.0,1198370000.0
2017-02-24,'002828,贝肯能源,41.28,41.5,39.68,39.68,39.97,1.31,3.2775,11.85,3472050,141974704.9,4838016000.0,1209504000.0
2017-02-23,'002828,贝肯能源,39.97,40.4,39.59,39.68,39.83,0.14,0.3515,7.7331,2265789,90652709.68,4684484000.0,1171121000.0
2017-02-22,'002828,贝肯能源,39.83,39.99,38.59,39.84,39.85,-0.02,-0.0502,10.5129,3080292,121541411.81,4668076000.0,1167019000.0
2017-02-21,'002828,贝肯能源,39.85,40.36,38.3,38.4,38.4,1.45,3.776,8.552,2505736,98805928.37,4670420000.0,1167605000.0
2017-02-20,'002828,贝肯能源,38.4,39.59,37.6,39.0,39.65,-1.25,-3.1526,10.5904,3102997,118997834.19,4500480000.0,1125120000.0
2017-02-17,'002828,贝肯能源,39.65,42.09,39.54,42.07,42.59,-2.94,-6.903,15.4258,4519755,183598338.62,4646980000.0,1161745000.0
2017-02-16,'002828,贝肯能源,42.59,43.8,41.48,43.08,43.07,-0.48,-1.1145,15.037,4405830,187342023.21,4991548000.0,1247887000.0
2017-02-15,'002828,贝肯能源,43.07,45.85,42.21,42.75,42.47,0.6,1.4128,24.1629,7079735,308891252.6,5047804000.0,1261951000.0
2017-02-14,'002828,贝肯能源,42.47,44.0,39.23,40.05,40.45,2.02,4.9938,19.5905,5740003,237281875.4,4977484000.0,1244371000.0
2017-02-13,'002828,贝肯能源,40.45,41.18,38.05,39.67,39.93,0.52,1.3023,14.6056,4279443,169855348.84,4740740000.0,1185185000.0
2017-02-10,'002828,贝肯能源,39.93,42.58,39.6,40.3,40.34,-0.41,-1.0164,18.5901,5446912,223997481.7,4679796000.0,1169949000.0
2017-02-09,'002828,贝肯能源,40.34,42.67,38.9,38.97,38.95,1.39,3.5687,20.1364,5899972,239535695.03,4727848000.0,1181962000.0
2017-02-08,'002828,贝肯能源,38.95,38.98,37.55,38.0,38.25,0.7,1.8301,8.9684,2627739,101191389.93,4564940000.0,1141235000.0
2017-02-07,'002828,贝肯能源,38.25,38.96,37.9,37.92,38.22,0.03,0.0785,7.7373,2267040,86959366.89,4482900000.0,1120725000.0
2017-02-06,'002828,贝肯能源,38.22,38.97,36.72,36.72,36.72,1.5,4.085,11.5959,3397611,129475708.07,4479384000.0,1119846000.0
2017-02-03,'002828,贝肯能源,36.72,37.2,36.05,37.08,36.92,-0.2,-0.5417,5.059,1482286,54296429.45,4303584000.0,1075896000.0
2017-01-26,'002828,贝肯能源,36.92,37.3,36.2,36.46,36.35,0.57,1.5681,8.2927,2429751,89577268.27,4327024000.0,1081756000.0
2017-01-25,'002828,贝肯能源,36.35,36.8,35.53,35.62,35.99,0.36,1.0003,6.763,1981561,71602234.17,4260220000.0,1065055000.0
2017-01-24,'002828,贝肯能源,35.99,36.9,35.8,36.66,36.7,-0.71,-1.9346,5.7357,1680547,61178553.63,4218028000.0,1054507000.0
2017-01-23,'002828,贝肯能源,36.7,37.25,36.44,36.5,36.4,0.3,0.8242,6.0216,1764339,64853711.21,4301240000.0,1075310000.0
2017-01-20,'002828,贝肯能源,36.4,37.0,35.5,35.8,35.8,0.6,1.676,6.7303,1971967,72033022.31,4266080000.0,1066520000.0
2017-01-19,'002828,贝肯能源,35.8,37.37,35.21,36.36,37.06,-1.26,-3.3999,7.8866,2310786,83639072.02,4195760000.0,1048940000.0
2017-01-18,'002828,贝肯能源,37.06,37.99,36.64,36.89,37.18,-0.12,-0.3228,9.6272,2820770,105293183.29,4343432000.0,1085858000.0
2017-01-17,'002828,贝肯能源,37.18,37.88,35.28,35.7,36.3,0.88,2.4242,9.1648,2685299,98422836.58,4357496000.0,1089374000.0
2017-01-16,'002828,贝肯能源,36.3,37.86,34.47,37.0,37.77,-1.47,-3.892,11.6621,3416981,124383292.86,4254360000.0,1063590000.0
2017-01-13,'002828,贝肯能源,37.77,39.58,36.6,37.31,37.34,0.43,1.1516,22.236,6515152,249508556.5,4426644000.0,1106661000.0
2017-01-12,'002828,贝肯能源,37.34,37.58,36.47,36.5,36.4,0.94,2.5824,9.6708,2833531,105246067.94,4376248000.0,1094062000.0
2017-01-11,'002828,贝肯能源,36.4,37.55,36.33,37.39,37.62,-1.22,-3.243,7.7346,2266240,83462274.55,4266080000.0,1066520000.0
2017-01-10,'002828,贝肯能源,37.62,38.23,37.06,37.15,37.14,0.48,1.2924,10.7316,3144361,119043009.44,4409064000.0,1102266000.0
2017-01-09,'002828,贝肯能源,37.14,37.66,36.45,37.09,37.38,-0.24,-0.6421,8.5611,2508399,93064039.26,4352808000.0,1088202000.0
2017-01-06,'002828,贝肯能源,37.38,39.38,36.82,39.21,39.19,-1.81,-4.6185,16.5265,4842270,183561579.38,4380936000.0,1095234000.0
2017-01-05,'002828,贝肯能源,39.19,39.97,39.16,39.59,39.62,-0.43,-1.0853,13.0188,3814521,151025790.63,4593068000.0,1148267000.0
2017-01-04,'002828,贝肯能源,39.62,40.02,39.22,39.8,40.05,-0.43,-1.0737,14.144,4144186,164215398.54,4643464000.0,1160866000.0
2017-01-03,'002828,贝肯能源,40.05,40.5,38.67,38.93,38.6,1.45,3.7565,18.1842,5327959,210967542.22,4693860000.0,1173465000.0
2016-12-30,'002828,贝肯能源,38.6,39.49,38.22,39.4,39.3,-0.7,-1.7812,17.1925,5037411,195170018.44,4523920000.0,1130980000.0
2016-12-29,'002828,贝肯能源,39.3,40.6,39.2,39.5,39.42,-0.12,-0.3044,16.5008,4834736,193155676.72,4605960000.0,1151490000.0
2016-12-28,'002828,贝肯能源,39.42,41.18,39.2,41.1,40.99,-1.57,-3.8302,20.7027,6065884,241617206.33,4620024000.0,1155006000.0
2016-12-27,'002828,贝肯能源,40.99,42.18,40.3,40.75,40.7,0.29,0.7125,25.9574,7605522,313280276.95,4804028000.0,1201007000.0
2016-12-26,'002828,贝肯能源,40.7,42.27,39.18,41.5,43.33,-2.63,-6.0697,35.8644,10508263,427699352.6,4770040000.0,1192510000.0
2016-12-23,'002828,贝肯能源,43.33,49.37,43.01,49.37,44.88,-1.55,-3.4537,54.7549,16043185,737627006.94,5078276000.0,1269569000.0
2016-12-22,'002828,贝肯能源,44.88,44.88,44.88,44.88,40.8,4.08,10.0,0.2101,61568,2763171.84,5259936000.0,1314984000.0
2016-12-21,'002828,贝肯能源,40.8,40.8,40.8,40.8,37.09,3.71,10.0027,0.1107,32444,1323715.2,4781760000.0,1195440000.0
2016-12-20,'002828,贝肯能源,37.09,37.09,37.09,37.09,33.72,3.37,9.9941,0.101,29593,1097604.37,4346948000.0,1086737000.0
2016-12-19,'002828,贝肯能源,33.72,33.72,33.72,33.72,30.65,3.07,10.0163,0.0512,15012,506204.64,3951984000.0,987996000.0
2016-12-16,'002828,贝肯能源,30.65,30.65,30.65,30.65,27.86,2.79,10.0144,0.053,15542,476362.3,3592180000.0,898045000.0
2016-12-15,'002828,贝肯能源,27.86,27.86,27.86,27.86,25.33,2.53,9.9882,0.0105,3088,86031.68,3265192000.0,816298000.0
2016-12-14,'002828,贝肯能源,25.33,25.33,25.33,25.33,23.03,2.3,9.987,0.0248,7274,184250.42,2968676000.0,742169000.0
2016-12-13,'002828,贝肯能源,23.03,23.03,23.03,23.03,20.94,2.09,9.9809,0.031,9078,209066.34,2699116000.0,674779000.0
2016-12-12,'002828,贝肯能源,20.94,20.94,20.94,20.94,19.04,1.9,9.979,0.021,6161,129011.34,2454168000.0,613542000.0
2016-12-09,'002828,贝肯能源,19.04,19.04,19.04,19.04,17.31,1.73,9.9942,0.0165,4820,91772.8,2231488000.0,557872000.0
2016-12-08,'002828,N贝肯,17.31,17.31,14.42,14.42,12.02,5.29,44.01,0.0307,9007,152317.83,2028732000.0,507183000.0
