日期,股票代码,名称,收盘价,最高价,最低价,开盘价,前收盘,涨跌额,涨跌幅,换手率,成交量,成交金额,总市值,流通市值
2017-05-15,'002820,桂发祥,0.0,0.0,0.0,0.0,39.85,None,None,0.0,0,0.0,5100800000.0,1275200000.0
2017-05-12,'002820,桂发祥,0.0,0.0,0.0,0.0,39.85,None,None,0.0,0,0.0,5100800000.0,1275200000.0
2017-05-11,'002820,桂发祥,0.0,0.0,0.0,0.0,39.85,None,None,0.0,0,0.0,5100800000.0,1275200000.0
2017-05-10,'002820,桂发祥,0.0,0.0,0.0,0.0,39.85,None,None,0.0,0,0.0,5100800000.0,1275200000.0
2017-05-09,'002820,桂发祥,0.0,0.0,0.0,0.0,39.85,None,None,0.0,0,0.0,5100800000.0,1275200000.0
2017-05-08,'002820,桂发祥,0.0,0.0,0.0,0.0,39.85,None,None,0.0,0,0.0,5100800000.0,1275200000.0
2017-05-05,'002820,桂发祥,0.0,0.0,0.0,0.0,39.85,None,None,0.0,0,0.0,5100800000.0,1275200000.0
2017-05-04,'002820,桂发祥,0.0,0.0,0.0,0.0,39.85,None,None,0.0,0,0.0,5100800000.0,1275200000.0
2017-05-03,'002820,桂发祥,39.85,40.5,39.03,40.07,40.36,-0.51,-1.2636,6.5563,2098004,83321673.71,5100800000.0,1275200000.0
2017-05-02,'002820,桂发祥,40.36,41.2,40.16,40.5,40.76,-0.4,-0.9814,5.5025,1760800,71563601.94,5166080000.0,1291520000.0
2017-04-28,'002820,桂发祥,40.76,41.18,40.3,40.89,40.9,-0.14,-0.3423,5.4659,1749100,71133610.0,5217280000.0,1304320000.0
2017-04-27,'002820,桂发祥,40.9,41.19,39.25,40.4,40.34,0.56,1.3882,11.6365,3723673,150244730.86,5235200000.0,1308800000.0
2017-04-26,'002820,桂发祥,40.34,41.0,38.67,38.67,38.66,1.68,4.3456,11.073,3543361,141576437.7,5163520000.0,1290880000.0
2017-04-25,'002820,桂发祥,38.66,39.49,38.37,38.37,38.13,0.53,1.39,6.9964,2238844,87159085.52,4948480000.0,1237120000.0
2017-04-24,'002820,桂发祥,38.13,38.5,37.0,38.22,38.72,-0.59,-1.5238,6.0188,1926024,72744532.96,4880640000.0,1220160000.0
2017-04-21,'002820,桂发祥,38.72,39.06,37.83,38.3,38.35,0.37,0.9648,7.8625,2515987,97355792.83,4956160000.0,1239040000.0
2017-04-20,'002820,桂发祥,38.35,38.55,37.63,38.17,38.34,0.01,0.0261,7.9997,2559900,97377446.09,4908800000.0,1227200000.0
2017-04-19,'002820,桂发祥,38.34,38.36,36.8,36.8,36.8,1.54,4.1848,10.7296,3433474,128995860.55,4907520000.0,1226880000.0
2017-04-18,'002820,桂发祥,36.8,37.66,36.66,37.09,36.89,-0.09,-0.244,4.8756,1560205,58039818.51,4710400000.0,1177600000.0
2017-04-17,'002820,桂发祥,36.89,39.0,36.77,39.0,39.09,-2.2,-5.628,7.6819,2458194,91833838.11,4721920000.0,1180480000.0
2017-04-14,'002820,桂发祥,39.09,41.0,39.0,41.0,41.24,-2.15,-5.2134,9.2802,2969679,117134139.29,5003520000.0,1250880000.0
2017-04-13,'002820,桂发祥,41.24,42.0,41.05,41.1,41.02,0.22,0.5363,4.4284,1417103,58884072.77,5278720000.0,1319680000.0
2017-04-12,'002820,桂发祥,41.02,42.5,41.01,42.3,42.51,-1.49,-3.5051,6.0669,1941402,80949868.02,5250560000.0,1312640000.0
2017-04-11,'002820,桂发祥,42.51,42.65,41.05,41.6,41.72,0.79,1.8936,8.7559,2801873,117863576.49,5441280000.0,1360320000.0
2017-04-10,'002820,桂发祥,41.72,46.2,41.71,46.2,46.34,-4.62,-9.9698,14.4393,4620572,199923457.44,5340160000.0,1335040000.0
2017-04-07,'002820,桂发祥,46.34,47.64,46.01,47.64,47.68,-1.34,-2.8104,9.1067,2914159,135832269.87,5931520000.0,1482880000.0
2017-04-06,'002820,桂发祥,47.68,48.79,46.78,47.03,47.02,0.66,1.4037,12.7599,4083159,195941735.55,6103040000.0,1525760000.0
2017-04-05,'002820,桂发祥,47.02,47.19,45.1,45.1,45.87,1.15,2.5071,10.4157,3333015,154860184.31,6018560000.0,1504640000.0
2017-03-31,'002820,桂发祥,45.87,47.17,45.17,45.18,45.73,0.14,0.3061,10.8099,3459153,160014973.47,5871360000.0,1467840000.0
2017-03-30,'002820,桂发祥,45.73,46.77,44.98,46.77,47.26,-1.53,-3.2374,13.2663,4245221,194401934.61,5853440000.0,1463360000.0
2017-03-29,'002820,桂发祥,47.26,50.3,46.58,49.71,49.85,-2.59,-5.1956,13.6254,4360130,209303787.53,6049280000.0,1512320000.0
2017-03-28,'002820,桂发祥,49.85,51.7,49.81,51.69,51.53,-1.68,-3.2602,11.5653,3700902,187160966.51,6380800000.0,1595200000.0
2017-03-27,'002820,桂发祥,51.53,51.88,50.79,51.22,51.1,0.43,0.8415,12.153,3888975,200086712.4,6595840000.0,1648960000.0
2017-03-24,'002820,桂发祥,51.1,52.17,50.71,52.17,52.2,-1.1,-2.1073,16.5136,5284361,271067197.83,6540800000.0,1635200000.0
2017-03-23,'002820,桂发祥,52.2,54.86,49.97,54.35,54.78,-2.58,-4.7097,26.9359,8619483,457506749.42,6681600000.0,1670400000.0
2017-03-22,'002820,桂发祥,54.78,54.98,51.8,52.0,52.29,2.49,4.7619,34.0853,10907307,590356928.29,7011840000.0,1752960000.0
2017-03-21,'002820,桂发祥,52.29,52.6,51.68,51.87,52.33,-0.04,-0.0764,16.2554,5201724,271339455.51,6693120000.0,1673280000.0
2017-03-20,'002820,桂发祥,52.33,52.98,50.73,52.0,52.65,-0.32,-0.6078,20.5386,6572364,341154547.56,6698240000.0,1674560000.0
2017-03-17,'002820,桂发祥,52.65,55.0,52.65,53.2,58.5,-5.85,-10.0,43.5457,13934619,745289189.98,6739200000.0,1684800000.0
2017-03-16,'002820,桂发祥,58.5,64.99,58.5,63.2,65.0,-6.5,-10.0,69.8831,22362603,1339675412.12,7488000000.0,1872000000.0
2017-03-15,'002820,桂发祥,65.0,65.9,59.11,59.11,60.35,4.65,7.7051,41.9082,13410620,844502323.63,8320000000.0,2080000000.0
2017-03-14,'002820,桂发祥,60.35,60.58,55.79,56.1,55.78,4.57,8.1929,37.1212,11878781,697378187.27,7724800000.0,1931200000.0
2017-03-13,'002820,桂发祥,55.78,57.66,54.51,55.68,56.82,-1.04,-1.8303,20.6157,6597022,369254967.49,7139840000.0,1784960000.0
2017-03-10,'002820,桂发祥,56.82,58.96,53.5,53.88,56.3,0.52,0.9236,48.6408,15565043,863994283.13,7272960000.0,1818240000.0
2017-03-09,'002820,桂发祥,56.3,57.0,51.42,52.16,52.88,3.42,6.4675,38.3881,12284198,660619848.93,7206400000.0,1801600000.0
2017-03-08,'002820,桂发祥,52.88,54.49,49.1,49.1,49.75,3.13,6.2915,45.192,14461450,745596216.65,6768640000.0,1692160000.0
2017-03-07,'002820,桂发祥,49.75,53.49,49.63,50.99,50.26,-0.51,-1.0147,52.5684,16821901,870287882.04,6368000000.0,1592000000.0
2017-03-06,'002820,桂发祥,50.26,50.26,45.2,45.68,45.69,4.57,10.0022,37.0184,11845879,577465711.03,6433280000.0,1608320000.0
2017-03-03,'002820,桂发祥,45.69,46.0,43.26,44.55,44.92,0.77,1.7142,20.2424,6477568,290206735.5,5848320000.0,1462080000.0
2017-03-02,'002820,桂发祥,44.92,45.55,43.83,44.11,44.0,0.92,2.0909,16.8162,5381193,240216796.18,5749760000.0,1437440000.0
2017-03-01,'002820,桂发祥,44.0,44.37,43.35,43.68,43.72,0.28,0.6404,11.2512,3600394,157720694.93,5632000000.0,1408000000.0
2017-02-28,'002820,桂发祥,43.72,43.81,42.73,42.73,43.05,0.67,1.5563,7.9858,2555459,110984507.09,5596160000.0,1399040000.0
2017-02-27,'002820,桂发祥,43.05,44.26,42.9,44.26,44.36,-1.31,-2.9531,10.9196,3494278,152123526.59,5510400000.0,1377600000.0
2017-02-24,'002820,桂发祥,44.36,44.87,43.0,43.3,43.58,0.78,1.7898,14.1564,4530039,199702267.56,5678080000.0,1419520000.0
2017-02-23,'002820,桂发祥,43.58,43.9,42.26,43.43,43.64,-0.06,-0.1375,13.0587,4178795,180014361.95,5578240000.0,1394560000.0
2017-02-22,'002820,桂发祥,43.64,44.3,43.07,43.92,43.93,-0.29,-0.6601,12.3053,3937695,172200689.78,5585920000.0,1396480000.0
2017-02-21,'002820,桂发祥,43.93,44.8,43.58,43.58,43.56,0.37,0.8494,13.3264,4264463,187405785.07,5623040000.0,1405760000.0
2017-02-20,'002820,桂发祥,43.56,45.68,43.1,44.28,47.1,-3.54,-7.5159,20.68,6617594,290924770.51,5575680000.0,1393920000.0
2017-02-17,'002820,桂发祥,47.1,49.56,46.72,47.04,47.04,0.06,0.1276,41.8636,13396338,640667840.16,6028800000.0,1507200000.0
2017-02-16,'002820,桂发祥,47.04,47.04,41.6,42.5,42.76,4.28,10.0094,36.6363,11723609,525677165.31,6021120000.0,1505280000.0
2017-02-15,'002820,桂发祥,42.76,44.95,42.52,42.99,43.4,-0.64,-1.4747,20.4981,6559407,286374000.22,5473280000.0,1368320000.0
2017-02-14,'002820,桂发祥,43.4,43.86,41.57,41.82,41.92,1.48,3.5305,16.1724,5175159,221605975.47,5555200000.0,1388800000.0
2017-02-13,'002820,桂发祥,41.92,42.35,40.51,40.51,41.15,0.77,1.8712,9.443,3021754,125966438.04,5365760000.0,1341440000.0
2017-02-10,'002820,桂发祥,41.15,41.68,40.74,41.0,41.28,-0.13,-0.3149,11.0443,3534165,145794913.37,5267200000.0,1316800000.0
2017-02-09,'002820,桂发祥,41.28,41.54,40.51,40.98,40.86,0.42,1.0279,11.9981,3839381,157578914.69,5283840000.0,1320960000.0
2017-02-08,'002820,桂发祥,40.86,41.25,39.8,40.1,40.25,0.61,1.5155,8.2575,2642414,107612212.64,5230080000.0,1307520000.0
2017-02-07,'002820,桂发祥,40.25,41.03,39.71,41.02,41.06,-0.81,-1.9727,7.5773,2424730,97758196.02,5152000000.0,1288000000.0
2017-02-06,'002820,桂发祥,41.06,41.19,39.68,39.68,39.71,1.35,3.3996,10.813,3460163,140700348.88,5255680000.0,1313920000.0
2017-02-03,'002820,桂发祥,39.71,41.4,38.04,38.86,38.71,1.0,2.5833,7.8487,2511574,98896473.63,5082880000.0,1270720000.0
2017-01-26,'002820,桂发祥,38.71,39.06,38.18,38.78,38.75,-0.04,-0.1032,4.3737,1399592,54117902.36,4954880000.0,1238720000.0
2017-01-25,'002820,桂发祥,38.75,38.99,37.72,38.26,38.24,0.51,1.3337,5.2455,1678555,64766171.92,4960000000.0,1240000000.0
2017-01-24,'002820,桂发祥,38.24,39.75,38.02,38.62,38.64,-0.4,-1.0352,6.6329,2122519,82117447.02,4894720000.0,1223680000.0
2017-01-23,'002820,桂发祥,38.64,39.37,38.39,38.39,38.54,0.1,0.2595,6.6118,2115788,82146251.57,4945920000.0,1236480000.0
2017-01-20,'002820,桂发祥,38.54,38.99,36.95,37.0,37.3,1.24,3.3244,8.7814,2810061,107739034.83,4933120000.0,1233280000.0
2017-01-19,'002820,桂发祥,37.3,38.51,36.07,36.13,36.94,0.36,0.9746,8.0633,2580262,96711162.44,4774400000.0,1193600000.0
2017-01-18,'002820,桂发祥,36.94,38.2,36.91,38.1,38.52,-1.58,-4.1018,6.5559,2097882,78920667.49,4728320000.0,1182080000.0
2017-01-17,'002820,桂发祥,38.52,39.3,35.88,36.8,37.04,1.48,3.9957,11.8572,3794302,143454461.86,4930560000.0,1232640000.0
2017-01-16,'002820,桂发祥,37.04,39.8,35.7,39.29,39.62,-2.58,-6.5119,10.4877,3356060,127000253.61,4741120000.0,1185280000.0
2017-01-13,'002820,桂发祥,39.62,42.07,39.11,41.88,41.9,-2.28,-5.4415,10.1828,3258502,131063506.62,5071360000.0,1267840000.0
2017-01-12,'002820,桂发祥,41.9,43.42,41.89,42.82,42.99,-1.09,-2.5355,8.3562,2673972,113615974.07,5363200000.0,1340800000.0
2017-01-11,'002820,桂发祥,42.99,44.47,42.99,43.52,43.86,-0.87,-1.9836,6.6851,2139223,93215818.01,5502720000.0,1375680000.0
2017-01-10,'002820,桂发祥,43.86,45.1,43.8,44.25,43.97,-0.11,-0.2502,7.3866,2363700,105016388.11,5614080000.0,1403520000.0
2017-01-09,'002820,桂发祥,43.97,44.5,43.57,43.88,44.68,-0.71,-1.5891,7.8634,2516296,110640794.45,5628160000.0,1407040000.0
2017-01-06,'002820,桂发祥,44.68,48.96,44.52,48.96,49.26,-4.58,-9.2976,19.3316,6186101,286790508.78,5719040000.0,1429760000.0
2017-01-05,'002820,桂发祥,49.26,50.39,49.02,49.02,49.01,0.25,0.5101,12.3664,3957239,196817806.21,6305280000.0,1576320000.0
2017-01-04,'002820,桂发祥,49.01,49.5,48.84,49.08,49.35,-0.34,-0.689,8.3731,2679388,131563294.0,6273280000.0,1568320000.0
2017-01-03,'002820,桂发祥,49.35,49.9,48.81,49.03,49.06,0.29,0.5911,9.2027,2944866,145221104.94,6316800000.0,1579200000.0
2016-12-30,'002820,桂发祥,49.06,49.98,47.62,47.89,47.84,1.22,2.5502,11.9427,3821664,186899764.29,6279680000.0,1569920000.0
2016-12-29,'002820,桂发祥,47.84,49.17,47.61,48.0,48.72,-0.88,-1.8062,7.749,2479680,119846771.68,6123520000.0,1530880000.0
2016-12-28,'002820,桂发祥,48.72,49.94,48.66,48.85,49.15,-0.43,-0.8749,7.6922,2461498,121388973.28,6236160000.0,1559040000.0
2016-12-27,'002820,桂发祥,49.15,49.84,48.75,49.2,49.59,-0.44,-0.8873,8.2803,2649705,130451671.45,6291200000.0,1572800000.0
2016-12-26,'002820,桂发祥,49.59,49.95,47.01,47.75,48.55,1.04,2.1421,11.7094,3747005,182709758.25,6347520000.0,1586880000.0
2016-12-23,'002820,桂发祥,48.55,51.98,48.1,51.01,51.5,-2.95,-5.7282,17.1935,5501929,275304517.98,6214400000.0,1553600000.0
2016-12-22,'002820,桂发祥,51.5,53.59,51.48,53.59,53.66,-2.16,-4.0253,15.8449,5070365,264861918.97,6592000000.0,1648000000.0
2016-12-21,'002820,桂发祥,53.66,54.7,52.6,53.46,54.35,-0.69,-1.2695,16.9782,5433031,290370726.91,6868480000.0,1717120000.0
2016-12-20,'002820,桂发祥,54.35,56.95,53.48,55.6,57.99,-3.64,-6.2769,31.7142,10148528,561252263.4,6956800000.0,1739200000.0
2016-12-19,'002820,桂发祥,57.99,59.18,51.5,52.9,53.95,4.04,7.4884,39.6942,12702128,712732279.44,7422720000.0,1855680000.0
2016-12-16,'002820,桂发祥,53.95,55.34,50.06,50.55,50.51,3.44,6.8105,23.7847,7611108,398922921.23,6905600000.0,1726400000.0
2016-12-15,'002820,桂发祥,50.51,51.84,49.64,49.8,50.38,0.13,0.258,14.8199,4742355,241212143.25,6465280000.0,1616320000.0
2016-12-14,'002820,桂发祥,50.38,52.74,50.3,51.88,52.8,-2.42,-4.5833,16.7633,5364242,275953386.08,6448640000.0,1612160000.0
2016-12-13,'002820,桂发祥,52.8,54.13,50.0,51.4,52.32,0.48,0.9174,22.327,7144650,373167010.95,6758400000.0,1689600000.0
2016-12-12,'002820,桂发祥,52.32,57.47,52.32,56.94,58.13,-5.81,-9.9948,26.7525,8560804,463368343.71,6696960000.0,1674240000.0
2016-12-09,'002820,桂发祥,58.13,61.27,58.02,61.03,62.94,-4.81,-7.6422,32.8534,10513083,622855710.65,7440640000.0,1860160000.0
2016-12-08,'002820,桂发祥,62.94,66.18,62.18,62.18,61.91,1.03,1.6637,38.8531,12433000,797141383.65,8056320000.0,2014080000.0
2016-12-07,'002820,桂发祥,61.91,63.4,60.66,62.8,63.72,-1.81,-2.8406,31.092,9949430,616776458.64,7924480000.0,1981120000.0
2016-12-06,'002820,桂发祥,63.72,64.77,60.0,62.0,65.4,-1.68,-2.5688,38.684,12378879,773097831.96,8156160000.0,2039040000.0
2016-12-05,'002820,桂发祥,65.4,68.19,63.51,68.19,61.99,3.41,5.5009,58.8478,18831283,1248085342.17,8371200000.0,2092800000.0
2016-12-02,'002820,桂发祥,61.99,61.99,61.99,61.99,56.35,5.64,10.0089,0.5598,179124,11103896.76,7934720000.0,1983680000.0
2016-12-01,'002820,桂发祥,56.35,56.35,56.35,56.35,51.23,5.12,9.9941,0.4602,147264,8298326.4,7212800000.0,1803200000.0
2016-11-30,'002820,桂发祥,51.23,51.23,51.23,51.23,46.57,4.66,10.0064,0.2484,79500,4072785.0,6557440000.0,1639360000.0
2016-11-29,'002820,桂发祥,46.57,46.57,46.57,46.57,42.34,4.23,9.9906,0.1293,41382,1927159.74,5960960000.0,1490240000.0
2016-11-28,'002820,桂发祥,42.34,42.34,42.34,42.34,38.49,3.85,10.0026,0.064,20473,866826.82,5419520000.0,1354880000.0
2016-11-25,'002820,桂发祥,38.49,38.49,38.49,38.49,34.99,3.5,10.0029,0.0574,18372,707138.28,4926720000.0,1231680000.0
2016-11-24,'002820,桂发祥,34.99,34.99,34.99,34.99,31.81,3.18,9.9969,0.0225,7200,251928.0,4478720000.0,1119680000.0
2016-11-23,'002820,桂发祥,31.81,31.81,31.81,31.81,28.92,2.89,9.9931,0.0203,6500,206765.0,4071680000.0,1017920000.0
2016-11-22,'002820,桂发祥,28.92,28.92,28.92,28.92,26.29,2.63,10.0038,0.0131,4200,121464.0,3701760000.0,925440000.0
2016-11-21,'002820,桂发祥,26.29,26.29,26.29,26.29,23.9,2.39,10.0,0.0198,6344,166783.76,3365120000.0,841280000.0
2016-11-18,'002820,N桂发祥,23.9,23.9,19.92,19.92,16.6,7.3,43.9759,0.0472,15100,359497.0,3059200000.0,764800000.0
