日期,股票代码,名称,收盘价,最高价,最低价,开盘价,前收盘,涨跌额,涨跌幅,换手率,成交量,成交金额,总市值,流通市值
2017-05-15,'002810,山东赫达,36.21,36.48,35.7,36.18,36.18,0.03,0.0829,3.0978,742845,26748817.69,3460227600.0,868315800.0
2017-05-12,'002810,山东赫达,36.18,36.8,35.85,36.24,36.5,-0.32,-0.8767,4.2082,1009125,36601975.95,3457360800.0,867596400.0
2017-05-11,'002810,山东赫达,36.5,36.5,34.39,35.8,35.59,0.91,2.5569,5.0158,1202785,42496871.74,3487940000.0,875270000.0
2017-05-10,'002810,山东赫达,35.59,37.87,34.74,34.74,34.73,0.86,2.4762,7.1532,1715336,61877892.6,3400980400.0,853448200.0
2017-05-09,'002810,山东赫达,34.73,35.18,33.62,34.15,34.15,0.58,1.6984,2.5367,608306,20972053.1,3318798800.0,832825400.0
2017-05-08,'002810,山东赫达,34.15,35.17,34.13,35.01,35.17,-1.02,-2.9002,2.7685,663897,23107788.78,3263374000.0,818917000.0
2017-05-05,'002810,山东赫达,35.17,36.28,35.12,35.81,35.6,-0.43,-1.2079,3.2362,776050,27768451.51,3360845200.0,843376600.0
2017-05-04,'002810,山东赫达,35.6,36.89,35.01,36.8,36.68,-1.08,-2.9444,3.4398,824854,29726344.3,3401936000.0,853688000.0
2017-05-03,'002810,山东赫达,36.68,37.07,36.01,36.65,36.76,-0.08,-0.2176,3.2888,788648,28885760.99,3505140800.0,879586400.0
2017-05-02,'002810,山东赫达,36.76,37.2,36.3,36.82,36.82,-0.06,-0.163,3.0937,741880,27192559.34,3512785600.0,881504800.0
2017-04-28,'002810,山东赫达,36.82,37.3,36.03,36.1,36.72,0.1,0.2723,5.2781,1265681,46353392.14,3518519200.0,882943600.0
2017-04-27,'002810,山东赫达,36.72,36.85,34.17,35.47,35.7,1.02,2.8571,7.8983,1894013,67469754.01,3508963200.0,880545600.0
2017-04-26,'002810,山东赫达,35.7,36.29,35.08,35.15,35.43,0.27,0.7621,4.2067,1008764,36101265.26,3411492000.0,856086000.0
2017-04-25,'002810,山东赫达,35.43,35.99,34.99,34.99,35.07,0.36,1.0265,3.6404,872959,31058734.09,3385690800.0,849611400.0
2017-04-24,'002810,山东赫达,35.07,35.28,34.23,35.04,35.5,-0.43,-1.2113,2.4854,596007,20718257.26,3351289200.0,840978600.0
2017-04-21,'002810,山东赫达,35.5,35.76,34.8,35.2,35.59,-0.09,-0.2529,2.6765,641823,22673059.68,3392380000.0,851290000.0
2017-04-20,'002810,山东赫达,35.59,36.19,34.41,35.8,35.61,-0.02,-0.0562,4.6604,1117558,39476062.72,3400980400.0,853448200.0
2017-04-19,'002810,山东赫达,35.61,35.95,34.2,34.72,34.18,1.43,4.1837,4.9998,1198957,42063830.33,3402891600.0,853927800.0
2017-04-18,'002810,山东赫达,34.18,37.05,34.18,36.6,36.68,-2.5,-6.8157,5.531,1326339,47489772.29,3266240800.0,819636400.0
2017-04-17,'002810,山东赫达,36.68,38.9,36.09,38.88,40.1,-3.42,-8.5287,8.3687,2006813,74186728.0,3505140800.0,879586400.0
2017-04-14,'002810,山东赫达,40.1,41.56,39.51,40.86,40.86,-0.76,-1.86,3.7558,900643,36527757.75,3831956000.0,961598000.0
2017-04-13,'002810,山东赫达,40.86,41.36,40.46,40.46,40.46,0.4,0.9886,3.5757,857441,35230177.35,3904581600.0,979822800.0
2017-04-12,'002810,山东赫达,40.46,41.64,40.2,41.3,41.44,-0.98,-2.3649,4.6239,1108800,45387001.34,3866357600.0,970230800.0
2017-04-11,'002810,山东赫达,41.44,41.46,39.85,39.85,39.75,1.69,4.2516,6.2956,1509684,61583291.95,3960006400.0,993731200.0
2017-04-10,'002810,山东赫达,39.75,43.6,39.6,43.17,43.6,-3.85,-8.8303,8.7229,2091746,85651871.53,3798510000.0,953205000.0
2017-04-07,'002810,山东赫达,43.6,44.95,43.51,44.94,44.65,-1.05,-2.3516,4.8905,1172742,51854152.17,4166416000.0,1045528000.0
2017-04-06,'002810,山东赫达,44.65,45.2,44.08,44.48,44.75,-0.1,-0.2235,6.9362,1663307,74299398.13,4266754000.0,1070707000.0
2017-04-05,'002810,山东赫达,44.75,45.81,43.52,43.86,44.24,0.51,1.1528,9.0377,2167229,97314324.06,4276310000.0,1073105000.0
2017-03-31,'002810,山东赫达,44.24,44.58,43.3,43.3,43.7,0.54,1.2357,6.6908,1604442,70761623.36,4227574400.0,1060875200.0
2017-03-30,'002810,山东赫达,43.7,45.7,43.15,45.7,45.71,-2.01,-4.3973,10.7423,2576014,113469005.03,4175972000.0,1047926000.0
2017-03-29,'002810,山东赫达,45.71,50.48,45.68,50.41,50.68,-4.97,-9.8066,14.9588,3587131,170994805.07,4368047600.0,1096125800.0
2017-03-28,'002810,山东赫达,50.68,51.9,50.51,50.97,51.11,-0.43,-0.8413,10.4216,2499106,127990647.48,4842980800.0,1215306400.0
2017-03-27,'002810,山东赫达,51.11,51.38,49.66,50.99,51.47,-0.36,-0.6994,11.4159,2737525,138343067.69,4884071600.0,1225617800.0
2017-03-24,'002810,山东赫达,51.47,53.43,50.15,53.28,54.38,-2.91,-5.3512,23.0207,5520354,285780803.85,4918473200.0,1234250600.0
2017-03-23,'002810,山东赫达,54.38,56.15,52.1,53.65,54.79,-0.41,-0.7483,38.769,9296797,507115819.3,5196552800.0,1304032400.0
2017-03-22,'002810,山东赫达,54.79,54.79,49.28,49.48,49.81,4.98,9.998,28.2364,6771093,356928433.49,5235732400.0,1313864200.0
2017-03-21,'002810,山东赫达,49.81,50.95,49.3,50.8,49.8,0.01,0.0201,14.4089,3455262,173435239.31,4759843600.0,1194443800.0
2017-03-20,'002810,山东赫达,49.8,49.8,47.25,47.84,48.61,1.19,2.4481,11.5453,2768551,135508415.26,4758888000.0,1194204000.0
2017-03-17,'002810,山东赫达,48.61,49.8,48.05,48.3,48.59,0.02,0.0412,11.3171,2713846,132423798.85,4645171600.0,1165667800.0
2017-03-16,'002810,山东赫达,48.59,49.15,48.13,48.5,48.19,0.4,0.83,12.0536,2890462,140246596.69,4643260400.0,1165188200.0
2017-03-15,'002810,山东赫达,48.19,48.86,48.0,48.35,48.8,-0.61,-1.25,6.6741,1600452,77450789.62,4605036400.0,1155596200.0
2017-03-14,'002810,山东赫达,48.8,48.98,47.53,47.53,47.83,0.97,2.028,14.5065,3478666,168201574.95,4663328000.0,1170224000.0
2017-03-13,'002810,山东赫达,47.83,48.2,46.4,47.32,47.44,0.39,0.8221,8.8873,2131171,101366279.97,4570634800.0,1146963400.0
2017-03-10,'002810,山东赫达,47.44,47.77,46.04,46.6,46.32,1.12,2.418,8.3601,2004760,94728101.8,4533366400.0,1137611200.0
2017-03-09,'002810,山东赫达,46.32,47.28,46.0,47.28,47.12,-0.8,-1.6978,5.3938,1293445,59888430.65,4426339200.0,1110753600.0
2017-03-08,'002810,山东赫达,47.12,48.01,46.99,47.02,46.97,0.15,0.3194,6.103,1463497,69308102.5,4502787200.0,1129937600.0
2017-03-07,'002810,山东赫达,46.97,48.28,46.75,47.5,47.53,-0.56,-1.1782,10.1959,2444983,115908637.63,4488453200.0,1126340600.0
2017-03-06,'002810,山东赫达,47.53,48.47,44.3,44.36,44.47,3.06,6.881,13.3413,3199251,148140220.3,4541966800.0,1139769400.0
2017-03-03,'002810,山东赫达,44.47,44.85,43.8,44.74,44.7,-0.23,-0.5145,5.467,1310982,57945869.82,4249553200.0,1066390600.0
2017-03-02,'002810,山东赫达,44.7,45.57,44.64,45.3,45.43,-0.73,-1.6069,3.9901,956833,43031438.54,4271532000.0,1071906000.0
2017-03-01,'002810,山东赫达,45.43,45.83,45.15,45.16,45.05,0.38,0.8435,4.3413,1041041,47384431.68,4341290800.0,1089411400.0
2017-02-28,'002810,山东赫达,45.05,45.18,44.3,45.16,44.96,0.09,0.2002,4.2486,1018819,45609982.31,4304978000.0,1080299000.0
2017-02-27,'002810,山东赫达,44.96,45.88,44.88,45.48,45.71,-0.75,-1.6408,4.0905,980890,44493570.96,4296377600.0,1078140800.0
2017-02-24,'002810,山东赫达,45.71,46.29,45.21,45.8,45.7,0.01,0.0219,4.9597,1189341,54449934.07,4368047600.0,1096125800.0
2017-02-23,'002810,山东赫达,45.7,46.4,44.54,45.97,45.97,-0.27,-0.5873,6.339,1520093,68686318.15,4367092000.0,1095886000.0
2017-02-22,'002810,山东赫达,45.97,47.8,45.68,46.91,47.37,-1.4,-2.9555,9.7703,2342925,108760972.12,4392893200.0,1102360600.0
2017-02-21,'002810,山东赫达,47.37,47.95,46.0,46.68,46.95,0.42,0.8946,16.7737,4022336,189802647.86,4526677200.0,1135932600.0
2017-02-20,'002810,山东赫达,46.95,47.6,44.67,46.5,46.5,0.45,0.9677,17.2865,4145306,192356174.86,4486542000.0,1125861000.0
2017-02-17,'002810,山东赫达,46.5,47.2,45.15,45.52,45.85,0.65,1.4177,12.8063,3070954,141499960.62,4443540000.0,1115070000.0
2017-02-16,'002810,山东赫达,45.85,46.97,44.61,46.97,46.63,-0.78,-1.6727,8.3927,2012581,92388176.44,4381426000.0,1099483000.0
2017-02-15,'002810,山东赫达,46.63,48.2,44.4,44.4,44.61,2.02,4.5281,17.0542,4089593,188330915.51,4455962800.0,1118187400.0
2017-02-14,'002810,山东赫达,44.61,45.04,43.06,43.65,43.6,1.01,2.3165,10.0524,2410562,106994769.1,4262931600.0,1069747800.0
2017-02-13,'002810,山东赫达,43.6,44.09,42.31,42.78,42.81,0.79,1.8454,6.0254,1444887,62733148.87,4166416000.0,1045528000.0
2017-02-10,'002810,山东赫达,42.81,43.5,42.6,43.03,43.33,-0.52,-1.2001,4.6179,1107365,47552784.56,4090923600.0,1026583800.0
2017-02-09,'002810,山东赫达,43.33,43.45,42.18,42.49,42.54,0.79,1.8571,6.9071,1656328,71300189.12,4140614800.0,1039053400.0
2017-02-08,'002810,山东赫达,42.54,42.6,41.14,41.46,41.36,1.18,2.853,5.682,1362539,57184960.16,4065122400.0,1020109200.0
2017-02-07,'002810,山东赫达,41.36,42.13,41.0,42.07,41.93,-0.57,-1.3594,3.6156,867022,35979980.0,3952361600.0,991812800.0
2017-02-06,'002810,山东赫达,41.93,42.06,40.74,41.0,40.72,1.21,2.9715,4.247,1018439,42343436.0,4006830800.0,1005481400.0
2017-02-03,'002810,山东赫达,40.72,41.87,40.4,41.87,41.59,-0.87,-2.0918,2.3525,564131,23049635.21,3891203200.0,976465600.0
2017-01-26,'002810,山东赫达,41.59,42.55,41.22,42.55,42.09,-0.5,-1.1879,4.3098,1033500,43174218.93,3974340400.0,997328200.0
2017-01-25,'002810,山东赫达,42.09,43.4,41.2,41.7,41.85,0.24,0.5735,5.0841,1219159,51485447.25,4022120400.0,1009318200.0
2017-01-24,'002810,山东赫达,41.85,43.04,41.5,43.04,43.05,-1.2,-2.7875,4.13,990369,41572508.82,3999186000.0,1003563000.0
2017-01-23,'002810,山东赫达,43.05,44.35,42.7,43.6,43.55,-0.5,-1.1481,8.4849,2034676,88059655.49,4113858000.0,1032339000.0
2017-01-20,'002810,山东赫达,43.55,43.99,39.38,39.82,40.03,3.52,8.7934,9.1372,2191093,92743385.13,4161638000.0,1044329000.0
2017-01-19,'002810,山东赫达,40.03,40.54,39.12,39.2,39.59,0.44,1.1114,3.3978,814784,32659798.42,3825266800.0,959919400.0
2017-01-18,'002810,山东赫达,39.59,40.99,39.59,40.59,41.37,-1.78,-4.3026,2.6743,641294,25856217.55,3783220400.0,949368200.0
2017-01-17,'002810,山东赫达,41.37,41.59,38.67,40.01,40.01,1.36,3.3992,4.9541,1187992,48099153.95,3953317200.0,992052600.0
2017-01-16,'002810,山东赫达,40.01,43.41,39.25,43.41,43.55,-3.54,-8.1286,6.4812,1554187,64780436.06,3823355600.0,959439800.0
2017-01-13,'002810,山东赫达,43.55,44.39,43.37,44.21,44.28,-0.73,-1.6486,5.0712,1216071,53368757.63,4161638000.0,1044329000.0
2017-01-12,'002810,山东赫达,44.28,44.99,43.88,44.38,44.3,-0.02,-0.0451,3.6858,883864,39310646.24,4231396800.0,1061834400.0
2017-01-11,'002810,山东赫达,44.3,45.94,44.22,45.7,46.06,-1.76,-3.8211,4.6164,1107009,49830873.56,4233308000.0,1062314000.0
2017-01-10,'002810,山东赫达,46.06,46.8,45.7,46.14,46.6,-0.54,-1.1588,3.5077,841149,38919270.32,4401493600.0,1104518800.0
2017-01-09,'002810,山东赫达,46.6,46.9,44.33,45.93,46.29,0.31,0.6697,6.4548,1547855,70722113.13,4453096000.0,1117468000.0
2017-01-06,'002810,山东赫达,46.29,49.5,44.2,49.5,49.11,-2.82,-5.7422,8.3229,1995837,93762764.77,4423472400.0,1110034200.0
2017-01-05,'002810,山东赫达,49.11,50.3,49.0,50.08,50.09,-0.98,-1.9565,3.4604,829794,41270119.3,4692951600.0,1177657800.0
2017-01-04,'002810,山东赫达,50.09,50.26,49.49,49.74,49.74,0.35,0.7037,4.0377,968240,48354216.82,4786600400.0,1201158200.0
2017-01-03,'002810,山东赫达,49.74,49.95,48.72,48.72,48.7,1.04,2.1355,3.405,816515,40401230.86,4753154400.0,1192765200.0
2016-12-30,'002810,山东赫达,48.7,49.9,48.32,49.45,49.47,-0.77,-1.5565,3.9708,952201,46588966.51,4653772000.0,1167826000.0
2016-12-29,'002810,山东赫达,49.47,50.24,49.4,49.55,49.65,-0.18,-0.3625,2.4888,596819,29709027.46,4727353200.0,1186290600.0
2016-12-28,'002810,山东赫达,49.65,50.45,49.55,49.9,50.17,-0.52,-1.0365,2.5813,619001,30946372.34,4744554000.0,1190607000.0
2016-12-27,'002810,山东赫达,50.17,50.9,50.06,50.5,50.38,-0.21,-0.4168,3.1822,763080,38470122.87,4794245200.0,1203076600.0
2016-12-26,'002810,山东赫达,50.38,50.55,48.2,48.91,49.49,0.89,1.7983,3.9945,957890,47378711.92,4814312800.0,1208112400.0
2016-12-23,'002810,山东赫达,49.49,51.95,49.38,51.08,52.3,-2.81,-5.3728,6.5049,1559868,78730752.23,4729264400.0,1186770200.0
2016-12-22,'002810,山东赫达,52.3,53.84,51.72,52.17,52.4,-0.1,-0.1908,7.7221,1851763,97712478.41,4997788000.0,1254154000.0
2016-12-21,'002810,山东赫达,52.4,52.95,50.26,50.41,50.2,2.2,4.3825,9.2526,2218777,114185145.64,5007344000.0,1256552000.0
2016-12-20,'002810,山东赫达,50.2,50.78,49.83,49.88,50.27,-0.07,-0.1392,4.1377,992220,49907144.62,4797112000.0,1203796000.0
2016-12-19,'002810,山东赫达,50.27,50.58,49.5,50.0,50.19,0.08,0.1594,4.6821,1122762,56332545.48,4803801200.0,1205474600.0
2016-12-16,'002810,山东赫达,50.19,50.35,49.45,49.5,49.71,0.48,0.9656,5.3732,1288498,64311417.34,4796156400.0,1203556200.0
2016-12-15,'002810,山东赫达,49.71,50.58,48.66,49.01,49.01,0.7,1.4283,6.586,1579312,78731191.88,4750287600.0,1192045800.0
2016-12-14,'002810,山东赫达,49.16,50.82,48.4,49.43,49.43,-0.27,-0.5462,8.3029,1991036,98559680.93,4697729600.0,1178856800.0
2016-12-13,'002810,山东赫达,49.43,49.95,47.9,48.51,49.1,0.33,0.6721,6.7847,1626983,79842744.68,4723530800.0,1185331400.0
2016-12-12,'002810,山东赫达,49.1,54.5,49.1,54.5,54.55,-5.45,-9.9908,9.3523,2242675,114459036.55,4691996000.0,1177418000.0
2016-12-09,'002810,山东赫达,54.55,55.23,53.48,55.23,55.12,-0.57,-1.0341,6.5745,1576557,85750832.91,5212798000.0,1308109000.0
2016-12-08,'002810,山东赫达,55.12,56.87,54.83,56.61,56.65,-1.53,-2.7008,5.8585,1404857,78514675.46,5267267200.0,1321777600.0
2016-12-07,'002810,山东赫达,56.65,56.65,55.05,55.91,55.95,0.7,1.2511,5.8473,1402187,78321196.38,5413474000.0,1358467000.0
2016-12-06,'002810,山东赫达,55.95,56.73,55.71,55.71,55.63,0.32,0.5752,4.8256,1157173,65095651.77,5346582000.0,1341681000.0
2016-12-05,'002810,山东赫达,55.63,57.4,54.4,55.0,56.78,-1.15,-2.0254,5.6445,1353552,76035260.51,5316002800.0,1334007400.0
2016-12-02,'002810,山东赫达,56.78,60.18,56.78,59.99,60.11,-3.33,-5.5398,10.7758,2584045,150232406.45,5425896800.0,1361584400.0
2016-12-01,'002810,山东赫达,60.11,60.8,59.0,59.0,58.97,1.14,1.9332,8.279,1985313,119097940.33,5744111600.0,1441437800.0
2016-11-30,'002810,山东赫达,58.97,59.78,57.86,59.17,59.95,-0.98,-1.6347,9.8673,2366168,139296691.15,5635173200.0,1414100600.0
2016-11-29,'002810,山东赫达,59.95,61.5,59.8,60.39,59.99,-0.04,-0.0667,11.2435,2696201,163378298.82,5728822000.0,1437601000.0
2016-11-28,'002810,山东赫达,59.99,61.9,59.88,61.9,62.25,-2.26,-3.6305,8.4442,2024920,123396306.44,5732644400.0,1438560200.0
2016-11-25,'002810,山东赫达,62.25,62.6,58.6,61.8,62.4,-0.15,-0.2404,13.8963,3332328,202689325.72,5948610000.0,1492755000.0
2016-11-24,'002810,山东赫达,62.4,64.63,61.79,62.2,62.68,-0.28,-0.4467,15.3693,3685560,233529795.95,5962944000.0,1496352000.0
2016-11-23,'002810,山东赫达,62.68,64.5,62.0,64.0,64.48,-1.8,-2.7916,15.8282,3795599,240364688.54,5989700800.0,1503066400.0
2016-11-22,'002810,山东赫达,64.48,64.88,62.1,62.1,61.86,2.62,4.2354,22.1399,5309145,337619396.69,6161708800.0,1546230400.0
2016-11-21,'002810,山东赫达,61.86,62.02,59.0,59.88,59.88,1.98,3.3066,16.8339,4036758,245807985.68,5911341600.0,1483402800.0
2016-11-18,'002810,山东赫达,59.88,61.57,59.05,59.44,58.86,1.02,1.7329,13.1758,3159560,191324131.75,5722132800.0,1435922400.0
2016-11-17,'002810,山东赫达,58.86,60.0,58.11,59.61,59.7,-0.84,-1.407,9.1804,2201451,130013238.72,5624661600.0,1411462800.0
2016-11-16,'002810,山东赫达,59.7,62.86,58.85,62.2,62.42,-2.72,-4.3576,19.3964,4651262,279946235.16,5704932000.0,1431606000.0
2016-11-15,'002810,山东赫达,62.42,63.97,62.08,63.95,64.0,-1.58,-2.4688,12.7567,3059045,192193953.05,5964855200.0,1496831600.0
2016-11-14,'002810,山东赫达,64.0,65.0,62.01,62.2,62.91,1.09,1.7326,17.582,4216169,267235767.06,6115840000.0,1534720000.0
2016-11-11,'002810,山东赫达,62.91,66.5,62.6,65.3,65.49,-2.58,-3.9395,26.6603,6393143,411479919.56,6011679600.0,1508581800.0
2016-11-10,'002810,山东赫达,65.49,68.3,62.6,63.18,63.15,2.34,3.7055,34.3751,8243151,536344020.12,6258224400.0,1570450200.0
2016-11-09,'002810,山东赫达,63.15,64.2,59.66,60.9,61.2,1.95,3.1863,30.6543,7350906,456419580.87,6034614000.0,1514337000.0
2016-11-08,'002810,山东赫达,61.2,61.88,58.6,59.05,59.14,2.06,3.4833,21.9048,5252782,316448306.62,5848272000.0,1467576000.0
2016-11-07,'002810,山东赫达,59.14,60.98,58.6,59.15,58.77,0.37,0.6296,16.7613,4019354,239608207.5,5651418400.0,1418177200.0
2016-11-04,'002810,山东赫达,58.77,59.37,56.63,56.88,57.02,1.75,3.0691,19.3392,4637529,269631129.44,5616061200.0,1409304600.0
2016-11-03,'002810,山东赫达,57.02,59.65,56.89,57.91,58.5,-1.48,-2.5299,22.3066,5349120,311108525.9,5448831200.0,1367339600.0
2016-11-02,'002810,山东赫达,58.5,59.86,57.0,57.24,57.6,0.9,1.5625,21.878,5246353,306176555.65,5590260000.0,1402830000.0
2016-11-01,'002810,山东赫达,57.6,58.67,56.61,56.61,56.61,0.99,1.7488,19.9576,4785834,276426448.32,5504256000.0,1381248000.0
2016-10-31,'002810,山东赫达,56.61,59.0,56.5,59.0,60.15,-3.54,-5.8853,20.5892,4937297,283459806.97,5409651600.0,1357507800.0
2016-10-28,'002810,山东赫达,60.15,63.0,59.0,61.01,61.96,-1.81,-2.9212,35.8978,8608284,526484600.52,5747934000.0,1442397000.0
2016-10-27,'002810,山东赫达,61.96,63.49,56.68,58.0,58.44,3.52,6.0233,38.6673,9272410,555384266.0,5920897600.0,1485800800.0
2016-10-26,'002810,山东赫达,58.44,59.99,55.08,55.55,55.56,2.88,5.1836,35.4622,8503830,492508248.21,5584526400.0,1401391200.0
2016-10-25,'002810,山东赫达,55.56,57.75,53.97,54.0,53.97,1.59,2.9461,31.3052,7506995,420296760.37,5309313600.0,1332328800.0
2016-10-24,'002810,山东赫达,53.97,54.97,53.11,53.5,53.69,0.28,0.5215,12.9932,3115778,168166408.67,5157373200.0,1294200600.0
2016-10-21,'002810,山东赫达,53.69,54.1,52.0,53.0,53.17,0.52,0.978,13.8264,3315582,176137735.87,5130616400.0,1287486200.0
2016-10-20,'002810,山东赫达,53.17,54.2,52.71,54.0,54.18,-1.01,-1.8642,15.9442,3823416,203402646.31,5080925200.0,1275016600.0
2016-10-19,'002810,山东赫达,54.18,55.79,53.84,53.84,54.23,-0.05,-0.0922,21.892,5249703,286909190.88,5177440800.0,1299236400.0
2016-10-18,'002810,山东赫达,54.23,54.4,52.52,52.64,52.94,1.29,2.4367,13.9818,3352846,179037559.51,5182218800.0,1300435400.0
2016-10-17,'002810,山东赫达,52.94,54.88,52.88,54.34,54.69,-1.75,-3.1999,16.94,4062201,218685070.64,5058946400.0,1269501200.0
2016-10-14,'002810,山东赫达,54.69,54.69,51.6,52.12,52.9,1.79,3.3837,21.0672,5051923,270328096.56,5226176400.0,1311466200.0
2016-10-13,'002810,山东赫达,52.9,54.97,52.58,53.11,53.45,-0.55,-1.029,19.3415,4638080,249142934.21,5055124000.0,1268542000.0
2016-10-12,'002810,山东赫达,53.45,53.86,52.23,53.2,54.1,-0.65,-1.2015,20.0695,4812671,255679025.81,5107682000.0,1281731000.0
2016-10-11,'002810,山东赫达,54.1,54.7,51.31,51.79,51.83,2.27,4.3797,29.1857,6998727,373010374.8,5169796000.0,1297318000.0
2016-10-10,'002810,山东赫达,51.83,52.19,49.3,49.99,49.18,2.65,5.3884,18.3309,4395752,224450967.03,4952874800.0,1242883400.0
2016-09-30,'002810,山东赫达,49.18,50.45,48.7,50.0,51.55,-2.37,-4.5975,21.356,5121175,253468150.48,4699640800.0,1179336400.0
2016-09-29,'002810,山东赫达,51.55,53.87,51.45,52.4,52.0,-0.45,-0.8654,31.4914,7551636,394888747.37,4926118000.0,1236169000.0
2016-09-28,'002810,山东赫达,52.0,53.16,48.1,49.35,49.35,2.65,5.3698,35.4076,8490754,435364778.61,4969120000.0,1246960000.0
2016-09-27,'002810,山东赫达,49.35,49.56,47.88,47.88,48.37,0.98,2.026,17.2744,4142411,202126964.45,4715886000.0,1183413000.0
2016-09-26,'002810,山东赫达,48.37,52.19,48.04,51.85,53.13,-4.76,-8.9592,28.8423,6916393,346717175.96,4622237200.0,1159912600.0
2016-09-23,'002810,山东赫达,53.13,55.8,53.01,54.88,55.44,-2.31,-4.1667,26.6849,6399044,347537910.99,5077102800.0,1274057400.0
2016-09-22,'002810,山东赫达,55.44,56.44,53.15,55.0,55.92,-0.48,-0.8584,41.7394,10009100,548668799.06,5297846400.0,1329451200.0
2016-09-21,'002810,山东赫达,55.92,59.68,55.8,59.01,59.63,-3.71,-6.2217,55.2972,13260275,761750844.04,5343715200.0,1340961600.0
2016-09-20,'002810,山东赫达,59.63,59.63,59.63,59.63,54.21,5.42,9.9982,5.2825,1266740,75535706.2,5698242800.0,1429927400.0
2016-09-19,'002810,山东赫达,54.21,54.21,54.21,54.21,49.28,4.93,10.0041,0.5833,139872,7582461.12,5180307600.0,1299955800.0
2016-09-14,'002810,山东赫达,49.28,49.28,49.28,49.28,44.8,4.48,10.0,0.2651,63560,3132236.8,4709196800.0,1181734400.0
2016-09-13,'002810,山东赫达,44.8,44.8,44.8,44.8,40.73,4.07,9.9926,0.2023,48516,2173516.8,4281088000.0,1074304000.0
2016-09-12,'002810,山东赫达,40.73,40.73,40.73,40.73,37.03,3.7,9.9919,0.3024,72514,2953495.22,3892158800.0,976705400.0
2016-09-09,'002810,山东赫达,37.03,37.03,37.03,37.03,33.66,3.37,10.0119,0.1088,26100,966483.0,3538586800.0,887979400.0
2016-09-08,'002810,山东赫达,33.66,33.66,33.66,33.66,30.6,3.06,10.0,0.0878,21048,708475.68,3216549600.0,807166800.0
2016-09-07,'002810,山东赫达,30.6,30.6,30.6,30.6,27.82,2.78,9.9928,0.084,20145,616437.0,2924136000.0,733788000.0
2016-09-06,'002810,山东赫达,27.82,27.82,27.82,27.82,25.29,2.53,10.004,0.0254,6100,169702.0,2658479200.0,667123600.0
2016-09-05,'002810,山东赫达,25.29,25.29,25.29,25.29,22.99,2.3,10.0043,0.0267,6400,161856.0,2416712400.0,606454200.0
2016-09-02,'002810,山东赫达,22.99,22.99,22.99,22.99,20.9,2.09,10.0,0.0111,2653,60992.47,2196924400.0,551300200.0
2016-09-01,'002810,山东赫达,20.9,20.9,20.9,20.9,19.0,1.9,10.0,0.0194,4655,97289.5,1997204000.0,501182000.0
2016-08-31,'002810,山东赫达,19.0,19.0,19.0,19.0,17.27,1.73,10.0174,0.0157,3759,71421.0,1815640000.0,455620000.0
2016-08-30,'002810,山东赫达,17.27,17.27,17.27,17.27,15.7,1.57,10.0,0.0083,2000,34540.0,1650321200.0,414134600.0
2016-08-29,'002810,山东赫达,15.7,15.7,15.7,15.7,14.27,1.43,10.021,0.0128,3058,48010.6,1500292000.0,376486000.0
2016-08-26,'002810,N赫达,14.27,14.27,11.89,11.89,9.91,4.36,43.996,0.0472,11327,159589.34,1363641200.0,342194600.0
2016-08-16,'002810,山东赫达,0.0,0.0,0.0,0.0,9.91,None,None,0.0,0,0.0,709357800.0,0.0
