日期,股票代码,名称,收盘价,最高价,最低价,开盘价,前收盘,涨跌额,涨跌幅,换手率,成交量,成交金额,总市值,流通市值
2017-05-15,'002863,今飞凯达,20.66,21.2,19.98,20.26,20.6,0.06,0.2913,30.3528,16845814,348035934.84,4576190000.0,1146630000.0
2017-05-12,'002863,今飞凯达,20.6,20.88,19.15,19.58,19.89,0.71,3.5696,31.0813,17250110,346226846.32,4562900000.0,1143300000.0
2017-05-11,'002863,今飞凯达,19.89,20.28,18.6,19.6,20.2,-0.31,-1.5347,29.6224,16440447,318297379.26,4405635000.0,1103895000.0
2017-05-10,'002863,今飞凯达,20.2,21.5,19.51,21.3,21.31,-1.11,-5.2088,32.0996,17815289,367982696.39,4474300000.0,1121100000.0
2017-05-09,'002863,今飞凯达,21.31,21.42,19.81,20.3,20.85,0.46,2.2062,30.6066,16986672,354356425.46,4720165000.0,1182705000.0
2017-05-08,'002863,今飞凯达,20.85,22.1,20.85,21.8,23.17,-2.32,-10.0129,34.0471,18896163,399610061.47,4618275000.0,1157175000.0
2017-05-05,'002863,今飞凯达,23.17,24.77,23.04,24.77,22.53,0.64,2.8407,59.6503,33105918,787411396.75,5132155000.0,1285935000.0
2017-05-04,'002863,今飞凯达,22.53,22.53,22.53,22.53,20.48,2.05,10.0098,1.4437,801254,18052252.62,4990395000.0,1250415000.0
2017-05-03,'002863,今飞凯达,20.48,20.48,20.48,20.48,18.62,1.86,9.9893,0.8983,498554,10210385.92,4536320000.0,1136640000.0
2017-05-02,'002863,今飞凯达,18.62,18.62,18.62,18.62,16.93,1.69,9.9823,0.2214,122892,2288249.04,4124330000.0,1033410000.0
2017-04-28,'002863,今飞凯达,16.93,16.93,16.93,16.93,15.39,1.54,10.0065,0.1938,107580,1821329.4,3749995000.0,939615000.0
2017-04-27,'002863,今飞凯达,15.39,15.39,15.39,15.39,13.99,1.4,10.0071,0.2819,156433,2407503.87,3408885000.0,854145000.0
2017-04-26,'002863,今飞凯达,13.99,13.99,13.99,13.99,12.72,1.27,9.9843,0.0812,45046,630193.54,3098785000.0,776445000.0
2017-04-25,'002863,今飞凯达,12.72,12.72,12.72,12.72,11.56,1.16,10.0346,0.0602,33428,425204.16,2817480000.0,705960000.0
2017-04-24,'002863,今飞凯达,11.56,11.56,11.56,11.56,10.51,1.05,9.9905,0.0604,33507,387340.92,2560540000.0,641580000.0
2017-04-21,'002863,今飞凯达,10.51,10.51,10.51,10.51,9.55,0.96,10.0524,0.0257,14290,150187.9,2327965000.0,583305000.0
2017-04-20,'002863,今飞凯达,9.55,9.55,9.55,9.55,8.68,0.87,10.023,0.0135,7500,71625.0,2115325000.0,530025000.0
2017-04-19,'002863,今飞凯达,8.68,8.68,8.68,8.68,7.89,0.79,10.0127,0.0108,5970,51819.6,1922620000.0,481740000.0
2017-04-18,'002863,N今飞,7.89,7.89,6.58,6.58,5.48,2.41,43.9781,0.0296,16432,128557.48,1747635000.0,437895000.0
