日期,股票代码,名称,收盘价,最高价,最低价,开盘价,前收盘,涨跌额,涨跌幅,换手率,成交量,成交金额,总市值,流通市值
2017-05-15,'002823,凯中精密,49.61,49.8,47.35,48.15,48.14,1.47,3.0536,12.8289,4618392,224723135.14,7143840000.0,1785960000.0
2017-05-12,'002823,凯中精密,48.14,48.79,46.67,47.0,47.1,1.04,2.2081,13.1985,4751452,227840698.08,6932160000.0,1733040000.0
2017-05-11,'002823,凯中精密,47.1,47.28,43.81,44.06,46.15,0.95,2.0585,8.7679,3156454,143432299.28,6782400000.0,1695600000.0
2017-05-10,'002823,凯中精密,46.15,47.95,45.51,45.8,45.96,0.19,0.4134,11.2389,4045992,190138287.78,6645600000.0,1661400000.0
2017-05-09,'002823,凯中精密,45.96,46.13,42.52,45.4,45.7,0.26,0.5689,9.7543,3511549,155723728.64,6618240000.0,1654560000.0
2017-05-08,'002823,凯中精密,45.7,48.2,45.4,47.1,47.8,-2.1,-4.3933,9.1825,3305686,155492451.25,6580800000.0,1645200000.0
2017-05-05,'002823,凯中精密,47.8,49.8,45.01,45.22,45.61,2.19,4.8016,14.5131,5224704,249124526.25,6883200000.0,1720800000.0
2017-05-04,'002823,凯中精密,45.61,46.65,45.25,46.4,47.08,-1.47,-3.1223,7.3181,2634532,121053719.38,6567840000.0,1641960000.0
2017-05-03,'002823,凯中精密,47.08,47.9,45.81,46.22,46.05,1.03,2.2367,8.7318,3143453,147616095.23,6779520000.0,1694880000.0
2017-05-02,'002823,凯中精密,46.05,46.8,45.51,46.0,46.01,0.04,0.0869,5.1236,1844511,85012243.14,6631200000.0,1657800000.0
2017-04-28,'002823,凯中精密,46.01,47.48,45.26,45.35,46.04,-0.03,-0.0652,9.3758,3375302,156480558.14,6625440000.0,1656360000.0
2017-04-27,'002823,凯中精密,46.04,47.0,41.95,42.8,43.02,3.02,7.02,13.5072,4862579,215640431.21,6629760000.0,1657440000.0
2017-04-26,'002823,凯中精密,43.02,44.35,40.26,40.3,40.5,2.52,6.2222,11.8504,4266141,182792777.96,6194880000.0,1548720000.0
2017-04-25,'002823,凯中精密,40.5,41.44,40.05,40.13,39.4,1.1,2.7919,7.5034,2701231,110051998.82,5832000000.0,1458000000.0
2017-04-24,'002823,凯中精密,39.4,41.7,39.3,41.5,43.61,-4.21,-9.6537,9.0447,3256102,131370772.7,5673600000.0,1418400000.0
2017-04-21,'002823,凯中精密,43.61,47.01,43.61,46.89,48.46,-4.85,-10.0083,12.6374,4549480,200589346.34,6279840000.0,1569960000.0
2017-04-20,'002823,凯中精密,0.0,0.0,0.0,0.0,48.46,None,None,0.0,0,0.0,6978240000.0,1744560000.0
2017-04-19,'002823,凯中精密,0.0,0.0,0.0,0.0,48.46,None,None,0.0,0,0.0,6978240000.0,1744560000.0
2017-04-18,'002823,凯中精密,0.0,0.0,0.0,0.0,48.46,None,None,0.0,0,0.0,6978240000.0,1744560000.0
2017-04-17,'002823,凯中精密,0.0,0.0,0.0,0.0,48.46,None,None,0.0,0,0.0,6978240000.0,1744560000.0
2017-04-14,'002823,凯中精密,48.46,49.27,47.03,47.8,47.81,0.65,1.3595,11.0801,3988819,192651325.39,6978240000.0,1744560000.0
2017-04-13,'002823,凯中精密,47.81,49.41,47.68,48.33,48.15,-0.34,-0.7061,8.0095,2883402,140143371.62,6884640000.0,1721160000.0
2017-04-12,'002823,凯中精密,48.15,49.47,48.0,49.47,49.6,-1.45,-2.9234,7.7856,2802827,136188001.35,6933600000.0,1733400000.0
2017-04-11,'002823,凯中精密,49.6,49.7,46.69,47.8,47.85,1.75,3.6573,13.579,4888438,235723400.13,7142400000.0,1785600000.0
2017-04-10,'002823,凯中精密,47.85,48.4,46.73,47.69,49.59,-1.74,-3.5088,16.8736,6074499,288504162.08,6890400000.0,1722600000.0
2017-04-07,'002823,凯中精密,49.59,52.48,49.2,51.9,52.06,-2.47,-4.7445,14.7438,5307776,270002492.45,7140960000.0,1785240000.0
2017-04-06,'002823,凯中精密,52.06,53.3,51.06,51.45,51.49,0.57,1.107,18.1361,6528996,342353508.87,7496640000.0,1874160000.0
2017-04-05,'002823,凯中精密,51.49,51.96,49.0,50.99,52.19,-0.7,-1.3413,15.7081,5654903,287029588.32,7414560000.0,1853640000.0
2017-03-31,'002823,凯中精密,52.19,53.53,51.68,52.35,52.58,-0.39,-0.7417,16.9872,6115405,321341668.79,7515360000.0,1878840000.0
2017-03-30,'002823,凯中精密,52.58,54.98,52.2,54.98,55.2,-2.62,-4.7464,24.9541,8983467,478319912.86,7571520000.0,1892880000.0
2017-03-29,'002823,凯中精密,55.2,58.25,54.8,57.9,58.68,-3.48,-5.9305,20.5364,7393113,422689266.26,7948800000.0,1987200000.0
2017-03-28,'002823,凯中精密,58.68,59.2,56.91,58.18,58.4,0.28,0.4795,21.7904,7844537,456530003.64,8449920000.0,2112480000.0
2017-03-27,'002823,凯中精密,58.4,60.0,57.99,59.38,60.1,-1.7,-2.8286,20.4286,7354283,431592684.91,8409600000.0,2102400000.0
2017-03-24,'002823,凯中精密,60.1,61.75,59.22,61.2,62.88,-2.78,-4.4211,31.2167,11238002,677786307.57,8654400000.0,2163600000.0
2017-03-23,'002823,凯中精密,62.88,64.3,59.68,62.5,62.54,0.34,0.5437,55.7583,20072989,1249663992.27,9054720000.0,2263680000.0
2017-03-22,'002823,凯中精密,62.54,62.54,56.51,57.0,56.85,5.69,10.0088,50.8948,18322132,1109152886.0,9005760000.0,2251440000.0
2017-03-21,'002823,凯中精密,56.85,56.85,54.28,56.33,51.68,5.17,10.0039,55.3605,19929776,1115875009.54,8186400000.0,2046600000.0
2017-03-20,'002823,凯中精密,51.68,51.68,50.06,51.3,46.98,4.7,10.0043,13.9317,5015429,257665052.35,7441920000.0,1860480000.0
2017-03-17,'002823,凯中精密,46.98,48.28,46.98,47.39,47.39,-0.41,-0.8652,14.0779,5068057,241426868.18,6765120000.0,1691280000.0
2017-03-16,'002823,凯中精密,47.39,47.66,46.07,46.07,45.95,1.44,3.1338,12.8653,4631517,218321538.57,6824160000.0,1706040000.0
2017-03-15,'002823,凯中精密,45.95,46.66,45.8,46.41,46.58,-0.63,-1.3525,7.6703,2761300,127365363.87,6616800000.0,1654200000.0
2017-03-14,'002823,凯中精密,46.58,47.43,46.3,46.41,46.59,-0.01,-0.0215,9.5976,3455136,161807791.43,6707520000.0,1676880000.0
2017-03-13,'002823,凯中精密,46.59,46.62,44.8,45.8,45.74,0.85,1.8583,8.632,3107511,142300033.14,6708960000.0,1677240000.0
2017-03-10,'002823,凯中精密,45.74,46.29,45.45,45.99,45.84,-0.1,-0.2182,7.4978,2699200,123809453.68,6586560000.0,1646640000.0
2017-03-09,'002823,凯中精密,45.84,47.39,45.68,47.39,47.44,-1.6,-3.3727,12.37,4453204,205416246.28,6600960000.0,1650240000.0
2017-03-08,'002823,凯中精密,47.44,48.3,47.07,47.07,47.32,0.12,0.2536,12.4079,4466842,212795575.68,6831360000.0,1707840000.0
2017-03-07,'002823,凯中精密,47.32,47.77,46.63,46.75,47.22,0.1,0.2118,15.0952,5434272,256328243.22,6814080000.0,1703520000.0
2017-03-06,'002823,凯中精密,47.22,48.2,45.14,48.0,48.0,-0.78,-1.625,27.405,9865783,459936572.29,6799680000.0,1699920000.0
2017-03-03,'002823,凯中精密,48.0,52.19,48.0,50.8,51.35,-3.35,-6.5239,28.4172,10230208,519786682.43,6912000000.0,1728000000.0
2017-03-02,'002823,凯中精密,51.35,52.49,49.55,50.16,50.55,0.8,1.5826,31.712,11416309,584896110.23,7394400000.0,1848600000.0
2017-03-01,'002823,凯中精密,50.55,52.26,48.45,49.65,50.09,0.46,0.9183,39.5411,14234799,719881845.56,7279200000.0,1819800000.0
2017-02-28,'002823,凯中精密,50.09,50.47,45.13,46.95,47.0,3.09,6.5745,34.7406,12506600,612546521.83,7212960000.0,1803240000.0
2017-02-27,'002823,凯中精密,47.0,52.21,46.7,52.21,47.47,-0.47,-0.9901,11.3519,4086688,198619626.86,6768000000.0,1692000000.0
2017-02-24,'002823,凯中精密,47.47,48.3,47.31,47.88,47.84,-0.37,-0.7734,8.9207,3211469,153410100.87,6835680000.0,1708920000.0
2017-02-23,'002823,凯中精密,47.84,48.79,47.6,48.2,48.29,-0.45,-0.9319,9.5981,3455302,166058216.81,6888960000.0,1722240000.0
2017-02-22,'002823,凯中精密,48.29,48.6,46.74,47.65,47.03,1.26,2.6791,16.8011,6048391,289271285.72,6953760000.0,1738440000.0
2017-02-21,'002823,凯中精密,47.03,47.46,45.63,46.44,46.44,0.59,1.2705,10.9544,3943568,183681102.32,6772320000.0,1693080000.0
2017-02-20,'002823,凯中精密,46.44,46.59,45.01,45.01,45.36,1.08,2.381,12.1927,4389374,201444896.28,6687360000.0,1671840000.0
2017-02-17,'002823,凯中精密,45.36,46.95,45.0,46.38,46.75,-1.39,-2.9733,12.3893,4460140,205114551.51,6531840000.0,1632960000.0
2017-02-16,'002823,凯中精密,46.75,47.03,44.71,45.9,45.88,0.87,1.8963,14.5845,5250435,240928513.07,6732000000.0,1683000000.0
2017-02-15,'002823,凯中精密,45.88,48.4,45.41,45.5,46.7,-0.82,-1.7559,24.152,8694730,409372762.86,6606720000.0,1651680000.0
2017-02-14,'002823,凯中精密,46.7,47.47,43.91,44.32,44.6,2.1,4.7085,19.196,6910555,317302936.49,6724800000.0,1681200000.0
2017-02-13,'002823,凯中精密,44.6,45.3,42.6,42.83,42.85,1.75,4.084,12.365,4451388,197444915.35,6422400000.0,1605600000.0
2017-02-10,'002823,凯中精密,42.85,43.76,42.84,43.76,43.86,-1.01,-2.3028,5.8677,2112378,91256834.84,6170400000.0,1542600000.0
2017-02-09,'002823,凯中精密,43.86,44.35,43.04,43.58,43.61,0.25,0.5733,8.7431,3147512,137803358.71,6315840000.0,1578960000.0
2017-02-08,'002823,凯中精密,43.61,44.4,42.8,42.8,41.96,1.65,3.9323,12.9409,4658729,203305384.65,6279840000.0,1569960000.0
2017-02-07,'002823,凯中精密,41.96,42.31,41.44,42.04,42.32,-0.36,-0.8507,6.0852,2190661,91727926.0,6042240000.0,1510560000.0
2017-02-06,'002823,凯中精密,42.32,42.36,40.0,40.1,39.99,2.33,5.8265,12.2789,4420398,183452910.78,6094080000.0,1523520000.0
2017-02-03,'002823,凯中精密,39.99,40.05,39.2,40.05,40.0,-0.01,-0.025,3.5789,1288402,51185075.42,5758560000.0,1439640000.0
2017-01-26,'002823,凯中精密,40.0,40.79,39.86,40.55,40.28,-0.28,-0.6951,3.9272,1413782,56669191.83,5760000000.0,1440000000.0
2017-01-25,'002823,凯中精密,40.28,40.55,39.74,39.98,40.11,0.17,0.4238,4.3465,1564734,63009059.77,5800320000.0,1450080000.0
2017-01-24,'002823,凯中精密,40.11,40.68,39.59,40.68,40.62,-0.51,-1.2555,5.2333,1883970,75307506.04,5775840000.0,1443960000.0
2017-01-23,'002823,凯中精密,40.62,41.0,40.08,40.26,40.52,0.1,0.2468,8.0831,2909923,117950745.96,5849280000.0,1462320000.0
2017-01-20,'002823,凯中精密,40.52,40.99,38.5,38.69,39.05,1.47,3.7644,9.7652,3515463,141170523.55,5834880000.0,1458720000.0
2017-01-19,'002823,凯中精密,39.05,39.88,37.66,38.0,38.6,0.45,1.1658,9.2081,3314930,129448777.46,5623200000.0,1405800000.0
2017-01-18,'002823,凯中精密,38.6,39.5,38.15,38.5,39.08,-0.48,-1.2282,9.0609,3261924,126888918.53,5558400000.0,1389600000.0
2017-01-17,'002823,凯中精密,39.08,39.8,35.8,36.2,36.4,2.68,7.3626,11.5302,4150874,157005640.59,5627520000.0,1406880000.0
2017-01-16,'002823,凯中精密,36.4,38.68,34.81,38.35,38.65,-2.25,-5.8215,8.6513,3114477,115738944.99,5241600000.0,1310400000.0
2017-01-13,'002823,凯中精密,38.65,40.1,38.18,39.53,39.9,-1.25,-3.1328,7.8197,2815097,110076258.0,5565600000.0,1391400000.0
2017-01-12,'002823,凯中精密,39.9,40.11,39.28,39.68,39.42,0.48,1.2177,7.8631,2830716,112490247.16,5745600000.0,1436400000.0
2017-01-11,'002823,凯中精密,39.42,40.79,39.29,40.55,40.79,-1.37,-3.3587,7.944,2859836,114637603.27,5676480000.0,1419120000.0
2017-01-10,'002823,凯中精密,40.79,41.92,40.76,41.3,41.3,-0.51,-1.2349,6.4887,2335939,96908210.44,5873760000.0,1468440000.0
2017-01-09,'002823,凯中精密,41.3,42.0,40.58,41.25,41.64,-0.34,-0.8165,6.8769,2475686,102078797.06,5947200000.0,1486800000.0
2017-01-06,'002823,凯中精密,41.64,44.28,41.1,44.11,44.5,-2.86,-6.427,16.512,5944314,253529542.15,5996160000.0,1499040000.0
2017-01-05,'002823,凯中精密,44.5,46.77,44.5,45.8,46.08,-1.58,-3.4288,12.8403,4622518,211900784.08,6408000000.0,1602000000.0
2017-01-04,'002823,凯中精密,46.08,46.35,45.56,46.21,46.48,-0.4,-0.8606,9.8303,3538913,162725941.77,6635520000.0,1658880000.0
2017-01-03,'002823,凯中精密,46.48,46.84,45.65,46.36,46.2,0.28,0.6061,11.6994,4211794,194649759.26,6693120000.0,1673280000.0
2016-12-30,'002823,凯中精密,46.2,46.79,44.91,44.91,44.81,1.39,3.102,14.2528,5131021,235829594.92,6652800000.0,1663200000.0
2016-12-29,'002823,凯中精密,44.81,45.83,44.5,44.72,44.8,0.01,0.0223,9.6613,3478064,157277725.4,6452640000.0,1613160000.0
2016-12-28,'002823,凯中精密,44.8,45.95,44.8,45.01,45.43,-0.63,-1.3867,8.2512,2970442,134555391.61,6451200000.0,1612800000.0
2016-12-27,'002823,凯中精密,45.43,46.19,45.04,45.64,46.32,-0.89,-1.9214,10.1859,3666914,167342202.21,6541920000.0,1635480000.0
2016-12-26,'002823,凯中精密,46.32,46.55,43.51,45.12,45.25,1.07,2.3646,14.9555,5383996,244079663.15,6670080000.0,1667520000.0
2016-12-23,'002823,凯中精密,45.25,48.79,45.2,48.61,48.73,-3.48,-7.1414,18.3172,6594191,307552165.2,6516000000.0,1629000000.0
2016-12-22,'002823,凯中精密,48.73,49.88,48.35,49.08,49.07,-0.34,-0.6929,11.0567,3980418,195272570.21,7017120000.0,1754280000.0
2016-12-21,'002823,凯中精密,49.07,50.05,48.31,49.82,49.62,-0.55,-1.1084,14.2569,5132487,251603337.63,7066080000.0,1766520000.0
2016-12-20,'002823,凯中精密,49.62,50.3,49.2,49.41,50.11,-0.49,-0.9778,11.6114,4180103,207845772.37,7145280000.0,1786320000.0
2016-12-19,'002823,凯中精密,50.11,51.22,48.48,49.91,50.13,-0.02,-0.0399,17.7212,6379619,318638460.58,7215840000.0,1803960000.0
2016-12-16,'002823,凯中精密,50.13,53.0,48.9,52.12,52.35,-2.22,-4.2407,27.6036,9937294,505032688.92,7218720000.0,1804680000.0
2016-12-15,'002823,凯中精密,52.35,54.6,51.61,52.0,55.05,-2.7,-4.9046,27.9027,10044982,533273235.26,7538400000.0,1884600000.0
2016-12-14,'002823,凯中精密,55.05,58.63,53.88,56.0,56.6,-1.55,-2.7385,36.1527,13014989,733151052.19,7927200000.0,1981800000.0
2016-12-13,'002823,凯中精密,56.6,63.41,55.22,55.22,61.36,-4.76,-7.7575,43.0618,15502252,889252474.81,8150400000.0,2037600000.0
2016-12-12,'002823,凯中精密,61.36,62.0,57.06,58.0,56.42,4.94,8.7558,58.4941,21057882,1265314130.01,8835840000.0,2208960000.0
2016-12-09,'002823,凯中精密,56.42,56.42,56.42,56.42,51.29,5.13,10.0019,0.3637,130939,7387578.38,8124480000.0,2031120000.0
2016-12-08,'002823,凯中精密,51.29,51.29,51.29,51.29,46.63,4.66,9.9936,0.0969,34900,1790021.0,7385760000.0,1846440000.0
2016-12-07,'002823,凯中精密,46.63,46.63,46.63,46.63,42.39,4.24,10.0024,0.0786,28300,1319629.0,6714720000.0,1678680000.0
2016-12-06,'002823,凯中精密,42.39,42.39,42.39,42.39,38.54,3.85,9.9896,0.0565,20324,861534.36,6104160000.0,1526040000.0
2016-12-05,'002823,凯中精密,38.54,38.54,38.54,38.54,35.04,3.5,9.9886,0.0575,20708,798086.32,5549760000.0,1387440000.0
2016-12-02,'002823,凯中精密,35.04,35.04,35.04,35.04,31.85,3.19,10.0157,0.0378,13600,476544.0,5045760000.0,1261440000.0
2016-12-01,'002823,凯中精密,31.85,31.85,31.85,31.85,28.95,2.9,10.0173,0.0311,11200,356720.0,4586400000.0,1146600000.0
2016-11-30,'002823,凯中精密,28.95,28.95,28.95,28.95,26.32,2.63,9.9924,0.0158,5698,164957.1,4168800000.0,1042200000.0
2016-11-29,'002823,凯中精密,26.32,26.32,26.32,26.32,23.93,2.39,9.9875,0.0225,8100,213192.0,3790080000.0,947520000.0
2016-11-28,'002823,凯中精密,23.93,23.93,23.93,23.93,21.75,2.18,10.023,0.0076,2748,65759.64,3445920000.0,861480000.0
2016-11-25,'002823,凯中精密,21.75,21.75,21.75,21.75,19.77,1.98,10.0152,0.0157,5647,122822.25,3132000000.0,783000000.0
2016-11-24,'002823,N凯中,19.77,19.77,17.06,17.06,13.73,6.04,43.9913,0.0269,9700,191398.0,2846880000.0,711720000.0
