日期,股票代码,名称,收盘价,最高价,最低价,开盘价,前收盘,涨跌额,涨跌幅,换手率,成交量,成交金额,总市值,流通市值
2017-05-15,'002865,钧达股份,39.18,41.8,35.91,38.0,38.0,1.18,3.1053,68.0542,20416263,796940970.07,4701600000.0,1175400000.0
2017-05-12,'002865,钧达股份,38.0,39.0,35.2,38.94,37.17,0.83,2.233,62.4436,18733085,701640341.35,4560000000.0,1140000000.0
2017-05-11,'002865,钧达股份,37.17,37.17,31.5,32.0,33.79,3.38,10.003,62.4788,18743646,642001343.72,4460400000.0,1115100000.0
2017-05-10,'002865,钧达股份,33.79,33.79,32.0,32.0,30.72,3.07,9.9935,44.4317,13329509,444013058.39,4054800000.0,1013700000.0
2017-05-09,'002865,钧达股份,30.72,30.72,26.95,27.5,27.93,2.79,9.9893,42.638,12791387,380521212.86,3686400000.0,921600000.0
2017-05-08,'002865,钧达股份,27.93,27.93,26.65,27.93,25.39,2.54,10.0039,35.0315,10509448,289604519.1,3351600000.0,837900000.0
2017-05-05,'002865,钧达股份,25.39,25.39,25.39,25.39,23.08,2.31,10.0087,0.1966,58966,1497146.74,3046800000.0,761700000.0
2017-05-04,'002865,钧达股份,23.08,23.08,23.08,23.08,20.98,2.1,10.0095,0.055,16504,380912.32,2769600000.0,692400000.0
2017-05-03,'002865,钧达股份,20.98,20.98,20.98,20.98,19.07,1.91,10.0157,0.0251,7523,157832.54,2517600000.0,629400000.0
2017-05-02,'002865,钧达股份,19.07,19.07,19.07,19.07,17.34,1.73,9.9769,0.0333,10000,190700.0,2288400000.0,572100000.0
2017-04-28,'002865,钧达股份,17.34,17.34,17.34,17.34,15.76,1.58,10.0254,0.0267,8000,138720.0,2080800000.0,520200000.0
2017-04-27,'002865,钧达股份,15.76,15.76,15.76,15.76,14.33,1.43,9.9791,0.0147,4400,69344.0,1891200000.0,472800000.0
2017-04-26,'002865,钧达股份,14.33,14.33,14.33,14.33,13.03,1.3,9.977,0.0222,6673,95624.09,1719600000.0,429900000.0
2017-04-25,'002865,N钧达,13.03,13.03,10.86,10.86,9.05,3.98,43.9779,0.0297,8909,115861.08,1563600000.0,390900000.0
