日期,股票代码,名称,收盘价,最高价,最低价,开盘价,前收盘,涨跌额,涨跌幅,换手率,成交量,成交金额,总市值,流通市值
2016-05-13,'600656,退市博元,0.0,0.0,0.0,0.0,4.49,None,None,0.0,0,0.0,854643114.22,854574233.13
2016-05-12,'600656,退市博元,0.0,0.0,0.0,0.0,4.49,None,None,0.0,0,0.0,854643114.22,854574233.13
2016-05-11,'600656,退市博元,4.49,4.59,4.21,4.43,4.37,0.12,2.746,10.3768,19750009,87562629.0,854643114.22,854574233.13
2016-05-10,'600656,退市博元,4.37,4.71,4.28,4.64,4.63,-0.26,-5.6156,7.0765,13468493,60622504.0,831801872.86,831734832.69
2016-05-09,'600656,退市博元,4.63,4.8,4.42,4.48,4.47,0.16,3.5794,5.1578,9816664,45371263.0,881291229.14,881220200.31
2016-05-06,'600656,退市博元,4.47,4.71,4.42,4.71,4.69,-0.22,-4.6908,4.178,7951925,36300723.0,850836240.66,850767666.39
2016-05-05,'600656,退市博元,4.69,4.72,4.47,4.5,4.5,0.19,4.2222,5.9255,11277963,52249512.0,892711849.82,892639900.53
2016-05-04,'600656,退市博元,4.5,4.52,4.34,4.41,4.39,0.11,2.5057,4.4022,8378680,37126546.0,856546551.0,856477516.5
2016-05-03,'600656,退市博元,4.39,4.68,4.35,4.65,4.62,-0.23,-4.9784,4.7185,8980693,40523883.0,835608746.42,835541399.43
2016-04-29,'600656,退市博元,4.62,4.94,4.61,4.87,4.86,-0.24,-4.9383,4.2401,8070131,38565595.0,879387792.36,879316916.94
2016-04-28,'600656,退市博元,4.86,4.9,4.67,4.8,4.89,-0.03,-0.6135,4.1721,7940700,37929452.0,925070275.08,924995717.82
2016-04-27,'600656,退市博元,4.89,4.96,4.84,4.91,4.89,0.0,0.0,2.5571,4866921,23865510.0,930780585.42,930705567.93
2016-04-26,'600656,退市博元,4.89,5.04,4.88,4.89,4.84,0.05,1.0331,2.868,5458543,26902747.0,930780585.42,930705567.93
2016-04-25,'600656,退市博元,4.84,4.85,4.64,4.68,4.66,0.18,3.8627,2.0903,3978461,18960155.0,921263401.52,921189151.08
2016-04-22,'600656,退市博元,4.66,4.75,4.56,4.64,4.67,-0.01,-0.2141,2.019,3842752,17985802.0,887001539.48,886930050.42
2016-04-21,'600656,退市博元,4.67,4.8,4.6,4.66,4.65,0.02,0.4301,2.3469,4466833,20912480.0,888904976.26,888833333.79
2016-04-20,'600656,退市博元,4.65,5.04,4.53,4.85,4.83,-0.18,-3.7267,4.6956,8936963,42600254.0,885098102.7,885026767.05
2016-04-19,'600656,退市博元,4.83,5.0,4.81,4.97,4.96,-0.13,-2.621,2.9852,5681715,27805151.0,919359964.74,919285867.71
2016-04-18,'600656,退市博元,4.96,5.05,4.58,4.59,4.59,0.37,8.061,6.6099,12580447,61923778.0,944104642.88,944028551.52
2016-04-15,'600656,退市博元,4.59,4.64,4.43,4.5,4.47,0.12,2.6846,3.6585,6963107,31718020.0,873677482.02,873607066.83
2016-04-14,'600656,退市博元,4.47,4.51,4.37,4.4,4.38,0.09,2.0548,3.0397,5785377,25663417.0,850836240.66,850767666.39
2016-04-13,'600656,退市博元,4.38,4.41,4.32,4.32,4.34,0.04,0.9217,3.7121,7065190,30822847.0,833705309.64,833638116.06
2016-04-12,'600656,退市博元,4.34,4.47,4.27,4.47,4.44,-0.1,-2.2523,4.1119,7826160,33983626.0,826091562.52,826024982.58
2016-04-11,'600656,退市博元,4.44,4.46,4.28,4.31,4.3,0.14,3.2558,3.5377,6733214,29568190.0,845125930.32,845057816.28
2016-04-08,'600656,退市博元,4.3,4.43,4.25,4.36,4.34,-0.04,-0.9217,4.5373,8635769,37288336.0,818477815.4,818411849.1
2016-04-07,'600656,退市博元,4.34,4.41,4.21,4.25,4.21,0.13,3.0879,7.84,14921756,64074643.0,826091562.52,826024982.58
2016-04-06,'600656,退市博元,4.21,4.38,4.12,4.12,4.1,0.11,2.6829,8.5389,16251856,69134998.0,801346884.38,801282298.77
2016-04-05,'600656,退市博元,4.1,4.3,3.92,4.06,4.3,-0.2,-4.6512,19.0221,36204392,146850335.0,780409079.8,780346181.7
2016-04-01,'600656,退市博元,4.3,4.33,4.3,4.3,4.78,-0.48,-10.0418,20.6983,39394800,169405550.0,818477815.4,818411849.1
2016-03-31,'600656,退市博元,4.78,4.78,4.78,4.78,5.31,-0.53,-9.9812,0.5281,1005100,4804378.0,909842780.84,909769450.86
2016-03-30,'600656,退市博元,5.31,5.31,5.31,5.31,5.9,-0.59,-10.0,0.0587,111700,593127.0,1010724930.18,1010643469.47
2016-03-29,'600656,退市博元,5.9,5.9,5.9,5.9,6.55,-0.65,-9.9237,0.0525,99900,589410.0,1123027700.2,1122937188.3
2015-05-27,'600656,*ST博元,0.0,0.0,0.0,0.0,6.55,None,None,0.0,0,0.0,1246751090.9,1246650607.35
2015-05-26,'600656,*ST博元,0.0,0.0,0.0,0.0,6.55,None,None,0.0,0,0.0,1246751090.9,1246650607.35
2015-05-25,'600656,*ST博元,0.0,0.0,0.0,0.0,6.55,None,None,0.0,0,0.0,1246751090.9,1246650607.35
2015-05-22,'600656,*ST博元,0.0,0.0,0.0,0.0,6.55,None,None,0.0,0,0.0,1246751090.9,1246650607.35
2015-05-21,'600656,*ST博元,0.0,0.0,0.0,0.0,6.55,None,None,0.0,0,0.0,1246751090.9,1246650607.35
2015-05-20,'600656,*ST博元,0.0,0.0,0.0,0.0,6.55,None,None,0.0,0,0.0,1246751090.9,1246650607.35
2015-05-19,'600656,*ST博元,0.0,0.0,0.0,0.0,6.55,None,None,0.0,0,0.0,1246751090.9,1246650607.35
2015-05-18,'600656,*ST博元,0.0,0.0,0.0,0.0,6.55,None,None,0.0,0,0.0,1246751090.9,1246650607.35
2015-05-15,'600656,*ST博元,0.0,0.0,0.0,0.0,6.55,None,None,0.0,0,0.0,1246751090.9,1246650607.35
2015-05-14,'600656,*ST博元,6.55,6.55,6.2,6.24,6.24,0.31,4.9679,17.0206,32394958,208906970.0,1246751090.9,1246650607.35
2015-05-13,'600656,*ST博元,6.24,6.24,5.99,6.15,5.94,0.3,5.0505,17.0761,32500735,201725246.0,1187744550.72,1187648822.88
2015-05-12,'600656,*ST博元,5.94,5.94,5.62,5.66,5.66,0.28,4.947,7.3933,14071567,82233888.0,1130641447.32,1130550321.78
2015-05-11,'600656,*ST博元,5.66,5.75,5.39,5.55,5.58,0.08,1.4337,13.7557,26181048,146079568.0,1077345217.48,1077258387.42
2015-05-08,'600656,*ST博元,5.58,5.72,5.38,5.52,5.66,-0.08,-1.4134,16.1809,30796748,168413549.0,1062117723.24,1062032120.46
2015-05-07,'600656,*ST博元,5.66,5.82,5.66,5.66,5.96,-0.3,-5.0336,7.5098,14293337,81036030.0,1077345217.48,1077258387.42
2015-05-06,'600656,*ST博元,5.96,6.54,5.96,5.96,6.27,-0.31,-4.9442,20.6106,39227727,237778580.0,1134448320.88,1134356888.52
2015-05-05,'600656,*ST博元,6.27,6.27,6.27,6.27,6.6,-0.33,-5.0,0.5324,1013400,6354018.0,1193454861.06,1193358672.99
2015-05-04,'600656,*ST博元,6.6,6.6,6.6,6.6,6.95,-0.35,-5.036,2.2432,4269400,28178040.0,1256268274.8,1256167024.2
2015-04-30,'600656,*ST博元,0.0,0.0,0.0,0.0,6.95,None,None,0.0,0,0.0,1322888562.1,1322781942.15
2015-04-29,'600656,*ST博元,6.95,7.49,6.95,7.48,7.32,-0.37,-5.0546,17.2322,32797732,233224429.0,1322888562.1,1322781942.15
2015-04-28,'600656,*ST博元,7.32,7.32,7.06,7.32,6.97,0.35,5.0215,16.681,31748663,231044923.0,1393315722.96,1393203426.84
2015-04-27,'600656,*ST博元,6.97,6.97,6.7,6.8,6.64,0.33,4.9699,5.3098,10105965,69857120.0,1326695435.66,1326588508.89
2015-04-24,'600656,*ST博元,6.64,6.64,6.34,6.6,6.32,0.32,5.0633,18.4231,35064295,229929566.0,1263882021.92,1263780157.68
2015-04-23,'600656,*ST博元,6.32,6.32,5.72,6.32,6.02,0.3,4.9834,26.1701,49809130,303405763.0,1202972044.96,1202875089.84
2015-04-22,'600656,*ST博元,6.02,6.02,6.02,6.02,5.73,0.29,5.0611,0.4774,908681,5470260.0,1145868941.56,1145776588.74
2015-04-21,'600656,*ST博元,5.73,5.73,5.73,5.73,5.46,0.27,4.9451,1.9373,3687172,21127496.0,1090669274.94,1090581371.01
2015-04-20,'600656,*ST博元,5.46,5.46,5.21,5.4,5.2,0.26,5.0,13.8991,26453898,141866439.0,1039276481.88,1039192720.02
2015-04-17,'600656,*ST博元,5.2,5.2,4.92,4.95,4.95,0.25,5.0505,16.0976,30638361,157554290.0,989787125.6,989707352.4
2015-04-16,'600656,*ST博元,4.95,5.04,4.75,4.81,5.0,-0.05,-1.0,14.8041,28176448,137108058.0,942201206.1,942125268.15
2015-04-15,'600656,*ST博元,5.0,5.14,5.0,5.07,5.26,-0.26,-4.943,19.1344,36418207,182935728.0,951718390.0,951641685.0
2015-04-14,'600656,*ST博元,5.26,5.52,5.26,5.44,5.54,-0.28,-5.0542,30.192,57463890,305915612.0,1001207746.28,1001127052.62
2015-04-13,'600656,*ST博元,5.54,5.75,5.23,5.23,5.5,0.04,0.7273,34.9869,66589995,358400341.0,1054503976.12,1054418986.98
2015-04-10,'600656,*ST博元,5.5,5.5,4.98,4.98,5.24,0.26,4.9618,36.4167,69311247,348836293.0,1046890229.0,1046805853.5
2015-04-09,'600656,*ST博元,5.24,5.24,5.24,5.24,5.52,-0.28,-5.0725,1.2289,2338900,12255836.0,997400872.72,997320485.88
2015-04-08,'600656,*ST博元,5.52,5.52,5.52,5.52,5.81,-0.29,-4.9914,1.5769,3001300,16567176.0,1050697102.56,1050612420.24
2015-04-07,'600656,*ST博元,5.81,5.81,5.81,5.81,6.12,-0.31,-5.0654,1.8149,3454200,20068902.0,1105896769.18,1105807637.97
2015-04-03,'600656,*ST博元,6.12,6.12,6.12,6.12,6.44,-0.32,-4.9689,2.2113,4208800,25757856.0,1164903309.36,1164809422.44
2015-04-02,'600656,*ST博元,6.44,6.44,6.44,6.44,6.78,-0.34,-5.0147,4.6015,8757900,56400876.0,1225813286.32,1225714490.28
2015-04-01,'600656,*ST博元,6.78,6.78,6.78,6.78,7.14,-0.36,-5.042,2.2914,4361100,29568258.0,1290530136.84,1290426124.86
2015-03-31,'600656,*ST博元,7.14,7.14,7.14,7.14,7.52,-0.38,-5.0532,0.9146,1740700,12428598.0,1359053860.92,1358944326.18
2015-03-30,'600656,博元投资,0.0,0.0,0.0,0.0,7.52,None,None,0.0,0,0.0,1431384458.56,1431269094.24
2015-03-27,'600656,博元投资,0.0,0.0,0.0,0.0,7.52,None,None,0.0,0,0.0,1431384458.56,1431269094.24
2015-03-26,'600656,博元投资,0.0,0.0,0.0,0.0,7.52,None,None,0.0,0,0.0,1431384458.56,1431269094.24
2015-03-25,'600656,博元投资,0.0,0.0,0.0,0.0,7.52,None,None,0.0,0,0.0,1431384458.56,1431269094.24
2015-03-24,'600656,博元投资,0.0,0.0,0.0,0.0,7.52,None,None,0.0,0,0.0,1431384458.56,1431269094.24
2015-03-23,'600656,博元投资,0.0,0.0,0.0,0.0,7.52,None,None,0.0,0,0.0,1431384458.56,1431269094.24
2015-03-20,'600656,博元投资,0.0,0.0,0.0,0.0,7.52,None,None,0.0,0,0.0,1431384458.56,1431269094.24
2015-03-19,'600656,博元投资,0.0,0.0,0.0,0.0,7.52,None,None,0.0,0,0.0,1431384458.56,1431269094.24
2015-03-18,'600656,博元投资,0.0,0.0,0.0,0.0,7.52,None,None,0.0,0,0.0,1431384458.56,1431269094.24
2015-03-17,'600656,博元投资,0.0,0.0,0.0,0.0,7.52,None,None,0.0,0,0.0,1431384458.56,1431269094.24
2015-03-16,'600656,博元投资,0.0,0.0,0.0,0.0,7.52,None,None,0.0,0,0.0,1431384458.56,1431269094.24
2015-03-13,'600656,博元投资,0.0,0.0,0.0,0.0,7.52,None,None,0.0,0,0.0,1431384458.56,1431269094.24
2015-03-12,'600656,博元投资,0.0,0.0,0.0,0.0,7.52,None,None,0.0,0,0.0,1431384458.56,1431269094.24
2015-03-11,'600656,博元投资,0.0,0.0,0.0,0.0,7.52,None,None,0.0,0,0.0,1431384458.56,1431269094.24
2015-03-10,'600656,博元投资,0.0,0.0,0.0,0.0,7.52,None,None,0.0,0,0.0,1431384458.56,1431269094.24
2015-03-09,'600656,博元投资,0.0,0.0,0.0,0.0,7.52,None,None,0.0,0,0.0,1431384458.56,1431269094.24
2015-03-06,'600656,博元投资,0.0,0.0,0.0,0.0,7.52,None,None,0.0,0,0.0,1431384458.56,1431269094.24
2015-03-05,'600656,博元投资,0.0,0.0,0.0,0.0,7.52,None,None,0.0,0,0.0,1431384458.56,1431269094.24
2015-03-04,'600656,博元投资,0.0,0.0,0.0,0.0,7.52,None,None,0.0,0,0.0,1431384458.56,1431269094.24
2015-03-03,'600656,博元投资,0.0,0.0,0.0,0.0,7.52,None,None,0.0,0,0.0,1431384458.56,1431269094.24
2015-03-02,'600656,博元投资,0.0,0.0,0.0,0.0,7.52,None,None,0.0,0,0.0,1431384458.56,1431269094.24
2015-02-27,'600656,博元投资,0.0,0.0,0.0,0.0,7.52,None,None,0.0,0,0.0,1431384458.56,1431269094.24
2015-02-26,'600656,博元投资,0.0,0.0,0.0,0.0,7.52,None,None,0.0,0,0.0,1431384458.56,1431269094.24
2015-02-25,'600656,博元投资,0.0,0.0,0.0,0.0,7.52,None,None,0.0,0,0.0,1431384458.56,1431269094.24
2015-02-17,'600656,博元投资,0.0,0.0,0.0,0.0,7.52,None,None,0.0,0,0.0,1431384458.56,1431269094.24
2015-02-16,'600656,博元投资,0.0,0.0,0.0,0.0,7.52,None,None,0.0,0,0.0,1431384458.56,1431269094.24
2015-02-13,'600656,博元投资,0.0,0.0,0.0,0.0,7.52,None,None,0.0,0,0.0,1431384458.56,1431269094.24
2015-02-12,'600656,博元投资,0.0,0.0,0.0,0.0,7.52,None,None,0.0,0,0.0,1431384458.56,1431269094.24
2015-02-11,'600656,博元投资,0.0,0.0,0.0,0.0,7.52,None,None,0.0,0,0.0,1431384458.56,1431269094.24
2015-02-10,'600656,博元投资,0.0,0.0,0.0,0.0,7.52,None,None,0.0,0,0.0,1431384458.56,1431269094.24
2015-02-09,'600656,博元投资,0.0,0.0,0.0,0.0,7.52,None,None,0.0,0,0.0,1431384458.56,1431269094.24
2015-02-06,'600656,博元投资,0.0,0.0,0.0,0.0,7.52,None,None,0.0,0,0.0,1431384458.56,1431269094.24
2015-02-05,'600656,博元投资,0.0,0.0,0.0,0.0,7.52,None,None,0.0,0,0.0,1431384458.56,1431269094.24
2015-02-04,'600656,博元投资,0.0,0.0,0.0,0.0,7.52,None,None,0.0,0,0.0,1431384458.56,1431269094.24
2015-02-03,'600656,博元投资,0.0,0.0,0.0,0.0,7.52,None,None,0.0,0,0.0,1431384458.56,1431269094.24
2015-02-02,'600656,博元投资,0.0,0.0,0.0,0.0,7.52,None,None,0.0,0,0.0,1431384458.56,1431269094.24
2015-01-30,'600656,博元投资,0.0,0.0,0.0,0.0,7.52,None,None,0.0,0,0.0,1431384458.56,1431269094.24
2015-01-29,'600656,博元投资,0.0,0.0,0.0,0.0,7.52,None,None,0.0,0,0.0,1431384458.56,1431269094.24
2015-01-28,'600656,博元投资,0.0,0.0,0.0,0.0,7.52,None,None,0.0,0,0.0,1431384458.56,1431269094.24
2015-01-27,'600656,博元投资,0.0,0.0,0.0,0.0,7.52,None,None,0.0,0,0.0,1431384458.56,1431269094.24
2015-01-26,'600656,博元投资,0.0,0.0,0.0,0.0,7.52,None,None,0.0,0,0.0,1431384458.56,1431269094.24
2015-01-23,'600656,博元投资,0.0,0.0,0.0,0.0,7.52,None,None,0.0,0,0.0,1431384458.56,1431269094.24
2015-01-22,'600656,博元投资,0.0,0.0,0.0,0.0,7.52,None,None,0.0,0,0.0,1431384458.56,1431269094.24
2015-01-21,'600656,博元投资,0.0,0.0,0.0,0.0,7.52,None,None,0.0,0,0.0,1431384458.56,1431269094.24
2015-01-20,'600656,博元投资,0.0,0.0,0.0,0.0,7.52,None,None,0.0,0,0.0,1431384458.56,1431269094.24
2015-01-19,'600656,博元投资,0.0,0.0,0.0,0.0,7.52,None,None,0.0,0,0.0,1431384458.56,1431269094.24
2015-01-16,'600656,博元投资,0.0,0.0,0.0,0.0,7.52,None,None,0.0,0,0.0,1431384458.56,1431269094.24
2015-01-15,'600656,博元投资,0.0,0.0,0.0,0.0,7.52,None,None,0.0,0,0.0,1431384458.56,1431269094.24
2015-01-14,'600656,博元投资,0.0,0.0,0.0,0.0,7.52,None,None,0.0,0,0.0,1431384458.56,1431269094.24
2015-01-13,'600656,博元投资,0.0,0.0,0.0,0.0,7.52,None,None,0.0,0,0.0,1431384458.56,1431269094.24
2015-01-12,'600656,博元投资,0.0,0.0,0.0,0.0,7.52,None,None,0.0,0,0.0,1431384458.56,1431269094.24
2015-01-09,'600656,博元投资,0.0,0.0,0.0,0.0,7.52,None,None,0.0,0,0.0,1431384458.56,1431269094.24
2015-01-08,'600656,博元投资,0.0,0.0,0.0,0.0,7.52,None,None,0.0,0,0.0,1431384458.56,1431269094.24
2015-01-07,'600656,博元投资,0.0,0.0,0.0,0.0,7.52,None,None,0.0,0,0.0,1431384458.56,1431269094.24
2015-01-06,'600656,博元投资,0.0,0.0,0.0,0.0,7.52,None,None,0.0,0,0.0,1431384458.56,1431269094.24
2015-01-05,'600656,博元投资,0.0,0.0,0.0,0.0,7.52,None,None,0.0,0,0.0,1431384458.56,1431269094.24
2014-12-31,'600656,博元投资,0.0,0.0,0.0,0.0,7.52,None,None,0.0,0,0.0,1431384458.56,1431269094.24
2014-12-30,'600656,博元投资,0.0,0.0,0.0,0.0,7.52,None,None,0.0,0,0.0,1431384458.56,1431269094.24
2014-12-29,'600656,博元投资,0.0,0.0,0.0,0.0,7.52,None,None,0.0,0,0.0,1431384458.56,1431269094.24
2014-12-26,'600656,博元投资,0.0,0.0,0.0,0.0,7.52,None,None,0.0,0,0.0,1431384458.56,1431269094.24
2014-12-25,'600656,博元投资,0.0,0.0,0.0,0.0,7.52,None,None,0.0,0,0.0,1431384458.56,1431269094.24
2014-12-24,'600656,博元投资,0.0,0.0,0.0,0.0,7.52,None,None,0.0,0,0.0,1431384458.56,1431269094.24
2014-12-23,'600656,博元投资,0.0,0.0,0.0,0.0,7.52,None,None,0.0,0,0.0,1431384458.56,1431269094.24
2014-12-22,'600656,博元投资,7.52,8.26,7.52,8.2,8.36,-0.84,-10.0478,3.2849,6252102,47801671.0,1431384458.56,1431269094.24
2014-12-19,'600656,博元投资,8.36,8.49,8.1,8.44,8.49,-0.13,-1.5312,5.355,10192084,84493483.0,1591273148.08,1591144897.32
2014-12-18,'600656,博元投资,8.49,8.64,8.3,8.35,8.47,0.02,0.2361,7.9679,15165251,128343928.0,1616017826.22,1615887581.13
2014-12-17,'600656,博元投资,8.47,8.64,8.24,8.64,8.68,-0.21,-2.4194,16.5406,31481524,264384775.0,1612210952.66,1612081014.39
2014-12-16,'600656,博元投资,8.68,8.89,8.61,8.87,8.92,-0.24,-2.6906,7.9223,15078412,131813402.0,1652183125.04,1652049965.16
2014-12-15,'600656,博元投资,8.92,9.2,8.68,8.89,9.12,-0.2,-2.193,13.8605,26380492,236940362.0,1697865607.76,1697728766.04
2014-12-12,'600656,博元投资,9.12,9.54,8.68,8.88,9.25,-0.13,-1.4054,21.2018,40353111,360626866.0,1735934343.36,1735794433.44
2014-12-11,'600656,博元投资,9.25,9.36,8.49,8.6,9.11,0.14,1.5368,20.7306,39456170,350526662.0,1760679021.5,1760537117.25
2014-12-10,'600656,博元投资,9.11,9.3,8.72,8.72,9.69,-0.58,-5.9856,15.9705,30396308,267794173.0,1734030906.58,1733891150.07
2014-12-09,'600656,博元投资,9.69,9.69,9.69,9.69,10.77,-1.08,-10.0279,0.7462,1420200,13761738.0,1844430239.82,1844281585.53
2014-12-08,'600656,博元投资,0.0,0.0,0.0,0.0,10.77,None,None,0.0,0,0.0,2050001412.06,2049836189.49
2014-12-05,'600656,博元投资,10.77,11.38,10.35,11.38,11.47,-0.7,-6.1029,4.7379,9017493,97862353.0,2050001412.06,2049836189.49
2014-12-04,'600656,博元投资,11.47,11.55,11.12,11.16,11.17,0.3,2.6858,8.1509,15513555,175979326.0,2183241986.66,2183066025.39
2014-12-03,'600656,博元投资,11.17,11.5,10.93,11.43,11.47,-0.3,-2.6155,5.4332,10340993,115172147.0,2126138883.26,2125967524.29
2014-12-02,'600656,博元投资,11.47,11.95,11.2,11.75,11.69,-0.22,-1.882,6.4847,12342156,141294887.0,2183241986.66,2183066025.39
2014-12-01,'600656,博元投资,11.69,12.16,11.34,11.45,11.44,0.25,2.1853,8.2806,15760344,186319448.0,2225117595.82,2224938259.53
2014-11-28,'600656,博元投资,11.44,11.83,10.63,10.75,10.75,0.69,6.4186,10.2652,19537599,224168208.0,2177531676.32,2177356175.28
2014-11-27,'600656,博元投资,10.75,10.76,10.4,10.52,10.51,0.24,2.2835,4.3365,8253618,87434887.0,2046194538.5,2046029622.75
2014-11-26,'600656,博元投资,10.51,10.67,10.36,10.53,10.58,-0.07,-0.6616,3.3272,6332657,66507971.0,2000512055.78,2000350821.87
2014-11-25,'600656,博元投资,10.58,10.73,10.21,10.24,10.24,0.34,3.3203,7.1403,13590080,142297699.0,2013836113.24,2013673805.46
2014-11-24,'600656,博元投资,10.24,10.29,10.0,10.22,10.24,0.0,0.0,4.199,7991886,81433015.0,1949119262.72,1948962170.88
2014-11-21,'600656,博元投资,10.24,10.44,9.91,10.0,10.02,0.22,2.1956,3.633,6914723,70750834.0,1949119262.72,1948962170.88
2014-11-20,'600656,博元投资,10.02,10.18,9.97,10.14,10.2,-0.18,-1.7647,1.8601,3540354,35515594.0,1907243653.56,1907089936.74
2014-11-19,'600656,博元投资,10.2,10.35,9.95,10.09,10.05,0.15,1.4925,2.1304,4054729,41377835.0,1941505515.6,1941349037.4
2014-11-18,'600656,博元投资,10.05,10.16,9.92,9.96,9.99,0.06,0.6006,1.1665,2220265,22230614.0,1912953963.9,1912799786.85
2014-11-17,'600656,博元投资,9.99,10.45,9.5,9.5,9.51,0.48,5.0473,2.5771,4905040,49001816.0,1901533343.22,1901380086.63
2014-11-14,'600656,博元投资,9.51,9.63,9.35,9.62,9.61,-0.1,-1.0406,1.4141,2691479,25548701.0,1810168377.78,1810022484.87
2014-11-13,'600656,博元投资,9.61,10.1,9.51,9.98,9.98,-0.37,-3.7074,2.0378,3878473,37673864.0,1829202745.58,1829055318.57
2014-11-12,'600656,博元投资,9.98,9.99,9.74,9.74,9.71,0.27,2.7806,1.1253,2141764,21143590.0,1899629906.44,1899476803.26
2014-11-11,'600656,博元投资,9.71,10.39,9.6,10.3,10.34,-0.63,-6.0928,2.7155,5168298,51531639.0,1848237113.38,1848088152.27
2014-11-10,'600656,博元投资,10.34,10.43,10.14,10.31,10.33,0.01,0.0968,1.8385,3499270,36046823.0,1968153630.52,1967995004.58
2014-11-07,'600656,博元投资,10.33,10.44,10.24,10.28,10.29,0.04,0.3887,2.545,4843799,50064579.0,1966250193.74,1966091721.21
2014-11-06,'600656,博元投资,10.29,10.4,10.16,10.2,10.22,0.07,0.6849,3.102,5904039,60772480.0,1958636446.62,1958478587.73
2014-11-05,'600656,博元投资,10.22,10.35,9.93,10.1,10.14,0.08,0.789,2.2473,4277232,43471446.0,1945312389.16,1945155604.14
2014-11-04,'600656,博元投资,10.14,10.38,10.12,10.38,10.36,-0.22,-2.1236,2.6689,5079642,51807093.0,1930084894.92,1929929337.18
2014-11-03,'600656,博元投资,10.36,10.93,10.2,10.52,10.03,0.33,3.2901,5.0527,9616673,99961239.0,1971960504.08,1971801571.32
2014-10-31,'600656,博元投资,10.03,10.13,9.9,10.02,10.13,-0.1,-0.9872,2.9,5519519,55178544.0,1909147090.34,1908993220.11
2014-10-30,'600656,博元投资,10.13,10.25,9.95,10.11,10.09,0.04,0.3964,4.2205,8032796,81146791.0,1928181458.14,1928026053.81
2014-10-29,'600656,博元投资,10.09,10.25,9.71,9.71,9.76,0.33,3.3811,5.9208,11268912,112991595.0,1920567711.02,1920412920.33
2014-10-28,'600656,博元投资,9.76,9.78,9.49,9.6,9.49,0.27,2.8451,2.2542,4290438,41486439.0,1857754297.28,1857604569.12
2014-10-27,'600656,博元投资,9.49,9.64,9.11,9.46,9.38,0.11,1.1727,1.7548,3339905,31808675.0,1806361504.22,1806215918.13
2014-10-24,'600656,博元投资,9.38,9.53,9.26,9.3,9.29,0.09,0.9688,2.115,4025498,38013302.0,1785423699.64,1785279801.06
2014-10-23,'600656,博元投资,9.29,9.63,9.28,9.56,9.68,-0.39,-4.0289,2.9048,5528651,51946293.0,1768292768.62,1768150250.73
2014-10-22,'600656,博元投资,9.68,9.73,9.47,9.57,9.58,0.1,1.0438,2.8345,5394850,51706862.0,1842526803.04,1842378302.16
2014-10-21,'600656,博元投资,9.58,9.74,9.53,9.64,9.6,-0.02,-0.2083,2.4358,4635943,44515195.0,1823492435.24,1823345468.46
2014-10-20,'600656,博元投资,9.6,9.94,9.51,9.68,9.91,-0.31,-3.1282,5.3588,10199314,98744455.0,1827299308.8,1827152035.2
2014-10-17,'600656,博元投资,9.91,10.48,9.84,10.34,10.52,-0.61,-5.7985,7.0791,13473613,135373815.0,1886305848.98,1886153819.67
2014-10-16,'600656,博元投资,10.52,10.87,10.17,10.29,10.43,0.09,0.8629,7.0916,13497235,141937786.0,2002415492.56,2002254105.24
2014-10-15,'600656,博元投资,10.43,10.5,9.22,10.09,10.1,0.33,3.2673,7.1663,13639558,139302061.0,1985284561.54,1985124554.91
2014-10-14,'600656,博元投资,10.1,10.12,9.82,9.82,9.88,0.22,2.2267,4.6787,8904978,88724544.0,1922471147.8,1922316203.7
2014-10-13,'600656,博元投资,9.88,10.17,9.5,9.9,9.96,-0.08,-0.8032,3.464,6593061,64758526.0,1880595538.64,1880443969.56
2014-10-10,'600656,博元投资,9.96,10.15,9.9,10.1,10.15,-0.19,-1.8719,3.0922,5885381,58770353.0,1895823032.88,1895670236.52
2014-10-09,'600656,博元投资,10.15,10.32,9.93,10.26,10.25,-0.1,-0.9756,5.0109,9537189,96164972.0,1931988331.7,1931832620.55
2014-10-08,'600656,博元投资,10.25,10.48,10.12,10.22,10.22,0.03,0.2935,4.2608,8109591,83060975.0,1951022699.5,1950865454.25
2014-09-30,'600656,博元投资,10.22,10.27,9.86,9.99,10.03,0.19,1.8943,6.6575,12671145,127828258.0,1945312389.16,1945155604.14
2014-09-29,'600656,博元投资,10.03,10.05,9.47,9.56,9.57,0.46,4.8067,8.2285,15661096,153152279.0,1909147090.34,1908993220.11
2014-09-26,'600656,博元投资,9.57,9.72,9.38,9.45,9.57,0.0,0.0,7.1423,13593817,129637243.0,1821588998.46,1821442185.09
2014-09-25,'600656,博元投资,9.57,9.78,9.22,9.3,9.64,-0.07,-0.7261,12.133,23092618,219949088.0,1821588998.46,1821442185.09
2014-09-24,'600656,博元投资,9.64,11.03,9.18,10.4,10.2,-0.56,-5.4902,14.8959,28351045,284418564.0,1834913055.92,1834765168.68
2014-09-23,'600656,博元投资,10.2,10.38,9.6,9.7,9.77,0.43,4.4012,6.9738,13273102,134348666.0,1941505515.6,1941349037.4
2014-09-22,'600656,博元投资,9.77,10.07,9.52,9.76,9.9,-0.13,-1.3131,5.3395,10162515,99505377.0,1859657734.06,1859507852.49
2014-09-19,'600656,博元投资,9.9,10.1,9.41,9.85,9.7,0.2,2.0619,8.1962,15599741,151540675.0,1884402412.2,1884250536.3
2014-09-18,'600656,博元投资,9.7,9.7,8.72,8.8,8.82,0.88,9.9773,13.2786,25273024,237029038.0,1846333676.6,1846184868.9
2014-09-17,'600656,博元投资,8.82,8.83,8.48,8.75,8.75,0.07,0.8,3.8888,7401413,64257133.0,1678831239.96,1678695932.34
2014-09-16,'600656,博元投资,8.75,9.33,8.67,9.33,9.13,-0.38,-4.1621,4.506,8576246,76866969.0,1665507182.5,1665372948.75
2014-09-15,'600656,博元投资,9.13,9.14,8.9,9.04,9.03,0.1,1.1074,3.0111,5730917,51635141.0,1737837780.14,1737697716.81
2014-09-12,'600656,博元投资,9.03,9.04,8.79,8.89,8.92,0.11,1.2332,3.303,6286460,56269859.0,1718803412.34,1718664883.11
2014-09-11,'600656,博元投资,8.92,9.26,8.81,9.04,9.01,-0.09,-0.9989,4.5009,8566433,76710524.0,1697865607.76,1697728766.04
2014-09-10,'600656,博元投资,9.01,9.05,8.34,8.45,8.52,0.49,5.7512,7.633,14527735,127937862.0,1714996538.78,1714858316.37
2014-09-09,'600656,博元投资,8.52,8.55,8.1,8.19,8.19,0.33,4.0293,6.1205,11648955,97307729.0,1621728136.56,1621597431.24
2014-09-05,'600656,博元投资,8.19,8.34,8.09,8.25,8.25,-0.06,-0.7273,3.6685,6982210,57036438.0,1558914722.82,1558789080.03
2014-09-04,'600656,博元投资,8.25,8.38,8.14,8.2,8.17,0.08,0.9792,4.0944,7792717,64123592.0,1570335343.5,1570208780.25
2014-09-03,'600656,博元投资,8.17,8.22,8.04,8.05,8.06,0.11,1.3648,4.1569,7911728,64301372.0,1555107849.26,1554982513.29
2014-09-02,'600656,博元投资,8.06,8.2,8.0,8.05,8.06,0.0,0.0,4.6024,8759760,71184632.0,1534170044.68,1534046396.22
2014-09-01,'600656,博元投资,8.06,8.13,7.71,7.78,7.86,0.2,2.5445,4.93,9383092,74475450.0,1534170044.68,1534046396.22
2014-08-29,'600656,博元投资,7.86,7.87,7.53,7.65,7.86,0.0,0.0,4.7214,8986208,68896185.0,1496101309.08,1495980728.82
2014-08-28,'600656,博元投资,7.86,8.18,7.81,7.86,7.91,-0.05,-0.6321,3.8424,7313238,58361701.0,1496101309.08,1495980728.82
2014-08-27,'600656,博元投资,7.91,7.95,7.66,7.7,7.73,0.18,2.3286,3.4944,6650872,52128191.0,1505618492.98,1505497145.67
2014-08-26,'600656,博元投资,7.73,8.15,7.67,7.96,8.0,-0.27,-3.375,4.234,8058582,63545692.0,1471356630.94,1471238045.01
2014-08-25,'600656,博元投资,8.0,8.12,7.72,7.77,7.8,0.2,2.5641,4.9993,9515112,75808821.0,1522749424.0,1522626696.0
2014-08-22,'600656,博元投资,7.8,7.84,7.59,7.64,7.69,0.11,1.4304,4.7104,8965314,69305561.0,1484680688.4,1484561028.6
2014-08-21,'600656,博元投资,7.69,7.84,7.52,7.55,7.57,0.12,1.5852,3.6946,7031883,53803796.0,1463742883.82,1463624911.53
2014-08-20,'600656,博元投资,7.57,7.66,7.44,7.49,7.53,0.04,0.5312,4.5112,8586171,65002780.0,1440901642.46,1440785511.09
2014-08-19,'600656,博元投资,7.53,7.55,7.39,7.52,7.52,0.01,0.133,5.0854,9679015,72151737.0,1433287895.34,1433172377.61
2014-08-18,'600656,博元投资,7.52,7.66,7.49,7.58,7.58,-0.06,-0.7916,4.1921,7978738,60281041.0,1431384458.56,1431269094.24
2014-08-15,'600656,博元投资,7.58,7.63,7.37,7.4,7.51,0.07,0.9321,4.7313,9004946,67706901.0,1442805079.24,1442688794.46
2014-08-14,'600656,博元投资,7.51,7.59,7.18,7.24,7.25,0.26,3.5862,7.6354,14532325,107681507.0,1429481021.78,1429365810.87
2014-08-13,'600656,博元投资,7.25,7.3,7.05,7.14,7.11,0.14,1.9691,6.2394,11875384,85072189.0,1379991665.5,1379880443.25
2014-08-12,'600656,博元投资,7.11,7.16,6.89,6.92,6.9,0.21,3.0435,5.4265,10328090,72641496.0,1353343550.58,1353234476.07
2014-08-11,'600656,博元投资,6.9,6.93,6.83,6.87,6.84,0.06,0.8772,3.0085,5725955,39434333.0,1313371378.2,1313265525.3
2014-08-08,'600656,博元投资,6.84,6.88,6.73,6.73,6.77,0.07,1.034,2.6202,4986941,33899626.0,1301950757.52,1301845825.08
2014-08-07,'600656,博元投资,6.77,6.96,6.72,6.8,6.81,-0.04,-0.5874,2.6853,5110873,34921809.0,1288626700.06,1288522841.49
2014-08-06,'600656,博元投资,6.81,6.9,6.74,6.81,6.84,-0.03,-0.4386,2.7989,5327052,36378314.0,1296240447.18,1296135974.97
2014-08-05,'600656,博元投资,6.84,6.86,6.69,6.73,6.72,0.12,1.7857,2.5812,4912799,33258001.0,1301950757.52,1301845825.08
2014-08-04,'600656,博元投资,6.72,6.76,6.6,6.6,6.64,0.08,1.2048,1.8537,3528049,23602208.0,1279109516.16,1279006424.64
2014-08-01,'600656,博元投资,6.64,6.78,6.62,6.65,6.67,-0.03,-0.4498,3.4101,6490354,43394126.0,1263882021.92,1263780157.68
2014-07-31,'600656,博元投资,6.67,6.7,6.53,6.6,6.59,0.08,1.214,1.9616,3733431,24711981.0,1269592332.26,1269490007.79
2014-07-30,'600656,博元投资,6.59,6.63,6.5,6.57,6.58,0.01,0.152,2.8097,5347608,35071493.0,1254364838.02,1254263740.83
2014-07-29,'600656,博元投资,6.58,6.61,6.4,6.45,6.45,0.13,2.0155,3.3658,6406097,41832528.0,1252461401.24,1252360457.46
2014-07-28,'600656,博元投资,6.45,6.48,6.38,6.39,6.38,0.07,1.0972,2.4036,4574700,29397553.0,1227716723.1,1227617773.65
2014-07-25,'600656,博元投资,6.38,6.38,6.26,6.3,6.28,0.1,1.5924,1.5789,3005024,19046679.0,1214392665.64,1214294790.06
2014-07-24,'600656,博元投资,6.28,6.38,6.24,6.33,6.33,-0.05,-0.7899,1.9003,3616853,22759025.0,1195358297.84,1195261956.36
2014-07-23,'600656,博元投资,6.33,6.48,6.32,6.4,6.38,-0.05,-0.7837,2.0621,3924818,25096220.0,1204875481.74,1204778373.21
2014-07-22,'600656,博元投资,6.38,6.42,6.29,6.3,6.32,0.06,0.9494,2.4984,4755154,30280541.0,1214392665.64,1214294790.06
2014-07-21,'600656,博元投资,6.32,6.4,6.26,6.34,6.35,-0.03,-0.4724,1.7098,3254234,20574106.0,1202972044.96,1202875089.84
2014-07-18,'600656,博元投资,6.35,6.43,6.25,6.29,6.29,0.06,0.9539,3.3592,6393581,40533601.0,1208682355.3,1208584939.95
2014-07-17,'600656,博元投资,6.29,6.47,6.22,6.29,6.29,0.0,0.0,1.5202,2893449,18224609.0,1197261734.62,1197165239.73
2014-07-16,'600656,博元投资,6.29,6.39,6.2,6.3,6.33,-0.04,-0.6319,3.4305,6529306,41242381.0,1197261734.62,1197165239.73
2014-07-15,'600656,博元投资,6.33,6.44,6.28,6.37,6.36,-0.03,-0.4717,1.5206,2894211,18343662.0,1204875481.74,1204778373.21
2014-07-14,'600656,博元投资,6.36,6.37,6.23,6.25,6.25,0.11,1.76,1.8607,3541437,22289626.0,1210585792.08,1210488223.32
2014-07-11,'600656,博元投资,6.25,6.28,6.17,6.21,6.22,0.03,0.4823,2.1991,4185459,26104749.0,1189647987.5,1189552106.25
2014-07-10,'600656,博元投资,6.22,6.29,6.18,6.27,6.27,-0.05,-0.7974,0.9481,1804579,11273443.0,1183937677.16,1183842256.14
2014-07-09,'600656,博元投资,6.27,6.41,6.23,6.35,6.35,-0.08,-1.2598,2.0696,3939126,24830959.0,1193454861.06,1193358672.99
2014-07-08,'600656,博元投资,6.35,6.4,6.25,6.29,6.28,0.07,1.1146,1.4594,2777687,17658621.0,1208682355.3,1208584939.95
2014-07-07,'600656,博元投资,6.28,6.28,6.18,6.24,6.25,0.03,0.48,1.2906,2456453,15315472.0,1195358297.84,1195261956.36
2014-07-04,'600656,博元投资,6.25,6.32,6.21,6.3,6.3,-0.05,-0.7937,2.0791,3957126,24750794.0,1189647987.5,1189552106.25
2014-07-03,'600656,博元投资,6.3,6.36,6.15,6.24,6.23,0.07,1.1236,2.3988,4565654,28550403.0,1199165171.4,1199068523.1
2014-07-02,'600656,博元投资,6.23,6.25,6.13,6.13,6.13,0.1,1.6313,3.3564,6388225,39612701.0,1185841113.94,1185745539.51
2014-07-01,'600656,博元投资,6.13,6.25,6.05,6.05,6.06,0.07,1.1551,3.5404,6738399,41328454.0,1166806746.14,1166712705.81
2014-06-30,'600656,博元投资,6.06,6.14,5.97,5.99,5.98,0.08,1.3378,2.78,5291094,32063619.0,1153482688.68,1153389722.22
2014-06-27,'600656,博元投资,5.98,6.04,5.87,6.01,5.99,-0.01,-0.1669,3.2514,6188377,36850908.0,1138255194.44,1138163455.26
2014-06-26,'600656,博元投资,5.99,6.04,5.95,5.99,5.99,0.0,0.0,2.2525,4287141,25705729.0,1140158631.22,1140066738.63
2014-06-25,'600656,博元投资,5.99,6.04,5.9,6.04,6.01,-0.02,-0.3328,1.2472,2373815,14181532.0,1140158631.22,1140066738.63
2014-06-24,'600656,博元投资,6.01,6.05,5.9,5.95,5.91,0.1,1.692,1.7251,3283290,19637241.0,1143965504.78,1143873305.37
2014-06-23,'600656,博元投资,5.91,5.98,5.79,5.83,5.78,0.13,2.2491,2.4697,4700607,27709863.0,1124931136.98,1124840471.67
2014-06-20,'600656,博元投资,5.78,5.95,5.66,5.7,5.93,-0.15,-2.5295,3.5008,6662998,38608633.0,1100186458.84,1100097787.86
2014-06-19,'600656,博元投资,5.93,6.3,5.93,6.3,6.59,-0.66,-10.0152,7.6313,14524518,86973037.0,1128738010.54,1128647038.41
2014-06-18,'600656,博元投资,6.59,6.83,6.51,6.8,6.8,-0.21,-3.0882,3.2272,6142250,40659262.0,1254364838.02,1254263740.83
2014-06-17,'600656,博元投资,6.8,6.92,6.79,6.89,6.89,-0.09,-1.3062,1.3918,2648904,18110880.0,1294337010.4,1294232691.6
2014-06-16,'600656,博元投资,6.89,7.1,6.83,7.01,7.05,-0.16,-2.2695,2.8017,5332441,36895840.0,1311467941.42,1311362241.93
2014-06-13,'600656,博元投资,7.05,7.1,6.94,7.02,7.02,0.03,0.4274,1.1616,2210885,15558568.0,1341922929.9,1341814775.85
2014-06-12,'600656,博元投资,7.02,7.13,6.94,7.05,7.06,-0.04,-0.5666,0.803,1528426,10734076.0,1336212619.56,1336104925.74
2014-06-11,'600656,博元投资,7.06,7.14,7.01,7.08,7.08,-0.02,-0.2825,0.7046,1341068,9474365.0,1343826366.68,1343718059.22
2014-06-10,'600656,博元投资,7.08,7.1,6.86,6.97,6.97,0.11,1.5782,0.9636,1833966,12851550.0,1347633240.24,1347524625.96
2014-06-09,'600656,博元投资,6.97,7.07,6.95,7.04,7.03,-0.06,-0.8535,0.6538,1244423,8723275.0,1326695435.66,1326588508.89
2014-06-06,'600656,博元投资,7.03,7.2,6.88,6.89,6.94,0.09,1.2968,2.4551,4672792,33045430.0,1338116056.34,1338008209.11
2014-06-05,'600656,博元投资,6.94,7.05,6.74,6.8,6.83,0.11,1.6105,0.9757,1857007,12891248.0,1320985125.32,1320878658.78
2014-06-04,'600656,博元投资,6.83,6.92,6.63,6.89,6.94,-0.11,-1.585,0.965,1836593,12414098.0,1300047320.74,1299942541.71
2014-06-03,'600656,博元投资,6.94,7.04,6.88,6.9,6.92,0.02,0.289,0.8404,1599599,11118162.0,1320985125.32,1320878658.78
2014-05-30,'600656,博元投资,6.92,6.97,6.78,6.88,6.9,0.02,0.2899,0.999,1901398,13049203.0,1317178251.76,1317072092.04
2014-05-29,'600656,博元投资,6.9,7.25,6.88,7.09,7.1,-0.2,-2.8169,1.2943,2463344,17224763.0,1313371378.2,1313265525.3
2014-05-28,'600656,博元投资,7.1,7.24,7.0,7.0,7.06,0.04,0.5666,1.5685,2985208,21245539.0,1351440113.8,1351331192.7
2014-05-27,'600656,博元投资,7.06,7.14,6.83,7.0,6.96,0.1,1.4368,2.1041,4004764,28116848.0,1343826366.68,1343718059.22
2014-05-26,'600656,博元投资,6.96,7.17,6.58,6.61,6.58,0.38,5.7751,3.2938,6269018,42892567.0,1324791998.88,1324685225.52
2014-05-23,'600656,博元投资,6.58,6.67,6.51,6.67,6.67,-0.09,-1.3493,0.8998,1712565,11263140.0,1252461401.24,1252360457.46
2014-05-22,'600656,博元投资,6.67,6.71,6.58,6.6,6.66,0.01,0.1502,0.9756,1856867,12365505.0,1269592332.26,1269490007.79
2014-05-21,'600656,博元投资,6.66,6.7,6.43,6.6,6.55,0.11,1.6794,1.0368,1973320,12950216.0,1267688895.48,1267586724.42
2014-05-20,'600656,博元投资,6.55,6.75,6.5,6.68,6.63,-0.08,-1.2066,0.4895,931711,6197493.0,1246751090.9,1246650607.35
2014-05-19,'600656,博元投资,6.63,6.65,6.47,6.54,6.54,0.09,1.3761,0.6761,1286840,8477413.0,1261978585.14,1261876874.31
2014-05-16,'600656,博元投资,6.54,6.66,6.38,6.48,6.52,0.02,0.3067,0.9621,1831189,11991746.0,1244847654.12,1244747323.98
2014-05-15,'600656,博元投资,6.52,6.67,6.4,6.66,6.66,-0.14,-2.1021,0.6572,1250901,8180431.0,1241040780.56,1240940757.24
2014-05-14,'600656,博元投资,6.66,6.7,6.54,6.69,6.7,-0.04,-0.597,0.58,1103889,7333036.0,1267688895.48,1267586724.42
2014-05-13,'600656,博元投资,6.7,6.88,6.63,6.87,6.87,-0.17,-2.4745,1.0188,1939034,13071902.0,1275302642.6,1275199857.9
2014-05-12,'600656,博元投资,6.87,6.98,6.47,6.84,6.79,0.08,1.1782,1.5498,2949778,20151997.0,1307661067.86,1307555675.19
2014-05-09,'600656,博元投资,6.79,6.96,6.74,6.79,6.79,0.0,0.0,0.6485,1234236,8447240.0,1292433573.62,1292329408.23
2014-05-08,'600656,博元投资,6.79,6.9,6.75,6.76,6.78,0.01,0.1475,0.603,1147704,7835760.0,1292433573.62,1292329408.23
2014-05-07,'600656,博元投资,6.78,6.97,6.77,6.95,6.96,-0.18,-2.5862,0.6385,1215195,8326056.0,1290530136.84,1290426124.86
2014-05-06,'600656,博元投资,6.96,7.05,6.8,6.81,6.85,0.11,1.6058,0.77,1465602,10188300.0,1324791998.88,1324685225.52
2014-05-05,'600656,博元投资,6.85,6.87,6.68,6.83,6.82,0.03,0.4399,1.0551,2008164,13591828.0,1303854194.3,1303749108.45
2014-04-30,'600656,博元投资,6.82,6.88,6.66,6.73,6.71,0.11,1.6393,1.3104,2494053,16962329.0,1298143883.96,1298039258.34
2014-04-29,'600656,博元投资,6.71,6.77,6.2,6.44,6.43,0.28,4.3546,1.2007,2285223,14929529.0,1277206079.38,1277103141.27
2014-04-28,'600656,博元投资,6.43,6.85,6.3,6.85,6.81,-0.38,-5.58,1.6427,3126544,20426446.0,1223909849.54,1223811206.91
2014-04-25,'600656,博元投资,6.81,7.1,6.8,7.03,7.03,-0.22,-3.1294,0.9142,1739998,12092391.0,1296240447.18,1296135974.97
2014-04-24,'600656,博元投资,7.03,7.23,7.0,7.21,7.21,-0.18,-2.4965,1.0406,1980489,14076623.0,1338116056.34,1338008209.11
2014-04-23,'600656,博元投资,7.21,7.27,7.01,7.01,7.14,0.07,0.9804,1.0509,2000170,14270207.0,1372377918.38,1372267309.77
2014-04-22,'600656,博元投资,7.14,7.29,7.11,7.17,7.25,-0.11,-1.5172,1.222,2325741,16684223.0,1359053860.92,1358944326.18
2014-04-21,'600656,博元投资,7.25,7.33,7.11,7.11,7.2,0.05,0.6944,1.3972,2659178,19307311.0,1379991665.5,1379880443.25
2014-04-18,'600656,博元投资,7.2,7.24,7.14,7.23,7.23,-0.03,-0.4149,0.935,1779490,12773665.0,1370474481.6,1370364026.4
2014-04-17,'600656,博元投资,7.23,7.36,7.2,7.2,7.24,-0.01,-0.1381,0.9299,1769800,12879079.0,1376184791.94,1376073876.51
2014-04-16,'600656,博元投资,7.24,7.4,7.18,7.21,7.28,-0.04,-0.5495,0.9416,1792143,13019363.0,1378088228.72,1377977159.88
2014-04-15,'600656,博元投资,7.28,7.35,7.17,7.35,7.36,-0.08,-1.087,1.1223,2135996,15462746.0,1385701975.84,1385590293.36
2014-04-14,'600656,博元投资,7.36,7.4,7.1,7.12,7.18,0.18,2.507,1.2631,2404119,17591789.0,1400929470.08,1400816560.32
2014-04-11,'600656,博元投资,7.18,7.33,7.05,7.25,7.25,-0.07,-0.9655,1.0978,2089473,14929385.0,1366667608.04,1366557459.66
2014-04-10,'600656,博元投资,7.25,7.42,7.22,7.32,7.33,-0.08,-1.0914,1.0523,2002766,14636065.0,1379991665.5,1379880443.25
2014-04-09,'600656,博元投资,7.33,7.49,7.26,7.26,7.34,-0.01,-0.1362,1.5218,2896362,21268775.0,1395219159.74,1395106710.21
2014-04-08,'600656,博元投资,7.34,7.37,6.99,7.05,7.02,0.32,4.5584,2.1909,4169819,30193295.0,1397122596.52,1397009993.58
2014-04-04,'600656,博元投资,7.02,7.09,6.95,7.01,7.01,0.01,0.1427,2.943,5601300,39344191.0,1336212619.56,1336104925.74
2014-04-03,'600656,博元投资,7.01,7.2,6.92,7.2,7.23,-0.22,-3.0429,2.8075,5343439,37606622.0,1334309182.78,1334201642.37
2014-04-02,'600656,博元投资,7.23,7.32,7.18,7.3,7.38,-0.15,-2.0325,1.2572,2392850,17383042.0,1376184791.94,1376073876.51
2014-04-01,'600656,博元投资,7.38,7.52,7.28,7.39,7.45,-0.07,-0.9396,4.5584,8675904,64012589.0,1404736343.64,1404623127.06
2014-03-31,'600656,博元投资,7.45,7.57,7.22,7.51,7.53,-0.08,-1.0624,4.2184,8028731,59835782.0,1418060401.1,1417946110.65
2014-03-28,'600656,博元投资,7.53,7.63,7.01,7.4,7.47,0.06,0.8032,5.5421,10548187,78300862.0,1433287895.34,1433172377.61
2014-03-27,'600656,博元投资,7.47,7.55,7.22,7.35,7.32,0.15,2.0492,4.3338,8248437,61277151.0,1421867274.66,1421752677.39
2014-03-26,'600656,博元投资,7.32,7.81,7.25,7.73,7.76,-0.44,-5.6701,4.3381,8256686,61302031.0,1393315722.96,1393203426.84
2014-03-25,'600656,博元投资,7.76,7.82,7.55,7.55,7.66,0.1,1.3055,1.1093,2111310,16365749.0,1477066941.28,1476947895.12
2014-03-24,'600656,博元投资,7.66,7.84,7.5,7.61,7.67,-0.01,-0.1304,1.9422,3696589,28237643.0,1458032573.48,1457915061.42
2014-03-21,'600656,博元投资,7.67,7.77,7.3,7.61,7.65,0.02,0.2614,1.9496,3710725,28317518.0,1459936010.26,1459818344.79
2014-03-20,'600656,博元投资,7.65,8.25,7.63,8.18,8.16,-0.51,-6.25,2.8119,5351874,42444235.0,1456129136.7,1456011778.05
2014-03-19,'600656,博元投资,8.16,8.26,8.02,8.24,8.24,-0.08,-0.9709,2.3205,4416580,35846951.0,1553204412.48,1553079229.92
2014-03-18,'600656,博元投资,8.24,8.4,8.12,8.24,8.24,0.0,0.0,2.2034,4193740,34615585.0,1568431906.72,1568305496.88
2014-03-17,'600656,博元投资,8.24,8.25,7.9,7.91,7.96,0.28,3.5176,2.9966,5703449,46336433.0,1568431906.72,1568305496.88
2014-03-14,'600656,博元投资,7.96,8.14,7.8,7.9,7.94,0.02,0.2519,2.6669,5075893,40771095.0,1515135676.88,1515013562.52
2014-03-13,'600656,博元投资,7.94,8.0,7.74,7.92,7.87,0.07,0.8895,1.3367,2544030,20039650.0,1511328803.32,1511206995.78
2014-03-12,'600656,博元投资,7.87,8.18,7.66,7.81,7.78,0.09,1.1568,3.9892,7592580,60342993.0,1498004745.86,1497884012.19
2014-03-11,'600656,博元投资,7.78,7.91,7.66,7.7,7.77,0.01,0.1287,1.6739,3185968,24792187.0,1480873814.84,1480754461.86
2014-03-10,'600656,博元投资,7.77,8.03,7.61,7.78,7.97,-0.2,-2.5094,2.8428,5410600,42293020.0,1478970378.06,1478851178.49
2014-03-07,'600656,博元投资,7.97,8.09,7.75,7.86,7.99,-0.02,-0.2503,2.273,4326095,34366004.0,1517039113.66,1516916845.89
2014-03-06,'600656,博元投资,7.99,8.09,7.79,8.04,7.97,0.02,0.2509,2.565,4881856,38822798.0,1520845987.22,1520723412.63
2014-03-05,'600656,博元投资,7.97,8.17,7.88,7.96,8.02,-0.05,-0.6234,3.3103,6300499,50501946.0,1517039113.66,1516916845.89
2014-03-04,'600656,博元投资,8.02,8.29,7.93,8.13,8.13,-0.11,-1.353,3.3841,6440971,52132488.0,1526556297.56,1526433262.74
2014-03-03,'600656,博元投资,8.13,8.18,7.69,7.69,7.68,0.45,5.8594,5.5469,10557233,84602488.0,1547494102.14,1547369379.81
2014-02-28,'600656,博元投资,7.68,7.72,7.43,7.63,7.59,0.09,1.1858,1.6604,3160130,23899590.0,1461839447.04,1461721628.16
2014-02-27,'600656,博元投资,7.59,7.77,7.46,7.6,7.55,0.04,0.5298,4.0456,7699838,58875691.0,1444708516.02,1444592077.83
2014-02-26,'600656,博元投资,7.55,7.69,7.06,7.15,7.22,0.33,4.5706,3.29,6261793,46640563.0,1437094768.9,1436978944.35
2014-02-25,'600656,博元投资,7.22,7.93,7.01,7.69,7.65,-0.43,-5.6209,3.6468,6940911,52590668.0,1374281355.16,1374170593.14
2014-02-24,'600656,博元投资,7.65,7.74,7.5,7.62,7.62,0.03,0.3937,3.0249,5757232,43914004.0,1456129136.7,1456011778.05
2014-02-21,'600656,博元投资,7.62,7.76,7.45,7.52,7.59,0.03,0.3953,3.8632,7352846,56014020.0,1450418826.36,1450301927.94
2014-02-20,'600656,博元投资,7.59,8.05,7.57,7.81,7.77,-0.18,-2.3166,5.8153,11068117,85971783.0,1444708516.02,1444592077.83
2014-02-19,'600656,博元投资,7.77,7.89,7.38,7.4,7.48,0.29,3.877,6.3621,12108902,93348430.0,1478970378.06,1478851178.49
2014-02-18,'600656,博元投资,7.48,7.71,7.2,7.27,7.26,0.22,3.0303,8.0973,15411467,114847258.0,1423770711.44,1423655960.76
2014-02-17,'600656,博元投资,7.26,7.34,6.86,6.86,6.97,0.29,4.1607,6.8227,12985457,92302960.0,1381895102.28,1381783726.62
2014-02-14,'600656,博元投资,6.97,7.27,6.78,6.78,6.87,0.1,1.4556,6.4211,12221140,85413204.0,1326695435.66,1326588508.89
2014-02-13,'600656,博元投资,6.87,7.34,6.71,7.34,6.67,0.2,2.9985,13.3906,25486087,178772162.0,1307661067.86,1307555675.19
2014-02-12,'600656,博元投资,6.67,6.67,6.67,6.67,6.06,0.61,10.066,0.667,1269534,8467792.0,1269592332.26,1269490007.79
2014-02-11,'600656,博元投资,0.0,0.0,0.0,0.0,6.06,None,None,0.0,0,0.0,1153482688.68,1153389722.22
2014-02-10,'600656,博元投资,0.0,0.0,0.0,0.0,6.06,None,None,0.0,0,0.0,1153482688.68,1153389722.22
2014-02-07,'600656,博元投资,0.0,0.0,0.0,0.0,6.06,None,None,0.0,0,0.0,1153482688.68,1153389722.22
2014-01-30,'600656,博元投资,0.0,0.0,0.0,0.0,6.06,None,None,0.0,0,0.0,1153482688.68,1153389722.22
2014-01-29,'600656,博元投资,6.06,6.13,5.91,5.92,6.01,0.05,0.8319,0.5267,1002520,6078163.0,1153482688.68,1153389722.22
2014-01-28,'600656,博元投资,6.01,6.18,5.91,6.18,5.95,0.06,1.0084,0.9355,1780572,10685694.0,1143965504.78,1143873305.37
2014-01-27,'600656,博元投资,5.95,5.97,5.75,5.8,5.76,0.19,3.2986,0.9266,1763670,10359484.0,1132544884.1,1132453605.15
2014-01-24,'600656,博元投资,5.76,5.91,5.73,5.74,5.8,-0.04,-0.6897,0.8384,1595683,9245732.0,1096379585.28,1096291221.12
2014-01-23,'600656,博元投资,5.8,5.85,5.7,5.72,5.76,0.04,0.6944,0.759,1444569,8372210.0,1103993332.4,1103904354.6
2014-01-22,'600656,博元投资,5.76,5.92,5.42,5.42,5.43,0.33,6.0773,1.6588,3157089,18065631.0,1096379585.28,1096291221.12
2014-01-21,'600656,博元投资,5.43,5.45,5.28,5.37,5.37,0.06,1.1173,0.5793,1102490,5910240.0,1033566171.54,1033482869.91
2014-01-20,'600656,博元投资,5.37,5.4,5.23,5.3,5.31,0.06,1.1299,0.5386,1025030,5437875.0,1022145550.86,1022063169.69
2014-01-17,'600656,博元投资,5.31,5.51,5.3,5.51,5.5,-0.19,-3.4545,0.8267,1573446,8418738.0,1010724930.18,1010643469.47
2014-01-16,'600656,博元投资,5.5,5.6,5.44,5.57,5.57,-0.07,-1.2567,0.5544,1055207,5811043.0,1046890229.0,1046805853.5
2014-01-15,'600656,博元投资,5.57,5.63,5.5,5.6,5.62,-0.05,-0.8897,0.4091,778693,4322495.0,1060214286.46,1060128837.09
2014-01-14,'600656,博元投资,5.62,5.62,5.38,5.47,5.48,0.14,2.5547,0.5448,1036907,5685828.0,1069731470.36,1069645253.94
2014-01-13,'600656,博元投资,5.48,5.55,5.46,5.53,5.53,-0.05,-0.9042,0.2785,529998,2914619.0,1043083355.44,1042999286.76
2014-01-10,'600656,博元投资,5.53,5.6,5.42,5.55,5.62,-0.09,-1.6014,0.7914,1506314,8295101.0,1052600539.34,1052515703.61
2014-01-09,'600656,博元投资,5.62,5.82,5.61,5.82,5.82,-0.2,-3.4364,0.9091,1730220,9835132.0,1069731470.36,1069645253.94
2014-01-08,'600656,博元投资,5.82,6.02,5.76,6.01,6.05,-0.23,-3.8017,0.9704,1847023,10783984.0,1107800205.96,1107710921.34
2014-01-07,'600656,博元投资,6.05,6.26,6.01,6.15,6.03,0.02,0.3317,1.6808,3199102,19645121.0,1151579251.9,1151486438.85
2014-01-06,'600656,博元投资,6.03,6.11,5.93,6.11,6.08,-0.05,-0.8224,0.7454,1418790,8477535.0,1147772378.34,1147679872.11
2014-01-03,'600656,博元投资,6.08,6.12,5.94,5.95,6.01,0.07,1.1647,0.6647,1265201,7605425.0,1157289562.24,1157196288.96
2014-01-02,'600656,博元投资,6.01,6.02,5.88,5.94,5.94,0.07,1.1785,0.6568,1249984,7474659.0,1143965504.78,1143873305.37
2013-12-31,'600656,博元投资,5.94,6.14,5.91,5.93,5.91,0.03,0.5076,0.6982,1328784,7946184.0,1130641447.32,1130550321.78
2013-12-30,'600656,博元投资,5.91,5.95,5.85,5.95,5.86,0.05,0.8532,0.4509,858137,5050828.0,1124931136.98,1124840471.67
2013-12-27,'600656,博元投资,5.86,5.91,5.75,5.75,5.76,0.1,1.7361,0.4867,926391,5430555.0,1115413953.08,1115324054.82
2013-12-26,'600656,博元投资,5.76,5.96,5.75,5.8,5.81,-0.05,-0.8606,0.9887,1881701,11031613.0,1096379585.28,1096291221.12
2013-12-25,'600656,博元投资,5.81,5.86,5.76,5.8,5.82,-0.01,-0.1718,0.5165,983112,5708368.0,1105896769.18,1105807637.97
2013-12-24,'600656,博元投资,5.82,5.9,5.72,5.72,5.81,0.01,0.1721,0.7613,1448963,8447469.0,1107800205.96,1107710921.34
2013-12-23,'600656,博元投资,5.81,5.98,5.68,5.93,6.05,-0.24,-3.9669,1.6129,3069810,17844043.0,1105896769.18,1105807637.97
2013-12-20,'600656,博元投资,6.05,6.16,6.0,6.11,6.13,-0.08,-1.3051,0.6105,1161960,7058681.0,1151579251.9,1151486438.85
2013-12-19,'600656,博元投资,6.13,6.25,6.11,6.17,6.15,-0.02,-0.3252,0.6931,1319112,8117586.0,1166806746.14,1166712705.81
2013-12-18,'600656,博元投资,6.15,6.25,6.03,6.16,6.15,0.0,0.0,0.6748,1284403,7912748.0,1170613619.7,1170519272.55
2013-12-17,'600656,博元投资,6.15,6.46,6.13,6.44,6.44,-0.29,-4.5031,1.5242,2901000,18188724.0,1170613619.7,1170519272.55
2013-12-16,'600656,博元投资,6.44,6.55,6.34,6.4,6.41,0.03,0.468,0.9576,1822674,11721075.0,1225813286.32,1225714490.28
2013-12-13,'600656,博元投资,6.41,6.49,6.36,6.42,6.49,-0.08,-1.2327,1.2774,2431302,15643103.0,1220102975.98,1220004640.17
2013-12-12,'600656,博元投资,6.49,6.61,6.47,6.58,6.67,-0.18,-2.6987,2.5033,4764511,31208432.0,1235330470.22,1235230907.13
2013-12-11,'600656,博元投资,6.67,6.76,6.4,6.55,6.57,0.1,1.5221,5.0509,9613338,63722090.0,1269592332.26,1269490007.79
2013-12-10,'600656,博元投资,6.57,6.64,6.14,6.2,6.21,0.36,5.7971,4.2698,8126545,52427596.0,1250557964.46,1250457174.09
2013-12-09,'600656,博元投资,6.21,6.23,6.14,6.18,6.18,0.03,0.4854,0.6162,1172777,7257202.0,1182034240.38,1181938972.77
2013-12-06,'600656,博元投资,6.18,6.24,6.13,6.24,6.23,-0.05,-0.8026,0.7302,1389724,8579242.0,1176323930.04,1176229122.66
2013-12-05,'600656,博元投资,6.23,6.25,6.12,6.18,6.18,0.05,0.8091,0.8895,1692936,10442354.0,1185841113.94,1185745539.51
2013-12-04,'600656,博元投资,6.18,6.22,6.12,6.14,6.15,0.03,0.4878,0.9559,1819279,11257884.0,1176323930.04,1176229122.66
2013-12-03,'600656,博元投资,6.15,6.17,5.85,5.98,5.96,0.19,3.1879,1.1771,2240368,13549175.0,1170613619.7,1170519272.55
2013-12-02,'600656,博元投资,5.96,6.28,5.88,6.16,6.31,-0.35,-5.5468,2.3349,4444004,26952267.0,1134448320.88,1134356888.52
2013-11-29,'600656,博元投资,6.31,6.39,6.25,6.26,6.28,0.03,0.4777,0.9689,1844186,11651956.0,1201068608.18,1200971806.47
2013-11-28,'600656,博元投资,6.28,6.45,6.2,6.21,6.2,0.08,1.2903,1.889,3595247,22696047.0,1195358297.84,1195261956.36
2013-11-27,'600656,博元投资,6.2,6.23,6.15,6.17,6.16,0.04,0.6494,1.0079,1918357,11880870.0,1180130803.6,1180035689.4
2013-11-26,'600656,博元投资,6.16,6.22,6.06,6.2,6.21,-0.05,-0.8052,1.2831,2442130,14987582.0,1172517056.48,1172422555.92
2013-11-25,'600656,博元投资,6.21,6.25,6.1,6.11,6.16,0.05,0.8117,1.2256,2332577,14408240.0,1182034240.38,1181938972.77
2013-11-22,'600656,博元投资,6.16,6.21,6.11,6.13,6.14,0.02,0.3257,0.8507,1619047,9964964.0,1172517056.48,1172422555.92
2013-11-21,'600656,博元投资,6.14,6.25,6.12,6.24,6.24,-0.1,-1.6026,0.8912,1696289,10488896.0,1168710182.92,1168615989.18
2013-11-20,'600656,博元投资,6.24,6.29,6.16,6.26,6.25,-0.01,-0.16,0.7013,1334715,8294443.0,1187744550.72,1187648822.88
2013-11-19,'600656,博元投资,6.25,6.28,6.11,6.15,6.15,0.1,1.626,1.3072,2487950,15439307.0,1189647987.5,1189552106.25
2013-11-18,'600656,博元投资,6.15,6.17,6.0,6.07,6.05,0.1,1.6529,1.2861,2447882,15002349.0,1170613619.7,1170519272.55
2013-11-15,'600656,博元投资,6.05,6.13,5.93,5.96,5.96,0.09,1.5101,1.0925,2079293,12623823.0,1151579251.9,1151486438.85
2013-11-14,'600656,博元投资,5.96,5.98,5.86,5.92,5.94,0.02,0.3367,0.5755,1095280,6495988.0,1134448320.88,1134356888.52
2013-11-13,'600656,博元投资,5.94,6.04,5.93,5.99,6.0,-0.06,-1.0,0.674,1282779,7682681.0,1130641447.32,1130550321.78
2013-11-12,'600656,博元投资,6.0,6.05,5.89,5.95,5.95,0.05,0.8403,0.6974,1327406,7935069.0,1142062068.0,1141970022.0
2013-11-11,'600656,博元投资,5.95,5.96,5.77,5.9,5.86,0.09,1.5358,0.4288,816072,4804925.0,1132544884.1,1132453605.15
2013-11-08,'600656,博元投资,5.86,5.95,5.82,5.87,5.92,-0.06,-1.0135,0.6667,1268948,7458935.0,1115413953.08,1115324054.82
2013-11-07,'600656,博元投资,5.92,6.04,5.9,6.04,6.05,-0.13,-2.1488,1.1411,2171929,12955038.0,1126834573.76,1126743755.04
2013-11-06,'600656,博元投资,6.05,6.15,6.03,6.13,6.14,-0.09,-1.4658,1.2704,2417935,14735108.0,1151579251.9,1151486438.85
2013-11-05,'600656,博元投资,6.14,6.17,6.0,6.04,6.15,-0.01,-0.1626,1.7951,3416629,20762241.0,1168710182.92,1168615989.18
2013-11-04,'600656,博元投资,6.15,6.17,5.99,6.02,6.02,0.13,2.1595,2.0907,3979284,24181376.0,1170613619.7,1170519272.55
2013-11-01,'600656,博元投资,6.02,6.09,5.79,5.98,5.95,0.07,1.1765,1.9253,3664369,21929451.0,1145868941.56,1145776588.74
2013-10-31,'600656,博元投资,5.95,6.12,5.91,6.11,6.11,-0.16,-2.6187,1.5932,3032349,18299546.0,1132544884.1,1132453605.15
2013-10-30,'600656,博元投资,6.11,6.18,5.78,5.85,5.84,0.27,4.6233,2.4682,4697669,28168121.0,1162999872.58,1162906139.07
2013-10-29,'600656,博元投资,5.84,6.1,5.66,6.06,6.05,-0.21,-3.4711,1.5669,2982331,17462905.0,1111607079.52,1111517488.08
2013-10-28,'600656,博元投资,6.05,6.26,6.02,6.22,6.21,-0.16,-2.5765,0.9725,1850974,11261394.0,1151579251.9,1151486438.85
2013-10-25,'600656,博元投资,6.21,6.5,6.2,6.46,6.42,-0.21,-3.271,1.0974,2088731,13203338.0,1182034240.38,1181938972.77
2013-10-24,'600656,博元投资,6.42,6.56,6.41,6.49,6.49,-0.07,-1.0786,0.9917,1887462,12227721.0,1222006412.76,1221907923.54
2013-10-23,'600656,博元投资,6.49,6.75,6.46,6.75,6.75,-0.26,-3.8519,1.8696,3558404,23470173.0,1235330470.22,1235230907.13
2013-10-22,'600656,博元投资,6.75,6.85,6.73,6.83,6.79,-0.04,-0.5891,2.0626,3925769,26611618.0,1284819826.5,1284716274.75
2013-10-21,'600656,博元投资,6.79,6.81,6.65,6.7,6.68,0.11,1.6467,2.1068,4009787,26992764.0,1292433573.62,1292329408.23
2013-10-18,'600656,博元投资,6.68,6.77,6.66,6.72,6.72,-0.04,-0.5952,1.0639,2024936,13584108.0,1271495769.04,1271393291.16
2013-10-17,'600656,博元投资,6.72,6.88,6.69,6.75,6.83,-0.11,-1.6105,1.3803,2627072,17780114.0,1279109516.16,1279006424.64
2013-10-16,'600656,博元投资,6.83,6.98,6.66,6.98,6.98,-0.15,-2.149,2.1096,4015205,27279612.0,1300047320.74,1299942541.71
2013-10-15,'600656,博元投资,6.98,7.0,6.7,6.72,6.83,0.15,2.1962,2.4358,4636043,31933060.0,1328598872.44,1328491792.26
2013-10-14,'600656,博元投资,6.83,7.04,6.83,6.84,6.81,0.02,0.2937,3.3865,6445459,44705144.0,1300047320.74,1299942541.71
2013-10-11,'600656,博元投资,6.81,6.81,6.7,6.73,6.68,0.13,1.9461,1.7588,3347525,22661174.0,1296240447.18,1296135974.97
2013-10-10,'600656,博元投资,6.68,6.88,6.61,6.78,6.82,-0.14,-2.0528,1.9455,3702908,24968094.0,1271495769.04,1271393291.16
2013-10-09,'600656,博元投资,6.82,6.84,6.6,6.73,6.77,0.05,0.7386,1.9386,3689676,24949601.0,1298143883.96,1298039258.34
2013-10-08,'600656,博元投资,6.77,6.81,6.57,6.64,6.65,0.12,1.8045,1.5835,3013884,20296730.0,1288626700.06,1288522841.49
2013-09-30,'600656,博元投资,6.65,6.68,6.57,6.61,6.6,0.05,0.7576,1.3099,2493178,16486375.0,1265785458.7,1265683441.05
2013-09-27,'600656,博元投资,6.6,6.64,6.46,6.52,6.55,0.05,0.7634,1.4235,2709229,17854775.0,1256268274.8,1256167024.2
2013-09-26,'600656,博元投资,6.55,6.79,6.54,6.79,6.83,-0.28,-4.0996,2.8948,5509568,36522318.0,1246751090.9,1246650607.35
2013-09-25,'600656,博元投资,6.83,6.94,6.8,6.93,6.92,-0.09,-1.3006,2.8103,5348792,36699395.0,1300047320.74,1299942541.71
2013-09-24,'600656,博元投资,6.92,6.95,6.77,6.84,6.88,0.04,0.5814,3.1806,6053634,41453047.0,1317178251.76,1317072092.04
2013-09-23,'600656,博元投资,6.88,6.93,6.68,6.9,6.9,-0.02,-0.2899,6.0112,11441082,77319832.0,1309564504.64,1309458958.56
2013-09-18,'600656,博元投资,6.9,7.05,6.76,6.76,6.89,0.01,0.1451,4.7514,9043301,62728310.0,1313371378.2,1313265525.3
2013-09-17,'600656,博元投资,6.89,7.37,6.82,7.37,7.25,-0.36,-4.9655,8.3142,15824331,111444882.0,1311467941.42,1311362241.93
2013-09-16,'600656,博元投资,7.25,7.48,7.22,7.37,7.39,-0.14,-1.8945,8.8898,16919886,123510576.0,1379991665.5,1379880443.25
2013-09-13,'600656,博元投资,7.39,7.58,7.28,7.5,7.61,-0.22,-2.8909,11.8882,22626596,167575473.0,1406639780.42,1406526410.43
2013-09-12,'600656,博元投资,7.61,7.65,7.2,7.4,7.49,0.12,1.6021,14.3511,27314303,201906655.0,1448515389.58,1448398644.57
2013-09-11,'600656,博元投资,7.49,7.49,6.67,6.72,6.81,0.68,9.9853,14.2144,27054099,193860902.0,1425674148.22,1425559244.13
2013-09-10,'600656,博元投资,6.81,6.93,6.55,6.56,6.61,0.2,3.0257,4.9805,9479337,64194445.0,1296240447.18,1296135974.97
2013-09-09,'600656,博元投资,6.61,6.74,6.42,6.47,6.42,0.19,2.9595,3.2106,6110695,40300010.0,1258171711.58,1258070307.57
2013-09-06,'600656,博元投资,6.42,6.45,6.33,6.38,6.37,0.05,0.7849,1.5502,2950539,18881939.0,1222006412.76,1221907923.54
2013-09-05,'600656,博元投资,6.37,6.48,6.3,6.48,6.47,-0.1,-1.5456,1.5852,3017074,19264363.0,1212489228.86,1212391506.69
2013-09-04,'600656,博元投资,6.47,6.61,6.41,6.59,6.59,-0.12,-1.8209,1.7426,3316699,21441650.0,1231523596.66,1231424340.39
2013-09-03,'600656,博元投资,6.59,6.6,6.37,6.45,6.4,0.19,2.9688,1.7459,3322890,21681779.0,1254364838.02,1254263740.83
2013-09-02,'600656,博元投资,6.4,6.48,6.32,6.42,6.39,0.01,0.1565,1.5366,2924659,18678491.0,1218199539.2,1218101356.8
2013-08-30,'600656,博元投资,6.39,6.64,6.37,6.45,6.48,-0.09,-1.3889,2.753,5239739,33942100.0,1216296102.42,1216198073.43
2013-08-29,'600656,博元投资,6.48,6.59,6.41,6.55,6.66,-0.18,-2.7027,3.1949,6080767,39395561.0,1233427033.44,1233327623.76
2013-08-28,'600656,博元投资,6.66,6.95,6.44,6.46,6.55,0.11,1.6794,7.8798,14997504,100875305.0,1267688895.48,1267586724.42
2013-08-27,'600656,博元投资,6.55,6.61,6.15,6.15,6.16,0.39,6.3312,5.0342,9581592,61272349.0,1246751090.9,1246650607.35
2013-08-26,'600656,博元投资,6.16,6.17,6.0,6.05,6.05,0.11,1.8182,1.3145,2501830,15266035.0,1172517056.48,1172422555.92
2013-08-23,'600656,博元投资,6.05,6.17,5.96,6.12,6.09,-0.04,-0.6568,1.0049,1912530,11638871.0,1151579251.9,1151486438.85
2013-08-22,'600656,博元投资,6.09,6.14,6.03,6.1,6.1,-0.01,-0.1639,1.0323,1964823,11981303.0,1159192999.02,1159099572.33
2013-08-21,'600656,博元投资,6.1,6.11,5.97,6.1,6.1,0.0,0.0,1.5119,2877610,17367744.0,1161096435.8,1161002855.7
2013-08-20,'600656,博元投资,6.1,6.22,6.07,6.2,6.19,-0.09,-1.454,1.3151,2502955,15366061.0,1161096435.8,1161002855.7
2013-08-19,'600656,博元投资,6.19,6.26,6.07,6.15,6.15,0.04,0.6504,1.0176,1936721,11924417.0,1178227366.82,1178132406.03
2013-08-16,'600656,博元投资,6.15,6.37,6.11,6.19,6.23,-0.08,-1.2841,1.243,2365808,14698186.0,1170613619.7,1170519272.55
2013-08-15,'600656,博元投资,6.23,6.35,6.2,6.3,6.31,-0.08,-1.2678,1.1653,2217846,13908193.0,1185841113.94,1185745539.51
2013-08-14,'600656,博元投资,6.31,6.52,6.27,6.44,6.43,-0.12,-1.8663,1.1507,2190125,13939535.0,1201068608.18,1200971806.47
2013-08-13,'600656,博元投资,6.43,6.52,6.35,6.37,6.34,0.09,1.4196,2.3986,4565215,29369455.0,1223909849.54,1223811206.91
2013-08-12,'600656,博元投资,6.34,6.35,6.17,6.2,6.23,0.11,1.7657,2.2346,4253162,26671683.0,1206778918.52,1206681656.58
2013-08-09,'600656,博元投资,6.23,6.27,6.05,6.2,6.17,0.06,0.9724,1.6618,3162830,19507266.0,1185841113.94,1185745539.51
2013-08-08,'600656,博元投资,6.17,6.23,6.11,6.13,6.18,-0.01,-0.1618,0.7955,1514076,9344579.0,1174420493.26,1174325839.29
2013-08-07,'600656,博元投资,6.18,6.26,6.15,6.18,6.24,-0.06,-0.9615,1.1478,2184665,13537558.0,1176323930.04,1176229122.66
2013-08-06,'600656,博元投资,6.24,6.35,6.09,6.29,6.29,-0.05,-0.7949,2.2309,4246083,26368321.0,1187744550.72,1187648822.88
2013-08-05,'600656,博元投资,6.29,6.37,6.18,6.27,6.34,-0.05,-0.7886,2.4261,4617643,28896850.0,1197261734.62,1197165239.73
2013-08-02,'600656,博元投资,6.34,6.6,6.12,6.2,6.22,0.12,1.9293,4.6182,8789731,56127248.0,1206778918.52,1206681656.58
2013-08-01,'600656,博元投资,6.22,6.36,5.85,5.93,5.89,0.33,5.6027,1.9751,3759243,23001272.0,1183937677.16,1183842256.14
2013-07-31,'600656,博元投资,5.89,5.92,5.72,5.81,5.73,0.16,2.7923,0.8316,1582706,9226048.0,1121124263.42,1121033904.93
2013-07-30,'600656,博元投资,5.73,5.93,5.56,5.9,5.89,-0.16,-2.7165,1.0831,2061493,11861210.0,1090669274.94,1090581371.01
2013-07-29,'600656,博元投资,5.89,6.06,5.85,6.06,6.03,-0.14,-2.3217,1.0187,1938893,11467946.0,1121124263.42,1121033904.93
2013-07-26,'600656,博元投资,6.03,6.12,6.01,6.08,6.11,-0.08,-1.3093,0.8307,1581064,9574722.0,1147772378.34,1147679872.11
2013-07-25,'600656,博元投资,6.11,6.22,6.02,6.12,6.19,-0.08,-1.2924,1.376,2618827,16062359.0,1162999872.58,1162906139.07
2013-07-24,'600656,博元投资,6.19,6.33,6.1,6.31,6.32,-0.13,-2.057,1.6707,3179752,19651980.0,1178227366.82,1178132406.03
2013-07-23,'600656,博元投资,6.32,6.38,6.1,6.15,6.27,0.05,0.7974,2.9339,5584090,34893056.0,1202972044.96,1202875089.84
2013-07-22,'600656,博元投资,6.27,6.44,5.8,5.86,6.05,0.22,3.6364,4.2339,8058360,49823993.0,1193454861.06,1193358672.99
2013-07-19,'600656,博元投资,6.05,6.08,5.61,5.61,5.68,0.37,6.5141,2.7669,5266207,30574788.0,1151579251.9,1151486438.85
2013-07-18,'600656,博元投资,5.68,5.8,5.6,5.8,5.79,-0.11,-1.8998,0.8482,1614430,9167761.0,1081152091.04,1081064954.16
2013-07-17,'600656,博元投资,5.79,5.9,5.68,5.9,5.91,-0.12,-2.0305,0.9974,1898332,10993376.0,1102089895.62,1102001071.23
2013-07-16,'600656,博元投资,5.91,5.98,5.81,5.88,5.89,0.02,0.3396,0.8857,1685665,9912255.0,1124931136.98,1124840471.67
2013-07-15,'600656,博元投资,5.89,5.97,5.71,5.71,5.73,0.16,2.7923,1.4499,2759636,16098986.0,1121124263.42,1121033904.93
2013-07-12,'600656,博元投资,5.73,5.83,5.71,5.81,5.72,0.01,0.1748,1.5096,2873216,16601012.0,1090669274.94,1090581371.01
2013-07-11,'600656,博元投资,5.72,5.83,5.55,5.55,5.6,0.12,2.1429,1.2919,2458852,14078861.0,1088765838.16,1088678087.64
2013-07-10,'600656,博元投资,5.6,5.64,5.39,5.46,5.42,0.18,3.321,0.8797,1674401,9220647.0,1065924596.8,1065838687.2
2013-07-09,'600656,博元投资,5.42,5.45,5.33,5.43,5.38,0.04,0.7435,0.7123,1355652,7322861.0,1031662734.76,1031579586.54
2013-07-08,'600656,博元投资,5.38,5.73,5.36,5.73,5.79,-0.41,-7.0812,1.1881,2261213,12531268.0,1024048987.64,1023966453.06
2013-07-05,'600656,博元投资,5.79,5.89,5.68,5.75,5.75,0.04,0.6957,1.0473,1993249,11575727.0,1102089895.62,1102001071.23
2013-07-04,'600656,博元投资,5.75,5.84,5.6,5.7,5.76,-0.01,-0.1736,1.2142,2310978,13295619.0,1094476148.5,1094387937.75
2013-07-03,'600656,博元投资,5.76,5.85,5.57,5.77,5.79,-0.03,-0.5181,1.0347,1969236,11170847.0,1096379585.28,1096291221.12
2013-07-02,'600656,博元投资,5.79,5.8,5.64,5.74,5.73,0.06,1.0471,0.7828,1489964,8513789.0,1102089895.62,1102001071.23
2013-07-01,'600656,博元投资,5.73,5.74,5.6,5.68,5.67,0.06,1.0582,0.6461,1229658,6972984.0,1090669274.94,1090581371.01
2013-06-28,'600656,博元投资,5.67,5.8,5.6,5.73,5.73,-0.06,-1.0471,0.947,1802338,10263044.0,1079248654.26,1079161670.79
2013-06-27,'600656,博元投资,5.73,5.99,5.68,5.99,5.95,-0.22,-3.6975,1.1892,2263403,13214691.0,1090669274.94,1090581371.01
2013-06-26,'600656,博元投资,5.95,6.03,5.77,6.03,6.0,-0.05,-0.8333,1.4218,2706146,15971128.0,1132544884.1,1132453605.15
2013-06-25,'600656,博元投资,6.0,6.04,5.27,5.66,5.84,0.16,2.7397,2.3932,4554967,26014024.0,1142062068.0,1141970022.0
2013-06-24,'600656,博元投资,5.84,6.49,5.84,6.49,6.49,-0.65,-10.0154,1.7852,3397836,20601054.0,1111607079.52,1111517488.08
2013-06-21,'600656,博元投资,6.49,6.62,6.3,6.32,6.63,-0.14,-2.1116,0.8842,1682795,10929646.0,1235330470.22,1235230907.13
2013-06-20,'600656,博元投资,6.63,6.95,6.6,6.75,6.75,-0.12,-1.7778,2.2087,4203711,28596285.0,1261978585.14,1261876874.31
2013-06-19,'600656,博元投资,6.75,6.79,6.3,6.59,6.62,0.13,1.9637,2.2169,4219336,27621079.0,1284819826.5,1284716274.75
2013-06-18,'600656,博元投资,6.62,6.7,6.57,6.61,6.61,0.01,0.1513,1.2088,2300683,15258939.0,1260075148.36,1259973590.94
2013-06-17,'600656,博元投资,6.61,6.76,6.52,6.57,6.62,-0.01,-0.1511,1.8961,3608759,23990898.0,1258171711.58,1258070307.57
2013-06-14,'600656,博元投资,6.62,6.71,6.47,6.48,6.55,0.07,1.0687,2.7553,5244145,34631813.0,1260075148.36,1259973590.94
2013-06-13,'600656,博元投资,6.55,6.75,6.28,6.7,6.98,-0.43,-6.1605,5.0406,9593677,61606244.0,1246751090.9,1246650607.35
2013-06-07,'600656,博元投资,6.98,7.75,6.98,7.73,7.75,-0.77,-9.9355,6.6705,12695797,92441020.0,1328598872.44,1328491792.26
2013-06-06,'600656,博元投资,7.75,8.08,7.58,7.61,7.67,0.08,1.043,8.4227,16030873,125485307.0,1475163504.5,1475044611.75
2013-06-05,'600656,博元投资,7.67,7.7,7.45,7.58,7.64,0.03,0.3927,4.0057,7623992,57551966.0,1459936010.26,1459818344.79
2013-06-04,'600656,博元投资,7.64,7.7,7.36,7.37,7.35,0.29,3.9456,7.762,14773247,112140665.0,1454225699.92,1454108494.68
2013-06-03,'600656,博元投资,7.35,7.45,7.29,7.37,7.36,-0.01,-0.1359,1.5009,2856605,21002577.0,1399026033.3,1398913276.95
2013-05-31,'600656,博元投资,7.36,7.51,7.33,7.43,7.38,-0.02,-0.271,2.3791,4528072,33615918.0,1400929470.08,1400816560.32
2013-05-30,'600656,博元投资,7.38,7.47,7.3,7.4,7.41,-0.03,-0.4049,1.6842,3205495,23592394.0,1404736343.64,1404623127.06
2013-05-29,'600656,博元投资,7.41,7.57,7.38,7.43,7.39,0.02,0.2706,2.2706,4321518,32207386.0,1410446653.98,1410332977.17
2013-05-28,'600656,博元投资,7.39,7.44,7.25,7.44,7.39,0.0,0.0,2.5845,4919076,36155710.0,1406639780.42,1406526410.43
2013-05-27,'600656,博元投资,7.39,7.52,7.37,7.52,7.54,-0.15,-1.9894,2.2202,4225752,31349219.0,1406639780.42,1406526410.43
2013-05-24,'600656,博元投资,7.54,7.62,7.35,7.51,7.47,0.07,0.9371,2.3271,4429169,33200102.0,1435191332.12,1435075660.98
2013-05-23,'600656,博元投资,7.47,7.67,7.42,7.53,7.62,-0.15,-1.9685,3.7872,7208026,54408160.0,1421867274.66,1421752677.39
2013-05-22,'600656,博元投资,7.62,7.72,7.24,7.33,7.32,0.3,4.0984,5.9283,11283180,84521395.0,1450418826.36,1450301927.94
2013-05-21,'600656,博元投资,7.32,7.46,7.22,7.42,7.4,-0.08,-1.0811,2.8737,5469488,39954099.0,1393315722.96,1393203426.84
2013-05-20,'600656,博元投资,7.4,7.4,6.98,7.06,7.02,0.38,5.4131,4.5051,8574478,62119641.0,1408543217.2,1408429693.8
2013-05-17,'600656,博元投资,7.02,7.08,6.93,6.93,7.0,0.02,0.2857,1.5693,2986787,20968086.0,1336212619.56,1336104925.74
2013-05-16,'600656,博元投资,7.0,7.05,6.85,6.94,6.94,0.06,0.8646,1.7365,3304991,22939672.0,1332405746.0,1332298359.0
2013-05-15,'600656,博元投资,6.94,6.98,6.83,6.88,6.88,0.06,0.8721,1.3471,2563960,17619833.0,1320985125.32,1320878658.78
2013-05-14,'600656,博元投资,6.88,7.05,6.82,7.05,7.09,-0.21,-2.9619,1.568,2984319,20612942.0,1309564504.64,1309458958.56
2013-05-13,'600656,博元投资,7.09,7.2,7.05,7.15,7.18,-0.09,-1.2535,1.3243,2520505,17912705.0,1349536677.02,1349427909.33
2013-05-10,'600656,博元投资,7.18,7.24,6.92,7.02,7.01,0.17,2.4251,2.9041,5527330,39363199.0,1366667608.04,1366557459.66
2013-05-09,'600656,博元投资,7.01,7.12,6.85,7.12,7.07,-0.06,-0.8487,1.5868,3020224,20970885.0,1334309182.78,1334201642.37
2013-05-08,'600656,博元投资,7.07,7.2,6.97,7.1,7.12,-0.05,-0.7022,1.5391,2929265,20648884.0,1345729803.46,1345621342.59
2013-05-07,'600656,博元投资,7.12,7.25,6.83,6.95,6.95,0.17,2.446,2.6018,4952044,34990646.0,1355246987.36,1355137759.44
2013-05-06,'600656,博元投资,6.95,6.96,6.7,6.73,6.68,0.27,4.0419,1.7062,3247416,22207421.0,1322888562.1,1322781942.15
2013-05-03,'600656,博元投资,6.68,6.74,6.52,6.63,6.57,0.11,1.6743,1.2193,2320580,15480291.0,1271495769.04,1271393291.16
2013-05-02,'600656,博元投资,6.57,6.8,6.52,6.8,6.86,-0.29,-4.2274,1.566,2980593,19712994.0,1250557964.46,1250457174.09
2013-04-26,'600656,博元投资,6.86,7.08,6.84,7.01,7.01,-0.15,-2.1398,1.5043,2863159,19804238.0,1305757631.08,1305652391.82
2013-04-25,'600656,博元投资,7.01,7.24,7.0,7.03,7.03,-0.02,-0.2845,2.1961,4179882,29779921.0,1334309182.78,1334201642.37
2013-04-24,'600656,博元投资,7.03,7.09,6.84,6.91,6.91,0.12,1.7366,1.6804,3198239,22252421.0,1338116056.34,1338008209.11
2013-04-23,'600656,博元投资,6.91,7.17,6.83,7.09,7.1,-0.19,-2.6761,1.8321,3487006,24242105.0,1315274814.98,1315168808.67
2013-04-22,'600656,博元投资,7.1,7.2,6.97,6.98,7.04,0.06,0.8523,1.6693,3177077,22526250.0,1351440113.8,1351331192.7
2013-04-19,'600656,博元投资,7.04,7.08,6.85,6.9,6.91,0.13,1.8813,1.8533,3527404,24758496.0,1340019493.12,1339911492.48
2013-04-18,'600656,博元投资,6.91,7.03,6.89,7.02,7.02,-0.11,-1.567,1.3728,2612878,18146107.0,1315274814.98,1315168808.67
2013-04-17,'600656,博元投资,7.02,7.03,6.83,6.85,6.85,0.17,2.4818,1.4998,2854524,19876753.0,1336212619.56,1336104925.74
2013-04-16,'600656,博元投资,6.85,6.88,6.5,6.69,6.77,0.08,1.1817,1.8027,3431096,22915775.0,1303854194.3,1303749108.45
2013-04-15,'600656,博元投资,6.77,7.05,6.71,7.04,7.04,-0.27,-3.8352,2.1537,4099046,27970396.0,1288626700.06,1288522841.49
2013-04-12,'600656,博元投资,7.04,7.18,6.96,7.02,7.01,0.03,0.428,1.6262,3095171,21894484.0,1340019493.12,1339911492.48
2013-04-11,'600656,博元投资,7.01,7.18,6.91,6.97,6.96,0.05,0.7184,1.7253,3283734,23187498.0,1334309182.78,1334201642.37
2013-04-10,'600656,博元投资,6.96,7.22,6.84,7.11,7.16,-0.2,-2.7933,2.7152,5167850,36097103.0,1324791998.88,1324685225.52
2013-04-09,'600656,博元投资,7.16,7.3,6.95,7.0,7.07,0.09,1.273,2.6109,4969350,35557594.0,1362860734.48,1362750892.92
2013-04-08,'600656,博元投资,7.07,7.16,6.81,6.81,7.28,-0.21,-2.8846,3.5135,6687228,46871963.0,1345729803.46,1345621342.59
2013-04-03,'600656,博元投资,7.28,7.65,7.11,7.51,7.63,-0.35,-4.5872,5.5282,10521753,77130772.0,1385701975.84,1385590293.36
2013-04-02,'600656,博元投资,7.63,8.27,7.56,8.27,8.3,-0.67,-8.0723,8.2218,15648327,123660909.0,1452322263.14,1452205211.31
2013-04-01,'600656,博元投资,8.3,8.5,8.17,8.36,8.43,-0.13,-1.5421,7.4259,14133595,117223468.0,1579852527.4,1579725197.1
2013-03-29,'600656,博元投资,8.43,8.55,7.75,7.78,7.88,0.55,6.9797,12.1407,23107125,188636063.0,1604597205.54,1604467880.91
2013-03-28,'600656,博元投资,7.88,8.2,7.42,7.7,7.74,0.14,1.8088,8.145,15502275,121792408.0,1499908182.64,1499787295.56
2013-03-27,'600656,博元投资,7.74,7.78,7.54,7.7,7.72,0.02,0.2591,4.7914,9119385,69778333.0,1473260067.72,1473141328.38
2013-03-26,'600656,博元投资,7.72,7.77,7.28,7.37,7.37,0.35,4.749,6.773,12890853,98007149.0,1469453194.16,1469334761.64
2013-03-25,'600656,博元投资,7.37,7.55,7.31,7.31,7.37,0.0,0.0,2.4506,4664147,34647288.0,1402832906.86,1402719843.69
2013-03-22,'600656,博元投资,7.37,7.57,7.3,7.5,7.5,-0.13,-1.7333,3.1676,6028803,44525617.0,1402832906.86,1402719843.69
2013-03-21,'600656,博元投资,7.5,7.78,7.48,7.59,7.62,-0.12,-1.5748,4.9146,9353957,71106771.0,1427577585.0,1427462527.5
2013-03-20,'600656,博元投资,7.62,7.63,7.42,7.44,7.49,0.13,1.7356,4.6488,8848042,66441570.0,1450418826.36,1450301927.94
2013-03-19,'600656,博元投资,7.49,7.5,7.14,7.18,7.18,0.31,4.3175,3.8407,7309888,53760411.0,1425674148.22,1425559244.13
2013-03-18,'600656,博元投资,7.18,7.33,6.95,6.96,7.09,0.09,1.2694,2.076,3951171,28295851.0,1366667608.04,1366557459.66
2013-03-15,'600656,博元投资,7.09,7.25,6.92,7.03,7.06,0.03,0.4249,1.8619,3543691,25228172.0,1349536677.02,1349427909.33
2013-03-14,'600656,博元投资,7.06,7.34,7.0,7.33,7.32,-0.26,-3.5519,2.577,4904764,35018370.0,1343826366.68,1343718059.22
2013-03-13,'600656,博元投资,7.32,7.49,7.27,7.28,7.29,0.03,0.4115,2.3075,4391737,32244607.0,1393315722.96,1393203426.84
2013-03-12,'600656,博元投资,7.29,7.66,7.19,7.51,7.57,-0.28,-3.6988,3.613,6876511,51020507.0,1387605412.62,1387493576.73
2013-03-11,'600656,博元投资,7.57,7.62,7.13,7.34,7.37,0.2,2.7137,3.8336,7296408,53698177.0,1440901642.46,1440785511.09
2013-03-08,'600656,博元投资,7.37,7.65,7.28,7.65,7.68,-0.31,-4.0365,5.9953,11410816,84694775.0,1402832906.86,1402719843.69
2013-03-07,'600656,博元投资,7.68,7.89,7.08,7.18,7.2,0.48,6.6667,10.5346,20050416,152125791.0,1461839447.04,1461721628.16
2013-03-06,'600656,博元投资,7.2,7.3,6.8,6.8,6.85,0.35,5.1095,4.3476,8274789,58784725.0,1370474481.6,1370364026.4
2013-03-05,'600656,博元投资,6.85,6.88,6.61,6.61,6.71,0.14,2.0864,2.202,4191054,28510380.0,1303854194.3,1303749108.45
2013-03-04,'600656,博元投资,6.71,7.0,6.62,7.0,7.08,-0.37,-5.226,3.8158,7262454,49267094.0,1277206079.38,1277103141.27
2013-03-01,'600656,博元投资,7.08,7.24,7.0,7.06,7.05,0.03,0.4255,3.2716,6226752,44132239.0,1347633240.24,1347524625.96
2013-02-28,'600656,博元投资,7.05,7.08,6.78,6.82,6.87,0.18,2.6201,3.9221,7464886,52096014.0,1341922929.9,1341814775.85
2013-02-27,'600656,博元投资,6.87,6.92,6.66,6.81,6.83,0.04,0.5857,4.9628,9445545,63995639.0,1307661067.86,1307555675.19
2013-02-26,'600656,博元投资,6.83,7.05,6.79,7.01,7.09,-0.26,-3.6671,4.2177,8027462,55528069.0,1300047320.74,1299942541.71
2013-02-25,'600656,博元投资,7.09,7.11,6.93,7.0,6.97,0.12,1.7217,2.8815,5484348,38536696.0,1349536677.02,1349427909.33
2013-02-22,'600656,博元投资,6.97,7.21,6.9,7.15,7.08,-0.11,-1.5537,5.0115,9538221,67513621.0,1326695435.66,1326588508.89
2013-02-21,'600656,博元投资,7.08,7.66,7.05,7.65,7.7,-0.62,-8.0519,7.9907,15208523,111428753.0,1347633240.24,1347524625.96
2013-02-20,'600656,博元投资,7.7,7.76,7.57,7.59,7.64,0.06,0.7853,3.1178,5934068,45545169.0,1465646320.6,1465528194.9
2013-02-19,'600656,博元投资,7.64,7.82,7.53,7.71,7.82,-0.18,-2.3018,5.6973,10843584,83160563.0,1454225699.92,1454108494.68
2013-02-18,'600656,博元投资,7.82,7.88,7.4,7.4,7.37,0.45,6.1058,11.1555,21232029,163735576.0,1488487561.96,1488367595.34
2013-02-08,'600656,博元投资,7.37,7.51,7.3,7.39,7.32,0.05,0.6831,4.0969,7797513,57710605.0,1402832906.86,1402719843.69
2013-02-07,'600656,博元投资,7.32,7.53,7.29,7.45,7.6,-0.28,-3.6842,6.9514,13230505,97802143.0,1393315722.96,1393203426.84
2013-02-06,'600656,博元投资,7.6,7.78,7.31,7.46,7.49,0.11,1.4686,9.2941,17689279,133540572.0,1446611952.8,1446495361.2
2013-02-05,'600656,博元投资,7.49,7.66,7.34,7.39,7.44,0.05,0.672,8.6774,16515524,123700392.0,1425674148.22,1425559244.13
2013-02-04,'600656,博元投资,7.44,7.75,7.3,7.6,7.8,-0.36,-4.6154,13.8159,26295660,197207693.0,1416156964.32,1416042827.28
2013-02-01,'600656,博元投资,7.8,8.64,7.75,8.22,8.61,-0.81,-9.4077,22.6295,43070336,347881601.0,1484680688.4,1484561028.6
2013-01-31,'600656,博元投资,8.61,9.39,8.11,8.41,8.55,0.06,0.7018,25.2913,48136572,418912738.0,1638859067.58,1638726981.57
2013-01-30,'600656,博元投资,8.55,8.55,7.7,8.0,7.77,0.78,10.0386,29.2645,55698552,455352623.0,1627438446.9,1627307281.35
2013-01-29,'600656,ST博元,0.0,0.0,0.0,0.0,7.77,None,None,0.0,0,0.0,1478970378.06,1478851178.49
2013-01-28,'600656,ST博元,0.0,0.0,0.0,0.0,7.77,None,None,0.0,0,0.0,1478970378.06,1478851178.49
2013-01-25,'600656,ST博元,0.0,0.0,0.0,0.0,7.77,None,None,0.0,0,0.0,1478970378.06,1478851178.49
2013-01-24,'600656,ST博元,0.0,0.0,0.0,0.0,7.77,None,None,0.0,0,0.0,1478970378.06,1478851178.49
2013-01-23,'600656,ST博元,0.0,0.0,0.0,0.0,7.77,None,None,0.0,0,0.0,1478970378.06,1478851178.49
2013-01-22,'600656,ST博元,0.0,0.0,0.0,0.0,7.77,None,None,0.0,0,0.0,1478970378.06,1478851178.49
2013-01-21,'600656,ST博元,7.77,7.77,7.61,7.75,7.4,0.37,5.0,4.5167,8596604,66646878.0,1478970378.06,1478851178.49
2013-01-18,'600656,ST博元,7.4,7.4,7.08,7.08,7.05,0.35,4.9645,5.8611,11155250,82053852.0,1408543217.2,1408429693.8
2013-01-17,'600656,ST博元,7.05,7.42,7.01,7.42,7.07,-0.02,-0.2829,11.1202,21164899,154154819.0,1341922929.9,1341814775.85
2013-01-16,'600656,ST博元,7.07,7.07,7.03,7.07,6.73,0.34,5.052,3.4906,6643654,46969285.0,1345729803.46,1345621342.59
2013-01-15,'600656,ST博元,6.73,6.78,6.43,6.48,6.49,0.24,3.698,3.2322,6151721,40900643.0,1281012952.94,1280909708.01
2013-01-14,'600656,ST博元,6.49,6.51,6.26,6.26,6.32,0.17,2.6899,3.141,5978148,38550016.0,1235330470.22,1235230907.13
2013-01-11,'600656,ST博元,6.32,6.46,6.22,6.31,6.29,0.03,0.4769,3.3829,6438566,40777438.0,1202972044.96,1202875089.84
2013-01-10,'600656,ST博元,6.29,6.44,6.16,6.34,6.32,-0.03,-0.4747,2.71,5157826,32399280.0,1197261734.62,1197165239.73
2013-01-09,'600656,ST博元,6.32,6.49,6.14,6.15,6.2,0.12,1.9355,5.2659,10022589,63672819.0,1202972044.96,1202875089.84
2013-01-08,'600656,ST博元,6.2,6.22,5.96,5.96,5.92,0.28,4.7297,5.9819,11385183,70151976.0,1180130803.6,1180035689.4
2013-01-07,'600656,ST博元,5.92,5.92,5.62,5.62,5.64,0.28,4.9645,4.8544,9239237,54238452.0,1126834573.76,1126743755.04
2013-01-04,'600656,ST博元,5.64,5.92,5.64,5.92,5.94,-0.3,-5.0505,4.6659,8880489,50433831.0,1073538343.92,1073451820.68
2012-12-31,'600656,ST博元,5.94,5.94,5.63,5.67,5.66,0.28,4.947,6.1625,11729046,68529314.0,1130641447.32,1130550321.78
2012-12-28,'600656,ST博元,5.66,5.76,5.6,5.69,5.71,-0.05,-0.8757,3.7898,7213065,40784668.0,1077345217.48,1077258387.42
2012-12-27,'600656,ST博元,5.71,5.74,5.47,5.5,5.47,0.24,4.3876,6.2492,11893952,67254183.0,1086862401.38,1086774804.27
2012-12-26,'600656,ST博元,5.47,5.54,5.38,5.49,5.5,-0.03,-0.5455,3.1809,6054116,33050552.0,1041179918.66,1041096003.39
2012-12-25,'600656,ST博元,5.5,5.58,5.39,5.44,5.47,0.03,0.5484,3.5075,6675723,36804428.0,1046890229.0,1046805853.5
2012-12-24,'600656,ST博元,5.47,5.56,5.3,5.3,5.32,0.15,2.8195,3.2341,6155429,33456293.0,1041179918.66,1041096003.39
2012-12-21,'600656,ST博元,5.32,5.37,5.2,5.25,5.26,0.06,1.1407,1.9547,3720282,19690124.0,1012628366.96,1012546752.84
2012-12-20,'600656,ST博元,5.26,5.47,5.22,5.28,5.22,0.04,0.7663,2.3655,4502208,24018352.0,1001207746.28,1001127052.62
2012-12-19,'600656,ST博元,5.22,5.29,5.18,5.26,5.3,-0.08,-1.5094,1.403,2670336,13969131.0,993593999.16,993513919.14
2012-12-18,'600656,ST博元,5.3,5.37,5.23,5.34,5.37,-0.07,-1.3035,2.2484,4279407,22656633.0,1008821493.4,1008740186.1
2012-12-17,'600656,ST博元,5.37,5.45,5.31,5.42,5.32,0.05,0.9398,2.1154,4026112,21660638.0,1022145550.86,1022063169.69
2012-12-14,'600656,ST博元,5.32,5.44,5.13,5.25,5.25,0.07,1.3333,2.9246,5566409,29706965.0,1012628366.96,1012546752.84
2012-12-13,'600656,ST博元,5.25,5.43,5.22,5.35,5.45,-0.2,-3.6697,1.7671,3363274,17944361.0,999304309.5,999223769.25
2012-12-12,'600656,ST博元,5.45,5.57,5.33,5.54,5.3,0.15,2.8302,3.6687,6982599,38359362.0,1037373045.1,1037289436.65
2012-12-11,'600656,ST博元,5.3,5.37,5.17,5.28,5.28,0.02,0.3788,2.0007,3807829,20102874.0,1008821493.4,1008740186.1
2012-12-10,'600656,ST博元,5.28,5.29,5.07,5.12,5.12,0.16,3.125,3.0879,5877190,30405015.0,1005014619.84,1004933619.36
2012-12-07,'600656,ST博元,5.12,5.15,5.01,5.08,5.07,0.05,0.9862,2.0057,3817504,19430263.0,974559631.36,974481085.44
2012-12-06,'600656,ST博元,5.07,5.16,5.02,5.11,5.11,-0.04,-0.7828,1.4068,2677494,13567749.0,965042447.46,964964668.59
2012-12-05,'600656,ST博元,5.11,5.15,4.88,4.97,4.98,0.13,2.6104,2.712,5161685,26146065.0,972656194.58,972577802.07
2012-12-04,'600656,ST博元,4.98,5.16,4.87,5.03,5.13,-0.15,-2.924,2.7394,5213857,25749814.0,947911516.44,947835118.26
2012-12-03,'600656,ST博元,5.13,5.38,4.87,5.04,5.13,0.0,0.0,3.7103,7061722,36409865.0,976463068.14,976384368.81
2012-11-30,'600656,ST博元,5.13,5.13,5.0,5.1,4.89,0.24,4.908,3.5388,6735304,34418696.0,976463068.14,976384368.81
2012-11-29,'600656,ST博元,4.89,4.89,4.89,4.89,4.66,0.23,4.9356,0.5416,1030905,5041125.0,930780585.42,930705567.93
2012-11-28,'600656,ST博元,4.66,4.87,4.66,4.75,4.9,-0.24,-4.898,1.3576,2583962,12154632.0,887001539.48,886930050.42
2012-11-27,'600656,ST博元,4.9,5.04,4.9,4.92,5.16,-0.26,-5.0388,2.1832,4155266,20502688.0,932684022.2,932608851.3
2012-11-26,'600656,ST博元,5.16,5.35,5.15,5.3,5.29,-0.13,-2.4575,1.7454,3322075,17370318.0,982173378.48,982094218.92
2012-11-23,'600656,ST博元,5.29,5.43,5.25,5.32,5.3,-0.01,-0.1887,1.4192,2701053,14376467.0,1006918056.62,1006836902.73
2012-11-22,'600656,ST博元,5.3,5.4,5.23,5.4,5.43,-0.13,-2.3941,2.2513,4284915,22716967.0,1008821493.4,1008740186.1
2012-11-21,'600656,ST博元,5.43,5.64,5.3,5.54,5.58,-0.15,-2.6882,2.5152,4787053,25882929.0,1033566171.54,1033482869.91
2012-11-20,'600656,ST博元,5.58,5.73,5.53,5.6,5.68,-0.1,-1.7606,2.4462,4655813,26145201.0,1062117723.24,1062032120.46
2012-11-19,'600656,ST博元,5.68,5.68,5.49,5.53,5.41,0.27,4.9908,4.4544,8478038,48081869.0,1081152091.04,1081064954.16
2012-11-16,'600656,ST博元,5.41,5.51,5.37,5.42,5.4,0.01,0.1852,1.3457,2561208,13951200.0,1029759297.98,1029676303.17
2012-11-15,'600656,ST博元,5.4,5.51,5.28,5.38,5.44,-0.04,-0.7353,1.3158,2504359,13538643.0,1027855861.2,1027773019.8
2012-11-14,'600656,ST博元,5.44,5.46,5.15,5.32,5.33,0.11,2.0638,1.4762,2809635,14788130.0,1035469608.32,1035386153.28
2012-11-13,'600656,ST博元,5.33,5.59,5.32,5.59,5.54,-0.21,-3.7906,1.2145,2311570,12504277.0,1014531803.74,1014450036.21
2012-11-12,'600656,ST博元,5.54,5.75,5.46,5.62,5.68,-0.14,-2.4648,1.2346,2349733,13105861.0,1054503976.12,1054418986.98
2012-11-09,'600656,ST博元,5.68,5.83,5.41,5.48,5.55,0.13,2.3423,2.8161,5359854,30455269.0,1081152091.04,1081064954.16
2012-11-08,'600656,ST博元,5.55,5.75,5.49,5.66,5.78,-0.23,-3.9792,2.4073,4581700,25730986.0,1056407412.9,1056322270.35
2012-11-07,'600656,ST博元,5.78,5.84,5.64,5.76,5.83,-0.05,-0.8576,2.103,4002643,22983814.0,1100186458.84,1100097787.86
2012-11-06,'600656,ST博元,5.83,5.9,5.58,5.85,5.87,-0.04,-0.6814,2.7031,5144789,29613519.0,1109703642.74,1109614204.71
2012-11-05,'600656,ST博元,5.87,5.92,5.53,5.71,5.64,0.23,4.078,3.7866,7206991,41300833.0,1117317389.86,1117227338.19
2012-11-02,'600656,ST博元,5.64,5.64,5.33,5.35,5.37,0.27,5.0279,3.2532,6191707,34350808.0,1073538343.92,1073451820.68
2012-11-01,'600656,ST博元,5.37,5.44,5.25,5.29,5.25,0.12,2.2857,3.4622,6589546,35388131.0,1022145550.86,1022063169.69
2012-10-31,'600656,ST博元,5.25,5.44,5.22,5.4,5.49,-0.24,-4.3716,3.3214,6321560,33451459.0,999304309.5,999223769.25
2012-10-30,'600656,ST博元,5.49,5.65,5.48,5.55,5.55,-0.06,-1.0811,1.7739,3376297,18764631.0,1044986792.22,1044902570.13
2012-10-29,'600656,ST博元,5.55,5.68,5.33,5.38,5.46,0.09,1.6484,3.3727,6419267,35398468.0,1056407412.9,1056322270.35
2012-10-26,'600656,ST博元,5.46,5.73,5.46,5.58,5.75,-0.29,-5.0435,4.136,7871912,43260060.0,1039276481.88,1039192720.02
2012-10-25,'600656,ST博元,5.75,5.99,5.75,5.97,6.05,-0.3,-4.9587,3.926,7472291,43494126.0,1094476148.5,1094387937.75
2012-10-24,'600656,ST博元,6.05,6.1,5.73,5.75,5.85,0.2,3.4188,5.0764,9661915,57539289.0,1151579251.9,1151486438.85
2012-10-23,'600656,ST博元,5.85,5.99,5.56,5.66,5.73,0.12,2.0942,6.6979,12748001,73932327.0,1113510516.3,1113420771.45
2012-10-22,'600656,ST博元,5.73,5.73,5.5,5.55,5.46,0.27,4.9451,7.5639,14396321,82001762.0,1090669274.94,1090581371.01
2012-10-19,'600656,ST博元,5.46,5.46,5.46,5.46,5.2,0.26,5.0,0.6735,1281856,6998934.0,1039276481.88,1039192720.02
2012-10-18,'600656,ST博元,5.2,5.3,5.02,5.23,5.25,-0.05,-0.9524,2.2911,3964221,20825667.0,989787125.6,899747352.4
2012-10-17,'600656,ST博元,5.25,5.31,5.12,5.12,5.29,-0.04,-0.7561,2.1308,3686843,19195651.0,999304309.5,908398769.25
2012-10-16,'600656,ST博元,5.29,5.45,5.23,5.36,5.43,-0.14,-2.5783,2.8641,4955727,26328764.0,1006918056.62,915319902.73
2012-10-15,'600656,ST博元,5.43,5.6,5.2,5.54,5.41,0.02,0.3697,3.0,5190771,28262673.0,1033566171.54,939543869.91
2012-10-12,'600656,ST博元,5.41,5.41,5.06,5.06,5.15,0.26,5.0485,4.9814,8619189,45762180.0,1029759297.98,936083303.17
2012-10-11,'600656,ST博元,5.15,5.57,5.13,5.5,5.3,-0.15,-2.8302,5.5067,9528153,51095834.0,980269941.7,891095935.55
2012-10-10,'600656,ST博元,5.3,5.3,5.21,5.25,5.05,0.25,4.9505,1.8138,3138415,16601737.0,1008821493.4,917050186.1
2012-10-09,'600656,ST博元,5.05,5.07,4.91,4.91,4.98,0.07,1.4056,2.3924,4139526,20711576.0,961235573.9,873793101.85
2012-10-08,'600656,ST博元,4.98,5.06,4.75,4.78,4.82,0.16,3.3195,2.9238,5058970,24802904.0,947911516.44,861681118.26
2012-09-28,'600656,ST博元,4.82,4.9,4.71,4.78,4.8,0.02,0.4167,1.6062,2779139,13411228.0,917456527.96,833996584.34
2012-09-27,'600656,ST博元,4.8,4.85,4.54,4.54,4.62,0.18,3.8961,2.325,4022913,19298936.0,913649654.4,830536017.6
2012-09-26,'600656,ST博元,4.62,4.68,4.43,4.64,4.65,-0.03,-0.6452,1.4389,2489680,11400170.0,879387792.36,799390916.94
2012-09-25,'600656,ST博元,4.65,4.78,4.57,4.63,4.55,0.1,2.1978,2.4266,4198647,19731495.0,885098102.7,804581767.05
2012-09-24,'600656,ST博元,4.55,4.55,4.35,4.35,4.33,0.22,5.0808,1.4518,2512068,11406076.0,866063734.9,787278933.35
2012-09-21,'600656,ST博元,4.33,4.44,4.3,4.35,4.4,-0.07,-1.5909,1.0375,1795226,7867769.0,824188125.74,749212699.21
2012-09-20,'600656,ST博元,4.4,4.63,4.35,4.55,4.58,-0.18,-3.9301,1.2904,2232746,9962734.0,837512183.2,761324682.8
2012-09-19,'600656,ST博元,4.58,4.64,4.47,4.49,4.49,0.09,2.0045,0.8739,1512114,6893487.0,871774045.24,792469783.46
2012-09-18,'600656,ST博元,4.49,4.52,4.42,4.45,4.51,-0.02,-0.4435,1.3024,2253537,10063285.0,854643114.22,776897233.13
2012-09-17,'600656,ST博元,4.51,4.83,4.51,4.74,4.75,-0.24,-5.0526,2.071,3583384,16677417.0,858449987.78,780357799.87
2012-09-14,'600656,ST博元,4.75,4.83,4.7,4.73,4.72,0.03,0.6356,1.3995,2421456,11499478.0,904132470.5,821884600.75
2012-09-13,'600656,ST博元,4.72,4.92,4.71,4.88,4.89,-0.17,-3.4765,2.914,5041964,24277840.0,898422160.16,816693750.64
2012-09-12,'600656,ST博元,4.89,4.89,4.63,4.63,4.66,0.23,4.9356,4.351,7528537,36316480.0,930780585.42,846108567.93
2012-09-11,'600656,ST博元,4.66,4.75,4.52,4.58,4.6,0.06,1.3043,2.4479,4235601,19700842.0,887001539.48,806312050.42
2012-09-10,'600656,ST博元,4.6,4.65,4.51,4.57,4.6,0.0,0.0,1.751,3029658,13866776.0,875580918.8,795930350.2
2012-09-07,'600656,ST博元,4.6,4.62,4.45,4.48,4.46,0.14,3.139,2.0,3460589,15740600.0,875580918.8,795930350.2
2012-09-06,'600656,ST博元,4.46,4.47,4.35,4.35,4.41,0.05,1.1338,1.0649,1842579,8141240.0,848932803.88,771706383.02
2012-09-05,'600656,ST博元,4.41,4.5,4.31,4.5,4.5,-0.09,-2.0,1.5923,2755110,12155046.0,839415619.98,763054966.17
2012-09-04,'600656,ST博元,4.5,4.59,4.41,4.41,4.51,-0.01,-0.2217,1.8925,3274589,14760150.0,856546551.0,778627516.5
2012-09-03,'600656,ST博元,4.51,4.56,4.36,4.44,4.39,0.12,2.7335,2.6029,4503673,20126593.0,858449987.78,780357799.87
2012-08-31,'600656,ST博元,4.39,4.39,4.16,4.17,4.18,0.21,5.0239,2.3035,3985787,17257401.0,835608746.42,759594399.43
2012-08-30,'600656,ST博元,4.18,4.29,4.09,4.18,4.29,-0.11,-2.5641,2.1256,3677876,15463735.0,795636574.04,723258448.66
2012-08-29,'600656,ST博元,4.29,4.51,4.29,4.45,4.52,-0.23,-5.0885,3.1087,5378999,23496289.0,816574378.62,742291565.73
2012-08-28,'600656,ST博元,4.52,4.65,4.39,4.58,4.62,-0.1,-2.1645,3.1852,5511220,24618566.0,860353424.56,782088083.24
2012-08-27,'600656,ST博元,4.62,4.68,4.51,4.6,4.51,0.11,2.439,3.8249,6618180,30432267.0,879387792.36,799390916.94
2012-08-24,'600656,ST博元,4.51,4.97,4.49,4.97,4.73,-0.22,-4.6512,6.1485,10638680,50097575.0,858449987.78,780357799.87
2012-08-23,'600656,ST博元,4.73,4.73,4.73,4.73,4.5,0.23,5.1111,0.2503,433034,2048251.0,900325596.94,818424034.01
2012-08-22,'600656,ST博元,4.5,4.5,4.26,4.26,4.29,0.21,4.8951,1.4858,2570940,11537814.0,856546551.0,778627516.5
2012-08-21,'600656,ST博元,4.29,4.4,4.15,4.22,4.2,0.09,2.1429,2.0378,3525988,15136019.0,816574378.62,742291565.73
2012-08-20,'600656,ST博元,4.2,4.34,4.12,4.25,4.19,0.01,0.2387,2.0736,3587894,15113407.0,799443447.6,726719015.4
2012-08-17,'600656,ST博元,4.19,4.19,4.03,4.04,3.99,0.2,5.0125,1.0109,1749168,7279208.0,797540010.82,724988732.03
2012-08-16,'600656,ST博元,3.99,4.08,3.91,3.93,3.95,0.04,1.0127,1.236,2138695,8572325.0,759471275.22,690383064.63
2012-08-15,'600656,ST博元,3.95,4.02,3.94,4.0,4.01,-0.06,-1.4963,0.8514,1473241,5870204.0,751857528.1,683461931.15
2012-08-14,'600656,ST博元,4.01,4.05,3.88,4.05,4.03,-0.02,-0.4963,1.3071,2261680,8974391.0,763278148.78,693843631.37
2012-08-13,'600656,ST博元,4.03,4.24,4.02,4.24,4.23,-0.2,-4.7281,1.4581,2522904,10369590.0,767085022.34,697304198.11
2012-08-10,'600656,ST博元,4.23,4.31,4.17,4.2,4.24,-0.01,-0.2358,1.4043,2429827,10281039.0,805153757.94,731909865.51
2012-08-09,'600656,ST博元,4.24,4.3,4.05,4.05,4.1,0.14,3.4146,2.4696,4273073,18000309.0,807057194.72,733640148.88
2012-08-08,'600656,ST博元,4.1,4.25,4.1,4.23,4.22,-0.12,-2.8436,1.7654,3054695,12683744.0,780409079.8,709416181.7
2012-08-07,'600656,ST博元,4.22,4.22,4.11,4.11,4.13,0.09,2.1792,2.2727,3932491,16390600.0,803250321.16,730179582.14
2012-08-06,'600656,ST博元,4.13,4.16,3.93,3.99,4.02,0.11,2.7363,2.3081,3993625,16229898.0,786119390.14,714607031.81
2012-08-03,'600656,ST博元,4.02,4.1,3.96,4.05,4.13,-0.11,-2.6634,3.078,5325895,21290261.0,765181585.56,695573914.74
2012-08-02,'600656,ST博元,4.13,4.29,4.13,4.13,4.35,-0.22,-5.0575,5.2261,9042590,37497606.0,786119390.14,714607031.81
2012-08-01,'600656,ST博元,4.35,4.42,4.35,4.35,4.58,-0.23,-5.0218,1.0632,1839700,8003873.0,827994999.3,752673265.95
2012-07-31,'600656,ST博元,4.58,4.58,4.58,4.58,4.82,-0.24,-4.9793,0.0497,86000,393880.0,871774045.24,792469783.46
2012-07-30,'600656,ST博元,4.82,4.82,4.82,4.82,5.07,-0.25,-4.931,0.2264,391700,1887994.0,917456527.96,833996584.34
2012-07-27,'600656,ST博元,5.07,5.14,5.02,5.06,5.06,0.01,0.1976,0.8314,1438624,7303226.0,965042447.46,877253668.59
2012-07-26,'600656,ST博元,5.06,5.18,5.04,5.1,5.12,-0.06,-1.1719,0.8935,1545996,7871358.0,963139010.68,875523385.22
2012-07-25,'600656,ST博元,5.12,5.29,5.01,5.02,5.08,0.04,0.7874,1.7677,3058602,15778679.0,974559631.36,885905085.44
2012-07-24,'600656,ST博元,5.08,5.17,4.94,4.95,5.06,0.02,0.3953,0.9661,1671621,8502791.0,966945884.24,878983951.96
2012-07-23,'600656,ST博元,5.06,5.34,5.06,5.29,5.33,-0.27,-5.0657,1.8885,3267691,16642702.0,963139010.68,875523385.22
2012-07-20,'600656,ST博元,5.33,5.4,5.12,5.19,5.14,0.19,3.6965,2.6312,4552761,24287408.0,1014531803.74,922241036.21
2012-07-19,'600656,ST博元,5.14,5.37,5.08,5.17,5.15,-0.01,-0.1942,3.0875,5342333,27965657.0,978366504.92,889365652.18
2012-07-18,'600656,ST博元,5.15,5.15,4.86,4.9,4.9,0.25,5.102,3.0935,5352693,27316091.0,980269941.7,891095935.55
2012-07-17,'600656,ST博元,4.9,4.96,4.79,4.8,4.96,-0.06,-1.2097,1.1345,1963070,9580706.0,932684022.2,847838851.3
2012-07-16,'600656,ST博元,4.96,5.27,4.96,5.27,5.22,-0.26,-4.9808,2.0216,3497908,17492580.0,944104642.88,858220551.52
2012-07-13,'600656,ST博元,5.22,5.34,5.17,5.21,5.23,-0.01,-0.1912,2.473,4278986,22453366.0,993593999.16,903207919.14
2012-07-12,'600656,ST博元,5.23,5.44,5.23,5.25,5.5,-0.27,-4.9091,5.2868,9147586,48302029.0,995497435.94,904938202.51
2012-07-11,'600656,ST博元,5.5,5.62,5.5,5.5,5.79,-0.29,-5.0086,1.8405,3184610,17562103.0,1046890229.0,951655853.5
2012-07-10,'600656,ST博元,5.79,6.39,5.79,6.39,6.09,-0.3,-4.9261,10.2153,17675439,108286055.0,1102089895.62,1001834071.23
2012-07-09,'600656,ST博元,6.09,6.09,6.09,6.09,5.8,0.29,5.0,0.1862,322221,1962326.0,1159192999.02,1053742572.33
2012-07-06,'600656,ST博元,5.8,5.8,5.8,5.8,5.52,0.28,5.0725,0.3609,624514,3622181.0,1103993332.4,1003564354.6
2012-07-05,'600656,ST博元,0.0,0.0,0.0,0.0,5.52,None,None,0.0,0,0.0,1050697102.56,955116420.24
2012-07-04,'600656,ST博元,0.0,0.0,0.0,0.0,5.52,None,None,0.0,0,0.0,1050697102.56,955116420.24
2012-07-03,'600656,ST博元,0.0,0.0,0.0,0.0,5.52,None,None,0.0,0,0.0,1050697102.56,955116420.24
2012-07-02,'600656,ST博元,0.0,0.0,0.0,0.0,5.52,None,None,0.0,0,0.0,1050697102.56,955116420.24
2012-06-29,'600656,ST博元,0.0,0.0,0.0,0.0,5.52,None,None,0.0,0,0.0,1050697102.56,955116420.24
2012-06-28,'600656,ST博元,0.0,0.0,0.0,0.0,5.52,None,None,0.0,0,0.0,1050697102.56,955116420.24
2012-06-27,'600656,ST博元,0.0,0.0,0.0,0.0,5.52,None,None,0.0,0,0.0,1050697102.56,955116420.24
2012-06-26,'600656,ST博元,0.0,0.0,0.0,0.0,5.52,None,None,0.0,0,0.0,1050697102.56,955116420.24
2012-06-25,'600656,ST博元,0.0,0.0,0.0,0.0,5.52,None,None,0.0,0,0.0,1050697102.56,955116420.24
2012-06-21,'600656,ST博元,0.0,0.0,0.0,0.0,5.52,None,None,0.0,0,0.0,1050697102.56,955116420.24
2012-06-20,'600656,ST博元,0.0,0.0,0.0,0.0,5.52,None,None,0.0,0,0.0,1050697102.56,955116420.24
2012-06-19,'600656,ST博元,0.0,0.0,0.0,0.0,5.52,None,None,0.0,0,0.0,1050697102.56,955116420.24
2012-06-18,'600656,ST博元,0.0,0.0,0.0,0.0,5.52,None,None,0.0,0,0.0,1050697102.56,955116420.24
2012-06-15,'600656,ST博元,0.0,0.0,0.0,0.0,5.52,None,None,0.0,0,0.0,1050697102.56,955116420.24
2012-06-14,'600656,ST博元,0.0,0.0,0.0,0.0,5.52,None,None,0.0,0,0.0,1050697102.56,955116420.24
2012-06-13,'600656,ST博元,0.0,0.0,0.0,0.0,5.52,None,None,0.0,0,0.0,1050697102.56,955116420.24
2012-06-12,'600656,ST博元,0.0,0.0,0.0,0.0,5.52,None,None,0.0,0,0.0,1050697102.56,955116420.24
2012-06-11,'600656,ST博元,0.0,0.0,0.0,0.0,5.52,None,None,0.0,0,0.0,1050697102.56,955116420.24
2012-06-08,'600656,ST博元,0.0,0.0,0.0,0.0,5.52,None,None,0.0,0,0.0,1050697102.56,955116420.24
2012-06-07,'600656,ST博元,0.0,0.0,0.0,0.0,5.52,None,None,0.0,0,0.0,1050697102.56,955116420.24
2012-06-06,'600656,ST博元,0.0,0.0,0.0,0.0,5.52,None,None,0.0,0,0.0,1050697102.56,955116420.24
2012-06-05,'600656,ST博元,0.0,0.0,0.0,0.0,5.52,None,None,0.0,0,0.0,1050697102.56,955116420.24
2012-06-04,'600656,ST博元,0.0,0.0,0.0,0.0,5.52,None,None,0.0,0,0.0,1050697102.56,955116420.24
2012-06-01,'600656,ST博元,0.0,0.0,0.0,0.0,5.52,None,None,0.0,0,0.0,1050697102.56,955116420.24
2012-05-31,'600656,ST博元,0.0,0.0,0.0,0.0,5.52,None,None,0.0,0,0.0,1050697102.56,955116420.24
2012-05-30,'600656,ST博元,0.0,0.0,0.0,0.0,5.52,None,None,0.0,0,0.0,1050697102.56,955116420.24
2012-05-29,'600656,ST博元,0.0,0.0,0.0,0.0,5.52,None,None,0.0,0,0.0,1050697102.56,955116420.24
2012-05-28,'600656,ST博元,0.0,0.0,0.0,0.0,5.52,None,None,0.0,0,0.0,1050697102.56,955116420.24
2012-05-25,'600656,ST博元,0.0,0.0,0.0,0.0,5.52,None,None,0.0,0,0.0,1050697102.56,955116420.24
2012-05-24,'600656,ST博元,0.0,0.0,0.0,0.0,5.52,None,None,0.0,0,0.0,1050697102.56,955116420.24
2012-05-23,'600656,ST博元,0.0,0.0,0.0,0.0,5.52,None,None,0.0,0,0.0,1050697102.56,955116420.24
2012-05-22,'600656,ST博元,0.0,0.0,0.0,0.0,5.52,None,None,0.0,0,0.0,1050697102.56,955116420.24
2012-05-21,'600656,ST博元,0.0,0.0,0.0,0.0,5.52,None,None,0.0,0,0.0,1050697102.56,955116420.24
2012-05-18,'600656,ST博元,0.0,0.0,0.0,0.0,5.52,None,None,0.0,0,0.0,1050697102.56,955116420.24
2012-05-17,'600656,ST博元,0.0,0.0,0.0,0.0,5.52,None,None,0.0,0,0.0,1050697102.56,955116420.24
2012-05-16,'600656,ST博元,0.0,0.0,0.0,0.0,5.52,None,None,0.0,0,0.0,1050697102.56,955116420.24
2012-05-15,'600656,ST博元,0.0,0.0,0.0,0.0,5.52,None,None,0.0,0,0.0,1050697102.56,955116420.24
2012-05-14,'600656,ST博元,5.52,5.52,5.31,5.36,5.26,0.26,4.943,3.8793,6712348,36617338.0,1050697102.56,955116420.24
2012-05-11,'600656,ST博元,5.26,5.26,5.02,5.02,5.01,0.25,4.99,3.4021,5886550,30471220.0,1001207746.28,910129052.62
2012-05-10,'600656,ST博元,5.01,5.09,4.9,4.9,4.94,0.07,1.417,2.3497,4065560,20430996.0,953621826.78,866871968.37
