日期,股票代码,名称,收盘价,最高价,最低价,开盘价,前收盘,涨跌额,涨跌幅,换手率,成交量,成交金额,总市值,流通市值
2017-05-15,'600977,中国电影,21.17,21.5,21.06,21.1,21.1,0.07,0.3318,1.9843,9266611,197365157.0,39524390000.0,9886390000.0
2017-05-12,'600977,中国电影,21.1,21.3,20.73,20.73,20.67,0.43,2.0803,2.2242,10387069,218862374.0,39393700000.0,9853700000.0
2017-05-11,'600977,中国电影,20.67,20.8,20.09,20.52,20.61,0.06,0.2911,1.6723,7809872,160021451.0,38590890000.0,9652890000.0
2017-05-10,'600977,中国电影,20.61,21.2,20.3,20.3,20.3,0.31,1.5271,2.6104,12190390,253732418.0,38478870000.0,9624870000.0
2017-05-09,'600977,中国电影,20.3,20.38,19.91,20.1,20.09,0.21,1.0453,1.0459,4884505,98524951.0,37900100000.0,9480100000.0
2017-05-08,'600977,中国电影,20.09,20.45,20.03,20.03,20.03,0.06,0.2996,1.2567,5868962,118859591.0,37508030000.0,9382030000.0
2017-05-05,'600977,中国电影,20.03,20.44,19.95,20.15,20.15,-0.12,-0.5955,1.0796,5041637,101670601.0,37396010000.0,9354010000.0
2017-05-04,'600977,中国电影,20.15,20.66,20.12,20.66,20.68,-0.53,-2.5629,1.2457,5817430,118436814.0,37620050000.0,9410050000.0
2017-05-03,'600977,中国电影,20.68,20.95,20.52,20.71,20.78,-0.1,-0.4812,1.0431,4871499,100877018.0,38609560000.0,9657560000.0
2017-05-02,'600977,中国电影,20.78,21.06,20.65,21.0,20.99,-0.21,-1.0005,0.9886,4616594,96031946.0,38796260000.0,9704260000.0
2017-04-28,'600977,中国电影,20.99,21.09,20.29,20.37,20.51,0.48,2.3403,2.0091,9382451,195542933.0,39188330000.0,9802330000.0
2017-04-27,'600977,中国电影,20.51,20.68,19.75,20.02,20.15,0.36,1.7866,2.078,9704306,196531888.0,38292170000.0,9578170000.0
2017-04-26,'600977,中国电影,20.15,20.4,20.01,20.26,20.24,-0.09,-0.4447,1.421,6636017,133671041.0,37620050000.0,9410050000.0
2017-04-25,'600977,中国电影,20.24,20.7,20.11,20.39,20.37,-0.13,-0.6382,1.3647,6373017,130126287.0,37788080000.0,9452080000.0
2017-04-24,'600977,中国电影,20.37,20.89,20.18,20.89,20.95,-0.58,-2.7685,1.5894,7422615,152032765.0,38030790000.0,9512790000.0
2017-04-21,'600977,中国电影,20.95,21.24,20.9,21.01,21.02,-0.07,-0.333,0.9594,4480492,94370937.0,39113650000.0,9783650000.0
2017-04-20,'600977,中国电影,21.02,21.39,20.75,21.25,21.16,-0.14,-0.6616,1.5658,7312122,154215671.0,39244340000.0,9816340000.0
2017-04-19,'600977,中国电影,21.16,21.37,20.62,21.27,21.23,-0.07,-0.3297,2.5156,11747902,246629867.0,39505720000.0,9881720000.0
2017-04-18,'600977,中国电影,21.23,23.15,21.22,23.02,23.06,-1.83,-7.9358,5.744,26824643,590015044.0,39636410000.0,9914410000.0
2017-04-17,'600977,中国电影,23.06,24.27,22.98,24.12,24.08,-1.02,-4.2359,4.4659,20855610,494093829.0,43053020000.0,10769020000.0
2017-04-14,'600977,中国电影,24.08,24.37,23.47,24.2,23.92,0.16,0.6689,2.7698,12935170,308525971.0,44957360000.0,11245360000.0
2017-04-13,'600977,中国电影,23.92,24.19,23.57,23.57,23.56,0.36,1.528,2.2942,10714092,256781347.0,44658640000.0,11170640000.0
2017-04-12,'600977,中国电影,23.56,23.96,23.45,23.88,23.89,-0.33,-1.3813,1.4365,6708442,158522199.0,43986520000.0,11002520000.0
2017-04-11,'600977,中国电影,23.89,23.93,23.22,23.22,23.54,0.35,1.4868,2.692,12571587,295975677.0,44602630000.0,11156630000.0
2017-04-10,'600977,中国电影,23.54,24.52,23.42,24.3,24.23,-0.69,-2.8477,3.1307,14620545,348162121.0,43949180000.0,10993180000.0
2017-04-07,'600977,中国电影,24.23,24.86,24.2,24.58,24.49,-0.26,-1.0617,2.8943,13516217,329891250.0,45237410000.0,11315410000.0
2017-04-06,'600977,中国电影,24.49,24.55,23.8,23.89,23.89,0.6,2.5115,3.4815,16258633,395669255.0,45722830000.0,11436830000.0
2017-04-05,'600977,中国电影,23.89,24.13,23.65,23.65,23.54,0.35,1.4868,2.1693,10130770,242530214.0,44602630000.0,11156630000.0
2017-03-31,'600977,中国电影,23.54,23.75,23.33,23.35,23.28,0.26,1.1168,1.9272,9000184,212146506.0,43949180000.0,10993180000.0
2017-03-30,'600977,中国电影,23.28,24.02,23.08,24.02,24.04,-0.76,-3.1614,2.7258,12729424,300715900.0,43463760000.0,10871760000.0
2017-03-29,'600977,中国电影,24.04,24.76,23.92,24.69,24.61,-0.57,-2.3161,2.7975,13064319,316940748.0,44882680000.0,11226680000.0
2017-03-28,'600977,中国电影,24.61,24.94,24.4,24.68,24.8,-0.19,-0.7661,3.0991,14472847,356973742.0,45946870000.0,11492870000.0
2017-03-27,'600977,中国电影,24.8,25.22,23.93,23.93,23.88,0.92,3.8526,7.5758,35378931,876864631.0,46301600000.0,11581600000.0
2017-03-24,'600977,中国电影,23.88,23.92,23.53,23.7,23.67,0.21,0.8872,3.1998,14942833,354936759.0,44583960000.0,11151960000.0
2017-03-23,'600977,中国电影,23.67,23.68,23.11,23.14,23.16,0.51,2.2021,3.4167,15956194,374225209.0,44191890000.0,11053890000.0
2017-03-22,'600977,中国电影,23.16,23.29,22.91,23.27,23.45,-0.29,-1.2367,2.0019,9348896,216023150.0,43239720000.0,10815720000.0
2017-03-21,'600977,中国电影,23.45,23.54,23.02,23.09,23.08,0.37,1.6031,2.4929,11641855,271543915.0,43781150000.0,10951150000.0
2017-03-20,'600977,中国电影,23.08,23.28,22.87,23.09,23.18,-0.1,-0.4314,1.6763,7828307,180283605.0,43090360000.0,10778360000.0
2017-03-17,'600977,中国电影,23.18,23.71,23.16,23.53,23.53,-0.35,-1.4875,1.9097,8918300,209214849.0,43277060000.0,10825060000.0
2017-03-16,'600977,中国电影,23.53,23.7,23.13,23.2,23.07,0.46,1.9939,2.5227,11781177,276467469.0,43930510000.0,10988510000.0
2017-03-15,'600977,中国电影,23.07,23.27,23.02,23.18,23.2,-0.13,-0.5603,1.4013,6544189,151321822.0,43071690000.0,10773690000.0
2017-03-14,'600977,中国电影,23.2,23.84,23.18,23.54,23.55,-0.35,-1.4862,2.127,9932907,233325816.0,43314400000.0,10834400000.0
2017-03-13,'600977,中国电影,23.55,23.74,22.88,23.1,23.19,0.36,1.5524,2.6404,12330464,288981371.0,43967850000.0,10997850000.0
2017-03-10,'600977,中国电影,23.19,23.25,22.98,23.17,23.12,0.07,0.3028,1.5153,7076408,163644351.0,43295730000.0,10829730000.0
2017-03-09,'600977,中国电影,23.12,23.85,23.05,23.85,23.86,-0.74,-3.1014,2.7119,12664779,295507680.0,43165040000.0,10797040000.0
2017-03-08,'600977,中国电影,23.86,24.15,23.65,24.1,24.08,-0.22,-0.9136,2.4472,11428561,273146679.0,44546620000.0,11142620000.0
2017-03-07,'600977,中国电影,24.08,24.38,23.51,23.68,23.74,0.34,1.4322,3.6254,16930627,407524075.0,44957360000.0,11245360000.0
2017-03-06,'600977,中国电影,23.74,23.88,23.35,23.4,23.5,0.24,1.0213,3.3211,15509386,367222720.0,44322580000.0,11086580000.0
2017-03-03,'600977,中国电影,23.5,23.7,23.32,23.6,23.79,-0.29,-1.219,2.5382,11853288,278128915.0,43874500000.0,10974500000.0
2017-03-02,'600977,中国电影,23.79,24.13,23.43,23.63,23.76,0.03,0.1263,4.2807,19990726,475437448.0,44415930000.0,11109930000.0
2017-03-01,'600977,中国电影,23.76,24.74,23.0,23.0,22.93,0.83,3.6197,9.3365,43601240,1044674764.0,44359920000.0,11095920000.0
2017-02-28,'600977,中国电影,22.93,22.95,22.45,22.8,22.71,0.22,0.9687,3.0296,14148287,321875997.0,42810310000.0,10708310000.0
2017-02-27,'600977,中国电影,22.71,23.07,22.27,22.31,22.33,0.38,1.7017,6.5441,30561118,698819017.0,42399570000.0,10605570000.0
2017-02-24,'600977,中国电影,22.33,22.43,21.82,21.91,21.96,0.37,1.6849,2.875,13426471,297902950.0,41690110000.0,10428110000.0
2017-02-23,'600977,中国电影,21.96,22.19,21.8,22.1,22.14,-0.18,-0.813,1.7959,8386811,184268709.0,40999320000.0,10255320000.0
2017-02-22,'600977,中国电影,22.14,22.17,21.65,21.95,21.94,0.2,0.9116,2.5058,11702100,256952147.0,41335380000.0,10339380000.0
2017-02-21,'600977,中国电影,21.94,22.08,21.8,21.8,21.84,0.1,0.4579,1.8334,8561927,187960452.0,40961980000.0,10245980000.0
2017-02-20,'600977,中国电影,21.84,21.95,21.45,21.85,21.98,-0.14,-0.6369,2.3255,10859979,235514099.0,40775280000.0,10199280000.0
2017-02-17,'600977,中国电影,21.98,22.65,21.68,21.75,21.8,0.18,0.8257,5.9216,27653684,613360337.0,41036660000.0,10264660000.0
2017-02-16,'600977,中国电影,21.8,21.84,21.21,21.49,21.5,0.3,1.3953,2.9426,13741759,295816532.0,40700600000.0,10180600000.0
2017-02-15,'600977,中国电影,21.5,21.85,21.33,21.47,21.48,0.02,0.0931,3.2837,15334870,330682162.0,40140500000.0,10040500000.0
2017-02-14,'600977,中国电影,21.48,21.58,21.33,21.53,21.61,-0.13,-0.6016,1.7569,8204896,175791469.0,40103160000.0,10031160000.0
2017-02-13,'600977,中国电影,21.61,21.64,20.91,21.02,21.09,0.52,2.4656,3.6084,16851240,360838432.0,40345870000.0,10091870000.0
2017-02-10,'600977,中国电影,21.09,21.39,20.99,21.2,21.17,-0.08,-0.3779,2.145,10017041,212314840.0,39375030000.0,9849030000.0
2017-02-09,'600977,中国电影,21.17,21.27,21.0,21.1,21.15,0.02,0.0946,1.6609,7756205,164096722.0,39524390000.0,9886390000.0
2017-02-08,'600977,中国电影,21.15,21.2,20.49,21.02,21.09,0.06,0.2845,3.1304,14618877,304135169.0,39487050000.0,9877050000.0
2017-02-07,'600977,中国电影,21.09,21.5,20.96,21.37,21.42,-0.33,-1.5406,1.5964,7455374,157685754.0,39375030000.0,9849030000.0
2017-02-06,'600977,中国电影,21.42,21.49,21.15,21.26,21.26,0.16,0.7526,1.6025,7483833,159562709.0,39991140000.0,10003140000.0
2017-02-03,'600977,中国电影,21.26,22.08,21.17,21.97,21.75,-0.49,-2.2529,2.0607,9623671,206953173.0,39692420000.0,9928420000.0
2017-01-26,'600977,中国电影,21.75,21.88,21.52,21.58,21.53,0.22,1.0218,1.7455,8151576,177123577.0,40607250000.0,10157250000.0
2017-01-25,'600977,中国电影,21.53,21.59,20.97,21.04,21.11,0.42,1.9896,1.7365,8109487,173451490.0,40196510000.0,10054510000.0
2017-01-24,'600977,中国电影,21.11,21.5,21.05,21.39,21.51,-0.4,-1.8596,1.9057,8899557,188475836.0,39412370000.0,9858370000.0
2017-01-23,'600977,中国电影,21.51,21.96,21.2,21.2,21.19,0.32,1.5101,3.1722,14813996,320266772.0,40159170000.0,10045170000.0
2017-01-20,'600977,中国电影,21.19,21.34,20.33,20.39,20.47,0.72,3.5173,4.0517,18921571,397865570.0,39561730000.0,9895730000.0
2017-01-19,'600977,中国电影,20.47,20.8,19.67,19.89,19.99,0.48,2.4012,3.4083,15916859,324353266.0,38217490000.0,9559490000.0
2017-01-18,'600977,中国电影,19.99,20.33,19.95,20.32,20.36,-0.37,-1.8173,1.2211,5702425,114850476.0,37321330000.0,9335330000.0
2017-01-17,'600977,中国电影,20.36,20.59,19.7,19.82,19.9,0.46,2.3116,2.5378,11851658,238570382.0,38012120000.0,9508120000.0
2017-01-16,'600977,中国电影,19.9,20.78,19.32,20.78,20.87,-0.97,-4.6478,3.5128,16404734,330020062.0,37153300000.0,9293300000.0
2017-01-13,'600977,中国电影,20.87,21.68,20.8,21.57,21.59,-0.72,-3.3349,2.8982,13534738,286286215.0,38964290000.0,9746290000.0
2017-01-12,'600977,中国电影,21.59,22.22,21.51,22.05,22.1,-0.51,-2.3077,2.4375,11383000,248397343.0,40308530000.0,10082530000.0
2017-01-11,'600977,中国电影,22.1,23.0,22.06,22.91,22.98,-0.88,-3.8294,2.4777,11570634,260721994.0,41260700000.0,10320700000.0
2017-01-10,'600977,中国电影,22.98,23.18,22.88,22.91,23.05,-0.07,-0.3037,1.3422,6267843,144309545.0,42903660000.0,10731660000.0
2017-01-09,'600977,中国电影,23.05,23.08,22.73,23.0,23.15,-0.1,-0.432,1.8728,8746027,200352117.0,43034350000.0,10764350000.0
2017-01-06,'600977,中国电影,23.15,23.51,22.98,23.51,23.52,-0.37,-1.5731,2.1281,9938378,230311859.0,43221050000.0,10811050000.0
2017-01-05,'600977,中国电影,23.52,23.75,23.46,23.59,23.65,-0.13,-0.5497,1.7906,8362088,197017777.0,43911840000.0,10983840000.0
2017-01-04,'600977,中国电影,23.65,23.67,23.11,23.17,23.18,0.47,2.0276,3.0224,14114779,331298923.0,44154550000.0,11044550000.0
2017-01-03,'600977,中国电影,23.18,23.25,22.94,23.1,23.09,0.09,0.3898,1.5859,7405987,171309103.0,43277060000.0,10825060000.0
2016-12-30,'600977,中国电影,23.09,23.24,22.93,23.14,23.15,-0.06,-0.2592,1.1888,5551900,128068006.0,43109030000.0,10783030000.0
2016-12-29,'600977,中国电影,23.15,23.36,22.9,22.95,22.99,0.16,0.696,1.6108,7522382,174363968.0,43221050000.0,10811050000.0
2016-12-28,'600977,中国电影,22.99,23.36,22.9,23.26,23.26,-0.27,-1.1608,1.5604,7287172,168222837.0,42922330000.0,10736330000.0
2016-12-27,'600977,中国电影,23.26,23.62,23.18,23.47,23.52,-0.26,-1.1054,1.3374,6245852,146130806.0,43426420000.0,10862420000.0
2016-12-26,'600977,中国电影,23.52,23.56,22.87,23.32,23.44,0.08,0.3413,2.0334,9495788,220485197.0,43911840000.0,10983840000.0
2016-12-23,'600977,中国电影,23.44,24.03,23.35,23.98,24.03,-0.59,-2.4553,2.6393,12325543,290954696.0,43762480000.0,10946480000.0
2016-12-22,'600977,中国电影,24.03,24.44,23.95,24.4,24.49,-0.46,-1.8783,2.1705,10136176,244339208.0,44864010000.0,11222010000.0
2016-12-21,'600977,中国电影,24.49,24.55,24.02,24.13,24.08,0.41,1.7027,2.352,10983860,267147794.0,45722830000.0,11436830000.0
2016-12-20,'600977,中国电影,24.08,24.18,23.81,24.12,24.12,-0.04,-0.1658,1.5011,7010284,168264213.0,44957360000.0,11245360000.0
2016-12-19,'600977,中国电影,24.12,24.5,23.97,24.5,24.6,-0.48,-1.9512,2.057,9606295,231714996.0,45032040000.0,11264040000.0
2016-12-16,'600977,中国电影,24.6,24.85,24.39,24.45,24.37,0.23,0.9438,1.7647,8240937,202961250.0,45928200000.0,11488200000.0
2016-12-15,'600977,中国电影,24.37,24.73,23.81,23.9,24.0,0.37,1.5417,2.2426,10473128,255495097.0,45498790000.0,11380790000.0
2016-12-14,'600977,中国电影,24.0,24.75,23.81,24.68,24.67,-0.67,-2.7158,2.7563,12871958,310997211.0,44808000000.0,11208000000.0
2016-12-13,'600977,中国电影,24.67,24.89,24.25,24.75,24.77,-0.1,-0.4037,2.2865,10678176,262980479.0,46058890000.0,11520890000.0
2016-12-12,'600977,中国电影,24.77,26.85,24.75,26.85,26.85,-2.08,-7.7467,5.016,23424521,598553913.0,46245590000.0,11567590000.0
2016-12-09,'600977,中国电影,26.85,27.1,26.71,27.1,27.05,-0.2,-0.7394,2.107,9839769,264337115.0,50128950000.0,12538950000.0
2016-12-08,'600977,中国电影,27.05,27.55,26.99,27.4,27.4,-0.35,-1.2774,1.8308,8549621,233033957.0,50502350000.0,12632350000.0
2016-12-07,'600977,中国电影,27.4,27.44,27.1,27.25,27.22,0.18,0.6613,1.4521,6781527,185341973.0,51155800000.0,12795800000.0
2016-12-06,'600977,中国电影,27.22,27.5,26.8,26.87,26.76,0.46,1.719,2.2675,10589231,286817016.0,50819740000.0,12711740000.0
2016-12-05,'600977,中国电影,26.76,27.15,26.7,26.95,27.22,-0.46,-1.6899,2.2651,10578066,284227280.0,49960920000.0,12496920000.0
2016-12-02,'600977,中国电影,27.22,27.97,27.2,27.71,27.71,-0.49,-1.7683,2.9458,13756903,380406268.0,50819740000.0,12711740000.0
2016-12-01,'600977,中国电影,27.71,27.78,27.59,27.69,27.66,0.05,0.1808,1.8695,8730731,241577937.0,51734570000.0,12940570000.0
2016-11-30,'600977,中国电影,27.66,27.84,27.45,27.61,27.65,0.01,0.0362,1.9881,9284470,256632392.0,51641220000.0,12917220000.0
2016-11-29,'600977,中国电影,27.65,28.03,27.63,27.89,27.86,-0.21,-0.7538,2.1949,10250092,285222817.0,51622550000.0,12912550000.0
2016-11-28,'600977,中国电影,27.86,28.13,27.8,28.0,27.98,-0.12,-0.4289,1.9059,8900621,248502478.0,52014620000.0,13010620000.0
2016-11-25,'600977,中国电影,27.98,28.06,27.24,27.91,27.92,0.06,0.2149,3.0925,14442040,399437420.0,52238660000.0,13066660000.0
2016-11-24,'600977,中国电影,27.92,28.59,27.88,28.39,28.5,-0.58,-2.0351,3.726,17400503,490883958.0,52126640000.0,13038640000.0
2016-11-23,'600977,中国电影,28.5,29.13,28.41,29.05,28.98,-0.48,-1.6563,3.9034,18228872,524233533.0,53209500000.0,13309500000.0
2016-11-22,'600977,中国电影,28.98,29.2,28.87,29.19,29.03,-0.05,-0.1722,3.1202,14571413,422215371.0,54105660000.0,13533660000.0
2016-11-21,'600977,中国电影,29.03,29.29,28.8,29.29,29.22,-0.19,-0.6502,3.1254,14595816,423062045.0,54199010000.0,13557010000.0
2016-11-18,'600977,中国电影,29.22,29.51,29.1,29.16,29.26,-0.04,-0.1367,2.8289,13211154,386985242.0,54553740000.0,13645740000.0
2016-11-17,'600977,中国电影,29.26,29.43,29.07,29.11,29.13,0.13,0.4463,2.5179,11758824,343635500.0,54628420000.0,13664420000.0
2016-11-16,'600977,中国电影,29.13,29.69,29.09,29.65,29.65,-0.52,-1.7538,3.8905,18168499,532761498.0,54385710000.0,13603710000.0
2016-11-15,'600977,中国电影,29.65,29.7,29.3,29.49,29.59,0.06,0.2028,3.429,16013267,472386435.0,55356550000.0,13846550000.0
2016-11-14,'600977,中国电影,29.59,30.12,29.3,30.03,30.12,-0.53,-1.7596,6.5797,30727284,909885327.0,55244530000.0,13818530000.0
2016-11-11,'600977,中国电影,30.12,30.98,29.95,30.28,30.51,-0.39,-1.2783,9.0381,42207929,1281466865.0,56234040000.0,14066040000.0
2016-11-10,'600977,中国电影,30.51,30.97,29.62,29.99,29.6,0.91,3.0743,10.2021,47643642,1448772143.0,56962170000.0,14248170000.0
2016-11-09,'600977,中国电影,29.6,30.09,29.02,29.7,30.21,-0.61,-2.0192,9.4141,43963852,1304902007.0,55263200000.0,13823200000.0
2016-11-08,'600977,中国电影,30.21,30.88,28.87,28.99,28.91,1.3,4.4967,13.7935,64415563,1933023266.0,56402070000.0,14108070000.0
2016-11-07,'600977,中国电影,28.91,29.36,28.5,28.75,28.86,0.05,0.1733,7.2473,33844665,980530604.0,53974970000.0,13500970000.0
2016-11-04,'600977,中国电影,28.86,29.45,27.41,27.45,27.52,1.34,4.8692,9.6817,45213334,1288992091.0,53881620000.0,13477620000.0
2016-11-03,'600977,中国电影,27.52,27.95,27.39,27.5,27.67,-0.15,-0.5421,4.1958,19594255,541603381.0,51379840000.0,12851840000.0
2016-11-02,'600977,中国电影,27.67,27.99,27.52,27.92,28.06,-0.39,-1.3899,3.8412,17938383,497133488.0,51659890000.0,12921890000.0
2016-11-01,'600977,中国电影,28.06,28.14,27.72,27.72,27.71,0.35,1.2631,2.9942,13982888,391373605.0,52388020000.0,13104020000.0
2016-10-31,'600977,中国电影,27.71,28.42,27.48,28.42,28.62,-0.91,-3.1796,3.7295,17416544,483891253.0,51734570000.0,12940570000.0
2016-10-28,'600977,中国电影,28.62,29.29,28.5,29.22,29.21,-0.59,-2.0199,4.4373,20722053,596857144.0,53433540000.0,13365540000.0
2016-10-27,'600977,中国电影,29.21,29.48,28.83,28.85,28.9,0.31,1.0727,3.9313,18359360,535152373.0,54535070000.0,13641070000.0
2016-10-26,'600977,中国电影,28.9,29.79,28.88,29.3,29.29,-0.39,-1.3315,5.3137,24814855,725583126.0,53956300000.0,13496300000.0
2016-10-25,'600977,中国电影,29.29,29.98,28.91,29.1,29.22,0.07,0.2396,8.918,41647165,1229352001.0,54684430000.0,13678430000.0
2016-10-24,'600977,中国电影,29.22,29.58,27.64,27.67,27.89,1.33,4.7687,13.948,65137282,1880548774.0,54553740000.0,13645740000.0
2016-10-21,'600977,中国电影,27.89,28.1,26.92,27.05,27.05,0.84,3.1054,6.1566,28751410,789938963.0,52070630000.0,13024630000.0
2016-10-20,'600977,中国电影,27.05,27.35,26.92,27.29,27.28,-0.23,-0.8431,2.431,11353000,307173397.0,50502350000.0,12632350000.0
2016-10-19,'600977,中国电影,27.28,27.57,27.13,27.25,27.24,0.04,0.1468,2.8014,13082763,357215860.0,50931760000.0,12739760000.0
2016-10-18,'600977,中国电影,27.24,27.26,26.77,26.9,26.96,0.28,1.0386,3.2331,15098702,408295975.0,50857080000.0,12721080000.0
2016-10-17,'600977,中国电影,26.96,27.75,26.93,27.75,27.33,-0.37,-1.3538,3.1078,14513501,396985959.0,50334320000.0,12590320000.0
2016-10-14,'600977,中国电影,27.33,27.9,27.13,27.8,27.91,-0.58,-2.0781,3.3333,15566694,427198978.0,51025110000.0,12763110000.0
2016-10-13,'600977,中国电影,27.91,28.2,27.81,27.82,27.81,0.1,0.3596,3.2062,14972934,419258161.0,52107970000.0,13033970000.0
2016-10-12,'600977,中国电影,27.81,28.17,27.61,27.66,27.84,-0.03,-0.1078,3.7688,17600118,490466915.0,51921270000.0,12987270000.0
2016-10-11,'600977,中国电影,27.84,28.07,27.39,27.57,27.57,0.27,0.9793,4.6884,21895015,607798982.0,51977280000.0,13001280000.0
2016-10-10,'600977,中国电影,27.57,27.77,26.9,27.24,27.03,0.54,1.9978,4.4063,20577479,562854720.0,51473190000.0,12875190000.0
2016-09-30,'600977,中国电影,27.03,27.08,26.76,26.87,26.9,0.13,0.4833,2.6966,12593110,339432122.0,50465010000.0,12623010000.0
2016-09-29,'600977,中国电影,26.9,27.24,26.75,26.93,26.77,0.13,0.4856,3.1425,14675634,396617240.0,50222300000.0,12562300000.0
2016-09-28,'600977,中国电影,26.77,27.05,26.63,27.0,26.99,-0.22,-0.8151,2.7613,12895468,345854285.0,49979590000.0,12501590000.0
2016-09-27,'600977,中国电影,26.99,27.01,26.38,26.6,26.7,0.29,1.0861,3.9538,18464239,493348958.0,50390330000.0,12604330000.0
2016-09-26,'600977,中国电影,26.7,28.3,26.67,28.3,28.52,-1.82,-6.3815,7.2961,34072654,933675991.0,49848900000.0,12468900000.0
2016-09-23,'600977,中国电影,28.52,29.49,28.49,29.34,29.22,-0.7,-2.3956,5.5263,25807973,748204523.0,53246840000.0,13318840000.0
2016-09-22,'600977,中国电影,29.22,29.6,29.15,29.6,29.33,-0.11,-0.375,4.1397,19332371,567323287.0,54553740000.0,13645740000.0
2016-09-21,'600977,中国电影,29.33,29.95,29.28,29.74,29.96,-0.63,-2.1028,4.5194,21105590,624480283.0,54759110000.0,13697110000.0
2016-09-20,'600977,中国电影,29.96,30.47,29.42,29.49,29.48,0.48,1.6282,6.9324,32374100,972022750.0,55935320000.0,13991320000.0
2016-09-19,'600977,中国电影,29.48,29.68,29.21,29.21,29.17,0.31,1.0627,4.1001,19147692,563892631.0,55039160000.0,13767160000.0
2016-09-14,'600977,中国电影,29.17,30.12,29.0,29.68,29.89,-0.72,-2.4088,5.4199,25311121,751452466.0,54460390000.0,13622390000.0
2016-09-13,'600977,中国电影,29.89,30.25,29.8,30.16,29.87,0.02,0.067,4.5381,21192801,635038936.0,55804630000.0,13958630000.0
2016-09-12,'600977,中国电影,29.87,30.98,29.77,30.6,31.56,-1.69,-5.3549,8.1928,38260188,1162532103.0,55767290000.0,13949290000.0
2016-09-09,'600977,中国电影,31.56,32.77,31.54,32.44,32.76,-1.2,-3.663,9.8869,46171762,1482067528.0,58922520000.0,14738520000.0
2016-09-08,'600977,中国电影,32.76,33.35,32.47,32.8,32.66,0.1,0.3062,8.245,38503921,1269381973.0,61162920000.0,15298920000.0
2016-09-07,'600977,中国电影,32.66,33.35,32.62,33.0,33.14,-0.48,-1.4484,7.0903,33111719,1091400425.0,60976220000.0,15252220000.0
2016-09-06,'600977,中国电影,33.14,33.26,32.26,32.44,32.8,0.34,1.0366,10.0892,47116360,1541184472.0,61872380000.0,15476380000.0
2016-09-05,'600977,中国电影,32.8,34.5,32.78,34.3,34.34,-1.54,-4.4846,14.6636,68478892,2289143570.0,61237600000.0,15317600000.0
2016-09-02,'600977,中国电影,34.34,35.0,33.85,34.18,34.51,-0.17,-0.4926,11.0244,51483813,1773817605.0,64112780000.0,16036780000.0
2016-09-01,'600977,中国电影,34.51,35.15,33.69,34.25,34.66,-0.15,-0.4328,13.6383,63691082,2196540111.0,64430170000.0,16116170000.0
2016-08-31,'600977,中国电影,34.66,35.08,33.31,34.15,34.27,0.39,1.138,16.8066,78486761,2682664898.0,64710220000.0,16186220000.0
2016-08-30,'600977,中国电影,34.27,35.68,34.08,35.33,34.74,-0.47,-1.3529,14.6711,68513946,2390989382.0,63982090000.0,16004090000.0
2016-08-29,'600977,中国电影,34.74,37.56,34.71,37.56,38.52,-3.78,-9.8131,26.9544,125877228,4499417648.0,64859580000.0,16223580000.0
2016-08-26,'600977,中国电影,38.52,40.19,38.34,38.5,38.83,-0.31,-0.7984,28.7252,134146735,5247420225.0,71916840000.0,17988840000.0
2016-08-25,'600977,中国电影,38.83,40.28,38.18,40.28,36.62,2.21,6.035,51.0773,238530958,9379326146.0,72495610000.0,18133610000.0
2016-08-24,'600977,中国电影,36.62,36.62,36.62,36.62,33.29,3.33,10.003,0.1221,570334,20885631.0,68369540000.0,17101540000.0
2016-08-23,'600977,中国电影,33.29,33.29,33.29,33.29,30.26,3.03,10.0132,0.3097,1446309,48147627.0,62152430000.0,15546430000.0
2016-08-22,'600977,中国电影,30.26,30.26,30.26,30.26,27.51,2.75,9.9964,0.5169,2413820,73042193.0,56495420000.0,14131420000.0
2016-08-19,'600977,中国电影,27.51,27.51,27.51,27.51,25.01,2.5,9.996,0.2424,1132164,31145832.0,51361170000.0,12847170000.0
2016-08-18,'600977,中国电影,25.01,25.01,25.01,25.01,22.74,2.27,9.9824,0.0776,362604,9068726.0,46693670000.0,11679670000.0
2016-08-17,'600977,中国电影,22.74,22.74,22.74,22.74,20.67,2.07,10.0145,0.0597,279011,6344710.0,42455580000.0,10619580000.0
2016-08-16,'600977,中国电影,20.67,20.67,20.67,20.67,18.79,1.88,10.0053,0.0374,174751,3612103.0,38590890000.0,9652890000.0
2016-08-15,'600977,中国电影,18.79,18.79,18.79,18.79,17.08,1.71,10.0117,0.0394,183895,3455387.0,35080930000.0,8774930000.0
2016-08-12,'600977,中国电影,17.08,17.08,17.08,17.08,15.53,1.55,9.9807,0.0401,187196,3197308.0,31888360000.0,7976360000.0
2016-08-11,'600977,中国电影,15.53,15.53,15.53,15.53,14.12,1.41,9.9858,0.0145,67505,1048353.0,28994510000.0,7252510000.0
2016-08-10,'600977,中国电影,14.12,14.12,14.12,14.12,12.84,1.28,9.9688,0.0151,70464,994952.0,26362040000.0,6594040000.0
2016-08-09,'600977,N中影,12.84,12.84,10.7,10.7,8.92,3.92,43.9462,0.0386,180324,2308726.0,23972280000.0,5996280000.0
