日期,股票代码,名称,收盘价,最高价,最低价,开盘价,前收盘,涨跌额,涨跌幅,换手率,成交量,成交金额,总市值,流通市值
2017-05-15,'600959,江苏有线,10.6,10.63,10.43,10.45,10.49,0.11,1.0486,0.7509,10483327,110775989.0,41176015869.4,14799490605.4
2017-05-12,'600959,江苏有线,10.49,10.61,10.48,10.55,10.56,-0.07,-0.6629,0.4314,6023177,63487048.0,40748717591.5,14645910985.9
2017-05-11,'600959,江苏有线,10.56,10.6,10.3,10.37,10.45,0.11,1.0526,1.097,15315681,160664173.0,41020634677.4,14743643471.0
2017-05-10,'600959,江苏有线,10.45,10.52,10.25,10.52,10.51,-0.06,-0.5709,0.7416,10354618,107767790.0,40593336399.6,14590063851.5
2017-05-09,'600959,江苏有线,10.51,10.58,10.47,10.52,10.57,-0.06,-0.5676,0.4747,6628102,69749460.0,40826408187.5,14673834553.1
2017-05-08,'600959,江苏有线,10.57,10.58,10.42,10.46,10.47,0.1,0.9551,0.8433,11774456,123836866.0,41059479975.4,14757605254.6
2017-05-05,'600959,江苏有线,10.47,10.48,10.34,10.41,10.43,0.04,0.3835,0.5323,7432340,77455341.0,40671026995.5,14617987418.7
2017-05-04,'600959,江苏有线,10.43,10.47,10.33,10.38,10.42,0.01,0.096,0.4467,6237232,64976530.0,40515645803.6,14562140284.4
2017-05-03,'600959,江苏有线,10.42,10.68,10.2,10.23,10.27,0.15,1.4606,0.7961,11115443,116125630.0,40476800505.6,14548178500.8
2017-05-02,'600959,江苏有线,10.27,10.37,10.26,10.37,10.37,-0.1,-0.9643,0.2959,4130958,42508701.0,39894121035.7,14338751746.9
2017-04-28,'600959,江苏有线,10.37,10.38,10.27,10.28,10.33,0.04,0.3872,0.2621,3659244,37812800.0,40282574015.6,14478369582.8
2017-04-27,'600959,江苏有线,10.33,10.38,10.17,10.34,10.38,-0.05,-0.4817,0.4612,6439036,66097765.0,40127192823.7,14422522448.5
2017-04-26,'600959,江苏有线,10.38,10.48,10.35,10.46,10.46,-0.08,-0.7648,0.2708,3781461,39294383.0,40321419313.6,14492331366.4
2017-04-25,'600959,江苏有线,10.46,10.5,10.43,10.44,10.53,-0.07,-0.6648,0.4322,6034606,63172199.0,40632181697.5,14604025635.1
2017-04-24,'600959,江苏有线,10.53,10.54,10.21,10.36,10.39,0.14,1.3474,0.8148,11375561,117999106.0,40904098783.5,14701758120.3
2017-04-21,'600959,江苏有线,10.39,10.43,10.2,10.3,10.3,0.09,0.8738,0.5046,7045055,72692901.0,40360264611.6,14506293150.0
2017-04-20,'600959,江苏有线,10.3,10.31,10.13,10.28,10.27,0.03,0.2921,0.4006,5593136,57171495.0,40010656929.7,14380637097.7
2017-04-19,'600959,江苏有线,10.27,10.3,10.02,10.24,10.28,-0.01,-0.0973,0.8118,11333731,115299003.0,39894121035.7,14338751746.9
2017-04-18,'600959,江苏有线,10.28,10.42,10.26,10.42,10.42,-0.14,-1.3436,0.3738,5219261,54044913.0,39932966333.7,14352713530.5
2017-04-17,'600959,江苏有线,10.42,10.43,10.26,10.4,10.41,0.01,0.0961,0.5157,7200726,74351929.0,40476800505.6,14548178500.8
2017-04-14,'600959,江苏有线,10.41,10.49,10.38,10.49,10.49,-0.08,-0.7626,0.4546,6346994,66094085.0,40437955207.6,14534216717.2
2017-04-13,'600959,江苏有线,10.49,10.53,10.41,10.43,10.47,0.02,0.191,0.4501,6284132,65876255.0,40748717591.5,14645910985.9
2017-04-12,'600959,江苏有线,10.47,10.48,10.37,10.4,10.45,0.02,0.1914,0.5275,7365233,76691990.0,40671026995.5,14617987418.7
2017-04-11,'600959,江苏有线,10.45,10.46,10.34,10.39,10.4,0.05,0.4808,0.5694,7949700,82668093.0,40593336399.6,14590063851.5
2017-04-10,'600959,江苏有线,10.4,10.52,10.39,10.51,10.53,-0.13,-1.2346,0.5219,7286263,76022705.0,40399109909.6,14520254933.6
2017-04-07,'600959,江苏有线,10.53,10.56,10.48,10.54,10.52,0.01,0.0951,0.4958,6922141,72776797.0,40904098783.5,14701758120.3
2017-04-06,'600959,江苏有线,10.52,10.59,10.49,10.55,10.55,-0.03,-0.2844,0.5565,7769936,81787570.0,40865253485.5,14687796336.7
2017-04-05,'600959,江苏有线,10.55,10.55,10.41,10.43,10.43,0.12,1.1505,0.5441,7596779,79770248.0,40981789379.4,14729681687.5
2017-03-31,'600959,江苏有线,10.43,10.47,10.38,10.41,10.43,0.0,0.0,0.3663,5114809,53279791.0,40515645803.6,14562140284.4
2017-03-30,'600959,江苏有线,10.43,10.53,10.33,10.52,10.53,-0.1,-0.9497,0.8292,11577368,120324439.0,40515645803.6,14562140284.4
2017-03-29,'600959,江苏有线,10.53,10.62,10.5,10.61,10.59,-0.06,-0.5666,0.4734,6608831,69715499.0,40904098783.5,14701758120.3
2017-03-28,'600959,江苏有线,10.59,10.65,10.56,10.65,10.62,-0.03,-0.2825,0.3739,5220451,55282044.0,41137170571.4,14785528821.8
2017-03-27,'600959,江苏有线,10.62,10.69,10.61,10.68,10.68,-0.06,-0.5618,0.3686,5146951,54795298.0,41253706465.4,14827414172.6
2017-03-24,'600959,江苏有线,10.68,10.69,10.57,10.65,10.65,0.03,0.2817,0.4398,6140127,65299798.0,41486778253.3,14911184874.1
2017-03-23,'600959,江苏有线,10.65,10.71,10.55,10.65,10.65,0.0,0.0,0.4835,6750549,71822738.0,41370242359.3,14869299523.4
2017-03-22,'600959,江苏有线,10.65,10.77,10.62,10.77,10.8,-0.15,-1.3889,0.6504,9081070,97055493.0,41370242359.3,14869299523.4
2017-03-21,'600959,江苏有线,10.8,10.85,10.78,10.84,10.84,-0.04,-0.369,0.3507,4896431,52967499.0,41952921829.2,15078726277.2
2017-03-20,'600959,江苏有线,10.84,10.85,10.78,10.8,10.84,0.0,0.0,0.3713,5183762,56087498.0,42108303021.2,15134573411.6
2017-03-17,'600959,江苏有线,10.84,10.98,10.8,10.95,10.95,-0.11,-1.0046,0.6133,8563190,93317989.0,42108303021.2,15134573411.6
2017-03-16,'600959,江苏有线,10.95,11.01,10.92,10.95,10.94,0.01,0.0914,0.4848,6768963,74124423.0,42535601299.1,15288153031.0
2017-03-15,'600959,江苏有线,10.94,10.98,10.83,10.87,10.9,0.04,0.367,0.6377,8903250,97214964.0,42496756001.1,15274191247.5
2017-03-14,'600959,江苏有线,10.9,10.91,10.81,10.84,10.86,0.04,0.3683,0.5141,7178365,77943308.0,42341374809.1,15218344113.1
2017-03-13,'600959,江苏有线,10.86,10.86,10.75,10.77,10.77,0.09,0.8357,0.4846,6765898,73278670.0,42185993617.1,15162496978.7
2017-03-10,'600959,江苏有线,10.77,10.85,10.76,10.8,10.82,-0.05,-0.4621,0.4064,5674630,61325384.0,41836385935.2,15036840926.4
2017-03-09,'600959,江苏有线,10.82,10.92,10.78,10.89,10.92,-0.1,-0.9158,0.6479,9045326,97942526.0,42030612425.2,15106649844.4
2017-03-08,'600959,江苏有线,10.92,11.01,10.9,10.93,10.97,-0.05,-0.4558,0.473,6604381,72276813.0,42419065405.1,15246267680.3
2017-03-07,'600959,江苏有线,10.97,10.98,10.9,10.93,10.94,0.03,0.2742,0.6248,8723800,95434844.0,42613291895.0,15316076598.2
2017-03-06,'600959,江苏有线,10.94,10.97,10.87,10.88,10.93,0.01,0.0915,0.6705,9361886,102354460.0,42496756001.1,15274191247.5
2017-03-03,'600959,江苏有线,10.93,11.0,10.88,11.0,11.0,-0.07,-0.6364,0.8535,11915980,130196973.0,42457910703.1,15260229463.9
2017-03-02,'600959,江苏有线,11.0,11.15,10.99,11.1,11.12,-0.12,-1.0791,1.0053,14035314,155065548.0,42729827789.0,15357961949.0
2017-03-01,'600959,江苏有线,11.12,11.19,11.09,11.18,11.2,-0.08,-0.7143,0.9369,13080992,145793721.0,43195971364.9,15525503352.1
2017-02-28,'600959,江苏有线,11.2,11.22,11.08,11.1,11.14,0.06,0.5386,1.6316,22780357,254261615.0,43506733748.8,15637197620.8
2017-02-27,'600959,江苏有线,11.14,11.18,11.0,11.05,11.07,0.07,0.6323,1.2751,17802792,197681470.0,43273661960.9,15553426919.3
2017-02-24,'600959,江苏有线,11.07,11.08,10.98,11.02,11.06,0.01,0.0904,0.7964,11118904,122653915.0,43001744874.9,15455694434.1
2017-02-23,'600959,江苏有线,11.06,11.16,10.98,11.15,11.16,-0.1,-0.8961,0.9812,13699136,151490575.0,42962899576.9,15441732650.5
2017-02-22,'600959,江苏有线,11.16,11.17,11.03,11.13,11.1,0.06,0.5405,1.1004,15362970,170771316.0,43351352556.8,15581350486.4
2017-02-21,'600959,江苏有线,11.1,11.17,11.04,11.09,11.11,-0.01,-0.09,0.9632,13447713,149200677.0,43118280768.9,15497579784.9
2017-02-20,'600959,江苏有线,11.11,11.13,10.97,11.0,11.04,0.07,0.6341,1.3858,19348310,213647419.0,43157126066.9,15511541568.5
2017-02-17,'600959,江苏有线,11.04,11.3,10.92,10.93,10.94,0.1,0.9141,2.0113,28080818,312045559.0,42885208981.0,15413809083.4
2017-02-16,'600959,江苏有线,10.94,10.95,10.84,10.87,10.9,0.04,0.367,0.651,9089294,99099303.0,42496756001.1,15274191247.5
2017-02-15,'600959,江苏有线,10.9,11.09,10.89,11.08,11.08,-0.18,-1.6245,1.0609,14811900,162670196.0,42341374809.1,15218344113.1
2017-02-14,'600959,江苏有线,11.08,11.12,11.0,11.04,11.06,0.02,0.1808,0.6569,9171843,101293485.0,43040590172.9,15469656217.7
2017-02-13,'600959,江苏有线,11.06,11.22,10.98,11.21,11.01,0.05,0.4541,1.2718,17757059,196306162.0,42962899576.9,15441732650.5
2017-02-10,'600959,江苏有线,11.01,11.25,11.0,11.11,11.07,-0.06,-0.542,1.9633,27411316,304586727.0,42768673087.0,15371923732.6
2017-02-09,'600959,江苏有线,11.07,11.15,10.78,10.82,10.81,0.26,2.4052,1.5288,21344574,233302326.0,43001744874.9,15455694434.1
2017-02-08,'600959,江苏有线,10.81,10.82,10.68,10.75,10.75,0.06,0.5581,0.5502,7682449,82676760.0,41991767127.2,15092688060.8
2017-02-07,'600959,江苏有线,10.75,10.88,10.73,10.8,10.82,-0.07,-0.647,0.4615,6443070,69428479.0,41758695339.2,15008917359.2
2017-02-06,'600959,江苏有线,10.82,10.83,10.69,10.73,10.77,0.05,0.4643,0.5272,7360704,79208184.0,42030612425.2,15106649844.4
2017-02-03,'600959,江苏有线,10.77,10.92,10.71,10.9,10.9,-0.13,-1.1927,0.4061,5670061,61157391.0,41836385935.2,15036840926.4
2017-01-26,'600959,江苏有线,10.9,10.99,10.85,10.9,10.86,0.04,0.3683,0.4279,5973628,65228295.0,42341374809.1,15218344113.1
2017-01-25,'600959,江苏有线,10.86,10.92,10.73,10.79,10.84,0.02,0.1845,0.3547,4951991,53714811.0,42185993617.1,15162496978.7
2017-01-24,'600959,江苏有线,10.84,10.99,10.69,10.75,10.78,0.06,0.5566,0.5439,7593391,82267557.0,42108303021.2,15134573411.6
2017-01-23,'600959,江苏有线,10.78,10.84,10.75,10.78,10.78,0.0,0.0,0.3609,5038747,54377832.0,41875231233.2,15050802710.0
2017-01-20,'600959,江苏有线,10.78,10.79,10.65,10.65,10.69,0.09,0.8419,0.4387,6125716,65920275.0,41875231233.2,15050802710.0
2017-01-19,'600959,江苏有线,10.69,10.77,10.65,10.71,10.74,-0.05,-0.4655,0.3906,5453766,58293217.0,41525623551.3,14925146657.7
2017-01-18,'600959,江苏有线,10.74,10.84,10.71,10.75,10.79,-0.05,-0.4634,0.3807,5315032,57257407.0,41719850041.3,14994955575.7
2017-01-17,'600959,江苏有线,10.79,10.8,10.65,10.68,10.81,-0.02,-0.185,0.5309,7411813,79517832.0,41914076531.2,15064764493.6
2017-01-16,'600959,江苏有线,10.81,10.86,10.33,10.6,10.64,0.17,1.5977,2.1293,29729100,315248099.0,41991767127.2,15092688060.8
2017-01-13,'600959,江苏有线,10.64,10.66,10.51,10.55,10.55,0.09,0.8531,0.8738,12199609,129030605.0,41331397061.4,14855337739.8
2017-01-12,'600959,江苏有线,10.55,10.77,10.53,10.69,10.7,-0.15,-1.4019,0.7824,10923765,116394661.0,40981789379.4,14729681687.5
2017-01-11,'600959,江苏有线,10.7,10.85,10.67,10.85,10.85,-0.15,-1.3825,0.8948,12493624,134351460.0,41564468849.3,14939108441.3
2017-01-10,'600959,江苏有线,10.85,10.93,10.8,10.91,10.92,-0.07,-0.641,0.812,11337626,122932894.0,42147148319.2,15148535195.1
2017-01-09,'600959,江苏有线,10.92,10.94,10.8,10.85,10.9,0.02,0.1835,0.8295,11581923,125892504.0,42419065405.1,15246267680.3
2017-01-06,'600959,江苏有线,10.9,11.12,10.88,11.03,11.06,-0.16,-1.4467,1.4174,19789598,217197979.0,42341374809.1,15218344113.1
2017-01-05,'600959,江苏有线,11.06,11.25,11.04,11.24,11.24,-0.18,-1.6014,1.2531,17495841,194844209.0,42962899576.9,15441732650.5
2017-01-04,'600959,江苏有线,11.24,11.33,11.15,11.25,11.28,-0.04,-0.3546,1.2802,17874496,200425791.0,43662114940.8,15693044755.2
2017-01-03,'600959,江苏有线,11.28,11.38,11.24,11.25,11.3,-0.02,-0.177,0.9616,13425183,151868478.0,43817496132.7,15748891889.5
2016-12-30,'600959,江苏有线,11.3,11.33,11.15,11.22,11.25,0.05,0.4444,1.0178,14209641,159606073.0,43895186728.7,15776815456.7
2016-12-29,'600959,江苏有线,11.25,11.37,11.23,11.32,11.39,-0.14,-1.2291,1.1337,15828433,178724399.0,43700960238.8,15707006538.8
2016-12-28,'600959,江苏有线,11.39,11.45,11.08,11.12,11.16,0.23,2.0609,2.5328,35362626,400891776.0,44244794410.6,15902471509.0
2016-12-27,'600959,江苏有线,11.16,11.33,11.14,11.26,11.27,-0.11,-0.976,1.0195,14234242,159754323.0,43351352556.8,15581350486.4
2016-12-26,'600959,江苏有线,11.27,11.27,10.78,11.03,11.08,0.19,1.7148,1.7481,24406505,268839261.0,43778650834.7,15734930105.9
2016-12-23,'600959,江苏有线,11.08,11.17,10.95,11.08,11.08,0.0,0.0,1.1106,15506412,171253583.0,43040590172.9,15469656217.7
2016-12-22,'600959,江苏有线,11.08,11.24,11.05,11.24,11.25,-0.17,-1.5111,1.1568,16151203,179581491.0,43040590172.9,15469656217.7
2016-12-21,'600959,江苏有线,11.25,11.28,11.13,11.23,11.27,-0.02,-0.1775,1.2569,17548389,196521226.0,43700960238.8,15707006538.8
2016-12-20,'600959,江苏有线,11.27,11.44,11.17,11.35,11.41,-0.14,-1.227,1.7292,24143078,272221107.0,43778650834.7,15734930105.9
2016-12-19,'600959,江苏有线,11.41,11.46,11.09,11.17,11.18,0.23,2.0572,2.164,30213595,341337505.0,44322485006.6,15930395076.2
2016-12-16,'600959,江苏有线,11.18,11.36,11.16,11.29,11.34,-0.16,-1.4109,1.6958,23677043,265770896.0,43429043152.8,15609274053.6
2016-12-15,'600959,江苏有线,11.34,11.36,11.02,11.08,11.12,0.22,1.9784,3.1383,43816157,491405149.0,44050567920.7,15832662591.1
2016-12-14,'600959,江苏有线,11.12,11.27,10.76,10.8,10.84,0.28,2.583,3.9789,55552078,618125194.0,43195971364.9,15525503352.1
2016-12-13,'600959,江苏有线,10.84,10.87,10.55,10.68,10.74,0.1,0.9311,1.336,18653030,199222722.0,42108303021.2,15134573411.6
2016-12-12,'600959,江苏有线,10.74,11.07,10.52,10.95,11.01,-0.27,-2.4523,2.6139,36494780,395728548.0,41719850041.3,14994955575.7
2016-12-09,'600959,江苏有线,11.01,11.16,10.65,10.7,10.67,0.34,3.1865,3.4763,48535392,532031197.0,42768673087.0,15371923732.6
2016-12-08,'600959,江苏有线,10.67,10.75,10.65,10.7,10.7,-0.03,-0.2804,0.6191,8643773,92441471.0,41447932955.3,14897223090.5
2016-12-07,'600959,江苏有线,10.7,10.72,10.57,10.66,10.65,0.05,0.4695,0.7439,10386630,110660031.0,41564468849.3,14939108441.3
2016-12-06,'600959,江苏有线,10.65,10.74,10.62,10.67,10.67,-0.02,-0.1874,0.5678,7927936,84600198.0,41370242359.3,14869299523.4
2016-12-05,'600959,江苏有线,10.67,10.76,10.61,10.65,10.73,-0.06,-0.5592,0.7524,10504807,112199771.0,41447932955.3,14897223090.5
2016-12-02,'600959,江苏有线,10.73,10.97,10.68,10.92,10.97,-0.24,-2.1878,1.3948,19474345,210466831.0,41681004743.3,14980993792.1
2016-12-01,'600959,江苏有线,10.97,10.98,10.74,10.74,10.76,0.21,1.9517,1.7869,24948684,271701210.0,42613291895.0,15316076598.2
2016-11-30,'600959,江苏有线,10.76,10.9,10.62,10.66,10.71,0.05,0.4669,1.2022,16785177,180921131.0,41797540637.2,15022879142.8
2016-11-29,'600959,江苏有线,10.71,10.82,10.69,10.78,10.8,-0.09,-0.8333,1.1047,15423128,165719668.0,41603314147.3,14953070224.9
2016-11-28,'600959,江苏有线,10.8,10.8,10.7,10.75,10.72,0.08,0.7463,1.1029,15398567,165488583.0,41952921829.2,15078726277.2
2016-11-25,'600959,江苏有线,10.72,10.73,10.52,10.63,10.67,0.05,0.4686,0.8893,12415895,131728995.0,41642159445.3,14967032008.5
2016-11-24,'600959,江苏有线,10.67,10.8,10.62,10.65,10.65,0.02,0.1878,1.0329,14420691,154577959.0,41447932955.3,14897223090.5
2016-11-23,'600959,江苏有线,10.65,10.77,10.62,10.75,10.75,-0.1,-0.9302,0.9292,12973815,138765491.0,41370242359.3,14869299523.4
2016-11-22,'600959,江苏有线,10.75,10.8,10.58,10.58,10.59,0.16,1.5109,1.2162,16980305,182086407.0,41758695339.2,15008917359.2
2016-11-21,'600959,江苏有线,10.59,10.62,10.52,10.56,10.57,0.02,0.1892,0.6875,9598892,101564916.0,41137170571.4,14785528821.8
2016-11-18,'600959,江苏有线,10.57,10.72,10.56,10.69,10.69,-0.12,-1.1225,0.7164,10001952,106198085.0,41059479975.4,14757605254.6
2016-11-17,'600959,江苏有线,10.69,10.71,10.61,10.7,10.75,-0.06,-0.5581,0.8643,12066715,128577393.0,41525623551.3,14925146657.7
2016-11-16,'600959,江苏有线,10.75,10.88,10.6,10.62,10.61,0.14,1.3195,2.0355,28419715,306433229.0,41758695339.2,15008917359.2
2016-11-15,'600959,江苏有线,10.61,10.62,10.53,10.6,10.58,0.03,0.2836,0.8214,11468661,121283561.0,41214861167.4,14813452389.0
2016-11-14,'600959,江苏有线,10.58,10.64,10.49,10.52,10.53,0.05,0.4748,1.1501,16057525,169906204.0,41098325273.4,14771567038.2
2016-11-11,'600959,江苏有线,10.53,10.54,10.43,10.51,10.5,0.03,0.2857,1.1116,15520341,162758851.0,40904098783.5,14701758120.3
2016-11-10,'600959,江苏有线,10.5,10.52,10.34,10.34,10.29,0.21,2.0408,1.0011,13977837,145801846.0,40787562889.5,14659872769.5
2016-11-09,'600959,江苏有线,10.29,10.45,10.2,10.42,10.44,-0.15,-1.4368,0.8274,11552421,119226092.0,39971811631.7,14366675314.1
2016-11-08,'600959,江苏有线,10.44,10.5,10.4,10.48,10.45,-0.01,-0.0957,0.4934,6889373,71974890.0,40554491101.6,14576102068.0
2016-11-07,'600959,江苏有线,10.45,10.5,10.37,10.4,10.42,0.03,0.2879,0.4945,6904387,71994951.0,40593336399.6,14590063851.5
2016-11-04,'600959,江苏有线,10.42,10.54,10.36,10.37,10.38,0.04,0.3854,0.841,11741584,122615386.0,40476800505.6,14548178500.8
2016-11-03,'600959,江苏有线,10.38,10.43,10.25,10.28,10.3,0.08,0.7767,0.6484,9053339,93856597.0,40321419313.6,14492331366.4
2016-11-02,'600959,江苏有线,10.3,10.4,10.28,10.39,10.42,-0.12,-1.1516,0.4968,6936640,71680113.0,40010656929.7,14380637097.7
2016-11-01,'600959,江苏有线,10.42,10.44,10.32,10.34,10.33,0.09,0.8712,0.4498,6280364,65158757.0,40476800505.6,14548178500.8
2016-10-31,'600959,江苏有线,10.33,10.36,10.23,10.35,10.36,-0.03,-0.2896,0.5079,7091446,73056282.0,40127192823.7,14422522448.5
2016-10-28,'600959,江苏有线,10.36,10.5,10.35,10.46,10.46,-0.1,-0.956,0.6293,8785544,91570331.0,40243728717.6,14464407799.2
2016-10-27,'600959,江苏有线,10.46,10.51,10.41,10.5,10.53,-0.07,-0.6648,0.523,7302685,76340080.0,40632181697.5,14604025635.1
2016-10-26,'600959,江苏有线,10.53,10.61,10.44,10.59,10.6,-0.07,-0.6604,0.7714,10770759,113166335.0,40904098783.5,14701758120.3
2016-10-25,'600959,江苏有线,10.6,10.66,10.57,10.61,10.59,0.01,0.0944,0.6435,8984544,95346838.0,41176015869.4,14799490605.4
2016-10-24,'600959,江苏有线,10.59,10.65,10.44,10.47,10.49,0.1,0.9533,0.9522,13295004,140799230.0,41137170571.4,14785528821.8
2016-10-21,'600959,江苏有线,10.49,10.56,10.39,10.55,10.55,-0.06,-0.5687,0.5721,7987357,83654076.0,40748717591.5,14645910985.9
2016-10-20,'600959,江苏有线,10.55,10.62,10.45,10.48,10.47,0.08,0.7641,0.7012,9790619,103290077.0,40981789379.4,14729681687.5
2016-10-19,'600959,江苏有线,10.47,10.55,10.42,10.53,10.52,-0.05,-0.4753,0.5804,8103899,84859502.0,40671026995.5,14617987418.7
2016-10-18,'600959,江苏有线,10.52,10.55,10.32,10.34,10.35,0.17,1.6425,0.7891,11016887,115062369.0,40865253485.5,14687796336.7
2016-10-17,'600959,江苏有线,10.35,10.45,10.31,10.44,10.43,-0.08,-0.767,0.4345,6066880,62982551.0,40204883419.7,14450446015.6
2016-10-14,'600959,江苏有线,10.43,10.44,10.33,10.43,10.44,-0.01,-0.0958,0.3694,5158176,53566655.0,40515645803.6,14562140284.4
2016-10-13,'600959,江苏有线,10.44,10.47,10.36,10.43,10.46,-0.02,-0.1912,0.3756,5244160,54596551.0,40554491101.6,14576102068.0
2016-10-12,'600959,江苏有线,10.46,10.47,10.36,10.45,10.48,-0.02,-0.1908,0.4143,5784051,60205458.0,40632181697.5,14604025635.1
2016-10-11,'600959,江苏有线,10.48,10.49,10.42,10.47,10.48,0.0,0.0,0.4055,5661192,59149924.0,40709872293.5,14631949202.3
2016-10-10,'600959,江苏有线,10.48,10.5,10.2,10.2,10.19,0.29,2.8459,0.7795,10883525,112971335.0,40709872293.5,14631949202.3
2016-09-30,'600959,江苏有线,10.19,10.21,10.14,10.17,10.17,0.02,0.1967,0.2794,3900525,39719077.0,39583358651.8,14227057478.2
2016-09-29,'600959,江苏有线,10.17,10.25,10.16,10.19,10.17,0.0,0.0,0.3242,4526954,46174958.0,39505668055.8,14199133911.0
2016-09-28,'600959,江苏有线,10.17,10.23,10.16,10.22,10.21,-0.04,-0.3918,0.2251,3142644,31986847.0,39505668055.8,14199133911.0
2016-09-27,'600959,江苏有线,10.21,10.22,10.12,10.14,10.16,0.05,0.4921,0.3357,4687106,47664960.0,39661049247.8,14254981045.4
2016-09-26,'600959,江苏有线,10.16,10.37,10.15,10.35,10.35,-0.19,-1.8357,0.6393,8926312,91466743.0,39466822757.8,14185172127.4
2016-09-23,'600959,江苏有线,10.35,10.42,10.35,10.4,10.4,-0.05,-0.4808,0.3325,4641772,48129697.0,40204883419.7,14450446015.6
2016-09-22,'600959,江苏有线,10.4,10.48,10.39,10.45,10.4,0.0,0.0,0.4245,5926635,61869251.0,40399109909.6,14520254933.6
2016-09-21,'600959,江苏有线,10.4,10.41,10.33,10.38,10.38,0.02,0.1927,0.3022,4219371,43821305.0,40399109909.6,14520254933.6
2016-09-20,'600959,江苏有线,10.38,10.46,10.36,10.45,10.45,-0.07,-0.6699,0.2746,3833823,39837819.0,40321419313.6,14492331366.4
2016-09-19,'600959,江苏有线,10.45,10.48,10.32,10.32,10.31,0.14,1.3579,0.4907,6851473,71358068.0,40593336399.6,14590063851.5
2016-09-14,'600959,江苏有线,10.31,10.41,10.3,10.36,10.38,-0.07,-0.6744,0.3774,5268572,54466954.0,40049502227.7,14394598881.3
2016-09-13,'600959,江苏有线,10.38,10.46,10.33,10.42,10.37,0.01,0.0964,0.395,5514482,57253434.0,40321419313.6,14492331366.4
2016-09-12,'600959,江苏有线,10.37,10.55,10.32,10.52,10.67,-0.3,-2.8116,1.0482,14635415,152599231.0,40282574015.6,14478369582.8
2016-09-09,'600959,江苏有线,10.67,10.77,10.61,10.76,10.74,-0.07,-0.6518,0.5619,7845272,83887328.0,41447932955.3,14897223090.5
2016-09-08,'600959,江苏有线,10.74,10.78,10.68,10.7,10.69,0.05,0.4677,0.4869,6798266,72950763.0,41719850041.3,14994955575.7
2016-09-07,'600959,江苏有线,10.69,10.77,10.67,10.73,10.7,-0.01,-0.0935,0.7423,10364226,111161931.0,41525623551.3,14925146657.7
2016-09-06,'600959,江苏有线,10.7,10.73,10.52,10.62,10.62,0.08,0.7533,0.7256,10130528,107706970.0,41564468849.3,14939108441.3
2016-09-05,'600959,江苏有线,10.62,10.7,10.6,10.61,10.61,0.01,0.0943,0.4555,6360164,67657468.0,41253706465.4,14827414172.6
2016-09-02,'600959,江苏有线,10.61,10.64,10.53,10.58,10.6,0.01,0.0943,0.4826,6737750,71346407.0,41214861167.4,14813452389.0
2016-09-01,'600959,江苏有线,10.6,10.71,10.58,10.68,10.69,-0.09,-0.8419,0.6028,8416554,89590269.0,41176015869.4,14799490605.4
2016-08-31,'600959,江苏有线,10.69,10.69,10.57,10.65,10.65,0.04,0.3756,0.4815,6722369,71474600.0,41525623551.3,14925146657.7
2016-08-30,'600959,江苏有线,10.65,10.71,10.63,10.66,10.67,-0.02,-0.1874,0.4397,6139567,65480489.0,41370242359.3,14869299523.4
2016-08-29,'600959,江苏有线,10.67,10.69,10.61,10.62,10.64,0.03,0.282,0.4124,5758014,61346691.0,41447932955.3,14897223090.5
2016-08-26,'600959,江苏有线,10.64,10.73,10.62,10.64,10.63,0.01,0.0941,0.6233,8702426,92880870.0,41331397061.4,14855337739.8
2016-08-25,'600959,江苏有线,10.63,10.7,10.53,10.7,10.73,-0.1,-0.932,0.7507,10481577,111052906.0,41292551763.4,14841375956.2
2016-08-24,'600959,江苏有线,10.73,10.82,10.71,10.73,10.76,-0.03,-0.2788,0.6259,8739331,94058082.0,41681004743.3,14980993792.1
2016-08-23,'600959,江苏有线,10.76,10.82,10.63,10.67,10.72,0.04,0.3731,0.7086,9893317,106091879.0,41797540637.2,15022879142.8
2016-08-22,'600959,江苏有线,10.72,10.94,10.71,10.93,10.93,-0.21,-1.9213,0.9113,12722753,137675121.0,41642159445.3,14967032008.5
2016-08-19,'600959,江苏有线,10.93,10.98,10.82,10.87,10.91,0.02,0.1833,1.0155,14177650,154556481.0,42457910703.1,15260229463.9
2016-08-18,'600959,江苏有线,10.91,11.05,10.81,10.83,10.87,0.04,0.368,1.4596,20377971,222120812.0,42380220107.1,15232305896.7
2016-08-17,'600959,江苏有线,10.87,10.93,10.79,10.87,10.87,0.0,0.0,0.999,13947308,151364388.0,42224838915.1,15176458762.3
2016-08-16,'600959,江苏有线,10.87,10.95,10.82,10.85,10.86,0.01,0.0921,1.1925,16649214,181140212.0,42224838915.1,15176458762.3
2016-08-15,'600959,江苏有线,10.86,10.91,10.55,10.65,10.65,0.21,1.9718,1.7163,23962482,257421708.0,42185993617.1,15162496978.7
2016-08-12,'600959,江苏有线,10.65,10.66,10.48,10.54,10.51,0.14,1.3321,0.5837,8149712,86086981.0,41370242359.3,14869299523.4
2016-08-11,'600959,江苏有线,10.51,10.71,10.5,10.68,10.7,-0.19,-1.7757,0.586,8181432,86617259.0,40826408187.5,14673834553.1
2016-08-10,'600959,江苏有线,10.7,10.78,10.69,10.78,10.77,-0.07,-0.65,0.4968,6936799,74450483.0,41564468849.3,14939108441.3
2016-08-09,'600959,江苏有线,10.77,10.79,10.6,10.61,10.63,0.14,1.317,0.6637,9266083,99376331.0,41836385935.2,15036840926.4
2016-08-08,'600959,江苏有线,10.63,10.64,10.45,10.5,10.51,0.12,1.1418,0.5187,7241871,76455037.0,41292551763.4,14841375956.2
2016-08-05,'600959,江苏有线,10.51,10.58,10.49,10.56,10.58,-0.07,-0.6616,0.4201,5865646,61789524.0,40826408187.5,14673834553.1
2016-08-04,'600959,江苏有线,10.58,10.59,10.45,10.53,10.53,0.05,0.4748,0.4962,6928075,72871931.0,41098325273.4,14771567038.2
2016-08-03,'600959,江苏有线,10.53,10.58,10.48,10.57,10.57,-0.04,-0.3784,0.5077,7088929,74616238.0,40904098783.5,14701758120.3
2016-08-02,'600959,江苏有线,10.57,10.58,10.46,10.46,10.47,0.1,0.9551,0.3731,5209795,54917900.0,41059479975.4,14757605254.6
2016-08-01,'600959,江苏有线,10.47,10.65,10.4,10.63,10.68,-0.21,-1.9663,0.7051,9844449,103213183.0,40671026995.5,14617987418.7
2016-07-29,'600959,江苏有线,10.68,10.82,10.63,10.81,10.79,-0.11,-1.0195,0.5833,8143676,87199881.0,41486778253.3,14911184874.1
2016-07-28,'600959,江苏有线,10.79,10.91,10.61,10.89,10.89,-0.1,-0.9183,1.1464,16005918,172280075.0,41914076531.2,15064764493.6
2016-07-27,'600959,江苏有线,10.89,11.46,10.7,11.44,11.44,-0.55,-4.8077,2.0093,28053955,310832116.0,42302529511.1,15204382329.5
2016-07-26,'600959,江苏有线,11.44,11.49,11.3,11.35,11.35,0.09,0.793,1.0717,14963286,170257190.0,44439020900.6,15972280427.0
2016-07-25,'600959,江苏有线,11.35,11.37,11.15,11.22,11.19,0.16,1.4298,0.9725,13578057,153246359.0,44089413218.7,15846624374.6
2016-07-22,'600959,江苏有线,11.19,11.29,11.16,11.23,11.23,-0.04,-0.3562,0.8676,12112890,135932383.0,43467888450.8,15623235837.2
2016-07-21,'600959,江苏有线,11.23,11.38,11.22,11.3,11.35,-0.12,-1.0573,1.0044,14022812,158557616.0,43623269642.8,15679082971.6
2016-07-20,'600959,江苏有线,11.35,11.55,11.19,11.26,11.27,0.08,0.7098,1.704,23790703,271090715.0,44089413218.7,15846624374.6
2016-07-19,'600959,江苏有线,11.27,11.29,11.13,11.25,11.25,0.02,0.1778,0.729,10177450,113978719.0,43778650834.7,15734930105.9
2016-07-18,'600959,江苏有线,11.25,11.38,11.15,11.32,11.32,-0.07,-0.6184,0.8341,11645942,130935673.0,43700960238.8,15707006538.8
2016-07-15,'600959,江苏有线,11.32,11.41,11.27,11.33,11.34,-0.02,-0.1764,0.8445,11791183,133544622.0,43972877324.7,15804739023.9
2016-07-14,'600959,江苏有线,11.34,11.45,11.27,11.35,11.36,-0.02,-0.1761,1.015,14171782,160970543.0,44050567920.7,15832662591.1
2016-07-13,'600959,江苏有线,11.36,11.47,11.19,11.33,11.28,0.08,0.7092,1.6793,23445728,265726515.0,44128258516.6,15860586158.2
2016-07-12,'600959,江苏有线,11.28,11.31,11.05,11.18,11.21,0.07,0.6244,1.3532,18892701,211145949.0,43817496132.7,15748891889.5
2016-07-11,'600959,江苏有线,11.21,11.35,11.12,11.29,11.22,-0.01,-0.0891,1.337,18666327,208958199.0,43545579046.8,15651159404.4
2016-07-08,'600959,江苏有线,11.22,11.31,11.12,11.31,11.46,-0.24,-2.0942,1.6897,23590697,263986539.0,43584424344.8,15665121188.0
2016-07-07,'600959,XR江苏有,11.46,11.74,11.31,11.4,11.36,0.1,0.8803,1.5488,21623320,248856739.0,44516711496.5,16000203994.1
2016-07-06,'600959,江苏有线,14.77,15.3,14.17,14.28,14.35,0.42,2.9268,3.0912,33198688,488288967.0,44134234710.7,15862734123.8
2016-07-05,'600959,江苏有线,14.35,14.39,14.13,14.14,14.21,0.14,0.9852,1.7294,18573123,264433910.0,42879232775.8,15411661115.5
2016-07-04,'600959,江苏有线,14.21,14.38,13.71,13.8,13.83,0.38,2.7477,1.8901,20298861,286407801.0,42460898797.4,15261303446.1
2016-07-01,'600959,江苏有线,13.83,14.04,13.75,14.01,13.96,-0.13,-0.9312,1.2891,13844473,192213844.0,41325420856.3,14853189772.0
2016-06-30,'600959,江苏有线,13.96,14.17,13.78,13.84,13.79,0.17,1.2328,2.1704,23309794,326459704.0,41713873836.2,14992807607.9
2016-06-29,'600959,江苏有线,13.79,13.9,13.69,13.8,13.8,-0.01,-0.0725,1.6573,17798864,245240168.0,41205896862.6,14810230437.9
2016-06-28,'600959,江苏有线,13.8,13.89,13.43,13.45,13.55,0.25,1.845,1.7168,18438613,252546692.0,41235777861.0,14820970271.4
2016-06-27,'600959,江苏有线,13.55,13.58,13.24,13.28,13.32,0.23,1.7267,0.8041,8636040,116243831.0,40488752899.8,14552474433.1
2016-06-24,'600959,江苏有线,13.32,13.76,13.08,13.54,13.57,-0.25,-1.8423,1.2607,13539809,181705705.0,39801489935.4,14305458262.0
2016-06-23,'600959,江苏有线,13.57,13.72,13.49,13.71,13.74,-0.17,-1.2373,0.9392,10086540,136952869.0,40548514896.7,14573954100.2
2016-06-22,'600959,江苏有线,13.74,13.74,13.45,13.45,13.56,0.18,1.3274,0.9876,10606713,143925574.0,41056491870.3,14756531270.2
2016-06-21,'600959,江苏有线,13.56,13.94,13.5,13.68,13.64,-0.08,-0.5865,0.8865,9521247,130982800.0,40518633898.2,14563214266.7
2016-06-20,'600959,江苏有线,13.64,13.75,13.44,13.7,13.69,-0.05,-0.3652,0.5297,5688390,77163361.0,40757681885.8,14649132934.9
2016-06-17,'600959,江苏有线,13.69,13.84,13.62,13.63,13.65,0.04,0.293,0.7091,7615947,104603772.0,40907086878.1,14702832102.6
2016-06-16,'600959,江苏有线,13.65,13.78,13.59,13.75,13.8,-0.15,-1.087,0.6773,7273963,99563923.0,40787562884.2,14659872768.5
2016-06-15,'600959,江苏有线,13.8,13.91,13.21,13.24,13.46,0.34,2.526,0.9922,10656279,145933169.0,41235777861.0,14820970271.4
2016-06-14,'600959,江苏有线,13.46,13.49,13.33,13.34,13.37,0.09,0.6731,0.5699,6120828,82057384.0,40219823913.7,14455815931.4
2016-06-13,'600959,江苏有线,13.37,13.93,13.31,13.85,14.07,-0.7,-4.9751,1.0293,11054517,151738975.0,39950894927.7,14359157429.6
2016-06-08,'600959,江苏有线,14.07,14.28,14.0,14.21,14.31,-0.24,-1.6771,1.0615,11400078,160679779.0,42042564819.2,15110945776.7
2016-06-07,'600959,江苏有线,14.31,14.5,13.91,14.09,14.07,0.24,1.7058,1.5052,16165988,230363469.0,42759708781.9,15368701781.4
2016-06-06,'600959,江苏有线,14.07,14.18,14.02,14.1,14.12,-0.05,-0.3541,0.72,7732366,108993834.0,42042564819.2,15110945776.7
2016-06-03,'600959,江苏有线,14.12,14.25,14.03,14.2,14.22,-0.1,-0.7032,1.2141,13039492,184216354.0,42191969811.4,15164644944.4
2016-06-02,'600959,江苏有线,14.22,14.37,13.89,13.98,13.93,0.29,2.0818,1.391,14939305,210667248.0,42490779795.9,15272043279.7
2016-06-01,'600959,江苏有线,13.93,14.07,13.88,13.98,13.98,-0.05,-0.3577,1.2552,13480120,188406910.0,41624230840.8,14960588107.3
2016-05-31,'600959,江苏有线,13.98,13.99,13.4,13.42,13.42,0.56,4.1729,1.6634,17865174,247017513.0,41773635833.1,15014287274.9
2016-05-30,'600959,江苏有线,13.42,13.6,13.3,13.48,13.51,-0.09,-0.6662,0.5292,5683298,76492842.0,40100299919.9,14412856597.3
2016-05-27,'600959,江苏有线,13.51,13.62,13.46,13.5,13.58,-0.07,-0.5155,0.6238,6699668,90669632.0,40369228905.9,14509515099.0
2016-05-26,'600959,江苏有线,13.58,13.59,13.17,13.28,13.34,0.24,1.7991,0.8477,9104549,121716339.0,40578395895.1,14584693933.7
2016-05-25,'600959,江苏有线,13.34,13.53,13.3,13.42,13.34,0.0,0.0,0.469,5037016,67621578.0,39861251932.3,14326937929.0
2016-05-24,'600959,江苏有线,13.34,13.51,13.25,13.45,13.53,-0.19,-1.4043,0.4299,4617416,61678606.0,39861251932.3,14326937929.0
2016-05-23,'600959,江苏有线,13.53,13.6,13.37,13.43,13.41,0.12,0.8949,0.542,5821288,78726459.0,40428990902.8,14530994766.1
2016-05-20,'600959,江苏有线,13.41,13.44,13.1,13.17,13.31,0.1,0.7513,0.4695,5042046,67123911.0,40070418921.4,14402116763.7
2016-05-19,'600959,江苏有线,13.31,13.53,13.28,13.28,13.28,0.03,0.2259,0.5624,6040306,80987089.0,39771608936.9,14294718428.4
2016-05-18,'600959,江苏有线,13.28,13.6,13.15,13.6,13.75,-0.47,-3.4182,0.963,10342273,137952852.0,39681965941.6,14262498927.8
2016-05-17,'600959,江苏有线,13.75,13.86,13.67,13.82,13.79,-0.04,-0.2901,0.5768,6195028,85285013.0,41086372868.8,14767271103.8
2016-05-16,'600959,江苏有线,13.79,13.8,13.53,13.63,13.69,0.1,0.7305,0.5695,6115958,83691184.0,41205896862.6,14810230437.9
2016-05-13,'600959,江苏有线,13.69,13.87,13.52,13.74,13.77,-0.08,-0.581,0.5777,6204406,85072858.0,40907086878.1,14702832102.6
2016-05-12,'600959,江苏有线,13.77,13.78,13.36,13.69,13.83,-0.06,-0.4338,0.8477,9104636,123556380.0,41146134865.7,14788750770.8
2016-05-11,'600959,江苏有线,13.83,14.15,13.8,14.1,14.0,-0.17,-1.2143,0.7523,8079415,112575814.0,41325420856.3,14853189772.0
2016-05-10,'600959,江苏有线,14.0,14.13,13.84,13.85,13.87,0.13,0.9373,0.7941,8529005,119188775.0,41833397830.0,15035766942.0
2016-05-09,'600959,江苏有线,13.87,14.44,13.79,14.4,14.78,-0.91,-6.157,1.807,19406676,272320666.0,41444944850.2,14896149106.1
2016-05-06,'600959,江苏有线,14.78,15.45,14.4,14.6,14.48,0.3,2.0718,3.8581,41435437,622811908.0,44164115709.1,15873473957.3
2016-05-05,'600959,江苏有线,14.48,14.57,14.28,14.45,14.45,0.03,0.2076,0.8774,9422861,135841899.0,43267685755.6,15551278951.4
2016-05-04,'600959,江苏有线,14.45,14.55,14.3,14.3,14.41,0.04,0.2776,0.9903,10635537,153269543.0,43178042760.2,15519059450.9
2016-05-03,'600959,江苏有线,14.41,14.46,13.98,14.1,14.09,0.32,2.2711,1.0661,11450070,163926258.0,43058518766.4,15476100116.7
2016-04-29,'600959,江苏有线,14.09,14.16,13.96,14.07,14.24,-0.15,-1.0534,0.7008,7526337,105855006.0,42102326816.1,15132425443.8
2016-04-28,'600959,江苏有线,14.24,14.48,13.84,13.9,13.95,0.29,2.0789,1.5066,16181000,229898230.0,42550541792.8,15293522946.7
2016-04-27,'600959,江苏有线,13.95,14.03,13.85,13.96,13.98,-0.03,-0.2146,1.1871,7086836,98746669.0,41683992837.8,8328150000.0
2016-04-26,'600959,江苏有线,13.98,14.02,13.76,13.88,13.92,0.06,0.431,1.189,7098591,98612898.0,41773635833.1,8346060000.0
2016-04-25,'600959,江苏有线,13.92,14.16,13.7,14.16,14.22,-0.3,-2.1097,1.305,7790834,108339519.0,41594349842.4,8310240000.0
2016-04-22,'600959,江苏有线,14.22,14.32,13.0,13.88,13.95,0.27,1.9355,1.9444,11607906,162963736.0,42490779795.9,8489340000.0
2016-04-21,'600959,江苏有线,13.95,14.23,13.91,14.16,14.16,-0.21,-1.4831,1.5898,9491001,133801096.0,41683992837.8,8328150000.0
2016-04-20,'600959,江苏有线,14.16,15.02,13.8,14.97,14.92,-0.76,-5.0938,3.3812,20185940,289586036.0,42311493805.2,8453520000.0
2016-04-19,'600959,江苏有线,14.92,15.05,14.82,14.99,14.92,0.0,0.0,1.5923,9506122,141908523.0,44582449687.4,8907240000.0
2016-04-18,'600959,江苏有线,14.92,15.11,14.78,15.1,15.27,-0.35,-2.2921,2.1737,12977156,193187659.0,44582449687.4,8907240000.0
2016-04-15,'600959,江苏有线,15.27,15.48,15.18,15.4,15.39,-0.12,-0.7797,2.5583,15273028,233250221.0,45628284633.2,9116190000.0
2016-04-14,'600959,江苏有线,15.39,15.44,15.15,15.34,15.28,0.11,0.7199,3.2187,19215931,293722347.0,45986856614.6,9187830000.0
2016-04-13,'600959,江苏有线,15.28,15.58,15.02,15.07,14.98,0.3,2.0027,5.5904,33374658,512258449.0,45658165631.6,9122160000.0
2016-04-12,'600959,江苏有线,14.98,15.11,14.77,15.11,15.18,-0.2,-1.3175,2.3261,13887025,207153269.0,44761735678.1,8943060000.0
2016-04-11,'600959,江苏有线,15.18,15.28,14.66,14.67,14.57,0.61,4.1867,3.6898,22028033,330699598.0,45359355647.1,9062460000.0
2016-04-08,'600959,江苏有线,14.57,14.7,14.4,14.69,14.83,-0.26,-1.7532,1.9913,11888195,172597070.0,43536614741.7,8698290000.0
2016-04-07,'600959,江苏有线,14.83,15.19,14.81,15.15,15.09,-0.26,-1.723,2.5257,15078589,225797946.0,44313520701.3,8853510000.0
2016-04-06,'600959,江苏有线,15.09,15.16,14.9,15.02,15.07,0.02,0.1327,2.701,16125082,242481997.0,45090426661.1,9008730000.0
2016-04-05,'600959,江苏有线,15.07,15.12,14.56,14.6,14.63,0.44,3.0075,3.0445,18175552,271654758.0,45030664664.2,8996790000.0
2016-04-01,'600959,江苏有线,14.63,14.78,14.32,14.76,14.81,-0.18,-1.2154,1.9783,11810533,171619582.0,43715900732.3,8734110000.0
2016-03-31,'600959,江苏有线,14.81,14.98,14.75,14.83,14.77,0.04,0.2708,2.0919,12488359,185714742.0,44253758704.4,8841570000.0
2016-03-30,'600959,江苏有线,14.77,14.8,14.38,14.38,14.26,0.51,3.5764,1.8643,11129971,162260626.0,44134234710.7,8817690000.0
2016-03-29,'600959,江苏有线,14.26,14.68,14.15,14.56,14.62,-0.36,-2.4624,1.7688,10559562,151801028.0,42610303789.7,8513220000.0
2016-03-28,'600959,江苏有线,14.62,15.2,14.6,14.93,14.81,-0.19,-1.2829,2.1014,12545493,186730821.0,43686019733.9,8728140000.0
2016-03-25,'600959,江苏有线,14.81,14.98,14.58,14.6,14.66,0.15,1.0232,1.779,10620368,157088074.0,44253758704.4,8841570000.0
2016-03-24,'600959,江苏有线,14.66,14.94,14.64,14.9,15.1,-0.44,-2.9139,2.6946,16086517,238591702.0,43805543727.7,8752020000.0
2016-03-23,'600959,江苏有线,15.1,15.14,14.8,14.89,14.94,0.16,1.071,2.5253,15076301,225946618.0,45120307659.5,9014700000.0
2016-03-22,'600959,江苏有线,14.94,15.22,14.9,15.03,15.22,-0.28,-1.8397,2.7345,16325109,245089135.0,44642211684.3,8919180000.0
2016-03-21,'600959,江苏有线,15.22,15.27,14.88,15.0,14.9,0.32,2.1477,4.2475,25357564,381858018.0,45478879640.9,9086340000.0
2016-03-18,'600959,江苏有线,14.9,15.13,14.38,14.47,14.42,0.48,3.3287,4.2093,25129808,371432855.0,44522687690.5,8895300000.0
2016-03-17,'600959,江苏有线,14.42,14.49,13.94,14.15,14.05,0.37,2.6335,2.9322,17505162,250177535.0,43088399764.9,8608740000.0
2016-03-16,'600959,江苏有线,14.05,14.52,14.01,14.51,14.51,-0.46,-3.1702,2.1058,12571728,178932955.0,41982802822.2,8387850000.0
2016-03-15,'600959,江苏有线,14.51,14.56,13.84,14.21,14.32,0.19,1.3268,3.4229,20434933,289008996.0,43357328750.9,8662470000.0
2016-03-14,'600959,江苏有线,14.32,14.53,13.85,13.87,13.87,0.45,3.2444,3.7972,22669072,323425709.0,42789589780.4,8549040000.0
2016-03-11,'600959,江苏有线,13.87,14.54,13.01,13.14,13.23,0.64,4.8375,3.08,18387744,254392585.0,41444944850.2,8280390000.0
2016-03-10,'600959,江苏有线,13.23,13.49,13.2,13.45,13.35,-0.12,-0.8989,1.0707,6392044,85369854.0,39532560949.3,7898310000.0
2016-03-09,'600959,江苏有线,13.35,13.54,13.25,13.45,13.71,-0.36,-2.6258,1.1943,7129814,95470066.0,39891132930.8,7969950000.0
2016-03-08,'600959,江苏有线,13.71,13.75,13.11,13.68,13.76,-0.05,-0.3634,1.7153,10240588,137226117.0,40966848874.9,8184870000.0
2016-03-07,'600959,江苏有线,13.76,13.95,13.55,13.55,13.45,0.31,2.3048,1.4426,8612453,118684382.0,41116253867.2,8214720000.0
2016-03-04,'600959,江苏有线,13.45,13.95,13.21,13.9,13.96,-0.51,-3.6533,2.294,13695026,186496699.0,40189942915.2,8029650000.0
2016-03-03,'600959,江苏有线,13.96,14.28,13.86,13.96,13.99,-0.03,-0.2144,2.4479,14613939,204850968.0,41713873836.2,8334120000.0
2016-03-02,'600959,江苏有线,13.99,14.07,13.22,13.32,13.29,0.7,5.2671,2.6416,15770538,215468340.0,41803516831.6,8352030000.0
2016-03-01,'600959,江苏有线,13.29,13.4,12.9,13.08,13.01,0.28,2.1522,1.4709,8781089,115554541.0,39711846940.1,7934130000.0
2016-02-29,'600959,江苏有线,13.01,13.82,12.5,13.82,13.84,-0.83,-5.9971,1.9857,11854442,155270160.0,38875178983.4,7766970000.0
2016-02-26,'600959,江苏有线,13.84,14.1,13.43,13.9,13.73,0.11,0.8012,1.8303,10926812,151001213.0,41355301854.8,8262480000.0
2016-02-25,'600959,江苏有线,13.73,15.21,13.73,15.19,15.25,-1.52,-9.9672,3.3509,20004854,287905963.0,41026610871.8,8196810000.0
2016-02-24,'600959,江苏有线,15.25,15.29,14.82,15.11,15.25,0.0,0.0,2.2541,13457005,203085309.0,45568522636.2,9104250000.0
2016-02-23,'600959,江苏有线,15.25,15.54,15.02,15.51,15.56,-0.31,-1.9923,2.4353,14538612,221890115.0,45568522636.2,9104250000.0
2016-02-22,'600959,江苏有线,15.56,15.59,15.23,15.41,15.2,0.36,2.3684,2.8827,17209639,265636657.0,46494833588.2,9289320000.0
2016-02-19,'600959,江苏有线,15.2,15.28,15.01,15.14,15.19,0.01,0.0658,1.9042,11367972,172146207.0,45419117644.0,9074400000.0
2016-02-18,'600959,江苏有线,15.19,15.45,15.12,15.42,15.28,-0.09,-0.589,2.7674,16521321,252877753.0,45389236645.6,9068430000.0
2016-02-17,'600959,江苏有线,15.28,15.3,14.92,15.2,15.21,0.07,0.4602,2.9705,17733707,268528116.0,45658165631.6,9122160000.0
2016-02-16,'600959,江苏有线,15.21,15.28,14.61,14.63,14.57,0.64,4.3926,2.5548,15251860,229652888.0,45448998642.4,9080370000.0
2016-02-15,'600959,江苏有线,14.57,14.65,14.03,14.23,14.77,-0.2,-1.3541,1.5924,9506694,136324477.0,43536614741.7,8698290000.0
2016-02-05,'600959,江苏有线,14.77,15.17,14.75,15.03,15.19,-0.42,-2.765,1.9118,11413551,170743003.0,44134234710.7,8817690000.0
2016-02-04,'600959,江苏有线,15.19,15.58,14.47,14.5,14.47,0.72,4.9758,3.1498,18804157,281794237.0,45389236645.6,9068430000.0
2016-02-03,'600959,江苏有线,14.47,14.54,14.01,14.35,14.59,-0.12,-0.8225,1.6131,9630109,137417054.0,43237804757.2,8638590000.0
2016-02-02,'600959,江苏有线,14.59,14.6,13.95,13.95,13.93,0.66,4.738,2.0251,12089592,173850439.0,43596376738.6,8710230000.0
2016-02-01,'600959,江苏有线,13.93,14.42,13.79,14.39,14.42,-0.49,-3.3981,1.7217,10278505,145028433.0,41624230840.8,8316210000.0
2016-01-29,'600959,江苏有线,14.42,14.5,13.79,13.81,13.82,0.6,4.3415,2.215,13223772,188477921.0,43088399764.9,8608740000.0
2016-01-28,'600959,江苏有线,13.82,14.49,13.7,13.8,13.99,-0.17,-1.2152,2.41,14387883,202848830.0,41295539857.9,8250540000.0
2016-01-27,'600959,江苏有线,13.99,14.17,13.2,14.03,13.93,0.06,0.4307,2.0983,12526922,172112713.0,41803516831.6,8352030000.0
2016-01-26,'600959,江苏有线,13.93,15.18,13.9,15.18,15.36,-1.43,-9.3099,2.398,14315851,209308941.0,41624230840.8,8316210000.0
2016-01-25,'600959,江苏有线,15.36,15.51,15.18,15.34,15.2,0.16,1.0526,1.4239,8500412,130715674.0,45897213619.2,9169920000.0
2016-01-22,'600959,江苏有线,15.2,15.29,14.8,15.15,14.98,0.22,1.4686,1.5588,9306285,140452918.0,45419117644.0,9074400000.0
2016-01-21,'600959,江苏有线,14.98,15.88,14.91,15.29,15.61,-0.63,-4.0359,2.0282,12108200,186530314.0,44761735678.1,8943060000.0
2016-01-20,'600959,江苏有线,15.61,15.97,15.45,15.87,15.98,-0.37,-2.3154,2.4491,14621099,229451247.0,46644238580.4,9319170000.0
2016-01-19,'600959,江苏有线,15.98,16.08,15.22,15.3,15.42,0.56,3.6316,2.6093,15577521,244188323.0,47749835523.1,9540060000.0
2016-01-18,'600959,江苏有线,15.42,15.62,14.71,14.81,14.99,0.43,2.8686,2.0212,12066706,184681463.0,46076499609.9,9205740000.0
2016-01-15,'600959,江苏有线,14.99,15.72,14.91,15.72,15.7,-0.71,-4.5223,2.0926,12492678,191239570.0,44791616676.6,8949030000.0
2016-01-14,'600959,江苏有线,15.7,15.8,14.62,14.87,15.08,0.62,4.1114,2.6774,15984370,243767986.0,46913167566.5,9372900000.0
2016-01-13,'600959,江苏有线,15.08,15.82,15.06,15.68,15.58,-0.5,-3.2092,1.9037,11365212,176483915.0,45060545662.6,9002760000.0
2016-01-12,'600959,江苏有线,15.58,15.75,15.15,15.15,15.31,0.27,1.7636,2.0067,11979720,185087145.0,46554595585.1,9301260000.0
2016-01-11,'600959,江苏有线,15.31,16.6,15.25,16.51,16.74,-1.43,-8.5424,2.7575,16462321,263217321.0,45747808626.9,9140070000.0
2016-01-08,'600959,江苏有线,16.74,17.29,15.6,17.09,16.5,0.24,1.4545,2.9909,17855792,298656757.0,50020791405.3,9993780000.0
2016-01-07,'600959,江苏有线,16.5,18.01,16.45,18.01,18.26,-1.76,-9.6386,0.5594,3339900,57666029.0,49303647442.5,9850500000.0
2016-01-06,'600959,江苏有线,18.26,18.3,17.89,18.0,17.85,0.41,2.2969,2.1306,12719704,230541613.0,54562703169.7,10901220000.0
2016-01-05,'600959,江苏有线,17.85,18.48,17.01,17.8,18.51,-0.66,-3.5656,3.5263,21051972,376013374.0,53337582233.2,10656450000.0
2016-01-04,'600959,江苏有线,18.51,20.53,18.5,20.4,20.56,-2.05,-9.9708,2.7081,16167358,313876566.0,55309728130.9,11050470000.0
2015-12-31,'600959,江苏有线,20.56,21.1,20.44,20.98,21.04,-0.48,-2.2814,2.0761,12394417,257322419.0,61435332813.2,12274320000.0
2015-12-30,'600959,江苏有线,21.04,21.25,20.7,20.87,20.75,0.29,1.3976,2.6339,15724512,330107134.0,62869620738.8,12560880000.0
2015-12-29,'600959,江苏有线,20.75,20.76,20.37,20.67,20.65,0.1,0.4843,2.1648,12923590,266003945.0,62003071783.8,12387750000.0
2015-12-28,'600959,江苏有线,20.65,21.58,20.61,21.42,21.33,-0.68,-3.188,3.2313,19291038,407754200.0,61704261799.2,12328050000.0
2015-12-25,'600959,江苏有线,21.33,21.46,21.14,21.27,21.24,0.09,0.4237,1.9353,11554032,246181201.0,63736169693.8,12734010000.0
2015-12-24,'600959,江苏有线,21.24,21.58,20.83,21.43,21.6,-0.36,-1.6667,2.6228,15658219,330885063.0,63467240707.8,12680280000.0
2015-12-23,'600959,江苏有线,21.6,22.2,21.51,22.06,22.07,-0.47,-2.1296,3.517,20996694,458785583.0,64542956652.0,12895200000.0
2015-12-22,'600959,江苏有线,22.07,22.26,21.71,22.2,22.19,-0.12,-0.5408,2.9759,17765869,390314727.0,65947363579.2,13175790000.0
2015-12-21,'600959,江苏有线,22.19,22.28,21.72,21.88,21.89,0.3,1.3705,3.7847,22594541,498606935.0,66305935560.6,13247430000.0
2015-12-18,'600959,江苏有线,21.89,22.37,21.69,22.19,22.29,-0.4,-1.7945,4.0521,24191140,531311841.0,65409505607.1,13068330000.0
2015-12-17,'600959,江苏有线,22.29,22.44,21.5,21.5,21.49,0.8,3.7227,5.1673,30848576,679240855.0,66604745545.1,13307130000.0
2015-12-16,'600959,江苏有线,21.49,21.79,21.22,21.52,21.35,0.14,0.6557,3.4674,20700658,446372993.0,64214265669.1,12829530000.0
2015-12-15,'600959,江苏有线,21.35,21.57,21.1,21.38,21.3,0.05,0.2347,2.9638,17693806,377330922.0,63795931690.8,12745950000.0
2015-12-14,'600959,江苏有线,21.3,21.37,20.58,20.62,20.87,0.43,2.0604,3.2854,19613825,412501981.0,63646526698.5,12716100000.0
2015-12-11,'600959,江苏有线,20.87,20.89,20.32,20.55,20.57,0.3,1.4584,3.2831,19599845,406229587.0,62361643765.2,12459390000.0
2015-12-10,'600959,江苏有线,20.57,20.88,20.35,20.45,20.5,0.07,0.3415,2.7791,16591145,341700782.0,61465213811.7,12280290000.0
2015-12-09,'600959,江苏有线,20.5,20.7,20.2,20.44,20.47,0.03,0.1466,2.5415,15172535,310655612.0,61256046822.5,12238500000.0
2015-12-08,'600959,江苏有线,20.47,21.2,20.44,21.09,21.38,-0.91,-4.2563,3.3962,20275224,420730783.0,61166403827.2,12220590000.0
2015-12-07,'600959,江苏有线,21.38,21.65,20.74,21.03,21.03,0.35,1.6643,3.8213,22813300,485876159.0,63885574686.1,12763860000.0
2015-12-04,'600959,江苏有线,21.03,21.69,21.0,21.33,21.33,-0.3,-1.4065,4.1266,24635848,524927513.0,62839739740.3,12554910000.0
2015-12-03,'600959,江苏有线,21.33,21.38,20.8,20.98,20.79,0.54,2.5974,3.8063,22723350,480067960.0,63736169693.8,12734010000.0
2015-12-02,'600959,江苏有线,20.79,20.87,19.75,20.62,20.85,-0.06,-0.2878,3.8115,22754928,464415180.0,62122595777.6,12411630000.0
2015-12-01,'600959,江苏有线,20.85,21.18,20.33,20.64,20.71,0.14,0.676,4.2701,25492775,529348681.0,62301881768.2,12447450000.0
2015-11-30,'600959,江苏有线,20.71,21.23,19.45,21.02,20.99,-0.28,-1.334,5.9061,35259438,722794001.0,61883547789.9,12363870000.0
2015-11-27,'600959,江苏有线,20.99,22.94,20.9,22.9,23.17,-2.18,-9.4087,6.8596,40951628,902986419.0,62720215746.6,12531030000.0
2015-11-26,'600959,江苏有线,23.17,24.16,23.08,23.47,23.35,-0.18,-0.7709,7.4262,44334657,1048186798.0,69234273408.6,13832490000.0
2015-11-25,'600959,江苏有线,23.35,23.51,23.0,23.37,23.34,0.01,0.0428,5.9626,35596929,827305762.0,69772131380.8,13939950000.0
2015-11-24,'600959,江苏有线,23.34,23.35,22.21,22.35,22.35,0.99,4.4295,6.3743,38054473,869117479.0,69742250382.3,13933980000.0
2015-11-23,'600959,江苏有线,22.35,22.98,22.21,22.51,22.69,-0.34,-1.4985,5.6882,33958267,768455560.0,66784031535.8,13342950000.0
2015-11-20,'600959,江苏有线,22.69,22.98,22.37,22.79,22.73,-0.04,-0.176,5.2361,31259554,708433844.0,67799985483.1,13545930000.0
2015-11-19,'600959,江苏有线,22.73,22.75,22.0,22.0,21.93,0.8,3.648,4.4215,26396610,590487731.0,67919509476.8,13569810000.0
2015-11-18,'600959,江苏有线,21.93,22.88,21.8,22.8,22.73,-0.8,-3.5196,5.3715,32067802,716519591.0,65529029600.8,13092210000.0
2015-11-17,'600959,江苏有线,22.73,23.89,22.5,23.41,23.18,-0.45,-1.9413,7.2415,43231589,1006559813.0,67919509476.8,13569810000.0
2015-11-16,'600959,江苏有线,23.18,23.28,22.12,22.13,23.06,0.12,0.5204,6.4227,38343281,868830829.0,69264154407.1,13838460000.0
2015-11-13,'600959,江苏有线,23.06,24.89,22.99,24.5,25.19,-2.13,-8.4557,15.3178,91447297,2178752328.0,68905582425.7,13766820000.0
2015-11-12,'600959,江苏有线,25.19,25.88,23.25,24.0,23.57,1.62,6.8731,16.9602,101252342,2482433267.0,75270235095.6,15038430000.0
2015-11-11,'600959,江苏有线,23.57,23.6,22.21,22.51,22.7,0.87,3.8326,11.2804,67344190,1542403828.0,70429513346.6,14071290000.0
2015-11-10,'600959,江苏有线,22.7,23.39,22.43,22.74,22.88,-0.18,-0.7867,10.5271,62846671,1433217477.0,67829866481.5,13551900000.0
2015-11-09,'600959,江苏有线,22.88,22.93,21.45,21.56,21.87,1.01,4.6182,12.1717,72664983,1628633871.0,68367724453.6,13659360000.0
2015-11-06,'600959,XD江苏有,21.87,22.2,21.11,21.35,21.25,0.62,2.9176,10.4394,62323244,1354597533.0,65349743610.2,13056390000.0
2015-11-05,'600959,江苏有线,21.41,21.8,21.03,21.66,21.58,-0.17,-0.7878,11.2211,66989767,1434516528.0,63975217681.4,12781770000.0
2015-11-04,'600959,江苏有线,21.58,21.66,20.26,20.26,20.19,1.39,6.8846,14.1496,84472870,1788189582.0,64483194655.1,12883260000.0
2015-11-03,'600959,江苏有线,20.19,20.3,18.84,19.21,19.22,0.97,5.0468,10.4781,62554303,1235361785.0,60329735870.6,12053430000.0
2015-11-02,'600959,江苏有线,19.22,20.17,18.5,18.7,19.36,-0.14,-0.7231,6.5397,39042203,759269047.0,57431279020.9,11474340000.0
2015-10-30,'600959,江苏有线,19.36,19.85,19.15,19.65,19.83,-0.47,-2.3701,5.7855,34539270,673267272.0,57849612999.2,11557920000.0
2015-10-29,'600959,江苏有线,19.83,20.18,19.06,19.33,19.26,0.57,2.9595,6.4562,38543360,758024133.0,59254019926.3,11838510000.0
2015-10-28,'600959,江苏有线,19.26,20.48,19.15,20.0,20.17,-0.91,-4.5117,7.9997,47758387,953857433.0,57550803014.7,11498220000.0
2015-10-27,'600959,江苏有线,20.17,20.19,18.51,19.55,19.76,0.41,2.0749,7.896,47139101,913499855.0,60269973873.7,12041490000.0
2015-10-26,'600959,江苏有线,19.76,20.17,19.3,19.85,19.59,0.17,0.8678,6.857,40936177,805917329.0,59044852937.2,11796720000.0
2015-10-23,'600959,江苏有线,19.59,19.79,18.76,19.0,18.97,0.62,3.2683,7.5104,44837262,861558039.0,58536875963.6,11695230000.0
2015-10-22,'600959,江苏有线,18.97,19.06,18.02,18.3,18.32,0.65,3.548,6.8006,40599553,753091137.0,56684254059.7,11325090000.0
2015-10-21,'600959,江苏有线,18.32,20.63,18.21,20.14,20.23,-1.91,-9.4414,10.9745,65517815,1275293012.0,54741989160.4,10937040000.0
2015-10-20,'600959,江苏有线,20.23,20.29,19.57,20.07,20.04,0.19,0.9481,6.4613,38573935,770325358.0,60449259864.3,12077310000.0
2015-10-19,'600959,江苏有线,20.04,20.58,19.52,19.9,19.85,0.19,0.9572,8.4249,50296754,1007190457.0,59881520893.8,11963880000.0
2015-10-16,'600959,江苏有线,19.85,20.25,19.43,19.9,19.69,0.16,0.8126,9.1018,54337467,1076960016.0,59313781923.2,11850450000.0
2015-10-15,'600959,江苏有线,19.69,19.71,18.66,18.66,18.74,0.95,5.0694,9.4322,56310261,1090031327.0,58835685948.1,11754930000.0
2015-10-14,'600959,江苏有线,18.74,19.53,18.61,18.88,18.95,-0.21,-1.1082,7.8751,47014200,894310844.0,55996991095.3,11187780000.0
2015-10-13,'600959,江苏有线,18.95,19.27,18.5,18.65,18.92,0.03,0.1586,9.1117,54396795,1024446314.0,56624492062.8,11313150000.0
2015-10-12,'600959,江苏有线,18.92,19.26,17.55,17.65,17.62,1.3,7.378,9.9229,59239638,1094907211.0,56534849067.4,11295240000.0
2015-10-09,'600959,江苏有线,17.62,17.88,17.08,17.18,17.23,0.39,2.2635,6.0563,36155885,634899455.0,52650319268.9,10519140000.0
2015-10-08,'600959,江苏有线,17.23,17.48,16.91,17.33,16.55,0.68,4.1088,5.167,30847165,531504333.0,51484960329.3,10286310000.0
2015-09-30,'600959,江苏有线,16.55,16.83,16.16,16.31,16.25,0.3,1.8462,3.587,21414517,353513544.0,49453052434.8,9880350000.0
2015-09-29,'600959,江苏有线,16.25,16.53,15.97,16.35,16.71,-0.46,-2.7528,3.215,19193741,311919030.0,48556622481.2,9701250000.0
2015-09-28,'600959,江苏有线,16.71,16.77,15.9,16.24,16.24,0.47,2.8941,3.5859,21407887,352582722.0,49931148409.9,9975870000.0
2015-09-25,'600959,江苏有线,16.24,17.2,15.95,17.2,17.24,-1.0,-5.8005,5.5299,33013318,545053743.0,48526741482.8,9695280000.0
2015-09-24,'600959,江苏有线,17.24,17.67,16.86,16.86,16.81,0.43,2.558,5.8589,34977752,604801934.0,51514841327.8,10292280000.0
2015-09-23,'600959,江苏有线,16.81,17.11,16.6,16.8,17.26,-0.45,-2.6072,5.5275,32999034,554759356.0,50229958394.4,10035570000.0
2015-09-22,'600959,江苏有线,17.26,17.57,16.88,17.34,17.33,-0.07,-0.4039,6.5714,39231498,676441404.0,51574603324.7,10304220000.0
2015-09-21,'600959,江苏有线,17.33,17.5,15.8,15.98,16.17,1.16,7.1738,7.374,44022574,742146850.0,51783770313.8,10346010000.0
2015-09-18,'600959,江苏有线,16.17,16.27,15.64,15.9,15.85,0.32,2.0189,4.6865,27978531,447325184.0,48317574493.7,9653490000.0
2015-09-17,'600959,江苏有线,15.85,16.99,15.72,16.0,16.2,-0.35,-2.1605,7.9383,47391934,773470511.0,47361382543.2,9462450000.0
2015-09-16,'600959,江苏有线,16.2,16.2,14.95,14.98,14.73,1.47,9.9796,6.3888,38140879,592426981.0,48407217489.0,9671400000.0
2015-09-15,'600959,江苏有线,14.73,15.97,14.64,15.8,16.27,-1.54,-9.4653,5.7507,34331435,523173191.0,44014710716.8,8793810000.0
2015-09-14,'600959,江苏有线,16.27,18.33,16.27,18.1,18.08,-1.81,-10.0111,6.4992,38800471,661627101.0,48616384478.2,9713190000.0
2015-09-11,'600959,江苏有线,18.08,18.31,17.48,17.86,17.89,0.19,1.062,4.7224,28192461,505864811.0,54024845197.6,10793760000.0
2015-09-10,'600959,江苏有线,17.89,18.48,17.77,18.2,18.79,-0.9,-4.7898,5.7275,34193242,622388517.0,53457106227.1,10680330000.0
2015-09-09,'600959,江苏有线,18.79,18.85,17.72,18.14,17.72,1.07,6.0384,9.2842,55426565,1020477542.0,56146396087.6,11217630000.0
2015-09-08,'600959,江苏有线,17.72,17.72,15.8,16.08,16.11,1.61,9.9938,7.7623,46340734,781035015.0,52949129253.4,10578840000.0
2015-09-07,'600959,江苏有线,16.11,16.67,15.88,16.11,15.48,0.63,4.0698,4.9336,29453433,480989047.0,48138288502.9,9617670000.0
2015-09-02,'600959,江苏有线,15.48,17.1,15.2,15.21,16.42,-0.94,-5.7247,5.5798,33311534,532909516.0,46255785600.6,9241560000.0
2015-09-01,'600959,江苏有线,16.42,18.03,16.42,18.0,18.24,-1.82,-9.9781,5.8623,34997739,591287283.0,49064599454.9,9802740000.0
2015-08-31,'600959,江苏有线,18.24,18.94,18.16,18.79,19.19,-0.95,-4.9505,5.8958,35198193,650432624.0,54502941172.8,10889280000.0
2015-08-28,'600959,江苏有线,19.19,19.48,17.7,18.07,17.72,1.47,8.2957,8.5237,50886415,945547281.0,57341636025.6,11456430000.0
2015-08-27,'600959,江苏有线,17.72,17.98,16.38,17.31,16.77,0.95,5.6649,6.7338,40200567,697892549.0,52949129253.4,10578840000.0
2015-08-26,'600959,江苏有线,16.77,18.79,16.12,17.99,17.66,-0.89,-5.0396,8.3859,50063605,886598742.0,50110434400.7,10011690000.0
2015-08-25,'600959,江苏有线,17.66,19.17,17.66,17.66,19.62,-1.96,-9.9898,6.5261,38960737,698141227.0,52769843262.7,10543020000.0
2015-08-24,'600959,江苏有线,19.62,20.5,19.62,20.5,21.8,-2.18,-10.0,5.2923,31595014,624035019.0,58626518958.9,11713140000.0
2015-08-21,'600959,江苏有线,21.8,23.8,21.66,23.1,23.52,-1.72,-7.3129,7.183,42882339,976162389.0,65140576621.0,13014600000.0
2015-08-20,'600959,江苏有线,23.52,24.99,23.39,24.81,25.42,-1.9,-7.4744,7.5125,44849901,1091473253.0,70280108354.4,14041440000.0
2015-08-19,'600959,江苏有线,25.42,25.98,22.9,24.0,25.33,0.09,0.3553,11.1456,66539305,1615368095.0,75957498059.9,15175740000.0
2015-08-18,'600959,江苏有线,25.33,28.8,25.33,28.4,28.14,-2.81,-9.9858,15.3282,91509083,2469487002.0,75688569073.9,15122010000.0
2015-08-17,'600959,江苏有线,28.14,29.14,27.75,28.73,28.73,-0.59,-2.0536,16.138,96343732,2723503992.0,84085129638.3,16799580000.0
2015-08-14,'600959,江苏有线,28.73,28.73,25.91,26.3,26.12,2.61,9.9923,22.5317,134514313,3771451955.0,85848108546.9,17151810000.0
2015-08-13,'600959,江苏有线,26.12,26.15,24.91,25.6,25.73,0.39,1.5157,7.4353,44388515,1137462419.0,78049167951.4,15593640000.0
2015-08-12,'600959,江苏有线,25.73,26.8,25.6,26.3,26.86,-1.13,-4.207,7.9936,47721985,1250298368.0,76883809011.9,15360810000.0
2015-08-11,'600959,江苏有线,26.86,27.43,26.7,27.0,27.13,-0.27,-0.9952,11.2547,67190536,1816426976.0,80260361836.7,16035420000.0
2015-08-10,'600959,江苏有线,27.13,27.5,25.83,26.19,25.86,1.27,4.9111,12.1788,72707450,1939969562.0,81067148794.9,16196610000.0
2015-08-07,'600959,江苏有线,25.86,26.28,25.31,25.4,25.08,0.78,3.11,8.1499,48655151,1256991568.0,77272261991.7,15438420000.0
2015-08-06,'600959,江苏有线,25.08,25.92,25.0,25.3,26.07,-0.99,-3.7975,7.4613,44543941,1130499430.0,74941544112.6,14972760000.0
2015-08-05,'600959,江苏有线,26.07,26.93,25.58,26.5,26.95,-0.88,-3.2653,12.637,75443165,1988905367.0,77899762959.1,15563790000.0
2015-08-04,'600959,江苏有线,26.95,27.1,24.51,25.11,24.75,2.2,8.8889,13.1308,78391128,2023395616.0,80529290822.8,16089150000.0
2015-08-03,'600959,江苏有线,24.75,26.15,23.87,25.0,25.67,-0.92,-3.584,9.8787,58976031,1468131345.0,73955471163.8,14775750000.0
2015-07-31,'600959,江苏有线,25.67,26.55,24.27,24.51,25.03,0.64,2.5569,12.6638,75603019,1928895293.0,76704523021.1,15324990000.0
2015-07-30,'600959,江苏有线,25.03,26.87,24.78,25.32,25.34,-0.31,-1.2234,14.8824,88848179,2298890886.0,74792139120.4,14942910000.0
2015-07-29,'600959,江苏有线,25.34,25.34,22.73,24.0,23.04,2.3,9.9826,12.0016,71649765,1723744590.0,75718450072.3,15127980000.0
2015-07-28,'600959,江苏有线,23.04,25.33,22.62,23.23,25.13,-2.09,-8.3168,12.269,73245922,1719780652.0,68845820428.8,13754880000.0
2015-07-27,'600959,江苏有线,25.13,28.82,25.13,27.0,27.92,-2.79,-9.9928,15.6309,93316697,2522774773.0,75090949104.9,15002610000.0
2015-07-24,'600959,江苏有线,27.92,29.78,27.2,28.77,28.39,-0.47,-1.6555,23.6395,141127958,4084318127.0,83427747672.4,16668240000.0
2015-07-23,'600959,江苏有线,28.39,28.39,25.55,25.78,25.81,2.58,9.9961,19.3205,115343672,3154063517.0,84832154599.6,16948830000.0
2015-07-22,'600959,江苏有线,25.81,27.28,24.98,26.8,26.28,-0.47,-1.7884,18.8417,112484675,2931811704.0,77122856999.4,15408570000.0
2015-07-21,'600959,江苏有线,26.28,26.28,23.0,23.25,23.89,2.39,10.0042,15.9934,95480802,2405977859.0,78527263926.6,15689160000.0
2015-07-20,'600959,江苏有线,23.89,24.86,23.2,23.8,23.79,0.1,0.4203,10.4891,62620081,1499797882.0,71385705297.1,14262330000.0
2015-07-17,'600959,江苏有线,23.79,24.19,22.08,22.17,22.03,1.76,7.9891,9.7814,58394725,1351941997.0,71086895312.6,14202630000.0
2015-07-16,'600959,江苏有线,22.03,23.48,20.36,20.51,22.55,-0.52,-2.306,10.8335,64676157,1419725388.0,65827839585.3,13151910000.0
2015-07-15,'600959,江苏有线,22.55,24.3,22.55,24.0,25.06,-2.51,-10.016,9.1121,54399060,1261621685.0,67381651504.8,13462350000.0
2015-07-14,'600959,江苏有线,25.06,26.79,24.5,25.28,24.43,0.63,2.5788,20.9767,125230685,3206986956.0,74881782115.7,14960820000.0
2015-07-13,'600959,江苏有线,24.43,24.43,22.88,23.98,22.21,2.22,9.9955,12.6009,75227344,1795363360.0,72999279213.4,14584710000.0
2015-07-10,'600959,江苏有线,22.21,22.21,20.0,20.1,20.19,2.02,10.005,10.001,59705902,1297554337.0,66365697557.4,13259370000.0
2015-07-09,'600959,江苏有线,20.19,20.19,16.52,16.52,18.35,1.84,10.0272,15.0728,89984616,1674451113.0,60329735870.6,12053430000.0
2015-07-08,'600959,江苏有线,18.35,18.35,18.35,18.35,20.39,-2.04,-10.0049,0.8132,4854900,89087415.0,54831632155.8,10954950000.0
2015-07-07,'600959,江苏有线,20.39,21.97,20.39,21.01,22.66,-2.27,-10.0177,8.3855,50061639,1049178319.0,60927355839.6,12172830000.0
2015-07-06,'600959,江苏有线,22.66,22.66,21.0,22.66,20.6,2.06,10.0,18.0087,107511776,2398429517.0,67710342487.7,13528020000.0
2015-07-03,'600959,江苏有线,20.6,23.14,20.11,21.35,22.18,-1.58,-7.1235,9.5208,56839252,1212755373.0,61554856807.0,12298200000.0
2015-07-02,'600959,江苏有线,22.18,24.98,22.15,24.57,24.57,-2.39,-9.7273,8.1696,48772272,1147666677.0,66276054562.1,13241460000.0
2015-07-01,'600959,江苏有线,24.57,28.0,24.56,26.5,27.29,-2.72,-9.967,11.6035,69272598,1853526894.0,73417613191.6,14668290000.0
2015-06-30,'600959,江苏有线,27.29,27.58,23.14,25.15,25.71,1.58,6.1455,12.6436,75482118,1902056172.0,81545244770.1,16292130000.0
2015-06-29,'600959,江苏有线,25.71,29.28,25.71,29.27,28.57,-2.86,-10.0105,8.9456,53405506,1436591805.0,76824047014.9,15348870000.0
2015-06-26,'600959,江苏有线,28.57,30.98,28.57,30.91,31.74,-3.17,-9.9874,7.5169,44876113,1329868514.0,85370012571.6,17056290000.0
2015-06-25,'600959,江苏有线,31.74,34.1,31.18,34.1,34.11,-2.37,-6.9481,7.5454,45045753,1486098168.0,94842289080.3,18948780000.0
2015-06-24,'600959,江苏有线,34.11,34.65,33.0,34.4,33.82,0.29,0.8575,9.6949,57878464,1958670736.0,1.01924085713e+11,20363670000.0
2015-06-23,'600959,江苏有线,33.82,34.02,31.0,32.61,32.14,1.68,5.2271,9.1304,54508288,1781222488.0,1.01057536758e+11,20190540000.0
2015-06-19,'600959,江苏有线,32.14,34.83,31.96,34.3,35.51,-3.37,-9.4903,8.9134,53213251,1792043334.0,96037529018.3,19187580000.0
2015-06-18,'600959,江苏有线,35.51,39.86,35.33,38.89,39.24,-3.73,-9.5056,8.7534,52257875,1968971743.0,1.06107425496e+11,21199470000.0
2015-06-17,'600959,江苏有线,39.24,39.98,37.55,39.3,39.59,-0.35,-0.8841,8.4893,50681038,1960855386.0,1.17253037918e+11,23426280000.0
2015-06-16,'600959,江苏有线,39.59,41.15,37.5,38.7,39.9,-0.31,-0.7769,11.1882,66793756,2628890079.0,1.18298872864e+11,23635230000.0
2015-06-15,'600959,江苏有线,39.9,43.15,39.9,43.15,44.33,-4.43,-9.9932,14.4537,86288658,3527955856.0,1.19225183816e+11,23820300000.0
2015-06-12,'600959,江苏有线,44.33,48.22,44.0,47.26,47.26,-2.93,-6.1997,15.752,94039201,4279200052.0,1.32462466129e+11,26465010000.0
2015-06-11,'600959,江苏有线,47.26,47.8,44.65,45.0,45.92,1.34,2.9181,14.9809,89435931,4187515847.0,1.41217598675e+11,28214220000.0
2015-06-10,'600959,江苏有线,45.92,47.0,42.78,43.1,44.08,1.84,4.1742,14.4844,86471731,3943584686.0,1.37213544882e+11,27414240000.0
2015-06-09,'600959,江苏有线,44.08,44.9,42.6,42.99,43.03,1.05,2.4402,12.5002,74626279,3283256518.0,1.31715441168e+11,26315760000.0
2015-06-08,'600959,江苏有线,43.03,46.35,42.58,46.05,47.05,-4.02,-8.5441,19.1539,114348753,5016517984.0,1.2857793633e+11,25688910000.0
2015-06-05,'600959,江苏有线,47.05,50.48,46.0,49.66,48.8,-1.75,-3.5861,18.0892,107992571,5176643243.0,1.40590097707e+11,28088850000.0
2015-06-04,'600959,江苏有线,48.8,52.4,48.22,51.12,53.58,-4.78,-8.9212,17.696,105645197,5214228225.0,1.45819272436e+11,29133600000.0
2015-06-03,'600959,江苏有线,53.58,55.48,49.11,51.18,53.28,0.3,0.5631,19.601,117017726,6160638964.0,1.60102389695e+11,31987260000.0
2015-06-02,'600959,江苏有线,53.28,57.95,53.28,56.0,59.2,-5.92,-10.0,25.3274,151204663,8196026961.0,1.59205959742e+11,31808160000.0
2015-06-01,'600959,江苏有线,59.2,70.6,58.76,68.24,64.2,-5.0,-7.7882,38.5581,230191873,14578471314.0,1.76895510824e+11,35342400000.0
2015-05-29,'600959,江苏有线,64.2,64.2,52.53,53.52,58.36,5.84,10.0069,41.9593,250497242,14949497211.0,1.91836010049e+11,38327400000.0
2015-05-28,'600959,江苏有线,58.36,58.4,57.0,58.4,53.09,5.27,9.9265,18.6295,111217889,6492269587.0,1.74385506954e+11,34840920000.0
2015-05-27,'600959,江苏有线,53.09,53.09,53.09,53.09,48.26,4.83,10.0083,1.0984,6557274,348125677.0,1.58638220771e+11,31694730000.0
2015-05-26,'600959,江苏有线,48.26,48.26,46.64,48.26,43.87,4.39,10.0068,9.9773,59564737,2872322314.0,1.4420569852e+11,28811220000.0
2015-05-25,'600959,江苏有线,43.87,43.87,43.87,43.87,39.88,3.99,10.005,0.3365,2008800,88126056.0,1.310879402e+11,26190390000.0
2015-05-22,'600959,江苏有线,39.88,39.88,39.88,39.88,36.25,3.63,10.0138,0.777,4638429,184980549.0,1.19165421819e+11,23808360000.0
2015-05-21,'600959,江苏有线,36.25,36.25,36.25,36.25,32.95,3.3,10.0152,3.7785,22557763,817718909.0,1.08318619381e+11,21641250000.0
2015-05-20,'600959,江苏有线,32.95,32.95,32.95,32.95,29.95,3.0,10.0167,0.699,4172981,137499724.0,98457889892.8,19671150000.0
2015-05-19,'600959,江苏有线,29.95,29.95,29.95,29.95,27.23,2.72,9.989,0.3181,1898863,56870947.0,89493590357.8,17880150000.0
2015-05-18,'600959,江苏有线,27.23,27.23,27.23,27.23,24.75,2.48,10.0202,0.5776,3448098,93891709.0,81365958779.4,16256310000.0
2015-05-15,'600959,江苏有线,24.75,24.75,24.75,24.75,22.5,2.25,10.0,0.2815,1680812,41600097.0,73955471163.8,14775750000.0
2015-05-14,'600959,江苏有线,22.5,22.5,22.5,22.5,20.45,2.05,10.0244,0.1646,982828,22113630.0,67232246512.5,13432500000.0
2015-05-13,'600959,江苏有线,20.45,20.45,20.45,20.45,18.59,1.86,10.0054,0.2913,1738950,35561528.0,61106641830.2,12208650000.0
2015-05-12,'600959,江苏有线,18.59,18.59,18.59,18.59,16.9,1.69,10.0,0.105,626800,11652212.0,55548776118.6,11098230000.0
2015-05-11,'600959,江苏有线,16.9,16.9,16.9,16.9,15.36,1.54,10.026,0.1181,705300,11919570.0,50498887380.5,10089300000.0
2015-05-08,'600959,江苏有线,15.36,15.36,15.36,15.36,13.96,1.4,10.0287,0.1889,1127837,17323576.0,45897213619.2,9169920000.0
2015-05-07,'600959,江苏有线,13.96,13.96,13.96,13.96,12.69,1.27,10.0079,0.2535,1513364,21126561.0,41713873836.2,8334120000.0
2015-05-06,'600959,江苏有线,12.69,12.69,12.69,12.69,11.54,1.15,9.9653,0.1038,619500,7861455.0,37918987033.1,7575930000.0
2015-05-05,'600959,江苏有线,11.54,11.54,11.54,11.54,10.49,1.05,10.0095,0.0695,415100,4790254.0,34482672211.3,6889380000.0
2015-05-04,'600959,江苏有线,10.49,10.49,10.49,10.49,9.54,0.95,9.9581,0.0233,139050,1458635.0,31345167374.0,6262530000.0
2015-04-30,'600959,江苏有线,9.54,9.54,9.54,9.54,8.67,0.87,10.0346,0.0151,90350,861939.0,28506472521.3,5695380000.0
2015-04-29,'600959,江苏有线,8.67,8.67,8.67,8.67,7.88,0.79,10.0254,0.0157,93900,814113.0,25906825656.2,5175990000.0
2015-04-28,'600959,N有线,7.88,7.88,6.56,6.56,5.47,2.41,44.0585,0.0422,251785,1974826.0,23546226778.6,4704360000.0
