日期,股票代码,名称,收盘价,最高价,最低价,开盘价,前收盘,涨跌额,涨跌幅,换手率,成交量,成交金额,总市值,流通市值
2017-05-15,'600908,无锡银行,21.42,21.9,21.42,21.42,23.8,-2.38,-10.0,11.7079,21637600,463494278.0,39586619315.9,3958661944.44
2017-05-12,'600908,无锡银行,0.0,0.0,0.0,0.0,23.8,None,None,0.0,0,0.0,43985132573.2,4398513271.6
2017-05-11,'600908,无锡银行,0.0,0.0,0.0,0.0,23.8,None,None,0.0,0,0.0,43985132573.2,4398513271.6
2017-05-10,'600908,无锡银行,0.0,0.0,0.0,0.0,23.8,None,None,0.0,0,0.0,43985132573.2,4398513271.6
2017-05-09,'600908,无锡银行,0.0,0.0,0.0,0.0,23.8,None,None,0.0,0,0.0,43985132573.2,4398513271.6
2017-05-08,'600908,无锡银行,23.8,23.84,20.25,21.4,21.67,2.13,9.8293,17.6778,32670662,713783719.0,43985132573.2,4398513271.6
2017-05-05,'600908,无锡银行,21.67,21.68,18.62,19.9,19.71,1.96,9.9442,24.4813,45244235,954242554.0,40048648019.4,4004864814.94
2017-05-04,'600908,无锡银行,0.0,0.0,0.0,0.0,19.71,None,None,0.0,0,0.0,36426342983.9,3642634310.22
2017-05-03,'600908,无锡银行,19.71,19.71,18.45,18.49,17.92,1.79,9.9888,27.9611,51675320,1006634159.0,36426342983.9,3642634310.22
2017-05-02,'600908,无锡银行,17.92,17.92,16.38,16.49,16.29,1.63,10.0061,20.5277,37937508,661061620.0,33118217466.9,3311821757.44
2017-04-28,'600908,无锡银行,16.29,16.71,16.02,16.06,16.65,-0.36,-2.1622,10.8232,20002553,327706738.0,30105790320.1,3010579041.78
2017-04-27,'600908,无锡银行,16.65,17.7,16.65,17.7,18.5,-1.85,-10.0,22.2641,41146526,690657274.0,30771111653.1,3077111175.3
2017-04-26,'600908,无锡银行,18.5,18.93,17.43,18.41,19.15,-0.65,-3.3943,17.3953,32148544,578666032.0,34190124059.0,3419012417.0
2017-04-25,'600908,无锡银行,19.15,19.43,17.5,17.86,17.7,1.45,8.1921,21.1081,39010146,726949791.0,35391398688.1,3539139880.3
2017-04-24,'600908,无锡银行,17.7,17.7,15.6,16.1,16.09,1.61,10.0062,18.85,34836972,593055805.0,32711632207.8,3271163231.4
2017-04-21,'600908,无锡银行,16.09,16.19,15.02,15.8,15.89,0.2,1.2587,13.144,24291538,381914443.0,29736167357.3,2973616745.38
2017-04-20,'600908,无锡银行,15.89,16.29,15.71,16.08,16.37,-0.48,-2.9322,9.0938,16806394,267535904.0,29366544394.5,2936654448.98
2017-04-19,'600908,无锡银行,16.37,16.47,15.8,16.2,16.19,0.18,1.1118,12.6504,23379430,378798493.0,30253639505.2,3025363960.34
2017-04-18,'600908,无锡银行,16.19,16.22,15.3,15.35,15.6,0.59,3.7821,21.6448,40002097,633236870.0,29920978838.7,2992097893.58
2017-04-17,'600908,无锡银行,15.6,15.72,13.29,14.5,14.77,0.83,5.6195,29.1732,53915486,798321322.0,28830591098.4,2883059119.2
2017-04-14,'600908,无锡银行,14.77,14.87,14.61,14.63,14.75,0.02,0.1356,8.8385,16334560,240737482.0,27296655802.8,2729665589.14
2017-04-13,'600908,无锡银行,14.75,15.15,14.66,14.81,14.71,0.04,0.2719,10.0466,18567210,275646516.0,27259693506.5,2725969359.5
2017-04-12,'600908,无锡银行,14.71,14.89,14.35,14.49,14.5,0.21,1.4483,19.7987,36590199,536856477.0,27185768913.9,2718576900.22
2017-04-11,'600908,无锡银行,14.5,14.72,13.15,13.31,13.38,1.12,8.3707,41.8524,77347954,1104145195.0,26797664803.0,2679766489.0
2017-04-10,'600908,无锡银行,13.38,13.6,12.59,12.87,13.07,0.31,2.3718,19.8279,36644161,484280592.0,24727776211.3,2472777629.16
2017-04-07,'600908,无锡银行,13.07,13.38,13.04,13.1,13.15,-0.08,-0.6084,9.9799,18444062,243492586.0,24154860619.0,2415486069.74
2017-04-06,'600908,无锡银行,13.15,13.24,13.01,13.09,13.33,-0.18,-1.3503,10.2473,18938121,248459028.0,24302709804.1,2430270988.3
2017-04-05,'600908,无锡银行,13.33,13.66,12.93,13.39,14.01,-0.68,-4.8537,29.0718,53728115,711893896.0,24635370470.6,2463537055.06
2017-03-31,'600908,无锡银行,14.01,14.01,12.53,12.72,12.74,1.27,9.9686,36.2947,67076737,926206167.0,25892088544.1,2589208862.82
2017-03-30,'600908,无锡银行,12.74,12.95,12.25,12.65,12.73,0.01,0.0786,9.1806,16966864,212889928.0,23544982730.4,2354498280.68
2017-03-29,'600908,无锡银行,12.73,13.3,12.72,13.26,13.27,-0.54,-4.0693,7.0438,13017800,168521473.0,23526501582.2,2352650165.86
2017-03-28,'600908,无锡银行,13.27,13.35,13.1,13.16,13.2,0.07,0.5303,5.2366,9677802,127974407.0,24524483581.8,2452448366.14
2017-03-27,'600908,无锡银行,13.2,13.44,12.93,13.08,13.07,0.13,0.9946,6.6237,12241396,161446089.0,24395115544.8,2439511562.4
2017-03-24,'600908,无锡银行,13.07,13.19,12.92,13.19,13.21,-0.14,-1.0598,5.5913,10333356,134443131.0,24154860619.0,2415486069.74
2017-03-23,'600908,无锡银行,13.21,13.36,12.94,13.18,13.11,0.1,0.7628,7.7136,14255670,188016381.0,24413596692.9,2441359677.22
2017-03-22,'600908,无锡银行,13.11,13.32,12.92,13.28,13.34,-0.23,-1.7241,7.68,14193584,186045180.0,24228785211.5,2422878529.02
2017-03-21,'600908,无锡银行,13.34,13.5,13.21,13.5,13.58,-0.24,-1.7673,7.4014,13678553,182566289.0,24653851618.8,2465385169.88
2017-03-20,'600908,无锡银行,13.58,13.89,13.35,13.56,13.66,-0.08,-0.5857,9.8353,18176769,246834738.0,25097399174.1,2509739925.56
2017-03-17,'600908,无锡银行,13.66,14.37,13.64,14.32,14.47,-0.81,-5.5978,18.3614,33934022,474922373.0,25245248359.2,2524524844.12
2017-03-16,'600908,无锡银行,14.47,14.9,13.75,13.75,13.77,0.7,5.0835,22.5054,41592501,600020556.0,26742221358.6,2674222144.54
2017-03-15,'600908,无锡银行,13.77,14.04,13.7,13.86,13.81,-0.04,-0.2896,7.7844,14386435,199074766.0,25448540988.8,2544854107.14
2017-03-14,'600908,无锡银行,13.81,14.05,13.71,13.92,13.92,-0.11,-0.7902,8.5196,15745267,217767111.0,25522465581.3,2552246566.42
2017-03-13,'600908,无锡银行,13.92,14.09,13.67,13.98,13.93,-0.01,-0.0718,8.29,15320800,212666781.0,25725758210.9,2572575829.44
2017-03-10,'600908,无锡银行,13.93,14.5,13.83,14.35,14.49,-0.56,-3.8647,14.7423,27245417,383578773.0,25744239359.0,2574423944.26
2017-03-09,'600908,无锡银行,14.49,14.85,14.31,14.4,14.52,-0.03,-0.2066,15.8334,29261900,426424583.0,26779183654.9,2677918374.18
2017-03-08,'600908,无锡银行,14.52,14.99,14.3,14.45,14.66,-0.14,-0.955,19.7041,36415464,530964660.0,26834627099.3,2683462718.64
2017-03-07,'600908,无锡银行,14.66,14.85,14.12,14.2,14.41,0.25,1.7349,22.4533,41496298,605148614.0,27093363173.2,2709336326.12
2017-03-06,'600908,无锡银行,14.41,15.16,13.41,13.6,13.78,0.63,4.5718,22.9268,42371384,608532036.0,26631334469.7,2663133455.62
2017-03-03,'600908,无锡银行,13.78,14.27,13.66,14.17,14.47,-0.69,-4.7685,20.6566,38175823,534603990.0,25467022136.9,2546702221.96
2017-03-02,'600908,无锡银行,14.47,14.85,13.85,13.91,13.86,0.61,4.4012,36.0829,66685366,954602295.0,26742221358.6,2674222144.54
2017-03-01,'600908,无锡银行,13.86,14.88,13.67,14.4,13.81,0.05,0.3621,42.5216,78584814,1125070298.0,25614871322.0,2561487140.52
2017-02-28,'600908,无锡银行,13.81,13.81,12.45,12.49,12.55,1.26,10.0398,13.5062,24960948,338071247.0,25522465581.3,2552246566.42
2017-02-27,'600908,无锡银行,12.55,12.87,12.15,12.5,12.67,-0.12,-0.9471,15.9438,29465967,369324289.0,23193840915.7,2319384099.1
2017-02-24,'600908,无锡银行,12.67,12.85,12.21,12.29,12.29,0.38,3.0919,14.3638,26546026,331435414.0,23415614693.4,2341561476.94
2017-02-23,'600908,无锡银行,12.29,12.59,12.2,12.43,12.45,-0.16,-1.2851,12.3843,22887691,282958795.0,22713331064.1,2271333113.78
2017-02-22,'600908,无锡银行,12.45,12.75,12.24,12.56,13.0,-0.55,-4.2308,20.3179,37549773,468090868.0,23009029434.3,2300902950.9
2017-02-21,'600908,无锡银行,13.0,14.1,12.73,13.77,12.91,0.09,0.6971,34.6951,64120544,854592336.0,24025492582.0,2402549266.0
2017-02-20,'600908,无锡银行,12.91,12.91,11.42,11.6,11.74,1.17,9.9659,27.4626,50754093,635317217.0,23859162248.7,2385916232.62
2017-02-17,'600908,无锡银行,11.74,12.6,11.71,12.2,12.32,-0.58,-4.7078,17.6728,32661307,396453290.0,21696867916.4,2169686798.68
2017-02-16,'600908,无锡银行,12.32,12.8,11.82,11.99,12.18,0.14,1.1494,24.1959,44716831,552799677.0,22768774508.5,2276877458.24
2017-02-15,'600908,无锡银行,12.18,12.62,11.35,11.35,11.47,0.71,6.1901,28.6348,52920428,640830856.0,22510038434.5,2251003850.76
2017-02-14,'600908,无锡银行,11.47,11.74,11.01,11.58,11.48,-0.01,-0.0871,20.3363,37583791,430814498.0,21197876916.6,2119787698.54
2017-02-13,'600908,无锡银行,11.48,11.74,10.85,10.85,10.67,0.81,7.5914,24.6004,45464325,522818000.0,21216358064.7,2121635813.36
2017-02-10,'600908,无锡银行,10.67,11.14,10.15,10.17,10.18,0.49,4.8134,14.6876,27144280,291555486.0,19719385065.4,1971938512.94
2017-02-09,'600908,无锡银行,10.18,10.26,10.08,10.1,10.24,-0.06,-0.5859,5.1997,9609717,97846692.0,18813808806.5,1881380886.76
2017-02-08,'600908,无锡银行,10.24,10.27,9.69,9.83,9.88,0.36,3.6437,8.577,15851282,158830905.0,18924695695.4,1892469575.68
2017-02-07,'600908,无锡银行,9.88,10.09,9.83,9.87,9.94,-0.06,-0.6036,3.8944,7197208,71635152.0,18259374362.3,1825937442.16
2017-02-06,'600908,无锡银行,9.94,9.95,9.53,9.68,9.68,0.26,2.686,3.9356,7273448,71343936.0,18370261251.2,1837026131.08
2017-02-03,'600908,无锡银行,9.68,9.87,9.67,9.86,9.87,-0.19,-1.925,1.8026,3331448,32427302.0,17889751399.5,1788975145.76
2017-01-26,'600908,无锡银行,9.87,9.89,9.74,9.75,9.73,0.14,1.4388,2.4755,4575080,44974357.0,18240893214.2,1824089327.34
2017-01-25,'600908,无锡银行,9.73,9.76,9.68,9.7,9.71,0.02,0.206,1.757,3247097,31576852.0,17982157140.2,1798215719.86
2017-01-24,'600908,无锡银行,9.71,9.82,9.7,9.75,9.75,-0.04,-0.4103,1.7493,3232908,31508877.0,17945194843.9,1794519490.22
2017-01-23,'600908,无锡银行,9.75,9.81,9.67,9.71,9.7,0.05,0.5155,2.9896,5525129,53864775.0,18019119436.5,1801911949.5
2017-01-20,'600908,无锡银行,9.7,9.82,9.42,9.42,9.46,0.24,2.537,4.5202,8353929,80677031.0,17926713695.8,1792671375.4
2017-01-19,'600908,无锡银行,9.46,9.59,9.3,9.52,9.52,-0.06,-0.6303,3.6198,6689833,63305537.0,17483166140.4,1748316619.72
2017-01-18,'600908,无锡银行,9.52,9.74,9.51,9.71,9.76,-0.24,-2.459,3.3332,6160100,59169896.0,17594053029.3,1759405308.64
2017-01-17,'600908,无锡银行,9.76,9.84,9.41,9.66,9.78,-0.02,-0.2045,4.4638,8249612,79591308.0,18037600584.6,1803760064.32
2017-01-16,'600908,无锡银行,9.78,10.21,9.51,10.2,10.22,-0.44,-4.3053,5.7356,10599969,104556996.0,18074562880.9,1807456293.96
2017-01-13,'600908,无锡银行,10.22,10.46,10.19,10.44,10.45,-0.23,-2.201,3.7532,6936301,71524569.0,18887733399.1,1888773346.04
2017-01-12,'600908,无锡银行,10.45,10.69,10.42,10.54,10.62,-0.17,-1.6008,2.4418,4512698,47591733.0,19312799806.3,1931279986.9
2017-01-11,'600908,无锡银行,10.62,10.76,10.46,10.64,10.65,-0.03,-0.2817,4.8967,9049652,96295273.0,19626979324.7,1962697938.84
2017-01-10,'600908,无锡银行,10.65,10.82,10.63,10.8,10.8,-0.15,-1.3889,2.5891,4784974,51366765.0,19682422769.1,1968242283.3
2017-01-09,'600908,无锡银行,10.8,10.88,10.72,10.87,10.88,-0.08,-0.7353,2.4396,4508607,48704187.0,19959639991.2,1995964005.6
2017-01-06,'600908,无锡银行,10.88,11.13,10.87,11.07,11.09,-0.21,-1.8936,3.1853,5886786,64509411.0,20107489176.3,2010748924.16
2017-01-05,'600908,无锡银行,11.09,11.16,11.08,11.11,11.12,-0.03,-0.2698,2.8039,5181943,57638603.0,20495593287.3,2049559335.38
2017-01-04,'600908,无锡银行,11.12,11.13,10.87,11.08,11.07,0.05,0.4517,2.5332,4681733,51778984.0,20551036731.7,2055103679.84
2017-01-03,'600908,无锡银行,11.07,11.14,10.97,11.01,10.93,0.14,1.2809,2.6163,4835267,53508434.0,20458630991.0,2045863105.74
2016-12-30,'600908,无锡银行,10.93,11.09,10.92,10.95,10.96,-0.03,-0.2737,1.7033,3147890,34561134.0,20199894917.0,2019989498.26
2016-12-29,'600908,无锡银行,10.96,11.11,10.92,10.95,10.93,0.03,0.2745,2.2489,4156186,45756297.0,20255338361.4,2025533842.72
2016-12-28,'600908,无锡银行,10.93,11.08,10.88,11.0,11.02,-0.09,-0.8167,1.7208,3180198,34912128.0,20199894917.0,2019989498.26
2016-12-27,'600908,无锡银行,11.02,11.16,11.0,11.1,11.16,-0.14,-1.2545,2.4861,4594671,50862437.0,20366225250.3,2036622531.64
2016-12-26,'600908,无锡银行,11.16,11.18,10.77,10.97,11.08,0.08,0.722,3.9732,7343018,80456655.0,20624961324.2,2062496139.12
2016-12-23,'600908,无锡银行,11.08,11.46,11.06,11.44,11.45,-0.37,-3.2314,4.0431,7472100,83884586.0,20477112139.1,2047711220.56
2016-12-22,'600908,无锡银行,11.45,11.6,11.4,11.52,11.58,-0.13,-1.1226,2.605,4814386,55163640.0,21160914620.3,2116091468.9
2016-12-21,'600908,无锡银行,11.58,11.63,11.46,11.48,11.43,0.15,1.3123,3.0865,5704133,65902240.0,21401169546.1,2140116961.56
2016-12-20,'600908,无锡银行,11.43,11.65,11.37,11.61,11.62,-0.19,-1.6351,3.6739,6789774,77902696.0,21123952324.0,2112395239.26
2016-12-19,'600908,无锡银行,11.62,11.8,11.6,11.8,11.8,-0.18,-1.5254,3.0715,5676527,66325899.0,21475094138.7,2147509420.84
2016-12-16,'600908,无锡银行,11.8,11.85,11.69,11.78,11.8,0.0,0.0,2.5339,4682847,55199127.0,21807754805.2,2180775487.6
2016-12-15,'600908,无锡银行,11.8,11.91,11.64,11.68,11.76,0.04,0.3401,3.5552,6570502,77574104.0,21807754805.2,2180775487.6
2016-12-14,'600908,无锡银行,11.76,11.96,11.66,11.8,11.85,-0.09,-0.7595,4.0591,7501629,88726808.0,21733830212.6,2173383028.32
2016-12-13,'600908,无锡银行,11.85,11.97,11.6,11.88,11.94,-0.09,-0.7538,5.1557,9528359,112711079.0,21900160545.9,2190016061.7
2016-12-12,'600908,无锡银行,11.94,12.88,11.85,12.72,12.76,-0.82,-6.4263,8.6889,16058088,198882931.0,22066490879.2,2206649095.08
2016-12-09,'600908,无锡银行,12.76,13.15,12.68,12.89,12.93,-0.17,-1.3148,9.1712,16949375,218366063.0,23581945026.6,2358194510.32
2016-12-08,'600908,无锡银行,12.93,13.35,12.61,12.62,12.65,0.28,2.2134,10.5895,19570657,253333035.0,23896124545.0,2389612462.26
2016-12-07,'600908,无锡银行,12.65,12.67,12.47,12.5,12.51,0.14,1.1191,3.6305,6709668,84409096.0,23378652397.1,2337865247.3
2016-12-06,'600908,无锡银行,12.51,12.63,12.46,12.46,12.45,0.06,0.4819,3.407,6296500,78999431.0,23119916323.1,2311991639.82
2016-12-05,'600908,无锡银行,12.45,12.48,12.2,12.27,12.4,0.05,0.4032,3.4818,6434846,79611897.0,23009029434.3,2300902950.9
2016-12-02,'600908,无锡银行,12.4,12.69,12.38,12.67,12.7,-0.3,-2.3622,6.0101,11107359,139063900.0,22916623693.6,2291662376.8
2016-12-01,'600908,无锡银行,12.7,12.76,12.57,12.65,12.58,0.12,0.9539,4.9216,9095619,115178688.0,23471058137.8,2347105821.4
2016-11-30,'600908,无锡银行,12.58,12.81,12.53,12.75,12.84,-0.26,-2.0249,7.6099,14063998,178188419.0,23249284360.1,2324928443.56
2016-11-29,'600908,无锡银行,12.84,13.5,12.8,13.48,13.54,-0.7,-5.1699,12.1884,22525567,295741421.0,23729794211.8,2372979428.88
2016-11-28,'600908,无锡银行,13.54,13.74,13.49,13.57,13.53,0.01,0.0739,7.448,13764675,187160940.0,25023474581.6,2502347466.28
2016-11-25,'600908,无锡银行,13.53,13.65,13.26,13.43,13.42,0.11,0.8197,7.3945,13665968,183675448.0,25004993433.4,2500499351.46
2016-11-24,'600908,无锡银行,13.42,13.68,13.36,13.55,13.69,-0.27,-1.9722,9.818,18144739,245220922.0,24801700803.9,2480170088.44
2016-11-23,'600908,无锡银行,13.69,14.2,13.6,13.82,13.84,-0.15,-1.0838,15.1481,27995414,389620720.0,25300691803.7,2530069188.58
2016-11-22,'600908,无锡银行,13.84,13.9,13.5,13.59,13.68,0.16,1.1696,10.3513,19130376,262344402.0,25577909025.8,2557790910.88
2016-11-21,'600908,无锡银行,13.68,13.98,13.32,13.4,13.43,0.25,1.8615,11.8607,21919931,301072471.0,25282210655.5,2528221073.76
2016-11-18,'600908,无锡银行,13.43,13.91,13.35,13.86,13.93,-0.5,-3.5894,10.7201,19811930,270314125.0,24820181952.0,2482018203.26
2016-11-17,'600908,无锡银行,13.93,14.04,13.62,14.03,14.15,-0.22,-1.5548,12.8092,23672953,326323525.0,25744239359.0,2574423944.26
2016-11-16,'600908,无锡银行,14.15,14.54,14.05,14.15,14.12,0.03,0.2125,12.6699,23415491,333102417.0,26150824618.1,2615082470.3
2016-11-15,'600908,无锡银行,14.12,14.46,14.05,14.26,14.46,-0.34,-2.3513,15.8232,29243076,415657176.0,26095381173.7,2609538125.84
2016-11-14,'600908,无锡银行,14.46,15.18,13.69,13.8,14.13,0.33,2.3355,32.3635,59811375,860297136.0,26723740210.4,2672374029.72
2016-11-11,'600908,无锡银行,14.13,14.8,13.4,13.69,13.62,0.51,3.7445,35.4342,65486438,916364659.0,26113862321.8,2611386240.66
2016-11-10,'600908,无锡银行,13.62,14.06,12.84,12.95,12.78,0.84,6.5728,36.4754,67410677,921483388.0,25171323766.7,2517132384.84
2016-11-09,'600908,无锡银行,12.78,13.13,12.61,13.11,13.24,-0.46,-3.4743,19.2556,35586630,457390936.0,23618907322.9,2361890739.96
2016-11-08,'600908,无锡银行,13.24,13.65,12.8,12.96,12.85,0.39,3.035,27.1285,50136640,666370677.0,24469040137.4,2446904021.68
2016-11-07,'600908,无锡银行,12.85,13.03,12.66,12.73,12.81,0.04,0.3123,10.2537,18950035,243515363.0,23748275359.9,2374827543.7
2016-11-04,'600908,无锡银行,12.81,13.1,12.72,12.8,12.9,-0.09,-0.6977,13.9942,25862948,333399986.0,23674350767.3,2367435084.42
2016-11-03,'600908,无锡银行,12.9,13.26,12.58,12.75,12.91,-0.01,-0.0775,22.2717,41160707,534713595.0,23840681100.6,2384068117.8
2016-11-02,'600908,无锡银行,12.91,13.13,12.62,13.0,13.15,-0.24,-1.8251,22.2908,41195881,528187848.0,23859162248.7,2385916232.62
2016-11-01,'600908,无锡银行,13.15,13.25,12.88,13.19,13.59,-0.44,-3.2377,30.8812,57072060,746265399.0,24302709804.1,2430270988.3
2016-10-31,'600908,无锡银行,13.59,13.95,12.17,13.0,13.07,0.52,3.9786,59.7826,110485040,1442102392.0,25115880322.3,2511588040.38
2016-10-28,'600908,无锡银行,13.07,13.08,11.8,11.92,11.89,1.18,9.9243,54.4708,100668241,1304221468.0,24154860619.0,2415486069.74
2016-10-27,'600908,无锡银行,11.89,12.07,11.77,11.77,11.78,0.11,0.9338,9.5063,17568659,208944565.0,21974085138.5,2197408520.98
2016-10-26,'600908,无锡银行,11.78,11.98,11.69,11.96,12.01,-0.23,-1.9151,9.8023,18115692,214706692.0,21770792508.9,2177079257.96
2016-10-25,'600908,无锡银行,12.01,12.2,11.62,11.87,12.01,0.0,0.0,19.4222,35894505,428391803.0,22195858916.1,2219585898.82
2016-10-24,'600908,无锡银行,12.01,12.39,11.43,11.5,11.51,0.5,4.344,28.0479,51835826,620261000.0,22195858916.1,2219585898.82
2016-10-21,'600908,无锡银行,11.51,11.95,11.4,11.8,11.87,-0.36,-3.0329,16.4019,30312516,352609876.0,21271801509.1,2127180157.82
2016-10-20,'600908,无锡银行,11.87,12.34,11.85,12.33,12.29,-0.42,-3.4174,16.005,29579040,356633084.0,21937122842.2,2193712291.34
2016-10-19,'600908,无锡银行,12.29,12.47,12.12,12.35,12.45,-0.16,-1.2851,12.9929,24012346,294383524.0,22713331064.1,2271333113.78
2016-10-18,'600908,无锡银行,12.45,12.47,12.02,12.45,12.55,-0.1,-0.7968,24.092,44524741,546452285.0,23009029434.3,2300902950.9
2016-10-17,'600908,无锡银行,12.55,13.05,12.43,13.0,13.25,-0.7,-5.283,28.8348,53289935,674576757.0,23193840915.7,2319384099.1
2016-10-14,'600908,无锡银行,13.25,13.97,12.83,13.0,12.97,0.28,2.1588,42.835,79164062,1061258900.0,24487521285.5,2448752136.5
2016-10-13,'600908,无锡银行,12.97,13.47,12.86,13.38,13.77,-0.8,-5.8097,41.2905,76309598,1006216920.0,23970049137.6,2397004921.54
2016-10-12,'600908,无锡银行,13.77,13.81,13.11,13.81,12.55,1.22,9.7211,68.0396,125745081,1690421544.0,25448540988.8,2544854107.14
2016-10-11,'600908,无锡银行,12.55,12.55,12.55,12.55,11.41,1.14,9.9912,0.498,920282,11549539.0,23193840915.7,2319384099.1
2016-10-10,'600908,无锡银行,11.41,11.41,11.41,11.41,10.37,1.04,10.0289,0.6112,1129604,12888782.0,21086990027.7,2108699009.62
2016-09-30,'600908,无锡银行,10.37,10.37,10.37,10.37,9.43,0.94,9.9682,0.7576,1400113,14519172.0,19164950621.2,1916495068.34
2016-09-29,'600908,无锡银行,9.43,9.43,9.43,9.43,8.57,0.86,10.035,0.206,380725,3590237.0,17427722696.0,1742772275.26
2016-09-28,'600908,无锡银行,8.57,8.57,8.57,8.57,7.79,0.78,10.0128,0.0709,131117,1123673.0,15838343956.0,1583834400.74
2016-09-27,'600908,无锡银行,7.79,7.79,7.79,7.79,7.08,0.71,10.0282,0.0271,50025,389695.0,14396814401.1,1439681444.78
2016-09-26,'600908,无锡银行,7.08,7.08,7.08,7.08,6.44,0.64,9.9379,0.027,49916,353405.0,13084652883.1,1308465292.56
2016-09-23,'600908,N锡银,6.44,6.44,5.36,5.36,4.47,1.97,44.0716,0.0373,69016,440035.0,11901859402.2,1190185944.08
