ÈÕÆÚ,¹ÉÆ±´úÂë,Ãû³Æ,ÊÕÅÌ¼Û,×î¸ß¼Û,×îµÍ¼Û,¿ªÅÌ¼Û,Ç°ÊÕÅÌ,ÕÇµø¶î,ÕÇµø·ù,»»ÊÖÂÊ,³É½»Á¿,³É½»½ð¶î,×ÜÊÐÖµ,Á÷Í¨ÊÐÖµ
2017-05-15,'601021,´ºÇïº½¿Õ,33.29,33.4,32.05,32.31,32.3,0.99,3.065,1.5695,3139083,103906216.0,26651308200.0,6658000000.0
2017-05-12,'601021,´ºÇïº½¿Õ,32.3,32.78,31.53,31.8,31.79,0.51,1.6043,1.2895,2578912,83071834.0,25858734000.0,6460000000.0
2017-05-11,'601021,´ºÇïº½¿Õ,31.79,31.87,30.19,30.31,30.59,1.2,3.9229,1.4329,2865710,88685983.0,25450438200.0,6358000000.0
2017-05-10,'601021,´ºÇïº½¿Õ,30.59,31.17,30.52,30.62,30.61,-0.02,-0.0653,1.0572,2114415,65168143.0,24489742200.0,6118000000.0
2017-05-09,'601021,´ºÇïº½¿Õ,30.61,31.78,30.01,31.78,31.5,-0.89,-2.8254,1.4553,2910670,89480391.0,24505753800.0,6122000000.0
2017-05-08,'601021,´ºÇïº½¿Õ,31.5,32.85,31.45,32.7,32.93,-1.43,-4.3425,1.5624,3124741,100224901.0,25218270000.0,6300000000.0
2017-05-05,'601021,XD´ºÇïº½,32.93,33.78,32.81,33.72,33.17,-0.24,-0.7235,1.5802,3160494,104796054.0,26363099400.0,6586000000.0
2017-05-04,'601021,´ºÇïº½¿Õ,33.33,33.45,32.45,32.65,32.42,0.91,2.8069,1.5915,3183007,105224711.0,26683331400.0,6666000000.0
2017-05-03,'601021,´ºÇïº½¿Õ,32.42,33.1,32.34,33.09,32.94,-0.52,-1.5786,0.9625,1924997,62801108.0,25954803600.0,6484000000.0
2017-05-02,'601021,´ºÇïº½¿Õ,32.94,33.06,32.51,32.76,32.86,0.08,0.2435,0.6004,1200747,39434748.0,26371105200.0,6588000000.0
2017-04-28,'601021,´ºÇïº½¿Õ,32.86,33.1,32.12,32.48,32.37,0.49,1.5137,0.9605,1921066,62954359.0,26307058800.0,6572000000.0
2017-04-27,'601021,´ºÇïº½¿Õ,32.37,32.48,31.51,32.48,32.34,0.03,0.0928,1.0964,2192809,70313689.0,25914774600.0,6474000000.0
2017-04-26,'601021,´ºÇïº½¿Õ,32.34,32.91,32.23,32.76,33.05,-0.71,-2.1483,1.0344,2068881,67431475.0,25890757200.0,6468000000.0
2017-04-25,'601021,´ºÇïº½¿Õ,33.05,33.19,32.66,32.95,32.96,0.09,0.2731,0.7102,1420438,46851297.0,26459169000.0,6610000000.0
2017-04-24,'601021,´ºÇïº½¿Õ,32.96,33.38,32.56,33.05,33.19,-0.23,-0.693,1.5298,3059625,100523104.0,26387116800.0,6592000000.0
2017-04-21,'601021,´ºÇïº½¿Õ,33.19,33.58,32.3,32.35,32.31,0.88,2.7236,2.3612,4722376,156583484.0,26571250200.0,6638000000.0
2017-04-20,'601021,´ºÇïº½¿Õ,32.31,32.75,32.0,32.16,32.11,0.2,0.6229,1.4325,2865055,92571519.0,25866739800.0,6462000000.0
2017-04-19,'601021,´ºÇïº½¿Õ,32.11,32.47,31.49,31.9,31.82,0.29,0.9114,2.0228,4045614,129956177.0,25706623800.0,6422000000.0
2017-04-18,'601021,´ºÇïº½¿Õ,31.82,32.44,31.8,32.25,32.17,-0.35,-1.088,1.4302,2860396,91826766.0,25474455600.0,6364000000.0
2017-04-17,'601021,´ºÇïº½¿Õ,32.17,32.52,31.81,32.52,32.6,-0.43,-1.319,1.3882,2776391,88930894.0,25754658600.0,6434000000.0
2017-04-14,'601021,´ºÇïº½¿Õ,32.6,33.68,32.46,33.64,33.57,-0.97,-2.8895,1.9201,3840103,126355089.0,26098908000.0,6520000000.0
2017-04-13,'601021,´ºÇïº½¿Õ,33.57,33.75,33.45,33.5,33.57,0.0,0.0,1.3021,2604273,87490210.0,26875470600.0,6714000000.0
2017-04-12,'601021,´ºÇïº½¿Õ,33.57,34.1,33.45,34.1,34.18,-0.61,-1.7847,1.665,3329967,112140531.0,26875470600.0,6714000000.0
2017-04-11,'601021,´ºÇïº½¿Õ,34.18,34.69,33.75,34.42,34.7,-0.52,-1.4986,1.9451,3890103,132958814.0,27363824400.0,6836000000.0
2017-04-10,'601021,´ºÇïº½¿Õ,34.7,35.05,34.25,34.64,34.78,-0.08,-0.23,2.1803,4360671,151146425.0,27780126000.0,6940000000.0
2017-04-07,'601021,´ºÇïº½¿Õ,34.78,35.78,34.74,34.9,34.88,-0.1,-0.2867,1.9216,3843254,134617460.0,27844172400.0,6956000000.0
2017-04-06,'601021,´ºÇïº½¿Õ,34.88,35.16,34.75,34.98,34.78,0.1,0.2875,1.3251,2650294,92595888.0,27924230400.0,6976000000.0
2017-04-05,'601021,´ºÇïº½¿Õ,34.78,35.26,33.75,34.67,34.74,0.04,0.1151,2.033,4065942,141053879.0,27844172400.0,6956000000.0
2017-03-31,'601021,´ºÇïº½¿Õ,34.74,35.68,34.38,35.68,36.49,-1.75,-4.7958,3.2712,6542478,227685956.0,27812149200.0,6948000000.0
2017-03-30,'601021,´ºÇïº½¿Õ,36.49,37.4,36.33,37.4,37.42,-0.93,-2.4853,1.639,3278029,120894342.0,29213164200.0,7298000000.0
2017-03-29,'601021,´ºÇïº½¿Õ,37.42,37.74,36.93,37.31,37.37,0.05,0.1338,1.6787,3357334,125648945.0,29957703600.0,7484000000.0
2017-03-28,'601021,´ºÇïº½¿Õ,37.37,37.39,36.86,37.21,37.22,0.15,0.403,1.568,3135918,116412980.0,29917674600.0,7474000000.0
2017-03-27,'601021,´ºÇïº½¿Õ,37.22,37.46,37.01,37.08,37.05,0.17,0.4588,1.5245,3049054,113425376.0,29797587600.0,7444000000.0
2017-03-24,'601021,´ºÇïº½¿Õ,37.05,37.14,36.82,36.95,37.01,0.04,0.1081,1.1028,2205608,81521660.0,29661489000.0,7410000000.0
2017-03-23,'601021,´ºÇïº½¿Õ,37.01,37.09,36.64,36.68,36.67,0.34,0.9272,1.5966,3193126,117817797.0,29629465800.0,7402000000.0
2017-03-22,'601021,´ºÇïº½¿Õ,36.67,37.04,36.55,37.0,37.13,-0.46,-1.2389,1.3712,2742367,100782069.0,29357268600.0,7334000000.0
2017-03-21,'601021,´ºÇïº½¿Õ,37.13,37.3,37.01,37.03,37.06,0.07,0.1889,0.6311,1262235,46870775.0,29725535400.0,7426000000.0
2017-03-20,'601021,´ºÇïº½¿Õ,37.06,37.53,36.88,37.45,37.43,-0.37,-0.9885,1.5359,3071782,114045588.0,29669494800.0,7412000000.0
2017-03-17,'601021,´ºÇïº½¿Õ,37.43,37.97,37.38,37.97,37.97,-0.54,-1.4222,1.7757,3551339,133602171.0,29965709400.0,7486000000.0
2017-03-16,'601021,´ºÇïº½¿Õ,37.97,38.25,37.83,37.98,37.97,0.0,0.0,1.1689,2337793,88857891.0,30398022600.0,7594000000.0
2017-03-15,'601021,´ºÇïº½¿Õ,37.97,38.14,37.56,37.6,37.6,0.37,0.984,1.5756,3151200,119501666.0,30398022600.0,7594000000.0
2017-03-14,'601021,´ºÇïº½¿Õ,37.6,38.04,37.51,38.0,37.96,-0.36,-0.9484,1.1312,2262451,85430033.0,30101808000.0,7520000000.0
2017-03-13,'601021,´ºÇïº½¿Õ,37.96,38.14,37.42,37.83,37.89,0.07,0.1847,1.3351,2670117,100811660.0,30390016800.0,7592000000.0
2017-03-10,'601021,´ºÇïº½¿Õ,37.89,38.0,37.35,37.49,37.32,0.57,1.5273,2.3465,4693078,177369563.0,30333976200.0,7578000000.0
2017-03-09,'601021,´ºÇïº½¿Õ,37.32,37.45,37.07,37.16,37.08,0.24,0.6472,1.3672,2734349,101940669.0,29877645600.0,7464000000.0
2017-03-08,'601021,´ºÇïº½¿Õ,37.08,37.48,37.0,37.48,37.49,-0.41,-1.0936,1.6509,3301823,122826660.0,29685506400.0,7416000000.0
2017-03-07,'601021,´ºÇïº½¿Õ,37.49,37.71,37.42,37.45,37.57,-0.08,-0.2129,1.2779,2555808,96006408.0,30013744200.0,7498000000.0
2017-03-06,'601021,´ºÇïº½¿Õ,37.57,37.65,37.16,37.3,37.24,0.33,0.8861,1.0213,2042597,76494747.0,30077790600.0,7514000000.0
2017-03-03,'601021,´ºÇïº½¿Õ,37.24,37.69,36.97,37.59,37.6,-0.36,-0.9574,1.3365,2672904,99682763.0,29813599200.0,7448000000.0
2017-03-02,'601021,´ºÇïº½¿Õ,37.6,38.15,37.58,38.11,38.01,-0.41,-1.0787,1.3097,2619312,98812064.0,30101808000.0,7520000000.0
2017-03-01,'601021,´ºÇïº½¿Õ,38.01,38.34,37.75,37.89,37.82,0.19,0.5024,1.9077,3815467,145375532.0,30430045800.0,7602000000.0
2017-02-28,'601021,´ºÇïº½¿Õ,37.82,37.95,37.66,37.71,37.81,0.01,0.0264,1.3257,2651464,100172638.0,30277935600.0,7564000000.0
2017-02-27,'601021,´ºÇïº½¿Õ,37.81,38.4,37.75,38.31,38.95,-1.14,-2.9268,2.7474,5494755,209041040.0,30269929800.0,7562000000.0
2017-02-24,'601021,´ºÇïº½¿Õ,38.95,39.98,37.46,37.79,37.65,1.3,3.4529,4.8021,9604275,370655439.0,31182591000.0,7790000000.0
2017-02-23,'601021,´ºÇïº½¿Õ,37.65,37.94,37.53,37.81,37.84,-0.19,-0.5021,1.021,2042047,76939792.0,30141837000.0,7530000000.0
2017-02-22,'601021,´ºÇïº½¿Õ,37.84,37.94,37.53,37.7,37.65,0.19,0.5046,2.0782,4156479,157009335.0,30293947200.0,7568000000.0
2017-02-21,'601021,´ºÇïº½¿Õ,37.65,37.73,37.0,37.17,37.17,0.48,1.2914,2.3816,4763170,178365389.0,30141837000.0,7530000000.0
2017-02-20,'601021,´ºÇïº½¿Õ,37.17,37.25,36.81,37.06,37.02,0.15,0.4052,1.6328,3265613,120896287.0,29757558600.0,7434000000.0
2017-02-17,'601021,´ºÇïº½¿Õ,37.02,38.0,37.0,37.42,37.37,-0.35,-0.9366,1.8632,3726435,139627807.0,29637471600.0,7404000000.0
2017-02-16,'601021,´ºÇïº½¿Õ,37.37,37.48,36.86,37.03,37.12,0.25,0.6735,1.7816,3563203,132388114.0,29917674600.0,7474000000.0
2017-02-15,'601021,´ºÇïº½¿Õ,37.12,37.35,36.51,36.64,36.62,0.5,1.3654,3.2666,6533153,241668183.0,29717529600.0,7424000000.0
2017-02-14,'601021,´ºÇïº½¿Õ,36.62,37.05,36.51,37.05,36.84,-0.22,-0.5972,1.5029,3005891,110497735.0,29317239600.0,7324000000.0
2017-02-13,'601021,´ºÇïº½¿Õ,36.84,37.28,36.63,37.1,37.1,-0.26,-0.7008,2.1094,4218836,155144218.0,29493367200.0,7368000000.0
2017-02-10,'601021,´ºÇïº½¿Õ,37.1,37.37,36.93,37.04,37.07,0.03,0.0809,1.718,3436038,127686362.0,29701518000.0,7420000000.0
2017-02-09,'601021,´ºÇïº½¿Õ,37.07,37.12,36.82,36.9,37.0,0.07,0.1892,1.179,2358077,87307924.0,29677500600.0,7414000000.0
2017-02-08,'601021,´ºÇïº½¿Õ,37.0,37.18,36.72,37.01,37.05,-0.05,-0.135,1.1244,2248755,83096198.0,29621460000.0,7400000000.0
2017-02-07,'601021,´ºÇïº½¿Õ,37.05,37.42,37.0,37.3,37.56,-0.51,-1.3578,0.9317,1863357,69163730.0,29661489000.0,7410000000.0
2017-02-06,'601021,´ºÇïº½¿Õ,37.56,37.76,36.89,37.17,37.1,0.46,1.2399,0.8236,1647183,61415385.0,30069784800.0,7512000000.0
2017-02-03,'601021,´ºÇïº½¿Õ,37.1,37.21,36.81,37.02,37.11,-0.01,-0.0269,0.4857,971332,35896387.0,29701518000.0,7420000000.0
2017-01-26,'601021,´ºÇïº½¿Õ,37.11,37.24,36.97,37.02,36.97,0.14,0.3787,0.583,1166033,43240602.0,29709523800.0,7422000000.0
2017-01-25,'601021,´ºÇïº½¿Õ,36.97,37.19,36.51,36.52,36.69,0.28,0.7632,0.6877,1375484,50790760.0,29597442600.0,7394000000.0
2017-01-24,'601021,´ºÇïº½¿Õ,36.69,37.16,36.61,37.03,37.21,-0.52,-1.3975,0.9227,1845317,67859898.0,29373280200.0,7338000000.0
2017-01-23,'601021,´ºÇïº½¿Õ,37.21,37.35,36.65,36.7,36.71,0.5,1.362,0.9712,1942400,72072336.0,29789581800.0,7442000000.0
2017-01-20,'601021,´ºÇïº½¿Õ,36.71,36.79,36.18,36.35,36.35,0.36,0.9904,1.2874,2574786,94398891.0,29389291800.0,7342000000.0
2017-01-19,'601021,´ºÇïº½¿Õ,36.35,36.7,36.03,36.63,36.63,-0.28,-0.7644,0.6233,1246569,45244432.0,29101083000.0,7270000000.0
2017-01-18,'601021,´ºÇïº½¿Õ,36.63,36.75,36.54,36.63,36.63,0.0,0.0,0.9393,1878614,68908305.0,29325245400.0,7326000000.0
2017-01-17,'601021,´ºÇïº½¿Õ,36.63,36.72,36.1,36.4,36.57,0.06,0.1641,0.8025,1605045,58505687.0,29325245400.0,7326000000.0
2017-01-16,'601021,´ºÇïº½¿Õ,36.57,36.74,35.43,36.29,36.4,0.17,0.467,3.9936,7987198,290438526.0,29277210600.0,7314000000.0
2017-01-13,'601021,´ºÇïº½¿Õ,36.4,36.75,35.03,36.1,36.14,0.26,0.7194,1.7703,3540654,126619549.0,29141112000.0,7280000000.0
2017-01-12,'601021,´ºÇïº½¿Õ,36.14,36.33,35.91,36.0,36.13,0.01,0.0277,0.6322,1264329,45709508.0,28932961200.0,7228000000.0
2017-01-11,'601021,´ºÇïº½¿Õ,36.13,36.9,36.0,36.9,37.14,-1.01,-2.7194,1.7011,3402147,123561466.0,28924955400.0,7226000000.0
2017-01-10,'601021,´ºÇïº½¿Õ,37.14,38.19,36.26,36.68,36.7,0.44,1.1989,3.1259,6251898,233203570.0,29733541200.0,7428000000.0
2017-01-09,'601021,´ºÇïº½¿Õ,36.7,37.0,36.58,36.76,37.01,-0.31,-0.8376,1.2487,2497423,91793255.0,29381286000.0,7340000000.0
2017-01-06,'601021,´ºÇïº½¿Õ,37.01,37.1,36.69,37.1,37.05,-0.04,-0.108,1.2253,2450536,90354012.0,29629465800.0,7402000000.0
2017-01-05,'601021,´ºÇïº½¿Õ,37.05,37.32,37.0,37.32,36.93,0.12,0.3249,1.1273,2254661,83775170.0,29661489000.0,7410000000.0
2017-01-04,'601021,´ºÇïº½¿Õ,36.93,37.17,36.73,36.82,36.85,0.08,0.2171,1.3756,2751126,101637833.0,29565419400.0,7386000000.0
2017-01-03,'601021,´ºÇïº½¿Õ,36.85,37.15,36.78,36.78,36.74,0.11,0.2994,0.8153,1630527,60183533.0,29501373000.0,7370000000.0
2016-12-30,'601021,´ºÇïº½¿Õ,36.74,36.85,36.18,36.65,36.53,0.21,0.5749,1.4169,2833792,103399321.0,29413309200.0,7348000000.0
2016-12-29,'601021,´ºÇïº½¿Õ,36.53,36.96,36.21,36.4,36.19,0.34,0.9395,1.5556,3111209,114044360.0,29245187400.0,7306000000.0
2016-12-28,'601021,´ºÇïº½¿Õ,36.19,36.6,35.87,36.55,36.5,-0.31,-0.8493,2.1262,4252333,153357996.0,28972990200.0,7238000000.0
2016-12-27,'601021,´ºÇïº½¿Õ,36.5,36.57,36.22,36.5,36.57,-0.07,-0.1914,1.1887,2377461,86471223.0,29221170000.0,7300000000.0
2016-12-26,'601021,´ºÇïº½¿Õ,36.57,36.98,36.0,36.97,36.98,-0.41,-1.1087,1.7117,3423418,124060803.0,29277210600.0,7314000000.0
2016-12-23,'601021,´ºÇïº½¿Õ,36.98,37.65,36.96,37.63,37.65,-0.67,-1.7795,1.2814,2562788,95167602.0,29605448400.0,7396000000.0
2016-12-22,'601021,´ºÇïº½¿Õ,37.65,38.1,37.61,37.78,37.98,-0.33,-0.8689,1.234,2468059,93124469.0,30141837000.0,7530000000.0
2016-12-21,'601021,´ºÇïº½¿Õ,37.98,38.96,37.3,37.31,37.29,0.69,1.8504,2.2142,4428477,169149542.0,30406028400.0,7596000000.0
2016-12-20,'601021,´ºÇïº½¿Õ,37.29,37.62,37.16,37.59,37.67,-0.38,-1.0088,0.7224,1444743,53912726.0,29853628200.0,7458000000.0
2016-12-19,'601021,´ºÇïº½¿Õ,37.67,37.69,37.06,37.27,37.34,0.33,0.8838,1.2969,2593753,97230317.0,30157848600.0,7534000000.0
2016-12-16,'601021,´ºÇïº½¿Õ,37.34,37.56,37.1,37.39,37.39,-0.05,-0.1337,1.0841,2168102,80820555.0,29893657200.0,7468000000.0
2016-12-15,'601021,´ºÇïº½¿Õ,37.39,37.4,36.78,36.98,37.17,0.22,0.5919,1.0981,2196281,81574734.0,29933686200.0,7478000000.0
2016-12-14,'601021,´ºÇïº½¿Õ,37.17,38.17,37.0,38.1,38.08,-0.91,-2.3897,1.8776,3755148,140178361.0,29757558600.0,7434000000.0
2016-12-13,'601021,´ºÇïº½¿Õ,38.08,38.61,37.81,38.61,38.61,-0.53,-1.3727,1.1743,2348593,89520241.0,30486086400.0,7616000000.0
2016-12-12,'601021,´ºÇïº½¿Õ,38.61,40.1,38.44,40.05,40.16,-1.55,-3.8596,1.8198,3639502,142672759.0,30910393800.0,7722000000.0
2016-12-09,'601021,´ºÇïº½¿Õ,40.16,40.9,39.95,40.65,40.6,-0.44,-1.0837,1.512,3024095,121561214.0,32151292800.0,8032000000.0
2016-12-08,'601021,´ºÇïº½¿Õ,40.6,41.25,40.57,40.95,40.9,-0.3,-0.7335,0.6807,1361424,55649271.0,32503548000.0,8120000000.0
2016-12-07,'601021,´ºÇïº½¿Õ,40.9,41.08,40.71,40.95,40.95,-0.05,-0.1221,0.6735,1347006,55083427.0,32743722000.0,8180000000.0
2016-12-06,'601021,´ºÇïº½¿Õ,40.95,41.06,40.59,40.9,40.97,-0.02,-0.0488,0.8334,1666781,67992845.0,32783751000.0,8190000000.0
2016-12-05,'601021,´ºÇïº½¿Õ,40.97,41.14,40.0,40.4,40.72,0.25,0.6139,1.2023,2404573,97923400.0,32799762600.0,8194000000.0
2016-12-02,'601021,´ºÇïº½¿Õ,40.72,41.17,40.55,40.85,41.13,-0.41,-0.9968,1.7625,3525003,144007641.0,32599617600.0,8144000000.0
2016-12-01,'601021,´ºÇïº½¿Õ,41.13,42.0,40.4,42.0,42.09,-0.96,-2.2808,4.4281,8856189,364091612.0,32927855400.0,8226000000.0
2016-11-30,'601021,´ºÇïº½¿Õ,42.09,42.66,42.01,42.5,42.56,-0.47,-1.1043,0.8747,1749454,73801804.0,33696412200.0,8418000000.0
2016-11-29,'601021,´ºÇïº½¿Õ,42.56,42.98,42.42,42.7,42.6,-0.04,-0.0939,1.7712,3542380,151344149.0,34072684800.0,8512000000.0
2016-11-28,'601021,´ºÇïº½¿Õ,42.6,42.8,41.97,42.29,42.27,0.33,0.7807,1.8941,3788193,160438791.0,34104708000.0,8520000000.0
2016-11-25,'601021,´ºÇïº½¿Õ,42.27,42.4,41.48,41.78,41.89,0.38,0.9071,1.5727,3145457,132148156.0,33840516600.0,8454000000.0
2016-11-24,'601021,´ºÇïº½¿Õ,41.89,42.16,41.82,42.05,42.01,-0.12,-0.2856,1.4593,2918597,122588357.0,33536296200.0,8378000000.0
2016-11-23,'601021,´ºÇïº½¿Õ,42.01,42.23,41.91,42.07,42.22,-0.21,-0.4974,1.1824,2364816,99389426.0,33608000000.0,8402000000.0
2016-11-22,'601021,´ºÇïº½¿Õ,42.22,42.23,41.73,42.21,42.14,0.08,0.1898,1.5331,3066127,128700623.0,33776000000.0,8444000000.0
2016-11-21,'601021,´ºÇïº½¿Õ,42.14,42.48,41.9,42.36,42.23,-0.09,-0.2131,1.19,2379907,100168637.0,33712000000.0,8428000000.0
2016-11-18,'601021,´ºÇïº½¿Õ,42.23,42.76,42.08,42.76,42.82,-0.59,-1.3779,1.202,2404004,101978515.0,33784000000.0,8446000000.0
2016-11-17,'601021,´ºÇïº½¿Õ,42.82,43.17,42.61,43.03,42.83,-0.01,-0.0233,1.1919,2383873,102214369.0,34256000000.0,8564000000.0
2016-11-16,'601021,´ºÇïº½¿Õ,42.83,43.26,42.78,42.88,43.26,-0.43,-0.994,1.4438,2887555,123839797.0,34264000000.0,8566000000.0
2016-11-15,'601021,´ºÇïº½¿Õ,43.26,43.87,43.05,43.1,43.01,0.25,0.5813,2.542,5083943,220932752.0,34608000000.0,8652000000.0
2016-11-14,'601021,´ºÇïº½¿Õ,43.01,43.07,41.83,41.86,42.1,0.91,2.1615,2.2462,4492378,191249434.0,34408000000.0,8602000000.0
2016-11-11,'601021,´ºÇïº½¿Õ,42.1,42.18,41.65,42.14,42.14,-0.04,-0.0949,1.2043,2408676,100864177.0,33680000000.0,8420000000.0
2016-11-10,'601021,´ºÇïº½¿Õ,42.14,42.49,41.98,42.21,42.09,0.05,0.1188,1.4602,2920453,123209488.0,33712000000.0,8428000000.0
2016-11-09,'601021,´ºÇïº½¿Õ,42.09,42.32,41.35,42.05,42.05,0.04,0.0951,1.6656,3331260,139507313.0,33672000000.0,8418000000.0
2016-11-08,'601021,´ºÇïº½¿Õ,42.05,42.26,41.6,42.2,42.0,0.05,0.119,1.4712,2942429,123451750.0,33640000000.0,8410000000.0
2016-11-07,'601021,´ºÇïº½¿Õ,42.0,42.96,41.86,42.96,42.83,-0.83,-1.9379,1.612,3223973,135878978.0,33600000000.0,8400000000.0
2016-11-04,'601021,´ºÇïº½¿Õ,42.83,43.26,42.7,43.15,43.07,-0.24,-0.5572,1.0536,2107111,90476412.0,34264000000.0,8566000000.0
2016-11-03,'601021,´ºÇïº½¿Õ,43.07,43.34,42.9,42.93,43.01,0.06,0.1395,1.4112,2822437,121546591.0,34456000000.0,8614000000.0
2016-11-02,'601021,´ºÇïº½¿Õ,43.01,43.53,42.9,43.44,43.39,-0.38,-0.8758,1.5569,3113794,134006886.0,34408000000.0,8602000000.0
2016-11-01,'601021,´ºÇïº½¿Õ,43.39,43.4,43.0,43.3,43.21,0.18,0.4166,1.4269,2853848,123364652.0,34712000000.0,8678000000.0
2016-10-31,'601021,´ºÇïº½¿Õ,43.21,43.84,42.95,43.65,43.99,-0.78,-1.7731,1.3218,2643540,114312150.0,34568000000.0,8642000000.0
2016-10-28,'601021,´ºÇïº½¿Õ,43.99,44.46,43.9,44.4,44.38,-0.39,-0.8788,0.8967,1793325,79193286.0,35192000000.0,8798000000.0
2016-10-27,'601021,´ºÇïº½¿Õ,44.38,44.88,44.17,44.74,44.75,-0.37,-0.8268,0.8375,1675098,74475904.0,35504000000.0,8876000000.0
2016-10-26,'601021,´ºÇïº½¿Õ,44.75,45.2,44.69,45.2,45.08,-0.33,-0.732,1.4912,2982342,133717576.0,35800000000.0,8950000000.0
2016-10-25,'601021,´ºÇïº½¿Õ,45.08,45.58,44.88,45.57,45.5,-0.42,-0.9231,1.3694,2738717,123680537.0,36064000000.0,9016000000.0
2016-10-24,'601021,´ºÇïº½¿Õ,45.5,45.64,45.2,45.41,45.35,0.15,0.3308,0.6418,1283510,58344346.0,36400000000.0,9100000000.0
2016-10-21,'601021,´ºÇïº½¿Õ,45.35,45.43,45.13,45.22,45.41,-0.06,-0.1321,0.3417,683356,30920671.0,36280000000.0,9070000000.0
2016-10-20,'601021,´ºÇïº½¿Õ,45.41,45.48,45.14,45.48,45.65,-0.24,-0.5257,0.4613,922500,41789632.0,36328000000.0,9082000000.0
2016-10-19,'601021,´ºÇïº½¿Õ,45.65,45.99,45.27,45.37,45.26,0.39,0.8617,0.8988,1797653,82212960.0,36520000000.0,9130000000.0
2016-10-18,'601021,´ºÇïº½¿Õ,45.26,45.5,44.8,45.0,45.17,0.09,0.1992,0.9653,1930600,87121630.0,36208000000.0,9052000000.0
2016-10-17,'601021,´ºÇïº½¿Õ,45.17,45.58,44.89,45.58,45.5,-0.33,-0.7253,0.7436,1487272,67195852.0,36136000000.0,9034000000.0
2016-10-14,'601021,´ºÇïº½¿Õ,45.5,45.55,45.11,45.18,45.44,0.06,0.132,0.6553,1310551,59392949.0,36400000000.0,9100000000.0
2016-10-13,'601021,´ºÇïº½¿Õ,45.44,45.65,45.22,45.65,45.59,-0.15,-0.329,0.4663,932632,42314302.0,36352000000.0,9088000000.0
2016-10-12,'601021,´ºÇïº½¿Õ,45.59,46.1,45.1,45.71,46.1,-0.51,-1.1063,0.4635,926947,42389192.0,36472000000.0,9118000000.0
2016-10-11,'601021,´ºÇïº½¿Õ,46.1,46.2,45.5,45.7,45.54,0.56,1.2297,1.5135,3027095,138942384.0,36880000000.0,9220000000.0
2016-10-10,'601021,´ºÇïº½¿Õ,45.54,45.67,45.1,45.31,45.17,0.37,0.8191,0.8632,1726484,78422239.0,36432000000.0,9108000000.0
2016-09-30,'601021,´ºÇïº½¿Õ,45.17,45.19,44.98,45.15,45.15,0.02,0.0443,0.4284,856817,38630014.0,36136000000.0,9034000000.0
2016-09-29,'601021,´ºÇïº½¿Õ,45.15,45.32,44.91,45.04,45.12,0.03,0.0665,0.703,1405949,63478430.0,36120000000.0,9030000000.0
2016-09-28,'601021,´ºÇïº½¿Õ,45.12,45.27,44.97,45.16,45.16,-0.04,-0.0886,0.4653,930681,41967699.0,36096000000.0,9024000000.0
2016-09-27,'601021,´ºÇïº½¿Õ,45.16,45.5,44.81,45.05,45.43,-0.27,-0.5943,0.9282,1856370,83593466.0,36128000000.0,9032000000.0
2016-09-26,'601021,´ºÇïº½¿Õ,45.43,46.04,45.4,45.63,45.83,-0.4,-0.8728,0.4762,952422,43660441.0,36344000000.0,9086000000.0
2016-09-23,'601021,´ºÇïº½¿Õ,45.83,46.06,45.78,45.91,45.96,-0.13,-0.2829,0.6474,1294717,59433453.0,36664000000.0,9166000000.0
2016-09-22,'601021,´ºÇïº½¿Õ,45.96,46.18,45.91,46.18,45.91,0.05,0.1089,0.8169,1633875,75228173.0,36768000000.0,9192000000.0
2016-09-21,'601021,´ºÇïº½¿Õ,45.91,46.06,45.78,45.92,45.92,-0.01,-0.0218,0.621,1242060,57102634.0,36728000000.0,9182000000.0
2016-09-20,'601021,´ºÇïº½¿Õ,45.92,46.16,45.66,45.99,46.09,-0.17,-0.3688,0.6921,1384206,63434181.0,36736000000.0,9184000000.0
2016-09-19,'601021,´ºÇïº½¿Õ,46.09,46.32,45.79,46.2,46.01,0.08,0.1739,0.7195,1438941,66170448.0,36872000000.0,9218000000.0
2016-09-14,'601021,´ºÇïº½¿Õ,46.01,46.03,45.51,45.96,46.03,-0.02,-0.0434,0.5009,1001804,45775339.0,36808000000.0,9202000000.0
2016-09-13,'601021,´ºÇïº½¿Õ,46.03,46.31,45.54,46.0,45.96,0.07,0.1523,0.6148,1229639,56354854.0,36824000000.0,9206000000.0
2016-09-12,'601021,´ºÇïº½¿Õ,45.96,46.65,45.83,46.6,46.82,-0.86,-1.8368,0.9475,1894995,87463839.0,36768000000.0,9192000000.0
2016-09-09,'601021,´ºÇïº½¿Õ,46.82,46.97,46.7,46.8,46.99,-0.17,-0.3618,0.7194,1438798,67326279.0,37456000000.0,9364000000.0
2016-09-08,'601021,´ºÇïº½¿Õ,46.99,47.35,46.75,47.33,47.24,-0.25,-0.5292,1.6321,3264157,152887657.0,37592000000.0,9398000000.0
2016-09-07,'601021,´ºÇïº½¿Õ,47.24,47.94,47.2,47.25,47.53,-0.29,-0.6101,0.7401,1480240,70437722.0,37792000000.0,9448000000.0
2016-09-06,'601021,´ºÇïº½¿Õ,47.53,47.61,47.02,47.03,47.01,0.52,1.1061,0.7104,1420823,67216170.0,38024000000.0,9506000000.0
2016-09-05,'601021,´ºÇïº½¿Õ,47.01,47.3,46.8,47.22,47.11,-0.1,-0.2123,0.5811,1162244,54758773.0,37608000000.0,9402000000.0
2016-09-02,'601021,´ºÇïº½¿Õ,47.11,47.25,46.85,46.86,46.95,0.16,0.3408,0.5389,1077835,50660627.0,37688000000.0,9422000000.0
2016-09-01,'601021,´ºÇïº½¿Õ,46.95,47.27,46.81,46.97,46.9,0.05,0.1066,0.9023,1804551,84752446.0,37560000000.0,9390000000.0
2016-08-31,'601021,´ºÇïº½¿Õ,46.9,47.15,46.7,47.08,47.08,-0.18,-0.3823,0.9828,1965578,92099473.0,37520000000.0,9380000000.0
2016-08-30,'601021,´ºÇïº½¿Õ,47.08,48.16,46.66,48.16,48.02,-0.94,-1.9575,2.982,5963917,280499176.0,37664000000.0,9416000000.0
2016-08-29,'601021,´ºÇïº½¿Õ,48.02,48.3,47.9,48.3,48.3,-0.28,-0.5797,0.7455,1490971,71534857.0,38416000000.0,9604000000.0
2016-08-26,'601021,´ºÇïº½¿Õ,48.3,48.68,47.69,47.69,47.99,0.31,0.646,1.0751,2150104,103987731.0,38640000000.0,9660000000.0
2016-08-25,'601021,´ºÇïº½¿Õ,47.99,48.51,47.51,48.0,48.98,-0.99,-2.0212,1.4849,2969822,142225226.0,38392000000.0,9598000000.0
2016-08-24,'601021,´ºÇïº½¿Õ,48.98,51.8,48.36,50.0,49.94,-0.96,-1.9223,2.5901,5180113,254653982.0,39184000000.0,9796000000.0
2016-08-23,'601021,´ºÇïº½¿Õ,0.0,0.0,0.0,0.0,49.94,None,None,0.0,0,0.0,39952000000.0,9988000000.0
2016-08-22,'601021,´ºÇïº½¿Õ,0.0,0.0,0.0,0.0,49.94,None,None,0.0,0,0.0,39952000000.0,9988000000.0
2016-08-19,'601021,´ºÇïº½¿Õ,0.0,0.0,0.0,0.0,49.94,None,None,0.0,0,0.0,39952000000.0,9988000000.0
2016-08-18,'601021,´ºÇïº½¿Õ,0.0,0.0,0.0,0.0,49.94,None,None,0.0,0,0.0,39952000000.0,9988000000.0
2016-08-17,'601021,´ºÇïº½¿Õ,0.0,0.0,0.0,0.0,49.94,None,None,0.0,0,0.0,39952000000.0,9988000000.0
2016-08-16,'601021,´ºÇïº½¿Õ,0.0,0.0,0.0,0.0,49.94,None,None,0.0,0,0.0,39952000000.0,9988000000.0
2016-08-15,'601021,´ºÇïº½¿Õ,0.0,0.0,0.0,0.0,49.94,None,None,0.0,0,0.0,39952000000.0,9988000000.0
2016-08-12,'601021,´ºÇïº½¿Õ,49.94,50.2,48.85,48.95,49.35,0.59,1.1955,1.2866,2573261,128290976.0,39952000000.0,9988000000.0
2016-08-11,'601021,´ºÇïº½¿Õ,49.35,49.86,48.81,49.15,49.15,0.2,0.4069,1.5466,3093209,153513652.0,39480000000.0,9870000000.0
2016-08-10,'601021,´ºÇïº½¿Õ,49.15,50.0,48.03,48.03,48.39,0.76,1.5706,1.1696,2339118,114210273.0,39320000000.0,9830000000.0
2016-08-09,'601021,´ºÇïº½¿Õ,48.39,48.6,47.76,48.0,48.01,0.38,0.7915,0.6518,1303639,62886813.0,38712000000.0,9678000000.0
2016-08-08,'601021,´ºÇïº½¿Õ,48.01,48.5,47.56,48.4,48.43,-0.42,-0.8672,0.9665,1932952,92632953.0,38408000000.0,9602000000.0
2016-08-05,'601021,´ºÇïº½¿Õ,48.43,48.95,48.4,48.95,48.99,-0.56,-1.1431,0.6416,1283232,62334576.0,38744000000.0,9686000000.0
2016-08-04,'601021,´ºÇïº½¿Õ,48.99,49.79,48.37,49.79,49.84,-0.85,-1.7055,1.0609,2121898,103809955.0,39192000000.0,9798000000.0
2016-08-03,'601021,´ºÇïº½¿Õ,49.84,50.0,49.03,49.03,48.91,0.93,1.9015,1.3807,2761412,137363480.0,39872000000.0,9968000000.0
2016-08-02,'601021,´ºÇïº½¿Õ,48.91,49.28,48.62,48.84,48.98,-0.07,-0.1429,0.5505,1100962,53914328.0,39128000000.0,9782000000.0
2016-08-01,'601021,´ºÇïº½¿Õ,48.98,49.25,48.2,48.88,49.01,-0.03,-0.0612,0.9589,1917815,93354492.0,39184000000.0,9796000000.0
2016-07-29,'601021,´ºÇïº½¿Õ,49.01,49.5,48.35,49.05,49.37,-0.36,-0.7292,1.1527,2305419,112845167.0,39208000000.0,9802000000.0
2016-07-28,'601021,´ºÇïº½¿Õ,49.37,50.0,47.61,48.1,48.38,0.99,2.0463,2.4989,4997880,245597025.0,39496000000.0,9874000000.0
2016-07-27,'601021,´ºÇïº½¿Õ,48.38,49.06,47.11,48.19,48.13,0.25,0.5194,3.2792,6558302,316523688.0,38704000000.0,9676000000.0
2016-07-26,'601021,´ºÇïº½¿Õ,48.13,48.37,47.39,47.49,47.49,0.64,1.3477,1.4334,2866883,137740610.0,38504000000.0,9626000000.0
2016-07-25,'601021,´ºÇïº½¿Õ,47.49,47.68,47.17,47.48,47.51,-0.02,-0.0421,1.1795,2358962,111818823.0,37992000000.0,9498000000.0
2016-07-22,'601021,´ºÇïº½¿Õ,47.51,48.04,47.36,47.99,48.04,-0.53,-1.1032,1.1554,2310784,110019273.0,38008000000.0,9502000000.0
2016-07-21,'601021,´ºÇïº½¿Õ,48.04,48.17,47.63,48.1,48.03,0.01,0.0208,1.1818,2363604,113331530.0,38432000000.0,9608000000.0
2016-07-20,'601021,´ºÇïº½¿Õ,48.03,48.12,47.8,48.05,47.89,0.14,0.2923,0.9778,1955527,93784774.0,38424000000.0,9606000000.0
2016-07-19,'601021,´ºÇïº½¿Õ,47.89,48.21,47.51,48.21,48.12,-0.23,-0.478,0.9695,1939003,92589757.0,38312000000.0,9578000000.0
2016-07-18,'601021,´ºÇïº½¿Õ,48.12,48.35,47.7,48.1,48.15,-0.03,-0.0623,1.419,2837947,136198169.0,38496000000.0,9624000000.0
2016-07-15,'601021,´ºÇïº½¿Õ,48.15,48.78,47.8,48.78,48.65,-0.5,-1.0277,1.5819,3163856,152388870.0,38520000000.0,9630000000.0
2016-07-14,'601021,´ºÇïº½¿Õ,48.65,49.22,48.5,49.2,49.23,-0.58,-1.1781,1.3244,2648733,128906346.0,38920000000.0,9730000000.0
2016-07-13,'601021,´ºÇïº½¿Õ,49.23,50.63,48.52,50.63,50.95,-1.72,-3.3759,3.883,7765906,382046240.0,39384000000.0,9846000000.0
2016-07-12,'601021,´ºÇïº½¿Õ,50.95,51.48,46.88,47.31,47.23,3.72,7.8763,5.0174,10034707,493200325.0,40760000000.0,10190000000.0
2016-07-11,'601021,´ºÇïº½¿Õ,47.23,47.56,46.7,47.0,46.99,0.24,0.5107,1.8891,3778189,178194627.0,37784000000.0,9446000000.0
2016-07-08,'601021,´ºÇïº½¿Õ,46.99,47.35,46.92,47.19,46.99,0.0,0.0,1.4657,2931472,138067174.0,37592000000.0,9398000000.0
2016-07-07,'601021,´ºÇïº½¿Õ,46.99,47.65,46.66,47.33,47.55,-0.56,-1.1777,2.3193,4638507,218240017.0,37592000000.0,9398000000.0
2016-07-06,'601021,´ºÇïº½¿Õ,47.55,48.7,47.27,48.7,48.76,-1.21,-2.4815,3.0721,6144178,291761375.0,38040000000.0,9510000000.0
2016-07-05,'601021,´ºÇïº½¿Õ,48.76,49.68,48.02,48.69,48.51,0.25,0.5154,2.2678,4535608,222370469.0,39008000000.0,9752000000.0
2016-07-04,'601021,´ºÇïº½¿Õ,48.51,48.55,47.58,47.58,47.93,0.58,1.2101,1.7664,3532708,170592788.0,38808000000.0,9702000000.0
2016-07-01,'601021,´ºÇïº½¿Õ,47.93,48.27,47.5,47.88,47.94,-0.01,-0.0209,1.5007,3001492,143574191.0,38344000000.0,9586000000.0
2016-06-30,'601021,´ºÇïº½¿Õ,47.94,48.85,47.4,48.85,48.71,-0.77,-1.5808,1.7256,3451203,165157001.0,38352000000.0,9588000000.0
2016-06-29,'601021,´ºÇïº½¿Õ,48.71,49.35,48.38,49.2,49.35,-0.64,-1.2969,1.2907,2581369,125844156.0,38968000000.0,9742000000.0
2016-06-28,'601021,´ºÇïº½¿Õ,49.35,49.88,48.01,49.55,49.76,-0.41,-0.824,2.0561,4112297,200330208.0,39480000000.0,9870000000.0
2016-06-27,'601021,´ºÇïº½¿Õ,49.76,50.04,48.9,49.0,49.38,0.38,0.7695,1.2136,2427278,120534664.0,39808000000.0,9952000000.0
2016-06-24,'601021,´ºÇïº½¿Õ,49.38,49.53,48.66,49.49,49.2,0.18,0.3659,0.492,983956,48387590.0,39504000000.0,9876000000.0
2016-06-23,'601021,´ºÇïº½¿Õ,49.2,49.84,48.8,49.84,49.87,-0.67,-1.3435,0.8948,1789578,87910748.0,39360000000.0,9840000000.0
2016-06-22,'601021,´ºÇïº½¿Õ,49.87,50.1,48.94,49.89,49.83,0.04,0.0803,0.9642,1928483,95059566.0,39896000000.0,9974000000.0
2016-06-21,'601021,´ºÇïº½¿Õ,49.83,52.29,49.66,51.5,51.32,-1.49,-2.9034,0.9873,1974500,99729549.0,39864000000.0,9966000000.0
2016-06-20,'601021,´ºÇïº½¿Õ,51.32,52.35,50.9,51.97,52.28,-0.96,-1.8363,0.9719,1943778,99533578.0,41056000000.0,10264000000.0
2016-06-17,'601021,´ºÇïº½¿Õ,52.28,53.19,51.0,51.0,51.31,0.97,1.8905,1.0497,2099320,110368135.0,41824000000.0,10456000000.0
2016-06-16,'601021,´ºÇïº½¿Õ,51.31,52.48,51.0,51.35,51.39,-0.08,-0.1557,1.4109,2821707,146499471.0,41048000000.0,10262000000.0
2016-06-15,'601021,´ºÇïº½¿Õ,51.39,51.54,48.7,48.83,49.73,1.66,3.338,1.7429,3485747,176122066.0,41112000000.0,10278000000.0
2016-06-14,'601021,´ºÇïº½¿Õ,49.73,49.78,48.8,49.08,49.61,0.12,0.2419,0.8694,1738802,85773427.0,39784000000.0,9946000000.0
2016-06-13,'601021,´ºÇïº½¿Õ,49.61,50.44,48.66,49.3,49.85,-0.24,-0.4814,1.157,2314056,114951968.0,39688000000.0,9922000000.0
2016-06-08,'601021,´ºÇïº½¿Õ,49.85,50.06,49.38,50.05,50.46,-0.61,-1.2089,1.0575,2114926,104978936.0,39880000000.0,9970000000.0
2016-06-07,'601021,´ºÇïº½¿Õ,50.46,50.62,49.3,50.25,50.42,0.04,0.0793,0.9267,1853483,92335768.0,40368000000.0,10092000000.0
2016-06-06,'601021,´ºÇïº½¿Õ,50.42,52.52,50.19,51.0,50.22,0.2,0.3982,1.7058,3411533,174739486.0,40336000000.0,10084000000.0
2016-06-03,'601021,´ºÇïº½¿Õ,50.22,50.55,48.75,49.77,49.78,0.44,0.8839,1.3364,2672757,132502124.0,40176000000.0,10044000000.0
2016-06-02,'601021,´ºÇïº½¿Õ,49.78,50.1,48.75,49.1,49.33,0.45,0.9122,1.1633,2326556,115289769.0,39824000000.0,9956000000.0
2016-06-01,'601021,XD´ºÇïº½,49.33,50.83,48.76,50.83,49.86,-0.53,-1.063,1.8039,3607727,177340392.0,39464000000.0,9866000000.0
2016-05-31,'601021,´ºÇïº½¿Õ,50.07,50.7,47.15,47.8,48.0,2.07,4.3125,1.5739,3147800,157145849.0,40056000000.0,10014000000.0
2016-05-30,'601021,´ºÇïº½¿Õ,48.0,48.22,46.75,47.46,47.66,0.34,0.7134,1.0182,2036452,97193361.0,38400000000.0,9600000000.0
2016-05-27,'601021,´ºÇïº½¿Õ,47.66,48.35,47.6,47.9,47.94,-0.28,-0.5841,0.6007,1201325,57701867.0,38128000000.0,9532000000.0
2016-05-26,'601021,´ºÇïº½¿Õ,47.94,47.98,46.6,47.18,47.37,0.57,1.2033,0.9325,1865032,87985527.0,38352000000.0,9588000000.0
2016-05-25,'601021,´ºÇïº½¿Õ,47.37,50.29,47.0,49.42,49.8,-2.43,-4.8795,1.8315,3662916,176220110.0,37896000000.0,9474000000.0
2016-05-24,'601021,´ºÇïº½¿Õ,49.8,50.47,49.04,50.1,49.99,-0.19,-0.3801,0.8569,1713724,85611485.0,39840000000.0,9960000000.0
2016-05-23,'601021,´ºÇïº½¿Õ,49.99,50.2,48.08,48.08,48.07,1.92,3.9942,2.1945,4388945,218233571.0,39992000000.0,9998000000.0
2016-05-20,'601021,´ºÇïº½¿Õ,48.07,48.19,46.81,47.03,47.53,0.54,1.1361,0.8373,1674676,79928398.0,38456000000.0,9614000000.0
2016-05-19,'601021,´ºÇïº½¿Õ,47.53,48.73,46.75,47.6,47.6,-0.07,-0.1471,1.7051,3410235,162776694.0,38024000000.0,9506000000.0
2016-05-18,'601021,´ºÇïº½¿Õ,47.6,50.0,46.75,49.25,49.56,-1.96,-3.9548,2.0425,4085049,197529599.0,38080000000.0,9520000000.0
2016-05-17,'601021,´ºÇïº½¿Õ,49.56,50.61,48.38,50.4,50.83,-1.27,-2.4985,2.6265,5252965,258951540.0,39648000000.0,9912000000.0
2016-05-16,'601021,´ºÇïº½¿Õ,50.83,51.98,49.66,51.3,51.46,-0.63,-1.2243,1.977,3954024,198943872.0,40664000000.0,10166000000.0
2016-05-13,'601021,´ºÇïº½¿Õ,51.46,52.54,50.88,51.3,51.43,0.03,0.0583,1.4089,2817853,145317434.0,41168000000.0,10292000000.0
2016-05-12,'601021,´ºÇïº½¿Õ,51.43,52.96,50.82,52.6,53.5,-2.07,-3.8692,1.6928,3385552,175386118.0,41144000000.0,10286000000.0
2016-05-11,'601021,´ºÇïº½¿Õ,53.5,54.87,50.8,51.0,51.18,2.32,4.533,2.6617,5323439,284002040.0,42800000000.0,10700000000.0
2016-05-10,'601021,´ºÇïº½¿Õ,51.18,51.62,49.01,49.83,49.59,1.59,3.2063,1.9971,3994165,203119831.0,40944000000.0,10236000000.0
2016-05-09,'601021,´ºÇïº½¿Õ,49.59,53.3,49.45,52.61,52.97,-3.38,-6.381,2.3124,4624712,236095034.0,39672000000.0,9918000000.0
2016-05-06,'601021,´ºÇïº½¿Õ,52.97,54.52,50.6,52.47,53.37,-0.4,-0.7495,4.9409,9881895,522148362.0,42376000000.0,10594000000.0
2016-05-05,'601021,´ºÇïº½¿Õ,53.37,54.67,49.21,49.8,49.7,3.67,7.3843,4.9514,9902828,524407285.0,42696000000.0,10674000000.0
2016-05-04,'601021,´ºÇïº½¿Õ,49.7,50.08,46.5,46.79,46.76,2.94,6.2874,2.7973,5594571,273829112.0,39760000000.0,9940000000.0
2016-05-03,'601021,´ºÇïº½¿Õ,46.76,48.12,45.6,46.88,46.24,0.52,1.1246,2.0613,4122639,194383337.0,37408000000.0,9352000000.0
2016-04-29,'601021,´ºÇïº½¿Õ,46.24,46.8,45.6,45.7,46.38,-0.14,-0.3019,1.1785,2356989,108831661.0,36992000000.0,9248000000.0
2016-04-28,'601021,´ºÇïº½¿Õ,46.38,47.2,45.71,47.02,46.95,-0.57,-1.2141,0.4996,999299,46228608.0,37104000000.0,9276000000.0
2016-04-27,'601021,´ºÇïº½¿Õ,46.95,47.16,45.5,45.88,46.18,0.77,1.6674,0.6271,1254256,58737233.0,37560000000.0,9390000000.0
2016-04-26,'601021,´ºÇïº½¿Õ,46.18,46.32,44.76,44.83,44.96,1.22,2.7135,0.945,1890041,86186759.0,36944000000.0,9236000000.0
2016-04-25,'601021,´ºÇïº½¿Õ,44.96,46.74,43.96,46.22,46.26,-1.3,-2.8102,1.4011,2802215,125445324.0,35968000000.0,8992000000.0
2016-04-22,'601021,´ºÇïº½¿Õ,46.26,46.58,45.51,45.51,45.93,0.33,0.7185,0.8332,1666395,76687169.0,37008000000.0,9252000000.0
2016-04-21,'601021,´ºÇïº½¿Õ,45.93,46.5,45.77,46.04,46.51,-0.58,-1.247,0.8777,1755428,80947789.0,36744000000.0,9186000000.0
2016-04-20,'601021,´ºÇïº½¿Õ,46.51,48.65,44.56,48.52,48.51,-2.0,-4.1229,1.1846,2369222,111810592.0,37208000000.0,9302000000.0
2016-04-19,'601021,´ºÇïº½¿Õ,48.51,49.48,48.13,49.2,49.32,-0.81,-1.6423,0.8425,1685094,82053948.0,38808000000.0,9702000000.0
2016-04-18,'601021,´ºÇïº½¿Õ,49.32,49.86,48.88,49.5,49.29,0.03,0.0609,0.9966,1993126,98467808.0,39456000000.0,9864000000.0
2016-04-15,'601021,´ºÇïº½¿Õ,49.29,49.8,48.9,49.8,49.3,-0.01,-0.0203,0.6423,1284654,63101026.0,39432000000.0,9858000000.0
2016-04-14,'601021,´ºÇïº½¿Õ,49.3,50.0,48.75,49.0,48.79,0.51,1.0453,0.8916,1783173,87827527.0,39440000000.0,9860000000.0
2016-04-13,'601021,´ºÇïº½¿Õ,48.79,49.41,48.0,48.2,47.95,0.84,1.7518,1.4974,2994824,146326918.0,39032000000.0,9758000000.0
2016-04-12,'601021,´ºÇïº½¿Õ,47.95,48.44,47.55,47.71,48.44,-0.49,-1.0116,1.1193,2238688,107378250.0,38360000000.0,9590000000.0
2016-04-11,'601021,´ºÇïº½¿Õ,48.44,48.85,47.5,47.5,47.67,0.77,1.6153,1.3167,2633320,127168815.0,38752000000.0,9688000000.0
2016-04-08,'601021,´ºÇïº½¿Õ,47.67,48.8,47.0,47.0,48.62,-0.95,-1.9539,0.7981,1596266,76709607.0,38136000000.0,9534000000.0
2016-04-07,'601021,´ºÇïº½¿Õ,48.62,50.58,48.4,50.14,50.7,-2.08,-4.1026,1.7478,3495610,170911941.0,38896000000.0,9724000000.0
2016-04-06,'601021,´ºÇïº½¿Õ,50.7,50.9,48.65,49.0,49.65,1.05,2.1148,2.0314,4062859,203260280.0,40560000000.0,10140000000.0
2016-04-05,'601021,´ºÇïº½¿Õ,49.65,49.66,46.53,46.53,46.56,3.09,6.6366,2.1534,4306850,208237436.0,39720000000.0,9930000000.0
2016-04-01,'601021,´ºÇïº½¿Õ,46.56,47.5,45.97,46.42,46.42,0.14,0.3016,0.9847,1969496,91597446.0,37248000000.0,9312000000.0
2016-03-31,'601021,´ºÇïº½¿Õ,46.42,47.15,46.3,47.15,46.84,-0.42,-0.8967,0.6858,1371563,63868373.0,37136000000.0,9284000000.0
2016-03-30,'601021,´ºÇïº½¿Õ,46.84,46.99,45.87,46.37,46.01,0.83,1.804,1.0421,2084137,96582250.0,37472000000.0,9368000000.0
2016-03-29,'601021,´ºÇïº½¿Õ,46.01,46.99,45.5,46.6,46.86,-0.85,-1.8139,0.646,1292042,59451051.0,36808000000.0,9202000000.0
2016-03-28,'601021,´ºÇïº½¿Õ,46.86,48.79,46.51,47.77,47.05,-0.19,-0.4038,1.3506,2701273,129009889.0,37488000000.0,9372000000.0
2016-03-25,'601021,´ºÇïº½¿Õ,47.05,47.09,46.01,46.01,46.59,0.46,0.9873,0.7433,1486675,69511987.0,37640000000.0,9410000000.0
2016-03-24,'601021,´ºÇïº½¿Õ,46.59,47.78,45.96,46.16,46.05,0.54,1.1726,1.5486,3097226,145601742.0,37272000000.0,9318000000.0
2016-03-23,'601021,´ºÇïº½¿Õ,46.05,46.8,44.8,46.69,46.63,-0.58,-1.2438,1.2089,2417791,110668918.0,36840000000.0,9210000000.0
2016-03-22,'601021,´ºÇïº½¿Õ,46.63,47.5,46.6,47.5,47.51,-0.88,-1.8522,1.4442,2888399,135258911.0,37304000000.0,9326000000.0
2016-03-21,'601021,´ºÇïº½¿Õ,47.51,48.45,47.02,47.02,46.83,0.68,1.4521,1.5268,3053649,145685571.0,38008000000.0,9502000000.0
2016-03-18,'601021,´ºÇïº½¿Õ,46.83,47.35,45.14,45.55,45.29,1.54,3.4003,1.3989,2797786,129938962.0,37464000000.0,9366000000.0
2016-03-17,'601021,´ºÇïº½¿Õ,45.29,45.75,44.4,45.13,45.1,0.19,0.4213,1.1626,2325145,105343853.0,36232000000.0,9058000000.0
2016-03-16,'601021,´ºÇïº½¿Õ,45.1,46.0,44.68,44.9,44.7,0.4,0.8949,1.2223,2444583,110702191.0,36080000000.0,9020000000.0
2016-03-15,'601021,´ºÇïº½¿Õ,44.7,44.82,43.91,44.82,44.38,0.32,0.721,0.8164,1632733,72531638.0,35760000000.0,8940000000.0
2016-03-14,'601021,´ºÇïº½¿Õ,44.38,44.67,42.66,42.66,42.39,1.99,4.6945,1.5045,3008918,132766451.0,35504000000.0,8876000000.0
2016-03-11,'601021,´ºÇïº½¿Õ,42.39,43.2,41.71,42.38,42.81,-0.42,-0.9811,0.8574,1714717,72864550.0,33912000000.0,8478000000.0
2016-03-10,'601021,´ºÇïº½¿Õ,42.81,43.98,42.33,43.63,44.13,-1.32,-2.9912,1.2379,2475753,106967051.0,34248000000.0,8562000000.0
2016-03-09,'601021,´ºÇïº½¿Õ,44.13,44.5,41.0,41.8,42.14,1.99,4.7224,2.0145,4029040,171664217.0,35304000000.0,8826000000.0
2016-03-08,'601021,´ºÇïº½¿Õ,42.14,43.33,40.08,43.33,43.53,-1.39,-3.1932,2.0804,4160854,171694660.0,33712000000.0,8428000000.0
2016-03-07,'601021,´ºÇïº½¿Õ,43.53,44.38,43.1,43.48,43.43,0.1,0.2303,1.0871,2174204,95331294.0,34824000000.0,8706000000.0
2016-03-04,'601021,´ºÇïº½¿Õ,43.43,45.09,42.65,45.09,45.3,-1.87,-4.128,1.5568,3113587,136436978.0,34744000000.0,8686000000.0
2016-03-03,'601021,´ºÇïº½¿Õ,45.3,46.0,44.81,45.83,45.79,-0.49,-1.0701,1.6882,3376395,153268940.0,36240000000.0,9060000000.0
2016-03-02,'601021,´ºÇïº½¿Õ,45.79,45.9,44.4,44.59,44.4,1.39,3.1306,1.7575,3515013,159511352.0,36632000000.0,9158000000.0
2016-03-01,'601021,´ºÇïº½¿Õ,44.4,44.49,43.01,43.8,44.04,0.36,0.8174,1.2957,2591431,114442504.0,35520000000.0,8880000000.0
2016-02-29,'601021,´ºÇïº½¿Õ,44.04,47.2,42.5,47.2,47.2,-3.16,-6.6949,2.3329,4665708,203993511.0,35232000000.0,8808000000.0
2016-02-26,'601021,´ºÇïº½¿Õ,47.2,48.22,46.0,47.75,47.24,-0.04,-0.0847,1.2833,2566508,121590671.0,37760000000.0,9440000000.0
2016-02-25,'601021,´ºÇïº½¿Õ,47.24,51.33,46.22,51.33,51.34,-4.1,-7.986,1.8886,3777240,182836291.0,37792000000.0,9448000000.0
2016-02-24,'601021,´ºÇïº½¿Õ,51.34,51.55,50.35,50.69,50.59,0.75,1.4825,1.0646,2129235,108715835.0,41072000000.0,10268000000.0
2016-02-23,'601021,´ºÇïº½¿Õ,50.59,52.0,49.65,52.0,52.0,-1.41,-2.7115,1.9463,3892582,197313124.0,40472000000.0,10118000000.0
2016-02-22,'601021,´ºÇïº½¿Õ,52.0,52.47,51.42,52.0,51.52,0.48,0.9317,1.7428,3485671,180439054.0,41600000000.0,10400000000.0
2016-02-19,'601021,´ºÇïº½¿Õ,51.52,52.5,51.0,52.0,52.42,-0.9,-1.7169,1.6174,3234864,166908320.0,41216000000.0,10304000000.0
2016-02-18,'601021,´ºÇïº½¿Õ,52.42,54.28,51.9,53.95,54.0,-1.58,-2.9259,1.9171,3834297,201714992.0,41936000000.0,10484000000.0
2016-02-17,'601021,´ºÇïº½¿Õ,54.0,54.99,53.77,54.6,54.5,-0.5,-0.9174,0.824,1648079,89441492.0,43200000000.0,10800000000.0
2016-02-16,'601021,´ºÇïº½¿Õ,54.5,55.26,53.85,54.53,54.27,0.23,0.4238,1.171,2341901,127896202.0,43600000000.0,10900000000.0
2016-02-15,'601021,´ºÇïº½¿Õ,54.27,54.49,50.31,51.4,52.17,2.1,4.0253,1.1617,2323384,124327986.0,43416000000.0,10854000000.0
2016-02-05,'601021,´ºÇïº½¿Õ,52.17,53.37,52.0,52.88,53.26,-1.09,-2.0466,0.8635,1726912,90777753.0,41736000000.0,10434000000.0
2016-02-04,'601021,´ºÇïº½¿Õ,53.26,53.55,51.0,51.0,50.99,2.27,4.4519,1.4991,2998107,158647643.0,42608000000.0,10652000000.0
2016-02-03,'601021,´ºÇïº½¿Õ,50.99,51.45,49.5,50.15,50.52,0.47,0.9303,0.7456,1491117,75965304.0,40792000000.0,10198000000.0
2016-02-02,'601021,´ºÇïº½¿Õ,50.52,51.3,48.74,48.97,48.67,1.85,3.8011,1.3953,2790575,141053622.0,40416000000.0,10104000000.0
2016-02-01,'601021,´ºÇïº½¿Õ,48.67,50.0,47.7,49.3,49.47,-0.8,-1.6171,1.0125,2024929,98343706.0,38936000000.0,9734000000.0
2016-01-29,'601021,´ºÇïº½¿Õ,49.47,50.0,46.6,46.9,46.9,2.57,5.4797,1.8381,3676120,179687061.0,39576000000.0,9894000000.0
2016-01-28,'601021,´ºÇïº½¿Õ,46.9,49.6,46.66,48.0,48.93,-2.03,-4.1488,1.0433,2086597,100998018.0,37520000000.0,9380000000.0
2016-01-27,'601021,´ºÇïº½¿Õ,48.93,50.98,46.66,50.98,51.01,-2.08,-4.0776,2.5846,5169272,249884774.0,39144000000.0,9786000000.0
2016-01-26,'601021,´ºÇïº½¿Õ,51.01,54.26,49.02,53.26,53.17,-2.16,-4.0624,1.887,3773983,199949213.0,40808000000.0,10202000000.0
2016-01-25,'601021,´ºÇïº½¿Õ,53.17,54.58,52.61,54.25,54.27,-1.1,-2.0269,1.5283,3056687,163492254.0,42536000000.0,10634000000.0
2016-01-22,'601021,´ºÇïº½¿Õ,54.27,56.14,53.0,55.25,54.97,-0.7,-1.2734,1.5542,3108475,168287844.0,43416000000.0,10854000000.0
2016-01-21,'601021,´ºÇïº½¿Õ,54.97,58.98,54.8,58.6,58.56,-3.59,-6.1305,1.6418,3283521,187730716.0,43976000000.0,10994000000.0
2016-01-20,'601021,´ºÇïº½¿Õ,58.56,60.2,56.22,57.0,57.22,1.34,2.3418,2.2244,4448860,260237623.0,46848000000.0,11712000000.0
2016-01-19,'601021,´ºÇïº½¿Õ,57.22,57.35,55.5,57.3,56.7,0.52,0.9171,1.4549,2909882,164623700.0,45776000000.0,11444000000.0
2016-01-18,'601021,´ºÇïº½¿Õ,56.7,57.5,54.75,55.0,55.71,0.99,1.7771,1.2112,2422478,136472472.0,45360000000.0,11340000000.0
2016-01-15,'601021,´ºÇïº½¿Õ,55.71,57.2,55.5,56.99,57.3,-1.59,-2.7749,1.1233,2246550,126089941.0,44568000000.0,11142000000.0
2016-01-14,'601021,´ºÇïº½¿Õ,57.3,57.74,53.82,54.5,56.1,1.2,2.139,1.2035,2407032,134306559.0,45840000000.0,11460000000.0
2016-01-13,'601021,´ºÇïº½¿Õ,56.1,60.1,55.0,59.4,57.9,-1.8,-3.1088,2.1844,4368874,254025038.0,44880000000.0,11220000000.0
2016-01-12,'601021,´ºÇïº½¿Õ,57.9,59.68,57.25,57.25,56.59,1.31,2.3149,1.8552,3710319,216532785.0,46320000000.0,11580000000.0
2016-01-11,'601021,´ºÇïº½¿Õ,56.59,59.9,55.32,56.3,56.87,-0.28,-0.4924,2.296,4591964,265979015.0,45272000000.0,11318000000.0
2016-01-08,'601021,´ºÇïº½¿Õ,56.87,58.0,53.64,55.25,53.64,3.23,6.0216,2.5653,5130670,286038127.0,45496000000.0,11374000000.0
2016-01-07,'601021,´ºÇïº½¿Õ,53.64,57.88,52.45,57.85,57.9,-4.26,-7.3575,0.4464,892852,49139960.0,42912000000.0,10728000000.0
2016-01-06,'601021,´ºÇïº½¿Õ,57.9,58.5,57.0,57.3,57.42,0.48,0.8359,1.261,2522068,145761134.0,46320000000.0,11580000000.0
2016-01-05,'601021,´ºÇïº½¿Õ,57.42,58.0,53.1,55.99,56.03,1.39,2.4808,2.5869,5173884,288698951.0,45936000000.0,11484000000.0
2016-01-04,'601021,´ºÇïº½¿Õ,56.03,61.0,55.17,60.99,61.0,-4.97,-8.1475,1.4046,2809126,166898124.0,44824000000.0,11206000000.0
2015-12-31,'601021,´ºÇïº½¿Õ,61.0,61.8,60.01,61.7,61.39,-0.39,-0.6353,1.8243,3648582,221880841.0,48800000000.0,12200000000.0
2015-12-30,'601021,´ºÇïº½¿Õ,61.39,63.0,60.99,62.81,62.67,-1.28,-2.0424,1.9772,3954437,243322845.0,49112000000.0,12278000000.0
2015-12-29,'601021,´ºÇïº½¿Õ,62.67,62.75,60.46,60.46,60.69,1.98,3.2625,3.092,6183944,384888959.0,50136000000.0,12534000000.0
2015-12-28,'601021,´ºÇïº½¿Õ,60.69,62.35,60.34,60.34,60.35,0.34,0.5634,2.073,4145949,254322553.0,48552000000.0,12138000000.0
2015-12-25,'601021,´ºÇïº½¿Õ,60.35,61.45,60.14,60.89,60.68,-0.33,-0.5438,1.146,2292078,139190903.0,48280000000.0,12070000000.0
2015-12-24,'601021,´ºÇïº½¿Õ,60.68,62.17,60.01,62.05,62.27,-1.59,-2.5534,1.2397,2479497,150572346.0,48544000000.0,12136000000.0
2015-12-23,'601021,´ºÇïº½¿Õ,62.27,63.8,62.1,62.85,62.61,-0.34,-0.543,1.8673,3734542,235523285.0,49816000000.0,12454000000.0
2015-12-22,'601021,´ºÇïº½¿Õ,62.61,63.3,61.81,62.84,62.87,-0.26,-0.4136,1.8327,3665471,228053354.0,50088000000.0,12522000000.0
2015-12-21,'601021,´ºÇïº½¿Õ,62.87,64.2,62.5,62.81,63.58,-0.71,-1.1167,1.592,3183905,201342078.0,50296000000.0,12574000000.0
2015-12-18,'601021,´ºÇïº½¿Õ,63.58,65.68,62.02,62.08,62.02,1.56,2.5153,2.881,5762067,369276766.0,50864000000.0,12716000000.0
2015-12-17,'601021,´ºÇïº½¿Õ,62.02,63.98,58.6,58.69,58.69,3.33,5.6739,3.0355,6071011,372501167.0,49616000000.0,12404000000.0
2015-12-16,'601021,´ºÇïº½¿Õ,58.69,59.0,57.05,58.02,58.2,0.49,0.8419,1.6264,3252761,189835351.0,46952000000.0,11738000000.0
2015-12-15,'601021,´ºÇïº½¿Õ,58.2,58.35,57.19,57.49,57.55,0.65,1.1295,1.2567,2513349,145052505.0,46560000000.0,11640000000.0
2015-12-14,'601021,´ºÇïº½¿Õ,57.55,58.4,56.0,56.28,56.3,1.25,2.2202,1.8814,3762845,215863787.0,46040000000.0,11510000000.0
2015-12-11,'601021,´ºÇïº½¿Õ,56.3,57.88,55.98,57.88,57.92,-1.62,-2.797,1.3424,2684737,151704763.0,45040000000.0,11260000000.0
2015-12-10,'601021,´ºÇïº½¿Õ,57.92,58.81,57.8,58.0,58.23,-0.31,-0.5324,1.3494,2698841,157164965.0,46336000000.0,11584000000.0
2015-12-09,'601021,´ºÇïº½¿Õ,58.23,59.35,57.98,59.09,59.09,-0.86,-1.4554,1.9426,3885209,228392089.0,46584000000.0,11646000000.0
2015-12-08,'601021,´ºÇïº½¿Õ,59.09,60.75,58.58,59.3,58.25,0.84,1.4421,3.1772,6354477,379551743.0,47272000000.0,11818000000.0
2015-12-07,'601021,´ºÇïº½¿Õ,58.25,59.45,57.57,58.8,58.83,-0.58,-0.9859,1.7647,3529476,206197853.0,46600000000.0,11650000000.0
2015-12-04,'601021,´ºÇïº½¿Õ,58.83,61.58,58.4,60.39,60.28,-1.45,-2.4054,2.1201,4240226,252657985.0,47064000000.0,11766000000.0
2015-12-03,'601021,´ºÇïº½¿Õ,60.28,60.9,59.0,59.43,57.49,2.79,4.853,1.8755,3750986,224502421.0,48224000000.0,12056000000.0
2015-12-02,'601021,´ºÇïº½¿Õ,57.49,57.9,54.58,56.05,56.04,1.45,2.5874,1.3699,2739713,153621230.0,45992000000.0,11498000000.0
2015-12-01,'601021,´ºÇïº½¿Õ,56.04,56.8,54.9,55.9,56.79,-0.75,-1.3207,1.4928,2985618,166740484.0,44832000000.0,11208000000.0
2015-11-30,'601021,´ºÇïº½¿Õ,56.79,59.96,54.0,59.03,59.28,-2.49,-4.2004,2.6922,5384387,304789112.0,45432000000.0,11358000000.0
2015-11-27,'601021,´ºÇïº½¿Õ,59.28,62.49,58.78,61.77,62.02,-2.74,-4.4179,2.0405,4080919,248314036.0,47424000000.0,11856000000.0
2015-11-26,'601021,´ºÇïº½¿Õ,62.02,63.17,61.9,62.41,62.35,-0.33,-0.5293,1.8913,3782610,235125921.0,49616000000.0,12404000000.0
2015-11-25,'601021,´ºÇïº½¿Õ,62.35,63.9,62.08,62.44,62.81,-0.46,-0.7324,2.5433,5086529,319384649.0,49880000000.0,12470000000.0
2015-11-24,'601021,´ºÇïº½¿Õ,62.81,62.96,61.65,61.65,62.16,0.65,1.0457,1.852,3703901,230325126.0,50248000000.0,12562000000.0
2015-11-23,'601021,´ºÇïº½¿Õ,62.16,63.28,61.56,61.78,62.25,-0.09,-0.1446,2.4248,4849623,301728604.0,49728000000.0,12432000000.0
2015-11-20,'601021,´ºÇïº½¿Õ,62.25,63.7,60.83,62.0,61.33,0.92,1.5001,3.0691,6138143,380390855.0,49800000000.0,12450000000.0
2015-11-19,'601021,´ºÇïº½¿Õ,61.33,61.6,60.6,60.91,60.91,0.42,0.6895,1.899,3798069,231582833.0,49064000000.0,12266000000.0
2015-11-18,'601021,´ºÇïº½¿Õ,60.91,61.99,60.62,61.99,62.19,-1.28,-2.0582,1.5469,3093787,189681460.0,48728000000.0,12182000000.0
2015-11-17,'601021,´ºÇïº½¿Õ,62.19,65.18,62.0,62.75,62.74,-0.55,-0.8766,2.2394,4478825,283673541.0,49752000000.0,12438000000.0
2015-11-16,'601021,´ºÇïº½¿Õ,62.74,62.78,60.01,60.7,62.8,-0.06,-0.0955,1.5421,3084208,190744669.0,50192000000.0,12548000000.0
2015-11-13,'601021,´ºÇïº½¿Õ,62.8,65.85,62.2,64.85,65.87,-3.07,-4.6607,3.6227,7245338,460618421.0,50240000000.0,12560000000.0
2015-11-12,'601021,´ºÇïº½¿Õ,65.87,67.25,62.51,62.61,62.52,3.35,5.3583,4.7578,9515657,620909707.0,52696000000.0,13174000000.0
2015-11-11,'601021,´ºÇïº½¿Õ,62.52,62.91,61.5,62.91,62.9,-0.38,-0.6041,2.4115,4822965,299259470.0,50016000000.0,12504000000.0
2015-11-10,'601021,´ºÇïº½¿Õ,62.9,63.76,62.1,63.44,63.4,-0.5,-0.7886,2.8861,5772182,362662894.0,50320000000.0,12580000000.0
2015-11-09,'601021,´ºÇïº½¿Õ,63.4,64.86,61.9,63.48,64.38,-0.98,-1.5222,3.0228,6045608,382944317.0,50720000000.0,12680000000.0
2015-11-06,'601021,´ºÇïº½¿Õ,64.38,66.0,62.5,63.3,64.5,-0.12,-0.186,2.7095,5419060,347157612.0,51504000000.0,12876000000.0
2015-11-05,'601021,´ºÇïº½¿Õ,64.5,67.79,61.97,63.0,63.39,1.11,1.7511,3.972,7943946,511686895.0,51600000000.0,12900000000.0
2015-11-04,'601021,´ºÇïº½¿Õ,63.39,63.5,61.57,62.55,62.42,0.97,1.554,4.2388,8477505,529439676.0,50712000000.0,12678000000.0
2015-11-03,'601021,´ºÇïº½¿Õ,62.42,63.54,61.51,62.18,62.29,0.13,0.2087,1.1472,2294401,143646506.0,49936000000.0,12484000000.0
2015-11-02,'601021,´ºÇïº½¿Õ,62.29,63.5,60.01,60.6,61.75,0.54,0.8745,2.164,4328040,266829157.0,49832000000.0,12458000000.0
2015-10-30,'601021,´ºÇïº½¿Õ,61.75,62.18,60.1,61.14,61.6,0.15,0.2435,1.6283,3256545,200246529.0,49400000000.0,12350000000.0
2015-10-29,'601021,´ºÇïº½¿Õ,61.6,61.86,59.9,60.89,60.89,0.71,1.166,1.8102,3620490,219696047.0,49280000000.0,12320000000.0
2015-10-28,'601021,´ºÇïº½¿Õ,60.89,63.3,60.63,62.15,61.79,-0.9,-1.4565,1.4713,2942511,182502121.0,48712000000.0,12178000000.0
2015-10-27,'601021,´ºÇïº½¿Õ,61.79,63.55,59.66,63.55,63.9,-2.11,-3.302,1.469,2938025,180265263.0,49432000000.0,12358000000.0
2015-10-26,'601021,´ºÇïº½¿Õ,63.9,65.94,62.55,65.28,65.19,-1.29,-1.9788,1.43,2859911,181983837.0,51120000000.0,12780000000.0
2015-10-23,'601021,´ºÇïº½¿Õ,65.19,66.0,61.95,64.0,64.2,0.99,1.5421,1.9291,3858245,246381234.0,52152000000.0,13038000000.0
2015-10-22,'601021,´ºÇïº½¿Õ,64.2,65.0,59.0,59.0,60.62,3.58,5.9056,2.5016,5003258,310312683.0,51360000000.0,12840000000.0
2015-10-21,'601021,XR´ºÇïº½,60.62,69.98,58.76,66.97,65.29,-4.67,-7.1527,1.9739,3947778,257886595.0,48496000000.0,12124000000.0
2015-10-20,'601021,´ºÇïº½¿Õ,130.58,131.1,124.1,125.99,127.21,3.37,2.6492,1.8135,1813458,231435737.0,52232000000.0,13058000000.0
2015-10-19,'601021,´ºÇïº½¿Õ,127.21,132.87,123.0,132.01,130.86,-3.65,-2.7892,3.2431,3243074,410032084.0,50884000000.0,12721000000.0
2015-10-16,'601021,´ºÇïº½¿Õ,130.86,134.22,126.1,127.88,125.37,5.49,4.379,3.5741,3574125,468474893.0,52344000000.0,13086000000.0
2015-10-15,'601021,´ºÇïº½¿Õ,125.37,125.37,116.33,116.33,113.97,11.4,10.0026,3.3077,3307725,402497826.0,50148000000.0,12537000000.0
2015-10-14,'601021,´ºÇïº½¿Õ,113.97,115.3,113.5,115.3,115.76,-1.79,-1.5463,1.4349,1434876,164017568.0,45588000000.0,11397000000.0
2015-10-13,'601021,´ºÇïº½¿Õ,115.76,116.2,110.98,111.4,110.98,4.78,4.3071,2.5181,2518121,288872349.0,46304000000.0,11576000000.0
2015-10-12,'601021,´ºÇïº½¿Õ,110.98,116.7,109.01,110.0,110.98,0.0,0.0,3.659,3659046,410810295.0,44392000000.0,11098000000.0
2015-10-09,'601021,´ºÇïº½¿Õ,110.98,111.58,107.8,110.6,110.73,0.25,0.2258,1.8498,1849849,202553807.0,44392000000.0,11098000000.0
2015-10-08,'601021,´ºÇïº½¿Õ,110.73,116.02,110.48,114.05,112.2,-1.47,-1.3102,2.0993,2099260,237160478.0,44292000000.0,11073000000.0
2015-09-30,'601021,´ºÇïº½¿Õ,112.2,113.46,108.58,111.57,110.51,1.69,1.5293,0.6064,606433,67545106.0,44880000000.0,11220000000.0
2015-09-29,'601021,´ºÇïº½¿Õ,110.51,111.5,108.01,108.89,110.48,0.03,0.0272,0.6585,658512,72172094.0,44204000000.0,11051000000.0
2015-09-28,'601021,´ºÇïº½¿Õ,110.48,112.0,105.99,107.33,108.53,1.95,1.7967,0.9009,900939,98272951.0,44192000000.0,11048000000.0
2015-09-25,'601021,´ºÇïº½¿Õ,108.53,113.17,108.5,111.18,112.73,-4.2,-3.7257,0.4675,467450,51553691.0,43412000000.0,10853000000.0
2015-09-24,'601021,´ºÇïº½¿Õ,112.73,116.9,111.35,112.1,112.4,0.33,0.2936,0.8802,880180,100180260.0,45092000000.0,11273000000.0
2015-09-23,'601021,´ºÇïº½¿Õ,112.4,114.99,111.03,114.99,115.97,-3.57,-3.0784,0.7488,748821,84530894.0,44960000000.0,11240000000.0
2015-09-22,'601021,´ºÇïº½¿Õ,115.97,118.6,114.6,117.01,116.88,-0.91,-0.7786,0.7297,729699,85070480.0,46388000000.0,11597000000.0
2015-09-21,'601021,´ºÇïº½¿Õ,116.88,119.4,110.01,111.25,111.25,5.63,5.0607,1.2073,1207286,139884136.0,46752000000.0,11688000000.0
2015-09-18,'601021,´ºÇïº½¿Õ,111.25,112.83,106.8,110.51,111.26,-0.01,-0.009,0.924,924005,101735922.0,44500000000.0,11125000000.0
2015-09-17,'601021,´ºÇïº½¿Õ,111.26,114.48,108.9,112.0,113.11,-1.85,-1.6356,1.2563,1256344,140078821.0,44504000000.0,11126000000.0
2015-09-16,'601021,´ºÇïº½¿Õ,113.11,115.11,104.1,106.0,105.98,7.13,6.7277,1.2394,1239363,134805824.0,45244000000.0,11311000000.0
2015-09-15,'601021,´ºÇïº½¿Õ,105.98,107.99,102.0,102.0,104.91,1.07,1.0199,1.2557,1255688,132763674.0,42392000000.0,10598000000.0
2015-09-14,'601021,´ºÇïº½¿Õ,104.91,112.28,102.94,112.28,107.97,-3.06,-2.8341,1.6573,1657272,178789550.0,41964000000.0,10491000000.0
2015-09-11,'601021,´ºÇïº½¿Õ,107.97,108.71,106.0,107.01,108.27,-0.3,-0.2771,0.6558,655833,70468146.0,43188000000.0,10797000000.0
2015-09-10,'601021,´ºÇïº½¿Õ,108.27,110.89,106.51,109.0,110.27,-2.0,-1.8137,0.9376,937553,101667746.0,43308000000.0,10827000000.0
2015-09-09,'601021,´ºÇïº½¿Õ,110.27,112.2,102.0,102.0,102.0,8.27,8.1078,2.2508,2250758,247561971.0,44108000000.0,11027000000.0
2015-09-08,'601021,´ºÇïº½¿Õ,102.0,102.12,93.57,93.84,93.84,8.16,8.6957,1.7594,1759437,174754034.0,40800000000.0,10200000000.0
2015-09-07,'601021,´ºÇïº½¿Õ,93.84,97.49,92.0,92.0,92.0,1.84,2.0,1.3009,1300926,123505737.0,37536000000.0,9384000000.0
2015-09-02,'601021,´ºÇïº½¿Õ,92.0,97.85,90.15,90.28,94.07,-2.07,-2.2005,1.2129,1212942,114600683.0,36800000000.0,9200000000.0
2015-09-01,'601021,´ºÇïº½¿Õ,94.07,98.0,91.0,98.0,98.12,-4.05,-4.1276,1.6644,1664444,157176341.0,37628000000.0,9407000000.0
2015-08-31,'601021,´ºÇïº½¿Õ,98.12,102.44,98.02,102.44,103.42,-5.3,-5.1247,1.2326,1232627,122927100.0,39248000000.0,9812000000.0
2015-08-28,'601021,´ºÇïº½¿Õ,103.42,104.12,99.0,103.0,100.94,2.48,2.4569,2.1789,2178905,221504199.0,41368000000.0,10342000000.0
2015-08-27,'601021,´ºÇïº½¿Õ,100.94,101.3,95.63,95.63,95.37,5.57,5.8404,1.7498,1749808,174042267.0,40376000000.0,10094000000.0
2015-08-26,'601021,´ºÇïº½¿Õ,95.37,99.0,91.02,94.94,92.37,3.0,3.2478,2.1115,2111517,201224925.0,38148000000.0,9537000000.0
2015-08-25,'601021,´ºÇïº½¿Õ,92.37,99.0,88.0,88.78,93.57,-1.2,-1.2825,5.4866,5486614,520917138.0,36948000000.0,9237000000.0
2015-08-24,'601021,´ºÇïº½¿Õ,93.57,102.0,93.39,102.0,103.77,-10.2,-9.8294,3.7083,3708313,356445429.0,37428000000.0,9357000000.0
2015-08-21,'601021,´ºÇïº½¿Õ,103.77,106.9,100.12,102.0,104.8,-1.03,-0.9828,2.8704,2870350,294739955.0,41508000000.0,10377000000.0
2015-08-20,'601021,´ºÇïº½¿Õ,104.8,111.8,104.0,111.8,112.9,-8.1,-7.1745,2.3256,2325596,251305394.0,41920000000.0,10480000000.0
2015-08-19,'601021,´ºÇïº½¿Õ,112.9,113.76,108.38,110.0,113.27,-0.37,-0.3267,3.0294,3029370,336357230.0,45160000000.0,11290000000.0
2015-08-18,'601021,´ºÇïº½¿Õ,113.27,123.8,111.8,123.8,123.75,-10.48,-8.4687,2.1957,2195694,258215505.0,45308000000.0,11327000000.0
2015-08-17,'601021,´ºÇïº½¿Õ,123.75,124.58,117.2,121.05,121.4,2.35,1.9357,1.7443,1744264,211149900.0,49500000000.0,12375000000.0
2015-08-14,'601021,´ºÇïº½¿Õ,121.4,124.0,118.0,121.4,123.0,-1.6,-1.3008,2.4487,2448742,296008605.0,48560000000.0,12140000000.0
2015-08-13,'601021,´ºÇïº½¿Õ,123.0,123.08,110.0,111.51,114.25,8.75,7.6586,4.7297,4729714,551415179.0,49200000000.0,12300000000.0
2015-08-12,'601021,´ºÇïº½¿Õ,114.25,114.9,103.0,104.88,109.89,4.36,3.9676,7.2813,7281265,777262235.0,45700000000.0,11425000000.0
2015-08-11,'601021,´ºÇïº½¿Õ,109.89,117.93,109.65,114.43,116.47,-6.58,-5.6495,5.7334,5733359,648130870.0,43956000000.0,10989000000.0
2015-08-10,'601021,´ºÇïº½¿Õ,116.47,116.99,111.0,112.0,109.87,6.6,6.0071,3.5736,3573636,407942814.0,46588000000.0,11647000000.0
2015-08-07,'601021,´ºÇïº½¿Õ,109.87,111.0,104.51,106.1,104.85,5.02,4.7878,1.6847,1684743,183280059.0,43948000000.0,10987000000.0
2015-08-06,'601021,´ºÇïº½¿Õ,104.85,108.0,104.0,106.0,107.43,-2.58,-2.4016,1.7809,1780887,189354729.0,41940000000.0,10485000000.0
2015-08-05,'601021,´ºÇïº½¿Õ,107.43,115.29,104.1,113.35,114.25,-6.82,-5.9694,2.1479,2147920,236545419.0,42972000000.0,10743000000.0
2015-08-04,'601021,´ºÇïº½¿Õ,114.25,114.53,107.0,107.88,106.97,7.28,6.8056,3.427,3427029,379758994.0,45700000000.0,11425000000.0
2015-08-03,'601021,´ºÇïº½¿Õ,106.97,106.99,96.02,100.0,103.07,3.9,3.7838,7.4899,7489931,756414428.0,42788000000.0,10697000000.0
2015-07-31,'601021,´ºÇïº½¿Õ,103.07,103.66,99.47,99.47,101.5,1.57,1.5468,4.7868,4786816,488691210.0,41228000000.0,10307000000.0
2015-07-30,'601021,´ºÇïº½¿Õ,101.5,109.04,100.0,107.0,110.12,-8.62,-7.8278,3.289,3288988,347814310.0,40600000000.0,10150000000.0
2015-07-29,'601021,´ºÇïº½¿Õ,110.12,115.0,103.6,111.02,110.55,-0.43,-0.389,4.0692,4069158,437122374.0,44048000000.0,11012000000.0
2015-07-28,'601021,´ºÇïº½¿Õ,110.55,112.33,98.73,100.32,109.7,0.85,0.7748,6.5889,6588939,690382520.0,44220000000.0,11055000000.0
2015-07-27,'601021,´ºÇïº½¿Õ,109.7,121.99,109.7,119.12,121.89,-12.19,-10.0008,5.3125,5312460,615211769.0,43880000000.0,10970000000.0
2015-07-24,'601021,´ºÇïº½¿Õ,121.89,127.67,121.06,125.55,125.73,-3.84,-3.0542,3.7343,3734296,465841696.0,48756000000.0,12189000000.0
2015-07-23,'601021,´ºÇïº½¿Õ,125.73,130.0,120.0,120.0,121.13,4.6,3.7976,6.1823,6182331,775705012.0,50292000000.0,12573000000.0
2015-07-22,'601021,´ºÇïº½¿Õ,121.13,133.39,117.5,123.0,130.14,-9.01,-6.9233,10.3832,10383181,1295708199.0,48452000000.0,12113000000.0
2015-07-21,'601021,´ºÇïº½¿Õ,130.14,136.0,113.48,113.48,126.09,4.05,3.212,9.2356,9235558,1082486657.0,52056000000.0,13014000000.0
2015-07-20,'601021,´ºÇïº½¿Õ,0.0,0.0,0.0,0.0,126.09,None,None,0.0,0,0.0,50436000000.0,12609000000.0
2015-07-17,'601021,´ºÇïº½¿Õ,0.0,0.0,0.0,0.0,126.09,None,None,0.0,0,0.0,50436000000.0,12609000000.0
2015-07-16,'601021,´ºÇïº½¿Õ,0.0,0.0,0.0,0.0,126.09,None,None,0.0,0,0.0,50436000000.0,12609000000.0
2015-07-15,'601021,´ºÇïº½¿Õ,0.0,0.0,0.0,0.0,126.09,None,None,0.0,0,0.0,50436000000.0,12609000000.0
2015-07-14,'601021,´ºÇïº½¿Õ,0.0,0.0,0.0,0.0,126.09,None,None,0.0,0,0.0,50436000000.0,12609000000.0
2015-07-13,'601021,´ºÇïº½¿Õ,0.0,0.0,0.0,0.0,126.09,None,None,0.0,0,0.0,50436000000.0,12609000000.0
2015-07-10,'601021,´ºÇïº½¿Õ,0.0,0.0,0.0,0.0,126.09,None,None,0.0,0,0.0,50436000000.0,12609000000.0
2015-07-09,'601021,´ºÇïº½¿Õ,0.0,0.0,0.0,0.0,126.09,None,None,0.0,0,0.0,50436000000.0,12609000000.0
2015-07-08,'601021,´ºÇïº½¿Õ,0.0,0.0,0.0,0.0,126.09,None,None,0.0,0,0.0,50436000000.0,12609000000.0
2015-07-07,'601021,´ºÇïº½¿Õ,0.0,0.0,0.0,0.0,126.09,None,None,0.0,0,0.0,50436000000.0,12609000000.0
2015-07-06,'601021,´ºÇïº½¿Õ,0.0,0.0,0.0,0.0,126.09,None,None,0.0,0,0.0,50436000000.0,12609000000.0
2015-07-03,'601021,´ºÇïº½¿Õ,0.0,0.0,0.0,0.0,126.09,None,None,0.0,0,0.0,50436000000.0,12609000000.0
2015-07-02,'601021,´ºÇïº½¿Õ,0.0,0.0,0.0,0.0,126.09,None,None,0.0,0,0.0,50436000000.0,12609000000.0
2015-07-01,'601021,´ºÇïº½¿Õ,0.0,0.0,0.0,0.0,126.09,None,None,0.0,0,0.0,50436000000.0,12609000000.0
2015-06-30,'601021,´ºÇïº½¿Õ,0.0,0.0,0.0,0.0,126.09,None,None,0.0,0,0.0,50436000000.0,12609000000.0
2015-06-29,'601021,´ºÇïº½¿Õ,0.0,0.0,0.0,0.0,126.09,None,None,0.0,0,0.0,50436000000.0,12609000000.0
2015-06-26,'601021,´ºÇïº½¿Õ,0.0,0.0,0.0,0.0,126.09,None,None,0.0,0,0.0,50436000000.0,12609000000.0
2015-06-25,'601021,´ºÇïº½¿Õ,126.09,138.0,124.48,132.5,132.37,-6.28,-4.7443,2.432,2431953,317172643.0,50436000000.0,12609000000.0
2015-06-24,'601021,´ºÇïº½¿Õ,132.37,138.98,125.81,127.0,127.08,5.29,4.1627,4.1922,4192189,557855222.0,52948000000.0,13237000000.0
2015-06-23,'601021,´ºÇïº½¿Õ,127.08,128.1,118.5,119.0,119.13,7.95,6.6734,3.4518,3451813,423427119.0,50832000000.0,12708000000.0
2015-06-19,'601021,´ºÇïº½¿Õ,119.13,126.5,117.55,120.0,125.05,-5.92,-4.7341,2.6191,2619139,316251628.0,47652000000.0,11913000000.0
2015-06-18,'601021,´ºÇïº½¿Õ,125.05,134.59,124.0,127.51,127.47,-2.42,-1.8985,3.2922,3292174,431722065.0,50020000000.0,12505000000.0
2015-06-17,'601021,´ºÇïº½¿Õ,127.47,131.22,123.16,127.2,128.64,-1.17,-0.9095,3.0849,3084905,390859508.0,50988000000.0,12747000000.0
2015-06-16,'601021,´ºÇïº½¿Õ,128.64,130.95,117.03,126.05,129.73,-1.09,-0.8402,4.2874,4287375,526868584.0,51456000000.0,12864000000.0
2015-06-15,'601021,´ºÇïº½¿Õ,129.73,137.86,128.9,134.8,134.68,-4.95,-3.6754,2.3216,2321605,310199697.0,51892000000.0,12973000000.0
2015-06-12,'601021,XD´ºÇïº½,134.68,137.99,132.88,135.1,137.16,-2.48,-1.8081,2.2173,2217303,299759582.0,53872000000.0,13468000000.0
2015-06-11,'601021,´ºÇïº½¿Õ,137.4,143.65,135.75,139.96,140.96,-3.56,-2.5255,3.0827,3082705,428833867.0,54960000000.0,13740000000.0
2015-06-10,'601021,´ºÇïº½¿Õ,140.96,146.0,131.65,134.3,135.98,4.98,3.6623,4.4042,4404166,611172887.0,56384000000.0,14096000000.0
2015-06-09,'601021,´ºÇïº½¿Õ,135.98,143.0,133.13,139.39,139.43,-3.45,-2.4744,5.8914,5891410,811123102.0,54392000000.0,13598000000.0
2015-06-08,'601021,´ºÇïº½¿Õ,139.43,139.43,124.33,127.05,126.75,12.68,10.0039,7.088,7088013,950947187.0,55772000000.0,13943000000.0
2015-06-05,'601021,´ºÇïº½¿Õ,126.75,127.5,120.12,124.6,124.51,2.24,1.7991,5.0643,5064311,633697297.0,50700000000.0,12675000000.0
2015-06-04,'601021,´ºÇïº½¿Õ,124.51,129.18,119.5,125.92,125.91,-1.4,-1.1119,3.2444,3244363,403185139.0,49804000000.0,12451000000.0
2015-06-03,'601021,´ºÇïº½¿Õ,125.91,130.38,121.0,130.06,128.93,-3.02,-2.3424,4.4389,4438868,555768961.0,50364000000.0,12591000000.0
2015-06-02,'601021,´ºÇïº½¿Õ,128.93,129.88,123.2,126.7,128.01,0.92,0.7187,4.6911,4691103,594982927.0,51572000000.0,12893000000.0
2015-06-01,'601021,´ºÇïº½¿Õ,128.01,131.49,120.06,129.5,130.25,-2.24,-1.7198,6.3319,6331948,794908548.0,51204000000.0,12801000000.0
2015-05-29,'601021,´ºÇïº½¿Õ,130.25,136.0,121.44,134.93,134.93,-4.68,-3.4685,4.849,4849035,629400582.0,52100000000.0,13025000000.0
2015-05-28,'601021,´ºÇïº½¿Õ,134.93,145.0,134.05,141.47,141.22,-6.29,-4.454,5.2445,5244536,732735593.0,53972000000.0,13493000000.0
2015-05-27,'601021,´ºÇïº½¿Õ,141.22,147.38,138.0,140.31,140.36,0.86,0.6127,4.6195,4619521,661455192.0,56488000000.0,14122000000.0
2015-05-26,'601021,´ºÇïº½¿Õ,140.36,141.0,129.0,132.0,132.26,8.1,6.1243,4.9954,4995371,680359716.0,56144000000.0,14036000000.0
2015-05-25,'601021,´ºÇïº½¿Õ,132.26,135.2,126.5,129.86,130.01,2.25,1.7306,3.2575,3257508,432326776.0,52904000000.0,13226000000.0
2015-05-22,'601021,´ºÇïº½¿Õ,130.01,135.8,126.0,135.58,133.76,-3.75,-2.8035,5.2255,5225546,681520442.0,52004000000.0,13001000000.0
2015-05-21,'601021,´ºÇïº½¿Õ,133.76,135.0,129.3,133.09,133.16,0.6,0.4506,2.8494,2849440,376034862.0,53504000000.0,13376000000.0
2015-05-20,'601021,´ºÇïº½¿Õ,133.16,144.6,132.28,140.2,139.88,-6.72,-4.8041,4.5851,4585066,631996882.0,53264000000.0,13316000000.0
2015-05-19,'601021,´ºÇïº½¿Õ,139.88,152.0,132.1,141.0,140.92,-1.04,-0.738,4.3918,4391838,627119108.0,55952000000.0,13988000000.0
2015-05-18,'601021,´ºÇïº½¿Õ,140.92,142.24,130.7,131.02,129.31,11.61,8.9784,4.3306,4330550,599737937.0,56368000000.0,14092000000.0
2015-05-15,'601021,´ºÇïº½¿Õ,129.31,133.07,120.01,126.69,129.34,-0.03,-0.0232,4.7272,4727235,598305700.0,51724000000.0,12931000000.0
2015-05-14,'601021,´ºÇïº½¿Õ,129.34,134.2,122.65,122.65,122.24,7.1,5.8082,3.4412,3441243,446043749.0,51736000000.0,12934000000.0
2015-05-13,'601021,´ºÇïº½¿Õ,122.24,126.0,111.0,114.5,115.86,6.38,5.5066,3.8682,3868154,468968874.0,48896000000.0,12224000000.0
2015-05-12,'601021,´ºÇïº½¿Õ,115.86,118.49,106.6,108.4,108.38,7.48,6.9016,4.5361,4536102,512382475.0,46344000000.0,11586000000.0
2015-05-11,'601021,´ºÇïº½¿Õ,108.38,109.68,104.44,105.99,104.44,3.94,3.7725,2.3075,2307538,249358485.0,43352000000.0,10838000000.0
2015-05-08,'601021,´ºÇïº½¿Õ,104.44,106.88,102.9,102.99,101.16,3.28,3.2424,2.2945,2294450,239854711.0,41776000000.0,10444000000.0
2015-05-07,'601021,´ºÇïº½¿Õ,101.16,108.2,100.09,106.81,107.82,-6.66,-6.177,1.8761,1876132,196144669.0,40464000000.0,10116000000.0
2015-05-06,'601021,´ºÇïº½¿Õ,107.82,111.8,104.0,106.55,106.27,1.55,1.4585,1.9411,1941102,208960117.0,43128000000.0,10782000000.0
2015-05-05,'601021,´ºÇïº½¿Õ,106.27,114.8,105.0,114.01,114.63,-8.36,-7.293,2.1983,2198254,239465577.0,42508000000.0,10627000000.0
2015-05-04,'601021,´ºÇïº½¿Õ,114.63,117.27,108.75,111.0,112.87,1.76,1.5593,1.7634,1763391,201304728.0,45852000000.0,11463000000.0
2015-04-30,'601021,´ºÇïº½¿Õ,112.87,118.8,110.48,110.59,111.85,1.02,0.9119,2.209,2209002,256315552.0,45148000000.0,11287000000.0
2015-04-29,'601021,´ºÇïº½¿Õ,111.85,114.44,106.0,106.49,108.5,3.35,3.0876,1.884,1883996,207648355.0,44740000000.0,11185000000.0
2015-04-28,'601021,´ºÇïº½¿Õ,108.5,116.0,106.3,112.06,113.16,-4.66,-4.1181,2.8634,2863350,317782483.0,43400000000.0,10850000000.0
2015-04-27,'601021,´ºÇïº½¿Õ,113.16,118.94,106.05,107.0,108.13,5.03,4.6518,3.8291,3829091,436801037.0,45264000000.0,11316000000.0
2015-04-24,'601021,´ºÇïº½¿Õ,108.13,110.8,99.8,102.08,104.0,4.13,3.9712,3.7503,3750273,389137153.0,43252000000.0,10813000000.0
2015-04-23,'601021,´ºÇïº½¿Õ,104.0,106.5,100.51,104.25,103.84,0.16,0.1541,3.7956,3795611,392589610.0,41600000000.0,10400000000.0
2015-04-22,'601021,´ºÇïº½¿Õ,103.84,107.0,101.0,104.35,103.75,0.09,0.0867,4.1976,4197557,434297600.0,41536000000.0,10384000000.0
2015-04-21,'601021,´ºÇïº½¿Õ,103.75,104.36,98.0,98.33,98.48,5.27,5.3513,5.712,5711967,580428525.0,41500000000.0,10375000000.0
2015-04-20,'601021,´ºÇïº½¿Õ,98.48,105.0,94.22,96.33,98.59,-0.11,-0.1116,5.3811,5381126,541726675.0,39392000000.0,9848000000.0
2015-04-17,'601021,´ºÇïº½¿Õ,98.59,98.59,86.6,91.0,89.63,8.96,9.9967,6.9981,6998133,637562043.0,39436000000.0,9859000000.0
2015-04-16,'601021,´ºÇïº½¿Õ,89.63,91.92,84.86,89.5,91.13,-1.5,-1.646,6.3584,6358447,559451614.0,35852000000.0,8963000000.0
2015-04-15,'601021,´ºÇïº½¿Õ,91.13,94.0,88.3,94.0,95.42,-4.29,-4.4959,4.6407,4640665,420425739.0,36452000000.0,9113000000.0
2015-04-14,'601021,´ºÇïº½¿Õ,95.42,102.0,93.26,97.83,98.98,-3.56,-3.5967,4.5287,4528713,439443112.0,38168000000.0,9542000000.0
2015-04-13,'601021,´ºÇïº½¿Õ,98.98,100.93,95.13,97.6,97.59,1.39,1.4243,2.5876,2587647,254673407.0,39592000000.0,9898000000.0
2015-04-10,'601021,´ºÇïº½¿Õ,97.59,103.0,93.0,98.4,99.61,-2.02,-2.0279,6.0902,6090155,592160151.0,39036000000.0,9759000000.0
2015-04-09,'601021,´ºÇïº½¿Õ,99.61,99.61,87.87,89.19,90.55,9.06,10.0055,7.2952,7295240,690841279.0,39844000000.0,9961000000.0
2015-04-08,'601021,´ºÇïº½¿Õ,90.55,91.56,86.01,88.6,87.75,2.8,3.1909,6.869,6869013,618626485.0,36220000000.0,9055000000.0
2015-04-07,'601021,´ºÇïº½¿Õ,87.75,89.55,83.37,85.15,85.32,2.43,2.8481,9.0596,9059572,780092139.0,35100000000.0,8775000000.0
2015-04-03,'601021,´ºÇïº½¿Õ,85.32,87.46,83.92,86.26,86.62,-1.3,-1.5008,5.0113,5011272,427002632.0,34128000000.0,8532000000.0
2015-04-02,'601021,´ºÇïº½¿Õ,86.62,88.08,86.0,88.03,88.77,-2.15,-2.422,3.8441,3844065,333248309.0,34648000000.0,8662000000.0
2015-04-01,'601021,´ºÇïº½¿Õ,88.77,90.9,87.0,87.98,87.03,1.74,1.9993,2.8936,2893567,257647712.0,35508000000.0,8877000000.0
2015-03-31,'601021,´ºÇïº½¿Õ,87.03,88.5,86.23,87.0,87.51,-0.48,-0.5485,1.8773,1877305,164361155.0,34812000000.0,8703000000.0
2015-03-30,'601021,´ºÇïº½¿Õ,87.51,88.5,85.6,86.04,86.18,1.33,1.5433,3.6893,3689338,321446770.0,35004000000.0,8751000000.0
2015-03-27,'601021,´ºÇïº½¿Õ,86.18,89.2,85.8,88.05,87.83,-1.65,-1.8786,2.6125,2612500,227983088.0,34472000000.0,8618000000.0
2015-03-26,'601021,´ºÇïº½¿Õ,87.83,91.0,86.66,88.3,89.36,-1.53,-1.7122,3.2375,3237509,285684364.0,35132000000.0,8783000000.0
2015-03-25,'601021,´ºÇïº½¿Õ,89.36,90.19,88.0,90.0,92.28,-2.92,-3.1643,5.1312,5131203,456548342.0,35744000000.0,8936000000.0
2015-03-24,'601021,´ºÇïº½¿Õ,92.28,93.68,89.38,91.31,95.92,-3.64,-3.7948,6.7411,6741053,613876445.0,36912000000.0,9228000000.0
2015-03-23,'601021,´ºÇïº½¿Õ,95.92,95.92,86.0,87.2,87.2,8.72,10.0,5.5908,5590771,514329925.0,38368000000.0,9592000000.0
2015-03-20,'601021,´ºÇïº½¿Õ,87.2,87.26,84.18,86.0,86.37,0.83,0.961,3.0163,3016281,258444956.0,34880000000.0,8720000000.0
2015-03-19,'601021,´ºÇïº½¿Õ,86.37,87.88,85.55,87.8,89.64,-3.27,-3.6479,4.2668,4266809,368346474.0,34548000000.0,8637000000.0
2015-03-18,'601021,´ºÇïº½¿Õ,89.64,91.8,86.43,91.5,91.11,-1.47,-1.6134,5.7451,5745087,510590650.0,35856000000.0,8964000000.0
2015-03-17,'601021,´ºÇïº½¿Õ,91.11,95.88,86.0,87.98,88.64,2.47,2.7866,6.6357,6635657,607316071.0,36444000000.0,9111000000.0
2015-03-16,'601021,´ºÇïº½¿Õ,88.64,90.95,82.5,85.9,84.27,4.37,5.1857,6.2578,6257773,538015478.0,35456000000.0,8864000000.0
2015-03-13,'601021,´ºÇïº½¿Õ,84.27,86.7,82.11,82.98,81.35,2.92,3.5894,3.2581,3258103,276149817.0,33708000000.0,8427000000.0
2015-03-12,'601021,´ºÇïº½¿Õ,81.35,85.88,78.53,84.0,86.3,-4.95,-5.7358,4.5133,4513313,370848720.0,32540000000.0,8135000000.0
2015-03-11,'601021,´ºÇïº½¿Õ,86.3,86.96,81.0,81.81,79.05,7.25,9.1714,7.3859,7385898,625473000.0,34520000000.0,8630000000.0
2015-03-10,'601021,´ºÇïº½¿Õ,79.05,79.05,72.21,72.21,71.86,7.19,10.0056,3.8319,3831852,298227453.0,31620000000.0,7905000000.0
2015-03-09,'601021,´ºÇïº½¿Õ,71.86,74.66,66.53,68.15,68.03,3.83,5.6299,5.9855,5985472,430035314.0,28744000000.0,7186000000.0
2015-03-06,'601021,´ºÇïº½¿Õ,68.03,71.65,67.45,71.65,71.65,-3.62,-5.0523,5.981,5980987,414803617.0,27212000000.0,6803000000.0
2015-03-05,'601021,´ºÇïº½¿Õ,71.65,74.2,68.58,69.21,69.07,2.58,3.7353,5.7147,5714666,409520604.0,28660000000.0,7165000000.0
2015-03-04,'601021,´ºÇïº½¿Õ,69.07,69.19,66.26,67.47,67.4,1.67,2.4777,4.6297,4629654,313398111.0,27628000000.0,6907000000.0
2015-03-03,'601021,´ºÇïº½¿Õ,67.4,69.58,67.04,69.58,69.36,-1.96,-2.8258,5.0672,5067200,345511853.0,26960000000.0,6740000000.0
2015-03-02,'601021,´ºÇïº½¿Õ,69.36,70.49,68.2,69.32,70.02,-0.66,-0.9426,4.3137,4313705,299180284.0,27744000000.0,6936000000.0
2015-02-27,'601021,´ºÇïº½¿Õ,70.02,71.49,69.0,70.5,70.16,-0.14,-0.1995,4.378,4377954,306379239.0,28008000000.0,7002000000.0
2015-02-26,'601021,´ºÇïº½¿Õ,70.16,72.7,69.25,71.5,72.97,-2.81,-3.8509,3.93,3930011,277179057.0,28064000000.0,7016000000.0
2015-02-25,'601021,´ºÇïº½¿Õ,72.97,73.88,68.3,72.8,74.18,-1.21,-1.6312,6.1078,6107790,434911759.0,29188000000.0,7297000000.0
2015-02-17,'601021,´ºÇïº½¿Õ,74.18,76.99,72.3,74.1,73.79,0.39,0.5285,5.6054,5605437,415780911.0,29672000000.0,7418000000.0
2015-02-16,'601021,´ºÇïº½¿Õ,73.79,75.2,71.99,72.59,73.38,0.41,0.5587,4.8785,4878541,358273595.0,29516000000.0,7379000000.0
2015-02-13,'601021,´ºÇïº½¿Õ,73.38,75.84,70.61,74.5,72.96,0.42,0.5757,12.7402,12740198,935944891.0,29352000000.0,7338000000.0
2015-02-12,'601021,´ºÇïº½¿Õ,72.96,72.96,64.8,65.9,66.33,6.63,9.9955,13.3876,13387631,931785497.0,29184000000.0,7296000000.0
2015-02-11,'601021,´ºÇïº½¿Õ,66.33,69.06,62.01,62.51,63.16,3.17,5.019,12.5967,12596686,821715635.0,26532000000.0,6633000000.0
2015-02-10,'601021,´ºÇïº½¿Õ,63.16,63.6,58.8,61.5,61.77,1.39,2.2503,10.8525,10852451,666626160.0,25264000000.0,6316000000.0
2015-02-09,'601021,´ºÇïº½¿Õ,61.77,64.63,60.45,61.6,62.96,-1.19,-1.8901,10.7484,10748369,673599165.0,24708000000.0,6177000000.0
2015-02-06,'601021,´ºÇïº½¿Õ,62.96,66.5,61.28,64.0,65.7,-2.74,-4.1705,22.6122,22612197,1449941977.0,25184000000.0,6296000000.0
2015-02-05,'601021,´ºÇïº½¿Õ,65.7,65.7,61.33,62.3,59.73,5.97,9.995,30.3687,30368741,1943429587.0,26280000000.0,6570000000.0
2015-02-04,'601021,´ºÇïº½¿Õ,59.73,66.94,59.1,64.8,61.68,-1.95,-3.1615,39.0182,39018159,2447929008.0,23892000000.0,5973000000.0
2015-02-03,'601021,´ºÇïº½¿Õ,61.68,61.68,57.52,58.0,56.07,5.61,10.0054,23.0722,23072212,1374358914.0,24672000000.0,6168000000.0
2015-02-02,'601021,´ºÇïº½¿Õ,56.07,56.07,50.97,51.98,50.97,5.1,10.0059,61.9032,61903188,3323897863.0,22428000000.0,5607000000.0
2015-01-30,'601021,´ºÇïº½¿Õ,50.97,50.97,50.97,50.97,46.34,4.63,9.9914,15.543,15543010,792227220.0,20388000000.0,5097000000.0
2015-01-29,'601021,´ºÇïº½¿Õ,46.34,46.34,46.34,46.34,42.13,4.21,9.9929,3.1912,3191209,147880625.0,18536000000.0,4634000000.0
2015-01-28,'601021,´ºÇïº½¿Õ,42.13,42.13,42.13,42.13,38.3,3.83,10.0,2.5741,2574097,108446707.0,16852000000.0,4213000000.0
2015-01-27,'601021,´ºÇïº½¿Õ,38.3,38.3,38.3,38.3,34.82,3.48,9.9943,1.3517,1351695,51769919.0,15320000000.0,3830000000.0
2015-01-26,'601021,´ºÇïº½¿Õ,34.82,34.82,34.82,34.82,31.65,3.17,10.0158,0.4541,454100,15811762.0,13928000000.0,3482000000.0
2015-01-23,'601021,´ºÇïº½¿Õ,31.65,31.65,31.65,31.65,28.77,2.88,10.0104,0.1585,158500,5016525.0,12660000000.0,3165000000.0
2015-01-22,'601021,´ºÇïº½¿Õ,28.77,28.77,28.77,28.77,26.15,2.62,10.0191,0.0604,60400,1737708.0,11508000000.0,2877000000.0
2015-01-21,'601021,N´ºÇï,26.15,26.15,21.79,21.79,18.16,7.99,43.9978,0.1701,170100,4432855.0,10460000000.0,2615000000.0
