日期,股票代码,名称,收盘价,最高价,最低价,开盘价,前收盘,涨跌额,涨跌幅,换手率,成交量,成交金额,总市值,流通市值
2017-05-15,'601016,节能风电,3.51,3.54,3.48,3.51,3.49,0.02,0.5731,0.4467,9985500,34962365.0,14586015600.0,7846815600.0
2017-05-12,'601016,节能风电,3.49,3.52,3.45,3.49,3.51,-0.02,-0.5698,0.6304,14093131,49144449.0,14502904400.0,7802104400.0
2017-05-11,'601016,节能风电,3.51,3.58,3.42,3.57,3.6,-0.09,-2.5,1.1603,25938096,90662681.0,14586015600.0,7846815600.0
2017-05-10,'601016,节能风电,3.6,3.71,3.6,3.7,3.7,-0.1,-2.7027,0.8653,19344839,70599802.0,14960016000.0,8048016000.0
2017-05-09,'601016,节能风电,3.7,3.73,3.63,3.66,3.68,0.02,0.5435,0.5971,13348800,49280735.0,15375572000.0,8271572000.0
2017-05-08,'601016,节能风电,3.68,3.8,3.65,3.79,3.79,-0.11,-2.9024,0.6581,14711575,54824204.0,15292460800.0,8226860800.0
2017-05-05,'601016,节能风电,3.79,3.83,3.77,3.83,3.85,-0.06,-1.5584,0.6682,14938660,56820179.0,15749572400.0,8472772400.0
2017-05-04,'601016,节能风电,3.85,3.89,3.81,3.89,3.89,-0.04,-1.0283,1.1799,26377937,101527386.0,15998906000.0,8606906000.0
2017-05-03,'601016,节能风电,3.89,4.09,3.76,3.77,3.78,0.11,2.9101,2.0972,46885132,184149222.0,16165128400.0,8696328400.0
2017-05-02,'601016,节能风电,3.78,3.78,3.75,3.77,3.77,0.01,0.2653,0.5183,11587874,43626553.0,15708016800.0,8450416800.0
2017-04-28,'601016,节能风电,3.77,3.8,3.72,3.79,3.78,-0.01,-0.2646,0.626,13994020,52670751.0,15666461200.0,8428061200.0
2017-04-27,'601016,节能风电,3.78,3.82,3.6,3.79,3.78,0.0,0.0,1.1174,24979493,93355046.0,15708016800.0,8450416800.0
2017-04-26,'601016,节能风电,3.78,3.82,3.75,3.78,3.77,0.01,0.2653,0.7043,15744357,59536187.0,15708016800.0,8450416800.0
2017-04-25,'601016,节能风电,3.77,3.82,3.75,3.77,3.77,0.0,0.0,0.6989,15624894,59067599.0,15666461200.0,8428061200.0
2017-04-24,'601016,节能风电,3.77,3.99,3.73,3.98,3.99,-0.22,-5.5138,1.1243,25133374,95799878.0,15666461200.0,8428061200.0
2017-04-21,'601016,节能风电,3.99,4.07,3.96,4.03,4.06,-0.07,-1.7241,0.9709,21706094,86908620.0,16580684400.0,8919884400.0
2017-04-20,'601016,节能风电,4.06,4.25,4.04,4.2,4.34,-0.28,-6.4516,1.8609,41601646,171798559.0,16871573600.0,9076373600.0
2017-04-19,'601016,DR节能风,4.34,4.42,4.22,4.26,4.22,0.12,2.8436,1.2967,28987959,125479898.0,18035130400.0,9702330400.0
2017-04-18,'601016,节能风电,8.49,8.57,8.4,8.53,8.53,-0.04,-0.4689,1.3477,15063818,127803618.0,17640352200.0,9489952200.0
2017-04-17,'601016,节能风电,8.53,8.58,8.28,8.58,8.56,-0.03,-0.3505,1.6422,18355944,154861103.0,17723463400.0,9534663400.0
2017-04-14,'601016,节能风电,8.56,8.87,8.5,8.87,8.95,-0.39,-4.3575,4.4312,49530512,430814737.0,17785796800.0,9568196800.0
2017-04-13,'601016,节能风电,8.95,9.56,8.71,8.78,8.69,0.26,2.9919,7.702,86091673,791550675.0,18596131000.0,10004131000.0
2017-04-12,'601016,节能风电,8.69,8.8,8.68,8.8,8.81,-0.12,-1.3621,0.989,11055000,96457837.0,18055908200.0,9713508200.0
2017-04-11,'601016,节能风电,8.81,8.85,8.59,8.66,8.69,0.12,1.3809,1.3271,14834036,129114104.0,18305241800.0,9847641800.0
2017-04-10,'601016,节能风电,8.69,8.81,8.6,8.81,8.84,-0.15,-1.6968,1.341,14988908,130111347.0,18055908200.0,9713508200.0
2017-04-07,'601016,节能风电,8.84,8.93,8.82,8.87,8.86,-0.02,-0.2257,1.2134,13562807,120270105.0,18367575200.0,9881175200.0
2017-04-06,'601016,节能风电,8.86,8.98,8.8,8.98,8.92,-0.06,-0.6726,1.4662,16389094,145127706.0,18409130800.0,9903530800.0
2017-04-05,'601016,节能风电,8.92,8.96,8.74,8.83,8.72,0.2,2.2936,1.8982,21217322,187917092.0,18533797600.0,9970597600.0
2017-03-31,'601016,节能风电,8.72,8.78,8.56,8.6,8.63,0.09,1.0429,1.1698,13076188,113639692.0,18118241600.0,9747041600.0
2017-03-30,'601016,节能风电,8.63,8.75,8.45,8.66,8.69,-0.06,-0.6904,1.2715,14212460,122432450.0,17931241400.0,9646441400.0
2017-03-29,'601016,节能风电,8.69,8.91,8.54,8.62,8.62,0.07,0.8121,1.4605,16325614,142129181.0,18055908200.0,9713508200.0
2017-03-28,'601016,节能风电,8.62,8.68,8.55,8.57,8.61,0.01,0.1161,0.7507,8390749,72378132.0,17910463600.0,9635263600.0
2017-03-27,'601016,节能风电,8.61,8.62,8.52,8.55,8.57,0.04,0.4667,0.6241,6976051,59692991.0,17889685800.0,9624085800.0
2017-03-24,'601016,节能风电,8.57,8.6,8.41,8.42,8.46,0.11,1.3002,0.8412,9402759,79801544.0,17806574600.0,9579374600.0
2017-03-23,'601016,节能风电,8.46,8.58,8.37,8.55,8.55,-0.09,-1.0526,0.8391,9379796,79543647.0,17578018800.0,9456418800.0
2017-03-22,'601016,节能风电,8.55,8.62,8.45,8.62,8.66,-0.11,-1.2702,0.9793,10946581,93337462.0,17765019000.0,9557019000.0
2017-03-21,'601016,节能风电,8.66,8.75,8.63,8.74,8.73,-0.07,-0.8018,0.7947,8883446,76984412.0,17993574800.0,9679974800.0
2017-03-20,'601016,节能风电,8.73,8.76,8.66,8.7,8.7,0.03,0.3448,0.9134,10209565,88967146.0,18139019400.0,9758219400.0
2017-03-17,'601016,节能风电,8.7,8.78,8.65,8.76,8.74,-0.04,-0.4577,1.1461,12810998,111872779.0,18076686000.0,9724686000.0
2017-03-16,'601016,节能风电,8.74,8.79,8.63,8.63,8.63,0.11,1.2746,1.2374,13831823,120643894.0,18159797200.0,9769397200.0
2017-03-15,'601016,节能风电,8.63,8.69,8.56,8.6,8.65,-0.02,-0.2312,0.6221,6954171,59931467.0,17931241400.0,9646441400.0
2017-03-14,'601016,节能风电,8.65,8.73,8.61,8.61,8.65,0.0,0.0,1.0558,11801785,102386490.0,17972797000.0,9668797000.0
2017-03-13,'601016,节能风电,8.65,8.67,8.5,8.57,8.56,0.09,1.0514,1.2094,13518270,116117604.0,17972797000.0,9668797000.0
2017-03-10,'601016,节能风电,8.56,8.59,8.39,8.45,8.43,0.13,1.5421,1.1149,12462602,106052884.0,17785796800.0,9568196800.0
2017-03-09,'601016,节能风电,8.43,8.51,8.41,8.5,8.48,-0.05,-0.5896,0.5715,6388484,53909902.0,17515685400.0,9422885400.0
2017-03-08,'601016,节能风电,8.48,8.54,8.46,8.52,8.54,-0.06,-0.7026,0.6597,7374472,62653028.0,17619574400.0,9478774400.0
2017-03-07,'601016,节能风电,8.54,8.56,8.48,8.51,8.5,0.04,0.4706,0.771,8618036,73474994.0,17744241200.0,9545841200.0
2017-03-06,'601016,节能风电,8.5,8.54,8.45,8.47,8.44,0.06,0.7109,1.059,11836858,100405692.0,17661130000.0,9501130000.0
2017-03-03,'601016,节能风电,8.44,8.53,8.41,8.53,8.53,-0.09,-1.0551,1.0131,11324109,95505402.0,17536463200.0,9434063200.0
2017-03-02,'601016,节能风电,8.53,8.62,8.51,8.6,8.61,-0.08,-0.9292,1.1229,12551799,107334368.0,17723463400.0,9534663400.0
2017-03-01,'601016,节能风电,8.61,8.63,8.51,8.58,8.64,-0.03,-0.3472,1.3264,14826487,126938758.0,17889685800.0,9624085800.0
2017-02-28,'601016,节能风电,8.64,9.09,8.58,9.03,8.66,-0.02,-0.2309,3.1363,35056428,306596310.0,17952019200.0,9657619200.0
2017-02-27,'601016,节能风电,8.66,8.75,8.56,8.73,8.77,-0.11,-1.2543,0.9973,11147146,96488977.0,17993574800.0,9679974800.0
2017-02-24,'601016,节能风电,8.77,8.81,8.68,8.81,8.79,-0.02,-0.2275,0.8105,9060163,79119755.0,18222130600.0,9802930600.0
2017-02-23,'601016,节能风电,8.79,8.87,8.66,8.8,8.76,0.03,0.3425,0.9493,10611221,92678253.0,18263686200.0,9825286200.0
2017-02-22,'601016,节能风电,8.76,8.78,8.65,8.75,8.67,0.09,1.0381,1.0663,11919430,103860207.0,18201352800.0,9791752800.0
2017-02-21,'601016,节能风电,8.67,8.7,8.6,8.69,8.71,-0.04,-0.4592,0.8822,9860500,85302392.0,18014352600.0,9691152600.0
2017-02-20,'601016,节能风电,8.71,8.74,8.57,8.62,8.63,0.08,0.927,0.6033,6743766,58101818.0,18097463800.0,9735863800.0
2017-02-17,'601016,节能风电,8.63,8.66,8.51,8.59,8.66,-0.03,-0.3464,0.5352,5982366,51274145.0,17931241400.0,9646441400.0
2017-02-16,'601016,节能风电,8.66,8.73,8.45,8.55,8.55,0.11,1.2865,0.7526,8412036,72242212.0,17993574800.0,9679974800.0
2017-02-15,'601016,节能风电,8.55,8.84,8.53,8.78,8.73,-0.18,-2.0619,0.9534,10656516,92682530.0,17765019000.0,9557019000.0
2017-02-14,'601016,节能风电,8.73,8.78,8.62,8.67,8.68,0.05,0.576,0.7687,8591889,74718882.0,18139019400.0,9758219400.0
2017-02-13,'601016,节能风电,8.68,8.7,8.56,8.6,8.65,0.03,0.3468,0.7363,8230684,71131031.0,18035130400.0,9702330400.0
2017-02-10,'601016,节能风电,8.65,8.67,8.51,8.56,8.71,-0.06,-0.6889,1.1079,12383753,106197291.0,17972797000.0,9668797000.0
2017-02-09,'601016,节能风电,8.71,8.99,8.18,8.2,8.22,0.49,5.9611,1.953,21830712,187246979.0,18097463800.0,9735863800.0
2017-02-08,'601016,节能风电,8.22,8.23,8.07,8.18,8.18,0.04,0.489,0.6263,7000953,56987383.0,17079351600.0,9188151600.0
2017-02-07,'601016,节能风电,8.18,8.24,8.15,8.24,8.24,-0.06,-0.7282,0.3799,4246000,34749770.0,16996240400.0,9143440400.0
2017-02-06,'601016,节能风电,8.24,8.24,8.13,8.16,8.15,0.09,1.1043,0.3035,3392795,27814822.0,17120907200.0,9210507200.0
2017-02-03,'601016,节能风电,8.15,8.18,8.11,8.15,8.15,0.0,0.0,0.218,2436853,19849476.0,16933907000.0,9109907000.0
2017-01-26,'601016,节能风电,8.15,8.18,8.08,8.1,8.1,0.05,0.6173,0.2769,3095478,25205764.0,16933907000.0,9109907000.0
2017-01-25,'601016,节能风电,8.1,8.13,8.05,8.13,8.13,-0.03,-0.369,0.3939,4402562,35583085.0,16830018000.0,9054018000.0
2017-01-24,'601016,节能风电,8.13,8.22,8.1,8.2,8.19,-0.06,-0.7326,0.2414,2698478,21957994.0,16892351400.0,9087551400.0
2017-01-23,'601016,节能风电,8.19,8.24,8.12,8.14,8.15,0.04,0.4908,0.3737,4177648,34251549.0,17017018200.0,9154618200.0
2017-01-20,'601016,节能风电,8.15,8.16,7.98,8.05,8.07,0.08,0.9913,0.3358,3753442,30431172.0,16933907000.0,9109907000.0
2017-01-19,'601016,节能风电,8.07,8.17,7.95,8.16,8.24,-0.17,-2.0631,0.5785,6465962,51995398.0,16767684600.0,9020484600.0
2017-01-18,'601016,节能风电,8.24,8.27,8.16,8.2,8.2,0.04,0.4878,0.3555,3973784,32726821.0,17120907200.0,9210507200.0
2017-01-17,'601016,节能风电,8.2,8.29,8.06,8.2,8.2,0.0,0.0,0.5862,6551936,53610223.0,17037796000.0,9165796000.0
2017-01-16,'601016,节能风电,8.2,8.66,7.91,8.66,8.67,-0.47,-5.421,0.8974,10030500,83212875.0,17037796000.0,9165796000.0
2017-01-13,'601016,节能风电,8.67,8.81,8.66,8.75,8.8,-0.13,-1.4773,0.5582,6239559,54263609.0,18014352600.0,9691152600.0
2017-01-12,'601016,节能风电,8.8,8.95,8.8,8.92,8.92,-0.12,-1.3453,0.4635,5181085,45885323.0,18284464000.0,9836464000.0
2017-01-11,'601016,节能风电,8.92,9.01,8.92,8.96,8.97,-0.05,-0.5574,0.3601,4024796,36014863.0,18533797600.0,9970597600.0
2017-01-10,'601016,节能风电,8.97,9.08,8.95,9.05,9.07,-0.1,-1.1025,0.4925,5505600,49566069.0,18637686600.0,10026486600.0
2017-01-09,'601016,节能风电,9.07,9.07,8.92,9.03,9.03,0.04,0.443,0.6106,6824891,61458646.0,18845464600.0,10138264600.0
2017-01-06,'601016,节能风电,9.03,9.08,8.91,8.91,8.94,0.09,1.0067,1.0446,11676287,105175831.0,18762353400.0,10093553400.0
2017-01-05,'601016,节能风电,8.94,8.97,8.88,8.91,8.94,0.0,0.0,0.6384,7136233,63752324.0,18575353200.0,9992953200.0
2017-01-04,'601016,节能风电,8.94,8.94,8.84,8.9,8.89,0.05,0.5624,0.6514,7281637,64729983.0,18575353200.0,9992953200.0
2017-01-03,'601016,节能风电,8.89,8.9,8.79,8.83,8.85,0.04,0.452,0.7137,7977409,70599646.0,18471464200.0,9937064200.0
2016-12-30,'601016,节能风电,8.85,9.25,8.82,9.17,9.26,-0.41,-4.4276,2.0364,22762780,203001343.0,18388353000.0,9892353000.0
2016-12-29,'601016,节能风电,9.26,9.37,9.25,9.34,9.32,-0.06,-0.6438,0.5166,4224482,39276808.0,19240242800.0,7572642800.0
2016-12-28,'601016,节能风电,9.32,9.39,9.3,9.39,9.38,-0.06,-0.6397,0.3996,3267676,30479382.0,19364909600.0,7621709600.0
2016-12-27,'601016,节能风电,9.38,9.45,9.37,9.38,9.38,0.0,0.0,0.3113,2545873,23928558.0,19489576400.0,7670776400.0
2016-12-26,'601016,节能风电,9.38,9.39,9.26,9.3,9.36,0.02,0.2137,0.4936,4036457,37605080.0,19489576400.0,7670776400.0
2016-12-23,'601016,节能风电,9.36,9.55,9.31,9.52,9.56,-0.2,-2.0921,0.6262,5120596,48208299.0,19448020800.0,7654420800.0
2016-12-22,'601016,节能风电,9.56,9.67,9.52,9.57,9.57,-0.01,-0.1045,0.4868,3981134,38092288.0,19863576800.0,7817976800.0
2016-12-21,'601016,节能风电,9.57,9.65,9.42,9.42,9.43,0.14,1.4846,0.6814,5572191,53155089.0,19884354600.0,7826154600.0
2016-12-20,'601016,节能风电,9.43,9.47,9.4,9.43,9.43,0.0,0.0,0.3341,2732423,25756049.0,19593465400.0,7711665400.0
2016-12-19,'601016,节能风电,9.43,9.48,9.4,9.46,9.46,-0.03,-0.3171,0.3813,3117893,29397488.0,19593465400.0,7711665400.0
2016-12-16,'601016,节能风电,9.46,9.48,9.33,9.38,9.38,0.08,0.8529,0.5194,4247668,40014793.0,19655798800.0,7736198800.0
2016-12-15,'601016,节能风电,9.38,9.44,9.28,9.33,9.33,0.05,0.5359,0.5933,4851581,45515150.0,19489576400.0,7670776400.0
2016-12-14,'601016,节能风电,9.33,9.44,9.28,9.44,9.45,-0.12,-1.2698,0.7878,6442119,60193471.0,19385687400.0,7629887400.0
2016-12-13,'601016,节能风电,9.45,9.49,9.32,9.4,9.47,-0.02,-0.2112,0.8134,6652097,62499636.0,19635021000.0,7728021000.0
2016-12-12,'601016,节能风电,9.47,9.95,9.41,9.93,9.92,-0.45,-4.5363,1.7452,14271874,137391010.0,19676576600.0,7744376600.0
2016-12-09,'601016,节能风电,9.92,9.98,9.9,9.95,9.94,-0.02,-0.2012,0.8156,6670131,66287744.0,20611577600.0,8112377600.0
2016-12-08,'601016,节能风电,9.94,10.04,9.92,10.02,10.03,-0.09,-0.8973,0.7939,6492252,64706241.0,20653133200.0,8128733200.0
2016-12-07,'601016,节能风电,10.03,10.03,9.89,9.98,9.99,0.04,0.4004,1.2561,10272144,102240807.0,20840133400.0,8202333400.0
2016-12-06,'601016,节能风电,9.99,10.21,9.95,10.19,10.16,-0.17,-1.6732,2.0198,16517642,165842975.0,20757022200.0,8169622200.0
2016-12-05,'601016,节能风电,10.16,10.34,10.11,10.34,10.34,-0.18,-1.7408,2.3106,18895218,192379269.0,21110244800.0,8308644800.0
2016-12-02,'601016,节能风电,10.34,10.86,9.97,10.03,10.03,0.31,3.0907,4.0641,33235564,346551560.0,21484245200.0,8455845200.0
2016-12-01,'601016,节能风电,10.03,10.03,9.95,10.0,9.98,0.05,0.501,0.7033,5751247,57458672.0,20840133400.0,8202333400.0
2016-11-30,'601016,节能风电,9.98,10.04,9.92,10.01,9.99,-0.01,-0.1001,0.6499,5314558,53017023.0,20736244400.0,8161444400.0
2016-11-29,'601016,节能风电,9.99,10.06,9.95,10.01,10.0,-0.01,-0.1,0.7943,6495961,65081320.0,20757022200.0,8169622200.0
2016-11-28,'601016,节能风电,10.0,10.08,9.98,10.06,10.04,-0.04,-0.3984,0.7671,6273463,62836299.0,20777800000.0,8177800000.0
2016-11-25,'601016,节能风电,10.04,10.06,9.85,10.02,10.04,0.0,0.0,1.0305,8427113,83891105.0,20860911200.0,8210511200.0
2016-11-24,'601016,节能风电,10.04,10.18,10.02,10.16,10.17,-0.13,-1.2783,0.9422,7705157,77862189.0,20860911200.0,8210511200.0
2016-11-23,'601016,节能风电,10.17,10.2,10.1,10.14,10.11,0.06,0.5935,1.4089,11521405,117033736.0,21131022600.0,8316822600.0
2016-11-22,'601016,节能风电,10.11,10.11,10.02,10.06,10.05,0.06,0.597,0.9028,7383171,74280020.0,21006355800.0,8267755800.0
2016-11-21,'601016,节能风电,10.05,10.11,10.01,10.04,10.07,-0.02,-0.1986,0.8719,7130254,71690552.0,20881689000.0,8218689000.0
2016-11-18,'601016,节能风电,10.07,10.23,10.06,10.2,10.19,-0.12,-1.1776,0.8806,7201564,72972345.0,20923244600.0,8235044600.0
2016-11-17,'601016,节能风电,10.19,10.2,10.1,10.11,10.14,0.05,0.4931,0.8719,7130347,72308130.0,21172578200.0,8333178200.0
2016-11-16,'601016,节能风电,10.14,10.27,10.13,10.25,10.24,-0.1,-0.9766,1.0463,8556059,87081984.0,21068689200.0,8292289200.0
2016-11-15,'601016,节能风电,10.24,10.34,10.16,10.16,10.19,0.05,0.4907,1.2544,10258599,104914995.0,21276467200.0,8374067200.0
2016-11-14,'601016,节能风电,10.19,10.24,10.11,10.14,10.17,0.02,0.1967,1.5285,12499955,127296717.0,21172578200.0,8333178200.0
2016-11-11,'601016,节能风电,10.17,10.18,9.97,10.11,10.09,0.08,0.7929,1.5855,12966245,130631535.0,21131022600.0,8316822600.0
2016-11-10,'601016,节能风电,10.09,10.13,10.02,10.09,10.0,0.09,0.9,1.1145,9113828,91862771.0,20964800200.0,8251400200.0
2016-11-09,'601016,节能风电,10.0,10.28,9.88,10.19,10.19,-0.19,-1.8646,1.8475,15108422,152279954.0,20777800000.0,8177800000.0
2016-11-08,'601016,节能风电,10.19,10.22,10.09,10.21,10.16,0.03,0.2953,1.2885,10536862,106782657.0,21172578200.0,8333178200.0
2016-11-07,'601016,节能风电,10.16,10.3,10.08,10.29,10.34,-0.18,-1.7408,2.0303,16603793,168204588.0,21110244800.0,8308644800.0
2016-11-04,'601016,节能风电,10.34,10.52,10.18,10.18,10.17,0.17,1.6716,3.0055,24578429,255229806.0,21484245200.0,8455845200.0
2016-11-03,'601016,节能风电,10.17,10.2,9.97,10.0,10.06,0.11,1.0934,1.4023,11468106,116153545.0,21131022600.0,8316822600.0
2016-11-02,'601016,节能风电,10.06,10.25,10.04,10.12,10.14,-0.08,-0.789,1.4444,11811936,119892530.0,20902466800.0,8226866800.0
2016-11-01,'601016,节能风电,10.14,10.15,10.02,10.05,10.06,0.08,0.7952,1.1198,9157643,92425400.0,21068689200.0,8292289200.0
2016-10-31,'601016,节能风电,10.06,10.15,9.92,9.92,10.03,0.03,0.2991,1.0884,8900785,89515487.0,20902466800.0,8226866800.0
2016-10-28,'601016,节能风电,10.03,10.28,10.01,10.27,10.29,-0.26,-2.5267,1.9673,16087924,162949058.0,20840133400.0,8202333400.0
2016-10-27,'601016,节能风电,10.29,10.33,10.15,10.15,10.24,0.05,0.4883,1.6682,13642463,139682089.0,21380356200.0,8414956200.0
2016-10-26,'601016,节能风电,10.24,10.43,10.21,10.42,10.44,-0.2,-1.9157,2.3798,19461291,199743527.0,21276467200.0,8374067200.0
2016-10-25,'601016,节能风电,10.44,10.5,10.31,10.46,10.55,-0.11,-1.0427,2.7388,22397204,232558468.0,21692023200.0,8537623200.0
2016-10-24,'601016,节能风电,10.55,10.58,10.36,10.47,10.49,0.06,0.572,3.3043,27022202,283602412.0,21920579000.0,8627579000.0
2016-10-21,'601016,节能风电,10.49,10.67,10.3,10.63,10.84,-0.35,-3.2288,4.7296,38677989,405531517.0,21795912200.0,8578512200.0
2016-10-20,'601016,节能风电,10.84,11.4,10.74,11.09,10.62,0.22,2.0716,9.2384,75549624,833107546.0,22523135200.0,8864735200.0
2016-10-19,'601016,节能风电,10.62,10.62,9.78,9.78,9.65,0.97,10.0518,2.5179,20590832,214210222.0,22066023600.0,8684823600.0
2016-10-18,'601016,节能风电,9.65,9.65,9.47,9.52,9.51,0.14,1.4721,0.5275,4313463,41341879.0,20050577000.0,7891577000.0
2016-10-17,'601016,节能风电,9.51,9.66,9.47,9.65,9.63,-0.12,-1.2461,0.4361,3566294,34072426.0,19759687800.0,7777087800.0
2016-10-14,'601016,节能风电,9.63,9.68,9.56,9.6,9.63,0.0,0.0,0.5456,4461982,42950946.0,20009021400.0,7875221400.0
2016-10-13,'601016,节能风电,9.63,9.76,9.46,9.47,9.49,0.14,1.4752,0.9221,7541035,72644967.0,20009021400.0,7875221400.0
2016-10-12,'601016,节能风电,9.49,9.52,9.45,9.52,9.52,-0.03,-0.3151,0.3187,2606586,24695306.0,19718132200.0,7760732200.0
2016-10-11,'601016,节能风电,9.52,9.53,9.45,9.49,9.49,0.03,0.3161,0.4688,3833399,36367138.0,19780465600.0,7785265600.0
2016-10-10,'601016,节能风电,9.49,9.5,9.38,9.41,9.36,0.13,1.3889,0.4496,3676637,34691170.0,19718132200.0,7760732200.0
2016-09-30,'601016,节能风电,9.36,9.36,9.3,9.34,9.33,0.03,0.3215,0.1878,1536067,14337386.0,19448020800.0,7654420800.0
2016-09-29,'601016,节能风电,9.33,9.39,9.32,9.32,9.33,0.0,0.0,0.2306,1885639,17646608.0,19385687400.0,7629887400.0
2016-09-28,'601016,节能风电,9.33,9.35,9.29,9.35,9.36,-0.03,-0.3205,0.2278,1863284,17366539.0,19385687400.0,7629887400.0
2016-09-27,'601016,节能风电,9.36,9.36,9.22,9.3,9.3,0.06,0.6452,0.294,2404361,22352405.0,19448020800.0,7654420800.0
2016-09-26,'601016,节能风电,9.3,9.44,9.28,9.44,9.41,-0.11,-1.169,0.3898,3187730,29754559.0,19323354000.0,7605354000.0
2016-09-23,'601016,节能风电,9.41,9.49,9.4,9.48,9.46,-0.05,-0.5285,0.2569,2100988,19833627.0,19551909800.0,7695309800.0
2016-09-22,'601016,节能风电,9.46,9.53,9.43,9.48,9.45,0.01,0.1058,0.3958,3237110,30692588.0,19655798800.0,7736198800.0
2016-09-21,'601016,节能风电,9.45,9.49,9.4,9.46,9.46,-0.01,-0.1057,0.327,2674186,25241900.0,19635021000.0,7728021000.0
2016-09-20,'601016,节能风电,9.46,9.52,9.42,9.5,9.49,-0.03,-0.3161,0.2713,2218303,20982300.0,19655798800.0,7736198800.0
2016-09-19,'601016,节能风电,9.49,9.54,9.36,9.37,9.35,0.14,1.4973,0.4946,4044554,38357481.0,19718132200.0,7760732200.0
2016-09-14,'601016,节能风电,9.35,9.39,9.31,9.36,9.37,-0.02,-0.2134,0.2693,2202176,20597063.0,19427243000.0,7646243000.0
2016-09-13,'601016,节能风电,9.37,9.45,9.32,9.45,9.37,0.0,0.0,0.5348,4373617,40942914.0,19468798600.0,7662598600.0
2016-09-12,'601016,节能风电,9.37,9.55,9.35,9.55,9.67,-0.3,-3.1024,0.9134,7469363,70598476.0,19468798600.0,7662598600.0
2016-09-09,'601016,节能风电,9.67,9.76,9.66,9.75,9.75,-0.08,-0.8205,0.5267,4307542,41842888.0,20092132600.0,7907932600.0
2016-09-08,'601016,节能风电,9.75,9.76,9.66,9.7,9.69,0.06,0.6192,0.5631,4605326,44737967.0,20258355000.0,7973355000.0
2016-09-07,'601016,节能风电,9.69,9.79,9.67,9.7,9.73,-0.04,-0.4111,0.6108,4994619,48676075.0,20133688200.0,7924288200.0
2016-09-06,'601016,节能风电,9.73,9.73,9.53,9.66,9.66,0.07,0.7246,0.6206,5075486,48956220.0,20216799400.0,7956999400.0
2016-09-05,'601016,节能风电,9.66,9.74,9.64,9.71,9.69,-0.03,-0.3096,0.5305,4338420,42055302.0,20071354800.0,7899754800.0
2016-09-02,'601016,节能风电,9.69,9.73,9.58,9.65,9.7,-0.01,-0.1031,0.5264,4304680,41583538.0,20133688200.0,7924288200.0
2016-09-01,'601016,节能风电,9.7,9.72,9.55,9.58,9.58,0.12,1.2526,0.8968,7333821,70793576.0,20154466000.0,7932466000.0
2016-08-31,'601016,节能风电,9.58,9.6,9.52,9.56,9.6,-0.02,-0.2083,0.2767,2263079,21631016.0,19905132400.0,7834332400.0
2016-08-30,'601016,节能风电,9.6,9.62,9.53,9.58,9.58,0.02,0.2088,0.3729,3049906,29215654.0,19946688000.0,7850688000.0
2016-08-29,'601016,节能风电,9.58,9.6,9.51,9.53,9.53,0.05,0.5247,0.332,2714831,25971182.0,19905132400.0,7834332400.0
2016-08-26,'601016,节能风电,9.53,9.6,9.52,9.55,9.54,-0.01,-0.1048,0.3987,3260339,31176386.0,19801243400.0,7793443400.0
2016-08-25,'601016,节能风电,9.54,9.65,9.46,9.63,9.67,-0.13,-1.3444,0.5534,4525631,43123640.0,19822021200.0,7801621200.0
2016-08-24,'601016,节能风电,9.67,9.72,9.66,9.7,9.7,-0.03,-0.3093,0.3708,3032645,29368326.0,20092132600.0,7907932600.0
2016-08-23,'601016,节能风电,9.7,9.73,9.66,9.68,9.72,-0.02,-0.2058,0.4233,3461657,33541787.0,20154466000.0,7932466000.0
2016-08-22,'601016,节能风电,9.72,9.78,9.67,9.72,9.7,0.02,0.2062,0.6372,5211285,50639809.0,20196021600.0,7948821600.0
2016-08-19,'601016,节能风电,9.7,9.73,9.63,9.71,9.71,-0.01,-0.103,0.47,3843596,37224017.0,20154466000.0,7932466000.0
2016-08-18,'601016,节能风电,9.71,9.79,9.68,9.7,9.7,0.01,0.1031,0.6321,5168979,50278820.0,20175243800.0,7940643800.0
2016-08-17,'601016,节能风电,9.7,9.77,9.68,9.77,9.75,-0.05,-0.5128,0.6665,5450834,52885009.0,20154466000.0,7932466000.0
2016-08-16,'601016,节能风电,9.75,9.84,9.7,9.76,9.74,0.01,0.1027,0.8884,7264937,70877472.0,20258355000.0,7973355000.0
2016-08-15,'601016,节能风电,9.74,9.78,9.52,9.59,9.56,0.18,1.8828,1.1496,9401389,91007544.0,20237577200.0,7965177200.0
2016-08-12,'601016,节能风电,9.56,9.57,9.4,9.4,9.42,0.14,1.4862,0.4629,3785449,35893949.0,19863576800.0,7817976800.0
2016-08-11,'601016,节能风电,9.42,9.56,9.4,9.52,9.54,-0.12,-1.2579,0.4592,3755391,35548555.0,19572687600.0,7703487600.0
2016-08-10,'601016,节能风电,9.54,9.61,9.53,9.57,9.57,-0.03,-0.3135,0.4551,3721667,35619993.0,19822021200.0,7801621200.0
2016-08-09,'601016,节能风电,9.57,9.58,9.5,9.53,9.52,0.05,0.5252,0.4751,3885220,37110390.0,19884354600.0,7826154600.0
2016-08-08,'601016,节能风电,9.52,9.52,9.39,9.45,9.45,0.07,0.7407,0.4237,3464929,32822504.0,19780465600.0,7785265600.0
2016-08-05,'601016,节能风电,9.45,9.54,9.44,9.52,9.51,-0.06,-0.6309,0.3436,2810199,26616979.0,19635021000.0,7728021000.0
2016-08-04,'601016,节能风电,9.51,9.54,9.42,9.42,9.43,0.08,0.8484,0.4572,3738833,35459618.0,19759687800.0,7777087800.0
2016-08-03,'601016,节能风电,9.43,9.47,9.4,9.46,9.49,-0.06,-0.6322,0.5342,4368873,41229076.0,19593465400.0,7711665400.0
2016-08-02,'601016,节能风电,9.49,9.53,9.4,9.42,9.45,0.04,0.4233,0.5041,4122351,38960820.0,19718132200.0,7760732200.0
2016-08-01,'601016,节能风电,9.45,9.65,9.3,9.65,9.58,-0.13,-1.357,0.4964,4059416,38262651.0,19635021000.0,7728021000.0
2016-07-29,'601016,节能风电,9.58,9.67,9.53,9.65,9.61,-0.03,-0.3122,0.4493,3674616,35175119.0,19905132400.0,7834332400.0
2016-07-28,'601016,节能风电,9.61,9.65,9.5,9.55,9.62,-0.01,-0.104,0.8671,7091267,67954740.0,19967465800.0,7858865800.0
2016-07-27,'601016,节能风电,9.62,10.16,9.45,10.15,10.2,-0.58,-5.6863,2.6018,21277220,209732503.0,19988243600.0,7867043600.0
2016-07-26,'601016,节能风电,10.2,10.32,10.14,10.28,10.28,-0.08,-0.7782,2.0137,16467362,167701885.0,21193356000.0,8341356000.0
2016-07-25,'601016,节能风电,10.28,10.32,9.88,9.91,9.91,0.37,3.7336,2.1741,17779621,179862229.0,21359578400.0,8406778400.0
2016-07-22,'601016,节能风电,9.91,10.02,9.9,9.98,9.97,-0.06,-0.6018,0.7379,6034371,60075807.0,20590799800.0,8104199800.0
2016-07-21,'601016,节能风电,9.97,10.08,9.94,9.96,9.97,0.0,0.0,0.9183,7510029,75119179.0,20715466600.0,8153266600.0
2016-07-20,'601016,节能风电,9.97,10.01,9.91,10.01,10.01,-0.04,-0.3996,0.6355,5196589,51712775.0,20715466600.0,8153266600.0
2016-07-19,'601016,节能风电,10.01,10.1,9.81,9.81,9.85,0.16,1.6244,1.2204,9980119,99712747.0,20798577800.0,8185977800.0
2016-07-18,'601016,节能风电,9.85,9.95,9.73,9.93,9.97,-0.12,-1.2036,1.0878,8895733,87520111.0,20466133000.0,8055133000.0
2016-07-15,'601016,节能风电,9.97,10.08,9.95,10.06,10.01,-0.04,-0.3996,0.8552,6993488,69861163.0,20715466600.0,8153266600.0
2016-07-14,'601016,节能风电,10.01,10.13,9.96,10.13,10.14,-0.13,-1.2821,1.539,12585626,125955280.0,20798577800.0,8185977800.0
2016-07-13,'601016,节能风电,10.14,10.25,10.05,10.07,10.08,0.06,0.5952,1.6777,13719913,139036947.0,21068689200.0,8292289200.0
2016-07-12,'601016,节能风电,10.08,10.08,9.83,9.93,9.93,0.15,1.5106,1.2718,10400190,103827460.0,20944022400.0,8243222400.0
2016-07-11,'601016,节能风电,9.93,10.06,9.87,9.88,9.9,0.03,0.303,0.8779,7179156,71541710.0,20632355400.0,8120555400.0
2016-07-08,'601016,节能风电,9.9,9.94,9.85,9.92,9.91,-0.01,-0.1009,0.489,3998558,39542794.0,20570022000.0,8096022000.0
2016-07-07,'601016,节能风电,9.91,9.97,9.84,9.97,9.97,-0.06,-0.6018,0.8499,6950174,68836396.0,20590799800.0,8104199800.0
2016-07-06,'601016,节能风电,9.97,10.06,9.86,10.06,10.07,-0.1,-0.993,1.3334,10903885,108301121.0,20715466600.0,8153266600.0
2016-07-05,'601016,节能风电,10.07,10.16,9.91,9.98,9.95,0.12,1.206,1.201,9821383,98669584.0,20923244600.0,8235044600.0
2016-07-04,'601016,节能风电,9.95,9.96,9.7,9.75,9.82,0.13,1.3238,0.8687,7104292,70173403.0,20673911000.0,8136911000.0
2016-07-01,'601016,节能风电,9.82,9.93,9.8,9.85,9.93,-0.11,-1.1078,0.6574,5375867,52986408.0,20403799600.0,8030599600.0
2016-06-30,'601016,节能风电,9.93,10.08,9.68,9.81,9.8,0.13,1.3265,1.1856,9695862,95742781.0,20632355400.0,8120555400.0
2016-06-29,'601016,节能风电,9.8,9.85,9.66,9.7,9.66,0.14,1.4493,0.8349,6827306,66785345.0,20362244000.0,8014244000.0
2016-06-28,'601016,节能风电,9.66,9.67,9.5,9.58,9.58,0.08,0.8351,0.5913,4835559,46431155.0,20071354800.0,7899754800.0
2016-06-27,'601016,节能风电,9.58,9.59,9.32,9.34,9.45,0.13,1.3757,0.5802,4745057,45154822.0,19905132400.0,7834332400.0
2016-06-24,'601016,节能风电,9.45,9.74,9.18,9.68,9.69,-0.24,-2.4768,0.9231,7549130,71811503.0,19635021000.0,7728021000.0
2016-06-23,'601016,节能风电,9.69,9.76,9.65,9.73,9.75,-0.06,-0.6154,0.476,3892991,37705512.0,20133688200.0,7924288200.0
2016-06-22,'601016,节能风电,9.75,9.75,9.62,9.7,9.69,0.06,0.6192,0.4538,3711453,36006535.0,20258355000.0,7973355000.0
2016-06-21,'601016,节能风电,9.69,9.87,9.65,9.81,9.75,-0.06,-0.6154,0.5443,4451252,43441346.0,20133688200.0,7924288200.0
2016-06-20,'601016,节能风电,9.75,9.87,9.64,9.82,9.86,-0.11,-1.1156,0.5237,4282695,41725168.0,20258355000.0,7973355000.0
2016-06-17,'601016,节能风电,9.86,9.93,9.76,9.8,9.78,0.08,0.818,0.6791,5553857,54722730.0,20486910800.0,8063310800.0
2016-06-16,'601016,节能风电,9.78,9.95,9.68,9.84,9.83,-0.05,-0.5086,0.7459,6100081,59775167.0,20320688400.0,7997888400.0
2016-06-15,'601016,节能风电,9.83,9.88,9.53,9.55,9.68,0.15,1.5496,0.7231,5913390,57763942.0,20424577400.0,8038777400.0
2016-06-14,'601016,节能风电,9.68,9.75,9.61,9.68,9.67,0.01,0.1034,0.5168,4225923,40843063.0,20112910400.0,7916110400.0
2016-06-13,'601016,节能风电,9.67,10.05,9.65,10.05,10.11,-0.44,-4.3521,1.0069,8234402,81245897.0,20092132600.0,7907932600.0
2016-06-08,'601016,节能风电,10.11,10.14,10.02,10.11,10.1,0.01,0.099,0.6909,5650340,57010760.0,21006355800.0,8267755800.0
2016-06-07,'601016,节能风电,10.1,10.17,10.06,10.11,10.11,-0.01,-0.0989,0.7296,5966131,60270930.0,20985578000.0,8259578000.0
2016-06-06,'601016,节能风电,10.11,10.35,10.07,10.3,10.3,-0.19,-1.8447,1.6074,13144835,133562082.0,21006355800.0,8267755800.0
2016-06-03,'601016,节能风电,10.3,10.34,10.07,10.07,10.07,0.23,2.284,2.0965,17144369,174992173.0,21401134000.0,8423134000.0
2016-06-02,'601016,节能风电,10.07,10.2,10.01,10.14,10.11,-0.04,-0.3956,1.2794,10462567,105168904.0,20923244600.0,8235044600.0
2016-06-01,'601016,节能风电,10.11,10.27,10.05,10.15,10.15,-0.04,-0.3941,1.4536,11887299,120490191.0,21006355800.0,8267755800.0
2016-05-31,'601016,节能风电,10.15,10.18,9.79,9.8,9.8,0.35,3.5714,1.1077,9058616,90793586.0,21089467000.0,8300467000.0
2016-05-30,'601016,节能风电,9.8,9.87,9.62,9.79,9.79,0.01,0.1021,0.4076,3333236,32620826.0,20362244000.0,8014244000.0
2016-05-27,'601016,节能风电,9.79,9.88,9.74,9.85,9.84,-0.05,-0.5081,0.4338,3547682,34805210.0,20341466200.0,8006066200.0
2016-05-26,'601016,XD节能风,9.84,9.97,9.61,9.97,9.93,-0.09,-0.9063,0.6381,5218519,51039949.0,20445355200.0,8046955200.0
2016-05-25,'601016,节能风电,9.97,10.1,9.94,10.06,9.98,-0.01,-0.1002,0.4935,4035901,40388310.0,20715466600.0,8153266600.0
2016-05-24,'601016,节能风电,9.98,10.2,9.93,10.2,10.21,-0.23,-2.2527,0.9949,8135872,81444719.0,20736244400.0,8161444400.0
2016-05-23,'601016,节能风电,10.21,10.28,10.18,10.2,10.19,0.02,0.1963,0.7014,5735633,58622795.0,21214133800.0,8349533800.0
2016-05-20,'601016,节能风电,10.19,10.21,9.99,10.0,10.19,0.0,0.0,0.9264,7576057,76480876.0,21172578200.0,8333178200.0
2016-05-19,'601016,节能风电,10.19,10.4,10.06,10.11,10.23,-0.04,-0.391,0.9453,7730783,79241397.0,21172578200.0,8333178200.0
2016-05-18,'601016,节能风电,10.23,10.5,9.82,10.03,10.09,0.14,1.3875,1.2378,10122443,102963731.0,21255689400.0,8365889400.0
2016-05-17,'601016,节能风电,10.09,10.18,10.03,10.18,10.11,-0.02,-0.1978,0.4488,3670482,37029599.0,20964800200.0,8251400200.0
2016-05-16,'601016,节能风电,10.11,10.12,9.95,10.07,10.06,0.05,0.497,0.5183,4238781,42624665.0,21006355800.0,8267755800.0
2016-05-13,'601016,节能风电,10.06,10.25,10.0,10.2,10.2,-0.14,-1.3725,0.5582,4565027,46164803.0,20902466800.0,8226866800.0
2016-05-12,'601016,节能风电,10.2,10.33,9.79,9.93,10.06,0.14,1.3917,0.8404,6872238,69257971.0,21193356000.0,8341356000.0
2016-05-11,'601016,节能风电,10.06,10.3,10.02,10.28,10.25,-0.19,-1.8537,0.5528,4520622,45778475.0,20902466800.0,8226866800.0
2016-05-10,'601016,节能风电,10.25,10.52,9.92,10.08,10.0,0.25,2.5,0.7742,6331566,64624778.0,21297245000.0,8382245000.0
2016-05-09,'601016,节能风电,10.0,10.1,9.91,10.1,10.14,-0.14,-1.3807,0.7598,6213147,62055390.0,20777800000.0,8177800000.0
2016-05-06,'601016,节能风电,10.14,10.65,10.04,10.63,10.59,-0.45,-4.2493,1.1796,9646648,99788732.0,21068689200.0,8292289200.0
2016-05-05,'601016,节能风电,10.59,10.62,10.46,10.53,10.53,0.06,0.5698,0.5487,4487192,47322480.0,22003690200.0,8660290200.0
2016-05-04,'601016,节能风电,10.53,10.64,10.46,10.55,10.59,-0.06,-0.5666,0.8741,7148195,75264872.0,21879023400.0,8611223400.0
2016-05-03,'601016,节能风电,10.59,10.6,10.26,10.32,10.26,0.33,3.2164,0.7099,5805429,60859384.0,22003690200.0,8660290200.0
2016-04-29,'601016,节能风电,10.26,10.38,10.2,10.33,10.37,-0.11,-1.0608,0.4763,3894772,40065970.0,21318022800.0,8390422800.0
2016-04-28,'601016,节能风电,10.37,10.6,10.26,10.57,10.53,-0.16,-1.5195,0.6087,4978068,51605387.0,21546578600.0,8480378600.0
2016-04-27,'601016,节能风电,10.53,10.63,10.5,10.58,10.58,-0.05,-0.4726,0.4351,3558132,37573516.0,21879023400.0,8611223400.0
2016-04-26,'601016,节能风电,10.58,10.6,10.4,10.49,10.48,0.1,0.9542,0.3472,2839119,29879775.0,21982912400.0,8652112400.0
2016-04-25,'601016,节能风电,10.48,10.57,10.32,10.57,10.57,-0.09,-0.8515,0.3975,3250908,33886354.0,21775134400.0,8570334400.0
2016-04-22,'601016,节能风电,10.57,10.59,10.31,10.31,10.48,0.09,0.8588,0.4626,3782797,39701816.0,21962134600.0,8643934600.0
2016-04-21,'601016,节能风电,10.48,10.69,10.45,10.65,10.63,-0.15,-1.4111,0.611,4996495,52931865.0,21775134400.0,8570334400.0
2016-04-20,'601016,节能风电,10.63,11.4,10.33,11.38,11.38,-0.75,-6.5905,1.2006,9818563,106282602.0,22086801400.0,8693001400.0
2016-04-19,'601016,节能风电,11.38,11.46,11.25,11.37,11.31,0.07,0.6189,0.6258,5117471,57960456.0,23645136400.0,9306336400.0
2016-04-18,'601016,节能风电,11.31,11.5,11.23,11.45,11.59,-0.28,-2.4159,0.7915,6472617,73319786.0,23499691800.0,9249091800.0
2016-04-15,'601016,节能风电,11.59,11.65,11.41,11.65,11.75,-0.16,-1.3617,1.4466,11829843,136395589.0,24081470200.0,9478070200.0
2016-04-14,'601016,节能风电,11.75,11.76,11.53,11.62,11.61,0.14,1.2059,0.9378,7669164,89430492.0,24413915000.0,9608915000.0
2016-04-13,'601016,节能风电,11.61,11.83,11.59,11.59,11.52,0.09,0.7813,1.43,11694238,137048208.0,24123025800.0,9494425800.0
2016-04-12,'601016,节能风电,11.52,11.58,11.33,11.48,11.55,-0.03,-0.2597,0.6378,5215408,59550780.0,23936025600.0,9420825600.0
2016-04-11,'601016,节能风电,11.55,11.64,11.41,11.48,11.36,0.19,1.6725,0.9258,7571064,87407644.0,23998359000.0,9445359000.0
2016-04-08,'601016,节能风电,11.36,11.58,11.25,11.38,11.63,-0.27,-2.3216,1.0313,8433647,95651237.0,23603580800.0,9289980800.0
2016-04-07,'601016,节能风电,11.63,12.3,11.61,11.69,11.6,0.03,0.2586,2.0506,16769173,199943062.0,24164581400.0,9510781400.0
2016-04-06,'601016,节能风电,11.6,11.66,11.5,11.61,11.63,-0.03,-0.258,1.078,8815850,102060364.0,24102248000.0,9486248000.0
2016-04-05,'601016,节能风电,11.63,11.66,11.28,11.36,11.33,0.3,2.6478,1.3152,10755798,123944268.0,24164581400.0,9510781400.0
2016-04-01,'601016,节能风电,11.33,11.34,11.11,11.29,11.37,-0.04,-0.3518,0.7884,6447594,72280581.0,23541247400.0,9265447400.0
2016-03-31,'601016,节能风电,11.37,11.65,11.24,11.58,11.44,-0.07,-0.6119,0.9532,7795456,88967813.0,23624358600.0,9298158600.0
2016-03-30,'601016,节能风电,11.44,11.49,11.12,11.14,11.08,0.36,3.2491,0.8232,6732069,76152040.0,23769803200.0,9355403200.0
2016-03-29,'601016,节能风电,11.08,11.45,11.0,11.45,11.34,-0.26,-2.2928,0.7101,5806740,64765044.0,23021802400.0,9061002400.0
2016-03-28,'601016,节能风电,11.34,11.55,11.3,11.37,11.29,0.05,0.4429,0.9795,8010554,91539366.0,23562025200.0,9273625200.0
2016-03-25,'601016,节能风电,11.29,11.35,11.1,11.17,11.18,0.11,0.9839,0.7024,5743879,64459264.0,23458136200.0,9232736200.0
2016-03-24,'601016,节能风电,11.18,11.43,11.16,11.36,11.43,-0.25,-2.1872,1.0026,8199122,92492279.0,23229580400.0,9142780400.0
2016-03-23,'601016,节能风电,11.43,11.48,11.26,11.3,11.44,-0.01,-0.0874,1.1166,9131727,103833436.0,23749025400.0,9347225400.0
2016-03-22,'601016,节能风电,11.44,11.95,11.31,11.54,11.54,-0.1,-0.8666,1.6317,13343583,154689311.0,23769803200.0,9355403200.0
2016-03-21,'601016,节能风电,11.54,11.57,11.18,11.29,11.18,0.36,3.22,1.6368,13385379,152680003.0,23977581200.0,9437181200.0
2016-03-18,'601016,节能风电,11.18,11.23,10.75,10.8,10.73,0.45,4.1938,1.4545,11894260,131294310.0,23229580400.0,9142780400.0
2016-03-17,'601016,节能风电,10.73,10.85,10.44,10.56,10.45,0.28,2.6794,0.8389,6860542,73084589.0,22294579400.0,8774779400.0
2016-03-16,'601016,节能风电,10.45,10.78,10.44,10.7,10.62,-0.17,-1.6008,0.489,3998759,42143388.0,21712801000.0,8545801000.0
2016-03-15,'601016,节能风电,10.62,10.79,10.58,10.79,10.74,-0.12,-1.1173,0.5032,4115423,43828145.0,22066023600.0,8684823600.0
2016-03-14,'601016,节能风电,10.74,10.8,10.53,10.6,10.35,0.39,3.7681,0.7845,6415600,68718857.0,22315357200.0,8782957200.0
2016-03-11,'601016,节能风电,10.35,10.44,10.16,10.29,10.41,-0.06,-0.5764,0.4917,4021038,41497434.0,21505023000.0,8464023000.0
2016-03-10,'601016,节能风电,10.41,10.86,10.35,10.59,10.7,-0.29,-2.7103,0.6584,5384570,56934587.0,21629689800.0,8513089800.0
2016-03-09,'601016,节能风电,10.7,10.94,10.43,10.68,10.84,-0.14,-1.2915,0.7192,5881151,63140551.0,22232246000.0,8750246000.0
2016-03-08,'601016,节能风电,10.84,10.87,10.31,10.76,10.83,0.01,0.0923,0.7182,5873392,61981816.0,22523135200.0,8864735200.0
2016-03-07,'601016,节能风电,10.83,10.98,10.61,10.7,10.55,0.28,2.654,0.7396,6047964,65505154.0,22502357400.0,8856557400.0
2016-03-04,'601016,节能风电,10.55,11.23,10.28,11.1,10.94,-0.39,-3.5649,1.0698,8748291,94245217.0,21920579000.0,8627579000.0
2016-03-03,'601016,节能风电,10.94,11.28,10.9,11.0,10.93,0.01,0.0915,1.1477,9385975,104216094.0,22730913200.0,8946513200.0
2016-03-02,'601016,节能风电,10.93,10.98,10.35,10.37,10.42,0.51,4.8944,1.1311,9250029,98935820.0,22710135400.0,8938335400.0
2016-03-01,'601016,节能风电,10.42,10.45,10.08,10.19,10.19,0.23,2.2571,0.7155,5851415,60227195.0,21650467600.0,8521267600.0
2016-02-29,'601016,节能风电,10.19,10.83,9.88,10.53,10.86,-0.67,-6.1694,0.9838,8045455,81923338.0,21172578200.0,8333178200.0
2016-02-26,'601016,节能风电,10.86,11.33,10.51,11.14,11.11,-0.25,-2.2502,1.1048,9035208,97885948.0,22564690800.0,8881090800.0
2016-02-25,'601016,节能风电,11.11,12.29,11.11,12.29,12.34,-1.23,-9.9676,1.9227,15723278,181871155.0,23084135800.0,9085535800.0
2016-02-24,'601016,节能风电,12.34,12.79,12.03,12.03,12.21,0.13,1.0647,1.2354,10102513,125306781.0,25639805200.0,10091405200.0
2016-02-23,'601016,节能风电,12.21,12.59,12.08,12.58,12.63,-0.42,-3.3254,1.4044,11484952,141137116.0,25369693800.0,9985093800.0
2016-02-22,'601016,节能风电,12.63,12.8,12.22,12.69,12.53,0.1,0.7981,2.1009,17180540,213456152.0,26242361400.0,10328561400.0
2016-02-19,'601016,节能风电,12.53,12.98,12.0,12.2,12.02,0.51,4.2429,3.2392,26489252,330996038.0,26034583400.0,10246783400.0
2016-02-18,'601016,节能风电,12.02,12.02,10.89,11.0,10.93,1.09,9.9726,1.484,12135627,141119532.0,24974915600.0,9829715600.0
2016-02-17,'601016,节能风电,10.93,11.1,10.53,10.64,10.64,0.29,2.7256,1.105,9036567,98245815.0,22710135400.0,8938335400.0
2016-02-16,'601016,节能风电,10.64,10.68,10.22,10.22,10.18,0.46,4.5187,0.9025,7380799,77961009.0,22107579200.0,8701179200.0
2016-02-15,'601016,节能风电,10.18,10.33,9.9,10.0,10.39,-0.21,-2.0212,0.4384,3585492,36257542.0,21151800400.0,8325000400.0
2016-02-05,'601016,节能风电,10.39,10.63,10.35,10.6,10.56,-0.17,-1.6098,0.5278,4315899,45180412.0,21588134200.0,8496734200.0
2016-02-04,'601016,节能风电,10.56,10.64,10.4,10.63,10.36,0.2,1.9305,0.7409,6058850,63843601.0,21941356800.0,8635756800.0
2016-02-03,'601016,节能风电,10.36,10.42,10.11,10.3,10.4,-0.04,-0.3846,0.4972,4065700,41628275.0,21525800800.0,8472200800.0
2016-02-02,'601016,节能风电,10.4,10.47,10.15,10.15,10.09,0.31,3.0723,0.6783,5546765,57470456.0,21608912000.0,8504912000.0
2016-02-01,'601016,节能风电,10.09,10.45,9.95,10.2,10.28,-0.19,-1.8482,0.513,4195501,42579885.0,20964800200.0,8251400200.0
2016-01-29,'601016,节能风电,10.28,10.4,9.89,10.0,9.98,0.3,3.006,0.8598,7031169,71646839.0,21359578400.0,8406778400.0
2016-01-28,'601016,节能风电,9.98,10.46,9.95,10.18,10.14,-0.16,-1.5779,0.9092,7435128,76149315.0,20736244400.0,8161444400.0
2016-01-27,'601016,节能风电,10.14,10.85,9.8,10.78,10.65,-0.51,-4.7887,0.8848,7235491,74040196.0,21068689200.0,8292289200.0
2016-01-26,'601016,节能风电,10.65,11.65,10.65,11.6,11.83,-1.18,-9.9746,0.9662,7901286,88396609.0,22128357000.0,8709357000.0
2016-01-25,'601016,节能风电,11.83,12.0,11.3,11.42,11.29,0.54,4.783,1.1446,9360615,109403265.0,24580137400.0,9674337400.0
2016-01-22,'601016,节能风电,11.29,11.49,11.04,11.33,11.22,0.07,0.6239,0.6365,5204992,58677362.0,23458136200.0,9232736200.0
2016-01-21,'601016,节能风电,11.22,11.92,11.2,11.71,12.0,-0.78,-6.5,0.9944,8131931,94452739.0,23312691600.0,9175491600.0
2016-01-20,'601016,节能风电,12.0,12.58,11.3,11.74,11.77,0.23,1.9541,1.6507,13499247,160459014.0,24933360000.0,9813360000.0
2016-01-19,'601016,节能风电,11.77,11.81,11.12,11.25,11.41,0.36,3.1551,1.2649,10344106,118808600.0,24455470600.0,9625270600.0
2016-01-18,'601016,节能风电,11.41,11.57,10.75,10.8,11.55,-0.14,-1.2121,1.2544,10258196,114956202.0,23707469800.0,9330869800.0
2016-01-15,'601016,节能风电,11.55,12.1,11.41,12.0,12.18,-0.63,-5.1724,0.7663,6266276,73484409.0,23998359000.0,9445359000.0
2016-01-14,'601016,节能风电,12.18,12.2,11.35,11.5,11.92,0.26,2.1812,0.8917,7292212,86072082.0,25307360400.0,9960560400.0
2016-01-13,'601016,节能风电,11.92,12.53,11.8,12.35,12.3,-0.38,-3.0894,0.7985,6529846,79532974.0,24767137600.0,9747937600.0
2016-01-12,'601016,节能风电,12.3,12.52,12.01,12.2,12.28,0.02,0.1629,0.7437,6081915,74517956.0,25556694000.0,10058694000.0
2016-01-11,'601016,节能风电,12.28,13.16,12.15,13.05,13.16,-0.88,-6.6869,1.0351,8464687,107917883.0,25515138400.0,10042338400.0
2016-01-08,'601016,节能风电,13.16,13.6,12.0,13.2,12.77,0.39,3.054,1.1047,9034324,118136364.0,27343584800.0,10761984800.0
2016-01-07,'601016,节能风电,12.77,13.93,12.67,13.93,14.07,-1.3,-9.2395,0.2445,1999415,26748562.0,26533250600.0,10443050600.0
2016-01-06,'601016,节能风电,14.07,14.1,13.7,13.72,13.64,0.43,3.1525,0.9528,7792005,108299733.0,29234364600.0,11506164600.0
2016-01-05,'601016,节能风电,13.64,14.35,13.0,13.5,14.2,-0.56,-3.9437,1.3027,10653556,145944296.0,28340919200.0,11154519200.0
2016-01-04,'601016,节能风电,14.2,15.81,14.2,15.78,15.78,-1.58,-10.0127,0.9007,7365424,110120802.0,29504476000.0,11612476000.0
2015-12-31,'601016,节能风电,15.78,16.14,15.75,16.1,15.98,-0.2,-1.2516,0.6929,5666489,89968122.0,28053368400.0,12904568400.0
2015-12-30,'601016,节能风电,15.98,16.05,15.78,15.96,15.96,0.02,0.1253,0.8055,6587076,104904510.0,28408924400.0,13068124400.0
2015-12-29,'601016,节能风电,15.96,16.12,15.55,15.97,15.99,-0.03,-0.1876,1.2431,10166081,160250071.0,28373368800.0,13051768800.0
2015-12-28,'601016,节能风电,15.99,16.62,15.98,16.5,16.45,-0.46,-2.7964,1.2145,9931971,161337064.0,28426702200.0,13076302200.0
2015-12-25,'601016,节能风电,16.45,16.6,16.36,16.47,16.42,0.03,0.1827,0.7422,6069606,99922261.0,29244481000.0,13452481000.0
2015-12-24,'601016,节能风电,16.42,16.6,16.08,16.4,16.62,-0.2,-1.2034,0.9743,7968032,130198045.0,29191147600.0,13427947600.0
2015-12-23,'601016,节能风电,16.62,17.29,16.59,17.01,17.23,-0.61,-3.5403,1.6867,13793179,233525269.0,29546703600.0,13591503600.0
2015-12-22,'601016,节能风电,17.23,17.45,16.56,16.75,16.65,0.58,3.4835,2.564,20967617,357312984.0,30631149400.0,14090349400.0
2015-12-21,'601016,节能风电,16.65,16.78,16.33,16.46,16.45,0.2,1.2158,1.2164,9947384,164822399.0,29600037000.0,13616037000.0
2015-12-18,'601016,节能风电,16.45,16.73,16.33,16.73,16.73,-0.28,-1.6736,1.1913,9741890,160546275.0,29244481000.0,13452481000.0
2015-12-17,'601016,节能风电,16.73,16.99,16.08,16.1,16.11,0.62,3.8485,1.7925,14659097,244537663.0,29742259400.0,13681459400.0
2015-12-16,'601016,节能风电,16.11,16.35,16.05,16.1,16.11,0.0,0.0,0.9614,7861979,127201276.0,28640035800.0,13174435800.0
2015-12-15,'601016,节能风电,16.11,16.38,15.83,15.83,15.93,0.18,1.1299,0.9648,7889688,127356769.0,28640035800.0,13174435800.0
2015-12-14,'601016,节能风电,15.93,16.0,15.33,15.48,15.71,0.22,1.4004,1.0772,8809184,137914960.0,28320035400.0,13027235400.0
2015-12-11,'601016,节能风电,15.71,16.2,15.65,16.08,16.08,-0.37,-2.301,1.1513,9415494,149193200.0,27928923800.0,12847323800.0
2015-12-10,'601016,节能风电,16.08,16.29,16.0,16.15,16.42,-0.34,-2.0706,1.1941,9765201,157276602.0,28586702400.0,13149902400.0
2015-12-09,'601016,节能风电,16.42,17.0,16.1,16.25,16.01,0.41,2.5609,1.9749,16150643,268288609.0,29191147600.0,13427947600.0
2015-12-08,'601016,节能风电,16.01,16.47,15.93,16.47,16.57,-0.56,-3.3796,1.188,9714825,156752717.0,28462257800.0,13092657800.0
2015-12-07,'601016,节能风电,16.57,16.74,16.16,16.4,16.43,0.14,0.8521,1.1746,9605298,157917256.0,29457814600.0,13550614600.0
2015-12-04,'601016,节能风电,16.43,16.69,16.25,16.69,16.75,-0.32,-1.9104,1.333,10900737,179459147.0,29208925400.0,13436125400.0
2015-12-03,'601016,节能风电,16.75,16.83,16.3,16.48,16.34,0.41,2.5092,1.6051,13126506,216949733.0,29777815000.0,13697815000.0
2015-12-02,'601016,节能风电,16.34,16.48,15.5,16.43,16.45,-0.11,-0.6687,1.2792,10461045,168311996.0,29048925200.0,13362525200.0
2015-12-01,'601016,节能风电,16.45,16.89,16.15,16.8,16.74,-0.29,-1.7324,1.4949,12224953,201450074.0,29244481000.0,13452481000.0
2015-11-30,'601016,节能风电,16.74,17.18,15.1,16.61,16.59,0.15,0.9042,2.1953,17953007,295030753.0,29760037200.0,13689637200.0
2015-11-27,'601016,节能风电,16.59,18.4,16.58,18.3,18.42,-1.83,-9.9349,2.4969,20418952,356719531.0,29493370200.0,13566970200.0
2015-11-26,'601016,节能风电,18.42,18.97,18.36,18.85,18.82,-0.4,-2.1254,1.9997,16353398,303316288.0,32746707600.0,15063507600.0
2015-11-25,'601016,节能风电,18.82,19.19,18.45,18.57,18.68,0.14,0.7495,2.0846,17047203,320269525.0,33457819600.0,15390619600.0
2015-11-24,'601016,节能风电,18.68,18.85,18.17,18.85,18.85,-0.17,-0.9019,1.9882,16258962,300500200.0,33208930400.0,15276130400.0
2015-11-23,'601016,节能风电,18.85,19.98,18.8,19.19,19.18,-0.33,-1.7205,3.6329,29709439,577862059.0,33511153000.0,15415153000.0
2015-11-20,'601016,节能风电,19.18,19.43,18.29,18.47,18.49,0.69,3.7317,4.2366,34646261,656593928.0,34097820400.0,15685020400.0
2015-11-19,'601016,节能风电,18.49,18.59,18.02,18.51,18.39,0.1,0.5438,2.2831,18670786,340983719.0,32871152200.0,15120752200.0
2015-11-18,'601016,节能风电,18.39,18.67,17.93,17.93,17.91,0.48,2.6801,3.1453,25721851,473466029.0,32693374200.0,15038974200.0
2015-11-17,'601016,节能风电,17.91,18.54,17.84,18.5,18.26,-0.35,-1.9168,2.402,19643377,357759251.0,31840039800.0,14646439800.0
2015-11-16,'601016,节能风电,18.26,18.27,17.51,17.74,18.17,0.09,0.4953,2.2147,18111389,323304817.0,32462262800.0,14932662800.0
2015-11-13,'601016,节能风电,18.17,18.99,18.06,18.99,19.14,-0.97,-5.0679,2.8555,23351896,430801542.0,32302262600.0,14859062600.0
2015-11-12,'601016,节能风电,19.14,19.66,18.75,19.44,18.69,0.45,2.4077,4.385,35859382,687802278.0,34026709200.0,15652309200.0
2015-11-11,'601016,节能风电,18.69,18.74,18.18,18.49,18.49,0.2,1.0817,3.1107,25438945,469180036.0,33226708200.0,15284308200.0
2015-11-10,'601016,节能风电,18.49,18.94,18.2,18.4,18.63,-0.14,-0.7515,3.0638,25055324,464367312.0,32871152200.0,15120752200.0
2015-11-09,'601016,节能风电,18.63,18.96,17.68,18.2,18.44,0.19,1.0304,3.935,32179393,589725406.0,33120041400.0,15235241400.0
2015-11-06,'601016,节能风电,18.44,18.8,18.25,18.25,18.19,0.25,1.3744,3.137,25653673,475141706.0,32782263200.0,15079863200.0
2015-11-05,'601016,节能风电,18.19,18.55,18.01,18.35,18.34,-0.15,-0.8179,3.2569,26633884,485522241.0,32337818200.0,14875418200.0
2015-11-04,'601016,节能风电,18.34,18.49,17.65,17.69,17.53,0.81,4.6207,3.0349,24818769,449852473.0,32604485200.0,14998085200.0
2015-11-03,'601016,节能风电,17.53,17.85,17.03,17.55,17.41,0.12,0.6893,1.8606,15215526,264123453.0,31164483400.0,14335683400.0
2015-11-02,'601016,节能风电,17.41,18.27,17.0,17.3,17.69,-0.28,-1.5828,2.2349,18276159,325450911.0,30951149800.0,14237549800.0
2015-10-30,'601016,节能风电,17.69,18.4,17.5,18.4,18.45,-0.76,-4.1192,2.9993,24527318,437496835.0,31448928200.0,14466528200.0
2015-10-29,'601016,节能风电,18.45,19.33,18.16,19.16,19.16,-0.71,-3.7056,4.0519,33135583,614673738.0,32800041000.0,15088041000.0
2015-10-28,'601016,节能风电,19.16,20.18,17.91,18.3,18.63,0.53,2.8449,6.0404,49396930,947711758.0,34062264800.0,15668664800.0
2015-10-27,'601016,节能风电,18.63,18.92,17.45,18.2,18.03,0.6,3.3278,6.2464,51081954,940478703.0,33120041400.0,15235241400.0
2015-10-26,'601016,节能风电,18.03,18.03,16.55,16.81,16.39,1.64,10.0061,4.8322,39517099,690405137.0,32053373400.0,14744573400.0
2015-10-23,'601016,节能风电,16.39,16.67,15.97,16.43,16.4,-0.01,-0.061,3.1093,25427308,413990406.0,29137814200.0,13403414200.0
2015-10-22,'601016,节能风电,16.4,16.7,15.0,15.58,16.07,0.33,2.0535,3.5753,29238025,467920680.0,29155592000.0,13411592000.0
2015-10-21,'601016,节能风电,16.07,17.88,16.07,17.81,17.85,-1.78,-9.972,3.1438,25709014,436116258.0,28568924600.0,13141724600.0
2015-10-20,'601016,节能风电,17.85,17.98,17.44,17.82,17.87,-0.02,-0.1119,2.7738,22683342,401477591.0,31733373000.0,14597373000.0
2015-10-19,'601016,节能风电,17.87,18.48,17.5,17.8,18.02,-0.15,-0.8324,3.6495,29844588,533443465.0,31768928600.0,14613728600.0
2015-10-16,'601016,节能风电,18.02,18.49,17.6,18.16,18.16,-0.14,-0.7709,4.3084,35233366,637200241.0,32035595600.0,14736395600.0
2015-10-15,'601016,节能风电,18.16,18.78,16.9,17.19,17.23,0.93,5.3976,4.7598,38924390,685482302.0,32284484800.0,14850884800.0
2015-10-14,'601016,节能风电,17.23,17.8,16.3,16.72,16.94,0.29,1.7119,5.0495,41294176,704318779.0,30631149400.0,14090349400.0
2015-10-13,'601016,节能风电,16.94,17.38,16.44,16.65,16.95,-0.01,-0.059,3.3365,27285019,459214243.0,30115593200.0,13853193200.0
2015-10-12,'601016,节能风电,16.95,17.5,16.1,16.37,16.38,0.57,3.4799,4.1689,34092527,578261239.0,30133371000.0,13861371000.0
2015-10-09,'601016,节能风电,16.38,16.88,15.45,15.95,15.88,0.5,3.1486,4.0597,33199138,529728599.0,29120036400.0,13395236400.0
2015-10-08,'601016,节能风电,15.88,15.88,14.9,15.18,14.44,1.44,9.9723,3.4302,28051258,429794119.0,28231146400.0,12986346400.0
2015-09-30,'601016,节能风电,14.44,14.88,14.26,14.26,14.25,0.19,1.3333,2.6603,21755298,318410626.0,25671143200.0,11808743200.0
2015-09-29,'601016,节能风电,14.25,14.87,14.2,14.73,15.34,-1.09,-7.1056,3.2405,26499980,384222027.0,25333365000.0,11653365000.0
2015-09-28,'601016,节能风电,15.34,15.48,14.69,15.1,15.62,-0.28,-1.7926,18.7077,33258528,501590790.0,27271145200.0,2727145200.0
2015-09-25,'601016,节能风电,15.62,17.65,15.22,17.4,16.89,-1.27,-7.5192,32.5025,57783002,957688072.0,27768923600.0,2776923600.0
2015-09-24,'601016,节能风电,16.89,16.89,15.6,15.98,15.35,1.54,10.0326,29.2063,51923011,856471475.0,30026704200.0,3002704200.0
2015-09-23,'601016,节能风电,15.35,15.35,13.45,13.75,13.95,1.4,10.0358,27.6611,49175924,735097493.0,27288923000.0,2728923000.0
2015-09-22,'601016,节能风电,13.95,14.2,13.44,13.55,13.85,0.1,0.722,19.1176,33987313,471713154.0,24800031000.0,2480031000.0
2015-09-21,'601016,节能风电,13.85,14.06,12.17,12.84,13.19,0.66,5.0038,20.1413,35807287,471617094.0,24622253000.0,2462253000.0
2015-09-18,'601016,节能风电,13.19,14.34,13.01,14.34,14.41,-1.22,-8.4663,19.8159,35228770,473842175.0,23448918200.0,2344918200.0
2015-09-17,'601016,节能风电,14.41,15.9,14.41,15.61,16.01,-1.6,-9.9938,18.4521,32804192,497881892.0,25617809800.0,2561809800.0
2015-09-16,'601016,节能风电,16.01,16.69,13.86,13.86,15.23,0.78,5.1215,19.434,34549843,523424691.0,28462257800.0,2846257800.0
2015-09-15,'601016,节能风电,15.23,15.68,15.23,15.25,16.92,-1.69,-9.9882,8.6804,15432039,236089034.0,27075589400.0,2707589400.0
2015-09-14,'601016,节能风电,16.92,19.28,16.92,18.97,18.8,-1.88,-10.0,12.8426,22831524,406020063.0,30080037600.0,3008037600.0
2015-09-11,'601016,节能风电,18.8,19.47,18.25,18.47,18.56,0.24,1.2931,14.6417,26030003,491602723.0,33422264000.0,3342264000.0
2015-09-10,'601016,节能风电,18.56,19.84,18.4,18.49,20.09,-1.53,-7.6157,23.0299,40942645,783413398.0,32995596800.0,3299596800.0
2015-09-09,'601016,节能风电,20.09,20.09,17.34,18.01,18.26,1.83,10.0219,37.6883,67002218,1240058003.0,35715600200.0,3571600200.0
2015-09-08,'601016,节能风电,18.26,18.88,17.9,17.9,19.89,-1.63,-8.1951,19.978,35516817,638385311.0,32462262800.0,3246262800.0
2015-09-07,'601016,节能风电,19.89,22.0,19.34,20.33,21.49,-1.6,-7.4453,9.3285,16584248,339226869.0,35360044200.0,3536044200.0
2015-09-02,'601016,节能风电,21.49,22.75,20.87,20.87,23.19,-1.7,-7.3307,11.1497,19822024,420818216.0,38204492200.0,3820492200.0
2015-09-01,'601016,节能风电,23.19,24.5,22.09,23.47,24.54,-1.35,-5.5012,10.3253,18356281,408659744.0,41226718200.0,4122718200.0
2015-08-31,'601016,节能风电,24.54,26.7,24.54,26.7,27.27,-2.73,-10.011,9.851,17513032,434893216.0,43626721200.0,4362721200.0
2015-08-28,'601016,节能风电,27.27,27.4,25.43,25.6,26.14,1.13,4.3229,17.539,31180746,828597780.0,48480060600.0,4848060600.0
2015-08-27,'601016,节能风电,26.14,26.69,23.46,25.4,26.07,0.07,0.2685,7.5621,13443942,332527820.0,46471169200.0,4647169200.0
2015-08-26,'601016,节能风电,26.07,29.26,23.95,23.95,26.61,-0.54,-2.0293,11.8436,21055485,542830139.0,46346724600.0,4634724600.0
2015-08-25,'601016,节能风电,26.61,27.44,26.61,26.61,29.57,-2.96,-10.0101,4.478,7961004,212650197.0,47306725800.0,4730725800.0
2015-08-24,'601016,节能风电,29.57,31.8,29.57,30.0,32.85,-3.28,-9.9848,2.2218,3949901,117660114.0,52568954600.0,5256954600.0
2015-08-21,'601016,节能风电,32.85,33.51,30.17,33.51,33.51,-0.66,-1.9696,5.3998,9599727,307351080.0,58400073000.0,5840073000.0
2015-08-20,'601016,节能风电,33.51,35.77,32.36,35.77,34.38,-0.87,-2.5305,6.0797,10808429,367952595.0,59573407800.0,5957407800.0
2015-08-19,'601016,节能风电,34.38,36.3,31.0,33.0,33.38,1.0,2.9958,7.9972,14217426,478565994.0,61120076400.0,6112076400.0
2015-08-18,'601016,节能风电,33.38,34.88,32.2,34.0,33.88,-0.5,-1.4758,9.4645,16825991,557956822.0,59342296400.0,5934296400.0
2015-08-17,'601016,节能风电,33.88,34.3,31.2,32.15,31.84,2.04,6.407,8.886,15797587,524092172.0,60231186400.0,6023186400.0
2015-08-14,'601016,节能风电,31.84,32.45,30.7,31.28,30.91,0.93,3.0087,7.3994,13154727,413638393.0,56604515200.0,5660515200.0
2015-08-13,'601016,节能风电,30.91,31.75,28.05,28.6,28.86,2.05,7.1033,11.2688,20033664,593244442.0,54951179800.0,5495179800.0
2015-08-12,'601016,节能风电,28.86,28.86,25.1,25.6,26.24,2.62,9.9848,10.3699,18435611,513618077.0,51306730800.0,5130730800.0
2015-08-11,'601016,节能风电,26.24,27.33,26.0,27.33,26.25,-0.01,-0.0381,8.5132,15134724,403395939.0,46648947200.0,4664947200.0
2015-08-10,'601016,节能风电,26.25,26.25,23.89,23.89,23.86,2.39,10.0168,11.3978,20263074,526136761.0,46666725000.0,4666725000.0
2015-08-07,'601016,节能风电,23.86,23.97,21.71,22.23,22.22,1.64,7.3807,6.7025,11915763,274419126.0,42417830800.0,4241830800.0
2015-08-06,'601016,节能风电,22.22,23.83,21.01,21.25,21.66,0.56,2.5854,3.4193,6078815,134120761.0,39502271600.0,3950271600.0
2015-08-05,'601016,节能风电,21.66,22.52,21.55,22.52,22.52,-0.86,-3.8188,3.7875,6733474,148346252.0,38506714800.0,3850714800.0
2015-08-04,'601016,节能风电,22.52,22.88,20.06,22.25,22.02,0.5,2.2707,5.8346,10372763,230050651.0,40035605600.0,4003605600.0
2015-08-03,'601016,节能风电,22.02,22.29,21.07,21.41,21.95,0.07,0.3189,4.8931,8698889,188250082.0,39146715600.0,3914715600.0
2015-07-31,'601016,节能风电,21.95,22.14,21.06,21.21,22.14,-0.19,-0.8582,6.207,11034784,237507584.0,39022271000.0,3902271000.0
2015-07-30,'601016,节能风电,22.14,23.9,21.91,23.81,23.57,-1.43,-6.067,11.1757,19868173,452245039.0,39360049200.0,3936049200.0
2015-07-29,'601016,节能风电,23.57,23.78,21.8,22.5,22.25,1.32,5.9326,4.3266,7691890,173672569.0,41902274600.0,4190274600.0
2015-07-28,'601016,节能风电,22.25,22.8,19.84,21.0,22.04,0.21,0.9528,8.3697,14879587,319878887.0,39555605000.0,3955605000.0
2015-07-27,'601016,节能风电,22.04,23.99,21.5,23.1,23.82,-1.78,-7.4727,10.567,18786066,429768865.0,39182271200.0,3918271200.0
2015-07-24,'601016,节能风电,23.82,25.0,23.48,23.75,23.98,-0.16,-0.6672,8.2635,14690923,357358857.0,42346719600.0,4234719600.0
2015-07-23,'601016,节能风电,23.98,24.22,22.0,23.12,23.46,0.52,2.2165,9.1893,16336671,383674090.0,42631164400.0,4263164400.0
2015-07-22,'601016,节能风电,23.46,23.89,22.5,23.45,23.46,0.0,0.0,6.0453,10747254,248583879.0,41706718800.0,4170718800.0
2015-07-21,'601016,节能风电,23.46,23.89,22.2,22.9,23.23,0.23,0.9901,6.9376,12333648,286605172.0,41706718800.0,4170718800.0
2015-07-20,'601016,节能风电,23.23,24.5,22.72,23.18,23.46,-0.23,-0.9804,8.3432,14832453,348695313.0,41297829400.0,4129829400.0
2015-07-17,'601016,节能风电,23.46,23.8,21.3,21.87,21.66,1.8,8.3102,9.5586,16993283,384653301.0,41706718800.0,4170718800.0
2015-07-16,'601016,节能风电,21.66,21.99,19.13,19.77,21.03,0.63,2.9957,9.4829,16858775,354911757.0,38506714800.0,3850714800.0
2015-07-15,'601016,节能风电,21.03,23.11,19.5,23.11,21.01,0.02,0.0952,14.8587,26415750,561803942.0,37386713400.0,3738713400.0
2015-07-14,'601016,节能风电,21.01,21.01,21.01,21.01,19.1,1.91,10.0,0.333,592001,12437941.0,37351157800.0,3735157800.0
2015-07-13,'601016,节能风电,19.1,19.1,19.1,19.1,17.36,1.74,10.023,1.7657,3139126,59957307.0,33955598000.0,3395598000.0
2015-07-10,'601016,节能风电,0.0,0.0,0.0,0.0,17.36,None,None,0.0,0,0.0,30862260800.0,3086260800.0
2015-07-09,'601016,节能风电,0.0,0.0,0.0,0.0,17.36,None,None,0.0,0,0.0,30862260800.0,3086260800.0
2015-07-08,'601016,节能风电,17.36,17.37,17.36,17.36,19.29,-1.93,-10.0052,8.9293,15874500,275583732.0,30862260800.0,3086260800.0
2015-07-07,'601016,节能风电,19.29,20.0,19.29,19.8,21.43,-2.14,-9.986,6.2037,11028894,213889644.0,34293376200.0,3429376200.0
2015-07-06,'601016,节能风电,21.43,23.6,19.79,23.6,21.99,-0.56,-2.5466,15.913,28290105,580522651.0,38097825400.0,3809825400.0
2015-07-03,'601016,节能风电,21.99,22.8,21.99,21.99,24.43,-2.44,-9.9877,6.4,11377953,250499106.0,39093382200.0,3909382200.0
2015-07-02,'601016,节能风电,24.43,27.98,24.43,27.14,27.14,-2.71,-9.9853,7.9749,14177837,353407348.0,43431165400.0,4343165400.0
2015-07-01,'601016,节能风电,27.14,29.55,25.97,27.9,28.86,-1.72,-5.9598,14.3001,25422738,705569011.0,48248949200.0,4824949200.0
2015-06-30,'601016,节能风电,28.86,30.45,27.35,27.35,30.39,-1.53,-5.0346,15.0664,26785081,768567958.0,51306730800.0,5130730800.0
2015-06-29,'601016,节能风电,30.39,33.75,30.39,33.75,33.77,-3.38,-10.0089,17.8008,31646178,996443444.0,54026734200.0,5402734200.0
2015-06-26,'601016,节能风电,33.77,33.86,27.7,28.5,30.78,2.99,9.7141,9.1043,16185643,467394181.0,60035630600.0,6003630600.0
2015-06-25,'601016,节能风电,30.78,32.9,29.75,32.9,33.06,-2.28,-6.8966,13.2098,23484416,730536643.0,54720068400.0,5472068400.0
2015-06-24,'601016,节能风电,33.06,33.99,31.22,31.22,30.98,2.08,6.714,19.0203,33814321,1101817693.0,58773406800.0,5877406800.0
2015-06-23,'601016,节能风电,30.98,31.08,29.02,30.15,30.37,0.61,2.0086,7.7951,13858166,419568064.0,55075624400.0,5507624400.0
2015-06-19,'601016,节能风电,30.37,30.5,28.5,30.17,30.31,0.06,0.198,5.6393,10025585,297720827.0,53991178600.0,5399178600.0
2015-06-18,'601016,节能风电,30.31,30.97,29.35,30.19,30.06,0.25,0.8317,5.8936,10477609,317068111.0,53884511800.0,5388511800.0
2015-06-17,'601016,节能风电,30.06,30.45,28.5,29.5,29.73,0.33,1.11,4.2797,7608514,225291436.0,53440066800.0,5344066800.0
2015-06-16,'601016,节能风电,29.73,30.03,27.51,28.09,29.17,0.56,1.9198,5.6845,10105939,293445487.0,52853399400.0,5285399400.0
2015-06-15,'601016,节能风电,29.17,30.05,28.92,30.05,30.34,-1.17,-3.8563,3.2521,5781525,169827621.0,51857842600.0,5185842600.0
2015-06-12,'601016,节能风电,30.34,30.9,28.77,29.39,29.73,0.61,2.0518,7.2897,12959709,384287414.0,53937845200.0,5393845200.0
2015-06-11,'601016,节能风电,29.73,30.48,29.0,30.48,30.41,-0.68,-2.2361,4.7693,8478844,251113445.0,52853399400.0,5285399400.0
2015-06-10,'601016,节能风电,30.41,30.5,28.5,30.15,30.45,-0.04,-0.1314,5.6075,9968946,297691975.0,54062289800.0,5406289800.0
2015-06-09,'601016,节能风电,30.45,31.18,30.13,31.18,31.0,-0.55,-1.7742,3.641,6473031,197196106.0,54133401000.0,5413401000.0
2015-06-08,'601016,节能风电,31.0,31.84,29.7,31.84,31.92,-0.92,-2.8822,7.0137,12468958,379609522.0,55111180000.0,5511180000.0
2015-06-05,'601016,节能风电,31.92,33.05,30.4,32.51,31.99,-0.07,-0.2188,10.0838,17927051,561143961.0,56746737600.0,5674737600.0
2015-06-04,'601016,节能风电,31.99,32.9,28.5,30.0,30.26,1.73,5.7171,13.0549,23208986,723621480.0,56871182200.0,5687182200.0
2015-06-03,'601016,节能风电,30.26,30.5,26.92,29.2,29.32,0.94,3.206,10.9635,19490855,566623289.0,53795622800.0,5379622800.0
2015-06-02,'601016,节能风电,29.32,31.76,28.2,29.9,29.52,-0.2,-0.6775,12.2539,21785059,635150917.0,52124509600.0,5212509600.0
2015-06-01,'601016,节能风电,29.52,30.09,26.96,28.5,28.97,0.55,1.8985,11.0591,19660917,560676351.0,52480065600.0,5248065600.0
2015-05-29,'601016,XD节能风,28.97,30.19,27.1,28.03,30.11,-1.14,-3.7861,14.7092,26150068,752654468.0,51502286600.0,5150286600.0
2015-05-28,'601016,节能风电,30.16,30.93,28.51,29.77,28.12,2.04,7.2546,22.9854,40863389,1233825603.0,53617844800.0,5361844800.0
2015-05-27,'601016,节能风电,28.12,28.12,26.0,26.18,25.56,2.56,10.0156,17.5049,31120287,863184635.0,49991173600.0,4999173600.0
2015-05-26,'601016,节能风电,25.56,25.56,23.8,23.81,23.24,2.32,9.9828,9.1175,16209105,406521831.0,45440056800.0,4544056800.0
2015-05-25,'601016,节能风电,23.24,23.24,20.83,21.15,21.13,2.11,9.9858,8.9486,15908769,354076650.0,41315607200.0,4131607200.0
2015-05-22,'601016,节能风电,21.13,21.6,19.88,20.18,20.18,0.95,4.7076,7.5611,13442210,279953902.0,37564491400.0,3756491400.0
2015-05-21,'601016,节能风电,20.18,20.2,18.81,19.15,19.13,1.05,5.4888,7.6467,13594316,268419046.0,35875600400.0,3587600400.0
2015-05-20,'601016,节能风电,19.13,19.44,18.15,18.39,18.38,0.75,4.0805,8.8435,15722003,294458853.0,34008931400.0,3400931400.0
2015-05-19,'601016,节能风电,18.38,18.65,18.08,18.65,18.68,-0.3,-1.606,4.9183,8743748,160364596.0,32675596400.0,3267596400.0
2015-05-18,'601016,节能风电,18.68,18.88,17.86,18.2,18.3,0.38,2.0765,6.0389,10735975,198334933.0,33208930400.0,3320930400.0
2015-05-15,'601016,节能风电,18.3,18.49,17.39,18.4,18.46,-0.16,-0.8667,5.7703,10258513,184149546.0,32533374000.0,3253374000.0
2015-05-14,'601016,节能风电,18.46,18.96,18.1,18.55,18.5,-0.04,-0.2162,6.3391,11269734,207625853.0,32817818800.0,3281818800.0
2015-05-13,'601016,节能风电,18.5,18.57,17.79,18.08,18.18,0.32,1.7602,6.5663,11673603,211374825.0,32888930000.0,3288930000.0
2015-05-12,'601016,节能风电,18.18,18.43,17.72,17.86,18.04,0.14,0.7761,8.0095,14239209,257447350.0,32320040400.0,3232040400.0
2015-05-11,'601016,节能风电,18.04,18.39,17.45,17.89,17.79,0.25,1.4053,11.0019,19559188,351115741.0,32071151200.0,3207151200.0
2015-05-08,'601016,节能风电,17.79,17.91,16.19,16.33,16.28,1.51,9.2752,12.4049,22053436,373389990.0,31626706200.0,3162706200.0
2015-05-07,'601016,节能风电,16.28,16.35,15.12,16.1,16.21,0.07,0.4318,5.1514,9158188,144796421.0,28942258400.0,2894258400.0
2015-05-06,'601016,节能风电,16.21,16.69,15.7,16.08,16.13,0.08,0.496,7.2239,12842692,208274193.0,28817813800.0,2881813800.0
2015-05-05,'601016,节能风电,16.13,16.7,15.65,16.69,16.69,-0.56,-3.3553,8.3489,14842690,239312799.0,28675591400.0,2867591400.0
2015-05-04,'601016,节能风电,16.69,16.85,16.06,16.36,16.28,0.41,2.5184,8.3286,14806651,245436612.0,29671148200.0,2967148200.0
2015-04-30,'601016,节能风电,16.28,16.45,15.7,15.83,15.85,0.43,2.7129,8.3467,14838807,239582671.0,28942258400.0,2894258400.0
2015-04-29,'601016,节能风电,15.85,15.9,15.06,15.06,15.41,0.44,2.8553,4.3921,7808311,122346762.0,28177813000.0,2817813000.0
2015-04-28,'601016,节能风电,15.41,16.2,15.28,16.2,16.27,-0.86,-5.2858,7.8404,13938739,219267245.0,27395589800.0,2739589800.0
2015-04-27,'601016,节能风电,16.27,16.75,16.13,16.48,16.48,-0.21,-1.2743,8.471,15059664,246599000.0,28924480600.0,2892480600.0
2015-04-24,'601016,节能风电,16.48,16.5,15.25,15.48,15.7,0.78,4.9682,11.0577,19658340,313573918.0,29297814400.0,2929814400.0
2015-04-23,'601016,节能风电,15.7,16.25,15.6,15.96,16.14,-0.44,-2.7261,10.5303,18720776,296204242.0,27911146000.0,2791146000.0
2015-04-22,'601016,节能风电,16.14,16.96,15.68,15.8,15.99,0.15,0.9381,13.8727,24662830,401004028.0,28693369200.0,2869369200.0
2015-04-21,'601016,节能风电,15.99,16.27,15.36,15.58,15.5,0.49,3.1613,16.0379,28512141,451496352.0,28426702200.0,2842702200.0
2015-04-20,'601016,节能风电,15.5,15.56,14.42,14.69,14.86,0.64,4.3069,20.5726,36574040,551391601.0,27555590000.0,2755590000.0
2015-04-17,'601016,节能风电,14.86,15.07,14.76,15.01,14.97,-0.11,-0.7348,13.763,24467801,365361025.0,26417810800.0,2641810800.0
2015-04-16,'601016,节能风电,14.97,15.35,13.36,14.01,14.2,0.77,5.4225,18.5744,33021490,490369800.0,26613366600.0,2661366600.0
2015-04-15,'601016,节能风电,14.2,14.86,14.16,14.4,14.6,-0.4,-2.7397,11.0757,19690420,283558877.0,25244476000.0,2524476000.0
2015-04-14,'601016,节能风电,14.6,14.92,14.38,14.6,14.6,0.0,0.0,13.4799,23964511,352265275.0,25955588000.0,2595588000.0
2015-04-13,'601016,节能风电,14.6,14.78,14.4,14.7,14.57,0.03,0.2059,7.9655,14161079,206422458.0,25955588000.0,2595588000.0
2015-04-10,'601016,节能风电,14.57,15.21,14.25,14.25,14.23,0.34,2.3893,10.2907,18294874,269347175.0,25902254600.0,2590254600.0
2015-04-09,'601016,节能风电,14.23,14.95,13.58,14.95,15.02,-0.79,-5.2597,10.7399,19093383,274299357.0,25297809400.0,2529809400.0
2015-04-08,'601016,节能风电,15.02,15.25,14.58,14.92,14.81,0.21,1.418,15.8313,28144865,420897311.0,26702255600.0,2670255600.0
2015-04-07,'601016,节能风电,14.81,15.68,14.66,15.52,14.78,0.03,0.203,26.0156,46250618,692377828.0,26328921800.0,2632921800.0
2015-04-03,'601016,节能风电,14.78,14.78,13.17,13.26,13.44,1.34,9.9702,24.0427,42743026,612646341.0,26275588400.0,2627588400.0
2015-04-02,'601016,节能风电,13.44,13.59,12.56,12.66,12.64,0.8,6.3291,21.0312,37389265,491540425.0,23893363200.0,2389363200.0
2015-04-01,'601016,节能风电,12.64,12.88,12.47,12.6,12.79,-0.15,-1.1728,11.7806,20943628,266690370.0,22471139200.0,2247139200.0
2015-03-31,'601016,节能风电,12.79,12.88,12.61,12.65,12.63,0.16,1.2668,11.4163,20295883,258219996.0,22737806200.0,2273806200.0
2015-03-30,'601016,节能风电,12.63,12.67,12.39,12.58,12.44,0.19,1.5273,10.58,18809089,236038605.0,22453361400.0,2245361400.0
2015-03-27,'601016,节能风电,12.44,12.5,12.37,12.38,12.43,0.01,0.0805,5.2051,9253707,115101737.0,22115583200.0,2211583200.0
2015-03-26,'601016,节能风电,12.43,12.63,12.31,12.63,12.65,-0.22,-1.7391,8.3256,14801269,184398297.0,22097805400.0,2209805400.0
2015-03-25,'601016,节能风电,12.65,12.78,12.01,12.22,12.22,0.43,3.5188,14.1321,25124018,313848465.0,22488917000.0,2248917000.0
2015-03-24,'601016,节能风电,12.22,12.48,11.98,12.48,12.49,-0.27,-2.1617,8.6623,15399851,188505796.0,21724471600.0,2172471600.0
2015-03-23,'601016,节能风电,12.49,12.55,12.28,12.48,12.45,0.04,0.3213,8.6208,15325980,190100590.0,22204472200.0,2220472200.0
2015-03-20,'601016,节能风电,12.45,12.67,12.35,12.55,12.52,-0.07,-0.5591,9.602,17070379,212395818.0,22133361000.0,2213361000.0
2015-03-19,'601016,节能风电,12.52,12.94,12.0,12.0,11.95,0.57,4.7699,17.0862,30375805,380451906.0,22257805600.0,2225805600.0
2015-03-18,'601016,节能风电,11.95,11.96,11.8,11.9,11.9,0.05,0.4202,8.2317,14634294,174049898.0,21244471000.0,2124471000.0
2015-03-17,'601016,节能风电,11.9,12.0,11.8,11.95,11.9,0.0,0.0,8.4479,15018637,178556427.0,21155582000.0,2115582000.0
2015-03-16,'601016,节能风电,11.9,12.05,11.51,11.8,11.8,0.1,0.8475,10.3997,18488595,218073432.0,21155582000.0,2115582000.0
2015-03-13,'601016,节能风电,11.8,12.02,11.4,11.56,12.02,-0.22,-1.8303,9.0991,16176383,189208572.0,20977804000.0,2097804000.0
2015-03-12,'601016,节能风电,12.02,12.95,11.94,12.95,11.77,0.25,2.124,24.1411,42918028,533648577.0,21368915600.0,2136915600.0
2015-03-11,'601016,节能风电,11.77,11.77,11.77,11.77,10.7,1.07,10.0,2.4119,4287812,50467547.0,20924470600.0,2092470600.0
2015-03-10,'601016,节能风电,0.0,0.0,0.0,0.0,10.7,None,None,0.0,0,0.0,19022246000.0,1902246000.0
2015-03-09,'601016,节能风电,0.0,0.0,0.0,0.0,10.7,None,None,0.0,0,0.0,19022246000.0,1902246000.0
2015-03-06,'601016,节能风电,0.0,0.0,0.0,0.0,10.7,None,None,0.0,0,0.0,19022246000.0,1902246000.0
2015-03-05,'601016,节能风电,0.0,0.0,0.0,0.0,10.7,None,None,0.0,0,0.0,19022246000.0,1902246000.0
2015-03-04,'601016,节能风电,0.0,0.0,0.0,0.0,10.7,None,None,0.0,0,0.0,19022246000.0,1902246000.0
2015-03-03,'601016,节能风电,0.0,0.0,0.0,0.0,10.7,None,None,0.0,0,0.0,19022246000.0,1902246000.0
2015-03-02,'601016,节能风电,0.0,0.0,0.0,0.0,10.7,None,None,0.0,0,0.0,19022246000.0,1902246000.0
2015-02-27,'601016,节能风电,10.7,10.84,10.5,10.56,10.56,0.14,1.3258,4.0015,7113844,76205590.0,19022246000.0,1902246000.0
2015-02-26,'601016,节能风电,10.56,10.58,10.43,10.49,10.53,0.03,0.2849,2.2275,3960101,41678350.0,18773356800.0,1877356800.0
2015-02-25,'601016,节能风电,10.53,10.59,10.46,10.59,10.55,-0.02,-0.1896,1.7198,3057524,32188805.0,18720023400.0,1872023400.0
2015-02-17,'601016,节能风电,10.55,10.61,10.49,10.5,10.53,0.02,0.1899,1.8912,3362197,35451024.0,18755579000.0,1875579000.0
2015-02-16,'601016,节能风电,10.53,10.57,10.42,10.54,10.54,-0.01,-0.0949,2.2283,3961451,41613328.0,18720023400.0,1872023400.0
2015-02-13,'601016,节能风电,10.54,10.74,10.45,10.65,10.66,-0.12,-1.1257,4.0638,7224642,76178399.0,18737801200.0,1873801200.0
2015-02-12,'601016,节能风电,10.66,10.8,10.05,10.09,10.06,0.6,5.9642,5.7084,10148439,107154750.0,18951134800.0,1895134800.0
2015-02-11,'601016,节能风电,10.06,10.15,10.02,10.08,10.08,-0.02,-0.1984,1.3547,2408413,24226480.0,17884466800.0,1788466800.0
2015-02-10,'601016,节能风电,10.08,10.11,9.98,9.98,10.03,0.05,0.4985,1.6347,2906169,29156078.0,17920022400.0,1792022400.0
2015-02-09,'601016,节能风电,10.03,10.12,10.02,10.11,10.12,-0.09,-0.8893,1.4602,2595900,26098164.0,17831133400.0,1783133400.0
2015-02-06,'601016,节能风电,10.12,10.3,10.1,10.3,10.31,-0.19,-1.8429,2.2343,3972183,40355940.0,17991133600.0,1799133600.0
2015-02-05,'601016,节能风电,10.31,10.51,10.3,10.5,10.39,-0.08,-0.77,1.9109,3397149,35153179.0,18328911800.0,1832911800.0
2015-02-04,'601016,节能风电,10.39,10.62,10.37,10.55,10.54,-0.15,-1.4231,1.7857,3174611,33303419.0,18471134200.0,1847134200.0
2015-02-03,'601016,节能风电,10.54,10.54,10.37,10.38,10.34,0.2,1.9342,1.6466,2927345,30713249.0,18737801200.0,1873801200.0
2015-02-02,'601016,节能风电,10.34,10.43,10.25,10.38,10.46,-0.12,-1.1472,1.8825,3346670,34599009.0,18382245200.0,1838245200.0
2015-01-30,'601016,节能风电,10.46,10.7,10.45,10.59,10.62,-0.16,-1.5066,2.4615,4376000,46291268.0,18595578800.0,1859578800.0
2015-01-29,'601016,节能风电,10.62,10.79,10.61,10.74,10.79,-0.17,-1.5755,2.5401,4515870,48205433.0,18880023600.0,1888023600.0
2015-01-28,'601016,节能风电,10.79,10.88,10.74,10.88,10.88,-0.09,-0.8272,2.6674,4742046,51227968.0,19182246200.0,1918246200.0
2015-01-27,'601016,节能风电,10.88,11.11,10.8,11.05,10.99,-0.11,-1.0009,4.1622,7399619,80773372.0,19342246400.0,1934246400.0
2015-01-26,'601016,节能风电,10.99,11.07,10.9,10.95,10.9,0.09,0.8257,3.4365,6109459,66987784.0,19537802200.0,1953802200.0
2015-01-23,'601016,节能风电,10.9,11.08,10.87,11.06,11.08,-0.18,-1.6245,4.6713,8304612,90818098.0,19377802000.0,1937802000.0
2015-01-22,'601016,节能风电,11.08,11.11,10.91,11.11,11.09,-0.01,-0.0902,5.5759,9912853,109217456.0,19697802400.0,1969802400.0
2015-01-21,'601016,节能风电,11.09,11.25,10.89,10.98,10.98,0.11,1.0018,8.6224,15328877,169182891.0,19715580200.0,1971580200.0
2015-01-20,'601016,节能风电,10.98,11.25,10.41,10.46,10.5,0.48,4.5714,8.5788,15251341,165691420.0,19520024400.0,1952024400.0
2015-01-19,'601016,节能风电,10.5,10.99,10.02,10.4,10.51,-0.01,-0.0951,6.9735,12397570,131103988.0,18666690000.0,1866690000.0
2015-01-16,'601016,节能风电,10.51,10.63,10.3,10.32,10.33,0.18,1.7425,4.5699,8124414,85454690.0,18684467800.0,1868467800.0
2015-01-15,'601016,节能风电,10.33,10.38,10.18,10.28,10.29,0.04,0.3887,3.3968,6038887,62096198.0,18364467400.0,1836467400.0
2015-01-14,'601016,节能风电,10.29,10.45,10.23,10.29,10.35,-0.06,-0.5797,3.2401,5760180,59457290.0,18293356200.0,1829356200.0
2015-01-13,'601016,节能风电,10.35,10.53,10.2,10.34,10.42,-0.07,-0.6718,4.4859,7975081,82576798.0,18400023000.0,1840023000.0
2015-01-12,'601016,节能风电,10.42,10.83,10.19,10.83,11.29,-0.87,-7.7059,8.9164,15851596,166201861.0,18524467600.0,1852467600.0
2015-01-09,'601016,节能风电,11.29,11.8,11.11,11.75,11.66,-0.37,-3.1732,19.7299,35075835,402736858.0,20071136200.0,2007136200.0
2015-01-08,'601016,节能风电,11.66,11.66,10.43,10.55,10.6,1.06,10.0,21.5238,38265042,440772385.0,20728914800.0,2072914800.0
2015-01-07,'601016,节能风电,10.6,10.7,10.49,10.55,10.69,-0.09,-0.8419,3.9807,7076847,74834604.0,18844468000.0,1884468000.0
2015-01-06,'601016,节能风电,10.69,10.75,10.31,10.59,10.62,0.07,0.6591,5.4959,9770689,103651522.0,19004468200.0,1900468200.0
2015-01-05,'601016,节能风电,10.62,10.79,10.1,10.27,10.25,0.37,3.6098,4.5857,8152514,84897352.0,18880023600.0,1888023600.0
2014-12-31,'601016,节能风电,10.25,10.34,10.0,10.19,10.19,0.06,0.5888,2.4393,4336576,44252828.0,18222245000.0,1822245000.0
2014-12-30,'601016,节能风电,10.19,10.58,10.18,10.49,10.59,-0.4,-3.7771,2.8225,5017889,51822717.0,18115578200.0,1811578200.0
2014-12-29,'601016,节能风电,10.59,11.51,10.52,11.35,10.62,-0.03,-0.2825,5.6882,10112547,110085551.0,18826690200.0,1882690200.0
2014-12-26,'601016,节能风电,10.62,10.64,10.45,10.62,10.62,0.0,0.0,3.756,6677478,70174909.0,18880023600.0,1888023600.0
2014-12-25,'601016,节能风电,10.62,10.8,10.43,10.72,10.64,-0.02,-0.188,3.8424,6831007,72257092.0,18880023600.0,1888023600.0
2014-12-24,'601016,节能风电,10.64,10.68,10.26,10.31,10.3,0.34,3.301,4.0635,7224069,75774818.0,18915579200.0,1891579200.0
2014-12-23,'601016,节能风电,10.3,10.68,9.68,10.13,10.19,0.11,1.0795,4.7049,8364331,86571746.0,18311134000.0,1831134000.0
2014-12-22,'601016,节能风电,10.19,11.05,10.0,11.05,11.11,-0.92,-8.2808,6.9208,12303743,127015500.0,18115578200.0,1811578200.0
2014-12-19,'601016,节能风电,11.11,11.54,11.01,11.54,11.57,-0.46,-3.9758,6.7301,11964828,134134033.0,19751135800.0,1975135800.0
2014-12-18,'601016,节能风电,11.57,11.91,11.46,11.6,11.69,-0.12,-1.0265,4.3868,7798772,90962486.0,20568914600.0,2056914600.0
2014-12-17,'601016,节能风电,11.69,11.99,11.58,11.99,12.0,-0.31,-2.5833,6.2351,11084771,130022352.0,20782248200.0,2078248200.0
2014-12-16,'601016,节能风电,12.0,12.11,11.86,11.89,11.99,0.01,0.0834,4.8863,8686887,103859966.0,21333360000.0,2133360000.0
2014-12-15,'601016,节能风电,11.99,12.11,11.81,12.11,12.14,-0.15,-1.2356,5.5274,9826586,117246698.0,21315582200.0,2131582200.0
2014-12-12,'601016,节能风电,12.14,12.35,12.01,12.21,12.37,-0.23,-1.8593,6.2976,11195942,135537899.0,21582249200.0,2158249200.0
2014-12-11,'601016,节能风电,12.37,12.47,11.72,11.9,11.72,0.65,5.5461,11.2563,20011442,244275186.0,21991138600.0,2199138600.0
2014-12-10,'601016,节能风电,11.72,11.83,11.13,11.22,11.48,0.24,2.0906,6.1549,10942258,127170300.0,20835581600.0,2083581600.0
2014-12-09,'601016,节能风电,11.48,12.2,11.47,12.2,12.32,-0.84,-6.8182,12.0188,21367051,253447562.0,20408914400.0,2040914400.0
2014-12-08,'601016,节能风电,12.32,12.64,11.68,12.32,12.4,-0.08,-0.6452,13.9148,24737763,299675391.0,21902249600.0,2190249600.0
2014-12-05,'601016,节能风电,12.4,12.99,12.13,12.92,13.03,-0.63,-4.835,13.6816,24323094,306170274.0,22044472000.0,2204472000.0
2014-12-04,'601016,节能风电,13.03,13.1,12.91,13.0,13.17,-0.14,-1.063,12.4753,22178535,288194796.0,23164473400.0,2316473400.0
2014-12-03,'601016,节能风电,13.17,13.55,12.9,13.35,13.44,-0.27,-2.0089,17.3763,30891638,406039879.0,23413362600.0,2341362600.0
2014-12-02,'601016,节能风电,13.44,13.85,12.61,12.7,12.85,0.59,4.5914,27.7844,49395131,662781974.0,23893363200.0,2389363200.0
2014-12-01,'601016,节能风电,12.85,13.1,12.67,12.81,12.98,-0.13,-1.0015,9.837,17488198,225437923.0,22844473000.0,2284473000.0
2014-11-28,'601016,节能风电,12.98,13.14,12.7,13.06,13.06,-0.08,-0.6126,12.7867,22732186,292214695.0,23075584400.0,2307584400.0
2014-11-27,'601016,节能风电,13.06,13.42,12.87,13.27,13.31,-0.25,-1.8783,14.9709,26615192,348728995.0,23217806800.0,2321806800.0
2014-11-26,'601016,节能风电,13.31,13.6,12.72,12.88,12.95,0.36,2.7799,21.1195,37546196,498658984.0,23662251800.0,2366251800.0
2014-11-25,'601016,节能风电,12.95,13.18,12.65,12.87,13.25,-0.3,-2.2642,18.227,32404021,417955697.0,23022251000.0,2302251000.0
2014-11-24,'601016,节能风电,13.25,13.75,12.99,13.13,13.14,0.11,0.8371,26.7559,47566690,633672255.0,23555585000.0,2355585000.0
2014-11-21,'601016,节能风电,13.14,13.6,12.09,12.2,12.43,0.71,5.712,29.5528,52538988,683178941.0,23360029200.0,2336029200.0
2014-11-20,'601016,节能风电,12.43,12.67,11.38,11.38,11.62,0.81,6.9707,24.0588,42771771,518194427.0,22097805400.0,2209805400.0
2014-11-19,'601016,节能风电,11.62,11.88,11.39,11.63,11.77,-0.15,-1.2744,11.9509,21246278,245124318.0,20657803600.0,2065803600.0
2014-11-18,'601016,节能风电,11.77,11.9,11.41,11.9,11.99,-0.22,-1.8349,13.2543,23563550,275083569.0,20924470600.0,2092470600.0
2014-11-17,'601016,节能风电,11.99,12.3,10.89,11.39,11.56,0.43,3.7197,21.8444,38834996,460726159.0,21315582200.0,2131582200.0
2014-11-14,'601016,节能风电,11.56,12.52,11.54,12.29,12.82,-1.26,-9.8284,27.4218,48750389,575804335.0,20551136800.0,2055136800.0
2014-11-13,'601016,节能风电,12.82,14.1,12.5,12.85,13.75,-0.93,-6.7636,36.3052,64543405,853414234.0,22791139600.0,2279139600.0
2014-11-12,'601016,节能风电,13.75,14.56,11.98,13.75,13.31,0.44,3.3058,57.229,101741741,1375540386.0,24444475000.0,2444475000.0
2014-11-11,'601016,节能风电,13.31,13.31,12.55,12.7,12.1,1.21,10.0,32.0558,56988883,750060916.0,23662251800.0,2366251800.0
2014-11-10,'601016,节能风电,12.1,12.1,11.51,12.1,11.0,1.1,10.0,44.3942,78924095,943384538.0,21511138000.0,2151138000.0
2014-11-07,'601016,节能风电,11.0,11.0,10.59,10.59,10.0,1.0,10.0,14.7198,26168804,284308741.0,19555580000.0,1955580000.0
2014-11-06,'601016,节能风电,10.0,10.0,8.87,8.9,9.09,0.91,10.011,37.9457,67459848,634756879.0,17777800000.0,1777800000.0
2014-11-05,'601016,节能风电,9.09,9.59,8.51,8.77,8.73,0.36,4.1237,32.324,57465618,522661438.0,16160020200.0,1616020200.0
2014-11-04,'601016,节能风电,8.73,8.98,8.68,8.98,8.98,-0.25,-2.784,18.1963,32349455,284053077.0,15520019400.0,1552019400.0
2014-11-03,'601016,节能风电,8.98,9.18,8.71,8.89,8.93,0.05,0.5599,20.7862,36953733,332500452.0,15964464400.0,1596464400.0
2014-10-31,'601016,节能风电,8.93,9.14,8.6,8.66,8.9,0.03,0.3371,22.8808,40677406,361426701.0,15875575400.0,1587575400.0
2014-10-30,'601016,节能风电,8.9,9.35,8.8,9.01,9.01,-0.11,-1.2209,39.5042,70230507,635740910.0,15822242000.0,1582242000.0
2014-10-29,'601016,节能风电,9.01,9.01,8.2,8.29,8.19,0.82,10.0122,28.7981,51197294,439278121.0,16017797800.0,1601797800.0
2014-10-28,'601016,节能风电,8.19,8.36,8.02,8.02,8.01,0.18,2.2472,17.5373,31177849,255364845.0,14560018200.0,1456018200.0
2014-10-27,'601016,节能风电,8.01,8.56,7.83,8.56,8.57,-0.56,-6.5344,19.351,34402210,276933515.0,14240017800.0,1424017800.0
2014-10-24,'601016,节能风电,8.57,8.87,8.42,8.65,8.82,-0.25,-2.8345,25.5065,45345455,389510641.0,15235574600.0,1523574600.0
2014-10-23,'601016,节能风电,8.82,9.27,8.37,8.41,8.52,0.3,3.5211,41.8864,74465572,663163988.0,15680019600.0,1568019600.0
2014-10-22,'601016,节能风电,8.52,8.79,8.29,8.32,8.71,-0.19,-2.1814,37.6278,66894743,568886095.0,15146685600.0,1514685600.0
2014-10-21,'601016,节能风电,8.71,8.88,7.82,8.07,8.1,0.61,7.5309,66.6408,118473985,984521608.0,15484463800.0,1548463800.0
2014-10-20,'601016,节能风电,8.1,8.1,7.6,7.95,7.36,0.74,10.0543,53.1471,94484976,743551758.0,14400018000.0,1440018000.0
2014-10-17,'601016,节能风电,7.36,7.36,7.36,7.36,6.69,0.67,10.0149,3.4155,6072032,44690156.0,13084460800.0,1308460800.0
2014-10-16,'601016,节能风电,6.69,6.69,6.69,6.69,6.08,0.61,10.0329,1.0712,1904350,12740102.0,11893348200.0,1189348200.0
2014-10-15,'601016,节能风电,6.08,6.08,6.08,6.08,5.53,0.55,9.9458,0.6879,1222961,7435603.0,10808902400.0,1080902400.0
2014-10-14,'601016,节能风电,5.53,5.53,5.53,5.53,5.03,0.5,9.9404,0.7264,1291380,7141331.0,9831123400.0,983123400.0
2014-10-13,'601016,节能风电,5.03,5.03,5.03,5.03,4.57,0.46,10.0656,0.6013,1068920,5376668.0,8942233400.0,894233400.0
2014-10-10,'601016,节能风电,4.57,4.57,4.57,4.57,4.15,0.42,10.1205,0.35,622300,2843911.0,8124454600.0,812454600.0
2014-10-09,'601016,节能风电,4.15,4.15,4.15,4.15,3.77,0.38,10.0796,0.1143,203149,843068.0,7377787000.0,737787000.0
2014-10-08,'601016,节能风电,3.77,3.77,3.77,3.77,3.43,0.34,9.9125,0.08,142200,536094.0,6702230600.0,670230600.0
2014-09-30,'601016,节能风电,3.43,3.43,3.43,3.43,3.12,0.31,9.9359,0.1025,182200,624946.0,6097785400.0,609785400.0
2014-09-29,'601016,N节能,3.12,3.12,2.6,2.6,2.17,0.95,43.7788,0.2235,397360,1237059.0,5546673600.0,554673600.0
