日期,股票代码,名称,收盘价,最高价,最低价,开盘价,前收盘,涨跌额,涨跌幅,换手率,成交量,成交金额,总市值,流通市值
2017-05-15,'601229,上海银行,23.18,23.32,22.92,23.14,23.16,0.02,0.0864,3.9265,23576846,544832028.0,1.39183151e+11,13918431000.0
2017-05-12,'601229,上海银行,23.16,23.25,22.59,22.6,22.68,0.48,2.1164,6.4205,38551949,889360953.0,1.39063062e+11,13906422000.0
2017-05-11,'601229,上海银行,22.68,22.8,22.3,22.61,22.83,-0.15,-0.657,3.9433,23677433,534608787.0,1.36180926e+11,13618206000.0
2017-05-10,'601229,上海银行,22.83,23.36,22.49,22.59,22.68,0.15,0.6614,6.6629,40007423,919119010.0,1.370815935e+11,13708273500.0
2017-05-09,'601229,上海银行,22.68,22.79,22.1,22.11,22.14,0.54,2.439,4.106,24654563,556387394.0,1.36180926e+11,13618206000.0
2017-05-08,'601229,上海银行,22.14,22.27,22.11,22.17,22.18,-0.04,-0.1803,1.4442,8671629,192331205.0,1.32938523e+11,13293963000.0
2017-05-05,'601229,上海银行,22.18,22.41,22.11,22.4,22.48,-0.3,-1.3345,1.948,11696921,260332521.0,1.33178701e+11,13317981000.0
2017-05-04,'601229,上海银行,22.48,22.68,22.33,22.4,22.49,-0.01,-0.0445,1.7453,10479845,235914255.0,1.34980036e+11,13498116000.0
2017-05-03,'601229,上海银行,22.49,22.54,22.35,22.36,22.35,0.14,0.6264,1.424,8550440,191951402.0,1.350400805e+11,13504120500.0
2017-05-02,'601229,上海银行,22.35,22.7,22.33,22.69,22.69,-0.34,-1.4985,2.4593,14766776,331845150.0,1.341994575e+11,13420057500.0
2017-04-28,'601229,上海银行,22.69,22.73,22.56,22.64,22.73,-0.04,-0.176,1.5985,9598042,217327497.0,1.362409705e+11,13624210500.0
2017-04-27,'601229,上海银行,22.73,22.78,22.45,22.77,22.88,-0.15,-0.6556,2.5153,15102852,341441748.0,1.364811485e+11,13648228500.0
2017-04-26,'601229,上海银行,22.88,23.11,22.82,22.93,22.9,-0.02,-0.0873,2.2529,13527304,310618715.0,1.37381816e+11,13738296000.0
2017-04-25,'601229,上海银行,22.9,23.05,22.64,22.7,22.7,0.2,0.8811,2.4408,14655698,335030569.0,1.37501905e+11,13750305000.0
2017-04-24,'601229,上海银行,22.7,22.9,22.4,22.75,22.58,0.12,0.5314,2.7548,16541212,374998507.0,1.36301015e+11,13630215000.0
2017-04-21,'601229,上海银行,22.58,22.72,22.47,22.47,22.46,0.12,0.5343,1.5038,9029613,203996574.0,1.35580481e+11,13558161000.0
2017-04-20,'601229,上海银行,22.46,22.72,22.3,22.66,22.72,-0.26,-1.1444,1.9689,11822102,266095573.0,1.34859947e+11,13486107000.0
2017-04-19,'601229,上海银行,22.72,22.83,22.5,22.57,22.57,0.15,0.6646,2.331,13996555,317325090.0,1.36421104e+11,13642224000.0
2017-04-18,'601229,上海银行,22.57,22.86,22.56,22.78,22.78,-0.21,-0.9219,1.2496,7503200,170683085.0,1.355204365e+11,13552156500.0
2017-04-17,'601229,上海银行,22.78,23.02,22.61,23.02,23.09,-0.31,-1.3426,2.5547,15339465,349789215.0,1.36781371e+11,13678251000.0
2017-04-14,'601229,上海银行,23.09,23.41,23.08,23.36,23.36,-0.27,-1.1558,2.2893,13745996,318860372.0,1.386427505e+11,13864390500.0
2017-04-13,'601229,上海银行,23.36,23.57,23.32,23.44,23.47,-0.11,-0.4687,1.8718,11239282,263361622.0,1.40263952e+11,14026512000.0
2017-04-12,'601229,上海银行,23.47,23.69,23.42,23.69,23.74,-0.27,-1.1373,2.586,15527781,365392035.0,1.409244415e+11,14092561500.0
2017-04-11,'601229,上海银行,23.74,23.75,23.38,23.55,23.59,0.15,0.6359,3.2236,19356286,456316855.0,1.42545643e+11,14254683000.0
2017-04-10,'601229,上海银行,23.59,23.81,23.53,23.8,23.83,-0.24,-1.0071,3.1262,18771515,443683293.0,1.416449755e+11,14164615500.0
2017-04-07,'601229,上海银行,23.83,23.98,23.71,23.77,23.8,0.03,0.1261,3.1911,19161147,456594167.0,1.430860435e+11,14308723500.0
2017-04-06,'601229,上海银行,23.8,23.85,23.66,23.83,23.84,-0.04,-0.1678,2.9578,17760183,421767654.0,1.4290591e+11,14290710000.0
2017-04-05,'601229,上海银行,23.84,23.86,23.42,23.7,23.98,-0.14,-0.5838,4.2935,25780279,610453369.0,1.43146088e+11,14314728000.0
2017-03-31,'601229,上海银行,23.98,24.28,23.1,23.1,23.08,0.9,3.8995,8.9663,53838040,1293068103.0,1.43986711e+11,14398791000.0
2017-03-30,'601229,上海银行,23.08,23.68,23.06,23.61,23.6,-0.52,-2.2034,3.8351,23027728,535689090.0,1.38582706e+11,13858386000.0
2017-03-29,'601229,上海银行,23.6,24.05,23.52,23.98,23.93,-0.33,-1.379,3.1573,18957905,450842174.0,1.4170502e+11,14170620000.0
2017-03-28,'601229,上海银行,23.93,24.15,23.89,24.13,24.14,-0.21,-0.8699,2.6397,15850158,380129205.0,1.436864885e+11,14368768500.0
2017-03-27,'601229,上海银行,24.14,24.3,23.82,23.86,23.87,0.27,1.1311,4.4128,26496396,638924896.0,1.44947423e+11,14494863000.0
2017-03-24,'601229,上海银行,23.87,23.88,23.65,23.8,23.77,0.1,0.4207,2.4361,14627321,347316880.0,1.433262215e+11,14332741500.0
2017-03-23,'601229,上海银行,23.77,23.94,23.61,23.71,23.73,0.04,0.1686,2.5011,15017876,357154634.0,1.427257765e+11,14272696500.0
2017-03-22,'601229,上海银行,23.73,24.04,23.69,24.02,24.15,-0.42,-1.7391,3.7593,22572872,537702506.0,1.424855985e+11,14248678500.0
2017-03-21,'601229,上海银行,24.15,24.38,24.05,24.3,24.29,-0.14,-0.5764,2.691,16158349,389918352.0,1.450074675e+11,14500867500.0
2017-03-20,'601229,上海银行,24.29,24.46,24.05,24.06,24.05,0.24,0.9979,3.9393,23653561,574084396.0,1.458480905e+11,14584930500.0
2017-03-17,'601229,上海银行,24.05,24.33,24.01,24.33,24.32,-0.27,-1.1102,4.9785,29893418,721995963.0,1.444070225e+11,14440822500.0
2017-03-16,'601229,上海银行,24.32,24.43,23.89,23.89,23.85,0.47,1.9706,7.4987,45026096,1092374871.0,1.46028224e+11,14602944000.0
2017-03-15,'601229,上海银行,23.85,23.94,23.7,23.72,23.84,0.01,0.0419,2.1631,12988607,309482991.0,1.432061325e+11,14320732500.0
2017-03-14,'601229,上海银行,23.84,24.0,23.62,23.66,23.6,0.24,1.0169,3.846,23093152,550973538.0,1.43146088e+11,14314728000.0
2017-03-13,'601229,上海银行,23.6,23.63,23.36,23.59,23.64,-0.04,-0.1692,2.9485,17704089,415681367.0,1.4170502e+11,14170620000.0
2017-03-10,'601229,上海银行,23.64,23.76,23.62,23.62,23.66,-0.02,-0.0845,1.9741,11853692,280557712.0,1.41945198e+11,14194638000.0
2017-03-09,'601229,上海银行,23.66,23.99,23.65,23.89,23.97,-0.31,-1.2933,3.7771,22679857,539781760.0,1.42065287e+11,14206647000.0
2017-03-08,'601229,上海银行,23.97,24.19,23.92,24.13,24.15,-0.18,-0.7453,3.793,22774958,547690968.0,1.439266665e+11,14392786500.0
2017-03-07,'601229,上海银行,24.15,24.22,23.96,24.08,24.12,0.03,0.1244,3.5268,21176818,509831001.0,1.450074675e+11,14500867500.0
2017-03-06,'601229,上海银行,24.12,24.2,23.89,24.05,24.04,0.08,0.3328,3.293,19772842,475436861.0,1.44827334e+11,14482854000.0
2017-03-03,'601229,上海银行,24.04,24.26,23.97,24.26,24.35,-0.31,-1.2731,3.9717,23847825,574134889.0,1.44346978e+11,14434818000.0
2017-03-02,'601229,上海银行,24.35,24.55,24.18,24.25,24.23,0.12,0.4953,5.9616,35796363,872818227.0,1.462083575e+11,14620957500.0
2017-03-01,'601229,上海银行,24.23,24.63,24.13,24.4,24.48,-0.25,-1.0212,5.4144,32510598,790754090.0,1.454878235e+11,14548903500.0
2017-02-28,'601229,上海银行,24.48,24.68,23.88,23.91,23.95,0.53,2.2129,7.8895,47372415,1157458491.0,1.46988936e+11,14699016000.0
2017-02-27,'601229,上海银行,23.95,24.22,23.92,24.19,24.29,-0.34,-1.3998,3.2404,19457180,468436418.0,1.438065775e+11,14380777500.0
2017-02-24,'601229,上海银行,24.29,24.42,24.06,24.28,24.27,0.02,0.0824,3.6413,21864194,529317152.0,1.458480905e+11,14584930500.0
2017-02-23,'601229,上海银行,24.27,24.47,24.11,24.2,24.28,-0.01,-0.0412,4.0891,24552943,595987603.0,1.457280015e+11,14572921500.0
2017-02-22,'601229,上海银行,24.28,24.54,24.1,24.5,24.56,-0.28,-1.1401,6.2503,37529788,910207688.0,1.45788046e+11,14578926000.0
2017-02-21,'601229,上海银行,24.56,24.97,24.46,24.8,24.92,-0.36,-1.4446,7.4172,44536471,1095299455.0,1.47469292e+11,14747052000.0
2017-02-20,'601229,上海银行,24.92,25.25,23.61,23.65,23.71,1.21,5.1033,13.8677,83268861,2045654606.0,1.49630894e+11,14963214000.0
2017-02-17,'601229,上海银行,23.71,24.35,23.69,24.0,24.19,-0.48,-1.9843,5.9247,35575002,853864631.0,1.423655095e+11,14236669500.0
2017-02-16,'601229,上海银行,24.19,24.35,23.83,24.06,24.12,0.07,0.2902,6.5592,39384956,948900696.0,1.452476455e+11,14524885500.0
2017-02-15,'601229,上海银行,24.12,24.56,23.76,23.85,23.88,0.24,1.005,9.2697,55659934,1350743578.0,1.44827334e+11,14482854000.0
2017-02-14,'601229,上海银行,23.88,24.24,23.66,24.16,24.12,-0.24,-0.995,4.9032,29441049,702297740.0,1.43386266e+11,14338746000.0
2017-02-13,'601229,上海银行,24.12,24.59,23.46,23.46,23.45,0.67,2.8571,10.6699,64067244,1544645050.0,1.44827334e+11,14482854000.0
2017-02-10,'601229,上海银行,23.45,23.69,23.1,23.14,23.12,0.33,1.4273,6.8299,41010267,963866903.0,1.408043525e+11,14080552500.0
2017-02-09,'601229,上海银行,23.12,23.22,22.92,22.98,23.01,0.11,0.4781,3.5992,21611436,499250132.0,1.38822884e+11,13882404000.0
2017-02-08,'601229,上海银行,23.01,23.03,22.6,22.8,22.8,0.21,0.9211,2.7859,16727735,381422811.0,1.381623945e+11,13816354500.0
2017-02-07,'601229,上海银行,22.8,23.04,22.71,23.03,23.04,-0.24,-1.0417,2.3891,14345570,327877212.0,1.3690146e+11,13690260000.0
2017-02-06,'601229,上海银行,23.04,23.12,22.89,22.97,22.93,0.11,0.4797,1.9321,11601200,266738483.0,1.38342528e+11,13834368000.0
2017-02-03,'601229,上海银行,22.93,23.32,22.9,23.28,23.28,-0.35,-1.5034,1.9505,11711785,269811840.0,1.376820385e+11,13768318500.0
2017-01-26,'601229,上海银行,23.28,23.29,23.06,23.06,23.02,0.26,1.1295,2.9118,17483967,406064994.0,1.39783596e+11,13978476000.0
2017-01-25,'601229,上海银行,23.02,23.1,22.81,22.88,22.95,0.07,0.305,1.8262,10965625,252059109.0,1.38222439e+11,13822359000.0
2017-01-24,'601229,上海银行,22.95,23.05,22.88,23.04,23.03,-0.08,-0.3474,1.9098,11467673,263375830.0,1.378021275e+11,13780327500.0
2017-01-23,'601229,上海银行,23.03,23.27,22.9,22.91,22.94,0.09,0.3923,4.5291,27194865,628655460.0,1.382824835e+11,13828363500.0
2017-01-20,'601229,上海银行,22.94,23.04,22.45,22.48,22.55,0.39,1.7295,5.7553,34557897,790232081.0,1.37742083e+11,13774323000.0
2017-01-19,'601229,上海银行,22.55,22.73,22.12,22.23,22.29,0.26,1.1664,4.2949,25788922,579872390.0,1.354003475e+11,13540147500.0
2017-01-18,'601229,上海银行,22.29,22.46,22.26,22.39,22.45,-0.16,-0.7127,2.691,16158086,361233596.0,1.338391905e+11,13384030500.0
2017-01-17,'601229,上海银行,22.45,22.55,22.08,22.24,22.42,0.03,0.1338,3.773,22655072,504887168.0,1.347999025e+11,13480102500.0
2017-01-16,'601229,上海银行,22.42,22.64,21.88,22.05,22.04,0.38,1.7241,6.7186,40341635,897626851.0,1.34619769e+11,13462089000.0
2017-01-13,'601229,上海银行,22.04,22.3,21.9,22.25,22.29,-0.25,-1.1216,3.8408,23061966,509384097.0,1.32338078e+11,13233918000.0
2017-01-12,'601229,上海银行,22.29,22.61,22.28,22.48,22.54,-0.25,-1.1091,2.6394,15848049,356016996.0,1.338391905e+11,13384030500.0
2017-01-11,'601229,上海银行,22.54,22.94,22.45,22.91,22.98,-0.44,-1.9147,4.2888,25752050,584142777.0,1.35340303e+11,13534143000.0
2017-01-10,'601229,上海银行,22.98,23.23,22.96,23.23,23.24,-0.26,-1.1188,2.8778,17279654,398376716.0,1.37982261e+11,13798341000.0
2017-01-09,'601229,上海银行,23.24,23.3,23.08,23.12,23.16,0.08,0.3454,2.0287,12181330,282702131.0,1.39543418e+11,13954458000.0
2017-01-06,'601229,上海银行,23.16,23.56,23.12,23.45,23.5,-0.34,-1.4468,3.4872,20938854,487582611.0,1.39063062e+11,13906422000.0
2017-01-05,'601229,上海银行,23.5,23.76,23.47,23.74,23.72,-0.22,-0.9275,2.9977,17999621,424105637.0,1.41104575e+11,14110575000.0
2017-01-04,'601229,上海银行,23.72,23.8,23.55,23.59,23.59,0.13,0.5511,2.9528,17730203,420003571.0,1.42425554e+11,14242674000.0
2017-01-03,'601229,上海银行,23.59,23.78,23.31,23.33,23.28,0.31,1.3316,3.4383,20644985,487160268.0,1.416449755e+11,14164615500.0
2016-12-30,'601229,上海银行,23.28,23.38,23.23,23.25,23.24,0.04,0.1721,1.8309,10993894,256020561.0,1.39783596e+11,13978476000.0
2016-12-29,'601229,上海银行,23.24,23.48,23.2,23.21,23.19,0.05,0.2156,2.4839,14914778,347759067.0,1.39543418e+11,13954458000.0
2016-12-28,'601229,上海银行,23.19,23.45,23.15,23.41,23.38,-0.19,-0.8127,2.0893,12545470,291990553.0,1.392431955e+11,13924435500.0
2016-12-27,'601229,上海银行,23.38,23.57,23.35,23.5,23.6,-0.22,-0.9322,2.145,12879870,301868895.0,1.40384041e+11,14038521000.0
2016-12-26,'601229,上海银行,23.6,23.65,23.09,23.39,23.54,0.06,0.2549,3.2911,19761336,460557464.0,1.4170502e+11,14170620000.0
2016-12-23,'601229,上海银行,23.54,23.99,23.53,23.99,24.01,-0.47,-1.9575,3.4189,20528949,486712790.0,1.41344753e+11,14134593000.0
2016-12-22,'601229,上海银行,24.01,24.15,23.89,24.03,24.23,-0.22,-0.908,2.9208,17537927,420802512.0,1.441668445e+11,14416804500.0
2016-12-21,'601229,上海银行,24.23,24.43,23.77,23.85,23.8,0.43,1.8067,5.1548,30951982,745611279.0,1.454878235e+11,14548903500.0
2016-12-20,'601229,上海银行,23.8,23.93,23.65,23.74,23.8,0.0,0.0,3.1492,18909435,449385949.0,1.4290591e+11,14290710000.0
2016-12-19,'601229,上海银行,23.8,24.29,23.75,24.28,24.31,-0.51,-2.0979,4.6324,27815401,666679285.0,1.4290591e+11,14290710000.0
2016-12-16,'601229,上海银行,24.31,24.48,24.21,24.36,24.44,-0.13,-0.5319,3.9545,23744991,578022984.0,1.459681795e+11,14596939500.0
2016-12-15,'601229,上海银行,24.44,24.63,24.32,24.46,24.53,-0.09,-0.3669,4.0565,24357169,595863129.0,1.46748758e+11,14674998000.0
2016-12-14,'601229,上海银行,24.53,24.85,24.45,24.5,24.55,-0.02,-0.0815,3.6509,21921676,539646829.0,1.472891585e+11,14729038500.0
2016-12-13,'601229,上海银行,24.55,24.98,24.31,24.97,24.98,-0.43,-1.7214,5.2923,31777792,781193674.0,1.474092475e+11,14741047500.0
2016-12-12,'601229,上海银行,24.98,26.34,24.95,26.08,26.2,-1.22,-4.6565,8.3562,50174872,1281228688.0,1.49991161e+11,14999241000.0
2016-12-09,'601229,上海银行,26.2,26.45,25.99,26.15,26.25,-0.05,-0.1905,7.3758,44288049,1164178744.0,1.5731659e+11,15731790000.0
2016-12-08,'601229,上海银行,26.25,26.48,25.93,25.98,25.99,0.26,1.0004,7.8106,46898778,1232205311.0,1.576168125e+11,15761812500.0
2016-12-07,'601229,上海银行,25.99,26.01,25.63,25.79,25.87,0.12,0.4639,3.591,21562393,556258274.0,1.560556555e+11,15605695500.0
2016-12-06,'601229,上海银行,25.87,26.09,25.7,25.76,25.8,0.07,0.2713,4.1388,24851316,644333401.0,1.553351215e+11,15533641500.0
2016-12-05,'601229,上海银行,25.8,25.9,25.47,25.58,25.74,0.06,0.2331,3.8661,23213946,596716848.0,1.5491481e+11,15491610000.0
2016-12-02,'601229,上海银行,25.74,26.27,25.72,26.27,26.3,-0.56,-2.1293,6.5122,39102765,1014259099.0,1.54554543e+11,15455583000.0
2016-12-01,'601229,上海银行,26.3,26.46,26.13,26.17,26.2,0.1,0.3817,4.9526,29738100,781716338.0,1.57917035e+11,15791835000.0
2016-11-30,'601229,上海银行,26.2,26.49,26.04,26.49,26.53,-0.33,-1.2439,6.5748,39478466,1032798201.0,1.5731659e+11,15731790000.0
2016-11-29,'601229,上海银行,26.53,27.22,26.45,27.22,27.31,-0.78,-2.8561,11.8032,70872035,1895133957.0,1.592980585e+11,15929938500.0
2016-11-28,'601229,上海银行,27.31,27.69,27.25,27.45,27.39,-0.08,-0.2921,8.1433,48896608,1342214431.0,1.639815295e+11,16398289500.0
2016-11-25,'601229,上海银行,27.39,27.68,27.01,27.21,27.28,0.11,0.4032,8.2574,49581467,1353382510.0,1.644618855e+11,16446325500.0
2016-11-24,'601229,上海银行,27.28,28.12,27.23,28.1,28.28,-1.0,-3.5361,16.5051,99105019,2727105215.0,1.63801396e+11,16380276000.0
2016-11-23,'601229,上海银行,28.28,28.99,28.17,28.45,28.43,-0.15,-0.5276,16.8678,101282831,2897466274.0,1.69805846e+11,16980726000.0
2016-11-22,'601229,上海银行,28.43,28.77,28.13,28.25,28.49,-0.06,-0.2106,15.2499,91567886,2596461484.0,1.707065135e+11,17070793500.0
2016-11-21,'601229,上海银行,28.49,29.48,28.31,29.48,30.24,-1.75,-5.787,26.5989,159712942,4598344261.0,1.710667805e+11,17106820500.0
2016-11-18,'601229,上海银行,30.24,30.97,29.51,30.97,28.15,2.09,7.4245,41.1043,246810995,7470089490.0,1.81574568e+11,18157608000.0
2016-11-17,'601229,上海银行,28.15,28.15,28.15,28.15,25.59,2.56,10.0039,0.1832,1099737,30957597.0,1.690252675e+11,16902667500.0
2016-11-16,'601229,N上银,25.59,25.59,21.32,21.32,17.77,7.82,44.0068,0.0847,508759,12969184.0,1.536538755e+11,15365515500.0
