日期,股票代码,名称,收盘价,最高价,最低价,开盘价,前收盘,涨跌额,涨跌幅,换手率,成交量,成交金额,总市值,流通市值
2017-05-15,'601368,绿城水务,9.84,9.91,9.77,9.85,9.85,-0.01,-0.1015,0.5336,1569939,15457787.0,7240379236.32,2894954814.0
2017-05-12,'601368,绿城水务,9.85,9.95,9.67,9.76,9.77,0.08,0.8188,0.8403,2472115,24258758.0,7247737345.3,2897896841.25
2017-05-11,'601368,绿城水务,9.77,9.9,9.53,9.9,9.98,-0.21,-2.1042,1.3256,3899871,37933783.0,7188872473.46,2874360623.25
2017-05-10,'601368,绿城水务,9.98,10.3,9.95,10.28,10.29,-0.31,-3.0126,0.8173,2404545,24426358.0,7343392762.04,2936143195.5
2017-05-09,'601368,绿城水务,10.29,10.29,10.1,10.12,10.17,0.12,1.1799,0.6424,1889849,19265263.0,7571494140.42,3027346040.25
2017-05-08,'601368,绿城水务,10.17,10.45,10.16,10.39,10.44,-0.27,-2.5862,0.7504,2207827,22740680.0,7483196832.66,2992041713.25
2017-05-05,'601368,绿城水务,10.44,10.62,10.42,10.62,10.67,-0.23,-2.1556,0.905,2662575,27960603.0,7681865775.12,3071476449.0
2017-05-04,'601368,绿城水务,10.67,10.78,10.48,10.64,10.75,-0.08,-0.7442,1.3799,4059805,43074759.0,7851102281.66,3139143075.75
2017-05-03,'601368,绿城水务,10.75,11.17,10.35,10.4,10.44,0.31,2.9693,2.0993,6176264,66489892.0,7909967153.5,3162679293.75
2017-05-02,'601368,绿城水务,10.44,10.65,10.4,10.65,10.63,-0.19,-1.7874,0.8336,2452615,25768315.0,7681865775.12,3071476449.0
2017-04-28,'601368,绿城水务,10.63,10.63,10.5,10.56,10.58,0.05,0.4726,0.6272,1845146,19483083.0,7821669845.74,3127374966.75
2017-04-27,'601368,绿城水务,10.58,10.59,10.19,10.45,10.48,0.1,0.9542,1.1627,3420824,35479797.0,7784879300.84,3112664830.5
2017-04-26,'601368,绿城水务,10.48,10.56,10.45,10.56,10.5,-0.02,-0.1905,0.7209,2120978,22249824.0,7711298211.04,3083244558.0
2017-04-25,'601368,绿城水务,10.5,10.6,10.43,10.43,10.5,0.0,0.0,0.7639,2247546,23624632.0,7726014429.0,3089128612.5
2017-04-24,'601368,绿城水务,10.5,11.0,10.44,10.96,10.95,-0.45,-4.1096,1.2145,3573237,37970336.0,7726014429.0,3089128612.5
2017-04-21,'601368,绿城水务,10.95,11.09,10.92,11.04,10.98,-0.03,-0.2732,0.704,2071245,22778945.0,8057129333.1,3221519838.75
2017-04-20,'601368,绿城水务,10.98,11.21,10.86,11.15,11.06,-0.08,-0.7233,1.1051,3251114,35897091.0,8079203660.04,3230345920.5
2017-04-19,'601368,绿城水务,11.06,11.24,10.9,11.24,11.27,-0.21,-1.8634,1.2127,3567881,39498057.0,8138068531.88,3253882138.5
2017-04-18,'601368,绿城水务,11.27,11.49,11.26,11.43,11.43,-0.16,-1.3998,0.8069,2373927,26999066.0,8292588820.46,3315664710.75
2017-04-17,'601368,绿城水务,11.43,11.6,11.33,11.46,11.53,-0.1,-0.8673,0.9186,2702553,30935424.0,8410318564.14,3362737146.75
2017-04-14,'601368,绿城水务,11.53,11.8,11.45,11.72,11.8,-0.27,-2.2881,1.3162,3872402,45053687.0,8483899653.94,3392157419.25
2017-04-13,'601368,绿城水务,11.8,12.07,11.54,11.57,11.57,0.23,1.9879,2.0884,6144201,72812596.0,8682568596.4,3471592155.0
2017-04-12,'601368,绿城水务,11.57,11.7,11.56,11.65,11.63,-0.06,-0.5159,0.8604,2531270,29421863.0,8513332089.86,3403925528.25
2017-04-11,'601368,绿城水务,11.63,11.66,11.4,11.59,11.59,0.04,0.3451,1.0718,3153310,36389794.0,8557480743.74,3421577691.75
2017-04-10,'601368,绿城水务,11.59,11.75,11.55,11.62,11.7,-0.11,-0.9402,1.1478,3376784,39352898.0,8528048307.82,3409809582.75
2017-04-07,'601368,绿城水务,11.7,11.79,11.48,11.55,11.53,0.17,1.4744,1.4237,4188703,48825931.0,8608987506.6,3442171882.5
2017-04-06,'601368,绿城水务,11.53,11.59,11.46,11.57,11.51,0.02,0.1738,0.8625,2537451,29263635.0,8483899653.94,3392157419.25
2017-04-05,'601368,绿城水务,11.51,11.53,11.26,11.26,11.26,0.25,2.2202,1.0933,3216525,36808719.0,8469183435.98,3386273364.75
2017-03-31,'601368,绿城水务,11.26,11.29,11.21,11.21,11.2,0.06,0.5357,0.7403,2177946,24514802.0,8285230711.48,3312722683.5
2017-03-30,'601368,绿城水务,11.2,11.45,11.17,11.45,11.45,-0.25,-2.1834,1.3747,4044329,45578963.0,8241082057.6,3295070520.0
2017-03-29,'601368,绿城水务,11.45,11.57,11.44,11.57,11.57,-0.12,-1.0372,0.7664,2254768,25912816.0,8425034782.1,3368621201.25
2017-03-28,'601368,绿城水务,11.57,11.61,11.55,11.6,11.58,-0.01,-0.0864,0.5508,1620444,18768658.0,8513332089.86,3403925528.25
2017-03-27,'601368,绿城水务,11.58,11.63,11.54,11.61,11.62,-0.04,-0.3442,0.6955,2046248,23674836.0,8520690198.84,3406867555.5
2017-03-24,'601368,绿城水务,11.62,11.66,11.53,11.66,11.66,-0.04,-0.3431,0.8724,2566623,29743298.0,8550122634.76,3418635664.5
2017-03-23,'601368,绿城水务,11.66,11.73,11.55,11.63,11.62,0.04,0.3442,0.7814,2299039,26770530.0,8579555070.68,3430403773.5
2017-03-22,'601368,绿城水务,11.62,11.82,11.61,11.79,11.84,-0.22,-1.8581,1.1819,3477187,40620000.0,8550122634.76,3418635664.5
2017-03-21,'601368,绿城水务,11.84,11.9,11.81,11.89,11.89,-0.05,-0.4205,0.6562,1930616,22866831.0,8712001032.32,3483360264.0
2017-03-20,'601368,绿城水务,11.89,11.9,11.77,11.81,11.8,0.09,0.7627,0.6868,2020724,23876114.0,8748791577.22,3498070400.25
2017-03-17,'601368,绿城水务,11.8,11.94,11.77,11.92,11.92,-0.12,-1.0067,0.905,2662665,31646306.0,8682568596.4,3471592155.0
2017-03-16,'601368,绿城水务,11.92,11.93,11.79,11.8,11.8,0.12,1.0169,0.8603,2530989,30104937.0,8770865904.16,3506896482.0
2017-03-15,'601368,绿城水务,11.8,11.85,11.75,11.8,11.81,-0.01,-0.0847,0.5427,1596492,18818438.0,8682568596.4,3471592155.0
2017-03-14,'601368,绿城水务,11.81,11.97,11.78,11.87,11.89,-0.08,-0.6728,0.6649,1956296,23182689.0,8689926705.38,3474534182.25
2017-03-13,'601368,绿城水务,11.89,11.9,11.72,11.79,11.79,0.1,0.8482,0.7976,2346579,27770980.0,8748791577.22,3498070400.25
2017-03-10,'601368,绿城水务,11.79,11.87,11.77,11.77,11.8,-0.01,-0.0847,0.6708,1973403,23349872.0,8675210487.42,3468650127.75
2017-03-09,'601368,绿城水务,11.8,12.0,11.77,11.97,12.03,-0.23,-1.9119,1.2745,3749594,44510791.0,8682568596.4,3471592155.0
2017-03-08,'601368,绿城水务,12.03,12.13,11.95,12.08,12.12,-0.09,-0.7426,1.2638,3718180,44712104.0,8851805102.94,3539258781.75
2017-03-07,'601368,绿城水务,12.12,12.24,12.08,12.14,12.11,0.01,0.0826,1.4765,4343900,52817554.0,8918028083.76,3565737027.0
2017-03-06,'601368,绿城水务,12.11,12.11,11.96,11.99,11.99,0.12,1.0008,1.0845,3190711,38421542.0,8910669974.78,3562794999.75
2017-03-03,'601368,绿城水务,11.99,12.08,11.91,11.95,11.95,0.04,0.3347,0.7753,2280979,27341879.0,8822372667.02,3527490672.75
2017-03-02,'601368,绿城水务,11.95,12.07,11.92,12.03,12.04,-0.09,-0.7475,0.9254,2722658,32607554.0,8792940231.1,3515722563.75
2017-03-01,'601368,绿城水务,12.04,12.16,11.96,12.0,11.99,0.05,0.417,1.6594,4881872,58878920.0,8859163211.92,3542200809.0
2017-02-28,'601368,绿城水务,11.99,12.03,11.9,11.9,11.94,0.05,0.4188,1.0084,2966720,35514225.0,8822372667.02,3527490672.75
2017-02-27,'601368,绿城水务,11.94,12.04,11.89,12.0,12.0,-0.06,-0.5,1.3325,3920282,46905428.0,8785582122.12,3512780536.5
2017-02-24,'601368,绿城水务,12.0,12.07,11.99,12.07,12.01,-0.01,-0.0833,1.3279,3906586,46948857.0,8829730776.0,3530432700.0
2017-02-23,'601368,绿城水务,12.01,12.13,11.95,12.12,12.12,-0.11,-0.9076,1.1599,3412428,40970347.0,8837088884.98,3533374727.25
2017-02-22,'601368,绿城水务,12.12,12.14,12.0,12.09,12.09,0.03,0.2481,1.1301,3324879,40143837.0,8918028083.76,3565737027.0
2017-02-21,'601368,绿城水务,12.09,12.14,11.94,11.95,12.05,0.04,0.332,1.4039,4130331,49773713.0,8895953756.82,3556910945.25
2017-02-20,'601368,绿城水务,12.05,12.18,11.81,11.86,11.88,0.17,1.431,1.3817,4065044,48660329.0,8866521320.9,3545142836.25
2017-02-17,'601368,绿城水务,11.88,12.0,11.82,11.82,11.93,-0.05,-0.4191,1.4339,4218549,50340391.0,8741433468.24,3495128373.0
2017-02-16,'601368,绿城水务,11.93,12.15,11.63,11.66,11.68,0.25,2.1404,1.5356,4517887,53928919.0,8778224013.14,3509838509.25
2017-02-15,'601368,绿城水务,11.68,11.89,11.66,11.78,11.84,-0.16,-1.3514,0.8421,2477405,29211912.0,8594271288.64,3436287828.0
2017-02-14,'601368,绿城水务,11.84,11.89,11.79,11.85,11.87,-0.03,-0.2527,0.6715,1975450,23373094.0,8712001032.32,3483360264.0
2017-02-13,'601368,绿城水务,11.87,11.94,11.75,11.77,11.77,0.1,0.8496,0.9168,2697144,31943779.0,8734075359.26,3492186345.75
2017-02-10,'601368,绿城水务,11.77,11.8,11.71,11.73,11.75,0.02,0.1702,0.8256,2429045,28564831.0,8660494269.46,3462766073.25
2017-02-09,'601368,绿城水务,11.75,11.78,11.65,11.66,11.7,0.05,0.4274,0.8131,2392235,28068348.0,8645778051.5,3456882018.75
2017-02-08,'601368,绿城水务,11.7,11.71,11.54,11.64,11.64,0.06,0.5155,0.65,1912171,22224337.0,8608987506.6,3442171882.5
2017-02-07,'601368,绿城水务,11.64,11.74,11.57,11.7,11.71,-0.07,-0.5978,0.5798,1705899,19876770.0,8564838852.72,3424519719.0
2017-02-06,'601368,绿城水务,11.71,11.72,11.58,11.58,11.62,0.09,0.7745,0.5456,1605165,18749061.0,8616345615.58,3445113909.75
2017-02-03,'601368,绿城水务,11.62,11.68,11.55,11.62,11.62,0.0,0.0,0.5325,1566611,18235023.0,8550122634.76,3418635664.5
2017-01-26,'601368,绿城水务,11.62,11.71,11.57,11.57,11.54,0.08,0.6932,0.53,1559199,18141500.0,8550122634.76,3418635664.5
2017-01-25,'601368,绿城水务,11.54,11.59,11.39,11.45,11.48,0.06,0.5226,0.5254,1545678,17809272.0,8491257762.92,3395099446.5
2017-01-24,'601368,绿城水务,11.48,11.61,11.42,11.61,11.55,-0.07,-0.6061,0.5591,1644852,18901022.0,8447109109.04,3377447283.0
2017-01-23,'601368,绿城水务,11.55,11.63,11.41,11.45,11.46,0.09,0.7853,0.6218,1829228,21134773.0,8498615871.9,3398041473.75
2017-01-20,'601368,绿城水务,11.46,11.5,11.26,11.32,11.32,0.14,1.2367,0.688,2024135,23157788.0,8432392891.08,3371563228.5
2017-01-19,'601368,绿城水务,11.32,11.38,11.27,11.32,11.33,-0.01,-0.0883,0.3975,1169589,13251939.0,8329379365.36,3330374847.0
2017-01-18,'601368,绿城水务,11.33,11.45,11.3,11.37,11.43,-0.1,-0.8749,0.5753,1692661,19253628.0,8336737474.34,3333316874.25
2017-01-17,'601368,绿城水务,11.43,11.48,11.21,11.3,11.32,0.11,0.9717,0.6775,1993192,22614918.0,8410318564.14,3362737146.75
2017-01-16,'601368,绿城水务,11.32,11.78,10.93,11.67,11.83,-0.51,-4.3111,1.7351,5104737,58336365.0,8329379365.36,3330374847.0
2017-01-13,'601368,绿城水务,11.83,12.08,11.81,12.02,12.04,-0.21,-1.7442,1.2382,3642786,43513587.0,8704642923.34,3480418236.75
2017-01-12,'601368,绿城水务,12.04,12.19,12.02,12.15,12.13,-0.09,-0.742,0.8594,2528361,30605066.0,8859163211.92,3542200809.0
2017-01-11,'601368,绿城水务,12.13,12.32,12.12,12.3,12.3,-0.17,-1.3821,0.942,2771380,33872495.0,8925386192.74,3568679054.25
2017-01-10,'601368,绿城水务,12.3,12.45,12.26,12.36,12.36,-0.06,-0.4854,1.3086,3850068,47576720.0,9050474045.4,3618693517.5
2017-01-09,'601368,绿城水务,12.36,12.36,12.23,12.23,12.29,0.07,0.5696,1.1254,3310884,40714875.0,9094622699.28,3636345681.0
2017-01-06,'601368,绿城水务,12.29,12.32,12.15,12.26,12.25,0.04,0.3265,1.3818,4065301,49798165.0,9043115936.42,3615751490.25
2017-01-05,'601368,绿城水务,12.25,12.28,12.17,12.22,12.23,0.02,0.1635,0.8699,2559274,31331987.0,9013683500.5,3603983381.25
2017-01-04,'601368,绿城水务,12.23,12.23,12.11,12.15,12.14,0.09,0.7414,0.9422,2772071,33784574.0,8998967282.54,3598099326.75
2017-01-03,'601368,绿城水务,12.14,12.17,12.03,12.08,12.09,0.05,0.4136,1.0088,2967827,35988520.0,8932744301.72,3571621081.5
2016-12-30,'601368,绿城水务,12.09,12.24,12.03,12.21,12.29,-0.2,-1.6273,2.6092,7676428,92941721.0,8895953756.82,3556910945.25
2016-12-29,'601368,绿城水务,12.29,12.36,12.09,12.19,12.21,0.08,0.6552,1.6661,4901702,59680061.0,9043115936.42,3615751490.25
2016-12-28,'601368,绿城水务,12.21,12.25,12.18,12.22,12.22,-0.01,-0.0818,0.6172,1815908,22174457.0,8984251064.58,3592215272.25
2016-12-27,'601368,绿城水务,12.22,12.3,12.19,12.22,12.22,0.0,0.0,0.5659,1664900,20389127.0,8991609173.56,3595157299.5
2016-12-26,'601368,绿城水务,12.22,12.23,12.0,12.22,12.2,0.02,0.1639,0.8867,2608600,31587497.0,8991609173.56,3595157299.5
2016-12-23,'601368,绿城水务,12.2,12.34,12.18,12.29,12.32,-0.12,-0.974,0.7245,2131500,26097045.0,8976892955.6,3589273245.0
2016-12-22,'601368,绿城水务,12.32,12.37,12.25,12.36,12.34,-0.02,-0.1621,0.8848,2603086,32049145.0,9065190263.36,3624577572.0
2016-12-21,'601368,绿城水务,12.34,12.34,12.26,12.26,12.28,0.06,0.4886,0.8267,2432107,29938675.0,9079906481.32,3630461626.5
2016-12-20,'601368,绿城水务,12.28,12.29,12.19,12.27,12.27,0.01,0.0815,0.8117,2388036,29221150.0,9035757827.44,3612809463.0
2016-12-19,'601368,绿城水务,12.27,12.32,12.22,12.28,12.29,-0.02,-0.1627,0.787,2315509,28435597.0,9028399718.46,3609867435.75
2016-12-16,'601368,绿城水务,12.29,12.31,12.15,12.22,12.22,0.07,0.5728,0.9535,2805128,34358518.0,9043115936.42,3615751490.25
2016-12-15,'601368,绿城水务,12.22,12.28,12.11,12.18,12.14,0.08,0.659,0.9219,2712294,33140413.0,8991609173.56,3595157299.5
2016-12-14,'601368,绿城水务,12.14,12.31,12.13,12.28,12.27,-0.13,-1.0595,1.1142,3278100,40037557.0,8932744301.72,3571621081.5
2016-12-13,'601368,绿城水务,12.27,12.29,12.11,12.2,12.17,0.1,0.8217,1.2537,3688500,45080599.0,9028399718.46,3609867435.75
2016-12-12,'601368,绿城水务,12.17,12.8,12.15,12.76,12.79,-0.62,-4.8475,2.7472,8082208,100864675.0,8954818628.66,3580447163.25
2016-12-09,'601368,绿城水务,12.79,12.88,12.77,12.83,12.84,-0.05,-0.3894,1.1004,3237400,41504212.0,9411021385.42,3762852852.75
2016-12-08,'601368,绿城水务,12.84,12.9,12.82,12.85,12.86,-0.02,-0.1555,1.0567,3108742,39978165.0,9447811930.32,3777562989.0
2016-12-07,'601368,绿城水务,12.86,12.87,12.75,12.8,12.79,0.07,0.5473,1.0137,2982254,38194604.0,9462528148.28,3783447043.5
2016-12-06,'601368,绿城水务,12.79,12.85,12.76,12.81,12.79,0.0,0.0,0.7518,2211692,28343144.0,9411021385.42,3762852852.75
2016-12-05,'601368,绿城水务,12.79,12.85,12.69,12.74,12.8,-0.01,-0.0781,1.2875,3787918,48424544.0,9411021385.42,3762852852.75
2016-12-02,'601368,绿城水务,12.8,13.18,12.78,13.18,13.17,-0.37,-2.8094,2.8785,8468561,109612184.0,9418379494.4,3765794880.0
2016-12-01,'601368,绿城水务,13.17,13.19,13.06,13.06,13.09,0.08,0.6112,1.6442,4837346,63516517.0,9690629526.66,3874649888.25
2016-11-30,'601368,绿城水务,13.09,13.16,13.04,13.09,13.07,0.02,0.153,1.7227,5068284,66378099.0,9631764654.82,3851113670.25
2016-11-29,'601368,绿城水务,13.07,13.17,13.06,13.1,13.13,-0.06,-0.457,1.8715,5505963,72146734.0,9617048436.86,3845229615.75
2016-11-28,'601368,绿城水务,13.13,13.27,13.09,13.2,13.22,-0.09,-0.6808,2.5946,7633321,100514391.0,9661197090.74,3862881779.25
2016-11-25,'601368,绿城水务,13.22,13.24,12.98,13.21,13.24,-0.02,-0.1511,2.7415,8065710,105874529.0,9727420071.56,3889360024.5
2016-11-24,'601368,绿城水务,13.24,13.4,13.19,13.27,13.28,-0.04,-0.3012,2.7601,8120153,107816669.0,9742136289.52,3895244079.0
2016-11-23,'601368,绿城水务,13.28,13.45,13.25,13.38,13.46,-0.18,-1.3373,4.143,12188768,162624419.0,9771568725.44,3907012188.0
2016-11-22,'601368,绿城水务,13.46,13.83,13.18,13.21,13.18,0.28,2.1244,6.1446,18077439,243721759.0,9904014687.08,3959968678.5
2016-11-21,'601368,绿城水务,13.18,13.28,13.1,13.14,13.14,0.04,0.3044,2.3346,6868558,90529107.0,9697987635.64,3877591915.5
2016-11-18,'601368,绿城水务,13.14,13.29,13.12,13.24,13.21,-0.07,-0.5299,2.0629,6069037,80104606.0,9668555199.72,3865823806.5
2016-11-17,'601368,绿城水务,13.21,13.28,13.1,13.28,13.29,-0.08,-0.602,2.6976,7936285,104631842.0,9720061962.58,3886417997.25
2016-11-16,'601368,绿城水务,13.29,13.55,13.26,13.5,13.38,-0.09,-0.6726,3.188,9379273,125210193.0,9778926834.42,3909954215.25
2016-11-15,'601368,绿城水务,13.38,13.46,13.14,13.19,13.21,0.17,1.2869,4.4655,13137598,175205087.0,9845149815.24,3936432460.5
2016-11-14,'601368,绿城水务,13.21,13.26,13.13,13.2,13.18,0.03,0.2276,3.0099,8855131,116809064.0,9720061962.58,3886417997.25
2016-11-11,'601368,绿城水务,13.18,13.24,13.03,13.06,13.06,0.12,0.9188,3.7521,11038660,144877928.0,9697987635.64,3877591915.5
2016-11-10,'601368,绿城水务,13.06,13.07,12.94,12.96,12.88,0.18,1.3975,2.4966,7344967,95552593.0,9609690327.88,3842287588.5
2016-11-09,'601368,绿城水务,12.88,13.14,12.78,13.07,13.15,-0.27,-2.0532,3.6535,10748719,139021933.0,9477244366.24,3789331098.0
2016-11-08,'601368,绿城水务,13.15,13.35,13.06,13.2,13.14,0.01,0.0761,3.7949,11164784,147192094.0,9675913308.7,3868765833.75
2016-11-07,'601368,绿城水务,13.14,13.22,13.03,13.15,13.11,0.03,0.2288,2.677,7875946,103155064.0,9668555199.72,3865823806.5
2016-11-04,'601368,绿城水务,13.11,13.15,12.98,13.03,13.07,0.04,0.306,3.024,8896688,116291905.0,9646480872.78,3856997724.75
2016-11-03,'601368,绿城水务,13.07,13.22,12.73,12.76,12.84,0.23,1.7913,4.0765,11993132,155973435.0,9617048436.86,3845229615.75
2016-11-02,'601368,绿城水务,12.84,13.01,12.82,12.9,12.95,-0.11,-0.8494,1.9897,5853838,75583392.0,9447811930.32,3777562989.0
2016-11-01,'601368,绿城水务,12.95,12.97,12.77,12.8,12.83,0.12,0.9353,2.3069,6786885,87519980.0,9528751129.1,3809925288.75
2016-10-31,'601368,绿城水务,12.83,12.95,12.67,12.68,12.75,0.08,0.6275,1.6478,4847957,62188240.0,9440453821.34,3774620961.75
2016-10-28,'601368,绿城水务,12.75,12.99,12.73,12.99,12.93,-0.18,-1.3921,1.8507,5444941,69961563.0,9381588949.5,3751084743.75
2016-10-27,'601368,绿城水务,12.93,12.99,12.87,12.95,12.97,-0.04,-0.3084,1.0862,3195604,41262216.0,9514034911.14,3804041234.25
2016-10-26,'601368,绿城水务,12.97,13.06,12.85,12.99,13.0,-0.03,-0.2308,1.8379,5407170,69969988.0,9543467347.06,3815809343.25
2016-10-25,'601368,绿城水务,13.0,13.01,12.85,12.88,12.85,0.15,1.1673,2.0844,6132496,79227895.0,9565541674.0,3824635425.0
2016-10-24,'601368,绿城水务,12.85,12.93,12.68,12.78,12.83,0.02,0.1559,2.2271,6552113,83988404.0,9455170039.3,3780505016.25
2016-10-21,'601368,绿城水务,12.83,12.96,12.75,12.95,12.94,-0.11,-0.8501,1.6495,4852836,62342269.0,9440453821.34,3774620961.75
2016-10-20,'601368,绿城水务,12.94,12.98,12.84,12.93,12.9,0.04,0.3101,1.6707,4915115,63485094.0,9521393020.12,3806983261.5
2016-10-19,'601368,绿城水务,12.9,12.98,12.8,12.97,12.9,0.0,0.0,1.5243,4484679,57835300.0,9491960584.2,3795215152.5
2016-10-18,'601368,绿城水务,12.9,12.91,12.71,12.72,12.74,0.16,1.2559,1.7192,5057797,64776287.0,9491960584.2,3795215152.5
2016-10-17,'601368,绿城水务,12.74,13.06,12.72,12.92,12.95,-0.21,-1.6216,1.9999,5883776,75929923.0,9374230840.52,3748142716.5
2016-10-14,'601368,绿城水务,12.95,13.09,12.82,13.09,13.08,-0.13,-0.9939,2.3167,6815688,88112492.0,9528751129.1,3809925288.75
2016-10-13,'601368,绿城水务,13.08,13.2,12.88,12.89,12.88,0.2,1.5528,3.489,10264616,134175728.0,9624406545.84,3848171643.0
2016-10-12,'601368,绿城水务,12.88,12.93,12.78,12.79,12.84,0.04,0.3115,1.673,4921875,63306725.0,9477244366.24,3789331098.0
2016-10-11,'601368,绿城水务,12.84,12.88,12.76,12.8,12.82,0.02,0.156,1.4673,4316848,55300857.0,9447811930.32,3777562989.0
2016-10-10,'601368,绿城水务,12.82,12.83,12.66,12.66,12.63,0.19,1.5044,1.7662,5196329,66372307.0,9433095712.36,3771678934.5
2016-09-30,'601368,绿城水务,12.63,12.64,12.56,12.59,12.59,0.04,0.3177,1.008,2965519,37357025.0,9293291641.74,3715780416.75
2016-09-29,'601368,绿城水务,12.59,12.66,12.55,12.58,12.56,0.03,0.2389,1.1019,3241700,40878268.0,9263859205.82,3704012307.75
2016-09-28,'601368,绿城水务,12.56,12.67,12.56,12.64,12.62,-0.06,-0.4754,0.8425,2478765,31230061.0,9241784878.88,3695186226.0
2016-09-27,'601368,绿城水务,12.62,12.65,12.52,12.53,12.57,0.05,0.3978,1.3267,3903241,49073538.0,9285933532.76,3712838389.5
2016-09-26,'601368,绿城水务,12.57,13.01,12.51,13.01,13.05,-0.48,-3.6782,3.6207,10652226,135660551.0,9249142987.86,3698128253.25
2016-09-23,'601368,绿城水务,13.05,13.2,13.03,13.08,13.08,-0.03,-0.2294,1.8217,5359564,70322445.0,9602332218.9,3839345561.25
2016-09-22,'601368,绿城水务,13.08,13.25,13.06,13.12,13.05,0.03,0.2299,2.4581,7231857,95056812.0,9624406545.84,3848171643.0
2016-09-21,'601368,绿城水务,13.05,13.18,12.98,13.13,13.14,-0.09,-0.6849,2.4578,7230997,94460917.0,9602332218.9,3839345561.25
2016-09-20,'601368,绿城水务,13.14,13.35,13.11,13.21,13.27,-0.13,-0.9797,2.7293,8029530,106044499.0,9668555199.72,3865823806.5
2016-09-19,'601368,绿城水务,13.27,13.38,13.12,13.12,13.18,0.09,0.6829,3.4819,10243723,135463927.0,9764210616.46,3904070160.75
2016-09-14,'601368,绿城水务,13.18,13.3,12.91,12.99,12.93,0.25,1.9335,5.4394,16002986,210530914.0,9697987635.64,3877591915.5
2016-09-13,'601368,绿城水务,12.93,13.0,12.8,12.9,12.83,0.1,0.7794,3.1271,9200085,118566276.0,9514034911.14,3804041234.25
2016-09-12,'601368,绿城水务,12.83,13.15,12.78,13.01,13.26,-0.43,-3.2428,5.0973,14996282,194306687.0,9440453821.34,3774620961.75
2016-09-09,'601368,绿城水务,13.26,13.58,13.19,13.22,13.25,0.01,0.0755,5.3722,15805261,210924319.0,9756852507.48,3901128133.5
2016-09-08,'601368,绿城水务,13.25,13.41,13.11,13.31,13.55,-0.3,-2.214,9.0232,26546565,351794223.0,9749494398.5,3898186106.25
2016-09-07,'601368,绿城水务,13.55,14.28,12.88,12.95,12.98,0.57,4.3914,12.6886,37330251,511650465.0,9970237667.9,3986446923.75
2016-09-06,'601368,绿城水务,12.98,13.07,12.5,12.66,12.64,0.34,2.6899,3.7278,10967368,140775761.0,9550825456.04,3818751370.5
2016-09-05,'601368,绿城水务,12.64,12.79,12.59,12.64,12.63,0.01,0.0792,0.8997,2646959,33578359.0,9300649750.72,3718722444.0
2016-09-02,'601368,绿城水务,12.63,12.75,12.52,12.7,12.75,-0.12,-0.9412,1.2357,3635586,45982044.0,9293291641.74,3715780416.75
2016-09-01,'601368,绿城水务,12.75,12.89,12.73,12.84,12.83,-0.08,-0.6235,1.2373,3640174,46609359.0,9381588949.5,3751084743.75
2016-08-31,'601368,绿城水务,12.83,12.87,12.69,12.8,12.83,0.0,0.0,1.1011,3239598,41363697.0,9440453821.34,3774620961.75
2016-08-30,'601368,绿城水务,12.83,12.96,12.73,12.85,12.9,-0.07,-0.5426,1.8202,5354975,68634403.0,9440453821.34,3774620961.75
2016-08-29,'601368,绿城水务,12.9,13.09,12.65,12.72,12.69,0.21,1.6548,3.4702,10209455,132139775.0,9491960584.2,3795215152.5
2016-08-26,'601368,绿城水务,12.69,12.72,12.58,12.63,12.58,0.11,0.8744,0.9627,2832400,35896432.0,9337440295.62,3733432580.25
2016-08-25,'601368,绿城水务,12.58,12.7,12.48,12.7,12.76,-0.18,-1.4107,1.3813,4063686,51031694.0,9256501096.84,3701070280.5
2016-08-24,'601368,绿城水务,12.76,12.82,12.66,12.75,12.72,0.04,0.3145,1.184,3483445,44339679.0,9388947058.48,3754026771.0
2016-08-23,'601368,绿城水务,12.72,12.74,12.62,12.63,12.71,0.01,0.0787,1.1534,3393381,43054609.0,9359514622.56,3742258662.0
2016-08-22,'601368,绿城水务,12.71,12.94,12.7,12.9,12.86,-0.15,-1.1664,1.3107,3856235,49352716.0,9352156513.58,3739316634.75
2016-08-19,'601368,绿城水务,12.86,12.97,12.79,12.87,12.99,-0.13,-1.0008,1.5519,4565805,58793855.0,9462528148.28,3783447043.5
2016-08-18,'601368,绿城水务,12.99,13.21,12.78,12.86,12.86,0.13,1.0109,2.9355,8636439,112070356.0,9558183565.02,3821693397.75
2016-08-17,'601368,绿城水务,12.86,12.96,12.73,12.8,12.8,0.06,0.4688,1.9289,5674756,72886287.0,9462528148.28,3783447043.5
2016-08-16,'601368,绿城水务,12.8,12.87,12.71,12.79,12.79,0.01,0.0782,1.5338,4512380,57714588.0,9418379494.4,3765794880.0
2016-08-15,'601368,绿城水务,12.79,12.84,12.53,12.59,12.56,0.23,1.8312,2.3865,7021024,89304638.0,9411021385.42,3762852852.75
2016-08-12,'601368,绿城水务,12.56,12.56,12.41,12.47,12.41,0.15,1.2087,0.9833,2892973,36112492.0,9241784878.88,3695186226.0
2016-08-11,'601368,绿城水务,12.41,12.61,12.4,12.53,12.55,-0.14,-1.1155,1.0227,3008804,37583651.0,9131413244.18,3651055817.25
2016-08-10,'601368,绿城水务,12.55,12.69,12.53,12.63,12.7,-0.15,-1.1811,1.5666,4609125,58118921.0,9234426769.9,3692244198.75
2016-08-09,'601368,绿城水务,12.7,12.79,12.5,12.56,12.54,0.16,1.2759,1.9875,5847248,74178581.0,9344798404.6,3736374607.5
2016-08-08,'601368,绿城水务,12.54,12.55,12.3,12.42,12.42,0.12,0.9662,0.8916,2623210,32613851.0,9227068660.92,3689302171.5
2016-08-05,'601368,绿城水务,12.42,12.5,12.4,12.5,12.5,-0.08,-0.64,0.9393,2763435,34394576.0,9138771353.16,3653997844.5
2016-08-04,'601368,绿城水务,12.5,12.5,12.33,12.48,12.49,0.01,0.0801,1.0126,2979169,36995722.0,9197636225.0,3677534062.5
2016-08-03,'601368,绿城水务,12.49,12.6,12.38,12.41,12.42,0.07,0.5636,0.9146,2690810,33616208.0,9190278116.02,3674592035.25
2016-08-02,'601368,绿城水务,12.42,12.43,12.33,12.37,12.35,0.07,0.5668,0.7191,2115587,26206594.0,9138771353.16,3653997844.5
2016-08-01,'601368,绿城水务,12.35,12.54,12.28,12.48,12.55,-0.2,-1.5936,1.0397,3058962,37767527.0,9087264590.3,3633403653.75
2016-07-29,'601368,绿城水务,12.55,12.7,12.47,12.61,12.59,-0.04,-0.3177,1.2165,3579067,44976678.0,9234426769.9,3692244198.75
2016-07-28,'601368,绿城水务,12.59,12.68,12.47,12.64,12.6,-0.01,-0.0794,2.0016,5888738,74040173.0,9263859205.82,3704012307.75
2016-07-27,'601368,绿城水务,12.6,13.23,12.52,13.2,13.19,-0.59,-4.4731,3.9911,11741989,150383977.0,9271217314.8,3706954335.0
2016-07-26,'601368,绿城水务,13.19,13.19,13.03,13.06,13.06,0.13,0.9954,2.2099,6501730,85465640.0,9705345744.62,3880533942.75
2016-07-25,'601368,绿城水务,13.06,13.17,12.96,13.01,13.03,0.03,0.2302,1.9565,5755946,75222084.0,9609690327.88,3842287588.5
2016-07-22,'601368,绿城水务,13.03,13.4,13.0,13.4,13.44,-0.41,-3.0506,5.6969,16760511,220697985.0,9587616000.94,3833461506.75
2016-07-21,'601368,绿城水务,13.44,13.62,13.22,13.22,13.22,0.22,1.6641,6.3615,18715750,252251574.0,9889298469.12,3954084624.0
2016-07-20,'601368,绿城水务,13.22,13.33,13.21,13.25,13.25,-0.03,-0.2264,2.1789,6410271,85015001.0,9727420071.56,3889360024.5
2016-07-19,'601368,绿城水务,13.25,13.34,13.15,13.25,13.34,-0.09,-0.6747,2.4442,7190945,95111796.0,9749494398.5,3898186106.25
2016-07-18,'601368,绿城水务,13.34,13.38,13.17,13.23,13.24,0.1,0.7553,2.1582,6349337,84371739.0,9815717379.32,3924664351.5
2016-07-15,'601368,绿城水务,13.24,13.42,13.22,13.38,13.39,-0.15,-1.1202,2.4568,7227884,96035459.0,9742136289.52,3895244079.0
2016-07-14,'601368,绿城水务,13.39,13.41,13.21,13.31,13.31,0.08,0.6011,2.235,6575558,87414657.0,9852507924.22,3939374487.75
2016-07-13,'601368,XD绿城水,13.31,13.47,13.26,13.32,13.25,0.06,0.4528,3.2249,9487756,126664840.0,9793643052.38,3915838269.75
2016-07-12,'601368,绿城水务,13.35,13.38,13.09,13.21,13.35,0.0,0.0,3.7867,11140443,147328937.0,9823075488.3,3927606378.75
2016-07-11,'601368,绿城水务,13.35,13.6,13.31,13.31,13.48,-0.13,-0.9644,3.4875,10260308,137786457.0,9823075488.3,3927606378.75
2016-07-08,'601368,绿城水务,13.48,13.79,13.45,13.7,13.55,-0.07,-0.5166,4.7493,13972645,189584564.0,9918730905.04,3965852733.0
2016-07-07,'601368,绿城水务,13.55,13.64,13.26,13.44,13.45,0.1,0.7435,7.0058,20611285,278104539.0,9970237667.9,3986446923.75
2016-07-06,'601368,绿城水务,13.45,13.56,13.21,13.38,13.39,0.06,0.4481,6.1346,18048273,241566663.0,9896656578.1,3957026651.25
2016-07-05,'601368,绿城水务,13.39,13.58,13.2,13.47,13.31,0.08,0.6011,6.0623,17835401,238729149.0,9852507924.22,3939374487.75
2016-07-04,'601368,绿城水务,13.31,13.36,12.95,13.03,13.02,0.29,2.2273,4.2731,12571711,166013134.0,9793643052.38,3915838269.75
2016-07-01,'601368,绿城水务,13.02,13.15,12.98,13.05,13.15,-0.13,-0.9886,1.9471,5728350,74821502.0,9580257891.96,3830519479.5
2016-06-30,'601368,绿城水务,13.15,13.26,12.9,12.95,12.99,0.16,1.2317,2.7734,8159439,106787026.0,9675913308.7,3868765833.75
2016-06-29,'601368,绿城水务,12.99,13.28,12.95,13.08,13.05,-0.06,-0.4598,2.2058,6489606,84806216.0,9558183565.02,3821693397.75
2016-06-28,'601368,绿城水务,13.05,13.05,12.76,12.78,12.82,0.23,1.7941,1.6787,4938680,63864272.0,9602332218.9,3839345561.25
2016-06-27,'601368,绿城水务,12.82,12.87,12.52,12.6,12.65,0.17,1.3439,1.1477,3376634,43048994.0,9433095712.36,3771678934.5
2016-06-24,'601368,绿城水务,12.65,13.02,12.44,12.91,12.88,-0.23,-1.7857,1.3379,3936224,50077903.0,9308007859.7,3721664471.25
2016-06-23,'601368,绿城水务,12.88,13.03,12.81,12.9,13.03,-0.15,-1.1512,1.1476,3376348,43550651.0,9477244366.24,3789331098.0
2016-06-22,'601368,绿城水务,13.03,13.06,12.61,12.7,12.83,0.2,1.5588,1.0002,2942704,38012400.0,9587616000.94,3833461506.75
2016-06-21,'601368,绿城水务,12.83,13.25,12.81,13.18,13.02,-0.19,-1.4593,1.3798,4059548,52892964.0,9440453821.34,3774620961.75
2016-06-20,'601368,绿城水务,13.02,13.1,12.6,12.85,12.83,0.19,1.4809,1.476,4342532,55970488.0,9580257891.96,3830519479.5
2016-06-17,'601368,绿城水务,12.83,13.08,12.75,12.86,12.92,-0.09,-0.6966,1.402,4124850,53256709.0,9440453821.34,3774620961.75
2016-06-16,'601368,绿城水务,12.92,13.17,12.73,12.89,12.89,0.03,0.2327,1.4042,4131048,53493448.0,9506676802.16,3801099207.0
2016-06-15,'601368,绿城水务,12.89,12.98,12.49,12.58,12.62,0.27,2.1395,1.2504,3678818,47250063.0,9484602475.22,3792273125.25
2016-06-14,'601368,绿城水务,12.62,12.74,12.46,12.51,12.51,0.11,0.8793,0.7143,2101562,26449572.0,9285933532.76,3712838389.5
2016-06-13,'601368,绿城水务,12.51,13.09,12.5,13.03,13.26,-0.75,-5.6561,1.5013,4416858,56830212.0,9204994333.98,3680476089.75
2016-06-08,'601368,绿城水务,13.26,13.49,13.16,13.49,13.51,-0.25,-1.8505,3.5147,5166650,68677446.0,9756852507.48,1949220000.0
2016-06-07,'601368,绿城水务,13.51,13.88,13.08,13.23,13.2,0.31,2.3485,5.2733,7751766,104511666.0,9940805231.98,1985970000.0
2016-06-06,'601368,绿城水务,13.2,13.38,13.1,13.38,13.35,-0.15,-1.1236,2.7211,4000086,52745194.0,9712703853.6,1940400000.0
2016-06-03,'601368,绿城水务,13.35,13.57,13.2,13.38,13.41,-0.06,-0.4474,3.5337,5194537,69425200.0,9823075488.3,1962450000.0
2016-06-02,'601368,绿城水务,13.41,13.45,13.0,13.13,13.13,0.28,2.1325,4.1092,6040566,79889401.0,9867224142.18,1971270000.0
2016-06-01,'601368,绿城水务,13.13,13.25,13.01,13.08,13.11,0.02,0.1526,3.2065,4713554,61924682.0,9661197090.74,1930110000.0
2016-05-31,'601368,绿城水务,13.11,13.15,12.58,12.63,12.58,0.53,4.213,3.7428,5501923,71241971.0,9646480872.78,1927170000.0
2016-05-30,'601368,绿城水务,12.58,12.75,12.41,12.7,12.75,-0.17,-1.3333,1.3679,2010874,25296725.0,9256501096.84,1849260000.0
2016-05-27,'601368,绿城水务,12.75,12.86,12.65,12.79,12.75,0.0,0.0,2.6417,3883370,49606047.0,9381588949.5,1874250000.0
2016-05-26,'601368,绿城水务,12.75,12.83,12.46,12.7,12.72,0.03,0.2358,1.7785,2614388,33031347.0,9381588949.5,1874250000.0
2016-05-25,'601368,绿城水务,12.72,12.82,12.62,12.75,12.62,0.1,0.7924,1.936,2845944,36255305.0,9359514622.56,1869840000.0
2016-05-24,'601368,绿城水务,12.62,12.79,12.52,12.69,12.81,-0.19,-1.4832,1.3522,1987661,25059287.0,9285933532.76,1855140000.0
2016-05-23,'601368,绿城水务,12.81,12.85,12.61,12.68,12.68,0.13,1.0252,1.7208,2529629,32306102.0,9425737603.38,1883070000.0
2016-05-20,'601368,绿城水务,12.68,12.69,12.4,12.41,12.57,0.11,0.8751,1.4196,2086788,26201481.0,9330082186.64,1863960000.0
2016-05-19,'601368,绿城水务,12.57,12.85,12.5,12.6,12.55,0.02,0.1594,1.4662,2155367,27316407.0,9249142987.86,1847790000.0
2016-05-18,'601368,绿城水务,12.55,13.02,12.33,13.02,13.05,-0.5,-3.8314,2.3821,3501711,44444201.0,9234426769.9,1844850000.0
2016-05-17,'601368,绿城水务,13.05,13.18,12.9,13.15,13.15,-0.1,-0.7605,1.8141,2666718,34817422.0,9602332218.9,1918350000.0
2016-05-16,'601368,绿城水务,13.15,13.16,12.71,12.98,12.95,0.2,1.5444,1.7747,2608842,33840107.0,9675913308.7,1933050000.0
2016-05-13,'601368,绿城水务,12.95,13.18,12.9,12.99,13.06,-0.11,-0.8423,1.6005,2352700,30675619.0,9528751129.1,1903650000.0
2016-05-12,'601368,绿城水务,13.06,13.08,12.6,12.8,12.99,0.07,0.5389,2.0068,2950028,37910182.0,9609690327.88,1919820000.0
2016-05-11,'601368,绿城水务,12.99,13.27,12.96,13.21,13.08,-0.09,-0.6881,2.0228,2973476,38948268.0,9558183565.02,1909530000.0
2016-05-10,'601368,绿城水务,13.08,13.19,12.9,12.95,12.97,0.11,0.8481,2.1344,3137629,41084026.0,9624406545.84,1922760000.0
2016-05-09,'601368,绿城水务,12.97,13.48,12.88,13.48,13.61,-0.64,-4.7024,3.6623,5383579,70648166.0,9543467347.06,1906590000.0
2016-05-06,'601368,绿城水务,13.61,14.29,13.56,14.22,14.19,-0.58,-4.0874,4.9115,7219848,100092507.0,10014386321.8,2000670000.0
2016-05-05,'601368,绿城水务,14.19,14.26,14.02,14.15,14.29,-0.1,-0.6998,4.0686,5980818,84582743.0,10441156642.6,2085930000.0
2016-05-04,'601368,绿城水务,14.29,14.55,13.63,13.7,13.78,0.51,3.701,8.2189,12081721,171666603.0,10514737732.4,2100630000.0
2016-05-03,'601368,绿城水务,13.78,13.8,13.37,13.4,13.4,0.38,2.8358,3.235,4755494,64923939.0,10139474174.4,2025660000.0
2016-04-29,'601368,绿城水务,13.4,13.48,13.28,13.38,13.42,-0.02,-0.149,1.7271,2538878,34022988.0,9859866033.2,1969800000.0
2016-04-28,'601368,绿城水务,13.42,13.66,13.22,13.66,13.66,-0.24,-1.757,3.2138,4724224,63393091.0,9874582251.16,1972740000.0
2016-04-27,'601368,绿城水务,13.66,13.81,13.59,13.76,13.87,-0.21,-1.5141,3.2425,4766466,65261317.0,10051176866.7,2008020000.0
2016-04-26,'601368,绿城水务,13.87,13.89,13.5,13.5,13.58,0.29,2.1355,2.8474,4185659,57291357.0,10205697155.3,2038890000.0
2016-04-25,'601368,绿城水务,13.58,13.7,13.35,13.7,13.69,-0.11,-0.8035,2.2779,3348545,45200977.0,9992311994.84,1996260000.0
2016-04-22,'601368,绿城水务,13.69,13.71,13.3,13.37,13.38,0.31,2.3169,2.7052,3976703,53904058.0,10073251193.6,2012430000.0
2016-04-21,'601368,绿城水务,13.38,13.75,13.3,13.45,13.64,-0.26,-1.9062,3.7155,5461791,74142971.0,9845149815.24,1966860000.0
2016-04-20,'601368,绿城水务,13.64,14.74,13.38,14.68,14.65,-1.01,-6.8942,6.7864,9975991,138996968.0,10036460648.7,2005080000.0
2016-04-19,'601368,绿城水务,14.65,14.73,14.4,14.6,14.5,0.15,1.0345,3.3928,4987465,72641610.0,10779629655.7,2153550000.0
2016-04-18,'601368,绿城水务,14.5,14.8,14.45,14.7,15.0,-0.5,-3.3333,4.89,7188295,104643150.0,10669258021.0,2131500000.0
2016-04-15,'601368,绿城水务,15.0,15.28,14.9,15.15,15.35,-0.35,-2.2801,6.9015,10145183,152601691.0,11037163470.0,2205000000.0
2016-04-14,'601368,绿城水务,15.35,15.38,14.72,14.82,14.73,0.62,4.2091,11.39,16743249,251829279.0,11294697284.3,2256450000.0
2016-04-13,'601368,绿城水务,14.73,14.98,14.63,14.72,14.71,0.02,0.136,9.8887,14536370,215396530.0,10838494527.5,2165310000.0
2016-04-12,'601368,绿城水务,14.71,15.18,14.38,15.0,15.13,-0.42,-2.7759,14.2325,20921834,310104408.0,10823778309.6,2162370000.0
2016-04-11,'601368,绿城水务,15.13,15.13,13.7,13.79,13.75,1.38,10.0364,15.7651,23174722,339324549.0,11132818886.7,2224110000.0
2016-04-08,'601368,绿城水务,13.75,13.85,13.34,13.58,13.63,0.12,0.8804,4.4739,6576642,89277376.0,10117399847.5,2021250000.0
2016-04-07,'601368,绿城水务,13.63,14.01,13.61,13.91,13.88,-0.25,-1.8012,3.857,5669733,77965082.0,10029102539.7,2003610000.0
2016-04-06,'601368,绿城水务,13.88,13.96,13.67,13.76,13.8,0.08,0.5797,4.4533,6546338,90647653.0,10213055264.2,2040360000.0
2016-04-05,'601368,绿城水务,13.8,13.83,13.49,13.5,13.49,0.31,2.298,4.7462,6976940,95836422.0,10154190392.4,2028600000.0
2016-04-01,'601368,绿城水务,13.49,13.6,13.24,13.47,13.58,-0.09,-0.6627,2.9367,4316922,57920607.0,9926089014.02,1983030000.0
2016-03-31,'601368,绿城水务,13.58,13.81,13.52,13.6,13.52,0.06,0.4438,4.1552,6108113,83342083.0,9992311994.84,1996260000.0
2016-03-30,'601368,绿城水务,13.52,13.54,13.21,13.23,13.14,0.38,2.8919,3.5758,5256399,70330635.0,9948163340.96,1987440000.0
2016-03-29,'601368,绿城水务,13.14,13.61,13.06,13.58,13.57,-0.43,-3.1688,2.9409,4323095,57395381.0,9668555199.72,1931580000.0
2016-03-28,'601368,绿城水务,13.57,13.75,13.47,13.6,13.56,0.01,0.0737,3.7342,5489297,74897665.0,9984953885.86,1994790000.0
2016-03-25,'601368,绿城水务,13.56,13.68,13.35,13.59,13.6,-0.04,-0.2941,3.0366,4463790,60388975.0,9977595776.88,1993320000.0
2016-03-24,'601368,绿城水务,13.6,13.92,13.43,13.48,13.64,-0.04,-0.2933,7.0736,10398209,142531932.0,10007028212.8,1999200000.0
2016-03-23,'601368,绿城水务,13.64,13.71,13.45,13.51,13.53,0.11,0.813,4.3248,6357438,86374577.0,10036460648.7,2005080000.0
2016-03-22,'601368,绿城水务,13.53,13.72,13.51,13.66,13.78,-0.25,-1.8142,4.3139,6341380,86258211.0,9955521449.94,1988910000.0
2016-03-21,'601368,绿城水务,13.78,13.8,13.57,13.69,13.59,0.19,1.3981,6.5777,9669286,132411662.0,10139474174.4,2025660000.0
2016-03-18,'601368,绿城水务,13.59,13.67,13.32,13.35,13.27,0.32,2.4115,6.5197,9583996,129419193.0,9999670103.82,1997730000.0
2016-03-17,'601368,绿城水务,13.27,13.35,12.93,13.02,12.99,0.28,2.1555,4.5251,6651957,87672460.0,9764210616.46,1950690000.0
2016-03-16,'601368,绿城水务,12.99,13.28,12.8,13.12,13.24,-0.25,-1.8882,3.9037,5738447,74542818.0,9558183565.02,1909530000.0
2016-03-15,'601368,绿城水务,13.24,13.78,12.72,12.78,12.88,0.36,2.795,6.9253,10180144,135889115.0,9742136289.52,1946280000.0
2016-03-14,'601368,绿城水务,12.88,13.06,12.51,12.51,12.47,0.41,3.2879,3.7082,5451037,70043310.0,9477244366.24,1893360000.0
2016-03-11,'601368,绿城水务,12.47,12.49,12.15,12.29,12.3,0.17,1.3821,1.7284,2540687,31415699.0,9175561898.06,1833090000.0
2016-03-10,'601368,绿城水务,12.3,12.58,12.23,12.42,12.43,-0.13,-1.0459,1.6313,2397984,29762638.0,9050474045.4,1808100000.0
2016-03-09,'601368,绿城水务,12.43,12.63,12.35,12.6,12.77,-0.34,-2.6625,1.7894,2630413,32869956.0,9146129462.14,1827210000.0
2016-03-08,'601368,绿城水务,12.77,12.8,12.21,12.7,12.8,-0.03,-0.2344,2.7933,4106154,51287375.0,9396305167.46,1877190000.0
2016-03-07,'601368,绿城水务,12.8,13.0,12.6,12.68,12.6,0.2,1.5873,2.5804,3793147,48733864.0,9418379494.4,1881600000.0
2016-03-04,'601368,绿城水务,12.6,13.21,12.35,13.21,13.23,-0.63,-4.7619,4.5984,6759715,86386462.0,9271217314.8,1852200000.0
2016-03-03,'601368,绿城水务,13.23,13.49,12.87,13.0,12.99,0.24,1.8476,5.6636,8325504,109738328.0,9734778180.54,1944810000.0
2016-03-02,'601368,绿城水务,12.99,13.02,12.35,12.35,12.42,0.57,4.5894,4.2653,6269990,79853426.0,9558183565.02,1909530000.0
2016-03-01,'601368,绿城水务,12.42,12.56,11.81,12.35,12.23,0.19,1.5536,3.2893,4835251,59508314.0,9138771353.16,1825740000.0
2016-02-29,'601368,绿城水务,12.23,13.32,12.23,13.2,13.59,-1.36,-10.0074,5.2254,7681304,96372239.0,8998967282.54,1797810000.0
2016-02-26,'601368,绿城水务,13.59,13.95,12.6,13.25,13.03,0.56,4.2978,7.7729,11426216,151342508.0,9999670103.82,1997730000.0
2016-02-25,'601368,绿城水务,13.03,14.58,12.55,13.55,13.66,-0.63,-4.612,10.6615,15672395,215923586.0,9587616000.94,1915410000.0
2016-02-24,'601368,绿城水务,13.66,13.83,13.31,13.69,13.74,-0.08,-0.5822,3.8803,5703992,77491988.0,10051176866.7,2008020000.0
2016-02-23,'601368,绿城水务,13.74,13.96,13.4,13.55,13.63,0.11,0.807,4.4091,6481420,88404695.0,10110041738.5,2019780000.0
2016-02-22,'601368,绿城水务,13.63,13.69,13.42,13.5,13.35,0.28,2.0974,3.9215,5764552,78189074.0,10029102539.7,2003610000.0
2016-02-19,'601368,绿城水务,13.35,13.5,12.95,13.05,13.11,0.24,1.8307,3.6385,5348595,70822704.0,9823075488.3,1962450000.0
2016-02-18,'601368,绿城水务,13.11,13.47,13.03,13.35,13.24,-0.13,-0.9819,3.5368,5199038,68605775.0,9646480872.78,1927170000.0
2016-02-17,'601368,绿城水务,13.24,13.26,12.93,13.04,13.01,0.23,1.7679,3.6868,5419575,70994508.0,9742136289.52,1946280000.0
2016-02-16,'601368,绿城水务,13.01,13.09,12.63,12.7,12.54,0.47,3.748,2.9568,4346466,56264353.0,9572899782.98,1912470000.0
2016-02-15,'601368,绿城水务,12.54,12.73,12.11,12.3,12.85,-0.31,-2.4125,2.4805,3646268,45135951.0,9227068660.92,1843380000.0
2016-02-05,'601368,绿城水务,12.85,13.19,12.76,13.09,13.26,-0.41,-3.092,4.1377,6082449,78880038.0,9455170039.3,1888950000.0
2016-02-04,'601368,绿城水务,13.26,13.55,12.28,12.4,12.32,0.94,7.6299,5.7022,8382206,109694911.0,9756852507.48,1949220000.0
2016-02-03,'601368,绿城水务,12.32,12.36,12.05,12.14,12.34,-0.02,-0.1621,1.7455,2565862,31291188.0,9065190263.36,1811040000.0
2016-02-02,'601368,绿城水务,12.34,12.4,11.96,12.04,11.98,0.36,3.005,2.4389,3585163,44004318.0,9079906481.32,1813980000.0
2016-02-01,'601368,绿城水务,11.98,12.19,11.8,12.15,12.14,-0.16,-1.318,1.8549,2726673,32750446.0,8815014558.04,1761060000.0
2016-01-29,'601368,绿城水务,12.14,12.26,11.72,11.8,11.7,0.44,3.7607,2.2995,3380206,40635420.0,8932744301.72,1784580000.0
2016-01-28,'601368,绿城水务,11.7,12.33,11.63,12.18,12.3,-0.6,-4.878,2.0988,3085163,37092280.0,8608987506.6,1719900000.0
2016-01-27,'601368,绿城水务,12.3,12.8,11.87,12.61,12.61,-0.31,-2.4584,2.9264,4301773,52774559.0,9050474045.4,1808100000.0
2016-01-26,'601368,绿城水务,12.61,13.83,12.6,13.81,13.92,-1.31,-9.4109,3.1794,4673770,61684773.0,9278575423.78,1853670000.0
2016-01-25,'601368,绿城水务,13.92,14.03,13.8,13.99,13.77,0.15,1.0893,1.8478,2716222,37828151.0,10242487700.2,2046240000.0
2016-01-22,'601368,绿城水务,13.77,13.88,13.34,13.88,13.6,0.17,1.25,2.0112,2956420,40454952.0,10132116065.5,2024190000.0
2016-01-21,'601368,绿城水务,13.6,14.24,13.55,14.0,14.14,-0.54,-3.819,2.6032,3826766,53386824.0,10007028212.8,1999200000.0
2016-01-20,'601368,绿城水务,14.14,14.29,14.0,14.28,14.28,-0.14,-0.9804,3.2105,4719386,66831017.0,10404366097.7,2078580000.0
2016-01-19,'601368,绿城水务,14.28,14.29,13.68,13.68,13.83,0.45,3.2538,3.7599,5526988,77788295.0,10507379623.4,2099160000.0
2016-01-18,'601368,绿城水务,13.83,14.01,13.26,13.35,13.68,0.15,1.0965,2.4047,3534921,48518429.0,10176264719.3,2033010000.0
2016-01-15,'601368,绿城水务,13.68,14.2,13.55,14.08,14.21,-0.53,-3.7298,2.9244,4298922,59614878.0,10065893084.6,2010960000.0
2016-01-14,'601368,绿城水务,14.21,14.22,13.18,13.29,13.57,0.64,4.7163,3.2082,4716040,65393140.0,10455872860.6,2088870000.0
2016-01-13,'601368,绿城水务,13.57,14.15,13.54,13.99,13.9,-0.33,-2.3741,2.2412,3294600,45765221.0,9984953885.86,1994790000.0
2016-01-12,'601368,绿城水务,13.9,14.07,13.6,13.66,13.63,0.27,1.9809,2.8344,4166500,57825599.0,10227771482.2,2043300000.0
2016-01-11,'601368,绿城水务,13.63,14.47,13.6,14.3,14.63,-1.0,-6.8353,4.0623,5971604,83795244.0,10029102539.7,2003610000.0
2016-01-08,'601368,绿城水务,14.63,14.98,13.54,14.8,14.32,0.31,2.1648,4.5637,6708682,97883696.0,10764913437.7,2150610000.0
2016-01-07,'601368,绿城水务,14.32,15.76,14.32,15.6,15.91,-1.59,-9.9937,1.079,1586150,23652351.0,10536812059.4,2105040000.0
2016-01-06,'601368,绿城水务,15.91,15.92,15.59,15.61,15.48,0.43,2.7778,3.4907,5131316,80965343.0,11706751387.2,2338770000.0
2016-01-05,'601368,绿城水务,15.48,15.92,14.85,15.0,15.77,-0.29,-1.8389,4.9497,7275999,112243313.0,11390352701.0,2275560000.0
2016-01-04,'601368,绿城水务,15.77,17.69,15.77,17.6,17.52,-1.75,-9.9886,3.4546,5078236,84670646.0,11603737861.5,2318190000.0
2015-12-31,'601368,绿城水务,17.52,18.1,17.48,18.1,17.94,-0.42,-2.3411,3.1507,4631553,82212771.0,12891406933.0,2575440000.0
2015-12-30,'601368,绿城水务,17.94,18.05,17.79,17.9,17.88,0.06,0.3356,3.1345,4607658,82526580.0,13200447510.1,2637180000.0
2015-12-29,'601368,绿城水务,17.88,17.89,17.59,17.7,17.52,0.36,2.0548,3.283,4825940,85628646.0,13156298856.2,2628360000.0
2015-12-28,'601368,绿城水务,17.52,18.32,17.5,18.04,17.99,-0.47,-2.6126,5.4341,7988054,143490035.0,12891406933.0,2575440000.0
2015-12-25,'601368,绿城水务,17.99,18.12,17.85,18.12,17.97,0.02,0.1113,3.2419,4765574,85624844.0,13237238055.0,2644530000.0
2015-12-24,'601368,绿城水务,17.97,18.39,17.78,18.39,18.43,-0.46,-2.4959,4.4712,6572642,118394334.0,13222521837.1,2641590000.0
2015-12-23,'601368,绿城水务,18.43,18.74,18.37,18.37,18.42,0.01,0.0543,6.4392,9465569,175537711.0,13560994850.1,2709210000.0
2015-12-22,'601368,绿城水务,18.42,18.6,18.2,18.45,18.47,-0.05,-0.2707,3.741,5499299,101191762.0,13553636741.2,2707740000.0
2015-12-21,'601368,绿城水务,18.47,18.58,18.2,18.22,18.4,0.07,0.3804,3.8668,5684215,104583694.0,13590427286.1,2715090000.0
2015-12-18,'601368,绿城水务,18.4,18.73,18.3,18.62,18.69,-0.29,-1.5516,5.2962,7785477,143976225.0,13538920523.2,2704800000.0
2015-12-17,'601368,绿城水务,18.69,18.77,18.23,18.26,18.31,0.38,2.0754,7.6168,11196705,207059130.0,13752305683.6,2747430000.0
2015-12-16,'601368,绿城水务,18.31,18.86,17.82,18.13,17.95,0.36,2.0056,6.2024,9117456,167818132.0,13472697542.4,2691570000.0
2015-12-15,'601368,绿城水务,17.95,18.27,17.76,17.8,17.73,0.22,1.2408,3.8948,5725324,103079958.0,13207805619.1,2638650000.0
2015-12-14,'601368,绿城水务,17.73,17.78,17.01,17.23,17.39,0.34,1.9551,3.4151,5020179,88054221.0,13045927221.5,2606310000.0
2015-12-11,'601368,绿城水务,17.39,17.7,17.07,17.07,17.4,-0.01,-0.0575,3.4583,5083748,88544248.0,12795751516.2,2556330000.0
2015-12-10,'601368,绿城水务,17.4,17.69,17.35,17.45,17.6,-0.2,-1.1364,4.2396,6232171,109209406.0,12803109625.2,2557800000.0
2015-12-09,'601368,绿城水务,17.6,18.19,17.56,18.0,17.94,-0.34,-1.8952,4.3313,6367006,113421130.0,12950271804.8,2587200000.0
2015-12-08,'601368,绿城水务,17.94,18.46,17.85,18.46,18.49,-0.55,-2.9746,4.4079,6479565,117223323.0,13200447510.1,2637180000.0
2015-12-07,'601368,绿城水务,18.49,18.58,18.2,18.35,18.37,0.12,0.6532,4.0881,6009494,110639870.0,13605143504.0,2718030000.0
2015-12-04,'601368,绿城水务,18.37,18.76,18.23,18.28,18.29,0.08,0.4374,7.1148,10458728,193546622.0,13516846196.3,2700390000.0
2015-12-03,'601368,绿城水务,18.29,18.3,17.87,18.0,17.85,0.44,2.465,4.8756,7167133,130237558.0,13457981324.4,2688630000.0
2015-12-02,'601368,绿城水务,17.85,18.32,17.2,18.19,18.32,-0.47,-2.5655,5.3787,7906657,140301410.0,13134224529.3,2623950000.0
2015-12-01,'601368,绿城水务,18.32,18.74,17.88,18.15,18.19,0.13,0.7147,7.0287,10332167,189402932.0,13480055651.4,2693040000.0
2015-11-30,'601368,绿城水务,18.19,18.35,16.97,18.11,18.04,0.15,0.8315,8.3014,12202988,218052846.0,13384400234.6,2673930000.0
2015-11-27,'601368,绿城水务,18.04,19.75,17.98,19.69,19.98,-1.94,-9.7097,11.7203,17228848,324753544.0,13274028599.9,2651880000.0
2015-11-26,'601368,绿城水务,19.98,20.69,19.94,20.32,20.29,-0.31,-1.5278,8.8306,12980982,263697438.0,14701501742.0,2937060000.0
2015-11-25,'601368,绿城水务,20.29,20.36,20.01,20.14,20.28,0.01,0.0493,9.2777,13638246,275865022.0,14929603120.4,2982630000.0
2015-11-24,'601368,绿城水务,20.28,20.29,19.51,19.53,19.61,0.67,3.4166,7.7771,11432342,228247142.0,14922245011.4,2981160000.0
2015-11-23,'601368,绿城水务,19.61,20.32,19.44,20.07,19.95,-0.34,-1.7043,7.5658,11121700,222027144.0,14429251709.8,2882670000.0
2015-11-20,'601368,绿城水务,19.95,20.1,19.75,19.95,19.93,0.02,0.1004,7.1401,10495973,209194773.0,14679427415.1,2932650000.0
2015-11-19,'601368,绿城水务,19.93,19.95,19.38,19.55,19.38,0.55,2.838,6.3201,9290528,182852896.0,14664711197.1,2929710000.0
2015-11-18,'601368,绿城水务,19.38,20.19,19.3,20.04,20.17,-0.79,-3.9167,9.0709,13334260,262749016.0,14260015203.2,2848860000.0
2015-11-17,'601368,绿城水务,20.17,21.1,20.08,20.55,20.33,-0.16,-0.787,13.1513,19332393,396678745.0,14841305812.7,2964990000.0
2015-11-16,'601368,绿城水务,20.33,20.4,19.6,19.7,20.52,-0.19,-0.9259,9.6159,14135389,283099384.0,14959035556.3,2988510000.0
2015-11-13,'601368,绿城水务,20.52,21.85,20.0,21.4,22.01,-1.49,-6.7697,21.5234,31639387,654680289.0,15098839627.0,3016440000.0
2015-11-12,'601368,绿城水务,22.01,22.72,20.49,20.8,20.69,1.32,6.3799,24.2736,35682205,768501480.0,16195197865.0,3235470000.0
2015-11-11,'601368,绿城水务,20.69,20.95,19.98,20.4,20.07,0.62,3.0892,15.8456,23293048,478050276.0,15223927479.6,3041430000.0
2015-11-10,'601368,绿城水务,20.07,20.57,19.8,20.35,20.58,-0.51,-2.4781,16.2095,23827944,480366344.0,14767724722.9,2950290000.0
2015-11-09,'601368,绿城水务,20.58,21.28,19.8,20.02,20.5,0.08,0.3902,25.0898,36881988,758511794.0,15142988280.8,3025260000.0
2015-11-06,'601368,绿城水务,20.5,20.9,19.15,19.23,19.22,1.28,6.6597,25.7842,37902786,768987116.0,15084123409.0,3013500000.0
2015-11-05,'601368,绿城水务,19.22,19.98,19.03,19.6,19.65,-0.43,-2.1883,18.4992,27193793,528910056.0,14142285459.6,2825340000.0
2015-11-04,'601368,绿城水务,19.65,19.8,18.69,19.02,19.01,0.64,3.3666,24.1823,35547922,684174977.0,14458684145.7,2888550000.0
2015-11-03,'601368,绿城水务,19.01,19.23,17.88,18.4,18.57,0.44,2.3694,19.6881,28941532,541477025.0,13987765171.0,2794470000.0
2015-11-02,'601368,绿城水务,18.57,19.5,17.0,17.4,17.83,0.74,4.1503,20.9559,30805219,575423244.0,13664008375.9,2729790000.0
2015-10-30,'601368,绿城水务,17.83,18.19,17.43,17.88,17.93,-0.1,-0.5577,7.6194,11200531,199538067.0,13119508311.3,2621010000.0
2015-10-29,'601368,绿城水务,17.93,18.4,17.6,18.22,18.14,-0.21,-1.1577,9.2928,13660414,245237853.0,13193089401.1,2635710000.0
2015-10-28,'601368,绿城水务,18.14,19.42,17.88,18.58,18.91,-0.77,-4.0719,16.5108,24270874,457065772.0,13347609689.7,2666580000.0
2015-10-27,'601368,绿城水务,18.91,19.19,17.62,17.9,18.17,0.74,4.0726,17.5188,25752621,475979887.0,13914184081.2,2779770000.0
2015-10-26,'601368,绿城水务,18.17,18.77,17.86,18.61,18.35,-0.18,-0.9809,11.8539,17425167,318945380.0,13369684016.7,2670990000.0
2015-10-23,'601368,绿城水务,18.35,18.5,17.33,17.62,17.6,0.75,4.2614,15.5423,22847199,408887993.0,13502129978.3,2697450000.0
2015-10-22,'601368,绿城水务,17.6,17.75,16.79,17.0,17.07,0.53,3.1049,12.6601,18610328,322959514.0,12950271804.8,2587200000.0
2015-10-21,'601368,绿城水务,17.07,18.9,17.07,18.9,18.97,-1.9,-10.0158,15.3192,22519232,403742837.0,12560292028.9,2509290000.0
2015-10-20,'601368,绿城水务,18.97,19.0,18.27,18.47,18.92,0.05,0.2643,14.084,20703489,385663126.0,13958332735.1,2788590000.0
2015-10-19,'601368,绿城水务,18.92,19.77,18.5,19.25,18.85,0.07,0.3714,22.612,33239616,636771737.0,13921542190.2,2781240000.0
2015-10-16,'601368,绿城水务,18.85,19.79,18.01,18.5,18.24,0.61,3.3443,27.6432,40635526,763540630.0,13870035427.3,2770950000.0
2015-10-15,'601368,绿城水务,18.24,18.24,16.3,16.38,16.58,1.66,10.0121,17.7933,26156093,451181656.0,13421190779.5,2681280000.0
2015-10-14,'601368,绿城水务,16.58,17.47,16.54,16.55,16.71,-0.13,-0.778,12.4076,18239175,308210152.0,12199744688.8,2437260000.0
2015-10-13,'601368,绿城水务,16.71,16.75,16.43,16.58,16.79,-0.08,-0.4765,10.919,16051000,266673369.0,12295400105.6,2456370000.0
2015-10-12,'601368,绿城水务,16.79,17.0,16.1,16.2,15.99,0.8,5.0031,15.077,22163119,368036836.0,12354264977.4,2468130000.0
2015-10-09,'601368,绿城水务,15.99,16.49,15.6,15.84,15.93,0.06,0.3766,11.5082,16917021,270710266.0,11765616259.0,2350530000.0
2015-10-08,'601368,绿城水务,15.93,16.14,15.32,15.7,15.0,0.93,6.2,9.9335,14602275,230048274.0,11721467605.1,2341710000.0
2015-09-30,'601368,绿城水务,15.0,15.28,14.83,15.02,14.99,0.01,0.0667,4.3735,6429110,96616619.0,11037163470.0,2205000000.0
2015-09-29,'601368,绿城水务,14.99,15.39,14.85,15.25,15.55,-0.56,-3.6013,6.5115,9571957,144125336.0,11029805361.0,2203530000.0
2015-09-28,'601368,绿城水务,15.55,15.6,15.15,15.33,15.19,0.36,2.37,6.0907,8953371,138292162.0,11441859463.9,2285850000.0
2015-09-25,'601368,绿城水务,15.19,16.11,14.91,16.06,16.19,-1.0,-6.1767,9.9907,14686283,227438122.0,11176967540.6,2232930000.0
2015-09-24,'601368,绿城水务,16.19,16.49,15.91,16.25,16.11,0.08,0.4966,9.6407,14171795,229247758.0,11912778438.6,2379930000.0
2015-09-23,'601368,绿城水务,16.11,16.77,15.8,15.9,16.38,-0.27,-1.6484,14.119,20754948,338420879.0,11853913566.8,2368170000.0
2015-09-22,'601368,绿城水务,16.38,16.73,15.71,15.94,15.91,0.47,2.9541,15.9307,23418096,379978629.0,12052582509.2,2407860000.0
2015-09-21,'601368,绿城水务,15.91,15.95,14.88,14.88,15.23,0.68,4.4649,12.0797,17757091,275127529.0,11706751387.2,2338770000.0
2015-09-18,'601368,绿城水务,15.23,15.54,14.7,15.36,15.13,0.1,0.6609,9.9344,14603571,220783245.0,11206399976.5,2238810000.0
2015-09-17,'601368,绿城水务,15.13,16.31,15.08,15.75,15.63,-0.5,-3.199,18.9179,27809305,436798123.0,11132818886.7,2224110000.0
2015-09-16,'601368,绿城水务,15.63,15.63,14.41,14.41,14.21,1.42,9.993,15.3197,22519993,341458097.0,11500724335.7,2297610000.0
2015-09-15,'601368,绿城水务,14.21,15.33,13.82,14.5,15.23,-1.02,-6.6973,12.9504,19037153,276727138.0,10455872860.6,2088870000.0
2015-09-14,'601368,绿城水务,15.23,17.24,15.23,17.1,16.92,-1.69,-9.9882,14.7908,21742478,350663869.0,11206399976.5,2238810000.0
2015-09-11,'601368,绿城水务,16.92,17.18,16.43,16.45,16.45,0.47,2.8571,12.8788,18931877,319023656.0,12449920394.2,2487240000.0
2015-09-10,'601368,绿城水务,16.45,17.39,16.39,16.81,17.47,-1.02,-5.8386,14.9472,21972427,371171998.0,12104089272.1,2418150000.0
2015-09-09,'601368,绿城水务,17.47,17.96,16.9,17.2,16.64,0.83,4.988,29.1559,42859202,744784816.0,12854616388.1,2568090000.0
2015-09-08,'601368,绿城水务,16.64,16.64,14.8,15.0,15.13,1.51,9.9802,24.6212,36193125,589066430.0,12243893342.7,2446080000.0
2015-09-07,'601368,绿城水务,15.13,15.79,14.76,15.12,14.64,0.49,3.347,10.9651,16118682,245779947.0,11132818886.7,2224110000.0
2015-09-02,'601368,绿城水务,14.64,16.1,14.22,14.5,15.48,-0.84,-5.4264,15.2699,22446740,344358647.0,10772271546.7,2152080000.0
2015-09-01,'601368,绿城水务,15.48,16.92,15.19,15.9,16.47,-0.99,-6.0109,18.2575,26838542,430386698.0,11390352701.0,2275560000.0
2015-08-31,'601368,绿城水务,16.47,17.97,16.08,17.1,17.62,-1.15,-6.5267,18.5742,27304099,466042415.0,12118805490.1,2421090000.0
2015-08-28,'601368,绿城水务,17.62,18.27,16.5,17.17,16.95,0.67,3.9528,26.6764,39214300,676287689.0,12964988022.8,2590140000.0
2015-08-27,'601368,绿城水务,16.95,16.95,15.42,16.0,15.41,1.54,9.9935,30.2015,44396182,712281374.0,12471994721.1,2491650000.0
2015-08-26,'601368,绿城水务,15.41,15.41,14.03,14.5,14.01,1.4,9.9929,28.1849,41431836,624929293.0,11338845938.2,2265270000.0
2015-08-25,'601368,绿城水务,14.01,16.53,13.91,13.92,15.46,-1.45,-9.379,22.2717,32739368,487093170.0,10308710709.0,2059470000.0
2015-08-24,'601368,绿城水务,15.46,16.59,15.46,16.04,17.18,-1.72,-10.0116,7.1165,10461196,163979250.0,11375636514.0,2272620000.0
2015-08-21,'601368,绿城水务,17.18,18.78,17.0,18.01,18.54,-1.36,-7.3355,12.2109,17950083,320680621.0,12641231262.0,2525460000.0
2015-08-20,'601368,绿城水务,18.54,20.29,18.5,19.88,20.35,-1.81,-8.8943,14.1044,20733489,403734153.0,13641934086.0,2725380000.0
2015-08-19,'601368,绿城水务,20.35,20.74,18.16,19.13,19.74,0.61,3.0902,20.3352,29892724,589789622.0,14973751815.0,2991450000.0
2015-08-18,'601368,绿城水务,19.74,22.69,19.6,21.3,21.7,-1.96,-9.0323,21.6707,31855956,683940861.0,14524907166.0,2901780000.0
2015-08-17,'601368,绿城水务,21.7,23.14,21.28,22.9,23.47,-1.77,-7.5415,25.1009,36898263,817824132.0,15967096530.0,3189900000.0
2015-08-14,'601368,绿城水务,23.47,24.57,23.04,23.42,23.45,0.02,0.0853,24.8392,36513693,868360532.0,17269481823.0,3450090000.0
2015-08-13,'601368,绿城水务,23.45,24.67,22.88,23.66,24.39,-0.94,-3.854,28.9834,42605611,1004437904.0,17254765605.0,3447150000.0
2015-08-12,'601368,绿城水务,24.39,26.49,23.24,24.45,24.45,-0.06,-0.2454,47.3494,69603662,1715709230.0,17946427851.0,3585330000.0
2015-08-11,'601368,绿城水务,24.45,24.45,21.78,21.98,22.23,2.22,9.9865,36.4727,53614824,1261555505.0,17990576505.0,3594150000.0
2015-08-10,'601368,绿城水务,22.23,22.96,21.58,21.58,22.02,0.21,0.9537,32.7531,48147122,1074751003.0,16357076307.0,3267810000.0
2015-08-07,'601368,绿城水务,22.02,23.88,20.6,21.03,22.0,0.02,0.0909,40.9894,60254455,1336950197.0,16202556018.0,3236940000.0
2015-08-06,'601368,绿城水务,22.0,22.9,19.3,21.0,20.89,1.11,5.3135,49.633,72960443,1524026450.0,16187839800.0,3234000000.0
2015-08-05,'601368,绿城水务,20.89,20.89,17.81,18.1,18.99,1.9,10.0053,42.6178,62648176,1240582731.0,15371089701.0,3070830000.0
2015-08-04,'601368,绿城水务,18.99,21.61,18.33,20.99,20.37,-1.38,-6.7747,49.2742,72433055,1404643636.0,13973048991.0,2791530000.0
2015-08-03,'601368,绿城水务,20.37,20.37,17.88,18.33,18.52,1.85,9.9892,47.159,69323754,1333758110.0,14988468033.0,2994390000.0
2015-07-31,'601368,绿城水务,18.52,18.52,15.93,16.2,16.84,1.68,9.9762,46.8389,68853237,1216966115.0,13627217868.0,2722440000.0
2015-07-30,'601368,绿城水务,16.84,17.31,15.76,16.0,15.74,1.1,6.9886,36.9634,54336238,913699485.0,12391055556.0,2475480000.0
2015-07-29,'601368,绿城水务,15.74,15.74,14.0,14.65,14.31,1.43,9.993,15.3688,22592113,335526192.0,11581663566.0,2313780000.0
2015-07-28,'601368,绿城水务,14.31,15.59,13.5,13.95,14.96,-0.65,-4.3449,16.8646,24790988,354897641.0,10529453979.0,2103570000.0
2015-07-27,'601368,绿城水务,14.96,17.42,14.96,16.09,16.62,-1.66,-9.988,24.2492,35646291,583807619.0,11007731064.0,2199120000.0
2015-07-24,'601368,绿城水务,16.62,18.25,16.1,17.8,16.86,-0.24,-1.4235,37.4528,55055543,962788916.0,12229177158.0,2443140000.0
2015-07-23,'601368,绿城水务,16.86,16.86,15.2,15.34,15.33,1.53,9.9804,19.2,28223930,457815221.0,12405771774.0,2478420000.0
2015-07-22,'601368,绿城水务,15.33,15.9,14.85,15.42,15.71,-0.38,-2.4188,15.143,22260139,342765385.0,11279981097.0,2253510000.0
2015-07-21,'601368,绿城水务,15.71,15.85,14.5,14.67,15.02,0.69,4.5939,19.4444,28583260,437878030.0,11559589239.0,2309370000.0
2015-07-20,'601368,绿城水务,15.02,15.7,14.74,15.49,15.54,-0.52,-3.3462,16.8429,24759119,377089439.0,11051879718.0,2207940000.0
2015-07-17,'601368,绿城水务,15.54,15.71,14.54,14.7,14.66,0.88,6.0027,17.1926,25273095,383884420.0,11434501386.0,2284380000.0
2015-07-16,'601368,绿城水务,14.66,15.74,13.75,13.76,15.28,-0.62,-4.0576,20.5179,30161289,443847141.0,10786987794.0,2155020000.0
2015-07-15,'601368,绿城水务,15.28,16.55,15.28,16.0,16.98,-1.7,-10.0118,18.3187,26928444,418586615.0,11243190552.0,2246160000.0
2015-07-14,'601368,绿城水务,16.98,16.98,15.5,15.8,15.44,1.54,9.9741,36.1114,53083801,880341364.0,12494069082.0,2496060000.0
2015-07-13,'601368,绿城水务,15.44,15.44,14.74,15.44,14.04,1.4,9.9715,23.3897,34382861,526229691.0,11360920296.0,2269680000.0
2015-07-10,'601368,绿城水务,14.04,14.04,13.27,13.5,12.76,1.28,10.0313,8.5309,12540492,172908433.0,10330785036.0,2063880000.0
2015-07-09,'601368,绿城水务,12.76,12.76,10.44,10.44,11.6,1.16,10.0,22.3325,32828722,385425260.0,9388947084.0,1875720000.0
2015-07-08,'601368,绿城水务,11.6,11.6,11.6,11.6,12.89,-1.29,-10.0078,0.7186,1056400,12254240.0,8535406440.0,1705200000.0
2015-07-07,'601368,绿城水务,12.89,13.75,12.89,13.31,14.32,-1.43,-9.986,6.5602,9643500,125407050.0,9484602501.0,1894830000.0
2015-07-06,'601368,绿城水务,14.32,17.5,14.32,17.5,15.91,-1.59,-9.9937,27.8796,40982994,653552316.0,10536812088.0,2105040000.0
2015-07-03,'601368,绿城水务,15.91,16.97,15.91,15.91,17.68,-1.77,-10.0113,14.8467,21824706,351445422.0,11706751419.0,2338770000.0
2015-07-02,'601368,绿城水务,17.68,19.49,17.68,18.4,19.64,-1.96,-9.9796,24.2397,35632308,651218356.0,13009136712.0,2598960000.0
2015-07-01,'601368,绿城水务,19.64,20.55,17.02,17.7,18.68,0.96,5.1392,43.4035,63803200,1249963905.0,14451326076.0,2887080000.0
2015-06-30,'601368,绿城水务,18.68,20.5,17.7,17.7,19.67,-0.99,-5.033,35.1722,51703147,954971686.0,13744947612.0,2745960000.0
2015-06-29,'601368,绿城水务,19.67,23.0,19.67,23.0,21.85,-2.18,-9.9771,28.0526,41237277,832248936.0,14473400403.0,2891490000.0
2015-06-26,'601368,绿城水务,21.85,21.85,21.85,21.85,19.86,1.99,10.0201,3.8538,5665048,123781299.0,16077468165.0,3211950000.0
2015-06-25,'601368,绿城水务,19.86,19.86,19.86,19.86,18.05,1.81,10.0277,0.0486,71400,1418004.0,14613204474.0,2919420000.0
2015-06-24,'601368,绿城水务,18.05,18.05,18.05,18.05,16.41,1.64,9.9939,0.0322,47378,855173.0,13281386745.0,2653350000.0
2015-06-23,'601368,绿城水务,16.41,16.41,16.41,16.41,14.92,1.49,9.9866,0.0926,136100,2233401.0,12074656869.0,2412270000.0
2015-06-19,'601368,绿城水务,14.92,14.92,14.92,14.92,13.56,1.36,10.0295,0.0828,121648,1814988.0,10978298628.0,2193240000.0
2015-06-18,'601368,绿城水务,13.56,13.56,13.56,13.56,12.33,1.23,9.9757,0.0259,38106,516717.0,9977595804.0,1993320000.0
2015-06-17,'601368,绿城水务,12.33,12.33,12.33,12.33,11.21,1.12,9.9911,0.0095,13910,171510.0,9072548397.0,1812510000.0
2015-06-16,'601368,绿城水务,11.21,11.21,11.21,11.21,10.19,1.02,10.0098,0.012,17700,198417.0,8248440189.0,1647870000.0
2015-06-15,'601368,绿城水务,10.19,10.19,10.19,10.19,9.26,0.93,10.0432,0.0105,15400,156926.0,7497913071.0,1497930000.0
2015-06-12,'601368,N绿城,9.26,9.26,7.72,7.72,6.43,2.83,44.0124,0.014,20600,186136.0,6813608934.0,1361220000.0
