日期,股票代码,名称,收盘价,最高价,最低价,开盘价,前收盘,涨跌额,涨跌幅,换手率,成交量,成交金额,总市值,流通市值
2017-05-15,'601500,通用股份,14.92,15.29,14.8,15.07,15.14,-0.22,-1.4531,2.1927,3835516,57725936.0,10845632748.2,2609792748.2
2017-05-12,'601500,通用股份,15.14,15.36,15.01,15.15,15.28,-0.14,-0.9162,2.5295,4424500,67033627.0,11005554946.9,2648274946.9
2017-05-11,'601500,通用股份,15.28,15.6,14.6,14.6,15.06,0.22,1.4608,3.93,6874247,103857189.0,11107323618.8,2672763618.8
2017-05-10,'601500,通用股份,15.06,15.75,14.78,14.84,14.74,0.32,2.171,5.1768,9055220,138609645.0,10947401420.1,2634281420.1
2017-05-09,'601500,通用股份,14.74,14.83,14.4,14.5,14.53,0.21,1.4453,2.1124,3695033,54291656.0,10714787312.9,2578307312.9
2017-05-08,'601500,通用股份,14.53,15.2,14.5,15.11,15.11,-0.58,-3.8385,2.4274,4245917,63458811.0,10562134305.0,2541574305.05
2017-05-05,'601500,通用股份,15.11,15.5,15.1,15.44,15.57,-0.46,-2.9544,2.6896,4704645,72001220.0,10983747374.4,2643027374.35
2017-05-04,'601500,通用股份,15.57,15.93,15.54,15.9,15.98,-0.41,-2.5657,2.8805,5038517,79061245.0,11318130153.5,2723490153.45
2017-05-03,'601500,通用股份,15.98,16.13,15.85,15.91,15.9,0.08,0.5031,2.6309,4602017,73450119.0,11616166978.3,2795206978.3
2017-05-02,'601500,通用股份,15.9,16.18,15.75,15.83,15.83,0.07,0.4422,2.3809,4164650,66434127.0,11558013451.5,2781213451.5
2017-04-28,'601500,通用股份,15.83,16.05,15.77,15.9,15.89,-0.06,-0.3776,2.6715,4673014,74142591.0,11507129115.5,2768969115.55
2017-04-27,'601500,通用股份,15.89,16.18,15.21,15.42,15.67,0.22,1.404,5.3093,9286945,146361540.0,11550744260.6,2779464260.65
2017-04-26,'601500,通用股份,15.67,16.48,14.88,14.96,14.98,0.69,4.6061,5.7589,10073398,159030288.0,11390822062.0,2740982061.95
2017-04-25,'601500,通用股份,14.98,15.18,14.95,14.96,14.9,0.08,0.5369,2.2642,3960463,59602106.0,10889247893.3,2620287893.3
2017-04-24,'601500,通用股份,14.9,15.82,14.88,15.66,15.87,-0.97,-6.1122,3.2913,5757100,87040190.0,10831094366.5,2606294366.5
2017-04-21,'601500,通用股份,15.87,16.07,15.81,15.91,15.92,-0.05,-0.3141,1.7285,3023406,48047233.0,11536205879.0,2775965878.95
2017-04-20,'601500,通用股份,15.92,16.3,15.8,16.22,16.25,-0.33,-2.0308,2.8417,4970700,79771227.0,11572551833.2,2784711833.2
2017-04-19,'601500,通用股份,16.25,16.37,15.58,16.0,16.0,0.25,1.5625,4.1358,7234389,115388597.0,11812435131.2,2842435131.25
2017-04-18,'601500,通用股份,16.0,16.5,16.0,16.26,16.26,-0.26,-1.599,2.7174,4753200,77367860.0,11630705360.0,2798705360.0
2017-04-17,'601500,通用股份,16.26,16.62,15.53,16.6,17.07,-0.81,-4.7452,4.1213,7208864,116754697.0,11819704322.1,2844184322.1
2017-04-14,'601500,通用股份,17.07,17.41,17.0,17.4,17.38,-0.31,-1.7837,3.3592,5875800,100464251.0,12408508781.0,2985868780.95
2017-04-13,'601500,通用股份,17.38,17.58,17.29,17.29,17.34,0.04,0.2307,2.4566,4297000,74904249.0,12633853697.3,3040093697.3
2017-04-12,'601500,通用股份,17.34,17.6,17.3,17.6,17.71,-0.37,-2.0892,3.774,6601376,114931880.0,12604776933.9,3033096933.9
2017-04-11,'601500,通用股份,17.71,17.95,17.2,17.32,17.43,0.28,1.6064,5.6429,9870457,173559860.0,12873736995.4,3097816995.35
2017-04-10,'601500,通用股份,17.43,18.3,17.3,18.3,18.39,-0.96,-5.2202,7.4862,13094792,232121872.0,12670199651.5,3048839651.55
2017-04-07,'601500,通用股份,18.39,18.67,18.25,18.6,18.69,-0.3,-1.6051,5.9138,10344397,190407766.0,13368041973.1,3216761973.15
2017-04-06,'601500,通用股份,18.69,18.85,18.52,18.67,18.69,0.0,0.0,4.9604,8676602,162274494.0,13586117698.6,3269237698.65
2017-04-05,'601500,通用股份,18.69,18.74,18.21,18.43,18.39,0.3,1.6313,5.3353,9332531,172844980.0,13586117698.6,3269237698.65
2017-03-31,'601500,通用股份,18.39,18.96,18.2,18.47,18.61,-0.22,-1.1822,6.7692,11840600,219830045.0,13368041973.1,3216761973.15
2017-03-30,'601500,通用股份,18.61,20.0,18.5,20.0,20.27,-1.66,-8.1894,14.1138,24687702,470493976.0,13527964171.9,3255244171.85
2017-03-29,'601500,通用股份,20.27,21.39,20.1,21.17,21.45,-1.18,-5.5012,13.928,24362729,501218518.0,14734649853.0,3545609852.95
2017-03-28,'601500,通用股份,21.45,21.85,20.86,21.3,21.25,0.2,0.9412,14.2001,24838697,533360734.0,15592414373.2,3752014373.25
2017-03-27,'601500,通用股份,21.25,21.88,21.18,21.49,21.66,-0.41,-1.8929,13.6113,23808683,509029594.0,15447030556.2,3717030556.25
2017-03-24,'601500,通用股份,21.66,22.3,21.48,22.3,22.31,-0.65,-2.9135,26.862,46986779,1024232398.0,15745067381.1,3788747381.1
2017-03-23,'601500,通用股份,22.31,22.31,20.1,20.39,20.28,2.03,10.0099,36.4597,63775060,1368643246.0,16217564786.4,3902444786.35
2017-03-22,'601500,通用股份,20.28,20.29,19.5,19.74,19.89,0.39,1.9608,14.5717,25488713,509356380.0,14741919043.8,3547359043.8
2017-03-21,'601500,通用股份,19.89,19.95,19.57,19.8,19.8,0.09,0.4545,6.2388,10912817,215525670.0,14458420600.6,3479140600.65
2017-03-20,'601500,通用股份,19.8,19.85,19.4,19.46,19.49,0.31,1.5906,5.4933,9608893,188682552.0,14392997883.0,3463397883.0
2017-03-17,'601500,通用股份,19.49,20.09,19.46,19.99,19.92,-0.43,-2.1586,8.4846,14841168,292929328.0,14167652966.6,3409172966.65
2017-03-16,'601500,通用股份,19.92,20.1,19.45,19.45,19.44,0.48,2.4691,9.2418,16165605,320339852.0,14480228173.2,3484388173.2
2017-03-15,'601500,通用股份,19.44,19.72,19.37,19.72,19.76,-0.32,-1.6194,5.5564,9719144,189254207.0,14131307012.4,3400427012.4
2017-03-14,'601500,通用股份,19.76,20.29,19.73,20.08,20.05,-0.29,-1.4464,7.9891,13974508,278475112.0,14363921119.6,3456401119.6
2017-03-13,'601500,通用股份,20.05,20.18,19.71,19.87,19.92,0.13,0.6526,8.5234,14909008,297501363.0,14574727654.2,3507127654.25
2017-03-10,'601500,通用股份,19.92,20.1,19.58,19.58,19.63,0.29,1.4773,9.124,15959566,317187752.0,14480228173.2,3484388173.2
2017-03-09,'601500,通用股份,19.63,19.95,19.51,19.76,19.93,-0.3,-1.5053,7.1652,12533241,246900603.0,14269421638.5,3433661638.55
2017-03-08,'601500,通用股份,19.93,20.25,19.4,19.64,19.68,0.25,1.2703,11.5869,20267736,401441992.0,14487497364.0,3486137364.05
2017-03-07,'601500,通用股份,19.68,19.8,19.22,19.33,19.33,0.35,1.8107,8.4197,14727627,287450048.0,14305767592.8,3442407592.8
2017-03-06,'601500,通用股份,19.33,19.36,19.01,19.02,19.09,0.24,1.2572,4.5089,7886857,151499995.0,14051345913.0,3381185913.05
2017-03-03,'601500,通用股份,19.09,19.39,19.02,19.39,19.42,-0.33,-1.6993,4.955,8667170,165546925.0,13876885332.6,3339205332.65
2017-03-02,'601500,通用股份,19.42,19.7,19.31,19.6,19.8,-0.38,-1.9192,7.9745,13948951,271657001.0,14116768630.7,3396928630.7
2017-03-01,'601500,通用股份,19.8,20.47,19.26,19.4,19.4,0.4,2.0619,12.814,22414207,447241019.0,14392997883.0,3463397883.0
2017-02-28,'601500,通用股份,19.4,19.42,19.08,19.17,19.17,0.23,1.1998,6.4612,11301838,217869087.0,14102230249.0,3393430249.0
2017-02-27,'601500,通用股份,19.17,19.49,19.1,19.16,19.01,0.16,0.8417,7.6985,13466140,259923623.0,13935038859.5,3353198859.45
2017-02-24,'601500,通用股份,19.01,19.17,18.75,18.76,18.9,0.11,0.582,4.8913,8555854,162515399.0,13818731805.9,3325211805.85
2017-02-23,'601500,通用股份,18.9,19.22,18.66,19.0,19.14,-0.24,-1.2539,6.0735,10623651,200183146.0,13738770706.5,3305970706.5
2017-02-22,'601500,通用股份,19.14,19.5,18.53,18.76,18.76,0.38,2.0256,8.4047,14701339,281480622.0,13913231286.9,3347951286.9
2017-02-21,'601500,通用股份,18.76,18.87,18.59,18.77,18.61,0.15,0.806,4.2173,7376905,138088328.0,13637002034.6,3281482034.6
2017-02-20,'601500,通用股份,18.61,19.0,18.34,19.0,19.08,-0.47,-2.4633,5.8132,10168311,189209343.0,13527964171.9,3255244171.85
2017-02-17,'601500,通用股份,19.08,19.6,19.05,19.28,19.26,-0.18,-0.9346,5.7078,9984036,192192903.0,13869616141.8,3337456141.8
2017-02-16,'601500,通用股份,19.26,19.43,19.03,19.42,19.61,-0.35,-1.7848,6.4365,11258730,216048589.0,14000461577.1,3368941577.1
2017-02-15,'601500,通用股份,19.61,19.98,19.15,19.32,19.34,0.27,1.3961,9.9475,17400021,342074299.0,14254883256.9,3430163256.85
2017-02-14,'601500,通用股份,19.34,19.62,19.26,19.49,19.54,-0.2,-1.0235,4.8804,8536668,165127391.0,14058615103.9,3382935103.9
2017-02-13,'601500,通用股份,19.54,19.8,19.31,19.36,19.36,0.18,0.9298,5.0035,8752026,171480429.0,14203998920.9,3417918920.9
2017-02-10,'601500,通用股份,19.36,20.04,19.31,19.82,19.87,-0.51,-2.5667,7.0553,12341050,241135690.0,14073153485.6,3386433485.6
2017-02-09,'601500,通用股份,19.87,20.07,19.7,19.9,19.92,-0.05,-0.251,7.518,13150422,261215426.0,14443882219.0,3475642218.95
2017-02-08,'601500,通用股份,19.92,20.25,19.28,19.58,19.58,0.34,1.7365,10.9528,19158563,381930199.0,14480228173.2,3484388173.2
2017-02-07,'601500,通用股份,19.58,19.77,19.09,19.35,19.55,0.03,0.1535,10.012,17512852,340207979.0,14233075684.3,3424915684.3
2017-02-06,'601500,通用股份,19.55,19.88,18.37,18.37,18.59,0.96,5.1641,11.0267,19287792,370775203.0,14211268111.8,3419668111.75
2017-02-03,'601500,通用股份,18.59,18.84,18.15,18.25,18.19,0.4,2.199,5.0332,8804113,162943717.0,13513425790.1,3251745790.15
2017-01-26,'601500,通用股份,18.19,18.4,18.06,18.28,18.24,-0.05,-0.2741,3.1598,5527177,100485634.0,13222658156.1,3181778156.15
2017-01-25,'601500,通用股份,18.24,18.48,18.0,18.0,18.23,0.01,0.0549,4.0913,7156421,130906235.0,13259004110.4,3190524110.4
2017-01-24,'601500,通用股份,18.23,18.79,18.13,18.68,18.77,-0.54,-2.8769,5.2648,9209217,168996619.0,13251734919.5,3188774919.55
2017-01-23,'601500,通用股份,18.77,18.95,18.51,18.69,18.67,0.1,0.5356,5.8157,10172802,190509239.0,13644271225.5,3283231225.45
2017-01-20,'601500,通用股份,18.67,18.93,18.24,18.35,18.59,0.08,0.4303,7.9756,13950840,260674796.0,13571579317.0,3265739316.95
2017-01-19,'601500,通用股份,18.59,19.45,18.0,18.01,18.18,0.41,2.2552,12.0417,21063182,395809156.0,13513425790.1,3251745790.15
2017-01-18,'601500,通用股份,18.18,18.7,18.07,18.65,19.03,-0.85,-4.4666,7.8574,13744031,252695483.0,13215388965.3,3180028965.3
2017-01-17,'601500,通用股份,19.03,19.49,16.9,17.5,17.73,1.3,7.3322,13.8146,24164349,439077734.0,13833270187.5,3328710187.55
2017-01-16,'601500,通用股份,17.73,19.5,17.5,19.5,19.44,-1.71,-8.7963,9.9575,17417637,318123074.0,12888275377.0,3101315377.05
2017-01-13,'601500,通用股份,19.44,19.97,18.93,19.71,19.8,-0.36,-1.8182,9.2766,16226524,315660232.0,14131307012.4,3400427012.4
2017-01-12,'601500,通用股份,19.8,20.98,19.68,20.48,20.61,-0.81,-3.9301,7.9739,13947802,281524377.0,14392997883.0,3463397883.0
2017-01-11,'601500,通用股份,20.61,21.69,20.58,21.5,21.67,-1.06,-4.8916,8.5511,14957585,314449742.0,14981802341.9,3605082341.85
2017-01-10,'601500,通用股份,21.67,22.21,21.16,21.2,21.39,0.28,1.309,7.8383,13710608,299101834.0,15752336572.0,3790496571.95
2017-01-09,'601500,通用股份,21.39,22.42,21.01,22.4,22.39,-1.0,-4.4663,9.502,16620890,358310789.0,15548799228.1,3741519228.15
2017-01-06,'601500,通用股份,22.39,23.62,22.26,23.62,23.68,-1.29,-5.4476,12.2915,21500233,489909407.0,16275718313.1,3916438313.15
2017-01-05,'601500,通用股份,23.68,24.31,23.5,24.05,24.11,-0.43,-1.7835,10.1469,17748817,422623760.0,17213443932.8,4142083932.8
2017-01-04,'601500,通用股份,24.11,24.37,23.8,24.37,24.24,-0.13,-0.5363,7.6341,13353570,320867840.0,17526019139.3,4217299139.35
2017-01-03,'601500,通用股份,24.24,24.42,23.79,24.15,23.97,0.27,1.1264,6.6895,11701247,282486050.0,17620518620.4,4240038620.4
2016-12-30,'601500,通用股份,23.97,24.72,23.7,24.35,24.35,-0.38,-1.5606,8.7117,15238502,367143404.0,17424250467.5,4192810467.45
2016-12-29,'601500,通用股份,24.35,24.95,24.05,24.18,24.23,0.12,0.4953,9.5895,16773819,411538891.0,17700479719.8,4259279719.75
2016-12-28,'601500,通用股份,24.23,24.86,24.11,24.41,24.61,-0.38,-1.5441,8.0779,14129831,344171169.0,17613249429.5,4238289429.55
2016-12-27,'601500,通用股份,24.61,25.28,24.52,25.0,25.02,-0.41,-1.6387,10.3287,18066811,447040390.0,17889478681.8,4304758681.85
2016-12-26,'601500,通用股份,25.02,25.64,23.4,23.65,24.04,0.98,4.0765,15.0347,26298616,651500158.0,18187515506.7,4376475506.7
2016-12-23,'601500,通用股份,24.04,25.48,24.01,25.13,25.56,-1.52,-5.9468,16.9312,29615969,726617875.0,17475134803.4,4205054803.4
2016-12-22,'601500,通用股份,25.56,26.48,25.5,26.48,26.57,-1.01,-3.8013,16.3173,28542111,739641411.0,18580051812.6,4470931812.6
2016-12-21,'601500,通用股份,26.57,26.9,25.51,25.83,26.19,0.38,1.4509,23.4755,41063190,1075238100.0,19314240088.5,4647600088.45
2016-12-20,'601500,通用股份,26.19,27.25,24.88,24.96,25.28,0.91,3.5997,31.6622,55383255,1459239846.0,19038010836.2,4581130836.15
2016-12-19,'601500,通用股份,25.28,26.49,24.58,26.21,25.94,-0.66,-2.5443,22.8313,39936334,1008823492.0,18376514468.8,4421954468.8
2016-12-16,'601500,通用股份,25.94,25.94,23.21,23.57,23.58,2.36,10.0085,24.3237,42546875,1056143236.0,18856281064.9,4537401064.9
2016-12-15,'601500,通用股份,23.58,24.0,23.0,23.18,23.37,0.21,0.8986,11.3726,19892863,469841859.0,17140752024.3,4124592024.3
2016-12-14,'601500,通用股份,23.37,24.34,23.3,23.87,24.42,-1.05,-4.2998,13.1308,22968307,546995189.0,16988099016.5,4087859016.45
2016-12-13,'601500,通用股份,24.42,24.58,22.63,23.66,23.69,0.73,3.0815,18.561,32466806,770631867.0,17751364055.7,4271524055.7
2016-12-12,'601500,通用股份,23.69,25.2,23.5,24.06,24.39,-0.7,-2.87,17.6846,30933767,755891147.0,17220713123.7,4143833123.65
2016-12-09,'601500,通用股份,24.39,25.49,24.17,25.48,25.87,-1.48,-5.7209,18.4331,32242991,800557903.0,17729556483.2,4266276483.15
2016-12-08,'601500,通用股份,25.87,27.44,25.68,27.0,27.16,-1.29,-4.7496,20.6235,36074399,952893507.0,18805396729.0,4525156728.95
2016-12-07,'601500,通用股份,27.16,27.5,26.3,26.49,27.04,0.12,0.4438,23.3492,40842138,1101818724.0,19743122348.6,4750802348.6
2016-12-06,'601500,通用股份,27.04,27.58,25.92,25.92,25.89,1.15,4.4419,28.2144,49352394,1335600221.0,19655892058.4,4729812058.4
2016-12-05,'601500,通用股份,25.89,26.18,23.88,25.29,26.19,-0.3,-1.1455,20.8182,36414939,919527858.0,18819935110.7,4528655110.65
2016-12-02,'601500,通用股份,26.19,27.5,25.91,25.95,25.69,0.5,1.9463,37.7621,66053062,1768944372.0,19038010836.2,4581130836.15
2016-12-01,'601500,通用股份,25.69,25.69,23.1,23.36,23.35,2.34,10.0214,27.5189,48135749,1181614065.0,18674551293.7,4493671293.65
2016-11-30,'601500,通用股份,23.35,23.5,22.18,22.89,23.07,0.28,1.2137,14.3529,25105933,579375977.0,16973560634.8,4084360634.75
2016-11-29,'601500,通用股份,23.07,24.27,23.01,23.8,23.92,-0.85,-3.5535,12.9164,22593254,533242022.0,16770023291.0,4035383290.95
2016-11-28,'601500,通用股份,23.92,24.59,23.8,24.59,24.44,-0.52,-2.1277,11.8201,20675669,498488065.0,17387904513.2,4184064513.2
2016-11-25,'601500,通用股份,24.44,25.35,23.45,25.35,25.16,-0.72,-2.8617,14.4233,25229088,616512804.0,17765902437.4,4275022437.4
2016-11-24,'601500,通用股份,25.16,26.4,25.0,26.21,26.2,-1.04,-3.9695,16.0379,28053365,712588092.0,18289284178.6,4400964178.6
2016-11-23,'601500,通用股份,26.2,27.2,26.01,26.5,26.58,-0.38,-1.4296,14.399,25186579,667971218.0,19045280027.0,4582880027.0
2016-11-22,'601500,通用股份,26.58,27.39,26.5,26.9,27.24,-0.66,-2.4229,18.957,33159498,886715366.0,19321509279.3,4649349279.3
2016-11-21,'601500,通用股份,27.24,27.6,25.11,26.41,26.41,0.83,3.1427,27.8818,48770672,1287580716.0,19801275875.4,4764795875.4
2016-11-18,'601500,通用股份,26.41,27.97,26.18,27.04,27.47,-1.06,-3.8588,23.4543,41025980,1100090185.0,19197933034.8,4619613034.85
2016-11-17,'601500,通用股份,27.47,28.9,27.02,27.83,27.96,-0.49,-1.7525,22.8454,39960911,1115306967.0,19968467265.0,4805027264.95
2016-11-16,'601500,通用股份,27.96,29.1,27.0,28.33,29.13,-1.17,-4.0165,31.0531,54317721,1515198988.0,20324657616.6,4890737616.6
2016-11-15,'601500,通用股份,29.13,29.45,26.65,26.8,27.02,2.11,7.809,44.6138,78038133,2210997295.0,21175152946.0,5095392946.05
2016-11-14,'601500,通用股份,27.02,27.85,26.0,27.4,28.45,-1.43,-5.0264,35.7231,62486524,1677675516.0,19641353676.7,4726313676.7
2016-11-11,'601500,通用股份,28.45,31.58,27.52,30.6,28.71,-0.26,-0.9056,63.1356,110436245,3287270598.0,20680847968.2,4976447968.25
2016-11-10,'601500,通用股份,28.71,28.71,27.0,27.0,26.1,2.61,10.0,34.5608,60453461,1692689939.0,20869846930.3,5021926930.35
2016-11-09,'601500,通用股份,26.1,26.1,22.93,23.08,23.73,2.37,9.9874,43.6038,76271424,1898880510.0,18972588118.5,4565388118.5
2016-11-08,'601500,通用股份,23.73,24.56,21.58,22.52,22.33,1.4,6.2696,49.631,86814164,2023771055.0,17249789887.0,4150829887.05
2016-11-07,'601500,通用股份,22.33,22.33,20.0,20.0,20.3,2.03,10.0,43.8379,76680838,1636707391.0,16232103168.0,3905943168.05
2016-11-04,'601500,通用股份,20.3,20.8,19.5,19.7,20.2,0.1,0.495,30.6857,53675108,1084086383.0,14756457425.5,3550857425.5
2016-11-03,'601500,通用股份,20.2,21.5,19.8,19.8,20.49,-0.29,-1.4153,44.4934,77827462,1602223384.0,14683765517.0,3533365517.0
2016-11-02,'601500,通用股份,20.49,21.88,19.1,19.46,20.11,0.38,1.8896,59.7107,104445378,2151536940.0,14894572051.6,3584092051.65
2016-11-01,'601500,通用股份,20.11,20.11,17.83,17.88,18.28,1.83,10.0109,50.764,88795944,1740944668.0,14618342799.4,3517622799.35
2016-10-31,'601500,通用股份,18.28,19.57,17.83,19.57,19.57,-1.29,-6.5917,47.3269,82783733,1542992101.0,13288080873.8,3197520873.8
2016-10-28,'601500,通用股份,19.57,19.57,18.11,18.2,17.79,1.78,10.0056,41.6823,72910308,1394833608.0,14225806493.5,3423166493.45
2016-10-27,'601500,通用股份,17.79,17.79,15.93,16.09,16.17,1.62,10.0186,52.6062,92018202,1606365883.0,12931890522.1,3111810522.15
2016-10-26,'601500,通用股份,16.17,16.49,15.5,15.52,15.89,0.28,1.7621,26.7835,46849435,749155165.0,11754281604.5,2828441604.45
2016-10-25,'601500,通用股份,15.89,16.68,15.23,15.32,15.39,0.5,3.2489,32.518,56880265,913142984.0,11550744260.6,2779464260.65
2016-10-24,'601500,通用股份,15.39,15.66,15.15,15.35,15.45,-0.06,-0.3883,14.3304,25066650,386200975.0,11187284718.1,2692004718.15
2016-10-21,'601500,通用股份,15.45,15.68,15.08,15.19,15.33,0.12,0.7828,15.7326,27519286,424210256.0,11230899863.2,2702499863.25
2016-10-20,'601500,通用股份,15.33,15.92,15.25,15.92,16.03,-0.7,-4.3668,22.207,38844358,601454906.0,11143669573.0,2681509573.05
2016-10-19,'601500,通用股份,16.03,16.68,15.02,15.2,15.22,0.81,5.3219,32.4492,56759870,900554226.0,11652512932.5,2803952932.55
2016-10-18,'601500,通用股份,15.22,15.46,14.75,14.8,14.97,0.25,1.67,16.5699,28983970,437923291.0,11063708473.7,2662268473.7
2016-10-17,'601500,通用股份,14.97,15.6,14.88,15.56,15.73,-0.76,-4.8315,22.9043,40064010,608960816.0,10881978702.5,2618538702.45
2016-10-14,'601500,通用股份,15.73,16.26,15.56,16.0,16.18,-0.45,-2.7812,25.911,45323350,721194119.0,11434437207.0,2751477207.05
2016-10-13,'601500,通用股份,16.18,16.42,15.8,16.0,16.75,-0.57,-3.403,34.3636,60108430,969692163.0,11761550795.3,2830190795.3
2016-10-12,'601500,通用股份,16.75,17.14,15.16,15.3,15.58,1.17,7.5096,57.792,101089171,1672480463.0,12175894673.8,2929894673.75
2016-10-11,'601500,通用股份,15.58,15.58,13.7,13.9,14.16,1.42,10.0282,34.0999,59647188,860534787.0,11325399344.3,2725239344.3
2016-10-10,'601500,通用股份,14.16,14.44,13.33,13.71,14.01,0.15,1.0707,32.013,55996814,775673329.0,10293174243.6,2476854243.6
2016-09-30,'601500,通用股份,14.01,15.19,13.86,15.19,15.19,-1.18,-7.7683,50.5194,88368095,1282283810.0,10184136380.9,2450616380.85
2016-09-29,'601500,通用股份,15.19,15.19,14.04,14.5,13.81,1.38,9.9928,36.3948,63661498,934206265.0,11041900901.1,2657020901.15
2016-09-28,'601500,通用股份,13.81,13.81,13.81,13.81,12.55,1.26,10.0398,0.4085,714500,9867245.0,10038752563.9,2415632563.85
2016-09-27,'601500,通用股份,12.55,12.55,12.55,12.55,11.41,1.14,9.9912,0.3174,555212,6967911.0,9122834516.75,2195234516.75
2016-09-26,'601500,通用股份,11.41,11.41,11.41,11.41,10.37,1.04,10.0289,0.1918,335540,3828511.0,8294146759.85,1995826759.85
2016-09-23,'601500,通用股份,10.37,10.37,10.37,10.37,9.43,0.94,9.9682,0.0881,154126,1598287.0,7538150911.45,1813910911.45
2016-09-22,'601500,通用股份,9.43,9.43,9.43,9.43,8.57,0.86,10.035,0.0193,33731,318083.0,6854846971.55,1649486971.55
2016-09-21,'601500,通用股份,8.57,8.57,8.57,8.57,7.79,0.78,10.0128,0.0083,14509,124342.0,6229696558.45,1499056558.45
2016-09-20,'601500,通用股份,7.79,7.79,7.79,7.79,7.08,0.71,10.0282,0.011,19314,150456.0,5662699672.15,1362619672.15
2016-09-19,'601500,N通用,7.08,7.08,5.9,5.9,4.92,2.16,43.9024,0.0364,63687,449016.0,5146587121.8,1238427121.8
