日期,股票代码,名称,收盘价,最高价,最低价,开盘价,前收盘,涨跌额,涨跌幅,换手率,成交量,成交金额,总市值,流通市值
2017-05-15,'601858,中国科传,13.34,13.7,13.33,13.58,13.56,-0.22,-1.6224,3.1949,4169362,56235839.0,10545270000.0,1740870000.0
2017-05-12,'601858,中国科传,13.56,13.78,13.32,13.72,13.76,-0.2,-1.4535,4.5875,5986689,81145754.0,10719180000.0,1769580000.0
2017-05-11,'601858,中国科传,13.76,13.89,13.06,13.62,14.02,-0.26,-1.8545,6.0539,7900372,107168899.0,10877280000.0,1795680000.0
2017-05-10,'601858,中国科传,14.02,14.42,14.0,14.22,14.26,-0.24,-1.683,4.1359,5397286,77064103.0,11082810000.0,1829610000.0
2017-05-09,'601858,中国科传,14.26,14.37,13.95,14.04,14.04,0.22,1.567,3.3494,4370978,62104816.0,11272530000.0,1860930000.0
2017-05-08,'601858,中国科传,14.04,14.44,14.03,14.31,14.39,-0.35,-2.4322,3.6709,4790488,68158421.0,11098620000.0,1832220000.0
2017-05-05,'601858,中国科传,14.39,14.81,14.36,14.81,14.89,-0.5,-3.358,4.9791,6497755,94894566.0,11375295000.0,1877895000.0
2017-05-04,'601858,中国科传,14.89,15.07,14.7,15.01,15.18,-0.29,-1.9104,5.4851,7158069,106738464.0,11770545000.0,1943145000.0
2017-05-03,'601858,中国科传,15.18,15.25,14.52,14.76,14.75,0.43,2.9153,8.3711,10924322,163035706.0,11999790000.0,1980990000.0
2017-05-02,'601858,中国科传,14.75,15.06,14.7,14.97,14.93,-0.18,-1.2056,3.6911,4816900,71477176.0,11659875000.0,1924875000.0
2017-04-28,'601858,中国科传,14.93,15.15,14.85,14.9,15.05,-0.12,-0.7973,4.5603,5951180,89005611.0,11802165000.0,1948365000.0
2017-04-27,'601858,中国科传,15.05,15.22,14.25,14.31,14.48,0.57,3.9365,8.567,11179894,165011367.0,11897025000.0,1964025000.0
2017-04-26,'601858,中国科传,14.48,14.6,14.16,14.22,14.22,0.26,1.8284,4.5498,5937448,85530387.0,11446440000.0,1889640000.0
2017-04-25,'601858,中国科传,14.22,14.49,14.15,14.26,14.19,0.03,0.2114,3.8022,4961874,71031146.0,11240910000.0,1855710000.0
2017-04-24,'601858,中国科传,14.19,14.89,13.92,14.8,14.8,-0.61,-4.1216,3.9235,5120123,73113002.0,11217195000.0,1851795000.0
2017-04-21,'601858,中国科传,14.8,15.07,14.73,14.9,14.88,-0.08,-0.5376,3.4724,4531499,67496183.0,11699400000.0,1931400000.0
2017-04-20,'601858,中国科传,14.88,15.18,14.67,15.04,15.21,-0.33,-2.1696,5.5181,7201153,107435199.0,11762640000.0,1941840000.0
2017-04-19,'601858,中国科传,15.21,15.28,14.45,14.45,14.49,0.72,4.9689,7.782,10155484,150413843.0,12023505000.0,1984905000.0
2017-04-18,'601858,中国科传,14.49,14.78,14.38,14.55,14.46,0.03,0.2075,4.0491,5284014,77235878.0,11454345000.0,1890945000.0
2017-04-17,'601858,中国科传,14.46,14.98,14.3,14.6,15.27,-0.81,-5.3045,6.3107,8235502,120364279.0,11430630000.0,1887030000.0
2017-04-14,'601858,中国科传,15.27,15.81,15.22,15.81,15.85,-0.58,-3.6593,5.7147,7457667,115185037.0,12070935000.0,1992735000.0
2017-04-13,'601858,中国科传,15.85,16.15,15.78,15.81,15.81,0.04,0.253,4.2407,5534072,88301608.0,12529425000.0,2068425000.0
2017-04-12,'601858,中国科传,15.81,16.37,15.75,16.36,16.36,-0.55,-3.3619,5.8283,7605965,121809344.0,12497805000.0,2063205000.0
2017-04-11,'601858,中国科传,16.36,16.51,15.66,15.66,15.94,0.42,2.6349,7.6095,9930462,160981884.0,12932580000.0,2134980000.0
2017-04-10,'601858,中国科传,15.94,17.22,15.83,17.21,17.49,-1.55,-8.8622,12.8008,16705016,274724769.0,12600570000.0,2080170000.0
2017-04-07,'601858,中国科传,17.49,18.1,17.46,17.94,17.97,-0.48,-2.6711,7.9832,10418138,184554200.0,13825845000.0,2282445000.0
2017-04-06,'601858,中国科传,17.97,18.24,17.62,17.88,17.93,0.04,0.2231,9.2553,12078190,217646982.0,14205285000.0,2345085000.0
2017-04-05,'601858,中国科传,17.93,17.97,17.0,17.74,17.74,0.19,1.071,9.9641,13003155,228574803.0,14173665000.0,2339865000.0
2017-03-31,'601858,中国科传,17.74,18.13,17.46,17.73,17.7,0.04,0.226,8.9748,11712144,208512042.0,14023470000.0,2315070000.0
2017-03-30,'601858,中国科传,17.7,17.99,17.2,17.69,17.9,-0.2,-1.1173,11.9398,15581437,273695107.0,13991850000.0,2309850000.0
2017-03-29,'601858,中国科传,17.9,18.98,17.71,18.9,18.98,-1.08,-5.6902,15.0692,19665318,357766813.0,14149950000.0,2335950000.0
2017-03-28,'601858,中国科传,18.98,20.4,18.9,20.14,20.14,-1.16,-5.7597,16.2938,21263395,415723705.0,15003690000.0,2476890000.0
2017-03-27,'601858,中国科传,20.14,20.58,20.01,20.48,20.42,-0.28,-1.3712,9.7657,12744244,257458058.0,15920670000.0,2628270000.0
2017-03-24,'601858,中国科传,20.42,20.69,20.16,20.3,20.74,-0.32,-1.5429,14.3556,18734032,382588475.0,16142010000.0,2664810000.0
2017-03-23,'601858,中国科传,20.74,21.9,20.12,21.3,21.16,-0.42,-1.9849,22.6088,29504500,627211239.0,16394970000.0,2706570000.0
2017-03-22,'601858,中国科传,21.16,21.28,20.55,20.77,21.04,0.12,0.5703,16.1811,21116352,441950057.0,16726980000.0,2761380000.0
2017-03-21,'601858,中国科传,21.04,21.2,20.3,20.72,20.75,0.29,1.3976,16.7621,21874581,454548110.0,16632120000.0,2745720000.0
2017-03-20,'601858,中国科传,20.75,20.77,19.72,20.0,20.56,0.19,0.9241,14.8666,19400963,391950805.0,16402875000.0,2707875000.0
2017-03-17,'601858,中国科传,20.56,21.7,20.5,20.81,21.05,-0.49,-2.3278,24.9362,32541805,687314715.0,16252680000.0,2683080000.0
2017-03-16,'601858,中国科传,21.05,21.5,20.21,20.21,20.2,0.85,4.2079,23.6478,30860402,648129790.0,16640025000.0,2747025000.0
2017-03-15,'601858,中国科传,20.2,20.8,20.13,20.51,20.88,-0.68,-3.2567,14.8238,19345076,394191328.0,15968100000.0,2636100000.0
2017-03-14,'601858,中国科传,20.88,20.97,20.0,20.1,20.21,0.67,3.3152,21.2657,27751722,572888256.0,16505640000.0,2724840000.0
2017-03-13,'601858,中国科传,20.21,20.29,19.25,20.01,20.41,-0.2,-0.9799,17.7988,23227431,461172474.0,15976005000.0,2637405000.0
2017-03-10,'601858,中国科传,20.41,21.53,19.94,20.59,20.57,-0.16,-0.7778,24.6389,32153827,667504269.0,16134105000.0,2663505000.0
2017-03-09,'601858,中国科传,20.57,21.58,20.33,21.34,21.91,-1.34,-6.1159,31.4036,40981635,859020695.0,16260585000.0,2684385000.0
2017-03-08,'601858,中国科传,21.91,21.93,19.71,19.9,19.94,1.97,9.8796,37.5808,49042917,1029202665.0,17319855000.0,2859255000.0
2017-03-07,'601858,中国科传,19.94,20.66,19.01,19.09,19.1,0.84,4.3979,28.6471,37384445,745651203.0,15762570000.0,2602170000.0
2017-03-06,'601858,中国科传,19.1,19.38,18.51,18.51,18.63,0.47,2.5228,20.093,26221408,495714068.0,15098550000.0,2492550000.0
2017-03-03,'601858,中国科传,18.63,18.68,18.12,18.52,18.91,-0.28,-1.4807,23.5249,30700010,564539809.0,14727015000.0,2431215000.0
2017-03-02,'601858,中国科传,18.91,19.44,17.5,17.51,17.67,1.24,7.0175,39.6275,51713842,964708972.0,14948355000.0,2467755000.0
2017-03-01,'601858,中国科传,17.67,18.46,17.62,18.02,17.93,-0.26,-1.4501,18.0754,23588359,422626287.0,13968135000.0,2305935000.0
2017-02-28,'601858,中国科传,17.93,17.97,17.16,17.16,17.3,0.63,3.6416,17.3319,22618194,399328387.0,14173665000.0,2339865000.0
2017-02-27,'601858,中国科传,17.3,17.8,17.28,17.55,17.72,-0.42,-2.3702,12.563,16394771,286856417.0,13675650000.0,2257650000.0
2017-02-24,'601858,中国科传,17.72,17.97,17.0,17.11,17.28,0.44,2.5463,20.5416,26806842,473301934.0,14007660000.0,2312460000.0
2017-02-23,'601858,中国科传,17.28,17.51,16.79,17.0,17.17,0.11,0.6407,17.0888,22300886,383189620.0,13659840000.0,2255040000.0
2017-02-22,'601858,中国科传,17.17,17.2,16.35,17.08,17.23,-0.06,-0.3482,18.3128,23898251,401498854.0,13572885000.0,2240685000.0
2017-02-21,'601858,中国科传,17.23,17.59,16.91,16.95,17.12,0.11,0.6425,14.527,18957673,326846647.0,13620315000.0,2248515000.0
2017-02-20,'601858,中国科传,17.12,18.22,16.73,18.03,18.59,-1.47,-7.9075,28.1321,36712434,635743500.0,13533360000.0,2234160000.0
2017-02-17,'601858,中国科传,18.59,20.31,18.22,18.31,18.55,0.04,0.2156,37.7389,49249280,944689830.0,14695395000.0,2425995000.0
2017-02-16,'601858,中国科传,18.55,18.65,17.9,18.33,18.83,-0.28,-1.487,31.3724,40940988,745847410.0,14663775000.0,2420775000.0
2017-02-15,'601858,中国科传,18.83,19.85,17.4,17.5,18.23,0.6,3.2913,49.4578,64542485,1201114655.0,14885115000.0,2457315000.0
2017-02-14,'601858,中国科传,18.23,18.86,17.31,17.9,17.58,0.65,3.6974,55.072,71868933,1296867630.0,14410815000.0,2379015000.0
2017-02-13,'601858,中国科传,17.58,17.58,16.0,16.16,15.98,1.6,10.0125,34.6018,45155397,780339964.0,13896990000.0,2294190000.0
2017-02-10,'601858,中国科传,15.98,16.66,15.69,15.98,16.0,-0.02,-0.125,26.9016,35106575,566321242.0,12632190000.0,2085390000.0
2017-02-09,'601858,中国科传,16.0,16.09,15.62,16.02,16.03,-0.03,-0.1871,24.1922,31570818,500325041.0,12648000000.0,2088000000.0
2017-02-08,'601858,中国科传,16.03,16.2,15.13,15.39,15.7,0.33,2.1019,34.9251,45577196,717967245.0,12671715000.0,2091915000.0
2017-02-07,'601858,中国科传,15.7,16.69,15.53,16.39,15.96,-0.26,-1.6291,42.099,54939135,880928068.0,12410850000.0,2048850000.0
2017-02-06,'601858,中国科传,15.96,15.96,14.62,14.79,14.51,1.45,9.9931,38.7375,50552418,786217791.0,12616380000.0,2082780000.0
2017-02-03,'601858,中国科传,14.51,15.2,14.25,15.05,15.24,-0.73,-4.79,23.3485,30469797,445401515.0,11470155000.0,1893555000.0
2017-01-26,'601858,中国科传,15.24,16.46,14.88,16.0,15.86,-0.62,-3.9092,46.4538,60622239,933258967.0,12047220000.0,1988820000.0
2017-01-25,'601858,中国科传,15.86,15.86,14.44,14.46,14.42,1.44,9.9861,34.5754,45120957,694720911.0,12537330000.0,2069730000.0
2017-01-24,'601858,中国科传,14.42,14.42,14.42,14.42,13.11,1.31,9.9924,2.6452,3452043,49778460.0,11399010000.0,1881810000.0
2017-01-23,'601858,中国科传,13.11,13.11,13.11,13.11,11.92,1.19,9.9832,0.1112,145099,1902248.0,10363455000.0,1710855000.0
2017-01-20,'601858,中国科传,11.92,11.92,11.92,11.92,10.84,1.08,9.9631,0.0578,75400,898768.0,9422760000.0,1555560000.0
2017-01-19,'601858,中国科传,10.84,10.84,10.84,10.84,9.85,0.99,10.0508,0.017,22200,240648.0,8569020000.0,1414620000.0
2017-01-18,'601858,N科传,9.85,9.85,9.85,9.85,6.84,3.01,44.0058,0.051,66594,655951.0,7786425000.0,1285425000.0
