日期,股票代码,名称,收盘价,最高价,最低价,开盘价,前收盘,涨跌额,涨跌幅,换手率,成交量,成交金额,总市值,流通市值
2018-01-04,'601878,浙商证券,16.61,16.8,16.55,16.73,16.85,-0.24,-1.4243,5.1729,17243090,286689060.0,55366667774.0,5536667774.0
2018-01-03,'601878,浙商证券,16.85,16.97,16.44,16.76,16.65,0.2,1.2012,7.6872,25623853,429500492.0,56166667790.0,5616667790.0
2018-01-02,'601878,浙商证券,16.65,16.87,16.56,16.77,16.62,0.03,0.1805,4.8292,16097262,268626784.0,55500001110.0,5550001110.0
2017-12-29,'601878,浙商证券,16.62,16.69,16.44,16.48,16.61,0.01,0.0602,4.7546,15848635,262232738.0,55400001108.0,5540001108.0
2017-12-28,'601878,浙商证券,16.61,17.28,16.21,16.21,16.29,0.32,1.9644,9.2988,30995906,517918104.0,55366667774.0,5536667774.0
2017-12-27,'601878,浙商证券,16.29,16.56,16.16,16.5,16.39,-0.1,-0.6101,5.0325,16774893,273793641.0,54300001086.0,5430001086.0
2017-12-26,'601878,浙商证券,16.39,16.4,15.91,15.96,15.96,0.43,2.6942,5.2809,17602876,285417512.0,54633334426.0,5463334426.0
2017-12-25,'601878,浙商证券,15.96,16.39,15.95,16.26,16.32,-0.36,-2.2059,4.0951,13650225,219839751.0,53200001064.0,5320001064.0
2017-12-22,'601878,浙商证券,16.32,16.49,16.21,16.26,16.37,-0.05,-0.3054,3.7351,12450408,203643833.0,54400001088.0,5440001088.0
2017-12-21,'601878,浙商证券,16.37,16.67,15.92,16.08,16.08,0.29,1.8035,7.0688,23562718,386200872.0,54566667758.0,5456667758.0
2017-12-20,'601878,浙商证券,16.08,16.3,15.91,16.3,16.31,-0.23,-1.4102,4.2987,14328993,230779375.0,53600001072.0,5360001072.0
2017-12-19,'601878,浙商证券,16.31,16.36,16.06,16.06,16.06,0.25,1.5567,5.2488,17496152,284185790.0,54366667754.0,5436667754.0
2017-12-18,'601878,浙商证券,16.06,16.16,15.85,15.98,16.0,0.06,0.375,2.4384,8127863,130037035.0,53533334404.0,5353334404.0
2017-12-15,'601878,浙商证券,16.0,16.19,15.86,15.9,16.03,-0.03,-0.1871,3.468,11560165,185345779.0,53333334400.0,5333334400.0
2017-12-14,'601878,浙商证券,16.03,16.17,15.8,16.1,16.09,-0.06,-0.3729,3.6019,12006244,191499002.0,53433334402.0,5343334402.0
2017-12-13,'601878,浙商证券,16.09,16.19,15.66,15.85,15.91,0.18,1.1314,3.2486,10828684,172973280.0,53633334406.0,5363334406.0
2017-12-12,'601878,浙商证券,15.91,16.39,15.9,16.36,16.35,-0.44,-2.6911,4.0445,13481582,217506883.0,53033334394.0,5303334394.0
2017-12-11,'601878,浙商证券,16.35,16.38,16.1,16.24,16.25,0.1,0.6154,3.9626,13208585,215033385.0,54500001090.0,5450001090.0
2017-12-08,'601878,浙商证券,16.25,16.34,16.0,16.0,16.02,0.23,1.4357,5.5696,18565382,301246783.0,54166667750.0,5416667750.0
2017-12-07,'601878,浙商证券,16.02,16.28,15.92,15.92,16.11,-0.09,-0.5587,4.5168,15056146,242378957.0,53400001068.0,5340001068.0
2017-12-06,'601878,浙商证券,16.11,16.19,15.49,15.49,15.55,0.56,3.6013,5.7151,19050330,302385148.0,53700001074.0,5370001074.0
2017-12-05,'601878,浙商证券,15.55,15.97,15.46,15.74,15.74,-0.19,-1.2071,4.3411,14470476,226923678.0,51833334370.0,5183334370.0
2017-12-04,'601878,浙商证券,15.74,16.36,15.6,16.2,16.49,-0.75,-4.5482,5.9649,19883023,318450245.0,52466667716.0,5246667716.0
2017-12-01,'601878,浙商证券,16.49,16.77,16.3,16.35,16.3,0.19,1.1656,5.4593,18197510,301313165.0,54966667766.0,5496667766.0
2017-11-30,'601878,浙商证券,16.3,16.74,16.21,16.25,16.47,-0.17,-1.0322,6.2722,20907204,344205418.0,54333334420.0,5433334420.0
2017-11-29,'601878,浙商证券,16.47,16.7,15.82,16.09,16.08,0.39,2.4254,7.3119,24373061,395868235.0,54900001098.0,5490001098.0
2017-11-28,'601878,浙商证券,16.08,16.09,15.68,15.8,15.68,0.4,2.551,4.3125,14374907,228705782.0,53600001072.0,5360001072.0
2017-11-27,'601878,浙商证券,15.68,15.96,15.46,15.78,15.67,0.01,0.0638,3.7521,12506930,196526145.0,52266667712.0,5226667712.0
2017-11-24,'601878,浙商证券,15.67,15.82,15.5,15.6,15.53,0.14,0.9015,3.4203,11400930,178578616.0,52233334378.0,5223334378.0
2017-11-23,'601878,浙商证券,15.53,16.38,15.5,16.19,16.19,-0.66,-4.0766,4.8995,16331794,261043613.0,51766667702.0,5176667702.0
2017-11-22,'601878,浙商证券,16.19,16.77,16.06,16.49,16.53,-0.34,-2.0569,6.2936,20978747,343642841.0,53966667746.0,5396667746.0
2017-11-21,'601878,浙商证券,16.53,16.85,15.76,15.85,15.9,0.63,3.9623,8.996,29986834,494383808.0,55100001102.0,5510001102.0
2017-11-20,'601878,浙商证券,15.9,16.05,15.21,15.85,16.19,-0.29,-1.7912,5.6002,18667323,291600444.0,53000001060.0,5300001060.0
2017-11-17,'601878,浙商证券,16.19,17.29,16.15,17.11,17.19,-1.0,-5.8173,7.0103,23367800,389564758.0,53966667746.0,5396667746.0
2017-11-16,'601878,浙商证券,17.19,17.78,17.17,17.74,17.86,-0.67,-3.7514,6.0224,20074568,350144338.0,57300001146.0,5730001146.0
2017-11-15,'601878,浙商证券,17.86,18.16,17.75,17.85,17.84,0.02,0.1121,4.6114,15371264,275908786.0,59533334524.0,5953334524.0
2017-11-14,'601878,浙商证券,17.84,18.31,17.8,18.29,18.2,-0.36,-1.978,5.5628,18542570,332788027.0,59466667856.0,5946667856.0
2017-11-13,'601878,浙商证券,18.2,18.66,18.11,18.38,18.38,-0.18,-0.9793,6.2669,20889599,382645630.0,60666667880.0,6066667880.0
2017-11-10,'601878,浙商证券,18.38,18.69,18.02,18.15,18.12,0.26,1.4349,8.7492,29163964,535750854.0,61266667892.0,6126667892.0
2017-11-09,'601878,浙商证券,18.12,18.28,17.9,18.0,18.2,-0.08,-0.4396,6.1263,20421058,368995516.0,60400001208.0,6040001208.0
2017-11-08,'601878,浙商证券,18.2,18.94,17.5,17.65,17.77,0.43,2.4198,13.9513,46504263,847927356.0,60666667880.0,6066667880.0
2017-11-07,'601878,浙商证券,17.77,17.99,17.3,17.43,17.44,0.33,1.8922,8.6686,28895255,511350276.0,59233334518.0,5923334518.0
2017-11-06,'601878,浙商证券,17.44,17.47,17.2,17.31,17.38,0.06,0.3452,3.8596,12865193,223056641.0,58133334496.0,5813334496.0
2017-11-03,'601878,浙商证券,17.38,17.48,17.22,17.32,17.41,-0.03,-0.1723,4.81,16033284,278075318.0,57933334492.0,5793334492.0
2017-11-02,'601878,浙商证券,17.41,17.69,16.71,17.11,17.26,0.15,0.8691,8.9692,29897192,515814014.0,58033334494.0,5803334494.0
2017-11-01,'601878,浙商证券,17.26,17.63,17.2,17.3,17.25,0.01,0.058,5.3337,17779014,309184345.0,57533334484.0,5753334484.0
2017-10-31,'601878,浙商证券,17.25,17.41,17.01,17.2,17.26,-0.01,-0.0579,5.6986,18995394,326710797.0,57500001150.0,5750001150.0
2017-10-30,'601878,浙商证券,17.26,18.5,17.01,18.5,18.74,-1.48,-7.8975,11.0296,36765183,645280070.0,57533334484.0,5753334484.0
2017-10-27,'601878,浙商证券,18.74,19.12,18.68,18.86,19.04,-0.3,-1.5756,5.1787,17262422,326075198.0,62466667916.0,6246667916.0
2017-10-26,'601878,浙商证券,19.04,19.29,18.37,18.51,18.61,0.43,2.3106,9.8056,32685286,620462676.0,63466667936.0,6346667936.0
2017-10-25,'601878,浙商证券,18.61,18.64,18.29,18.57,18.74,-0.13,-0.6937,6.4029,21342854,394434327.0,62033334574.0,6203334574.0
2017-10-24,'601878,浙商证券,18.74,18.98,18.51,18.6,18.64,0.1,0.5365,6.857,22856692,429753887.0,62466667916.0,6246667916.0
2017-10-23,'601878,浙商证券,18.64,18.65,18.22,18.51,18.5,0.14,0.7568,5.1655,17218390,317966805.0,62133334576.0,6213334576.0
2017-10-20,'601878,浙商证券,18.5,18.54,18.15,18.2,18.18,0.32,1.7602,5.4565,18188445,334014370.0,61666667900.0,6166667900.0
2017-10-19,'601878,浙商证券,18.18,18.79,18.04,18.6,18.66,-0.48,-2.5723,7.8767,26255517,479076254.0,60600001212.0,6060001212.0
2017-10-18,'601878,浙商证券,18.66,19.59,18.58,19.35,19.35,-0.69,-3.5659,8.235,27449910,524069661.0,62200001244.0,6220001244.0
2017-10-17,'601878,浙商证券,19.35,20.19,19.33,20.18,20.25,-0.9,-4.4444,10.4511,34836876,683439905.0,64500001290.0,6450001290.0
2017-10-16,'601878,浙商证券,20.25,21.02,20.2,20.58,20.69,-0.44,-2.1266,6.6922,22307380,461031436.0,67500001350.0,6750001350.0
2017-10-13,'601878,浙商证券,20.69,20.83,20.46,20.63,20.59,0.1,0.4857,4.6051,15350349,316754398.0,68966668046.0,6896668046.0
2017-10-12,'601878,浙商证券,20.59,21.12,20.32,20.94,20.96,-0.37,-1.7653,5.8016,19338675,400902447.0,68633334706.0,6863334706.0
2017-10-11,'601878,浙商证券,20.96,21.16,20.82,21.16,21.18,-0.22,-1.0387,5.1512,17170658,360274647.0,69866668064.0,6986668064.0
2017-10-10,'601878,浙商证券,21.18,21.39,20.63,20.82,21.07,0.11,0.5221,7.5729,25242890,528872962.0,70600001412.0,7060001412.0
2017-10-09,'601878,浙商证券,21.07,22.16,21.0,21.99,21.3,-0.23,-1.0798,9.4919,31639694,675030738.0,70233334738.0,7023334738.0
2017-09-29,'601878,浙商证券,21.3,21.5,20.65,20.65,20.58,0.72,3.4985,11.8869,39623019,840742904.0,71000001420.0,7100001420.0
2017-09-28,'601878,浙商证券,20.58,20.77,20.26,20.33,20.34,0.24,1.1799,8.64,28800019,591259837.0,68600001372.0,6860001372.0
2017-09-27,'601878,浙商证券,20.34,20.56,20.22,20.49,20.49,-0.15,-0.7321,6.6671,22223770,452863070.0,67800001356.0,6780001356.0
2017-09-26,'601878,浙商证券,20.49,20.51,20.12,20.26,20.27,0.22,1.0853,7.0499,23499570,477590320.0,68300001366.0,6830001366.0
2017-09-25,'601878,浙商证券,20.27,21.04,20.06,21.02,21.34,-1.07,-5.0141,12.9087,43029097,882401064.0,67566668018.0,6756668018.0
2017-09-22,'601878,浙商证券,21.34,22.32,21.31,22.3,22.62,-1.28,-5.6587,16.8434,56144806,1216221485.0,71133334756.0,7113334756.0
2017-09-21,'601878,浙商证券,22.62,23.35,22.6,22.9,22.99,-0.37,-1.6094,13.8384,46127892,1060145197.0,75400001508.0,7540001508.0
2017-09-20,'601878,浙商证券,22.99,23.08,22.61,22.8,22.78,0.21,0.9219,11.3449,37816368,864659532.0,76633334866.0,7663334866.0
2017-09-19,'601878,浙商证券,22.78,23.35,22.51,23.2,23.59,-0.81,-3.4337,17.2833,57611055,1318421005.0,75933334852.0,7593334852.0
2017-09-18,'601878,浙商证券,23.59,24.15,22.68,22.79,22.88,0.71,3.1031,26.6581,88860321,2093968428.0,78633334906.0,7863334906.0
2017-09-15,'601878,浙商证券,22.88,23.42,22.2,22.48,22.41,0.47,2.0973,23.5861,78620184,1806232581.0,76266668192.0,7626668192.0
2017-09-14,'601878,浙商证券,22.41,22.97,22.3,22.55,22.41,0.0,0.0,13.4386,44795300,1013703234.0,74700001494.0,7470001494.0
2017-09-13,'601878,浙商证券,22.41,22.68,22.05,22.5,22.75,-0.34,-1.4945,12.465,41550037,928549660.0,74700001494.0,7470001494.0
2017-09-12,'601878,浙商证券,22.75,23.49,22.45,22.45,22.44,0.31,1.3815,22.4427,74809059,1712414078.0,75833334850.0,7583334850.0
2017-09-11,'601878,浙商证券,22.44,22.85,22.22,22.59,22.94,-0.5,-2.1796,17.0815,56938278,1279784039.0,74800001496.0,7480001496.0
2017-09-08,'601878,浙商证券,22.94,23.19,22.6,22.9,22.8,0.14,0.614,16.5061,55020421,1262051386.0,76466668196.0,7646668196.0
2017-09-07,'601878,浙商证券,22.8,23.34,22.7,22.97,23.0,-0.2,-0.8696,18.0194,60064741,1376961760.0,76000001520.0,7600001520.0
2017-09-06,'601878,浙商证券,23.0,23.49,22.45,22.81,23.25,-0.25,-1.0753,20.4735,68245025,1558100574.0,76666668200.0,7666668200.0
2017-09-05,'601878,浙商证券,23.25,24.19,22.66,22.8,22.92,0.33,1.4398,32.0988,106995875,2506298729.0,77500001550.0,7750001550.0
2017-09-04,'601878,浙商证券,22.92,23.35,22.16,22.6,22.82,0.1,0.4382,23.4482,78160578,1776928879.0,76400001528.0,7640001528.0
2017-09-01,'601878,浙商证券,22.82,23.08,22.3,22.95,23.04,-0.22,-0.9549,27.9658,93219354,2112027252.0,76066668188.0,7606668188.0
2017-08-31,'601878,浙商证券,23.04,23.38,21.85,21.85,22.22,0.82,3.6904,33.8813,112937650,2564190858.0,76800001536.0,7680001536.0
2017-08-30,'601878,浙商证券,22.22,23.28,21.82,21.92,22.21,0.01,0.045,39.4945,131648318,2965977490.0,74066668148.0,7406668148.0
2017-08-29,'601878,浙商证券,22.21,23.58,22.06,23.1,22.01,0.2,0.9087,55.8296,186098691,4269879929.0,74033334814.0,7403334814.0
2017-08-28,'601878,浙商证券,22.01,22.01,20.62,21.0,20.01,2.0,9.995,39.7597,132532435,2837892897.0,73366668134.0,7336668134.0
2017-08-25,'601878,浙商证券,20.01,20.01,18.05,18.07,18.19,1.82,10.0055,35.1992,117330537,2264235936.0,66700001334.0,6670001334.0
2017-08-24,'601878,浙商证券,18.19,18.88,18.04,18.58,18.94,-0.75,-3.9599,19.667,65556613,1207569853.0,60633334546.0,6063334546.0
2017-08-23,'601878,浙商证券,18.94,19.58,18.35,18.7,18.75,0.19,1.0133,27.2577,90859102,1721906303.0,63133334596.0,6313334596.0
2017-08-22,'601878,浙商证券,18.75,19.48,18.7,19.2,18.96,-0.21,-1.1076,24.5347,81782269,1561426929.0,62500001250.0,6250001250.0
2017-08-21,'601878,浙商证券,18.96,19.06,18.13,18.15,18.25,0.71,3.8904,22.5056,75018789,1401030152.0,63200001264.0,6320001264.0
2017-08-18,'601878,浙商证券,18.25,18.64,18.13,18.48,18.69,-0.44,-2.3542,15.1337,50445685,926672678.0,60833334550.0,6083334550.0
2017-08-17,'601878,浙商证券,18.69,18.79,18.02,18.1,18.38,0.31,1.6866,21.6174,72058170,1322929719.0,62300001246.0,6230001246.0
2017-08-16,'601878,浙商证券,18.38,18.78,17.47,17.75,17.85,0.53,2.9692,24.1417,80472254,1468263621.0,61266667892.0,6126667892.0
2017-08-15,'601878,浙商证券,17.85,18.25,17.61,17.77,17.9,-0.05,-0.2793,13.8768,46256026,827590342.0,59500001190.0,5950001190.0
2017-08-14,'601878,浙商证券,17.9,18.08,17.32,17.5,17.54,0.36,2.0525,15.5483,51827786,919404830.0,59666667860.0,5966667860.0
2017-08-11,'601878,浙商证券,17.54,18.88,17.3,18.12,18.66,-1.12,-6.0021,25.6788,85596151,1552881611.0,58466667836.0,5846667836.0
2017-08-10,'601878,浙商证券,18.66,19.67,17.61,17.7,17.88,0.78,4.3624,29.4111,98037150,1841477112.0,62200001244.0,6220001244.0
2017-08-09,'601878,浙商证券,17.88,18.65,17.82,18.49,18.76,-0.88,-4.6908,20.6555,68851756,1252452011.0,59600001192.0,5960001192.0
2017-08-08,'601878,浙商证券,18.76,18.8,17.41,17.81,18.12,0.64,3.532,27.5975,91991534,1660474814.0,62533334584.0,6253334584.0
2017-08-07,'601878,浙商证券,18.12,18.87,17.81,17.95,17.89,0.23,1.2856,22.4221,74740200,1362194786.0,60400001208.0,6040001208.0
2017-08-04,'601878,浙商证券,17.89,18.66,17.07,17.11,17.19,0.7,4.0721,28.7132,95710679,1713694363.0,59633334526.0,5963334526.0
2017-08-03,'601878,浙商证券,17.19,17.55,17.03,17.32,17.45,-0.26,-1.49,17.0927,56975723,983229855.0,57300001146.0,5730001146.0
2017-08-02,'601878,浙商证券,17.45,18.1,16.4,16.5,16.68,0.77,4.6163,29.0823,96941148,1667729305.0,58166667830.0,5816667830.0
2017-08-01,'601878,浙商证券,16.68,17.17,16.36,16.39,16.34,0.34,2.0808,19.7733,65911080,1108038306.0,55600001112.0,5560001112.0
2017-07-31,'601878,浙商证券,16.34,16.49,15.92,16.06,16.06,0.28,1.7435,11.593,38643441,628401022.0,54466667756.0,5446667756.0
2017-07-28,'601878,浙商证券,16.06,16.38,15.9,16.32,16.52,-0.46,-2.7845,11.8149,39382863,635964843.0,53533334404.0,5353334404.0
2017-07-27,'601878,浙商证券,16.52,17.09,15.68,15.9,16.01,0.51,3.1855,18.4682,61560727,1009364840.0,55066667768.0,5506667768.0
2017-07-26,'601878,浙商证券,16.01,16.34,15.71,16.1,16.13,-0.12,-0.744,10.4387,34795649,557087794.0,53366667734.0,5336667734.0
2017-07-25,'601878,浙商证券,16.13,16.52,16.03,16.3,16.35,-0.22,-1.3456,8.6428,28809309,467872521.0,53766667742.0,5376667742.0
2017-07-24,'601878,浙商证券,16.35,16.45,16.06,16.18,16.24,0.11,0.6773,9.8853,32951160,536450647.0,54500001090.0,5450001090.0
2017-07-21,'601878,浙商证券,16.24,16.88,16.15,16.57,16.7,-0.46,-2.7545,12.6932,42310595,697251075.0,54133334416.0,5413334416.0
2017-07-20,'601878,浙商证券,16.7,17.24,16.64,16.92,17.17,-0.47,-2.7373,19.0321,63440192,1073226991.0,55666667780.0,5566667780.0
2017-07-19,'601878,浙商证券,17.17,17.2,15.63,15.96,16.1,1.07,6.646,25.7141,85713519,1415051140.0,57233334478.0,5723334478.0
2017-07-18,'601878,浙商证券,16.1,16.29,15.62,15.87,16.04,0.06,0.3741,15.0876,50292083,802457505.0,53666667740.0,5366667740.0
2017-07-17,'601878,浙商证券,16.04,17.86,15.98,17.62,17.76,-1.72,-9.6847,23.5119,78372860,1301901050.0,53466667736.0,5346667736.0
2017-07-14,'601878,浙商证券,17.76,18.18,17.2,17.23,17.35,0.41,2.3631,20.9621,69873576,1244795920.0,59200001184.0,5920001184.0
2017-07-13,'601878,浙商证券,17.35,17.75,17.0,17.1,17.37,-0.02,-0.1151,17.7052,59017407,1023352823.0,57833334490.0,5783334490.0
2017-07-12,'601878,浙商证券,17.37,17.64,16.87,17.4,17.7,-0.33,-1.8644,19.4637,64878921,1116933548.0,57900001158.0,5790001158.0
2017-07-11,'601878,浙商证券,17.7,18.28,17.47,17.48,17.59,0.11,0.6254,24.3916,81305463,1457528366.0,59000001180.0,5900001180.0
2017-07-10,'601878,浙商证券,17.59,18.43,17.4,18.11,18.56,-0.97,-5.2263,27.8875,92958345,1664286278.0,58633334506.0,5863334506.0
2017-07-07,'601878,浙商证券,18.56,18.99,18.03,18.36,18.71,-0.15,-0.8017,33.661,112203290,2065992996.0,61866667904.0,6186667904.0
2017-07-06,'601878,浙商证券,18.71,19.18,18.02,18.95,18.92,-0.21,-1.1099,41.1622,137207515,2538616676.0,62366667914.0,6236667914.0
2017-07-05,'601878,浙商证券,18.92,18.92,16.98,17.07,17.2,1.72,10.0,45.6728,152242710,2771258048.0,63066667928.0,6306667928.0
2017-07-04,'601878,浙商证券,17.2,18.12,16.85,16.85,16.86,0.34,2.0166,32.3306,107768676,1878355436.0,57333334480.0,5733334480.0
2017-07-03,'601878,浙商证券,16.86,16.97,16.36,16.56,17.01,-0.15,-0.8818,28.2067,94022194,1565011789.0,56200001124.0,5620001124.0
2017-06-30,'601878,浙商证券,17.01,17.78,16.34,16.79,16.2,0.81,5.0,53.3616,177872146,3011118561.0,56700001134.0,5670001134.0
2017-06-29,'601878,浙商证券,16.2,16.2,15.88,16.19,14.73,1.47,9.9796,13.0715,43571760,704517469.0,54000001080.0,5400001080.0
2017-06-28,'601878,浙商证券,14.73,14.73,14.73,14.73,13.39,1.34,10.0075,0.3448,1149421,16930971.0,49100000982.0,4910000982.0
2017-06-27,'601878,浙商证券,13.39,13.39,13.39,13.39,12.17,1.22,10.0247,0.0371,123725,1656678.0,44633334226.0,4463334226.0
2017-06-26,'601878,N浙商,12.17,12.17,12.17,12.17,8.45,3.72,44.0237,0.0773,257745,3136757.0,40566667478.0,4056667478.0
