日期,股票代码,名称,收盘价,最高价,最低价,开盘价,前收盘,涨跌额,涨跌幅,换手率,成交量,成交金额,总市值,流通市值
2017-05-15,'603081,大丰实业,23.22,23.96,23.07,23.45,23.86,-0.64,-2.6823,14.9719,7755455,182109088.0,9329796000.0,1202796000.0
2017-05-12,'603081,大丰实业,23.86,24.2,22.81,23.42,23.42,0.44,1.8787,20.2552,10492213,247581971.0,9586948000.0,1235948000.0
2017-05-11,'603081,大丰实业,23.42,23.67,22.11,23.01,23.58,-0.16,-0.6785,18.6662,9669090,221040923.0,9410156000.0,1213156000.0
2017-05-10,'603081,大丰实业,23.58,25.5,23.3,25.1,25.26,-1.68,-6.6508,22.7012,11759243,286400789.0,9474444000.0,1221444000.0
2017-05-09,'603081,大丰实业,25.26,25.77,24.21,24.44,24.91,0.35,1.4051,18.5067,9586448,241116163.0,10149468000.0,1308468000.0
2017-05-08,'603081,大丰实业,24.91,26.89,24.78,26.0,27.53,-2.62,-9.5169,25.3307,13121317,339986365.0,10008838000.0,1290338000.0
2017-05-05,'603081,大丰实业,27.53,29.59,27.53,29.17,30.59,-3.06,-10.0033,30.9063,16009454,454787040.0,11061554000.0,1426054000.0
2017-05-04,'603081,大丰实业,30.59,32.0,28.0,29.4,31.08,-0.49,-1.5766,47.5824,24647698,735208039.0,12291062000.0,1584562000.0
2017-05-03,'603081,大丰实业,31.08,32.18,28.7,28.7,29.25,1.83,6.2564,59.7126,30931145,953754999.0,12487944000.0,1609944000.0
2017-05-02,'603081,大丰实业,29.25,29.25,27.5,28.0,26.59,2.66,10.0038,52.8084,27354747,781493798.0,11752650000.0,1515150000.0
2017-04-28,'603081,大丰实业,26.59,26.59,26.59,26.59,24.17,2.42,10.0124,0.7121,368893,9808865.0,10683862000.0,1377362000.0
2017-04-27,'603081,大丰实业,24.17,24.17,24.17,24.17,21.97,2.2,10.0137,0.6685,346290,8369829.0,9711506000.0,1252006000.0
2017-04-26,'603081,大丰实业,21.97,21.97,21.97,21.97,19.97,2.0,10.015,0.1619,83849,1842163.0,8827546000.0,1138046000.0
2017-04-25,'603081,大丰实业,19.97,19.97,19.97,19.97,18.15,1.82,10.0275,0.0756,39145,781726.0,8023946000.0,1034446000.0
2017-04-24,'603081,大丰实业,18.15,18.15,18.15,18.15,16.5,1.65,10.0,0.0311,16100,292215.0,7292670000.0,940170000.0
2017-04-21,'603081,大丰实业,16.5,16.5,16.5,16.5,15.0,1.5,10.0,0.0234,12100,199650.0,6629700000.0,854700000.0
2017-04-20,'603081,N大丰,15.0,15.0,15.0,15.0,10.42,4.58,43.9539,0.0304,15749,236235.0,6027000000.0,777000000.0
