日期,股票代码,名称,收盘价,最高价,最低价,开盘价,前收盘,涨跌额,涨跌幅,换手率,成交量,成交金额,总市值,流通市值
2017-05-15,'603021,山东华鹏,36.34,36.7,36.13,36.6,36.37,-0.03,-0.0825,0.715,457300,16601432.0,4471889563.0,2324306400.0
2017-05-12,'603021,山东华鹏,36.37,36.74,35.91,36.38,36.38,-0.01,-0.0275,0.839,536602,19493775.0,4475581271.5,2326225200.0
2017-05-11,'603021,山东华鹏,36.38,36.79,35.2,36.1,36.89,-0.51,-1.3825,1.5075,964193,34657327.0,4476811841.0,2326864800.0
2017-05-10,'603021,山东华鹏,36.89,37.87,36.81,37.01,37.06,-0.17,-0.4587,1.0672,682581,25523319.0,4539570885.5,2359484400.0
2017-05-09,'603021,山东华鹏,37.06,37.92,36.01,37.53,38.12,-1.06,-2.7807,1.4547,930400,34317174.0,4560490567.0,2370357600.0
2017-05-08,'603021,山东华鹏,38.12,39.38,38.02,38.8,38.82,-0.7,-1.8032,1.3576,868297,33729373.0,4690930934.0,2438155200.0
2017-05-05,'603021,山东华鹏,38.82,39.89,37.47,37.94,37.94,0.88,2.3195,1.9947,1275830,49539850.0,4777070799.0,2482927200.0
2017-05-04,'603021,山东华鹏,37.94,38.35,37.21,38.35,38.34,-0.4,-1.0433,1.0092,645487,24397714.0,4668780683.0,2426642400.0
2017-05-03,'603021,山东华鹏,38.34,38.65,38.2,38.45,38.29,0.05,0.1306,0.7321,468268,17976259.0,4718003463.0,2452226400.0
2017-05-02,'603021,山东华鹏,38.29,38.65,38.1,38.1,38.28,0.01,0.0261,0.5588,357393,13696528.0,4711850615.5,2449028400.0
2017-04-28,'603021,山东华鹏,38.28,38.42,37.5,37.5,38.12,0.16,0.4197,0.8047,514673,19692825.0,4710620046.0,2448388800.0
2017-04-27,'603021,山东华鹏,38.12,38.3,36.7,37.62,37.59,0.53,1.4099,1.3875,887435,33341908.0,4690930934.0,2438155200.0
2017-04-26,'603021,山东华鹏,37.59,37.77,36.62,36.81,36.91,0.68,1.8423,0.9215,589383,22094995.0,4625710750.5,2404256400.0
2017-04-25,'603021,山东华鹏,36.91,37.23,36.81,36.86,36.83,0.08,0.2172,0.676,432400,15989413.0,4542032024.5,2360763600.0
2017-04-24,'603021,山东华鹏,36.83,38.0,36.67,38.0,38.04,-1.21,-3.1809,1.2155,777433,28727622.0,4532187468.5,2355646800.0
2017-04-21,'603021,山东华鹏,38.04,38.49,37.8,38.19,38.19,-0.15,-0.3928,0.7961,509206,19389364.0,4681086378.0,2433038400.0
2017-04-20,'603021,山东华鹏,38.19,38.48,38.01,38.37,38.13,0.06,0.1574,1.1114,710821,27154614.0,4699544920.5,2442632400.0
2017-04-19,'603021,山东华鹏,38.13,38.24,37.48,37.92,37.89,0.24,0.6334,1.0627,679689,25751376.0,4692161503.5,2438794800.0
2017-04-18,'603021,山东华鹏,37.89,38.8,37.81,38.21,38.18,-0.29,-0.7596,1.4738,942666,36127161.0,4662627835.5,2423444400.0
2017-04-17,'603021,山东华鹏,38.18,39.01,38.08,38.82,39.06,-0.88,-2.2529,1.8512,1184054,45486912.0,4698314351.0,2441992800.0
2017-04-14,'603021,山东华鹏,39.06,39.87,38.86,39.05,39.15,-0.09,-0.2299,1.6339,1045065,41036950.0,4806604467.0,2498277600.0
2017-04-13,'603021,山东华鹏,39.15,39.47,39.0,39.0,39.09,0.06,0.1535,1.0231,654404,25658871.0,4817679592.5,2504034000.0
2017-04-12,'603021,山东华鹏,39.09,39.8,38.7,38.8,39.42,-0.33,-0.8371,1.2736,814615,32053375.0,4810296175.5,2500196400.0
2017-04-11,'603021,山东华鹏,39.42,39.51,38.48,38.48,38.97,0.45,1.1547,2.4225,1549422,60734413.0,4850904969.0,2521303200.0
2017-04-10,'603021,山东华鹏,38.97,40.9,38.9,40.9,41.54,-2.57,-6.1868,4.637,2965854,116523400.0,4795529341.5,2492521200.0
2017-04-07,'603021,山东华鹏,41.54,43.94,41.45,43.94,43.54,-2.0,-4.5935,5.6213,3595383,152002533.0,5111785703.0,2656898400.0
2017-04-06,'603021,山东华鹏,43.54,43.59,42.92,43.09,43.2,0.34,0.787,1.9867,1270722,54977339.0,5357899603.0,2784818400.0
2017-04-05,'603021,山东华鹏,43.2,43.33,42.08,42.6,42.46,0.74,1.7428,1.8392,1176363,50486992.0,5316060240.0,2763072000.0
2017-03-31,'603021,山东华鹏,42.46,42.77,41.82,42.13,41.94,0.52,1.2399,2.2272,1424493,60059280.0,5224998097.0,2715741600.0
2017-03-30,'603021,山东华鹏,41.94,44.71,41.31,44.5,44.5,-2.56,-5.7528,5.0748,3245845,138175915.0,5161008483.0,2682482400.0
2017-03-29,'603021,山东华鹏,44.5,46.24,44.41,46.2,46.02,-1.52,-3.3029,2.5514,1631900,74093731.0,5476034275.0,2846220000.0
2017-03-28,'603021,山东华鹏,46.02,46.65,46.0,46.33,46.23,-0.21,-0.4543,1.8557,1186886,54899927.0,5663080839.0,2943439200.0
2017-03-27,'603021,山东华鹏,46.23,47.18,46.19,47.18,47.16,-0.93,-1.972,2.7326,1747756,81185808.0,5688922798.5,2956870800.0
2017-03-24,'603021,山东华鹏,47.16,47.9,46.9,47.68,47.69,-0.53,-1.1113,2.9843,1908783,90053619.0,5803365762.0,3016353600.0
2017-03-23,'603021,山东华鹏,47.69,47.94,46.7,47.46,47.42,0.27,0.5694,3.6301,2321814,110189542.0,5868585945.5,3050252400.0
2017-03-22,'603021,山东华鹏,47.42,47.76,46.83,47.58,47.86,-0.44,-0.9193,2.9277,1872530,88519958.0,5835360569.0,3032983200.0
2017-03-21,'603021,山东华鹏,47.86,48.29,47.23,47.82,47.62,0.24,0.504,3.1232,1997605,95143962.0,5889505627.0,3061125600.0
2017-03-20,'603021,山东华鹏,47.62,48.0,46.81,46.81,46.92,0.7,1.4919,5.4731,3500602,166140910.0,5859971959.0,3045775200.0
2017-03-17,'603021,山东华鹏,46.92,48.0,46.4,46.74,46.74,0.18,0.3851,5.8583,3746992,176840237.0,5773832094.0,3001003200.0
2017-03-16,'603021,山东华鹏,46.74,46.97,46.0,46.2,45.78,0.96,2.097,3.5722,2284770,106174045.0,5751681843.0,2989490400.0
2017-03-15,'603021,山东华鹏,45.78,46.32,45.61,46.21,46.38,-0.6,-1.2937,2.6881,1719297,78832985.0,5633547171.0,2928088800.0
2017-03-14,'603021,山东华鹏,46.38,47.4,46.11,46.47,46.42,-0.04,-0.0862,4.5466,2907993,135833592.0,5707381341.0,2966464800.0
2017-03-13,'603021,山东华鹏,46.42,46.7,45.81,46.49,46.77,-0.35,-0.7483,4.6908,3000225,138704894.0,5712303619.0,2969023200.0
2017-03-10,'603021,山东华鹏,46.77,47.5,45.02,45.26,45.28,1.49,3.2906,7.8518,5022006,233105699.0,5755373551.5,2991409200.0
2017-03-09,'603021,山东华鹏,45.28,45.66,44.97,45.09,45.08,0.2,0.4437,3.4845,2228685,100880675.0,5572018696.0,2896108800.0
2017-03-08,'603021,山东华鹏,45.08,45.42,44.9,45.05,45.08,0.0,0.0,2.2642,1448204,65434796.0,5547407306.0,2883316800.0
2017-03-07,'603021,山东华鹏,45.08,45.3,44.8,45.1,45.15,-0.07,-0.155,1.8344,1173299,52803296.0,5547407306.0,2883316800.0
2017-03-06,'603021,山东华鹏,45.15,45.34,44.67,44.7,44.7,0.45,1.0067,2.2597,1445305,65146637.0,5556021292.5,2887794000.0
2017-03-03,'603021,山东华鹏,44.7,44.89,43.72,43.96,44.1,0.6,1.3605,2.6864,1718252,76595362.0,5500645665.0,2859012000.0
2017-03-02,'603021,山东华鹏,44.1,45.6,44.0,45.6,45.62,-1.52,-3.3319,4.9046,3137003,139717626.0,5426811495.0,2820636000.0
2017-03-01,'603021,山东华鹏,45.62,45.91,45.0,45.2,45.18,0.44,0.9739,4.5793,2928890,133465238.0,5613858059.0,2917855200.0
2017-02-28,'603021,山东华鹏,45.18,45.36,44.95,45.16,45.0,0.18,0.4,1.5248,975274,44030754.0,5559713001.0,2889712800.0
2017-02-27,'603021,山东华鹏,45.0,45.7,44.75,45.7,45.53,-0.53,-1.1641,2.1372,1366944,61645213.0,5537562750.0,2878200000.0
2017-02-24,'603021,山东华鹏,45.53,45.71,44.8,45.36,45.59,-0.06,-0.1316,3.7113,2373750,107553254.0,5602782933.5,2912098800.0
2017-02-23,'603021,山东华鹏,45.59,46.1,45.12,45.62,45.42,0.17,0.3743,5.005,3201193,146264102.0,5610166350.5,2915936400.0
2017-02-22,'603021,山东华鹏,45.42,46.36,45.13,45.48,45.48,-0.06,-0.1319,2.3522,1504469,68740561.0,5589246669.0,2905063200.0
2017-02-21,'603021,山东华鹏,45.48,45.77,43.45,44.1,44.12,1.36,3.0825,2.5691,1643170,74252199.0,5596630086.0,2908900800.0
2017-02-20,'603021,山东华鹏,44.12,44.56,43.8,44.39,44.35,-0.23,-0.5186,1.4594,933428,41138827.0,5429272634.0,2821915200.0
2017-02-17,'603021,山东华鹏,44.35,45.89,44.2,45.47,45.68,-1.33,-2.9116,1.9071,1219804,54726716.0,5457575732.5,2836626000.0
2017-02-16,'603021,山东华鹏,45.68,45.75,45.36,45.43,45.45,0.23,0.5061,1.6077,1028280,46809669.0,5621241476.0,2921692800.0
2017-02-15,'603021,山东华鹏,45.45,46.15,45.2,45.61,45.84,-0.39,-0.8508,3.2423,2073773,95011279.0,5592938377.5,2906982000.0
2017-02-14,'603021,山东华鹏,45.84,46.29,45.5,45.7,45.7,0.14,0.3063,2.659,1700720,78187360.0,5640930588.0,2931926400.0
2017-02-13,'603021,山东华鹏,45.7,46.35,44.8,45.07,44.84,0.86,1.9179,4.0774,2607900,119350390.0,5623702615.0,2922972000.0
2017-02-10,'603021,山东华鹏,44.84,45.5,44.57,45.4,45.39,-0.55,-1.2117,2.3727,1517600,68082856.0,5517873638.0,2867966400.0
2017-02-09,'603021,山东华鹏,45.39,46.6,43.72,43.89,43.85,1.54,3.512,6.0742,3885032,175922077.0,5585554960.5,2903144400.0
2017-02-08,'603021,山东华鹏,43.85,43.88,43.07,43.68,43.72,0.13,0.2973,1.7054,1090800,47416984.0,5396047257.5,2804646000.0
2017-02-07,'603021,山东华鹏,43.72,44.26,43.5,44.18,44.28,-0.56,-1.2647,1.7153,1097118,48066036.0,5380049854.0,2796331200.0
2017-02-06,'603021,山东华鹏,44.28,44.47,43.18,43.7,43.78,0.5,1.1421,2.1941,1403347,61597611.0,5448961746.0,2832148800.0
2017-02-03,'603021,山东华鹏,43.78,44.8,43.7,44.24,43.87,-0.09,-0.2052,1.515,968984,42733462.0,5387433271.0,2800168800.0
2017-01-26,'603021,山东华鹏,43.87,44.17,43.61,43.8,44.1,-0.23,-0.5215,2.1709,1388519,60902752.0,5398508396.5,2805925200.0
2017-01-25,'603021,山东华鹏,44.1,44.48,42.5,42.8,42.89,1.21,2.8212,3.589,2295519,100484803.0,5426811495.0,2820636000.0
2017-01-24,'603021,山东华鹏,42.89,43.8,42.77,42.9,42.9,-0.01,-0.0233,1.8265,1168225,50393425.0,5277912585.5,2743244400.0
2017-01-23,'603021,山东华鹏,42.9,43.42,42.67,42.89,42.66,0.24,0.5626,2.2092,1413025,60727911.0,5279143155.0,2743884000.0
2017-01-20,'603021,山东华鹏,42.66,42.98,41.55,41.71,41.99,0.67,1.5956,2.476,1583660,67444304.0,5249609487.0,2728533600.0
2017-01-19,'603021,山东华鹏,41.99,42.98,40.65,41.8,41.96,0.03,0.0715,2.2238,1422367,60043884.0,5167161330.5,2685680400.0
2017-01-18,'603021,山东华鹏,41.96,42.9,41.76,42.9,43.06,-1.1,-2.5546,1.7586,1124800,47475735.0,5163469622.0,2683761600.0
2017-01-17,'603021,山东华鹏,43.06,43.14,40.44,41.68,41.73,1.33,3.1872,3.7897,2423861,102065874.0,5298832267.0,2754117600.0
2017-01-16,'603021,山东华鹏,41.73,45.7,41.16,45.2,45.73,-4.0,-8.747,3.9979,2557060,110068917.0,5135166523.5,2669050800.0
2017-01-13,'603021,山东华鹏,45.73,47.34,45.36,47.05,47.02,-1.29,-2.7435,3.4002,2174781,100083527.0,5627394323.5,2924890800.0
2017-01-12,'603021,山东华鹏,47.02,47.96,46.95,47.25,46.9,0.12,0.2559,2.457,1571482,74494400.0,5786137789.0,3007399200.0
2017-01-11,'603021,山东华鹏,46.9,47.88,46.86,47.4,47.76,-0.86,-1.8007,2.4545,1569900,74401799.0,5771370955.0,2999724000.0
2017-01-10,'603021,山东华鹏,47.76,47.89,46.86,46.86,46.84,0.92,1.9641,3.3333,2131997,100760377.0,5877199932.0,3054729600.0
2017-01-09,'603021,山东华鹏,46.84,48.35,46.5,47.28,47.55,-0.71,-1.4932,5.9412,3799987,180637000.0,5763987538.0,2995886400.0
2017-01-06,'603021,山东华鹏,47.55,50.27,47.3,49.92,50.08,-2.53,-5.0519,6.4862,4148551,201898537.0,5851357972.5,3041298000.0
2017-01-05,'603021,山东华鹏,50.08,52.15,50.06,52.15,51.73,-1.65,-3.1896,5.2368,3349465,170117804.0,6162692056.0,3203116800.0
2017-01-04,'603021,山东华鹏,51.73,52.36,50.5,51.1,50.79,0.94,1.8508,5.3821,3442419,177227549.0,6365736023.5,3308650800.0
2017-01-03,'603021,山东华鹏,50.79,50.96,50.36,50.45,50.25,0.54,1.0746,2.3801,1522300,77078133.0,6250062490.5,3248528400.0
2016-12-30,'603021,山东华鹏,50.25,50.9,49.9,50.49,50.49,-0.24,-0.4753,3.1774,2032260,102165441.0,6183611737.5,3213990000.0
2016-12-29,'603021,山东华鹏,50.49,52.88,50.41,52.51,52.94,-2.45,-4.6279,7.0045,4480056,229862090.0,6213145405.5,3229340400.0
2016-12-28,'603021,山东华鹏,52.94,53.58,52.03,52.23,52.61,0.33,0.6273,7.1118,4548726,240788657.0,6514634933.0,3386042400.0
2016-12-27,'603021,山东华鹏,52.61,52.96,51.51,51.89,51.84,0.77,1.4853,7.9562,5088785,266507472.0,6474026139.5,3364935600.0
2016-12-26,'603021,山东华鹏,51.84,52.18,50.7,51.49,52.14,-0.3,-0.5754,6.9741,4460634,229734558.0,6379272288.0,3315686400.0
2016-12-23,'603021,山东华鹏,52.14,53.67,49.99,50.01,50.24,1.9,3.7818,10.6277,6797448,349959358.0,6416189373.0,3334874400.0
2016-12-22,'603021,山东华鹏,50.24,50.78,49.31,50.0,49.95,0.29,0.5806,4.4998,2878100,144301503.0,6182381168.0,3213350400.0
2016-12-21,'603021,山东华鹏,49.95,51.04,49.07,50.5,50.32,-0.37,-0.7353,5.8006,3710065,184736700.0,6146694652.5,3194802000.0
2016-12-20,'603021,山东华鹏,50.32,51.9,49.8,51.9,51.84,-1.52,-2.9321,5.6676,3624984,183433102.0,6192225724.0,3218467200.0
2016-12-19,'603021,山东华鹏,51.84,52.3,50.8,51.29,51.59,0.25,0.4846,5.8746,3757365,193981580.0,6379272288.0,3315686400.0
2016-12-16,'603021,山东华鹏,51.59,52.6,50.11,50.11,49.99,1.6,3.2006,9.5435,6104023,315604515.0,6348508050.5,3299696400.0
2016-12-15,'603021,山东华鹏,49.99,51.0,48.89,49.0,49.46,0.53,1.0716,6.3938,4089482,205109964.0,6151616930.5,3197360400.0
2016-12-14,'603021,山东华鹏,49.46,51.5,49.15,49.88,50.43,-0.97,-1.9235,6.9858,4468133,224106422.0,6086396747.0,3163461600.0
2016-12-13,'603021,山东华鹏,50.43,50.75,48.21,48.8,49.42,1.01,2.0437,6.8185,4361128,216499653.0,6205761988.5,3225502800.0
2016-12-12,'603021,山东华鹏,49.42,54.3,49.01,53.9,53.81,-4.39,-8.1583,10.0717,6441858,331360118.0,6081474469.0,3160903200.0
2016-12-09,'603021,山东华鹏,53.81,54.88,53.18,53.6,53.79,0.02,0.0372,8.6528,5534306,299252776.0,6621694479.5,3441687600.0
2016-12-08,'603021,山东华鹏,53.79,56.95,52.29,56.7,57.25,-3.46,-6.0437,15.5242,9929310,542066228.0,6619233340.5,3440408400.0
2016-12-07,'603021,山东华鹏,57.25,57.93,55.05,55.05,54.82,2.43,4.4327,15.9175,10180855,576963577.0,7045010387.5,3661710000.0
2016-12-06,'603021,山东华鹏,54.82,55.98,54.72,55.6,55.62,-0.8,-1.4383,6.0574,3874330,214226646.0,6745981999.0,3506287200.0
2016-12-05,'603021,山东华鹏,55.62,56.72,54.11,54.11,55.07,0.55,0.9987,7.9401,5078504,283153427.0,6844427559.0,3557455200.0
2016-12-02,'603021,山东华鹏,55.07,57.99,55.0,57.01,59.31,-4.24,-7.1489,16.0155,10243512,579938548.0,6776746236.5,3522277200.0
2016-12-01,'603021,山东华鹏,59.31,63.63,58.98,60.25,60.29,-0.98,-1.6255,19.5421,12499145,768715155.0,7298507704.5,3793467600.0
2016-11-30,'603021,山东华鹏,60.29,62.38,59.31,61.4,61.43,-1.14,-1.8558,16.0369,10257202,620358831.0,7419103515.5,3856148400.0
2016-11-29,'603021,山东华鹏,61.43,64.3,59.7,63.11,65.07,-3.64,-5.594,24.3215,15556051,967302171.0,7559388438.5,3929062800.0
2016-11-28,'603021,山东华鹏,65.07,67.79,61.98,62.33,61.63,3.44,5.5817,34.7543,22228826,1462466149.0,8007315736.5,4161877200.0
2016-11-25,'603021,山东华鹏,61.63,66.1,59.24,59.29,60.09,1.54,2.5628,31.2227,19970027,1273143735.0,7583999828.5,3941854800.0
2016-11-24,'603021,山东华鹏,60.09,61.88,59.0,61.88,62.66,-2.57,-4.1015,21.7131,13887717,834885940.0,7394492125.5,3843356400.0
2016-11-23,'603021,山东华鹏,62.66,62.66,62.31,62.66,56.96,5.7,10.007,8.2239,5260030,329580576.0,7710748487.0,4007733600.0
2016-11-22,'603021,山东华鹏,0.0,0.0,0.0,0.0,56.96,None,None,0.0,0,0.0,7009323872.0,3643161600.0
2016-11-21,'603021,山东华鹏,0.0,0.0,0.0,0.0,56.96,None,None,0.0,0,0.0,7009323872.0,3643161600.0
2016-11-18,'603021,山东华鹏,0.0,0.0,0.0,0.0,56.96,None,None,0.0,0,0.0,7009323872.0,3643161600.0
2016-11-17,'603021,山东华鹏,56.96,57.63,56.22,57.41,57.6,-0.64,-1.1111,2.9523,1888308,107529819.0,7009323872.0,3643161600.0
2016-11-16,'603021,山东华鹏,57.6,58.0,54.57,54.95,54.88,2.72,4.9563,5.9523,3807099,216608450.0,7088080320.0,3684096000.0
2016-11-15,'603021,山东华鹏,54.88,55.29,54.2,54.75,55.37,-0.49,-0.885,3.836,2453499,133986431.0,6753365416.0,3510124800.0
2016-11-14,'603021,山东华鹏,55.37,56.9,54.55,55.32,55.32,0.05,0.0904,5.0257,3214415,180268411.0,6813663321.5,3541465200.0
2016-11-11,'603021,山东华鹏,55.32,57.07,52.12,52.4,52.3,3.02,5.7744,6.6733,4268271,232783150.0,6807510474.0,3538267200.0
2016-11-10,'603021,山东华鹏,52.3,52.45,50.73,50.73,50.69,1.61,3.1762,3.9185,2506279,130090169.0,6435878485.0,3345108000.0
2016-11-09,'603021,山东华鹏,50.69,51.5,49.72,50.91,51.13,-0.44,-0.8606,3.6078,2307527,116683346.0,6237756795.5,3242132400.0
2016-11-08,'603021,山东华鹏,51.13,52.65,50.81,51.75,51.27,-0.14,-0.2731,4.5592,2916089,150606870.0,6291901853.5,3270274800.0
2016-11-07,'603021,山东华鹏,51.27,51.81,49.9,49.9,49.68,1.59,3.2005,5.8139,3718600,190553483.0,6309129826.5,3279229200.0
2016-11-04,'603021,山东华鹏,49.68,50.3,49.55,50.3,50.47,-0.79,-1.5653,2.8791,1841472,91911242.0,6113469276.0,3177532800.0
2016-11-03,'603021,山东华鹏,50.47,50.7,49.3,49.95,50.0,0.47,0.94,3.0321,1939321,96952150.0,6210684266.5,3228061200.0
2016-11-02,'603021,山东华鹏,50.0,50.85,49.86,50.62,50.84,-0.84,-1.6522,4.3392,2775353,139332570.0,6152847500.0,3198000000.0
2016-11-01,'603021,山东华鹏,50.84,51.0,49.4,49.45,49.38,1.46,2.9567,4.728,3024007,152746707.0,6256215338.0,3251726400.0
2016-10-31,'603021,山东华鹏,49.38,50.07,49.18,50.0,50.32,-0.94,-1.868,2.9312,1874765,92692298.0,6076552191.0,3158344800.0
2016-10-28,'603021,山东华鹏,50.32,50.63,48.71,49.8,49.63,0.69,1.3903,3.4591,2212430,110290000.0,6192225724.0,3218467200.0
2016-10-27,'603021,山东华鹏,49.63,49.88,48.8,49.61,49.63,0.0,0.0,2.5,1599019,79183632.0,6107316428.5,3174334800.0
2016-10-26,'603021,山东华鹏,49.63,50.01,49.08,49.3,49.3,0.33,0.6694,2.6204,1676000,83400470.0,6107316428.5,3174334800.0
2016-10-25,'603021,山东华鹏,49.3,50.09,48.55,48.55,48.89,0.41,0.8386,1.8827,1204172,59677711.0,6066707635.0,3153228000.0
2016-10-24,'603021,山东华鹏,48.89,49.15,48.0,48.6,48.98,-0.09,-0.1837,1.8854,1205899,58698625.0,6016254285.5,3127004400.0
2016-10-21,'603021,山东华鹏,48.98,49.65,47.65,47.65,47.73,1.25,2.6189,3.2154,2056577,100566009.0,6027329411.0,3132760800.0
2016-10-20,'603021,山东华鹏,47.73,48.35,47.58,47.99,47.84,-0.11,-0.2299,1.006,643407,30858774.0,5873508223.5,3052810800.0
2016-10-19,'603021,山东华鹏,47.84,48.5,47.6,48.1,48.29,-0.45,-0.9319,1.291,825695,39616152.0,5887044488.0,3059846400.0
2016-10-18,'603021,山东华鹏,48.29,48.49,47.12,47.12,47.75,0.54,1.1309,1.364,872400,41926605.0,5942420115.5,3088628400.0
2016-10-17,'603021,山东华鹏,47.75,49.5,47.0,49.36,48.99,-1.24,-2.5311,2.5441,1627189,78101586.0,5875969362.5,3054090000.0
2016-10-14,'603021,山东华鹏,48.99,49.28,48.03,48.03,48.37,0.62,1.2818,2.3826,1523932,74275075.0,6028559980.5,3133400400.0
2016-10-13,'603021,山东华鹏,48.37,49.65,48.0,49.0,49.03,-0.66,-1.3461,2.4064,1539134,74665544.0,5952264671.5,3093745200.0
2016-10-12,'603021,山东华鹏,49.03,49.13,47.5,47.5,47.99,1.04,2.1671,3.0555,1954266,95487313.0,6033482258.5,3135958800.0
2016-10-11,'603021,山东华鹏,47.99,48.63,47.0,48.0,47.99,0.0,0.0,2.9217,1868738,89437198.0,5905503030.5,3069440400.0
2016-10-10,'603021,山东华鹏,47.99,48.05,44.91,45.15,44.63,3.36,7.5286,4.1631,2662726,124080146.0,5905503030.5,3069440400.0
2016-09-30,'603021,山东华鹏,44.63,44.86,44.0,44.0,44.38,0.25,0.5633,0.702,448985,20047229.0,5492031678.5,2854534800.0
2016-09-29,'603021,山东华鹏,44.38,45.45,44.3,44.84,44.84,-0.46,-1.0259,0.8879,567896,25444729.0,5461267441.0,2838544800.0
2016-09-28,'603021,山东华鹏,44.84,45.65,44.7,45.45,45.45,-0.61,-1.3421,0.9939,635669,28615094.0,5517873638.0,2867966400.0
2016-09-27,'603021,山东华鹏,45.45,45.89,44.7,45.19,45.99,-0.54,-1.1742,0.9986,638686,28874621.0,5592938377.5,2906982000.0
2016-09-26,'603021,山东华鹏,45.99,46.8,45.97,46.5,46.45,-0.46,-0.9903,0.8992,575110,26633359.0,5659389130.5,2941520400.0
2016-09-23,'603021,山东华鹏,46.45,47.0,46.0,46.0,46.82,-0.37,-0.7903,0.7859,502645,23358078.0,5715995327.5,2970942000.0
2016-09-22,'603021,山东华鹏,46.82,47.2,46.17,46.17,46.09,0.73,1.5839,2.8434,1818633,85259425.0,5761526399.0,2994607200.0
2016-09-21,'603021,山东华鹏,46.09,47.0,46.02,47.0,46.48,-0.39,-0.8391,0.8604,550281,25552552.0,5671694825.5,2947916400.0
2016-09-20,'603021,山东华鹏,46.48,46.59,45.5,46.59,46.0,0.48,1.0435,2.091,1337434,61840386.0,5719687036.0,2972860800.0
2016-09-19,'603021,山东华鹏,46.0,46.0,44.8,45.0,45.16,0.84,1.8601,1.8733,1198155,54435676.0,5660619700.0,2942160000.0
2016-09-14,'603021,山东华鹏,45.16,45.98,44.39,44.8,44.36,0.8,1.8034,2.4131,1543395,70266336.0,5557251862.0,2888433600.0
2016-09-13,'603021,山东华鹏,44.36,44.43,43.0,43.69,43.5,0.86,1.977,1.3039,833956,36382208.0,5458806302.0,2837265600.0
2016-09-12,'603021,山东华鹏,43.5,44.44,42.5,44.44,44.71,-1.21,-2.7063,1.8998,1215089,52978572.0,5352977325.0,2782260000.0
2016-09-09,'603021,山东华鹏,44.71,45.5,44.5,45.49,45.5,-0.79,-1.7363,2.5416,1625608,72821548.0,5501876234.5,2859651600.0
2016-09-08,'603021,山东华鹏,45.5,45.52,45.0,45.48,44.91,0.59,1.3137,1.4016,896479,40651966.0,5599091225.0,2910180000.0
2016-09-07,'603021,山东华鹏,44.91,45.5,44.52,45.17,45.16,-0.25,-0.5536,1.0872,695401,31244223.0,5526487624.5,2872443600.0
2016-09-06,'603021,山东华鹏,45.16,45.48,44.32,45.28,44.67,0.49,1.0969,1.013,647887,28981611.0,5557251862.0,2888433600.0
2016-09-05,'603021,山东华鹏,44.67,45.5,44.55,45.17,45.16,-0.49,-1.085,1.7654,1129146,50744517.0,5496953956.5,2857093200.0
2016-09-02,'603021,山东华鹏,45.16,45.62,44.66,45.62,45.36,-0.2,-0.4409,1.0823,692241,31256439.0,5557251862.0,2888433600.0
2016-09-01,'603021,山东华鹏,45.36,45.8,45.1,45.8,45.6,-0.24,-0.5263,0.8961,573120,26022789.0,5581863252.0,2901225600.0
2016-08-31,'603021,山东华鹏,45.6,46.0,45.4,45.59,45.59,0.01,0.0219,1.7327,1108221,50582389.0,5611396920.0,2916576000.0
2016-08-30,'603021,山东华鹏,45.59,45.95,45.46,45.5,45.5,0.09,0.1978,1.3232,846312,38739954.0,5610166350.5,2915936400.0
2016-08-29,'603021,山东华鹏,45.5,45.79,45.2,45.2,45.58,-0.08,-0.1755,1.2903,825300,37567545.0,5599091225.0,2910180000.0
2016-08-26,'603021,山东华鹏,45.58,46.6,45.2,45.95,46.17,-0.59,-1.2779,2.562,1638640,74869426.0,5608935781.0,2915296800.0
2016-08-25,'603021,山东华鹏,46.17,47.59,45.0,45.5,49.12,-2.95,-6.0057,5.4379,3478066,159474232.0,5681539381.5,2953033200.0
2016-08-24,'603021,山东华鹏,49.12,49.18,46.77,48.4,48.49,0.63,1.2992,5.1771,3311303,158380657.0,6044557384.0,3141715200.0
2016-08-23,'603021,山东华鹏,48.49,50.99,47.0,47.0,46.42,2.07,4.4593,4.0747,2606189,127416769.0,5967031505.5,3101420400.0
2016-08-22,'603021,山东华鹏,46.42,46.89,46.05,46.5,46.54,-0.12,-0.2578,1.9905,1273135,59210411.0,5712303619.0,2969023200.0
2016-08-19,'603021,山东华鹏,46.54,46.59,45.2,45.25,45.05,1.49,3.3074,2.3221,1485197,68268636.0,5727070453.0,2976698400.0
2016-08-18,'603021,山东华鹏,45.05,45.98,45.02,45.98,46.1,-1.05,-2.2777,1.9264,1232124,55823859.0,5543715597.5,2881398000.0
2016-08-17,'603021,山东华鹏,46.1,46.65,45.25,46.65,46.62,-0.52,-1.1154,2.3526,1504746,68796848.0,5672925395.0,2948556000.0
2016-08-16,'603021,山东华鹏,46.62,46.89,46.39,46.89,46.39,0.23,0.4958,1.4567,931724,43475392.0,5736915009.0,2981815200.0
2016-08-15,'603021,山东华鹏,46.39,46.74,45.31,45.77,45.76,0.63,1.3767,1.3305,850996,39409065.0,5708611910.5,2967104400.0
2016-08-12,'603021,山东华鹏,45.76,46.18,45.0,45.69,45.47,0.29,0.6378,0.6869,439370,20008354.0,5631086032.0,2926809600.0
2016-08-11,'603021,山东华鹏,45.47,45.99,45.29,45.71,45.61,-0.14,-0.307,0.6589,421416,19200255.0,5595399516.5,2908261200.0
2016-08-10,'603021,山东华鹏,45.61,47.4,45.55,47.4,46.7,-1.09,-2.334,1.5488,990639,45772534.0,5612627489.5,2917215600.0
2016-08-09,'603021,山东华鹏,46.7,47.48,46.05,46.05,46.59,0.11,0.2361,1.2142,776609,36337780.0,5746759565.0,2986932000.0
2016-08-08,'603021,山东华鹏,46.59,46.99,46.0,46.45,46.51,0.08,0.172,1.0717,685442,31890976.0,5733223300.5,2979896400.0
2016-08-05,'603021,山东华鹏,46.51,46.6,44.2,44.5,44.49,2.02,4.5403,2.3413,1497513,68400608.0,5723378744.5,2974779600.0
2016-08-04,'603021,山东华鹏,44.49,44.85,43.8,44.8,44.54,-0.05,-0.1123,1.1953,764500,33796720.0,5474803705.5,2845580400.0
2016-08-03,'603021,山东华鹏,44.54,45.1,44.2,44.95,44.54,0.0,0.0,0.9738,622836,27791959.0,5480956553.0,2848778400.0
2016-08-02,'603021,山东华鹏,44.54,44.8,44.15,44.8,44.5,0.04,0.0899,1.0946,700089,31157030.0,5480956553.0,2848778400.0
2016-08-01,'603021,山东华鹏,44.5,46.22,43.89,46.22,45.88,-1.38,-3.0078,1.7805,1138791,50659570.0,5476034275.0,2846220000.0
2016-07-29,'603021,山东华鹏,45.88,47.47,45.21,47.16,47.03,-1.15,-2.4452,2.329,1489650,68577487.0,5645852866.0,2934484800.0
2016-07-28,'603021,山东华鹏,47.03,48.1,46.04,47.0,47.63,-0.6,-1.2597,2.3882,1527465,71561227.0,5787368358.5,3008038800.0
2016-07-27,'603021,山东华鹏,47.63,48.42,45.12,47.5,48.42,-0.79,-1.6316,4.0157,2568438,121287700.0,5861202528.5,3046414800.0
2016-07-26,'603021,山东华鹏,48.42,48.46,47.68,47.68,47.68,0.74,1.552,2.5941,1659211,80148332.0,5958417519.0,3096943200.0
2016-07-25,'603021,山东华鹏,47.68,48.75,46.52,46.52,47.2,0.48,1.0169,4.0164,2568878,122796030.0,5867355376.0,3049612800.0
2016-07-22,'603021,山东华鹏,47.2,47.8,46.95,47.8,47.33,-0.13,-0.2747,1.1405,729453,34457497.0,5808288040.0,3018912000.0
2016-07-21,'603021,山东华鹏,47.33,47.97,47.2,47.55,47.61,-0.28,-0.5881,1.3641,872493,41489223.0,5824285443.5,3027226800.0
2016-07-20,'603021,山东华鹏,47.61,47.92,46.2,47.14,46.2,1.41,3.0519,3.0938,1978785,93942573.0,5858741389.5,3045135600.0
2016-07-19,'603021,山东华鹏,46.2,47.08,45.75,47.0,46.4,-0.2,-0.431,2.1295,1362027,62827671.0,5685231090.0,2954952000.0
2016-07-18,'603021,山东华鹏,46.4,48.6,45.67,48.38,47.89,-1.49,-3.1113,3.976,2543077,118042236.0,5709842480.0,2967744000.0
2016-07-15,'603021,山东华鹏,47.89,48.9,47.2,47.77,47.65,0.24,0.5037,3.2252,2062867,99130206.0,5893197335.5,3063044400.0
2016-07-14,'603021,山东华鹏,47.65,48.25,47.2,48.0,47.98,-0.33,-0.6878,1.9578,1252180,59702170.0,5863663667.5,3047694000.0
2016-07-13,'603021,山东华鹏,47.98,49.2,47.68,48.8,49.21,-1.23,-2.4995,3.5226,2253080,108404693.0,5904272461.0,3068800800.0
2016-07-12,'603021,山东华鹏,49.21,49.97,46.11,49.97,49.15,0.06,0.1221,6.0641,3878611,185553628.0,6055632509.5,3147471600.0
2016-07-11,'603021,山东华鹏,49.15,51.5,48.6,49.6,49.53,-0.38,-0.7672,6.6387,4246119,213650142.0,6048249092.5,3143634000.0
2016-07-08,'603021,山东华鹏,49.53,50.98,47.2,47.5,47.34,2.19,4.6261,7.0823,4529839,222756416.0,6095010733.5,3167938800.0
2016-07-07,'603021,山东华鹏,47.34,47.48,44.4,44.7,44.89,2.45,5.4578,5.8879,3765924,173019844.0,5825516013.0,3027866400.0
2016-07-06,'603021,山东华鹏,44.89,45.5,44.2,44.52,44.13,0.76,1.7222,3.2851,2101118,94736077.0,5524026485.5,2871164400.0
2016-07-05,'603021,山东华鹏,44.13,45.07,43.82,43.94,44.29,-0.16,-0.3613,4.0259,2574954,114505293.0,5430503203.5,2822554800.0
2016-07-04,'603021,山东华鹏,44.29,44.9,42.69,43.66,44.63,-0.34,-0.7618,7.151,4573798,200743840.0,5450192315.5,2832788400.0
2016-07-01,'603021,山东华鹏,44.63,47.0,44.5,45.2,45.3,-0.67,-1.479,4.2368,2709877,123060823.0,4704002000.0,2854534800.0
2016-06-30,'603021,山东华鹏,45.3,45.77,44.38,44.9,44.49,0.81,1.8206,6.4705,4138502,186273820.0,4774620000.0,2897388000.0
2016-06-29,'603021,山东华鹏,44.49,45.94,43.99,45.0,45.28,-0.79,-1.7447,5.4956,3514958,157560376.0,4689246000.0,2845580400.0
2016-06-28,'603021,山东华鹏,45.28,46.0,42.24,42.41,42.23,3.05,7.2224,13.1563,8414772,373211848.0,4772512000.0,2896108800.0
2016-06-27,'603021,山东华鹏,42.23,42.85,39.51,39.65,39.92,2.31,5.7866,7.1303,4560548,189394610.0,4451042000.0,2701030800.0
2016-06-24,'603021,山东华鹏,39.92,40.8,38.05,38.6,38.76,1.16,2.9928,7.7836,4978399,197921553.0,4207568000.0,2553283200.0
2016-06-23,'603021,山东华鹏,38.76,40.04,38.75,39.96,40.04,-1.28,-3.1968,6.0495,3869240,151574761.0,4085304000.0,2479089600.0
2016-06-22,'603021,山东华鹏,40.04,40.49,38.17,39.31,39.37,0.67,1.7018,5.0049,3201150,127562790.0,4220216000.0,2560958400.0
2016-06-21,'603021,山东华鹏,39.37,40.6,38.86,40.58,40.63,-1.26,-3.1012,8.9397,5717844,225957650.0,4149598000.0,2518105200.0
2016-06-20,'603021,山东华鹏,40.63,41.1,37.25,37.25,37.4,3.23,8.6364,9.0775,5805994,228906001.0,4282402000.0,2598694800.0
2016-06-17,'603021,山东华鹏,37.4,38.33,36.82,37.0,36.7,0.7,1.9074,5.1041,3264571,122852022.0,3941960000.0,2392104000.0
2016-06-16,'603021,山东华鹏,36.7,38.25,36.62,37.21,37.21,-0.51,-1.3706,7.1425,4568367,170891095.0,3868180000.0,2347332000.0
2016-06-15,'603021,山东华鹏,37.21,37.58,35.71,35.99,36.59,0.62,1.6945,7.5171,4807958,177786978.0,3921934000.0,2379951600.0
2016-06-14,'603021,山东华鹏,36.59,36.7,33.44,33.44,33.63,2.96,8.8017,5.2246,3341632,118699023.0,3856586000.0,2340296400.0
2016-06-13,'603021,山东华鹏,33.63,35.34,33.21,35.34,35.55,-1.92,-5.4008,2.8894,1848078,63828900.0,3544602000.0,2150974800.0
2016-06-08,'603021,山东华鹏,35.55,36.04,35.31,36.02,36.05,-0.5,-1.387,3.3611,2149753,76852232.0,3746970000.0,2273778000.0
2016-06-07,'603021,山东华鹏,36.05,36.1,35.0,35.88,35.51,0.54,1.5207,3.7801,2417721,86192679.0,3799670000.0,2305758000.0
2016-06-06,'603021,山东华鹏,35.51,35.75,34.65,35.15,34.91,0.6,1.7187,3.5104,2245223,79085653.0,3742754000.0,2271219600.0
2016-06-03,'603021,山东华鹏,34.91,35.28,34.4,34.76,34.71,0.2,0.5762,3.0656,1960783,68316768.0,3679514000.0,2232843600.0
2016-06-02,'603021,山东华鹏,34.71,34.75,34.13,34.32,34.4,0.31,0.9012,2.4515,1568007,54044124.0,3658434000.0,2220051600.0
2016-06-01,'603021,山东华鹏,34.4,34.7,34.11,34.11,34.4,0.0,0.0,2.2271,1424447,49097351.0,3625760000.0,2200224000.0
2016-05-31,'603021,山东华鹏,34.4,34.53,33.0,33.0,33.01,1.39,4.2108,2.4915,1593579,54087464.0,3625760000.0,2200224000.0
2016-05-30,'603021,山东华鹏,33.01,33.29,32.2,32.8,32.91,0.1,0.3039,1.6839,1077000,35570721.0,3479254000.0,2111319600.0
2016-05-27,'603021,山东华鹏,32.91,33.13,32.5,32.52,32.87,0.04,0.1217,1.3054,834902,27446841.0,3468714000.0,2104923600.0
2016-05-26,'603021,山东华鹏,32.87,33.0,31.72,32.62,32.82,0.05,0.1523,1.5602,997931,32192301.0,3464498000.0,2102365200.0
2016-05-25,'603021,山东华鹏,32.82,33.4,32.79,33.2,33.02,-0.2,-0.6057,1.8648,1192701,39354587.0,3459228000.0,2099167200.0
2016-05-24,'603021,山东华鹏,33.02,33.4,32.7,33.4,33.38,-0.36,-1.0785,1.3833,884750,29202208.0,3480308000.0,2111959200.0
2016-05-23,'603021,山东华鹏,33.38,33.41,32.6,32.88,32.67,0.71,2.1732,2.0426,1306432,43342450.0,3518252000.0,2134984800.0
2016-05-20,'603021,山东华鹏,32.67,32.7,31.99,31.99,32.47,0.2,0.616,1.1793,754300,24391246.0,3443418000.0,2089573200.0
2016-05-19,'603021,山东华鹏,32.47,32.91,32.36,32.39,32.22,0.25,0.7759,1.322,845531,27572340.0,3422338000.0,2076781200.0
2016-05-18,'603021,XD山东华,32.22,33.13,32.0,32.3,32.82,-0.6,-1.8282,2.303,1472990,47947418.0,3395988000.0,2060791200.0
2016-05-17,'603021,山东华鹏,33.02,33.44,32.5,33.3,33.39,-0.37,-1.1081,2.3974,1533372,50634741.0,3480308000.0,2111959200.0
2016-05-16,'603021,山东华鹏,33.39,33.4,32.25,32.75,32.81,0.58,1.7678,2.9201,1867701,61511445.0,3519306000.0,2135624400.0
2016-05-13,'603021,山东华鹏,32.81,33.59,32.51,33.01,33.35,-0.54,-1.6192,2.4571,1571549,51992811.0,3458174000.0,2098527600.0
2016-05-12,'603021,山东华鹏,33.35,34.31,32.93,34.0,34.84,-1.49,-4.2767,3.3913,2169056,72354506.0,3515090000.0,2133066000.0
2016-05-11,'603021,山东华鹏,34.84,36.15,34.8,36.0,35.73,-0.89,-2.4909,2.7932,1786520,63219605.0,3672136000.0,2228366400.0
2016-05-10,'603021,山东华鹏,35.73,35.91,35.32,35.34,35.64,0.09,0.2525,3.599,2301897,82162188.0,3765942000.0,2285290800.0
2016-05-09,'603021,山东华鹏,35.64,36.84,35.01,36.84,37.07,-1.43,-3.8576,3.6214,2316220,83049894.0,3756456000.0,2279534400.0
2016-05-06,'603021,山东华鹏,37.07,37.98,36.0,37.7,37.71,-0.64,-1.6972,7.7019,4926138,182325424.0,3907178000.0,2370997200.0
2016-05-05,'603021,山东华鹏,37.71,37.9,36.91,37.47,37.52,0.19,0.5064,6.2351,3987944,149493053.0,3974634000.0,2411931600.0
2016-05-04,'603021,山东华鹏,37.52,38.0,36.73,36.73,37.02,0.5,1.3506,4.5075,2882990,107543676.0,3954608000.0,2399779200.0
2016-05-03,'603021,山东华鹏,37.02,37.08,35.8,35.86,35.92,1.1,3.0624,2.9557,1890452,69330973.0,3901908000.0,2367799200.0
2016-04-29,'603021,山东华鹏,35.92,36.3,35.45,35.63,35.95,-0.03,-0.0834,3.5619,2278165,81581249.0,3785968000.0,2297443200.0
2016-04-28,'603021,山东华鹏,35.95,36.18,34.8,35.98,35.86,0.09,0.251,3.1714,2028399,71964760.0,3789130000.0,2299362000.0
2016-04-27,'603021,山东华鹏,35.86,37.3,35.8,37.12,37.02,-1.16,-3.1334,4.4772,2863595,105137057.0,3779644000.0,2293605600.0
2016-04-26,'603021,山东华鹏,37.02,37.48,36.8,36.95,37.36,-0.34,-0.9101,2.7784,1777071,66102271.0,3901908000.0,2367799200.0
2016-04-25,'603021,山东华鹏,37.36,37.64,35.61,35.61,38.31,-0.95,-2.4798,5.4631,3494230,129347470.0,3937744000.0,2389545600.0
2016-04-22,'603021,山东华鹏,38.31,39.7,38.0,38.5,39.57,-1.26,-3.1842,10.2912,2716876,105621768.0,4037874000.0,1011384000.0
2016-04-21,'603021,山东华鹏,39.57,40.34,37.7,38.59,39.44,0.13,0.3296,17.572,4639006,182198737.0,4170678000.0,1044648000.0
2016-04-20,'603021,山东华鹏,39.44,41.8,37.38,41.08,41.53,-2.09,-5.0325,18.4952,4882743,191539482.0,4156976000.0,1041216000.0
2016-04-19,'603021,山东华鹏,41.53,42.31,39.98,41.27,41.61,-0.08,-0.1923,14.9144,3937389,161764781.0,4377262000.0,1096392000.0
2016-04-18,'603021,山东华鹏,41.61,42.5,39.4,40.28,40.56,1.05,2.5888,13.7885,3640161,148623064.0,4385694000.0,1098504000.0
2016-04-15,'603021,山东华鹏,40.56,41.0,39.04,39.3,39.97,0.59,1.4761,16.8134,4438726,177173006.0,4275024000.0,1070784000.0
2016-04-14,'603021,山东华鹏,39.97,39.99,38.29,38.72,38.48,1.49,3.8721,16.5163,4360292,170929443.0,4212838000.0,1055208000.0
2016-04-13,'603021,山东华鹏,38.48,38.6,37.33,37.43,37.44,1.04,2.7778,11.1704,2948979,112774960.0,4055792000.0,1015872000.0
2016-04-12,'603021,山东华鹏,37.44,37.6,36.87,37.29,36.99,0.45,1.2165,8.405,2218923,82606852.0,3946176000.0,988416000.0
2016-04-11,'603021,山东华鹏,36.99,37.5,36.62,36.67,36.56,0.43,1.1761,10.0186,2644899,98033781.0,3898746000.0,976536000.0
2016-04-08,'603021,山东华鹏,36.56,37.98,35.9,37.3,39.87,-3.31,-8.302,15.0655,3977284,146997520.0,3853424000.0,965184000.0
2016-04-07,'603021,山东华鹏,39.87,41.0,39.1,39.71,39.52,0.35,0.8856,13.1612,3474562,139403414.0,4202298000.0,1052568000.0
2016-04-06,'603021,山东华鹏,39.52,39.8,38.7,39.3,39.66,-0.14,-0.353,7.8812,2080638,81701344.0,4165408000.0,1043328000.0
2016-04-05,'603021,山东华鹏,39.66,39.7,38.0,38.98,39.43,0.23,0.5833,11.1295,2938195,114856809.0,4180164000.0,1047024000.0
2016-04-01,'603021,山东华鹏,39.43,40.38,37.33,38.62,38.55,0.88,2.2827,12.1315,3202706,124108633.0,4155922000.0,1040952000.0
2016-03-31,'603021,山东华鹏,38.55,39.2,37.03,37.03,36.88,1.67,4.5282,13.0033,3432869,131921926.0,4063170000.0,1017720000.0
2016-03-30,'603021,山东华鹏,36.88,37.68,34.9,35.17,34.79,2.09,6.0075,6.0471,1596426,57889504.0,3887152000.0,973632000.0
2016-03-29,'603021,山东华鹏,34.79,36.02,34.75,35.72,35.6,-0.81,-2.2753,4.4823,1183334,41753638.0,3666866000.0,918456000.0
2016-03-28,'603021,山东华鹏,35.6,37.58,35.54,37.1,36.91,-1.31,-3.5492,5.8105,1533972,56147382.0,3752240000.0,939840000.0
2016-03-25,'603021,山东华鹏,36.91,37.08,36.36,36.6,36.53,0.38,1.0402,5.2771,1393162,51155125.0,3890314000.0,974424000.0
2016-03-24,'603021,山东华鹏,36.53,37.8,36.0,36.75,37.29,-0.76,-2.0381,9.3291,2462882,90777675.0,3850262000.0,964392000.0
2016-03-23,'603021,山东华鹏,37.29,38.5,35.02,35.13,35.42,1.87,5.2795,10.1278,2673727,99070326.0,3930366000.0,984456000.0
2016-03-22,'603021,山东华鹏,35.42,35.93,34.65,34.91,35.31,0.11,0.3115,7.5372,1989829,70186044.0,3733268000.0,935088000.0
2016-03-21,'603021,山东华鹏,35.31,35.5,34.33,34.95,34.35,0.96,2.7948,8.4063,2219253,77495678.0,3721674000.0,932184000.0
2016-03-18,'603021,山东华鹏,34.35,34.5,32.9,32.95,32.9,1.45,4.4073,8.3606,2207199,74901405.0,3620490000.0,906840000.0
2016-03-17,'603021,山东华鹏,32.9,32.98,31.83,32.5,31.83,1.07,3.3616,4.6703,1232965,40098946.0,3467660000.0,868560000.0
2016-03-16,'603021,山东华鹏,31.83,33.1,31.45,32.84,32.53,-0.7,-2.1519,3.6609,966472,31062869.0,3354882000.0,840312000.0
2016-03-15,'603021,山东华鹏,32.53,33.69,32.34,33.69,33.71,-1.18,-3.5004,5.0939,1344800,44219465.0,3428662000.0,858792000.0
2016-03-14,'603021,山东华鹏,33.71,34.26,32.38,32.38,32.36,1.35,4.1718,8.167,2156088,72484413.0,3553034000.0,889944000.0
2016-03-11,'603021,山东华鹏,32.36,33.6,30.51,31.16,31.16,1.2,3.8511,5.7343,1513860,48916211.0,3410744000.0,854304000.0
2016-03-10,'603021,山东华鹏,31.16,31.66,30.8,31.0,31.27,-0.11,-0.3518,2.1852,576893,18076442.0,3284264000.0,822624000.0
2016-03-09,'603021,山东华鹏,31.27,31.67,30.2,31.0,32.0,-0.73,-2.2813,2.1985,580414,18154078.0,3295858000.0,825528000.0
2016-03-08,'603021,山东华鹏,32.0,32.2,30.04,31.99,31.86,0.14,0.4394,3.7314,985078,30601289.0,3372800000.0,844800000.0
2016-03-07,'603021,山东华鹏,31.86,32.5,31.39,31.39,31.08,0.78,2.5097,2.6365,696036,22268787.0,3358044000.0,841104000.0
2016-03-04,'603021,山东华鹏,31.08,33.19,30.72,32.79,33.01,-1.93,-5.8467,4.4771,1181967,37571274.0,3275832000.0,820512000.0
2016-03-03,'603021,山东华鹏,33.01,34.27,32.78,33.0,32.95,0.06,0.1821,5.0427,1331260,44660764.0,3479254000.0,871464000.0
2016-03-02,'603021,山东华鹏,32.95,33.09,31.0,31.0,31.47,1.48,4.7029,4.7172,1245334,40160767.0,3472930000.0,869880000.0
2016-03-01,'603021,山东华鹏,31.47,31.91,30.01,30.38,30.27,1.2,3.9643,3.4739,917112,28314018.0,3316938000.0,830808000.0
2016-02-29,'603021,山东华鹏,30.27,33.4,29.95,32.7,33.23,-2.96,-8.9076,4.3192,1140273,35244131.0,3190458000.0,799128000.0
2016-02-26,'603021,山东华鹏,33.23,33.59,32.29,33.02,32.99,0.24,0.7275,4.3308,1143331,37825206.0,3502442000.0,877272000.0
2016-02-25,'603021,山东华鹏,32.99,36.64,32.99,36.64,36.66,-3.67,-10.0109,7.4331,1962344,67012871.0,3477146000.0,870936000.0
2016-02-24,'603021,山东华鹏,36.66,36.8,35.77,36.3,36.49,0.17,0.4659,4.33,1143111,41523977.0,3863964000.0,967824000.0
2016-02-23,'603021,山东华鹏,36.49,37.64,35.9,37.19,37.3,-0.81,-2.1716,6.2036,1637740,60129672.0,3846046000.0,963336000.0
2016-02-22,'603021,山东华鹏,37.3,37.88,36.44,36.44,36.33,0.97,2.67,7.0457,1860058,69154254.0,3931420000.0,984720000.0
2016-02-19,'603021,山东华鹏,36.33,37.08,35.1,35.1,35.64,0.69,1.936,7.0865,1870844,68064665.0,3829182000.0,959112000.0
2016-02-18,'603021,山东华鹏,35.64,36.8,35.41,36.3,35.99,-0.35,-0.9725,6.3392,1673553,60211122.0,3756456000.0,940896000.0
2016-02-17,'603021,山东华鹏,35.99,36.3,34.67,34.7,34.98,1.01,2.8874,7.2811,1922222,68927130.0,3793346000.0,950136000.0
2016-02-16,'603021,山东华鹏,34.98,35.29,33.6,33.65,33.3,1.68,5.045,5.9571,1572667,54627806.0,3686892000.0,923472000.0
2016-02-15,'603021,山东华鹏,33.3,33.69,32.6,32.6,34.24,-0.94,-2.7453,3.0529,805970,26680440.0,3509820000.0,879120000.0
2016-02-05,'603021,山东华鹏,34.24,35.4,34.01,35.0,35.08,-0.84,-2.3945,4.7395,1251220,43174319.0,3608896000.0,903936000.0
2016-02-04,'603021,山东华鹏,35.08,37.0,34.0,34.1,34.1,0.98,2.8739,7.939,2095900,73999574.0,3697432000.0,926112000.0
2016-02-03,'603021,山东华鹏,34.1,34.2,32.6,33.1,33.37,0.73,2.1876,3.7724,995923,33060318.0,3594140000.0,900240000.0
2016-02-02,'603021,山东华鹏,33.37,33.75,32.48,32.6,32.32,1.05,3.2488,3.5873,947058,31556964.0,3517198000.0,880968000.0
2016-02-01,'603021,山东华鹏,32.32,33.27,31.82,32.4,33.27,-0.95,-2.8554,3.6077,952423,31158535.0,3406528000.0,853248000.0
2016-01-29,'603021,山东华鹏,33.27,33.98,31.5,31.6,32.38,0.89,2.7486,5.3704,1417794,46735480.0,3506658000.0,878328000.0
2016-01-28,'603021,山东华鹏,32.38,32.99,30.81,32.0,32.74,-0.36,-1.0996,4.2368,1118503,35749904.0,3412852000.0,854832000.0
2016-01-27,'603021,山东华鹏,32.74,34.48,30.83,33.96,33.96,-1.22,-3.5925,5.701,1505066,48734737.0,3450796000.0,864336000.0
2016-01-26,'603021,山东华鹏,33.96,37.2,33.96,37.2,37.73,-3.77,-9.992,7.6139,2010079,71104386.0,3579384000.0,896544000.0
2016-01-25,'603021,山东华鹏,37.73,37.9,36.67,37.08,37.08,0.65,1.753,6.2812,1658249,61930889.0,3976742000.0,996072000.0
2016-01-22,'603021,山东华鹏,37.08,38.28,35.5,37.9,36.92,0.16,0.4334,8.7854,2319355,85742804.0,3908232000.0,978912000.0
2016-01-21,'603021,山东华鹏,36.92,39.39,35.0,36.0,36.7,0.22,0.5995,13.7272,3623982,137534931.0,3891368000.0,974688000.0
2016-01-20,'603021,山东华鹏,36.7,37.92,36.5,36.95,36.87,-0.17,-0.4611,6.6683,1760421,65297753.0,3868180000.0,968880000.0
2016-01-19,'603021,山东华鹏,36.87,37.2,35.17,35.4,35.83,1.04,2.9026,6.1384,1620549,59073265.0,3886098000.0,973368000.0
2016-01-18,'603021,山东华鹏,35.83,36.55,34.0,34.0,35.49,0.34,0.958,5.3786,1419961,50585274.0,3776482000.0,945912000.0
2016-01-15,'603021,山东华鹏,35.49,37.7,34.8,37.01,38.17,-2.68,-7.0212,7.8438,2070770,75750947.0,3740646000.0,936936000.0
2016-01-14,'603021,山东华鹏,38.17,38.5,34.6,35.5,35.68,2.49,6.9787,9.4538,2495811,91329338.0,4023118000.0,1007688000.0
2016-01-13,'603021,山东华鹏,35.68,36.88,35.0,36.75,35.77,-0.09,-0.2516,7.1671,1892126,67914246.0,3760672000.0,941952000.0
2016-01-12,'603021,山东华鹏,35.77,35.8,33.25,34.36,34.25,1.52,4.438,7.5531,1994007,69431343.0,3770158000.0,944328000.0
2016-01-11,'603021,山东华鹏,34.25,37.5,34.25,36.6,38.06,-3.81,-10.0105,6.3973,1688884,60736752.0,3609950000.0,904200000.0
2016-01-08,'603021,山东华鹏,38.06,40.1,34.61,38.9,38.1,-0.04,-0.105,7.424,1959925,74577292.0,4011524000.0,1004784000.0
2016-01-07,'603021,山东华鹏,38.1,41.2,38.07,41.19,42.3,-4.2,-9.9291,1.6364,432000,17133930.0,4015740000.0,1005840000.0
2016-01-06,'603021,山东华鹏,42.3,42.42,40.8,41.0,40.62,1.68,4.1359,7.0496,1861107,77550879.0,4458420000.0,1116720000.0
2016-01-05,'603021,山东华鹏,40.62,43.2,39.26,39.26,43.48,-2.86,-6.5777,8.4222,2223464,91138697.0,4281348000.0,1072368000.0
2016-01-04,'603021,山东华鹏,43.48,48.24,43.48,48.1,48.31,-4.83,-9.9979,6.7035,1769727,80694687.0,4582792000.0,1147872000.0
2015-12-31,'603021,山东华鹏,48.31,49.69,48.21,48.5,48.65,-0.34,-0.6989,5.8251,1537838,75466701.0,5091874000.0,1275384000.0
2015-12-30,'603021,山东华鹏,48.65,49.29,48.2,48.7,48.74,-0.09,-0.1847,4.6926,1238838,60312737.0,5127710000.0,1284360000.0
2015-12-29,'603021,山东华鹏,48.74,48.99,48.02,48.24,48.24,0.5,1.0365,5.1712,1365195,66183528.0,5137196000.0,1286736000.0
2015-12-28,'603021,山东华鹏,48.24,50.92,48.2,50.5,50.43,-2.19,-4.3427,8.7043,2297934,113875283.0,5084496000.0,1273536000.0
2015-12-25,'603021,山东华鹏,50.43,51.29,49.88,50.71,50.69,-0.26,-0.5129,7.5738,1999481,101082113.0,5315322000.0,1331352000.0
2015-12-24,'603021,山东华鹏,50.69,51.76,49.3,51.01,51.83,-1.14,-2.1995,10.5599,2787807,139881007.0,5342726000.0,1338216000.0
2015-12-23,'603021,山东华鹏,51.83,53.6,51.06,51.36,51.36,0.47,0.9151,13.7362,3626346,189262755.0,5462882000.0,1368312000.0
2015-12-22,'603021,山东华鹏,51.36,51.69,50.79,51.6,51.22,0.14,0.2733,7.0333,1856781,95074503.0,5413344000.0,1355904000.0
2015-12-21,'603021,山东华鹏,51.22,51.5,49.8,51.5,51.8,-0.58,-1.1197,9.304,2456261,124607218.0,5398588000.0,1352208000.0
2015-12-18,'603021,山东华鹏,51.8,53.77,51.34,53.02,53.59,-1.79,-3.3402,13.1555,3473045,181269871.0,5459720000.0,1367520000.0
2015-12-17,'603021,山东华鹏,53.59,53.64,51.2,51.2,51.08,2.51,4.9139,16.3873,4326243,227130020.0,5648386000.0,1414776000.0
2015-12-16,'603021,山东华鹏,51.08,52.02,49.75,49.88,49.84,1.24,2.488,12.6492,3339398,170906350.0,5383832000.0,1348512000.0
2015-12-15,'603021,山东华鹏,49.84,50.8,49.68,49.68,50.11,-0.27,-0.5388,8.0459,2124113,106524165.0,5253136000.0,1315776000.0
2015-12-14,'603021,山东华鹏,50.11,50.3,47.06,48.02,48.82,1.29,2.6424,9.135,2411645,117361246.0,5281594000.0,1322904000.0
2015-12-11,'603021,山东华鹏,48.82,50.2,48.31,50.2,50.26,-1.44,-2.8651,8.9892,2373139,116655047.0,5145628000.0,1288848000.0
2015-12-10,'603021,山东华鹏,50.26,51.99,49.0,50.5,50.89,-0.63,-1.238,12.0753,3187887,159617015.0,5297404000.0,1326864000.0
2015-12-09,'603021,山东华鹏,50.89,53.57,50.3,51.55,52.36,-1.47,-2.8075,13.3059,3512747,181719223.0,5363806000.0,1343496000.0
2015-12-08,'603021,山东华鹏,52.36,53.7,51.5,53.3,54.69,-2.33,-4.2604,17.8842,4721419,248252010.0,5518744000.0,1382304000.0
2015-12-07,'603021,山东华鹏,54.69,57.63,53.64,53.64,54.73,-0.04,-0.0731,21.9724,5800724,321157053.0,5764326000.0,1443816000.0
2015-12-04,'603021,山东华鹏,54.73,59.02,54.1,59.02,55.0,-0.27,-0.4909,39.1856,10345008,586232842.0,5768542000.0,1444872000.0
2015-12-03,'603021,山东华鹏,55.0,55.0,51.0,51.0,50.0,5.0,10.0,14.646,3866539,208890795.0,5797000000.0,1452000000.0
2015-12-02,'603021,山东华鹏,50.0,53.23,47.95,52.5,53.28,-3.28,-6.1562,22.9991,6071764,307720876.0,5270000000.0,1320000000.0
2015-12-01,'603021,山东华鹏,53.28,53.28,48.0,48.48,48.44,4.84,9.9917,22.9901,6069390,319418874.0,5615712000.0,1406592000.0
2015-11-30,'603021,山东华鹏,48.44,49.45,43.58,46.62,47.18,1.26,2.6706,13.7747,3636510,170327483.0,5105576000.0,1278816000.0
2015-11-27,'603021,山东华鹏,47.18,51.89,46.1,50.3,51.22,-4.04,-7.8875,17.1034,4515288,221657010.0,4972772000.0,1245552000.0
2015-11-26,'603021,山东华鹏,51.22,53.34,50.01,50.5,50.49,0.73,1.4458,17.5747,4639715,239939845.0,5398588000.0,1352208000.0
2015-11-25,'603021,山东华鹏,50.49,51.49,49.81,51.15,50.51,-0.02,-0.0396,14.5348,3837175,193180819.0,5321646000.0,1332936000.0
2015-11-24,'603021,山东华鹏,50.51,51.0,47.1,47.5,47.69,2.82,5.9132,16.5941,4380838,216376372.0,5323754000.0,1333464000.0
2015-11-23,'603021,山东华鹏,47.69,49.29,47.58,48.08,48.4,-0.71,-1.4669,11.8252,3121848,150646871.0,5026526000.0,1259016000.0
2015-11-20,'603021,山东华鹏,48.4,49.08,47.58,48.5,49.04,-0.64,-1.3051,14.0682,3714009,179543688.0,5101360000.0,1277760000.0
2015-11-19,'603021,山东华鹏,49.04,49.31,45.31,46.0,45.61,3.43,7.5203,16.5809,4377364,209275857.0,5168816000.0,1294656000.0
2015-11-18,'603021,山东华鹏,45.61,48.57,45.02,48.4,48.14,-2.53,-5.2555,14.8171,3911705,182798341.0,4807294000.0,1204104000.0
2015-11-17,'603021,山东华鹏,48.14,51.46,47.81,49.7,49.13,-0.99,-2.0151,14.7152,3884802,192775130.0,5073956000.0,1270896000.0
2015-11-16,'603021,山东华鹏,49.13,50.0,47.01,47.12,49.99,-0.86,-1.7203,16.8419,4446250,215705854.0,5178302000.0,1297032000.0
2015-11-13,'603021,山东华鹏,49.99,58.0,49.79,55.45,55.32,-5.33,-9.6349,31.1399,8220924,438922923.0,5268946000.0,1319736000.0
2015-11-12,'603021,山东华鹏,55.32,55.32,49.5,50.33,50.29,5.03,10.002,25.9787,6858377,360140989.0,5830728000.0,1460448000.0
2015-11-11,'603021,山东华鹏,50.29,50.5,45.46,46.54,46.57,3.72,7.988,24.1394,6372803,307453035.0,5300566000.0,1327656000.0
2015-11-10,'603021,山东华鹏,46.57,47.55,45.1,47.0,47.65,-1.08,-2.2665,22.1221,5840245,270891463.0,4908478000.0,1229448000.0
2015-11-09,'603021,山东华鹏,47.65,48.0,44.4,45.02,44.34,3.31,7.465,23.891,6307224,291125208.0,5022310000.0,1257960000.0
2015-11-06,'603021,山东华鹏,44.34,45.0,41.6,41.96,42.07,2.27,5.3958,21.2241,5603171,245714852.0,4673436000.0,1170576000.0
2015-11-05,'603021,山东华鹏,42.07,44.0,41.81,43.43,43.32,-1.25,-2.8855,19.5134,5151535,220191689.0,4434178000.0,1110648000.0
2015-11-04,'603021,山东华鹏,43.32,43.5,41.3,43.0,42.09,1.23,2.9223,22.1187,5839342,247596890.0,4565928000.0,1143648000.0
2015-11-03,'603021,山东华鹏,42.09,42.13,40.0,40.14,40.12,1.97,4.9103,16.4286,4337158,179360170.0,4436286000.0,1111176000.0
2015-11-02,'603021,山东华鹏,40.12,41.49,37.8,38.31,39.6,0.52,1.3131,14.1954,3747586,150850841.0,4228648000.0,1059168000.0
2015-10-30,'603021,山东华鹏,39.6,41.5,38.81,41.01,41.64,-2.04,-4.8991,13.5742,3583600,142922881.0,4173840000.0,1045440000.0
2015-10-29,'603021,山东华鹏,41.64,43.85,41.2,43.0,43.4,-1.76,-4.0553,19.4923,5145956,215707534.0,4388856000.0,1099296000.0
2015-10-28,'603021,山东华鹏,43.4,46.0,42.8,44.39,42.09,1.31,3.1124,31.2573,8251930,365470828.0,4574360000.0,1145760000.0
2015-10-27,'603021,山东华鹏,42.09,42.09,42.09,42.09,38.26,3.83,10.0105,2.7972,738458,31081697.0,4436286000.0,1111176000.0
2015-10-26,'603021,山东华鹏,0.0,0.0,0.0,0.0,38.26,None,None,0.0,0,0.0,4032604000.0,1010064000.0
2015-10-23,'603021,山东华鹏,0.0,0.0,0.0,0.0,38.26,None,None,0.0,0,0.0,4032604000.0,1010064000.0
2015-10-22,'603021,山东华鹏,0.0,0.0,0.0,0.0,38.26,None,None,0.0,0,0.0,4032604000.0,1010064000.0
2015-10-21,'603021,山东华鹏,0.0,0.0,0.0,0.0,38.26,None,None,0.0,0,0.0,4032604000.0,1010064000.0
2015-10-20,'603021,山东华鹏,0.0,0.0,0.0,0.0,38.26,None,None,0.0,0,0.0,4032604000.0,1010064000.0
2015-10-19,'603021,山东华鹏,0.0,0.0,0.0,0.0,38.26,None,None,0.0,0,0.0,4032604000.0,1010064000.0
2015-10-16,'603021,山东华鹏,0.0,0.0,0.0,0.0,38.26,None,None,0.0,0,0.0,4032604000.0,1010064000.0
2015-10-15,'603021,山东华鹏,0.0,0.0,0.0,0.0,38.26,None,None,0.0,0,0.0,4032604000.0,1010064000.0
2015-10-14,'603021,山东华鹏,0.0,0.0,0.0,0.0,38.26,None,None,0.0,0,0.0,4032604000.0,1010064000.0
2015-10-13,'603021,山东华鹏,0.0,0.0,0.0,0.0,38.26,None,None,0.0,0,0.0,4032604000.0,1010064000.0
2015-10-12,'603021,山东华鹏,38.26,38.26,34.73,34.89,34.78,3.48,10.0058,20.8785,5511916,200750294.0,4032604000.0,1010064000.0
2015-10-09,'603021,山东华鹏,34.78,35.88,34.0,34.2,34.15,0.63,1.8448,15.7558,4159518,145736502.0,3665812000.0,918192000.0
2015-10-08,'603021,山东华鹏,34.15,34.28,33.3,34.0,32.23,1.92,5.9572,11.1786,2951151,99980215.0,3599410000.0,901560000.0
2015-09-30,'603021,山东华鹏,32.23,32.99,31.61,32.79,32.19,0.04,0.1243,5.9963,1583011,51087132.0,3397042000.0,850872000.0
2015-09-29,'603021,山东华鹏,32.19,33.0,31.61,32.5,33.58,-1.39,-4.1394,9.8697,2605605,84005588.0,3392826000.0,849816000.0
2015-09-28,'603021,山东华鹏,33.58,33.86,32.51,32.53,32.49,1.09,3.3549,10.8266,2858216,95198771.0,3539332000.0,886512000.0
2015-09-25,'603021,山东华鹏,32.49,35.4,32.22,35.0,35.79,-3.3,-9.2205,17.8312,4707434,158176417.0,3424446000.0,857736000.0
2015-09-24,'603021,山东华鹏,35.79,36.51,34.86,34.86,33.9,1.89,5.5752,18.5675,4901814,174336741.0,3772266000.0,944856000.0
2015-09-23,'603021,山东华鹏,33.9,35.12,33.85,34.8,35.8,-1.9,-5.3073,17.1058,4515918,155373583.0,3573060000.0,894960000.0
2015-09-22,'603021,山东华鹏,35.8,37.09,33.86,34.03,33.86,1.94,5.7295,23.4696,6195978,221113046.0,3773320000.0,945120000.0
2015-09-21,'603021,山东华鹏,33.86,34.51,31.01,31.43,32.78,1.08,3.2947,17.4167,4598000,152676021.0,3568844000.0,893904000.0
2015-09-18,'603021,山东华鹏,32.78,35.0,32.5,34.4,35.17,-2.39,-6.7956,18.8058,4964738,165586631.0,3455012000.0,865392000.0
2015-09-17,'603021,山东华鹏,35.17,38.94,35.17,37.11,39.08,-3.91,-10.0051,36.7942,9713667,354299975.0,3706918000.0,928488000.0
2015-09-16,'603021,山东华鹏,39.08,39.6,32.41,32.41,36.01,3.07,8.5254,28.657,7565453,271349981.0,4119032000.0,1031712000.0
2015-09-15,'603021,山东华鹏,36.01,38.6,35.87,36.86,39.86,-3.85,-9.6588,19.4783,5142259,185270533.0,3795454000.0,950664000.0
2015-09-14,'603021,山东华鹏,39.86,44.67,39.86,44.5,44.29,-4.43,-10.0023,12.4992,3299789,135778014.0,4201244000.0,1052304000.0
2015-09-11,'603021,山东华鹏,44.29,46.05,42.85,45.09,45.42,-1.13,-2.4879,12.8076,3381210,149059910.0,4668166000.0,1169256000.0
2015-09-10,'603021,山东华鹏,45.42,48.75,44.6,46.55,46.23,-0.81,-1.7521,17.7307,4680903,218220348.0,4787268000.0,1199088000.0
2015-09-09,'603021,山东华鹏,46.23,46.23,41.2,42.04,42.03,4.2,9.9929,18.7963,4962234,216380270.0,4872642000.0,1220472000.0
2015-09-08,'603021,山东华鹏,42.03,42.21,37.66,39.6,40.74,1.29,3.1664,15.5796,4113010,162543500.0,4429962000.0,1109592000.0
2015-09-07,'603021,山东华鹏,40.74,46.48,39.96,44.4,44.4,-3.66,-8.2432,19.5495,5161066,223466136.0,4293996000.0,1075536000.0
2015-09-02,'603021,山东华鹏,44.4,49.33,44.4,44.4,49.33,-4.93,-9.9939,14.9794,3954557,179002741.0,4679760000.0,1172160000.0
2015-09-01,'603021,山东华鹏,49.33,52.0,49.33,49.55,54.81,-5.48,-9.9982,18.7535,4950926,246879394.0,5199382000.0,1302312000.0
2015-08-31,'603021,山东华鹏,54.81,57.95,54.81,57.95,60.9,-6.09,-10.0,18.9801,5010755,278985945.0,5776974000.0,1446984000.0
2015-08-28,'603021,山东华鹏,60.9,65.96,57.0,60.0,62.24,-1.34,-2.153,36.4426,9620852,585879263.0,6418860000.0,1607760000.0
2015-08-27,'603021,山东华鹏,62.24,62.5,55.32,57.83,57.27,4.97,8.6782,40.8296,10779025,628997231.0,6560096000.0,1643136000.0
2015-08-26,'603021,山东华鹏,57.27,57.27,49.7,50.0,52.06,5.21,10.0077,42.516,11224217,625931141.0,6036258000.0,1511928000.0
2015-08-25,'603021,山东华鹏,52.06,53.5,47.96,47.96,53.29,-1.23,-2.3081,20.8865,5514033,271391057.0,5487124000.0,1374384000.0
2015-08-24,'603021,山东华鹏,53.29,58.76,49.26,53.49,54.15,-0.86,-1.5882,29.1691,7700645,427988112.0,5616766000.0,1406856000.0
2015-08-21,'603021,山东华鹏,54.15,54.15,48.68,49.26,49.23,4.92,9.9939,23.5047,6205239,323066160.0,5707410000.0,1429560000.0
2015-08-20,'603021,山东华鹏,49.23,49.23,44.75,44.75,44.75,4.48,10.0112,27.3419,7218250,346961709.0,5188842000.0,1299672000.0
2015-08-19,'603021,山东华鹏,44.75,44.75,36.61,39.05,40.68,4.07,10.0049,15.9755,4217525,176161830.0,4716650000.0,1181400000.0
2015-08-18,'603021,山东华鹏,40.68,46.7,40.51,44.55,45.01,-4.33,-9.6201,12.7659,3370190,145417912.0,4287672000.0,1073952000.0
2015-08-17,'603021,山东华鹏,45.01,46.21,44.43,46.0,46.46,-1.45,-3.121,9.9236,2619820,118470232.0,4744054000.0,1188264000.0
2015-08-14,'603021,山东华鹏,46.46,47.5,45.51,46.01,45.78,0.68,1.4854,13.1251,3465026,160567377.0,4896884000.0,1226544000.0
2015-08-13,'603021,山东华鹏,45.78,45.88,44.02,44.02,44.96,0.82,1.8238,9.8349,2596410,116723957.0,4825212000.0,1208592000.0
2015-08-12,'603021,山东华鹏,44.96,46.12,43.97,44.91,46.1,-1.14,-2.4729,12.5477,3312595,148697132.0,4738784000.0,1186944000.0
2015-08-11,'603021,山东华鹏,46.1,48.2,45.43,45.55,45.15,0.95,2.1041,15.2123,4016044,187039237.0,4858940000.0,1217040000.0
2015-08-10,'603021,山东华鹏,45.15,45.88,43.0,43.49,43.08,2.07,4.805,13.3458,3523287,157180567.0,4758810000.0,1191960000.0
2015-08-07,'603021,山东华鹏,43.08,43.6,42.2,42.33,42.47,0.61,1.4363,11.9449,3153453,136020949.0,4540632000.0,1137312000.0
2015-08-06,'603021,山东华鹏,42.47,45.5,42.1,44.5,46.15,-3.68,-7.974,16.5396,4366462,190555588.0,4476338000.0,1121208000.0
2015-08-05,'603021,山东华鹏,46.15,48.0,44.0,44.4,45.9,0.25,0.5447,24.5456,6480029,300105297.0,4864210000.0,1218360000.0
2015-08-04,'603021,山东华鹏,45.9,46.28,42.05,46.26,45.95,-0.05,-0.1088,26.1661,6907859,307278146.0,4837860000.0,1211760000.0
2015-08-03,'603021,山东华鹏,45.95,46.25,41.62,42.7,43.53,2.42,5.5594,31.0305,8192043,360893888.0,4843130000.0,1213080000.0
2015-07-31,'603021,山东华鹏,43.53,44.48,39.04,39.05,40.69,2.84,6.9796,27.2613,7196985,305818965.0,4588062000.0,1149192000.0
2015-07-30,'603021,山东华鹏,40.69,42.4,37.3,39.8,38.75,1.94,5.0065,27.3371,7216983,295295549.0,4288726000.0,1074216000.0
2015-07-29,'603021,山东华鹏,38.75,38.75,34.2,36.5,35.23,3.52,9.9915,16.5672,4373747,159504514.0,4084250000.0,1023000000.0
2015-07-28,'603021,山东华鹏,35.23,38.55,35.05,35.14,38.94,-3.71,-9.5275,17.4509,4607037,166435759.0,3713242000.0,930072000.0
2015-07-27,'603021,山东华鹏,38.94,45.1,38.94,41.29,43.27,-4.33,-10.0069,18.5856,4906599,205086573.0,4104276000.0,1028016000.0
2015-07-24,'603021,山东华鹏,43.27,47.0,42.39,44.99,44.98,-1.71,-3.8017,31.1493,8223416,373994346.0,4560658000.0,1142328000.0
2015-07-23,'603021,山东华鹏,44.98,44.98,39.6,41.02,40.89,4.09,10.0024,26.7485,7061616,302765050.0,4740892000.0,1187472000.0
2015-07-22,'603021,山东华鹏,40.89,41.52,38.53,40.55,40.37,0.52,1.2881,24.2372,6398620,258820177.0,4309806000.0,1079496000.0
2015-07-21,'603021,山东华鹏,40.37,40.37,35.2,35.72,36.7,3.67,10.0,22.6224,5972313,228336529.0,4254998000.0,1065768000.0
2015-07-20,'603021,山东华鹏,36.7,38.5,36.05,36.8,36.93,-0.23,-0.6228,16.5797,4377032,161464778.0,3868180000.0,968880000.0
2015-07-17,'603021,山东华鹏,36.93,37.6,33.33,34.1,34.28,2.65,7.7305,14.054,3710248,132430194.0,3892422000.0,974952000.0
2015-07-16,'603021,山东华鹏,34.28,36.88,31.59,31.59,35.1,-0.82,-2.3362,18.7128,4940192,167576811.0,3613112000.0,904992000.0
2015-07-15,'603021,山东华鹏,35.1,39.0,35.1,39.0,39.0,-3.9,-10.0,15.5392,4102359,148076814.0,3699540000.0,926640000.0
2015-07-14,'603021,山东华鹏,39.0,39.0,36.5,37.14,35.45,3.55,10.0141,29.0535,7670124,294378285.0,4110600000.0,1029600000.0
2015-07-13,'603021,山东华鹏,35.45,35.45,33.0,35.3,32.23,3.22,9.9907,17.685,4668847,163435932.0,3736430000.0,935880000.0
2015-07-10,'603021,山东华鹏,32.23,32.23,30.01,31.0,29.3,2.93,10.0,9.192,2426699,76903955.0,3397042000.0,850872000.0
2015-07-09,'603021,山东华鹏,29.3,29.3,23.98,23.98,26.64,2.66,9.985,14.6805,3875644,106297358.0,3088220000.0,773520000.0
2015-07-08,'603021,山东华鹏,26.64,26.64,26.64,26.64,29.6,-2.96,-10.0,1.3697,361600,9633024.0,2807856000.0,703296000.0
2015-07-07,'603021,山东华鹏,29.6,32.0,29.6,30.6,32.89,-3.29,-10.003,6.2941,1661637,50420570.0,3119840000.0,781440000.0
2015-07-06,'603021,山东华鹏,32.89,36.12,30.0,36.12,32.84,0.05,0.1523,15.3626,4055729,135206133.0,3466606000.0,868296000.0
2015-07-03,'603021,山东华鹏,32.84,36.9,31.54,34.38,35.04,-2.2,-6.2785,13.4707,3556252,118942474.0,3461336000.0,866976000.0
2015-07-02,'603021,山东华鹏,35.04,39.39,35.0,38.2,38.82,-3.78,-9.7372,13.3022,3511775,129954038.0,3693216000.0,925056000.0
2015-07-01,'603021,山东华鹏,38.82,44.58,38.82,41.61,43.13,-4.31,-9.993,16.2748,4296544,180994704.0,4091628000.0,1024848000.0
2015-06-30,'603021,山东华鹏,43.13,43.9,35.96,39.03,39.95,3.18,7.9599,18.0333,4760780,189047011.0,4545902000.0,1138632000.0
2015-06-29,'603021,山东华鹏,39.95,46.4,39.95,45.7,44.39,-4.44,-10.0023,16.5266,4363013,187058024.0,4210730000.0,1054680000.0
2015-06-26,'603021,山东华鹏,44.39,53.16,43.66,47.0,48.43,-4.04,-8.3419,20.3618,5375513,258450831.0,4678706000.0,1171896000.0
2015-06-25,'603021,山东华鹏,48.43,51.2,48.3,50.6,50.64,-2.21,-4.3641,15.4078,4067670,202425015.0,5104522000.0,1278552000.0
2015-06-24,'603021,山东华鹏,50.64,51.71,49.2,51.62,50.59,0.05,0.0988,15.5025,4092668,205291137.0,5337456000.0,1336896000.0
2015-06-23,'603021,山东华鹏,50.59,50.68,46.02,48.58,48.13,2.46,5.1112,13.9046,3670805,181254297.0,5332186000.0,1335576000.0
2015-06-19,'603021,山东华鹏,48.13,51.98,47.1,49.2,52.07,-3.94,-7.5667,14.8712,3926005,193391230.0,5072902000.0,1270632000.0
2015-06-18,'603021,山东华鹏,52.07,57.78,52.07,57.0,57.86,-5.79,-10.0069,15.5723,4111094,224376526.0,5488178000.0,1374648000.0
2015-06-17,'603021,山东华鹏,57.86,58.0,55.01,56.6,57.08,0.78,1.3665,16.2819,4298429,244465538.0,6098444000.0,1527504000.0
2015-06-16,'603021,山东华鹏,57.08,58.9,54.03,55.54,59.72,-2.64,-4.4206,21.5762,5696127,318997982.0,6016232000.0,1506912000.0
2015-06-15,'603021,山东华鹏,59.72,63.06,59.72,63.03,66.35,-6.63,-9.9925,19.0755,5035927,303765967.0,6294488000.0,1576608000.0
2015-06-12,'603021,山东华鹏,66.35,75.69,66.29,72.85,70.86,-4.51,-6.3647,39.905,10534914,752096087.0,6993290000.0,1751640000.0
2015-06-11,'603021,山东华鹏,70.86,70.86,62.7,63.0,64.42,6.44,9.9969,35.0965,9265488,625328861.0,7468644000.0,1870704000.0
2015-06-10,'603021,山东华鹏,64.42,65.52,59.9,61.28,61.48,2.94,4.782,25.2153,6656835,425211310.0,6789868000.0,1700688000.0
2015-06-09,'603021,山东华鹏,61.48,62.9,59.58,60.25,60.49,0.99,1.6366,15.4112,4068568,249959205.0,6479992000.0,1623072000.0
2015-06-08,'603021,山东华鹏,60.49,66.74,60.28,66.74,66.75,-6.26,-9.3783,22.8092,6021620,375085165.0,6375646000.0,1596936000.0
2015-06-05,'603021,山东华鹏,66.75,68.9,64.2,67.9,66.75,0.0,0.0,23.3552,6165767,412582372.0,7035450000.0,1762200000.0
2015-06-04,'603021,山东华鹏,66.75,73.0,66.68,73.0,74.09,-7.34,-9.9069,26.2669,6934452,472297096.0,7035450000.0,1762200000.0
2015-06-03,'603021,山东华鹏,74.09,75.98,71.56,73.89,73.56,0.53,0.7205,27.6935,7311084,538755797.0,7809086000.0,1955976000.0
2015-06-02,'603021,山东华鹏,73.56,79.98,71.57,72.02,79.52,-5.96,-7.495,47.0651,12425198,916946349.0,7753224000.0,1941984000.0
2015-06-01,'603021,山东华鹏,79.52,84.7,79.52,84.0,88.36,-8.84,-10.0045,23.7626,6273323,504437973.0,8381408000.0,2099328000.0
2015-05-29,'603021,山东华鹏,88.36,102.0,84.2,84.2,93.55,-5.19,-5.5478,52.89,13962963,1243725109.0,9313144000.0,2332704000.0
2015-05-28,'603021,山东华鹏,93.55,114.33,93.55,114.33,103.94,-10.39,-9.9962,5.004,1321060,138270050.0,9860170000.0,2469720000.0
2015-05-27,'603021,山东华鹏,103.94,103.94,103.94,103.94,94.49,9.45,10.0011,0.4432,117010,12162019.0,10955276000.0,2744016000.0
2015-05-26,'603021,山东华鹏,94.49,94.49,94.49,94.49,85.9,8.59,10.0,0.5952,157120,14846269.0,9959246000.0,2494536000.0
2015-05-25,'603021,山东华鹏,85.9,85.9,83.09,85.9,78.09,7.81,10.0013,5.3551,1413755,121087669.0,9053860000.0,2267760000.0
2015-05-22,'603021,山东华鹏,78.09,78.09,73.0,78.09,70.99,7.1,10.0014,9.7485,2573597,200047425.0,8230686000.0,2061576000.0
2015-05-21,'603021,山东华鹏,70.99,70.99,66.0,70.0,64.54,6.45,9.9938,9.547,2520421,176828503.0,7482346000.0,1874136000.0
2015-05-20,'603021,山东华鹏,64.54,64.54,59.1,59.1,58.67,5.87,10.0051,23.4445,6189344,386301319.0,6802516000.0,1703856000.0
2015-05-19,'603021,山东华鹏,58.67,58.67,49.0,58.67,53.34,5.33,9.9925,43.5885,11507365,636490544.0,6183818000.0,1548888000.0
2015-05-18,'603021,山东华鹏,53.34,53.34,52.2,53.34,48.49,4.85,10.0021,3.4575,912770,48633937.0,5622036000.0,1408176000.0
2015-05-15,'603021,山东华鹏,48.49,48.49,44.5,48.2,44.08,4.41,10.0045,14.0499,3709186,178347267.0,5110846000.0,1280136000.0
2015-05-14,'603021,山东华鹏,44.08,44.08,41.0,42.4,40.07,4.01,10.0075,22.2139,5864457,255273600.0,4646032000.0,1163712000.0
2015-05-13,'603021,山东华鹏,40.07,40.07,34.5,36.51,36.43,3.64,9.9918,35.262,9309173,354894316.0,4223378000.0,1057848000.0
2015-05-12,'603021,山东华鹏,36.43,36.43,33.12,33.3,33.12,3.31,9.994,43.5317,11492378,405237873.0,3839722000.0,961752000.0
2015-05-11,'603021,山东华鹏,33.12,33.12,29.31,30.0,30.11,3.01,9.9967,43.3787,11451967,361199975.0,3490848000.0,874368000.0
2015-05-08,'603021,山东华鹏,30.11,32.19,27.1,27.1,29.63,0.48,1.62,54.079,14276868,417256037.0,3173594000.0,794904000.0
2015-05-07,'603021,山东华鹏,29.63,29.63,26.0,26.94,26.94,2.69,9.9852,63.1807,16679703,467638129.0,3123002000.0,782232000.0
2015-05-06,'603021,山东华鹏,26.94,26.94,26.51,26.94,24.49,2.45,10.0041,14.9793,3954524,106491597.0,2839476000.0,711216000.0
2015-05-05,'603021,山东华鹏,24.49,24.49,24.49,24.49,22.26,2.23,10.018,0.3924,103600,2537164.0,2581246000.0,646536000.0
2015-05-04,'603021,山东华鹏,22.26,22.26,22.26,22.26,20.24,2.02,9.9802,0.3223,85085,1893992.0,2346204000.0,587664000.0
2015-04-30,'603021,山东华鹏,20.24,20.24,20.24,20.24,18.4,1.84,10.0,0.261,68900,1394536.0,2133296000.0,534336000.0
2015-04-29,'603021,山东华鹏,18.4,18.4,18.4,18.4,16.73,1.67,9.9821,0.1549,40900,752560.0,1939360000.0,485760000.0
2015-04-28,'603021,山东华鹏,16.73,16.73,16.73,16.73,15.21,1.52,9.9934,0.0462,12200,204106.0,1763342000.0,441672000.0
2015-04-27,'603021,山东华鹏,15.21,15.21,15.21,15.21,13.83,1.38,9.9783,0.0538,14200,215982.0,1603134000.0,401544000.0
2015-04-24,'603021,山东华鹏,13.83,13.83,13.83,13.83,12.57,1.26,10.0239,0.0428,11300,156279.0,1457682000.0,365112000.0
2015-04-23,'603021,N华鹏,12.57,12.57,12.57,12.57,8.73,3.84,43.9863,0.1716,45300,569421.0,1324878000.0,331848000.0
