日期,股票代码,名称,收盘价,最高价,最低价,开盘价,前收盘,涨跌额,涨跌幅,换手率,成交量,成交金额,总市值,流通市值
2017-05-15,'603015,弘讯科技,10.17,10.31,10.05,10.18,10.18,-0.01,-0.0982,1.2448,1994141,20294955.0,4070034000.0,1629234000.0
2017-05-12,'603015,弘讯科技,10.18,10.28,10.05,10.22,10.26,-0.08,-0.7797,1.0291,1648586,16752362.0,4074036000.0,1630836000.0
2017-05-11,'603015,弘讯科技,10.26,10.37,10.0,10.21,10.31,-0.05,-0.485,1.1602,1858691,18921666.0,4106052000.0,1643652000.0
2017-05-10,'603015,弘讯科技,10.31,10.53,10.3,10.44,10.41,-0.1,-0.9606,0.9075,1453797,15152642.0,4126062000.0,1651662000.0
2017-05-09,'603015,弘讯科技,10.41,10.46,10.16,10.26,10.26,0.15,1.462,0.8225,1317671,13572273.0,4166082000.0,1667682000.0
2017-05-08,'603015,弘讯科技,10.26,10.7,10.22,10.62,10.66,-0.4,-3.7523,1.0951,1754400,18368720.0,4106052000.0,1643652000.0
2017-05-05,'603015,弘讯科技,10.66,10.84,10.6,10.7,10.73,-0.07,-0.6524,0.7786,1247248,13398641.0,4266132000.0,1707732000.0
2017-05-04,'603015,弘讯科技,10.73,10.87,10.65,10.78,10.78,-0.05,-0.4638,0.8136,1303319,14042483.0,4294146000.0,1718946000.0
2017-05-03,'603015,弘讯科技,10.78,10.83,10.64,10.7,10.7,0.08,0.7477,0.9819,1573065,16875306.0,4314156000.0,1726956000.0
2017-05-02,'603015,弘讯科技,10.7,10.78,10.6,10.65,10.6,0.1,0.9434,1.0003,1602524,17165424.0,4282140000.0,1714140000.0
2017-04-28,'603015,弘讯科技,10.6,10.67,10.52,10.64,10.59,0.01,0.0944,0.9835,1575555,16696078.0,4242120000.0,1698120000.0
2017-04-27,'603015,弘讯科技,10.59,10.64,10.05,10.5,10.55,0.04,0.3791,1.7566,2814020,29142817.0,4238118000.0,1696518000.0
2017-04-26,'603015,弘讯科技,10.55,10.57,10.4,10.44,10.44,0.11,1.0536,0.8056,1290604,13567162.0,4222110000.0,1690110000.0
2017-04-25,'603015,弘讯科技,10.44,10.5,10.33,10.38,10.33,0.11,1.0649,0.7739,1239856,12920727.0,4178088000.0,1672488000.0
2017-04-24,'603015,弘讯科技,10.33,10.93,10.32,10.93,10.95,-0.62,-5.6621,1.5626,2503292,26425183.0,4134066000.0,1654866000.0
2017-04-21,'603015,弘讯科技,10.95,11.1,10.93,11.04,11.04,-0.09,-0.8152,0.9992,1600796,17603985.0,4382190000.0,1754190000.0
2017-04-20,'603015,弘讯科技,11.04,11.23,10.91,11.1,11.1,-0.06,-0.5405,1.2572,2014091,22233606.0,4418208000.0,1768608000.0
2017-04-19,'603015,弘讯科技,11.1,11.19,10.89,11.11,11.22,-0.12,-1.0695,1.9571,3135220,34483701.0,4442220000.0,1778220000.0
2017-04-18,'603015,弘讯科技,11.22,11.28,11.09,11.28,11.21,0.01,0.0892,1.1233,1799552,20162315.0,4490244000.0,1797444000.0
2017-04-17,'603015,弘讯科技,11.21,11.44,11.03,11.4,11.49,-0.28,-2.4369,1.6551,2651432,29808211.0,4486242000.0,1795842000.0
2017-04-14,'603015,弘讯科技,11.49,11.85,11.46,11.76,11.81,-0.32,-2.7096,2.0008,3205339,37161207.0,4598298000.0,1840698000.0
2017-04-13,'603015,弘讯科技,11.81,11.89,11.7,11.7,11.79,0.02,0.1696,1.0797,1729744,20444699.0,4726362000.0,1891962000.0
2017-04-12,'603015,弘讯科技,11.79,12.0,11.76,12.0,12.03,-0.24,-1.995,1.8364,2941875,34933483.0,4718358000.0,1888758000.0
2017-04-11,'603015,弘讯科技,12.03,12.09,11.72,12.0,11.95,0.08,0.6695,2.4328,3897290,46394321.0,4814406000.0,1927206000.0
2017-04-10,'603015,弘讯科技,11.95,12.29,11.9,12.15,12.28,-0.33,-2.6873,2.3331,3737555,44859121.0,4782390000.0,1914390000.0
2017-04-07,'603015,弘讯科技,12.28,12.44,12.23,12.33,12.3,-0.02,-0.1626,1.9185,3073493,37904678.0,4914456000.0,1967256000.0
2017-04-06,'603015,弘讯科技,12.3,12.46,12.26,12.3,12.3,0.0,0.0,1.8292,2930410,36117857.0,4922460000.0,1970460000.0
2017-04-05,'603015,弘讯科技,12.3,12.48,12.1,12.15,12.13,0.17,1.4015,1.9308,3093115,38044242.0,4922460000.0,1970460000.0
2017-03-31,'603015,弘讯科技,12.13,12.17,11.96,11.96,11.96,0.17,1.4214,1.4998,2402639,29030398.0,4854426000.0,1943226000.0
2017-03-30,'603015,弘讯科技,11.96,12.48,11.9,12.43,12.45,-0.49,-3.9357,3.1555,5055060,61457394.0,4786392000.0,1915992000.0
2017-03-29,'603015,弘讯科技,12.45,12.76,12.41,12.67,12.71,-0.26,-2.0456,2.9351,4702091,58898380.0,4982490000.0,1994490000.0
2017-03-28,'603015,弘讯科技,12.71,12.96,12.65,12.88,12.93,-0.22,-1.7015,2.5317,4055814,51805765.0,5086542000.0,2036142000.0
2017-03-27,'603015,弘讯科技,12.93,12.94,12.62,12.63,12.62,0.31,2.4564,4.0685,6517681,83444175.0,5174586000.0,2071386000.0
2017-03-24,'603015,弘讯科技,12.62,12.64,12.46,12.55,12.59,0.03,0.2383,2.543,4073889,51117354.0,5050524000.0,2021724000.0
2017-03-23,'603015,弘讯科技,12.59,12.75,12.38,12.71,12.68,-0.09,-0.7098,3.2556,5215542,65598226.0,5038518000.0,2016918000.0
2017-03-22,'603015,弘讯科技,12.68,12.88,12.52,12.81,12.94,-0.26,-2.0093,3.3625,5386671,68290150.0,5074536000.0,2031336000.0
2017-03-21,'603015,弘讯科技,12.94,12.97,12.8,12.89,12.92,0.02,0.1548,3.1573,5058037,65108712.0,5178588000.0,2072988000.0
2017-03-20,'603015,弘讯科技,12.92,13.09,12.73,13.01,13.12,-0.2,-1.5244,5.5732,8928323,115033823.0,5170584000.0,2069784000.0
2017-03-17,'603015,弘讯科技,13.12,13.65,13.11,13.2,13.26,-0.14,-1.0558,9.3517,14981459,200463432.0,5250624000.0,2101824000.0
2017-03-16,'603015,弘讯科技,13.26,13.35,12.93,12.97,13.07,0.19,1.4537,6.9011,11055564,144798903.0,5306652000.0,2124252000.0
2017-03-15,'603015,弘讯科技,13.07,13.16,12.76,13.01,13.24,-0.17,-1.284,8.5053,13625433,176236547.0,5230614000.0,2093814000.0
2017-03-14,'603015,弘讯科技,13.24,13.66,12.38,12.38,12.62,0.62,4.9128,11.6343,18638088,244609673.0,5298648000.0,2121048000.0
2017-03-13,'603015,弘讯科技,12.62,12.83,12.08,12.16,12.17,0.45,3.6976,3.5249,5646953,70102108.0,5050524000.0,2021724000.0
2017-03-10,'603015,弘讯科技,12.17,12.38,12.11,12.38,12.39,-0.22,-1.7756,1.7008,2724660,33278950.0,4870434000.0,1949634000.0
2017-03-09,'603015,弘讯科技,12.39,12.47,12.2,12.2,12.27,0.12,0.978,2.2469,3599518,44477592.0,4958478000.0,1984878000.0
2017-03-08,'603015,弘讯科技,12.27,12.42,12.23,12.39,12.43,-0.16,-1.2872,1.4497,2322387,28594647.0,4910454000.0,1965654000.0
2017-03-07,'603015,弘讯科技,12.43,12.44,12.25,12.33,12.32,0.11,0.8929,1.9565,3134275,38626648.0,4974486000.0,1991286000.0
2017-03-06,'603015,弘讯科技,12.32,12.34,12.05,12.06,12.09,0.23,1.9024,2.345,3756633,46031713.0,4930464000.0,1973664000.0
2017-03-03,'603015,弘讯科技,12.09,12.11,11.94,12.03,12.03,0.06,0.4988,1.411,2260402,27182779.0,4838418000.0,1936818000.0
2017-03-02,'603015,弘讯科技,12.03,12.19,12.01,12.19,12.07,-0.04,-0.3314,1.2116,1940975,23456420.0,4814406000.0,1927206000.0
2017-03-01,'603015,弘讯科技,12.07,12.16,12.01,12.04,12.04,0.03,0.2492,1.525,2443000,29543338.0,4830414000.0,1933614000.0
2017-02-28,'603015,弘讯科技,12.04,12.06,11.98,12.01,12.0,0.04,0.3333,1.3301,2130896,25602855.0,4818408000.0,1928808000.0
2017-02-27,'603015,弘讯科技,12.0,12.25,12.0,12.23,12.2,-0.2,-1.6393,1.3675,2190684,26453271.0,4802400000.0,1922400000.0
2017-02-24,'603015,弘讯科技,12.2,12.22,12.12,12.17,12.17,0.03,0.2465,1.3634,2184087,26592495.0,4882440000.0,1954440000.0
2017-02-23,'603015,弘讯科技,12.17,12.26,12.03,12.07,12.07,0.1,0.8285,1.9102,3060112,37050108.0,4870434000.0,1949634000.0
2017-02-22,'603015,弘讯科技,12.07,12.18,12.0,12.17,12.11,-0.04,-0.3303,1.9371,3103160,37468661.0,4830414000.0,1933614000.0
2017-02-21,'603015,弘讯科技,12.11,12.2,11.98,12.13,12.07,0.04,0.3314,2.3743,3803615,45792419.0,4846422000.0,1940022000.0
2017-02-20,'603015,弘讯科技,12.07,12.08,11.82,11.82,11.85,0.22,1.8565,1.4737,2360853,28199481.0,4830414000.0,1933614000.0
2017-02-17,'603015,弘讯科技,11.85,12.09,11.81,11.93,11.99,-0.14,-1.1676,1.315,2106605,25169974.0,4742370000.0,1898370000.0
2017-02-16,'603015,弘讯科技,11.99,12.13,11.91,11.98,11.92,0.07,0.5872,1.2858,2059846,24740800.0,4798398000.0,1920798000.0
2017-02-15,'603015,弘讯科技,11.92,12.22,11.87,12.13,12.18,-0.26,-2.1346,1.6446,2634598,31766021.0,4770384000.0,1909584000.0
2017-02-14,'603015,弘讯科技,12.18,12.32,12.13,12.32,12.23,-0.05,-0.4088,0.9026,1446011,17622024.0,4874436000.0,1951236000.0
2017-02-13,'603015,弘讯科技,12.23,12.35,12.13,12.25,12.19,0.04,0.3281,1.2471,1997885,24487741.0,4894446000.0,1959246000.0
2017-02-10,'603015,弘讯科技,12.19,12.3,12.15,12.22,12.16,0.03,0.2467,0.8575,1373763,16784678.0,4878438000.0,1952838000.0
2017-02-09,'603015,弘讯科技,12.16,12.33,12.14,12.14,12.14,0.02,0.1647,1.0683,1711400,20963879.0,4866432000.0,1948032000.0
2017-02-08,'603015,弘讯科技,12.14,12.16,11.9,11.93,11.99,0.15,1.251,0.7469,1196583,14438731.0,4858428000.0,1944828000.0
2017-02-07,'603015,弘讯科技,11.99,12.07,11.92,12.04,12.03,-0.04,-0.3325,0.7461,1195290,14320079.0,4798398000.0,1920798000.0
2017-02-06,'603015,弘讯科技,12.03,12.07,11.68,11.7,11.73,0.3,2.5575,1.1983,1919647,22893754.0,4814406000.0,1927206000.0
2017-02-03,'603015,弘讯科技,11.73,11.88,11.6,11.88,11.88,-0.15,-1.2626,0.794,1271922,14874220.0,4694346000.0,1879146000.0
2017-01-26,'603015,弘讯科技,11.88,12.05,11.85,11.89,11.93,-0.05,-0.4191,0.8329,1334325,15898321.0,4754376000.0,1903176000.0
2017-01-25,'603015,弘讯科技,11.93,11.95,11.71,11.79,11.76,0.17,1.4456,0.9446,1513170,18004984.0,4774386000.0,1911186000.0
2017-01-24,'603015,弘讯科技,11.76,11.96,11.72,11.78,11.78,-0.02,-0.1698,1.3123,2102305,24912715.0,4706352000.0,1883952000.0
2017-01-23,'603015,弘讯科技,11.78,11.85,11.44,11.56,11.5,0.28,2.4348,1.3357,2139775,25067890.0,4714356000.0,1887156000.0
2017-01-20,'603015,弘讯科技,11.5,11.59,11.21,11.21,11.19,0.31,2.7703,1.1108,1779520,20364007.0,4602300000.0,1842300000.0
2017-01-19,'603015,弘讯科技,11.19,11.4,11.18,11.4,11.39,-0.2,-1.7559,0.7484,1198982,13527887.0,4478238000.0,1792638000.0
2017-01-18,'603015,弘讯科技,11.39,11.5,11.2,11.37,11.39,0.0,0.0,1.0784,1727562,19722744.0,4558278000.0,1824678000.0
2017-01-17,'603015,弘讯科技,11.39,11.41,10.99,11.24,11.18,0.21,1.8784,1.4909,2388417,26829261.0,4558278000.0,1824678000.0
2017-01-16,'603015,弘讯科技,11.18,12.1,10.88,12.1,11.98,-0.8,-6.6778,2.3246,3723948,42652262.0,4474236000.0,1791036000.0
2017-01-13,'603015,弘讯科技,11.98,12.35,11.97,12.27,12.25,-0.27,-2.2041,1.767,2830681,34331129.0,4794396000.0,1919196000.0
2017-01-12,'603015,弘讯科技,12.25,12.55,12.24,12.49,12.49,-0.24,-1.9215,1.0499,1682006,20862494.0,4902450000.0,1962450000.0
2017-01-11,'603015,弘讯科技,12.49,12.79,12.48,12.68,12.63,-0.14,-1.1085,1.4415,2309251,29145203.0,4998498000.0,2000898000.0
2017-01-10,'603015,弘讯科技,12.63,12.88,12.61,12.88,12.72,-0.09,-0.7075,1.4242,2281632,29091824.0,5054526000.0,2023326000.0
2017-01-09,'603015,弘讯科技,12.72,12.76,12.52,12.56,12.56,0.16,1.2739,1.4195,2274098,28798193.0,5090544000.0,2037744000.0
2017-01-06,'603015,弘讯科技,12.56,12.81,12.52,12.71,12.71,-0.15,-1.1802,1.6356,2620270,33223569.0,5026512000.0,2012112000.0
2017-01-05,'603015,弘讯科技,12.71,12.75,12.61,12.68,12.72,-0.01,-0.0786,1.4366,2301502,29208820.0,5086542000.0,2036142000.0
2017-01-04,'603015,弘讯科技,12.72,12.77,12.5,12.57,12.64,0.08,0.6329,1.8343,2938544,37158195.0,5090544000.0,2037744000.0
2017-01-03,'603015,弘讯科技,12.64,12.67,12.37,12.46,12.35,0.29,2.3482,2.0141,3226664,40486660.0,5058528000.0,2024928000.0
2016-12-30,'603015,弘讯科技,12.35,12.43,12.3,12.35,12.32,0.03,0.2435,1.0074,1613930,19942268.0,4942470000.0,1978470000.0
2016-12-29,'603015,弘讯科技,12.32,12.49,12.29,12.38,12.36,-0.04,-0.3236,1.2119,1941516,24027832.0,4930464000.0,1973664000.0
2016-12-28,'603015,弘讯科技,12.36,12.52,12.33,12.33,12.41,-0.05,-0.4029,1.1869,1901470,23647754.0,4946472000.0,1980072000.0
2016-12-27,'603015,弘讯科技,12.41,12.55,12.32,12.36,12.41,0.0,0.0,1.1353,1818689,22644220.0,4966482000.0,1988082000.0
2016-12-26,'603015,弘讯科技,12.41,12.48,12.11,12.3,12.3,0.11,0.8943,1.5035,2408684,29444734.0,4966482000.0,1988082000.0
2016-12-23,'603015,弘讯科技,12.3,12.63,12.29,12.63,12.56,-0.26,-2.0701,1.1681,1871363,23258154.0,4922460000.0,1970460000.0
2016-12-22,'603015,弘讯科技,12.56,12.66,12.45,12.6,12.57,-0.01,-0.0796,1.1227,1798584,22530259.0,5026512000.0,2012112000.0
2016-12-21,'603015,弘讯科技,12.57,12.63,12.32,12.32,12.37,0.2,1.6168,1.4526,2327091,29150776.0,5030514000.0,2013714000.0
2016-12-20,'603015,弘讯科技,12.37,12.5,12.3,12.5,12.3,0.07,0.5691,1.4253,2283348,28291757.0,4950474000.0,1981674000.0
2016-12-19,'603015,弘讯科技,12.3,12.42,12.22,12.34,12.34,-0.04,-0.3241,1.3028,2087041,25694868.0,4922460000.0,1970460000.0
2016-12-16,'603015,弘讯科技,12.34,12.37,12.11,12.17,12.16,0.18,1.4803,1.6936,2713151,33323927.0,4938468000.0,1976868000.0
2016-12-15,'603015,弘讯科技,12.16,12.25,11.95,12.0,11.99,0.17,1.4178,1.4863,2381020,28880613.0,4866432000.0,1948032000.0
2016-12-14,'603015,弘讯科技,11.99,12.26,11.93,12.25,12.24,-0.25,-2.0425,2.103,3368956,40685109.0,4798398000.0,1920798000.0
2016-12-13,'603015,弘讯科技,12.24,12.36,12.04,12.19,12.18,0.06,0.4926,1.7081,2736375,33319531.0,4898448000.0,1960848000.0
2016-12-12,'603015,弘讯科技,12.18,13.15,12.13,13.04,13.12,-0.94,-7.1646,3.6527,5851686,73500488.0,4874436000.0,1951236000.0
2016-12-09,'603015,弘讯科技,13.12,13.28,13.0,13.19,13.15,-0.03,-0.2281,1.8433,2953012,38776677.0,5250624000.0,2101824000.0
2016-12-08,'603015,弘讯科技,13.15,13.47,13.1,13.47,13.44,-0.29,-2.1577,1.4092,2257499,30135038.0,5262630000.0,2106630000.0
2016-12-07,'603015,弘讯科技,13.44,13.46,13.24,13.24,13.28,0.16,1.2048,1.4007,2243889,29948850.0,5378688000.0,2153088000.0
2016-12-06,'603015,弘讯科技,13.28,13.35,13.18,13.31,13.24,0.04,0.3021,1.356,2172363,28812807.0,5314656000.0,2127456000.0
2016-12-05,'603015,弘讯科技,13.24,13.38,13.02,13.14,13.19,0.05,0.3791,1.4977,2399250,31764327.0,5298648000.0,2121048000.0
2016-12-02,'603015,弘讯科技,13.19,13.74,13.18,13.68,13.68,-0.49,-3.5819,3.1849,5102214,68378171.0,5278638000.0,2113038000.0
2016-12-01,'603015,弘讯科技,13.68,13.72,13.55,13.65,13.64,0.04,0.2933,2.1111,3382055,46133427.0,5474736000.0,2191536000.0
2016-11-30,'603015,弘讯科技,13.64,13.8,13.53,13.74,13.76,-0.12,-0.8721,2.2094,3539431,48333474.0,5458728000.0,2185128000.0
2016-11-29,'603015,弘讯科技,13.76,14.1,13.55,14.02,13.98,-0.22,-1.5737,4.2654,6833138,94547524.0,5506752000.0,2204352000.0
2016-11-28,'603015,弘讯科技,13.98,14.2,13.91,14.12,14.17,-0.19,-1.3409,3.6194,5798322,81507843.0,5594796000.0,2239596000.0
2016-11-25,'603015,弘讯科技,14.17,14.39,13.8,14.21,14.22,-0.05,-0.3516,5.1012,8172155,115130491.0,5670834000.0,2270034000.0
2016-11-24,'603015,弘讯科技,14.22,14.53,14.1,14.17,14.17,0.05,0.3529,7.5168,12041865,172101025.0,5690844000.0,2278044000.0
2016-11-23,'603015,弘讯科技,14.17,14.45,14.07,14.42,14.47,-0.3,-2.0733,9.1395,14641522,208434203.0,5670834000.0,2270034000.0
2016-11-22,'603015,弘讯科技,14.47,15.11,13.75,13.78,13.74,0.73,5.313,15.4653,24775338,362816407.0,5790894000.0,2318094000.0
2016-11-21,'603015,弘讯科技,13.74,13.87,13.67,13.75,13.72,0.02,0.1458,2.7468,4400337,60531590.0,5498748000.0,2201148000.0
2016-11-18,'603015,弘讯科技,13.72,13.95,13.68,13.89,13.94,-0.22,-1.5782,3.336,5344339,73823117.0,5490744000.0,2197944000.0
2016-11-17,'603015,弘讯科技,13.94,13.98,13.71,13.82,13.9,0.04,0.2878,3.6043,5774065,80186101.0,5578788000.0,2233188000.0
2016-11-16,'603015,弘讯科技,13.9,14.15,13.87,14.09,14.05,-0.15,-1.0676,5.8274,9335568,130790563.0,5562780000.0,2226780000.0
2016-11-15,'603015,弘讯科技,14.05,14.06,13.6,13.75,13.76,0.29,2.1076,6.7939,10883802,150783518.0,5622810000.0,2250810000.0
2016-11-14,'603015,弘讯科技,13.76,13.93,13.63,13.63,13.63,0.13,0.9538,5.3138,8512729,117278827.0,5506752000.0,2204352000.0
2016-11-11,'603015,弘讯科技,13.63,13.79,13.52,13.55,13.6,0.03,0.2206,5.0006,8011023,109135818.0,5454726000.0,2183526000.0
2016-11-10,'603015,弘讯科技,13.6,13.67,13.36,13.48,13.34,0.26,1.949,4.7903,7674041,103962475.0,5442720000.0,2178720000.0
2016-11-09,'603015,弘讯科技,13.34,13.62,13.12,13.54,13.63,-0.29,-2.1277,4.7715,7643874,102110591.0,5338668000.0,2137068000.0
2016-11-08,'603015,弘讯科技,13.63,13.65,13.45,13.57,13.59,0.04,0.2943,4.3513,6970790,94415609.0,5454726000.0,2183526000.0
2016-11-07,'603015,弘讯科技,13.59,13.97,13.46,13.8,13.73,-0.14,-1.0197,7.4214,11889044,161935239.0,5438718000.0,2177118000.0
2016-11-04,'603015,弘讯科技,13.73,13.75,13.1,13.15,13.12,0.61,4.6494,11.421,18296404,247593587.0,5494746000.0,2199546000.0
2016-11-03,'603015,弘讯科技,13.12,13.18,12.93,12.97,13.0,0.12,0.9231,2.7129,4346083,56807233.0,5250624000.0,2101824000.0
2016-11-02,'603015,弘讯科技,13.0,13.15,12.93,13.01,13.09,-0.09,-0.6875,2.6902,4309702,56095412.0,5202600000.0,2082600000.0
2016-11-01,'603015,弘讯科技,13.09,13.09,12.87,13.0,13.0,0.09,0.6923,3.1584,5059786,65600142.0,5238618000.0,2097018000.0
2016-10-31,'603015,弘讯科技,13.0,13.18,12.8,13.18,13.27,-0.27,-2.0347,2.6159,4190751,54407266.0,5202600000.0,2082600000.0
2016-10-28,'603015,弘讯科技,13.27,13.43,13.21,13.37,13.33,-0.06,-0.4501,2.1369,3423370,45579342.0,5310654000.0,2125854000.0
2016-10-27,'603015,弘讯科技,13.33,13.34,13.17,13.17,13.23,0.1,0.7559,1.6705,2676172,35541176.0,5334666000.0,2135466000.0
2016-10-26,'603015,弘讯科技,13.23,13.38,13.19,13.36,13.39,-0.16,-1.1949,2.3091,3699146,49060273.0,5294646000.0,2119446000.0
2016-10-25,'603015,弘讯科技,13.39,13.45,13.26,13.3,13.3,0.09,0.6767,2.1212,3398185,45460863.0,5358678000.0,2145078000.0
2016-10-24,'603015,弘讯科技,13.3,13.38,13.15,13.25,13.26,0.04,0.3017,2.2132,3545599,47116332.0,5322660000.0,2130660000.0
2016-10-21,'603015,弘讯科技,13.26,13.5,13.1,13.35,13.46,-0.2,-1.4859,3.227,5169625,68651583.0,5306652000.0,2124252000.0
2016-10-20,'603015,弘讯科技,13.46,13.53,13.08,13.16,13.14,0.32,2.4353,4.5457,7282180,97250209.0,5386692000.0,2156292000.0
2016-10-19,'603015,弘讯科技,13.14,13.27,13.03,13.2,13.21,-0.07,-0.5299,1.6202,2595594,34171645.0,5258628000.0,2105028000.0
2016-10-18,'603015,弘讯科技,13.21,13.22,12.96,12.98,12.98,0.23,1.772,1.8711,2997515,39304061.0,5286642000.0,2116242000.0
2016-10-17,'603015,弘讯科技,12.98,13.24,12.95,13.11,13.1,-0.12,-0.916,1.6331,2616205,34335482.0,5194596000.0,2079396000.0
2016-10-14,'603015,弘讯科技,13.1,13.18,13.0,13.18,13.19,-0.09,-0.6823,1.2946,2073979,27095935.0,5242620000.0,2098620000.0
2016-10-13,'603015,弘讯科技,13.19,13.25,13.12,13.2,13.26,-0.07,-0.5279,1.8621,2983152,39298302.0,5278638000.0,2113038000.0
2016-10-12,'603015,弘讯科技,13.26,13.27,12.92,12.99,13.01,0.25,1.9216,2.8732,4602902,60312123.0,5306652000.0,2124252000.0
2016-10-11,'603015,弘讯科技,13.01,13.06,12.91,13.06,13.01,0.0,0.0,1.9014,3046058,39545671.0,5206602000.0,2084202000.0
2016-10-10,'603015,弘讯科技,13.01,13.06,12.82,12.85,12.77,0.24,1.8794,1.9289,3090089,40007940.0,5206602000.0,2084202000.0
2016-09-30,'603015,弘讯科技,12.77,12.8,12.68,12.73,12.72,0.05,0.3931,0.9093,1456660,18569826.0,5110554000.0,2045754000.0
2016-09-29,'603015,弘讯科技,12.72,12.83,12.68,12.78,12.78,-0.06,-0.4695,1.1177,1790626,22821986.0,5090544000.0,2037744000.0
2016-09-28,'603015,弘讯科技,12.78,12.84,12.7,12.7,12.72,0.06,0.4717,0.9029,1446513,18454922.0,5114556000.0,2047356000.0
2016-09-27,'603015,弘讯科技,12.72,12.74,12.53,12.53,12.54,0.18,1.4354,0.9833,1575299,19878233.0,5090544000.0,2037744000.0
2016-09-26,'603015,弘讯科技,12.54,13.09,12.52,13.09,13.0,-0.46,-3.5385,2.087,3343400,42721382.0,5018508000.0,2008908000.0
2016-09-23,'603015,弘讯科技,13.0,13.14,12.97,12.98,12.96,0.04,0.3086,1.5087,2416889,31513111.0,5202600000.0,2082600000.0
2016-09-22,'603015,弘讯科技,12.96,13.1,12.94,13.05,12.97,-0.01,-0.0771,1.2245,1961644,25527268.0,5186592000.0,2076192000.0
2016-09-21,'603015,弘讯科技,12.97,13.05,12.86,12.86,12.91,0.06,0.4648,1.1273,1805900,23453128.0,5190594000.0,2077794000.0
2016-09-20,'603015,弘讯科技,12.91,13.05,12.86,13.0,13.0,-0.09,-0.6923,1.1404,1826875,23599915.0,5166582000.0,2068182000.0
2016-09-19,'603015,弘讯科技,13.0,13.1,12.76,12.82,12.79,0.21,1.6419,1.5994,2562298,33157706.0,5202600000.0,2082600000.0
2016-09-14,'603015,弘讯科技,12.79,12.87,12.61,12.71,12.82,-0.03,-0.234,1.5069,2413990,30753836.0,5118558000.0,2048958000.0
2016-09-13,'603015,弘讯科技,12.82,12.92,12.65,12.82,12.73,0.09,0.707,1.6605,2660172,33966468.0,5130564000.0,2053764000.0
2016-09-12,'603015,弘讯科技,12.73,13.1,12.7,13.1,13.33,-0.6,-4.5011,2.7267,4368244,56406933.0,5094546000.0,2039346000.0
2016-09-09,'603015,弘讯科技,13.33,13.58,13.32,13.57,13.57,-0.24,-1.7686,2.7278,4369867,58709243.0,5334666000.0,2135466000.0
2016-09-08,'603015,弘讯科技,13.57,13.58,13.27,13.28,13.3,0.27,2.0301,2.825,4525701,60750674.0,5430714000.0,2173914000.0
2016-09-07,'603015,弘讯科技,13.3,13.47,13.27,13.43,13.39,-0.09,-0.6721,2.6839,4299530,57532850.0,5322660000.0,2130660000.0
2016-09-06,'603015,弘讯科技,13.39,13.44,13.12,13.29,13.24,0.15,1.1329,3.0891,4948805,65968617.0,5358678000.0,2145078000.0
2016-09-05,'603015,弘讯科技,13.24,13.32,13.09,13.09,13.07,0.17,1.3007,2.1575,3456392,45808051.0,5298648000.0,2121048000.0
2016-09-02,'603015,弘讯科技,13.07,13.22,13.03,13.11,13.09,-0.02,-0.1528,1.8617,2982381,39142974.0,5230614000.0,2093814000.0
2016-09-01,'603015,弘讯科技,13.09,13.35,13.07,13.28,13.28,-0.19,-1.4307,2.1183,3393490,44883172.0,5238618000.0,2097018000.0
2016-08-31,'603015,弘讯科技,13.28,13.33,13.11,13.27,13.28,0.0,0.0,1.5125,2423097,32091996.0,5314656000.0,2127456000.0
2016-08-30,'603015,弘讯科技,13.28,13.38,13.18,13.34,13.29,-0.01,-0.0752,2.2227,3560700,47230171.0,5314656000.0,2127456000.0
2016-08-29,'603015,弘讯科技,13.29,13.3,13.16,13.16,13.19,0.1,0.7582,1.9188,3073859,40707628.0,5318658000.0,2129058000.0
2016-08-26,'603015,弘讯科技,13.19,13.32,12.98,13.03,13.0,0.19,1.4615,2.5437,4075078,53669409.0,5278638000.0,2113038000.0
2016-08-25,'603015,弘讯科技,13.0,13.18,12.86,13.11,13.19,-0.19,-1.4405,2.5898,4148811,53815469.0,5202600000.0,2082600000.0
2016-08-24,'603015,弘讯科技,13.19,13.36,12.88,12.88,12.83,0.36,2.8059,3.8196,6119079,80701276.0,5278638000.0,2113038000.0
2016-08-23,'603015,弘讯科技,12.83,13.08,12.76,12.97,12.92,-0.09,-0.6966,1.7696,2834900,36644402.0,5134566000.0,2055366000.0
2016-08-22,'603015,弘讯科技,12.92,13.28,12.9,13.23,13.22,-0.3,-2.2693,1.7409,2788990,36453061.0,5170584000.0,2069784000.0
2016-08-19,'603015,弘讯科技,13.22,13.28,13.08,13.1,13.2,0.02,0.1515,2.106,3373837,44480258.0,5290644000.0,2117844000.0
2016-08-18,'603015,弘讯科技,13.2,13.4,13.16,13.37,13.3,-0.1,-0.7519,2.4082,3858010,51211641.0,5282640000.0,2114640000.0
2016-08-17,'603015,弘讯科技,13.3,13.45,13.13,13.17,13.17,0.13,0.9871,2.4061,3854607,51106845.0,5322660000.0,2130660000.0
2016-08-16,'603015,弘讯科技,13.17,13.3,13.07,13.2,13.17,0.0,0.0,2.7358,4382742,57703975.0,5270634000.0,2109834000.0
2016-08-15,'603015,弘讯科技,13.17,13.18,12.76,12.8,12.83,0.34,2.65,2.805,4493666,58540725.0,5270634000.0,2109834000.0
2016-08-12,'603015,弘讯科技,12.83,12.85,12.58,12.72,12.72,0.11,0.8648,1.9061,3053636,38830947.0,5134566000.0,2055366000.0
2016-08-11,'603015,弘讯科技,12.72,13.06,12.69,12.92,13.06,-0.34,-2.6034,1.8711,2997580,38555693.0,5090544000.0,2037744000.0
2016-08-10,'603015,弘讯科技,13.06,13.28,13.0,13.12,13.08,-0.02,-0.1529,2.2446,3595919,47270720.0,5226612000.0,2092212000.0
2016-08-09,'603015,弘讯科技,13.08,13.13,12.9,12.93,12.96,0.12,0.9259,1.9064,3054052,39791099.0,5234616000.0,2095416000.0
2016-08-08,'603015,弘讯科技,12.96,12.99,12.48,12.71,12.8,0.16,1.25,2.2136,3546239,45162142.0,5186592000.0,2076192000.0
2016-08-05,'603015,弘讯科技,12.8,13.15,12.76,13.15,12.99,-0.19,-1.4627,1.8358,2940892,37977461.0,5122560000.0,2050560000.0
2016-08-04,'603015,弘讯科技,12.99,13.05,12.83,12.92,12.92,0.07,0.5418,1.7539,2809823,36404994.0,5198598000.0,2080998000.0
2016-08-03,'603015,弘讯科技,12.92,12.94,12.78,12.84,12.9,0.02,0.155,1.7323,2775094,35711304.0,5170584000.0,2069784000.0
2016-08-02,'603015,弘讯科技,12.9,12.93,12.45,12.45,12.77,0.13,1.018,1.7531,2808398,36031139.0,5162580000.0,2066580000.0
2016-08-01,'603015,弘讯科技,12.77,13.12,12.55,13.1,13.2,-0.43,-3.2576,3.1671,5073650,64621237.0,5110554000.0,2045754000.0
2016-07-29,'603015,弘讯科技,13.2,13.38,13.07,13.32,13.23,-0.03,-0.2268,2.1835,3498001,46162112.0,5282640000.0,2114640000.0
2016-07-28,'603015,弘讯科技,13.23,13.61,13.03,13.44,13.42,-0.19,-1.4158,4.3052,6897002,91938009.0,5294646000.0,2119446000.0
2016-07-27,'603015,弘讯科技,13.42,14.66,13.35,14.58,14.61,-1.19,-8.1451,8.8164,14123893,196794705.0,5370684000.0,2149884000.0
2016-07-26,'603015,弘讯科技,14.61,14.74,14.4,14.5,14.57,0.04,0.2745,5.7344,9186487,133829789.0,5846922000.0,2340522000.0
2016-07-25,'603015,弘讯科技,14.57,14.59,14.01,14.01,14.09,0.48,3.4067,6.7983,10890946,156255316.0,5830914000.0,2334114000.0
2016-07-22,'603015,弘讯科技,14.09,14.45,14.08,14.4,14.42,-0.33,-2.2885,4.4184,7078302,100477233.0,5638818000.0,2257218000.0
2016-07-21,'603015,弘讯科技,14.42,14.68,14.35,14.49,14.37,0.05,0.3479,6.3886,10234548,148508142.0,5770884000.0,2310084000.0
2016-07-20,'603015,弘讯科技,14.37,14.74,14.0,14.14,14.14,0.23,1.6266,7.0378,11274529,162373093.0,5750874000.0,2302074000.0
2016-07-19,'603015,弘讯科技,14.14,14.17,13.88,13.95,13.92,0.22,1.5805,3.1479,5042986,70835770.0,5658828000.0,2265228000.0
2016-07-18,'603015,弘讯科技,13.92,14.24,13.85,14.19,14.19,-0.27,-1.9027,3.6166,5793857,81010543.0,5570784000.0,2229984000.0
2016-07-15,'603015,弘讯科技,14.19,14.42,14.09,14.38,14.36,-0.17,-1.1838,3.877,6210923,88344834.0,5678838000.0,2273238000.0
2016-07-14,'603015,弘讯科技,14.36,14.54,14.23,14.54,14.5,-0.14,-0.9655,3.9629,6348488,91038697.0,5746872000.0,2300472000.0
2016-07-13,'603015,弘讯科技,14.5,14.74,14.32,14.54,14.54,-0.04,-0.2751,6.2451,10004685,145446905.0,5802900000.0,2322900000.0
2016-07-12,'603015,弘讯科技,14.54,14.57,14.03,14.36,14.45,0.09,0.6228,6.6498,10652944,152632459.0,5818908000.0,2329308000.0
2016-07-11,'603015,弘讯科技,14.45,14.7,14.25,14.42,14.42,0.03,0.208,7.0909,11359593,164603822.0,5782890000.0,2314890000.0
2016-07-08,'603015,弘讯科技,14.42,14.74,14.35,14.57,14.77,-0.35,-2.3697,11.3307,18151823,263181982.0,5770884000.0,2310084000.0
2016-07-07,'603015,弘讯科技,14.77,14.87,13.95,14.15,14.21,0.56,3.9409,15.73,25199417,365532947.0,5910954000.0,2366154000.0
2016-07-06,'603015,弘讯科技,14.21,14.52,13.45,13.54,13.53,0.68,5.0259,13.025,20866071,293570027.0,5686842000.0,2276442000.0
2016-07-05,'603015,弘讯科技,13.53,13.67,13.29,13.5,13.53,0.0,0.0,4.6338,7423353,99994597.0,5414706000.0,2167506000.0
2016-07-04,'603015,弘讯科技,13.53,13.73,13.08,13.08,13.32,0.21,1.5766,5.1646,8273712,111412998.0,5414706000.0,2167506000.0
2016-07-01,'603015,弘讯科技,13.32,13.87,13.3,13.76,13.89,-0.57,-4.1037,8.0822,12947629,175304286.0,5330664000.0,2133864000.0
2016-06-30,'603015,弘讯科技,13.89,13.97,13.41,13.46,13.42,0.47,3.5022,6.4655,10357706,141866832.0,5558778000.0,2225178000.0
2016-06-29,'603015,弘讯科技,13.42,13.7,13.35,13.55,13.55,-0.13,-0.9594,3.6592,5862001,78915608.0,5370684000.0,2149884000.0
2016-06-28,'603015,弘讯科技,13.55,13.59,13.13,13.25,13.41,0.14,1.044,5.0321,8061350,108051365.0,5422710000.0,2170710000.0
2016-06-27,'603015,弘讯科技,13.41,13.47,12.86,12.87,13.09,0.32,2.4446,4.7312,7579353,100319114.0,5366682000.0,2148282000.0
2016-06-24,'603015,弘讯科技,13.09,13.54,12.31,13.1,13.26,-0.17,-1.2821,5.195,8322381,109051479.0,5238618000.0,2097018000.0
2016-06-23,'603015,弘讯科技,13.26,13.59,13.16,13.49,13.81,-0.55,-3.9826,5.7964,9285867,123795247.0,5306652000.0,2124252000.0
2016-06-22,'603015,DR弘讯科,13.81,13.92,13.31,13.8,13.55,0.26,1.9188,2.8992,4644577,63499888.0,5526762000.0,2212362000.0
2016-06-21,'603015,弘讯科技,27.2,28.6,26.92,28.3,28.29,-1.09,-3.853,7.0261,5627935,156172703.0,5442720000.0,2178720000.0
2016-06-20,'603015,弘讯科技,28.29,28.6,27.41,28.4,28.36,-0.07,-0.2468,6.652,5328262,148814733.0,5660829000.0,2266029000.0
2016-06-17,'603015,弘讯科技,28.36,29.13,27.05,27.05,26.98,1.38,5.1149,9.7717,7827171,220030701.0,5674836000.0,2271636000.0
2016-06-16,'603015,弘讯科技,26.98,27.88,26.72,27.6,26.51,0.47,1.7729,6.4854,5194812,141460483.0,5398698000.0,2161098000.0
2016-06-15,'603015,弘讯科技,26.51,26.68,24.8,24.9,25.41,1.1,4.329,4.9243,3944353,103270799.0,5304651000.0,2123451000.0
2016-06-14,'603015,弘讯科技,25.41,25.59,24.7,24.93,24.93,0.48,1.9254,3.0,2402995,60768422.0,5084541000.0,2035341000.0
2016-06-13,'603015,弘讯科技,24.93,26.9,24.9,26.88,27.52,-2.59,-9.4113,6.2717,5023600,131082402.0,4988493000.0,1996893000.0
2016-06-08,'603015,弘讯科技,27.52,27.97,27.03,27.97,28.0,-0.48,-1.7143,5.9336,4752814,130484869.0,5506752000.0,2204352000.0
2016-06-07,'603015,弘讯科技,28.0,28.37,26.59,26.59,26.57,1.43,5.382,8.7083,6975344,192133221.0,5602800000.0,2242800000.0
2016-06-06,'603015,弘讯科技,26.57,27.15,26.32,26.95,26.93,-0.36,-1.3368,3.9671,3177656,84541190.0,5316657000.0,2128257000.0
2016-06-03,'603015,弘讯科技,26.93,27.07,26.2,26.68,26.57,0.36,1.3549,6.5927,5280744,140727905.0,5388693000.0,2157093000.0
2016-06-02,'603015,弘讯科技,26.57,26.7,25.59,25.59,25.45,1.12,4.4008,6.8812,5511859,145525424.0,5316657000.0,2128257000.0
2016-06-01,'603015,弘讯科技,25.45,25.59,25.13,25.24,25.12,0.33,1.3137,4.6402,3716767,94206944.0,5092545000.0,2038545000.0
2016-05-31,'603015,弘讯科技,25.12,25.2,23.78,23.78,23.88,1.24,5.1926,4.8389,3875961,95810350.0,5026512000.0,2012112000.0
2016-05-30,'603015,弘讯科技,23.88,24.2,23.61,23.8,23.98,-0.1,-0.417,1.8137,1452762,34712587.0,4778388000.0,1912788000.0
2016-05-27,'603015,弘讯科技,23.98,24.15,23.65,23.88,23.9,0.08,0.3347,2.5367,2031859,48668730.0,4798398000.0,1920798000.0
2016-05-26,'603015,弘讯科技,23.9,23.95,23.05,23.8,23.85,0.05,0.2096,1.773,1420190,33399461.0,4782390000.0,1914390000.0
2016-05-25,'603015,弘讯科技,23.85,24.12,23.6,24.0,23.75,0.1,0.4211,1.6051,1285678,30714809.0,4772385000.0,1910385000.0
2016-05-24,'603015,弘讯科技,23.75,24.18,23.48,24.18,24.18,-0.43,-1.7783,1.7276,1383816,32848057.0,4752375000.0,1902375000.0
2016-05-23,'603015,弘讯科技,24.18,24.3,23.78,23.78,23.69,0.49,2.0684,2.104,1685342,40618820.0,4838418000.0,1936818000.0
2016-05-20,'603015,弘讯科技,23.69,23.74,23.0,23.16,23.24,0.45,1.9363,1.4621,1171106,27436634.0,4740369000.0,1897569000.0
2016-05-19,'603015,弘讯科技,23.24,23.8,23.08,23.08,23.19,0.05,0.2156,1.5921,1275307,29977353.0,4650324000.0,1861524000.0
2016-05-18,'603015,弘讯科技,23.19,23.92,22.91,23.76,23.99,-0.8,-3.3347,2.1728,1740450,40618869.0,4640319000.0,1857519000.0
2016-05-17,'603015,弘讯科技,23.99,24.43,23.66,24.2,24.21,-0.22,-0.9087,1.8709,1498595,35997239.0,4800399000.0,1921599000.0
2016-05-16,'603015,弘讯科技,24.21,24.3,23.23,23.4,23.4,0.81,3.4615,2.2377,1792378,42593628.0,4844421000.0,1939221000.0
2016-05-13,'603015,弘讯科技,23.4,24.09,23.24,23.78,23.76,-0.36,-1.5152,1.8724,1499769,35556443.0,4682340000.0,1874340000.0
2016-05-12,'603015,弘讯科技,23.76,23.8,23.07,23.5,23.98,-0.22,-0.9174,2.0706,1658536,38917614.0,4754376000.0,1903176000.0
2016-05-11,'603015,弘讯科技,23.98,24.9,23.93,24.81,24.61,-0.63,-2.5599,2.5174,2016410,49127762.0,4798398000.0,1920798000.0
2016-05-10,'603015,弘讯科技,24.61,24.94,24.5,24.57,24.55,0.06,0.2444,1.8225,1459851,36073270.0,4924461000.0,1971261000.0
2016-05-09,'603015,弘讯科技,24.55,25.64,24.46,25.0,25.73,-1.18,-4.5861,3.9351,3152043,78125227.0,4912455000.0,1966455000.0
2016-05-06,'603015,弘讯科技,25.73,27.36,25.71,26.73,26.73,-1.0,-3.7411,6.7578,5412993,144312247.0,5148573000.0,2060973000.0
2016-05-05,'603015,弘讯科技,26.73,26.75,25.91,26.08,26.16,0.57,2.1789,4.505,3608470,95204185.0,5348673000.0,2141073000.0
2016-05-04,'603015,弘讯科技,26.16,26.33,25.71,25.97,25.97,0.19,0.7316,3.8479,3082138,80371676.0,5234616000.0,2095416000.0
2016-05-03,'603015,弘讯科技,25.97,26.0,24.93,25.16,25.2,0.77,3.0556,4.1312,3309126,84742852.0,5196597000.0,2080197000.0
2016-04-29,'603015,弘讯科技,25.2,25.45,24.89,25.1,25.25,-0.05,-0.198,1.9846,1589627,40069280.0,5042520000.0,2018520000.0
2016-04-28,'603015,弘讯科技,25.25,25.5,24.6,25.35,25.46,-0.21,-0.8248,2.8825,2308911,57833020.0,5052525000.0,2022525000.0
2016-04-27,'603015,弘讯科技,25.46,25.95,25.35,25.4,25.38,0.08,0.3152,3.5628,2853782,72981327.0,5094546000.0,2039346000.0
2016-04-26,'603015,弘讯科技,25.38,25.4,24.68,25.0,25.13,0.25,0.9948,3.6509,2924338,73174003.0,5078538000.0,2032938000.0
2016-04-25,'603015,弘讯科技,25.13,25.2,24.67,25.0,25.16,-0.03,-0.1192,1.9439,1557073,38823649.0,5028513000.0,2012913000.0
2016-04-22,'603015,弘讯科技,25.16,25.2,24.41,24.5,24.63,0.53,2.1518,2.9953,2399238,59858777.0,5034516000.0,2015316000.0
2016-04-21,'603015,弘讯科技,24.63,25.19,24.58,24.91,24.93,-0.3,-1.2034,3.0998,2482933,61871762.0,4928463000.0,1972863000.0
2016-04-20,'603015,弘讯科技,24.93,27.0,24.55,26.92,26.78,-1.85,-6.9081,5.6095,4493196,114744824.0,4988493000.0,1996893000.0
2016-04-19,'603015,弘讯科技,26.78,27.19,26.43,27.08,26.88,-0.1,-0.372,3.4726,2781570,74430819.0,5358678000.0,2145078000.0
2016-04-18,'603015,弘讯科技,26.88,27.5,26.65,27.5,27.67,-0.79,-2.8551,3.7358,2992350,80781465.0,5378688000.0,2153088000.0
2016-04-15,'603015,弘讯科技,27.67,28.01,27.53,28.0,28.06,-0.39,-1.3899,3.4694,2779009,77049600.0,5536767000.0,2216367000.0
2016-04-14,'603015,弘讯科技,28.06,28.1,27.29,27.67,27.36,0.7,2.5585,4.3227,3462455,95753544.0,5614806000.0,2247606000.0
2016-04-13,'603015,弘讯科技,27.36,27.87,27.2,27.49,27.1,0.26,0.9594,5.1667,4138512,114229623.0,5474736000.0,2191536000.0
2016-04-12,'603015,弘讯科技,27.1,27.95,26.7,27.91,27.86,-0.76,-2.7279,4.8794,3908431,106221557.0,5422710000.0,2170710000.0
2016-04-11,'603015,弘讯科技,27.86,28.45,27.71,27.88,27.49,0.37,1.3459,4.7569,3810312,107001265.0,5574786000.0,2231586000.0
2016-04-08,'603015,弘讯科技,27.49,27.8,26.9,27.5,27.94,-0.45,-1.6106,5.7748,4625585,126385629.0,5500749000.0,2201949000.0
2016-04-07,'603015,弘讯科技,27.94,29.29,27.86,28.57,28.31,-0.37,-1.307,8.855,7092887,203770476.0,5590794000.0,2237994000.0
2016-04-06,'603015,弘讯科技,28.31,28.8,27.54,27.8,27.93,0.38,1.3605,7.7222,6185458,174261015.0,5664831000.0,2267631000.0
2016-04-05,'603015,弘讯科技,27.93,28.2,26.68,27.2,27.08,0.85,3.1388,7.7661,6220647,171363683.0,5588793000.0,2237193000.0
2016-04-01,'603015,弘讯科技,27.08,27.13,26.05,26.25,26.41,0.67,2.5369,6.4727,5184659,138414368.0,5418708000.0,2169108000.0
2016-03-31,'603015,弘讯科技,26.41,27.28,26.27,27.0,26.64,-0.23,-0.8634,6.0829,4872398,130297439.0,5284641000.0,2115441000.0
2016-03-30,'603015,弘讯科技,26.64,26.66,25.25,25.35,24.9,1.74,6.988,5.3606,4293813,111391731.0,5330664000.0,2133864000.0
2016-03-29,'603015,弘讯科技,24.9,26.18,24.8,25.9,25.98,-1.08,-4.157,4.6924,3758593,95197037.0,4982490000.0,1994490000.0
2016-03-28,'603015,弘讯科技,25.98,27.39,25.82,26.51,26.39,-0.41,-1.5536,4.8594,3892389,103804076.0,5198598000.0,2080998000.0
2016-03-25,'603015,弘讯科技,26.39,27.18,25.8,26.17,26.65,-0.26,-0.9756,7.2167,5780562,153111134.0,5280639000.0,2113839000.0
2016-03-24,'603015,弘讯科技,26.65,27.98,25.81,26.2,26.55,0.1,0.3766,11.4357,9159960,247174660.0,5332665000.0,2134665000.0
2016-03-23,'603015,弘讯科技,26.55,26.88,24.51,24.51,24.84,1.71,6.8841,10.0101,8018125,207386965.0,5312655000.0,2126655000.0
2016-03-22,'603015,弘讯科技,24.84,25.12,24.4,24.7,25.03,-0.19,-0.7591,5.9071,4731549,117204350.0,4970484000.0,1989684000.0
2016-03-21,'603015,弘讯科技,25.03,25.26,24.46,24.63,24.35,0.68,2.7926,7.2661,5820177,144344405.0,5008503000.0,2004903000.0
2016-03-18,'603015,弘讯科技,24.35,24.66,23.42,23.43,23.33,1.02,4.3721,7.2267,5788596,140025317.0,4872435000.0,1950435000.0
2016-03-17,'603015,弘讯科技,23.33,23.38,22.4,22.57,22.31,1.02,4.5719,4.1545,3327718,76427057.0,4668333000.0,1868733000.0
2016-03-16,'603015,弘讯科技,22.31,23.18,22.1,23.08,22.77,-0.46,-2.0202,2.2271,1783899,40217333.0,4464231000.0,1787031000.0
2016-03-15,'603015,弘讯科技,22.77,23.48,22.45,23.2,23.39,-0.62,-2.6507,3.8456,3080359,70626292.0,4556277000.0,1823877000.0
2016-03-14,'603015,弘讯科技,23.39,23.7,22.26,22.68,22.26,1.13,5.0764,4.6993,3764176,87142096.0,4680339000.0,1873539000.0
2016-03-11,'603015,弘讯科技,22.26,22.65,21.82,22.45,22.81,-0.55,-2.4112,2.5309,2027274,45026300.0,4454226000.0,1783026000.0
2016-03-10,'603015,弘讯科技,22.81,23.68,22.7,22.96,22.66,0.15,0.662,2.5081,2008949,46514486.0,4564281000.0,1827081000.0
2016-03-09,'603015,弘讯科技,22.66,23.25,22.16,23.0,23.75,-1.09,-4.5895,2.3492,1881672,42957873.0,4534266000.0,1815066000.0
2016-03-08,'603015,弘讯科技,23.75,24.0,22.0,24.0,24.42,-0.67,-2.7437,4.8794,3908391,90171170.0,4752375000.0,1902375000.0
2016-03-07,'603015,弘讯科技,24.42,24.79,23.52,23.55,23.93,0.49,2.0476,5.4931,4400007,106753797.0,4886442000.0,1956042000.0
2016-03-04,'603015,弘讯科技,23.93,24.99,23.61,24.0,22.9,1.03,4.4978,7.4313,5952490,144224875.0,4788393000.0,1916793000.0
2016-03-03,'603015,弘讯科技,22.9,22.9,22.9,22.9,20.82,2.08,9.9904,0.3453,276584,6333774.0,4582290000.0,1834290000.0
2016-03-02,'603015,弘讯科技,0.0,0.0,0.0,0.0,20.82,None,None,0.0,0,0.0,4166082000.0,1043082000.0
2016-03-01,'603015,弘讯科技,20.82,21.08,19.84,20.49,20.22,0.6,2.9674,2.938,1471937,30219416.0,4166082000.0,1043082000.0
2016-02-29,'603015,弘讯科技,20.22,22.32,20.04,22.2,22.21,-1.99,-8.9599,3.9446,1976254,40617688.0,4046022000.0,1013022000.0
2016-02-26,'603015,弘讯科技,22.21,22.99,21.55,22.99,22.44,-0.23,-1.025,3.1991,1602749,35806588.0,4444221000.0,1112721000.0
2016-02-25,'603015,弘讯科技,22.44,24.99,22.44,24.99,24.93,-2.49,-9.988,4.9115,2460647,57865334.0,4490244000.0,1124244000.0
2016-02-24,'603015,弘讯科技,24.93,25.2,24.37,25.1,25.4,-0.47,-1.8504,4.8997,2454748,60877766.0,4988493000.0,1248993000.0
2016-02-23,'603015,弘讯科技,25.4,25.49,24.52,24.6,24.62,0.78,3.1682,7.6822,3848776,97075652.0,5082540000.0,1272540000.0
2016-02-22,'603015,弘讯科技,24.62,24.64,24.12,24.18,23.94,0.68,2.8404,3.9321,1969994,47998135.0,4926462000.0,1233462000.0
2016-02-19,'603015,弘讯科技,23.94,24.05,23.6,23.87,23.83,0.11,0.4616,3.2984,1652498,39409072.0,4790394000.0,1199394000.0
2016-02-18,'603015,弘讯科技,23.83,24.49,23.7,24.24,24.13,-0.3,-1.2433,4.5533,2281200,54642548.0,4768383000.0,1193883000.0
2016-02-17,'603015,弘讯科技,24.13,24.17,23.31,23.75,23.75,0.38,1.6,4.4671,2237997,53346975.0,4828413000.0,1208913000.0
2016-02-16,'603015,弘讯科技,23.75,23.83,22.65,22.65,22.56,1.19,5.2748,4.4395,2224171,52067042.0,4752375000.0,1189875000.0
2016-02-15,'603015,弘讯科技,22.56,22.98,21.3,21.32,22.79,-0.23,-1.0092,2.8212,1413400,31351112.0,4514256000.0,1130256000.0
2016-02-05,'603015,弘讯科技,22.79,23.27,22.68,23.07,23.07,-0.28,-1.2137,2.9798,1492899,34222622.0,4560279000.0,1141779000.0
2016-02-04,'603015,弘讯科技,23.07,23.2,22.6,22.9,22.49,0.58,2.5789,3.7559,1881713,43203676.0,4616307000.0,1155807000.0
2016-02-03,'603015,弘讯科技,22.49,22.68,21.0,22.42,22.68,-0.19,-0.8377,3.1621,1584194,35183328.0,4500249000.0,1126749000.0
2016-02-02,'603015,弘讯科技,22.68,22.93,22.0,22.28,21.99,0.69,3.1378,3.6892,1848288,41802004.0,4538268000.0,1136268000.0
2016-02-01,'603015,弘讯科技,21.99,22.33,21.39,21.67,21.67,0.32,1.4767,3.4792,1743057,38181691.0,4400199000.0,1101699000.0
2016-01-29,'603015,弘讯科技,21.67,21.99,20.51,20.86,20.6,1.07,5.1942,2.8923,1449025,31010777.0,4336167000.0,1085667000.0
2016-01-28,'603015,弘讯科技,20.6,21.95,20.12,21.67,21.89,-1.29,-5.8931,2.5092,1257090,26785427.0,4122060000.0,1032060000.0
2016-01-27,'603015,弘讯科技,21.89,23.0,20.55,22.8,22.39,-0.5,-2.2331,4.1599,2084097,45360650.0,4380189000.0,1096689000.0
2016-01-26,'603015,弘讯科技,22.39,24.55,22.39,24.49,24.88,-2.49,-10.008,4.122,2065100,48373881.0,4480239000.0,1121739000.0
2016-01-25,'603015,弘讯科技,24.88,25.27,24.51,24.99,24.7,0.18,0.7287,3.0616,1533850,38339648.0,4978488000.0,1246488000.0
2016-01-22,'603015,弘讯科技,24.7,24.94,23.9,24.3,23.91,0.79,3.3041,3.7326,1870025,45771548.0,4942470000.0,1237470000.0
2016-01-21,'603015,弘讯科技,23.91,25.85,23.9,24.86,25.68,-1.77,-6.8925,4.4627,2235809,56203658.0,4784391000.0,1197891000.0
2016-01-20,'603015,弘讯科技,25.68,26.1,25.03,25.39,25.52,0.16,0.627,5.2622,2636346,67540890.0,5138568000.0,1286568000.0
2016-01-19,'603015,弘讯科技,25.52,25.74,24.4,24.53,24.73,0.79,3.1945,5.4933,2752146,68896209.0,5106552000.0,1278552000.0
2016-01-18,'603015,弘讯科技,24.73,25.03,23.23,23.8,24.14,0.59,2.4441,4.6657,2337497,56970090.0,4948473000.0,1238973000.0
2016-01-15,'603015,弘讯科技,24.14,25.3,23.88,24.2,24.13,0.01,0.0414,7.102,3558096,86921069.0,4830414000.0,1209414000.0
2016-01-14,'603015,弘讯科技,24.13,24.22,22.0,22.24,23.03,1.1,4.7764,4.3025,2155544,50068595.0,4828413000.0,1208913000.0
2016-01-13,'603015,弘讯科技,23.03,24.69,23.0,24.2,24.19,-1.16,-4.7954,3.7304,1868916,44881785.0,4608303000.0,1153803000.0
2016-01-12,'603015,弘讯科技,24.19,24.6,22.66,24.05,23.85,0.34,1.4256,3.8334,1920523,46009406.0,4840419000.0,1211919000.0
2016-01-11,'603015,弘讯科技,23.85,26.19,23.85,25.45,26.5,-2.65,-10.0,5.355,2682874,66715622.0,4772385000.0,1194885000.0
2016-01-08,'603015,弘讯科技,26.5,27.8,24.51,27.5,26.73,-0.23,-0.8605,5.9872,2999591,79721627.0,5302650000.0,1327650000.0
2016-01-07,'603015,弘讯科技,26.73,29.1,26.72,29.1,29.69,-2.96,-9.9697,1.3341,668400,18581588.0,5348673000.0,1339173000.0
2016-01-06,'603015,弘讯科技,29.69,29.77,28.6,28.65,28.88,0.81,2.8047,6.0614,3036761,88710109.0,5940969000.0,1487469000.0
2016-01-05,'603015,弘讯科技,28.88,30.3,27.7,28.09,30.67,-1.79,-5.8363,8.0127,4014361,115768284.0,5778888000.0,1446888000.0
2016-01-04,'603015,弘讯科技,30.67,33.98,30.67,33.6,34.08,-3.41,-10.0059,5.822,2916845,92971142.0,6137067000.0,1536567000.0
2015-12-31,'603015,弘讯科技,34.08,35.71,33.8,35.35,35.3,-1.22,-3.4561,5.5496,2780367,96038571.0,6819408000.0,1707408000.0
2015-12-30,'603015,弘讯科技,35.3,35.39,34.1,34.62,34.53,0.77,2.2299,6.5658,3289452,115476398.0,7063530000.0,1768530000.0
2015-12-29,'603015,弘讯科技,34.53,34.55,33.5,33.73,33.73,0.8,2.3718,4.9083,2459050,84112187.0,6909453000.0,1729953000.0
2015-12-28,'603015,弘讯科技,33.73,36.06,33.68,35.2,35.11,-1.38,-3.9305,8.3301,4173362,145269995.0,6749373000.0,1689873000.0
2015-12-25,'603015,弘讯科技,35.11,35.98,34.6,34.6,35.22,-0.11,-0.3123,6.0369,3024474,106740000.0,7025511000.0,1759011000.0
2015-12-24,'603015,弘讯科技,35.22,35.3,33.42,34.59,34.83,0.39,1.1197,7.6112,3813216,130473991.0,7047522000.0,1764522000.0
2015-12-23,'603015,弘讯科技,34.83,36.31,34.7,35.8,36.13,-1.3,-3.5981,8.6429,4330113,154317440.0,6969483000.0,1744983000.0
2015-12-22,'603015,弘讯科技,36.13,36.39,35.3,35.61,35.84,0.29,0.8092,8.4112,4213988,150471868.0,7229613000.0,1810113000.0
2015-12-21,'603015,弘讯科技,35.84,36.8,35.0,36.44,36.49,-0.65,-1.7813,13.8209,6924263,247216468.0,7171584000.0,1795584000.0
2015-12-18,'603015,弘讯科技,36.49,38.75,35.23,35.47,35.23,1.26,3.5765,26.2985,13175526,492659838.0,7301649000.0,1828149000.0
2015-12-17,'603015,弘讯科技,35.23,35.3,33.05,33.06,33.0,2.23,6.7576,14.7556,7392569,254664475.0,7049523000.0,1765023000.0
2015-12-16,'603015,弘讯科技,33.0,33.68,32.58,32.94,32.78,0.22,0.6711,8.11,4063114,134396184.0,6603300000.0,1653300000.0
2015-12-15,'603015,弘讯科技,32.78,33.23,31.86,31.99,32.12,0.66,2.0548,8.1867,4101550,134740900.0,6559278000.0,1642278000.0
2015-12-14,'603015,弘讯科技,32.12,32.3,30.46,30.5,30.5,1.62,5.3115,7.3769,3695844,116461013.0,6427212000.0,1609212000.0
2015-12-11,'603015,弘讯科技,30.5,30.92,30.11,30.46,30.45,0.05,0.1642,3.3352,1670914,50958067.0,6103050000.0,1528050000.0
2015-12-10,'603015,弘讯科技,30.45,31.68,30.2,31.38,31.43,-0.98,-3.118,7.7066,3861007,118713230.0,6093045000.0,1525545000.0
2015-12-09,'603015,弘讯科技,31.43,32.19,31.1,31.1,31.66,-0.23,-0.7265,5.2472,2628823,83538584.0,6289143000.0,1574643000.0
2015-12-08,'603015,弘讯科技,31.66,32.43,31.0,32.43,32.68,-1.02,-3.1212,5.2965,2653566,84596727.0,6335166000.0,1586166000.0
2015-12-07,'603015,弘讯科技,32.68,33.19,32.3,33.0,32.47,0.21,0.6468,6.5797,3296426,107359049.0,6539268000.0,1637268000.0
2015-12-04,'603015,弘讯科技,32.47,33.5,31.88,32.36,32.36,0.11,0.3399,8.4805,4248742,139098247.0,6497247000.0,1626747000.0
2015-12-03,'603015,弘讯科技,32.36,32.74,31.85,31.85,31.57,0.79,2.5024,6.3286,3170628,102286045.0,6475236000.0,1621236000.0
2015-12-02,'603015,弘讯科技,31.57,32.95,30.31,32.5,32.96,-1.39,-4.2172,6.3972,3205022,101011704.0,6317157000.0,1581657000.0
2015-12-01,'603015,弘讯科技,32.96,34.55,32.48,32.5,32.87,0.09,0.2738,11.2774,5649975,189627919.0,6595296000.0,1651296000.0
2015-11-30,'603015,弘讯科技,32.87,32.96,29.7,31.56,31.51,1.36,4.3161,9.8197,4919654,156457149.0,6577287000.0,1646787000.0
2015-11-27,'603015,弘讯科技,31.51,34.7,31.22,34.2,34.69,-3.18,-9.1669,9.9863,5003119,165891516.0,6305151000.0,1578651000.0
2015-11-26,'603015,弘讯科技,34.69,37.0,34.33,35.58,35.51,-0.82,-2.3092,12.4377,6231272,222682993.0,6941469000.0,1737969000.0
2015-11-25,'603015,弘讯科技,35.51,35.69,34.87,35.6,35.91,-0.4,-1.1139,10.8366,5429145,191692976.0,7105551000.0,1779051000.0
2015-11-24,'603015,弘讯科技,35.91,36.66,33.71,33.8,33.71,2.2,6.5263,14.5874,7308299,255509741.0,7185591000.0,1799091000.0
2015-11-23,'603015,弘讯科技,33.71,34.9,33.39,33.51,33.67,0.04,0.1188,8.3049,4160761,141702145.0,6745371000.0,1688871000.0
2015-11-20,'603015,弘讯科技,33.67,34.49,33.24,33.7,33.58,0.09,0.268,10.8709,5446333,184937525.0,6737367000.0,1686867000.0
2015-11-19,'603015,弘讯科技,33.58,34.12,31.86,31.86,31.7,1.88,5.9306,9.3841,4701431,155441488.0,6719358000.0,1682358000.0
2015-11-18,'603015,弘讯科技,31.7,33.58,31.5,33.1,32.99,-1.29,-3.9103,7.5068,3760911,121227154.0,6343170000.0,1588170000.0
2015-11-17,'603015,弘讯科技,32.99,35.34,32.9,34.75,34.25,-1.26,-3.6788,11.2728,5647684,192446089.0,6601299000.0,1652799000.0
2015-11-16,'603015,弘讯科技,34.25,34.6,32.1,32.18,33.46,0.79,2.361,12.4576,6241278,211262411.0,6853425000.0,1715925000.0
2015-11-13,'603015,弘讯科技,33.46,36.48,33.39,36.0,37.1,-3.64,-9.8113,18.9189,9478363,328784920.0,6695346000.0,1676346000.0
2015-11-12,'603015,弘讯科技,37.1,38.0,34.7,35.43,34.65,2.45,7.0707,25.7969,12924249,463477091.0,7423710000.0,1858710000.0
2015-11-11,'603015,弘讯科技,34.65,34.65,31.22,31.22,31.5,3.15,10.0,18.6111,9324179,310758649.0,6933465000.0,1735965000.0
2015-11-10,'603015,弘讯科技,31.5,32.64,31.05,31.5,32.08,-0.58,-1.808,11.7748,5899178,187203948.0,6303150000.0,1578150000.0
2015-11-09,'603015,弘讯科技,32.08,32.87,30.01,30.58,30.86,1.22,3.9533,15.6735,7852401,248333134.0,6419208000.0,1607208000.0
2015-11-06,'603015,弘讯科技,30.86,30.97,29.5,29.51,29.59,1.27,4.292,10.5901,5305656,161458843.0,6175086000.0,1546086000.0
2015-11-05,'603015,弘讯科技,29.59,30.8,29.21,30.07,30.41,-0.82,-2.6965,11.4428,5732846,171198950.0,5920959000.0,1482459000.0
2015-11-04,'603015,弘讯科技,30.41,30.58,29.2,29.39,29.04,1.37,4.7176,11.35,5686344,170496377.0,6085041000.0,1523541000.0
2015-11-03,'603015,弘讯科技,29.04,29.19,27.82,28.2,28.24,0.8,2.8329,8.6731,4345215,124738312.0,5810904000.0,1454904000.0
2015-11-02,'603015,弘讯科技,28.24,29.25,26.76,26.8,27.94,0.3,1.0737,9.5185,4768775,135077538.0,5650824000.0,1414824000.0
2015-10-30,'603015,弘讯科技,27.94,28.68,27.38,28.55,28.52,-0.58,-2.0337,7.8597,3937727,110663022.0,5590794000.0,1399794000.0
2015-10-29,'603015,弘讯科技,28.52,29.6,28.05,29.35,28.8,-0.28,-0.9722,6.773,3393266,97423143.0,5706852000.0,1428852000.0
2015-10-28,'603015,弘讯科技,28.8,29.9,28.2,29.58,30.19,-1.39,-4.6042,10.6598,5340551,156203330.0,5762880000.0,1442880000.0
2015-10-27,'603015,弘讯科技,30.19,30.36,28.03,29.1,30.15,0.04,0.1327,16.1956,8113995,235814543.0,6041019000.0,1512519000.0
2015-10-26,'603015,弘讯科技,30.15,31.57,29.61,31.57,31.93,-1.78,-5.5747,22.4446,11244745,342052802.0,6033015000.0,1510515000.0
2015-10-23,'603015,弘讯科技,31.93,32.79,30.3,31.4,31.28,0.65,2.078,31.9712,16017590,506372412.0,6389193000.0,1599693000.0
2015-10-22,'603015,弘讯科技,31.28,31.28,27.82,28.5,28.44,2.84,9.9859,36.9555,18514689,568178146.0,6259128000.0,1567128000.0
2015-10-21,'603015,弘讯科技,28.44,31.22,27.48,29.87,28.38,0.06,0.2114,33.4699,16768433,493183442.0,5690844000.0,1424844000.0
2015-10-20,'603015,弘讯科技,28.38,28.38,26.02,26.15,25.8,2.58,10.0,19.4736,9756275,267251481.0,5678838000.0,1421838000.0
2015-10-19,'603015,弘讯科技,25.8,26.3,25.14,25.8,26.0,-0.2,-0.7692,11.159,5590670,143878107.0,5162580000.0,1292580000.0
2015-10-16,'603015,弘讯科技,26.0,26.39,25.35,26.18,25.98,0.02,0.077,12.0531,6038622,156016837.0,5202600000.0,1302600000.0
2015-10-15,'603015,弘讯科技,25.98,26.21,24.83,24.86,25.05,0.93,3.7126,9.6776,4848467,124380219.0,5198598000.0,1301598000.0
2015-10-14,'603015,弘讯科技,25.05,26.5,24.95,25.87,26.2,-1.15,-4.3893,12.475,6249998,160043604.0,5012505000.0,1255005000.0
2015-10-13,'603015,弘讯科技,26.2,26.81,25.01,25.5,25.77,0.43,1.6686,12.2427,6133601,159084888.0,5242620000.0,1312620000.0
2015-10-12,'603015,弘讯科技,25.77,26.28,24.22,24.7,24.3,1.47,6.0494,15.2071,7618770,191054429.0,5156577000.0,1291077000.0
2015-10-09,'603015,弘讯科技,24.3,24.65,22.7,23.0,23.06,1.24,5.3773,12.7416,6383535,152758747.0,4862430000.0,1217430000.0
2015-10-08,'603015,弘讯科技,23.06,23.5,22.7,23.4,22.18,0.88,3.9675,8.3496,4183145,96698215.0,4614306000.0,1155306000.0
2015-09-30,'603015,弘讯科技,22.18,22.21,21.59,21.99,21.81,0.37,1.6965,5.422,2716411,59821699.0,4438218000.0,1111218000.0
2015-09-29,'603015,弘讯科技,21.81,22.15,21.7,21.89,22.35,-0.54,-2.4161,4.8195,2414587,52881723.0,4364181000.0,1092681000.0
2015-09-28,'603015,弘讯科技,22.35,22.47,21.0,21.05,21.15,1.2,5.6738,7.0096,3511824,76952941.0,4472235000.0,1119735000.0
2015-09-25,'603015,弘讯科技,21.15,22.17,20.82,22.11,22.46,-1.31,-5.8326,8.677,4347190,93727005.0,4232115000.0,1059615000.0
2015-09-24,'603015,弘讯科技,22.46,23.4,22.41,22.57,22.55,-0.09,-0.3991,9.5874,4803268,109781435.0,4494246000.0,1125246000.0
2015-09-23,'603015,弘讯科技,22.55,22.98,21.96,22.02,22.62,-0.07,-0.3095,10.213,5116713,115303386.0,4512255000.0,1129755000.0
2015-09-22,'603015,弘讯科技,22.62,23.01,21.7,22.4,22.78,-0.16,-0.7024,11.9774,6000701,134577208.0,4526262000.0,1133262000.0
2015-09-21,'603015,弘讯科技,22.78,23.27,21.08,21.6,21.79,0.99,4.5434,12.6318,6328549,142232378.0,4558278000.0,1141278000.0
2015-09-18,'603015,弘讯科技,21.79,21.79,19.85,20.29,19.81,1.98,9.995,11.0177,5519877,115218358.0,4360179000.0,1091679000.0
2015-09-17,'603015,弘讯科技,19.81,21.3,19.57,20.0,19.81,0.0,0.0,10.7865,5404043,110441428.0,3963981000.0,992481000.0
2015-09-16,'603015,弘讯科技,19.81,19.81,18.35,18.49,18.01,1.8,9.9944,7.3383,3676505,70121963.0,3963981000.0,992481000.0
2015-09-15,'603015,弘讯科技,18.01,19.5,17.78,18.68,19.51,-1.5,-7.6884,7.0713,3542729,65541004.0,3603801000.0,902301000.0
2015-09-14,'603015,弘讯科技,19.51,21.94,19.51,21.77,21.68,-2.17,-10.0092,8.6946,4356000,89898803.0,3903951000.0,977451000.0
2015-09-11,'603015,弘讯科技,21.68,22.08,21.25,21.4,21.03,0.65,3.0908,8.1365,4076370,88191993.0,4338168000.0,1086168000.0
2015-09-10,'603015,弘讯科技,21.03,22.1,21.0,21.58,22.14,-1.11,-5.0136,9.2944,4656472,100602019.0,4208103000.0,1053603000.0
2015-09-09,'603015,弘讯科技,22.14,22.22,20.8,20.8,20.25,1.89,9.3333,13.4454,6736163,144424002.0,4430214000.0,1109214000.0
2015-09-08,'603015,弘讯科技,20.25,20.25,18.13,18.3,18.41,1.84,9.9946,9.7899,4904737,95097709.0,4052025000.0,1014525000.0
2015-09-07,'603015,弘讯科技,18.41,19.1,18.08,18.2,17.58,0.83,4.7213,6.3592,3185966,59183100.0,3683841000.0,922341000.0
2015-09-02,'603015,弘讯科技,17.58,19.38,17.27,17.6,18.58,-1.0,-5.3821,6.9495,3481680,63068055.0,3517758000.0,880758000.0
2015-09-01,'603015,弘讯科技,18.58,20.4,18.58,20.15,20.64,-2.06,-9.9806,7.5114,3763221,72046118.0,3717858000.0,930858000.0
2015-08-31,'603015,弘讯科技,20.64,22.4,20.5,22.4,22.65,-2.01,-8.8742,8.4143,4215542,90555316.0,4130064000.0,1034064000.0
2015-08-28,'603015,弘讯科技,22.65,22.89,20.81,21.52,21.16,1.49,7.0416,13.4558,6741371,145439014.0,4532265000.0,1134765000.0
2015-08-27,'603015,弘讯科技,21.16,21.25,19.52,20.5,19.92,1.24,6.2249,10.227,5123731,105164685.0,4234116000.0,1060116000.0
2015-08-26,'603015,弘讯科技,19.92,21.49,18.5,20.05,19.79,0.13,0.6569,14.1058,7066983,142552647.0,3985992000.0,997992000.0
2015-08-25,'603015,弘讯科技,19.79,20.97,19.79,19.79,21.99,-2.2,-10.0045,6.6322,3322730,66669655.0,3959979000.0,991479000.0
2015-08-24,'603015,弘讯科技,21.99,23.55,21.99,23.5,24.43,-2.44,-9.9877,5.0342,2522143,56208734.0,4400199000.0,1101699000.0
2015-08-21,'603015,弘讯科技,24.43,26.8,24.3,26.49,26.99,-2.56,-9.485,8.5704,4293758,109479026.0,4888443000.0,1223943000.0
2015-08-20,'603015,弘讯科技,26.99,28.46,26.9,28.0,28.65,-1.66,-5.7941,6.7223,3367883,93192556.0,5400699000.0,1352199000.0
2015-08-19,'603015,弘讯科技,28.65,29.0,25.36,26.5,28.11,0.54,1.921,10.3553,5188025,140928244.0,5732865000.0,1435365000.0
2015-08-18,'603015,弘讯科技,28.11,31.9,28.11,31.2,31.23,-3.12,-9.9904,11.8425,5933108,179126525.0,5624811000.0,1408311000.0
2015-08-17,'603015,弘讯科技,31.23,31.98,30.55,31.98,32.04,-0.81,-2.5281,10.0632,5041684,156271519.0,6249123000.0,1564623000.0
2015-08-14,'603015,弘讯科技,32.04,32.7,31.68,32.5,31.96,0.08,0.2503,10.7599,5390724,173036693.0,6411204000.0,1605204000.0
2015-08-13,'603015,弘讯科技,31.96,31.98,30.68,30.68,30.83,1.13,3.6653,9.2279,4623158,145555191.0,6395196000.0,1601196000.0
2015-08-12,'603015,弘讯科技,30.83,32.75,30.68,32.08,32.79,-1.96,-5.9774,11.9987,6011365,191137997.0,6169083000.0,1544583000.0
2015-08-11,'603015,弘讯科技,32.79,33.96,32.56,33.0,33.46,-0.67,-2.0024,16.574,8303558,275138768.0,6561279000.0,1642779000.0
2015-08-10,'603015,弘讯科技,33.46,33.99,31.94,31.94,31.96,1.5,4.6934,20.4765,10258730,336093963.0,6695346000.0,1676346000.0
2015-08-07,'603015,弘讯科技,31.96,33.0,30.76,30.76,30.93,1.03,3.3301,17.0629,8548502,274037882.0,6395196000.0,1601196000.0
2015-08-06,'603015,弘讯科技,30.93,32.97,30.5,32.23,33.61,-2.68,-7.9738,21.471,10756957,341685586.0,6189093000.0,1549593000.0
2015-08-05,'603015,弘讯科技,33.61,34.8,31.08,31.68,32.98,0.63,1.9102,34.0533,17060701,567267242.0,6725361000.0,1683861000.0
2015-08-04,'603015,弘讯科技,32.98,33.88,29.0,32.8,31.9,1.08,3.3856,43.6395,21863375,700195045.0,6599298000.0,1652298000.0
2015-08-03,'603015,弘讯科技,31.9,31.9,29.01,29.8,29.0,2.9,10.0,37.7603,18917890,594349217.0,6383190000.0,1598190000.0
2015-07-31,'603015,弘讯科技,29.0,30.0,26.8,27.17,27.63,1.37,4.9584,15.8698,7950794,227786779.0,5802900000.0,1452900000.0
2015-07-30,'603015,弘讯科技,27.63,29.55,27.01,27.5,27.5,0.13,0.4727,14.3287,7178683,202585374.0,5528763000.0,1384263000.0
2015-07-29,'603015,弘讯科技,27.5,27.5,24.4,25.65,25.0,2.5,10.0,11.8322,5927933,153949193.0,5502750000.0,1377750000.0
2015-07-28,'603015,弘讯科技,25.0,27.6,24.65,24.66,27.39,-2.39,-8.7258,12.2472,6135857,156673001.0,5002500000.0,1252500000.0
2015-07-27,'603015,弘讯科技,27.39,31.34,27.39,29.3,30.43,-3.04,-9.9901,12.0909,6057523,178056395.0,5480739000.0,1372239000.0
2015-07-24,'603015,弘讯科技,30.43,32.76,30.0,32.16,31.67,-1.24,-3.9154,21.5258,10784439,342846200.0,6089043000.0,1524543000.0
2015-07-23,'603015,弘讯科技,31.67,31.67,28.5,28.93,28.79,2.88,10.0035,19.8272,9933416,301833999.0,6337167000.0,1586667000.0
2015-07-22,'603015,弘讯科技,28.79,29.48,28.05,28.63,29.04,-0.25,-0.8609,12.1358,6080039,175358641.0,5760879000.0,1442379000.0
2015-07-21,'603015,弘讯科技,29.04,29.5,27.16,27.8,28.59,0.45,1.574,15.4325,7731687,219016143.0,5810904000.0,1454904000.0
2015-07-20,'603015,弘讯科技,28.59,29.98,27.8,28.76,28.72,-0.13,-0.4526,12.2833,6153915,176942348.0,5720859000.0,1432359000.0
2015-07-17,'603015,弘讯科技,28.72,29.28,26.23,26.3,26.65,2.07,7.7674,9.147,4582671,127775041.0,5746872000.0,1438872000.0
2015-07-16,'603015,弘讯科技,26.65,27.5,23.75,24.28,25.72,0.93,3.6159,10.6571,5339199,139132674.0,5332665000.0,1335165000.0
2015-07-15,'603015,弘讯科技,25.72,28.4,25.72,27.5,28.58,-2.86,-10.007,11.65,5836667,154899527.0,5146572000.0,1288572000.0
2015-07-14,'603015,弘讯科技,28.58,28.58,26.11,27.0,25.98,2.6,10.0077,16.7102,8371826,234605652.0,5718858000.0,1431858000.0
2015-07-13,'603015,弘讯科技,25.98,25.98,24.0,25.98,23.62,2.36,9.9915,10.9109,5466381,141611040.0,5198598000.0,1301598000.0
2015-07-10,'603015,弘讯科技,23.62,23.62,23.0,23.0,21.47,2.15,10.014,3.9112,1959536,45886888.0,4726362000.0,1183362000.0
2015-07-09,'603015,弘讯科技,21.47,21.47,17.6,17.6,19.52,1.95,9.9898,10.9583,5490120,111827666.0,4296147000.0,1075647000.0
2015-07-08,'603015,弘讯科技,19.52,19.52,19.52,19.52,21.69,-2.17,-10.0046,1.7281,865800,16900416.0,3905952000.0,977952000.0
2015-07-07,'603015,弘讯科技,21.69,23.9,21.69,22.88,24.1,-2.41,-10.0,4.9074,2458587,54433339.0,4340169000.0,1086669000.0
2015-07-06,'603015,弘讯科技,24.1,26.93,22.51,26.93,24.48,-0.38,-1.5523,8.6819,4349641,108530387.0,4822410000.0,1207410000.0
2015-07-03,'603015,弘讯科技,24.48,27.5,23.7,26.2,26.27,-1.79,-6.8139,8.4336,4225256,106207923.0,4898448000.0,1226448000.0
2015-07-02,'603015,弘讯科技,26.27,29.99,26.26,29.73,29.18,-2.91,-9.9726,8.3469,4181815,116637789.0,5256627000.0,1316127000.0
2015-07-01,'603015,弘讯科技,29.18,33.32,29.18,31.9,32.42,-3.24,-9.9938,8.6902,4353808,138926029.0,5838918000.0,1461918000.0
2015-06-30,'603015,弘讯科技,32.42,33.0,27.1,29.0,30.11,2.31,7.6719,11.2406,5631552,165271223.0,6487242000.0,1624242000.0
2015-06-29,'603015,弘讯科技,30.11,34.33,30.11,34.08,33.45,-3.34,-9.9851,6.7164,3364930,105084989.0,6025011000.0,1508511000.0
2015-06-26,'603015,弘讯科技,33.45,36.08,33.45,36.0,37.17,-3.72,-10.0081,5.3131,2661862,91315260.0,6693345000.0,1675845000.0
2015-06-25,'603015,XD弘讯科,37.17,40.5,36.77,40.44,40.41,-3.24,-8.0178,5.7392,2875341,111280602.0,7437717000.0,1862217000.0
2015-06-24,'603015,弘讯科技,40.51,41.35,39.76,40.3,39.75,0.76,1.9119,6.3505,3181606,129164351.0,8106051000.0,2029551000.0
2015-06-23,'603015,弘讯科技,39.75,39.9,37.01,38.49,37.98,1.77,4.6603,6.963,3488483,135373775.0,7953975000.0,1991475000.0
2015-06-19,'603015,弘讯科技,37.98,39.87,36.16,38.8,40.13,-2.15,-5.3576,7.275,3644792,137373914.0,7599798000.0,1902798000.0
2015-06-18,'603015,弘讯科技,40.13,42.35,40.0,42.35,42.66,-2.53,-5.9306,6.2816,3147095,129836810.0,8030013000.0,2010513000.0
2015-06-17,'603015,弘讯科技,42.66,43.4,40.37,40.7,40.86,1.8,4.4053,6.8465,3430082,142677904.0,8536266000.0,2137266000.0
2015-06-16,'603015,弘讯科技,40.86,42.48,39.83,41.62,43.14,-2.28,-5.2851,10.0202,5020112,205188110.0,8176086000.0,2047086000.0
2015-06-15,'603015,弘讯科技,43.14,47.0,43.14,46.99,47.93,-4.79,-9.9937,13.7202,6873831,303550919.0,8632314000.0,2161314000.0
2015-06-12,'603015,弘讯科技,47.93,50.39,47.5,50.18,50.1,-2.17,-4.3313,13.7473,6887387,335656114.0,9590793000.0,2401293000.0
2015-06-11,'603015,弘讯科技,50.1,51.0,48.1,48.7,49.35,0.75,1.5198,13.6304,6828812,339762603.0,10025010000.0,2510010000.0
2015-06-10,'603015,弘讯科技,49.35,50.99,46.08,46.88,47.35,2.0,4.2239,15.5076,7769306,378067776.0,9874935000.0,2472435000.0
2015-06-09,'603015,弘讯科技,47.35,48.0,45.5,46.21,46.05,1.3,2.823,10.4093,5215040,244106912.0,9474735000.0,2372235000.0
2015-06-08,'603015,弘讯科技,46.05,47.49,45.29,45.3,45.17,0.88,1.9482,14.5906,7309892,339146387.0,9214605000.0,2307105000.0
2015-06-05,'603015,弘讯科技,45.17,47.27,44.0,46.98,45.7,-0.53,-1.1597,14.76,7394743,337163552.0,9038517000.0,2263017000.0
2015-06-04,'603015,弘讯科技,45.7,50.0,45.67,48.88,50.74,-5.04,-9.933,14.9227,7476250,347860240.0,9144570000.0,2289570000.0
2015-06-03,'603015,弘讯科技,50.74,53.5,50.0,52.6,51.77,-1.03,-1.9896,12.6005,6312873,324213973.0,10153074000.0,2542074000.0
2015-06-02,'603015,弘讯科技,51.77,53.18,49.4,50.99,51.2,0.57,1.1133,15.5374,7784256,399751731.0,10359177000.0,2593677000.0
2015-06-01,'603015,弘讯科技,51.2,53.95,49.8,52.3,53.58,-2.38,-4.442,20.4596,10250282,524860307.0,10245120000.0,2565120000.0
2015-05-29,'603015,弘讯科技,53.58,59.45,50.16,54.77,55.73,-2.15,-3.8579,25.5468,12798959,687664582.0,10721358000.0,2684358000.0
2015-05-28,'603015,弘讯科技,55.73,61.49,55.01,61.48,55.9,-0.17,-0.3041,21.4714,10757151,650684895.0,11151573000.0,2792073000.0
2015-05-27,'603015,弘讯科技,55.9,55.9,52.0,52.8,50.82,5.08,9.9961,12.4993,6262140,341895484.0,11185590000.0,2800590000.0
2015-05-26,'603015,弘讯科技,50.82,50.82,45.45,46.1,46.2,4.62,10.0,17.0561,8545124,417292429.0,10169082000.0,2546082000.0
2015-05-25,'603015,弘讯科技,46.2,47.98,42.0,42.75,43.83,2.37,5.4073,18.2132,9124796,410263120.0,9244620000.0,2314620000.0
2015-05-22,'603015,弘讯科技,43.83,44.6,41.05,43.2,43.49,0.34,0.7818,20.8037,10422674,447670098.0,8770383000.0,2195883000.0
2015-05-21,'603015,弘讯科技,43.49,45.0,41.11,43.11,43.13,0.36,0.8347,17.2272,8630847,370461473.0,8702349000.0,2178849000.0
2015-05-20,'603015,弘讯科技,43.13,43.31,38.84,39.35,39.37,3.76,9.5504,20.1268,10083517,426195096.0,8630313000.0,2160813000.0
2015-05-19,'603015,弘讯科技,39.37,41.48,37.5,40.86,40.61,-1.24,-3.0534,23.079,11562561,453423482.0,7877937000.0,1972437000.0
2015-05-18,'603015,弘讯科技,40.61,41.96,38.5,41.5,38.69,1.92,4.9625,29.7329,14896186,599610119.0,8126061000.0,2034561000.0
2015-05-15,'603015,弘讯科技,38.69,38.69,36.17,36.17,35.17,3.52,10.0085,19.9861,10013037,378607511.0,7741869000.0,1938369000.0
2015-05-14,'603015,弘讯科技,35.17,35.17,32.0,32.0,31.97,3.2,10.0094,21.4596,10751283,364102332.0,7037517000.0,1762017000.0
2015-05-13,'603015,弘讯科技,31.97,32.96,29.5,29.86,30.3,1.67,5.5116,21.4975,10770248,341350562.0,6397197000.0,1601697000.0
2015-05-12,'603015,弘讯科技,30.3,30.86,29.02,29.4,29.12,1.18,4.0522,24.7433,12396416,371092977.0,6063030000.0,1518030000.0
2015-05-11,'603015,弘讯科技,29.12,29.6,26.9,27.38,26.91,2.21,8.2126,21.0227,10532383,300726257.0,5826912000.0,1458912000.0
2015-05-08,'603015,弘讯科技,26.91,26.99,26.1,26.12,25.99,0.92,3.5398,9.2127,4615578,122430779.0,5384691000.0,1348191000.0
2015-05-07,'603015,弘讯科技,25.99,28.4,25.85,28.3,28.63,-2.64,-9.2211,14.0773,7052729,189216313.0,5200599000.0,1302099000.0
2015-05-06,'603015,弘讯科技,28.63,29.99,27.47,28.15,28.4,0.23,0.8099,20.8742,10457964,303918020.0,5728863000.0,1434363000.0
2015-05-05,'603015,弘讯科技,28.4,28.68,26.81,27.5,27.29,1.11,4.0674,18.6333,9335271,261490265.0,5682840000.0,1422840000.0
2015-05-04,'603015,弘讯科技,27.29,27.83,27.0,27.62,27.56,-0.27,-0.9797,6.7699,3391744,92705124.0,5460729000.0,1367229000.0
2015-04-30,'603015,弘讯科技,27.56,28.5,27.3,27.3,27.44,0.12,0.4373,10.5579,5289502,148107026.0,5514756000.0,1380756000.0
2015-04-29,'603015,弘讯科技,27.44,27.88,26.29,27.01,27.26,0.18,0.6603,9.0276,4522804,123745962.0,5490744000.0,1374744000.0
2015-04-28,'603015,弘讯科技,27.26,28.75,26.89,27.88,27.68,-0.42,-1.5173,12.8449,6435271,179172777.0,5454726000.0,1365726000.0
2015-04-27,'603015,弘讯科技,27.68,27.76,26.76,26.85,26.79,0.89,3.3221,11.9293,5976562,162938271.0,5538768000.0,1386768000.0
2015-04-24,'603015,弘讯科技,26.79,27.02,26.25,27.0,27.11,-0.32,-1.1804,8.0315,4023799,107395086.0,5360679000.0,1342179000.0
2015-04-23,'603015,弘讯科技,27.11,27.49,26.67,27.37,27.09,0.02,0.0738,8.0878,4052002,109450970.0,5424711000.0,1358211000.0
2015-04-22,'603015,弘讯科技,27.09,27.38,26.72,26.8,26.62,0.47,1.7656,8.28,4148279,112443452.0,5420709000.0,1357209000.0
2015-04-21,'603015,弘讯科技,26.62,26.85,25.7,25.7,25.71,0.91,3.5395,7.1509,3582622,94450695.0,5326662000.0,1333662000.0
2015-04-20,'603015,弘讯科技,25.71,27.4,25.63,27.38,27.72,-2.01,-7.2511,13.4202,6723525,178431469.0,5144571000.0,1288071000.0
2015-04-17,'603015,弘讯科技,27.72,28.59,27.6,28.3,28.37,-0.65,-2.2912,10.2079,5114136,143197949.0,5546772000.0,1388772000.0
2015-04-16,'603015,弘讯科技,28.37,29.33,27.2,28.28,28.29,0.08,0.2828,11.2619,5642197,160660405.0,5676837000.0,1421337000.0
2015-04-15,'603015,弘讯科技,28.29,30.23,27.78,29.2,29.35,-1.06,-3.6116,16.0579,8044994,233013776.0,5660829000.0,1417329000.0
2015-04-14,'603015,弘讯科技,29.35,29.5,27.5,27.65,27.99,1.36,4.8589,19.9024,9971111,282469094.0,5872935000.0,1470435000.0
2015-04-13,'603015,弘讯科技,27.99,28.28,26.27,26.63,26.4,1.59,6.0227,18.146,9091145,249282313.0,5600799000.0,1402299000.0
2015-04-10,'603015,弘讯科技,26.4,26.68,25.73,26.05,26.15,0.25,0.956,10.9739,5497917,145215258.0,5282640000.0,1322640000.0
2015-04-09,'603015,弘讯科技,26.15,27.43,25.59,27.0,27.23,-1.08,-3.9662,13.2726,6649555,174569956.0,5232615000.0,1310115000.0
2015-04-08,'603015,弘讯科技,27.23,28.0,26.28,26.77,26.66,0.57,2.138,18.6794,9358366,254075159.0,5448723000.0,1364223000.0
2015-04-07,'603015,弘讯科技,26.66,26.78,25.8,26.0,26.1,0.56,2.1456,18.4128,9224804,242242113.0,5334666000.0,1335666000.0
2015-04-03,'603015,弘讯科技,26.1,26.15,25.0,25.21,25.25,0.85,3.3663,20.1438,10092058,257831205.0,5222610000.0,1307610000.0
2015-04-02,'603015,弘讯科技,25.25,25.68,24.89,25.1,25.06,0.19,0.7582,11.8954,5959605,150550777.0,5052525000.0,1265025000.0
2015-04-01,'603015,弘讯科技,25.06,25.1,24.36,24.59,24.61,0.45,1.8285,11.3249,5673770,140345849.0,5014506000.0,1255506000.0
2015-03-31,'603015,弘讯科技,24.61,25.09,24.5,24.51,24.78,-0.17,-0.686,8.2339,4125207,101676734.0,4924461000.0,1232961000.0
2015-03-30,'603015,弘讯科技,24.78,25.25,24.6,25.0,25.08,-0.3,-1.1962,7.3648,3689759,91626673.0,4958478000.0,1241478000.0
2015-03-27,'603015,弘讯科技,25.08,25.24,24.3,24.8,25.01,0.07,0.2799,10.899,5460392,134729414.0,5018508000.0,1256508000.0
2015-03-26,'603015,弘讯科技,25.01,25.91,24.8,25.35,25.45,-0.44,-1.7289,16.1609,8096599,204553016.0,5004501000.0,1253001000.0
2015-03-25,'603015,弘讯科技,25.45,25.9,24.91,25.1,25.47,-0.02,-0.0785,14.3424,7185525,182194252.0,5092545000.0,1275045000.0
2015-03-24,'603015,弘讯科技,25.47,26.06,24.5,25.53,25.3,0.17,0.6719,18.6673,9352311,237425207.0,5096547000.0,1276047000.0
2015-03-23,'603015,弘讯科技,25.3,25.69,24.8,25.16,25.14,0.16,0.6364,15.5539,7792510,196938616.0,5062530000.0,1267530000.0
2015-03-20,'603015,弘讯科技,25.14,25.56,24.4,24.6,25.9,-0.76,-2.9344,24.7167,12383084,309960371.0,5030514000.0,1259514000.0
2015-03-19,'603015,弘讯科技,25.9,26.93,25.29,26.88,24.89,1.01,4.0579,38.1407,19108485,500615149.0,5182590000.0,1297590000.0
2015-03-18,'603015,弘讯科技,24.89,24.89,22.55,22.55,22.63,2.26,9.9867,28.2164,14136434,337416295.0,4980489000.0,1246989000.0
2015-03-17,'603015,弘讯科技,22.63,22.85,22.2,22.68,22.5,0.13,0.5778,17.0727,8553427,192110848.0,4528263000.0,1133763000.0
2015-03-16,'603015,弘讯科技,22.5,22.79,22.09,22.1,21.89,0.61,2.7867,15.7972,7914406,177316478.0,4502250000.0,1127250000.0
2015-03-13,'603015,弘讯科技,21.89,22.32,21.5,21.75,21.75,0.14,0.6437,15.0805,7555311,165454330.0,4380189000.0,1096689000.0
2015-03-12,'603015,弘讯科技,21.75,23.49,21.7,23.12,23.59,-1.84,-7.7999,29.9974,15028708,335853282.0,4352175000.0,1089675000.0
2015-03-11,'603015,弘讯科技,23.59,24.88,21.6,21.7,22.82,0.77,3.3742,42.5506,21317847,489618514.0,4720359000.0,1181859000.0
2015-03-10,'603015,弘讯科技,22.82,23.87,22.51,23.87,22.35,0.47,2.1029,58.3183,29217480,675128404.0,4566282000.0,1143282000.0
2015-03-09,'603015,弘讯科技,22.35,22.35,22.35,22.35,20.32,2.03,9.9902,1.6483,825801,18456652.0,4472235000.0,1119735000.0
2015-03-06,'603015,弘讯科技,20.32,20.32,20.32,20.32,18.47,1.85,10.0162,0.1204,60300,1225296.0,4066032000.0,1018032000.0
2015-03-05,'603015,弘讯科技,18.47,18.47,18.47,18.47,16.79,1.68,10.006,0.0285,14300,264121.0,3695847000.0,925347000.0
2015-03-04,'603015,弘讯科技,16.79,16.79,16.79,16.79,15.26,1.53,10.0262,0.0355,17800,298862.0,3359679000.0,841179000.0
2015-03-03,'603015,N弘讯,15.26,15.26,12.72,12.72,10.6,4.66,43.9623,0.0838,42000,638126.0,3053526000.0,764526000.0
