日期,股票代码,名称,收盘价,最高价,最低价,开盘价,前收盘,涨跌额,涨跌幅,换手率,成交量,成交金额,总市值,流通市值
2017-05-15,'603009,北特科技,37.86,39.07,37.63,38.74,38.73,-0.87,-2.2463,5.6042,2038897,77461122.0,4971304108.02,1377409647.6
2017-05-12,'603009,北特科技,38.73,39.7,38.5,39.07,38.96,-0.23,-0.5903,4.9038,1784099,69592584.0,5085541682.61,1409061691.8
2017-05-11,'603009,北特科技,38.96,39.99,38.1,39.86,40.13,-1.17,-2.9155,6.7657,2461456,95581513.0,5115742420.72,1417429473.6
2017-05-10,'603009,北特科技,40.13,41.78,39.54,39.9,40.12,0.01,0.0249,7.5382,2742517,112199869.0,5269372262.41,1459996015.8
2017-05-09,'603009,北特科技,40.12,41.1,38.04,41.1,42.27,-2.15,-5.0863,8.1786,2975513,118350348.0,5268059186.84,1459632199.2
2017-05-08,'603009,北特科技,42.27,43.38,42.05,42.09,42.7,-0.43,-1.007,9.2453,3363593,143752974.0,5550370434.39,1537852768.2
2017-05-05,'603009,北特科技,42.7,44.85,40.5,40.5,40.82,1.88,4.6056,12.999,4729248,201927752.0,5606832683.9,1553496882.0
2017-05-04,'603009,北特科技,40.82,41.71,40.21,41.71,41.71,-0.89,-2.1338,4.2994,1564184,64214204.0,5359974476.74,1485099361.2
2017-05-03,'603009,北特科技,41.71,41.77,40.58,41.15,41.1,0.61,1.4842,5.2677,1916486,79218879.0,5476838202.47,1517479038.6
2017-05-02,'603009,北特科技,41.1,41.7,40.88,41.01,41.87,-0.77,-1.839,4.0096,1458772,60053491.0,5396740592.7,1495286226.0
2017-04-28,'603009,北特科技,41.87,42.51,41.7,42.22,42.5,-0.63,-1.4824,5.6046,2039063,85668815.0,5497847411.59,1523300104.2
2017-04-27,'603009,北特科技,42.5,42.53,41.0,41.73,41.94,0.56,1.3352,9.5831,3486506,146448231.0,5580571172.5,1546220550.0
2017-04-26,'603009,北特科技,41.94,41.98,40.31,40.31,40.56,1.38,3.4024,6.7709,2463375,102288423.0,5507038940.58,1525846820.4
2017-04-25,'603009,北特科技,40.56,40.78,39.65,40.28,39.64,0.92,2.3209,4.2098,1531613,61701906.0,5325834511.92,1475640129.6
2017-04-24,'603009,北特科技,39.64,41.18,39.12,41.15,41.1,-1.46,-3.5523,4.2496,1546075,61622499.0,5205031559.48,1442169002.4
2017-04-21,'603009,北特科技,41.1,41.27,40.67,41.22,41.21,-0.11,-0.2669,3.3655,1224437,50202713.0,5396740592.7,1495286226.0
2017-04-20,'603009,北特科技,41.21,41.45,40.28,40.56,40.75,0.46,1.1288,6.1696,2244590,91976931.0,5411184423.97,1499288208.6
2017-04-19,'603009,北特科技,40.75,40.8,39.7,40.32,40.13,0.62,1.545,5.3177,1934662,78399339.0,5350782947.75,1482552645.0
2017-04-18,'603009,北特科技,40.13,40.86,39.8,39.88,39.52,0.61,1.5435,4.7292,1720545,69395974.0,5269372262.41,1459996015.8
2017-04-17,'603009,北特科技,39.52,42.47,39.5,42.47,42.59,-3.07,-7.2083,7.0497,2564788,103659230.0,5189274652.64,1437803203.2
2017-04-14,'603009,北特科技,42.59,42.95,41.52,41.9,41.7,0.89,2.1343,6.7483,2455155,104328709.0,5592388852.63,1549494899.4
2017-04-13,'603009,北特科技,41.7,42.5,41.41,41.48,41.27,0.43,1.0419,4.99,1815463,76238123.0,5475525126.9,1517115222.0
2017-04-12,'603009,北特科技,41.27,42.7,41.22,42.7,42.69,-1.42,-3.3263,5.458,1985711,83278344.0,5419062877.39,1501471108.2
2017-04-11,'603009,北特科技,42.69,42.8,40.8,41.28,42.49,0.2,0.4707,8.2168,2989402,125747563.0,5605519608.33,1553133065.4
2017-04-10,'603009,北特科技,42.49,45.88,42.49,45.88,47.21,-4.72,-9.9979,11.5279,4194028,181439915.0,5579258096.93,1545856733.4
2017-04-07,'603009,北特科技,47.21,48.5,47.02,48.5,48.48,-1.27,-2.6196,6.6909,2434260,115546209.0,6199029765.97,1717578168.6
2017-04-06,'603009,北特科技,48.48,49.67,47.9,48.83,48.75,-0.27,-0.5538,6.8177,2480392,121092759.0,6365790363.36,1763782876.8
2017-04-05,'603009,北特科技,48.75,48.98,46.0,48.48,48.99,-0.24,-0.4899,6.4527,2347611,112142851.0,6401243403.75,1773605925.0
2017-03-31,'603009,北特科技,48.99,49.0,47.8,48.48,48.24,0.75,1.5547,6.0436,2198761,106619238.0,6432757217.43,1782337523.4
2017-03-30,'603009,北特科技,48.24,52.77,47.91,52.77,52.55,-4.31,-8.2017,9.2254,3356336,165971776.0,6334276549.68,1755051278.4
2017-03-29,'603009,北特科技,52.55,54.32,52.45,54.0,54.02,-1.47,-2.7212,7.0128,2551385,135415662.0,6900212120.35,1911856233.0
2017-03-28,'603009,北特科技,54.02,54.22,52.98,53.24,53.2,0.82,1.5414,7.4865,2723701,145920709.0,7093234229.14,1965337273.2
2017-03-27,'603009,北特科技,53.2,53.85,52.43,52.43,52.83,0.37,0.7004,7.9629,2897019,153892143.0,6985562032.4,1935504312.0
2017-03-24,'603009,北特科技,52.83,53.82,52.6,53.78,53.88,-1.05,-1.9488,8.4947,3090500,164174347.0,6936978236.31,1922043097.8
2017-03-23,'603009,北特科技,53.88,58.15,53.0,58.11,58.31,-4.43,-7.5973,16.9154,6154119,341652396.0,7074851171.16,1960243840.8
2017-03-22,'603009,北特科技,58.31,58.6,57.31,57.63,58.15,0.16,0.2752,8.5729,3118948,180816399.0,7656543648.67,2121414594.6
2017-03-21,'603009,北特科技,58.15,59.98,57.52,59.01,59.74,-1.59,-2.6615,12.2195,4445643,259553068.0,7635534439.55,2115593529.0
2017-03-20,'603009,北特科技,59.74,61.55,59.1,61.5,62.53,-2.79,-4.4619,14.1012,5130239,306817670.0,7844313455.18,2173440368.4
2017-03-17,'603009,北特科技,62.53,63.96,61.08,62.05,62.35,0.18,0.2887,17.0026,6185819,386003090.0,8210661539.21,2274945199.8
2017-03-16,'603009,北特科技,62.35,62.78,60.66,61.15,61.07,1.28,2.096,12.1486,4419849,273401491.0,8187026178.95,2268396501.0
2017-03-15,'603009,北特科技,61.07,62.88,60.11,62.5,63.27,-2.2,-3.4772,15.6514,5694246,349575423.0,8018952505.99,2221827976.2
2017-03-14,'603009,北特科技,63.27,64.38,62.8,63.21,63.59,-0.32,-0.5032,13.3877,4870679,308996826.0,8307829131.39,2301867628.2
2017-03-13,'603009,北特科技,63.59,65.7,62.8,65.7,65.73,-2.14,-3.2557,18.0307,6559872,417218502.0,8349847549.63,2313509759.4
2017-03-10,'603009,北特科技,65.73,67.35,63.45,63.96,64.0,1.73,2.7031,28.5806,10398086,684397688.0,8630845721.61,2391366511.8
2017-03-09,'603009,北特科技,64.0,64.29,62.5,63.0,63.43,0.57,0.8986,13.2867,4833940,307313627.0,8403683648.0,2328426240.0
2017-03-08,'603009,北特科技,63.43,65.0,63.38,63.55,64.01,-0.58,-0.9061,11.662,4242827,271586046.0,8328838340.51,2307688693.8
2017-03-07,'603009,北特科技,64.01,64.48,63.28,63.79,64.48,-0.47,-0.7289,11.2663,4098859,261422778.0,8404996723.57,2328790056.6
2017-03-06,'603009,北特科技,64.48,64.88,62.76,63.8,64.07,0.41,0.6399,21.0659,7664115,488700776.0,8466711275.36,2345889436.8
2017-03-03,'603009,北特科技,64.07,65.5,60.01,60.86,61.03,3.04,4.9812,22.4984,8185285,518805999.0,8412875176.99,2330972956.2
2017-03-02,'603009,北特科技,61.03,62.95,60.98,62.08,62.91,-1.88,-2.9884,12.0154,4371419,270558744.0,8013700203.71,2220372709.8
2017-03-01,'603009,北特科技,62.91,63.28,60.3,61.0,61.28,1.63,2.6599,18.4819,6724029,417968283.0,8260558410.87,2288770230.6
2017-02-28,'603009,北特科技,61.28,62.2,60.1,60.6,60.67,0.61,1.0054,9.9598,3623524,222481122.0,8046527092.96,2229468124.8
2017-02-27,'603009,北特科技,60.67,64.0,60.01,63.8,63.77,-3.1,-4.8612,16.7011,6076138,371452876.0,7966429483.19,2207275312.2
2017-02-24,'603009,北特科技,63.77,63.99,62.57,63.05,64.57,-0.8,-1.239,16.8014,6112646,387186530.0,8373482909.89,2320058458.2
2017-02-23,'603009,北特科技,64.57,65.67,62.11,62.59,62.93,1.64,2.6061,25.9446,9439085,604226274.0,8478528955.49,2349163786.2
2017-02-22,'603009,北特科技,62.93,63.5,60.73,61.89,62.18,0.75,1.2062,20.234,7361478,458000499.0,8263184562.01,2289497863.8
2017-02-21,'603009,北特科技,62.18,63.0,58.41,58.41,58.37,3.81,6.5273,22.0718,8030079,491128510.0,8164703894.26,2262211618.8
2017-02-20,'603009,北特科技,58.37,61.29,57.66,59.75,60.18,-1.81,-3.0076,15.7626,5734697,339524819.0,7664422102.09,2123597494.2
2017-02-17,'603009,北特科技,60.18,61.63,59.56,60.56,61.17,-0.99,-1.6184,13.1564,4786510,289901303.0,7902088780.26,2189448298.8
2017-02-16,'603009,北特科技,61.17,62.8,60.01,61.05,61.83,-0.66,-1.0674,19.482,7087882,434325463.0,8032083261.69,2225466142.2
2017-02-15,'603009,北特科技,61.83,66.95,61.0,64.0,64.95,-3.12,-4.8037,30.1115,10955064,700191611.0,8118746249.31,2249478037.8
2017-02-14,'603009,北特科技,64.95,68.31,62.27,62.27,62.68,2.27,3.6216,30.863,11228456,729541682.0,8528425827.15,2362988817.0
2017-02-13,'603009,北特科技,62.68,64.56,57.65,58.5,59.98,2.7,4.5015,23.5177,8556140,525160202.0,8230357672.76,2280402448.8
2017-02-10,'603009,北特科技,59.98,62.5,59.88,61.73,62.48,-2.5,-4.0013,20.7878,7562932,462714229.0,7875827268.86,2182171966.8
2017-02-09,'603009,北特科技,62.48,66.71,60.3,60.6,60.74,1.74,2.8647,30.1862,10982249,694747865.0,8204096161.36,2273126116.8
2017-02-08,'603009,北特科技,60.74,61.22,58.7,59.48,60.13,0.61,1.0145,13.9347,5069667,304060292.0,7975621012.18,2209822028.4
2017-02-07,'603009,北特科技,60.13,61.95,59.71,60.6,61.37,-1.24,-2.0205,16.8407,6126915,372491687.0,7895523402.41,2187629215.8
2017-02-06,'603009,北特科技,61.37,61.5,59.01,60.89,60.84,0.53,0.8711,12.5518,4566545,276141126.0,8058344773.09,2232742474.2
2017-02-03,'603009,北特科技,60.84,62.44,60.0,60.11,60.76,0.08,0.1317,12.7701,4645970,284018065.0,7988751767.88,2213460194.4
2017-01-26,'603009,北特科技,60.76,62.16,60.1,61.97,63.13,-2.37,-3.7542,20.7919,7564424,460866823.0,7978247163.32,2210549661.6
2017-01-25,'603009,北特科技,63.13,63.13,56.4,57.86,57.39,5.74,10.0017,33.7787,12289255,738673441.0,8289446073.41,2296774195.8
2017-01-24,'603009,北特科技,57.39,61.2,55.5,55.5,55.69,1.7,3.0526,27.4917,10001940,584157749.0,7535740696.23,2087943467.4
2017-01-23,'603009,北特科技,55.69,56.79,54.5,55.61,55.57,0.12,0.2159,24.4921,8910619,494414747.0,7312517849.33,2026094645.4
2017-01-20,'603009,北特科技,55.57,55.57,49.33,49.93,50.52,5.05,9.996,31.2486,11368756,601807395.0,7296760942.49,2021728846.2
2017-01-19,'603009,北特科技,50.52,52.89,47.57,47.9,48.97,1.55,3.1652,27.3502,9950473,501233607.0,6633657779.64,1838001463.2
2017-01-18,'603009,北特科技,48.97,52.42,48.89,51.56,52.51,-3.54,-6.7416,26.4153,9610331,487107134.0,6430131066.29,1781609890.2
2017-01-17,'603009,北特科技,52.51,55.81,50.23,50.23,55.81,-3.3,-5.9129,31.9565,11626293,597373830.0,6894959818.07,1910400966.6
2017-01-16,'603009,北特科技,55.81,55.81,55.81,55.81,62.01,-6.2,-9.9984,1.3589,494400,27592464.0,7328274756.17,2030460444.6
2017-01-13,'603009,北特科技,62.01,64.49,61.5,63.05,62.81,-0.8,-1.2737,21.1906,7709488,484680201.0,8142381609.57,2256026736.6
2017-01-12,'603009,北特科技,62.81,65.2,59.17,61.15,62.79,0.02,0.0319,26.2968,9567221,591701047.0,8247427655.17,2285132064.6
2017-01-11,'603009,北特科技,62.79,66.3,62.52,63.18,63.73,-0.94,-1.475,22.808,8297925,533878086.0,8244801504.03,2284404431.4
2017-01-10,'603009,北特科技,63.73,65.88,62.07,65.01,65.56,-1.83,-2.7913,23.7021,8623216,553479055.0,8368230607.61,2318603191.8
2017-01-09,'603009,北特科技,65.56,67.86,60.3,60.8,62.96,2.6,4.1296,40.8902,14876541,950621416.0,8608523436.92,2385181629.6
2017-01-06,'603009,北特科技,62.96,63.75,62.0,63.75,57.95,5.01,8.6454,60.7972,22119022,1403678718.0,8267123788.72,2290589313.6
2017-01-05,'603009,北特科技,57.95,57.95,57.95,57.95,52.68,5.27,10.0038,0.9956,362201,20989548.0,7609272928.15,2108317197.0
2017-01-04,'603009,北特科技,52.68,52.68,52.68,52.68,47.89,4.79,10.0021,1.0847,394641,20789688.0,6917282102.76,1916585848.8
2017-01-03,'603009,北特科技,0.0,0.0,0.0,0.0,47.89,None,None,0.0,0,0.0,6288318904.73,1742317697.4
2016-12-30,'603009,北特科技,0.0,0.0,0.0,0.0,47.89,None,None,0.0,0,0.0,6288318904.73,1742317697.4
2016-12-29,'603009,北特科技,0.0,0.0,0.0,0.0,47.89,None,None,0.0,0,0.0,6288318904.73,1742317697.4
2016-12-28,'603009,北特科技,0.0,0.0,0.0,0.0,47.89,None,None,0.0,0,0.0,6288318904.73,1742317697.4
2016-12-27,'603009,北特科技,47.89,47.89,47.08,47.89,43.54,4.35,9.9908,18.5956,6765382,323823740.0,6288318904.73,1742317697.4
2016-12-26,'603009,北特科技,43.54,43.54,43.54,43.54,39.58,3.96,10.0051,2.5368,922935,40184590.0,5717131031.78,1584057476.4
2016-12-23,'603009,北特科技,39.58,40.38,39.54,40.09,40.38,-0.8,-1.9812,2.4554,893300,35675019.0,5197153106.06,1439986102.8
2016-12-22,'603009,北特科技,40.38,40.46,39.91,40.05,40.18,0.2,0.4978,2.1857,795196,31991684.0,5302199151.66,1469091430.8
2016-12-21,'603009,北特科技,40.18,40.69,39.7,40.07,40.06,0.12,0.2996,2.8939,1052857,42245142.0,5275937640.26,1461815098.8
2016-12-20,'603009,北特科技,40.06,40.16,39.44,39.65,39.65,0.41,1.034,1.9759,718880,28658073.0,5260180733.42,1457449299.6
2016-12-19,'603009,北特科技,39.65,40.4,39.3,40.26,40.5,-0.85,-2.0988,2.6106,906654,36094142.0,5206344635.05,1377050844.0
2016-12-16,'603009,北特科技,40.5,40.7,39.08,39.25,39.43,1.07,2.7137,4.6129,1602069,64279112.0,5317956058.5,1406571480.0
2016-12-15,'603009,北特科技,39.43,40.24,38.85,38.85,38.75,0.68,1.7548,3.8238,1328000,52366160.0,5177456972.51,1369410208.8
2016-12-14,'603009,北特科技,38.75,40.14,38.51,39.7,39.79,-1.04,-2.6137,3.3472,1162500,45493718.0,5090764083.75,1345793700.0
2016-12-13,'603009,北特科技,39.79,40.19,39.51,39.89,39.85,-0.06,-0.1506,3.5551,1234707,49215307.0,5227393623.03,1381913066.4
2016-12-12,'603009,北特科技,39.85,43.79,39.77,43.79,43.89,-4.04,-9.2048,5.1797,1798931,74779777.0,5235276096.45,1383996876.0
2016-12-09,'603009,北特科技,43.89,44.04,43.59,43.88,43.85,0.04,0.0912,2.4347,845572,37022521.0,5766029306.73,1524306722.4
2016-12-08,'603009,北特科技,43.85,44.97,43.59,44.7,44.98,-1.13,-2.5122,2.8781,999578,44183102.0,5760774324.45,1522917516.0
2016-12-07,'603009,北特科技,44.98,45.07,43.46,44.15,43.89,1.09,2.4835,3.5859,1245372,55163168.0,5909227573.86,1562162596.8
2016-12-06,'603009,北特科技,43.89,44.32,43.66,44.0,43.86,0.03,0.0684,2.5914,900013,39586792.0,5766029306.73,1524306722.4
2016-12-05,'603009,北特科技,43.86,43.97,42.82,43.65,43.77,0.09,0.2056,3.1898,1107812,48214835.0,5762088070.02,1523264817.6
2016-12-02,'603009,北特科技,43.77,46.75,43.51,46.38,46.38,-2.61,-5.6274,7.0563,2450667,110101977.0,5750264359.89,1520139103.2
2016-12-01,'603009,北特科技,46.38,46.9,46.01,46.38,46.38,0.0,0.0,3.9491,1371534,63723318.0,6093151953.66,1610784820.8
2016-11-30,'603009,北特科技,46.38,46.78,45.4,46.21,46.21,0.17,0.3679,4.5972,1596606,73538690.0,6093151953.66,1610784820.8
2016-11-29,'603009,北特科技,46.21,47.99,46.0,46.83,46.91,-0.7,-1.4922,6.4474,2239192,105677971.0,6070818278.97,1604880693.6
2016-11-28,'603009,北特科技,46.91,48.89,46.35,48.48,48.65,-1.74,-3.5766,7.2082,2503424,118769187.0,6162780468.87,1629191805.6
2016-11-25,'603009,北特科技,48.65,50.05,45.45,49.5,49.95,-1.3,-2.6026,9.0257,3134629,150526172.0,6391372198.05,1689622284.0
2016-11-24,'603009,北特科技,49.95,52.95,49.51,52.0,51.88,-1.93,-3.7201,9.3765,3256466,165986559.0,6562159122.15,1734771492.0
2016-11-23,'603009,北特科技,51.88,52.64,51.18,51.82,52.76,-0.88,-1.6679,9.5139,3304183,170756335.0,6815712017.16,1801800700.8
2016-11-22,'603009,北特科技,52.76,54.2,50.51,51.8,50.4,2.36,4.6825,20.1495,6997957,370343976.0,6931321627.32,1832363241.6
2016-11-21,'603009,北特科技,50.4,50.82,46.5,46.5,46.22,4.18,9.0437,11.6654,4051407,198923278.0,6621277672.8,1750400064.0
2016-11-18,'603009,北特科技,46.22,46.86,45.23,45.28,44.84,1.38,3.0776,8.9847,3120397,144077696.0,6072132024.54,1605227995.2
2016-11-17,'603009,北特科技,44.84,45.69,44.31,45.4,45.4,-0.56,-1.2335,3.6034,1251450,56015190.0,5890835135.88,1557300374.4
2016-11-16,'603009,北特科技,45.4,46.55,45.06,45.3,45.18,0.22,0.4869,5.2674,1829383,83656641.0,5964404887.8,1576749264.0
2016-11-15,'603009,北特科技,45.18,45.53,44.5,45.5,45.18,0.0,0.0,3.2254,1120183,50301186.0,5935502485.26,1569108628.8
2016-11-14,'603009,北特科技,45.18,45.75,44.8,45.26,45.46,-0.28,-0.6159,5.2164,1811658,82054421.0,5935502485.26,1569108628.8
2016-11-11,'603009,北特科技,45.46,46.29,44.52,45.65,46.1,-0.64,-1.3883,7.6285,2649406,119926930.0,5972287361.22,1578833073.6
2016-11-10,'603009,北特科技,46.1,46.46,43.43,44.1,43.48,2.62,6.0258,8.0597,2799155,125838232.0,6056367077.7,1601060376.0
2016-11-09,'603009,北特科技,43.48,45.05,43.0,44.88,44.88,-1.4,-3.1194,6.4466,2238905,97888159.0,5712165738.36,1510067356.8
2016-11-08,'603009,北特科技,44.88,45.3,44.45,45.3,44.83,0.05,0.1115,3.8622,1341365,60215941.0,5896090118.16,1558689580.8
2016-11-07,'603009,北特科技,44.83,45.88,44.41,45.02,45.41,-0.58,-1.2773,5.7554,1998871,90184939.0,5889521390.31,1556953072.8
2016-11-04,'603009,北特科技,45.41,45.8,43.06,43.4,43.44,1.97,4.535,7.1587,2486219,110811596.0,5965718633.37,1577096565.6
2016-11-03,'603009,北特科技,43.44,45.0,43.14,44.4,44.24,-0.8,-1.8083,6.8035,2362863,104376094.0,5706910756.08,1508678150.4
2016-11-02,'603009,北特科技,44.24,45.88,43.53,43.8,43.93,0.31,0.7057,7.3049,2537014,113657152.0,5812010401.68,1536462278.4
2016-11-01,'603009,北特科技,43.93,44.41,42.76,43.0,42.98,0.95,2.2103,7.0588,2451540,107184055.0,5771284289.01,1525695928.8
2016-10-31,'603009,北特科技,42.98,43.29,41.44,41.79,41.79,1.19,2.8476,4.0806,1417197,60451486.0,5646478459.86,1492702276.8
2016-10-28,'603009,北特科技,41.79,42.25,41.36,41.4,41.49,0.3,0.7231,2.4547,852523,35672977.0,5490142737.03,1451373386.4
2016-10-27,'603009,北特科技,41.49,41.98,41.21,41.21,41.65,-0.16,-0.3842,1.7626,612152,25393658.0,5450730369.93,1440954338.4
2016-10-26,'603009,北特科技,41.65,42.72,41.4,42.7,42.65,-1.0,-2.3447,3.3113,1150005,48144924.0,5471750299.05,1446511164.0
2016-10-25,'603009,北特科技,42.65,42.88,42.15,42.35,42.31,0.34,0.8036,2.4489,850521,36309341.0,5600693806.05,1481241324.0
2016-10-24,'603009,北特科技,42.31,42.75,42.11,42.2,42.15,0.16,0.3796,2.7829,966494,41000133.0,5545341406.67,1469433069.6
2016-10-21,'603009,北特科技,42.15,42.77,41.78,42.3,42.64,-0.49,-1.1492,2.8203,979495,41304949.0,5524371077.55,1463876244.0
2016-10-20,'603009,北特科技,42.64,42.86,42.06,42.68,42.53,0.11,0.2586,3.7244,1293490,54952011.0,5588592710.48,1480894022.4
2016-10-19,'603009,北特科技,42.53,43.8,42.43,43.79,43.74,-1.21,-2.7663,5.4005,1875616,80586356.0,5574175609.21,1477073704.8
2016-10-18,'603009,北特科技,43.74,43.87,42.84,43.3,42.76,0.98,2.2919,3.4771,1207586,52424133.0,5743829943.18,1519097198.4
2016-10-17,'603009,北特科技,42.76,44.37,42.7,42.72,42.78,-0.02,-0.0468,4.7001,1632336,70981183.0,5615138737.32,1485061641.6
2016-10-14,'603009,北特科技,42.78,43.1,42.38,42.38,42.6,0.18,0.4225,1.939,673425,28796220.0,5617765088.46,1485756244.8
2016-10-13,'603009,北特科技,42.6,43.19,42.32,42.78,42.78,-0.18,-0.4208,2.8545,991364,42313143.0,5583350128.2,1479504816.0
2016-10-12,'603009,北特科技,42.78,43.54,42.4,42.47,42.51,0.27,0.6351,4.5237,1571102,67470941.0,5606941748.46,1485756244.8
2016-10-11,'603009,北特科技,42.51,43.8,42.15,42.89,42.89,-0.38,-0.886,4.8644,1689431,72344586.0,5571554318.07,1476379101.6
2016-10-10,'603009,北特科技,42.89,42.98,41.6,41.6,41.47,1.42,3.4242,3.6781,1277423,54241566.0,5621358849.73,1489576562.4
2016-09-30,'603009,北特科技,41.47,41.97,41.17,41.35,41.48,-0.01,-0.0241,3.332,1157221,48176146.0,5435247178.79,1440259735.2
2016-09-29,'603009,北特科技,41.48,41.5,40.14,40.14,40.35,1.13,2.8005,3.9463,1370557,56193012.0,5436557824.36,1440607036.8
2016-09-28,'603009,XD北特科,40.35,40.99,39.96,40.58,40.62,-0.27,-0.6647,1.9907,691389,27840931.0,5288454874.95,1401361956.0
2016-09-27,'603009,北特科技,40.85,40.86,39.63,40.2,40.59,0.26,0.6406,2.9132,1011775,40629809.0,5353987153.45,1418727036.0
2016-09-26,'603009,北特科技,40.59,41.28,40.51,41.28,40.89,-0.3,-0.7337,3.7422,1299669,53168510.0,5319910368.63,1409697194.4
2016-09-23,'603009,北特科技,40.89,41.5,39.8,39.91,39.9,0.99,2.4812,4.5528,1581206,64353142.0,5359229735.73,1420116242.4
2016-09-22,'603009,北特科技,39.9,40.13,39.7,39.9,39.87,0.03,0.0752,2.535,880415,35129769.0,5229475824.3,1385733384.0
2016-09-21,'603009,北特科技,39.87,39.93,39.2,39.54,39.5,0.37,0.9367,1.4836,515257,20444276.0,5225543887.59,1384691479.2
2016-09-20,'603009,北特科技,39.5,40.0,39.26,39.98,39.96,-0.46,-1.1512,1.809,628266,24923915.0,5177050001.5,1371841320.0
2016-09-19,'603009,北特科技,39.96,40.0,39.2,39.53,39.28,0.68,1.7312,2.2284,773913,30749795.0,5237339697.72,1387817193.6
2016-09-14,'603009,北特科技,39.28,39.3,38.82,39.13,39.12,0.16,0.409,1.3608,472624,18480140.0,5148215798.96,1364200684.8
2016-09-13,'603009,北特科技,39.12,39.52,38.67,39.1,39.0,0.12,0.3077,1.6804,583602,22701857.0,5127245469.84,1358643859.2
2016-09-12,'603009,北特科技,39.0,39.98,38.57,39.0,39.57,-0.57,-1.4405,3.885,1349272,53216371.0,5111517723.0,1354476240.0
2016-09-09,'603009,北特科技,39.57,40.25,39.4,40.08,39.96,-0.39,-0.976,1.9995,694420,27643221.0,5186224520.49,1374272431.2
2016-09-08,'603009,北特科技,39.96,40.2,39.58,39.72,39.72,0.24,0.6042,2.3181,805092,32142920.0,5237339697.72,1387817193.6
2016-09-07,'603009,北特科技,39.72,40.35,39.28,39.29,39.28,0.44,1.1202,3.6981,1284344,51296654.0,5205884204.04,1379481955.2
2016-09-06,'603009,北特科技,39.28,39.36,38.5,38.91,39.07,0.21,0.5375,1.3807,479516,18745917.0,5148215798.96,1364200684.8
2016-09-05,'603009,北特科技,39.07,39.59,38.94,39.36,39.12,-0.05,-0.1278,1.3737,477101,18720158.0,5120692241.99,1356907351.2
2016-09-02,'603009,北特科技,39.12,39.2,38.0,38.91,38.91,0.21,0.5397,2.6629,924821,35952836.0,5127245469.84,1358643859.2
2016-09-01,'603009,北特科技,38.91,39.36,38.82,39.25,39.24,-0.33,-0.841,2.5262,877367,34194269.0,5099721912.87,1351350525.6
2016-08-31,'603009,北特科技,39.24,39.62,38.8,39.38,39.24,0.0,0.0,1.541,535182,21029097.0,5142973216.68,1362811478.4
2016-08-30,'603009,北特科技,39.24,39.8,39.1,39.6,39.58,-0.34,-0.859,1.3036,452745,17803774.0,5142973216.68,1362811478.4
2016-08-29,'603009,北特科技,39.58,39.81,39.07,39.51,39.5,0.08,0.2025,1.9853,689495,27289346.0,5187535166.06,1374619732.8
2016-08-26,'603009,北特科技,39.5,39.66,38.76,38.8,38.75,0.75,1.9355,3.1328,1088025,42822696.0,5177050001.5,1371841320.0
2016-08-25,'603009,北特科技,38.75,39.29,38.61,39.29,39.4,-0.65,-1.6497,2.237,776900,30203129.0,5078751583.75,1345793700.0
2016-08-24,'603009,北特科技,39.4,39.58,39.16,39.32,39.31,0.09,0.2289,1.555,540046,21280335.0,5163943545.8,1368368304.0
2016-08-23,'603009,北特科技,39.31,39.65,38.5,39.44,39.45,-0.14,-0.3549,3.0119,1046045,40995523.0,5152147735.67,1365242589.6
2016-08-22,'603009,北特科技,39.45,39.98,39.27,39.75,39.9,-0.45,-1.1278,2.8348,984534,39071341.0,5170496773.65,1370104812.0
2016-08-19,'603009,北特科技,39.9,40.14,39.65,40.06,39.82,0.08,0.2009,2.6685,926760,36938572.0,5229475824.3,1385733384.0
2016-08-18,'603009,北特科技,39.82,40.27,39.51,39.51,39.61,0.21,0.5302,3.8024,1320566,52749044.0,5218990659.74,1382954971.2
2016-08-17,'603009,北特科技,39.61,39.95,39.37,39.37,39.56,0.05,0.1264,2.925,1015862,40239208.0,5191467102.77,1375661637.6
2016-08-16,'603009,北特科技,39.56,39.85,39.4,39.69,39.69,-0.13,-0.3275,3.1132,1081234,42902347.0,5184913874.92,1373925129.6
2016-08-15,'603009,北特科技,39.69,40.35,38.75,39.29,39.17,0.52,1.3275,5.2056,1807898,71433561.0,5201952267.33,1378440050.4
2016-08-12,'603009,北特科技,39.17,39.29,38.67,38.97,39.04,0.13,0.333,3.9682,1378168,53741583.0,5133798697.69,1360380367.2
2016-08-11,'603009,北特科技,39.04,40.8,38.8,40.8,40.89,-1.85,-4.5243,7.736,2686715,105727810.0,5116760305.28,1355865446.4
2016-08-10,'603009,北特科技,40.89,42.27,40.88,42.0,43.82,-2.93,-6.6864,12.8031,4446550,184735545.0,5359229735.73,1420116242.4
2016-08-09,'603009,北特科技,43.82,44.79,40.9,40.9,40.93,2.89,7.0608,9.2467,3211406,137892834.0,5743248887.74,1521875611.2
2016-08-08,'603009,北特科技,40.93,40.96,39.91,40.63,41.15,-0.22,-0.5346,2.6327,914331,36996221.0,5364472318.01,1421505448.8
2016-08-05,'603009,北特科技,41.15,41.68,40.97,41.06,40.97,0.18,0.4393,3.5436,1230701,50791767.0,5393306520.55,1429146084.0
2016-08-04,'603009,北特科技,40.97,40.99,40.38,40.38,40.73,0.24,0.5892,2.2976,797945,32541363.0,5369714900.29,1422894655.2
2016-08-03,'603009,北特科技,40.73,40.93,40.0,40.5,40.57,0.16,0.3944,4.0203,1396270,56718140.0,5338259406.61,1414559416.8
2016-08-02,'603009,北特科技,40.57,40.65,39.08,39.18,39.78,0.79,1.9859,3.6096,1253627,50136817.0,5317289077.49,1409002591.2
2016-08-01,'603009,北特科技,39.78,39.95,37.11,39.4,39.57,0.21,0.5307,4.2478,1475266,56501515.0,5213748077.46,1381565764.8
2016-07-29,'603009,北特科技,39.57,40.7,39.42,39.59,39.32,0.25,0.6358,3.8998,1354413,54124095.0,5186224520.49,1374272431.2
2016-07-28,'603009,北特科技,39.32,40.46,38.7,39.9,40.27,-0.95,-2.3591,3.708,1287806,50638945.0,5153458381.24,1365589891.2
2016-07-27,'603009,北特科技,40.27,42.28,39.05,40.72,40.9,-0.63,-1.5403,6.5242,2265876,93343056.0,5277969710.39,1398583543.2
2016-07-26,'603009,北特科技,40.9,40.96,39.8,39.92,39.94,0.96,2.4036,2.4539,852254,34569189.0,5360540381.3,1420463544.0
2016-07-25,'603009,北特科技,39.94,40.3,38.91,39.86,39.96,-0.02,-0.0501,2.1159,734847,29205632.0,5234718406.58,1387122590.4
2016-07-22,'603009,北特科技,39.96,40.52,39.85,40.3,40.35,-0.39,-0.9665,2.1971,763053,30620142.0,5237339697.72,1387817193.6
2016-07-21,'603009,北特科技,40.35,41.55,40.32,41.08,41.07,-0.72,-1.7531,3.5338,1227293,50039172.0,5288454874.95,1401361956.0
2016-07-20,'603009,北特科技,41.07,41.69,40.8,41.2,41.09,-0.02,-0.0487,2.6422,917628,37796065.0,5382821355.99,1426367671.2
2016-07-19,'603009,北特科技,41.09,41.6,39.84,40.27,40.11,0.98,2.4433,3.7555,1304276,53262837.0,5385442647.13,1427062274.4
2016-07-18,'603009,北特科技,40.11,40.48,39.7,39.98,39.98,0.13,0.3252,3.9884,1385174,55528879.0,5256999381.27,1393026717.6
2016-07-15,'603009,北特科技,39.98,40.98,39.58,40.13,40.58,-0.6,-1.4786,5.5255,1919013,76971777.0,5239960988.86,1388511796.8
2016-07-14,'603009,北特科技,40.58,41.94,40.03,41.94,41.94,-1.36,-3.2427,5.9319,2060153,84146884.0,5318599723.06,1409349892.8
2016-07-13,'603009,北特科技,41.94,42.19,41.59,41.85,42.02,-0.08,-0.1904,2.5904,899635,37703531.0,5496847520.58,1456582910.4
2016-07-12,'603009,北特科技,42.02,43.22,40.77,43.0,42.8,-0.78,-1.8224,6.3581,2208183,92053543.0,5507332685.14,1459361323.2
2016-07-11,'603009,北特科技,42.8,44.88,42.0,42.65,42.09,0.71,1.6869,9.1646,3182893,139375816.0,5609563039.6,1486450848.0
2016-07-08,'603009,北特科技,42.09,42.88,41.81,42.6,42.57,-0.48,-1.1276,3.411,1184641,50277505.0,5516507204.13,1461792434.4
2016-07-07,'603009,北特科技,42.57,43.59,42.0,43.52,43.22,-0.65,-1.5039,4.4737,1553709,66163141.0,5579418191.49,1478462911.2
2016-07-06,'603009,北特科技,43.22,43.7,41.23,41.41,41.87,1.35,3.2243,7.4409,2584241,110667569.0,5664610153.54,1501037515.2
2016-07-05,'603009,北特科技,41.87,41.91,40.6,41.0,40.95,0.92,2.2466,4.6389,1611099,66466953.0,5487673001.59,1454151799.2
2016-07-04,'603009,北特科技,40.95,42.0,39.38,40.22,40.97,-0.02,-0.0488,5.976,2075488,84113595.0,5367093609.15,1422200052.0
2016-07-01,'603009,北特科技,40.97,43.52,40.93,42.15,42.54,-1.57,-3.6906,6.3665,2211111,92917669.0,5369714900.29,1422894655.2
2016-06-30,'603009,北特科技,42.54,43.33,41.31,41.8,42.21,0.33,0.7818,5.4831,1904277,80905535.0,4681101600.0,1477421006.4
2016-06-29,'603009,北特科技,42.21,43.12,41.67,42.1,42.1,0.11,0.2613,3.8121,1323958,56051535.0,4644788400.0,1465960053.6
2016-06-28,'603009,北特科技,42.1,42.49,41.3,42.3,42.67,-0.57,-1.3358,5.5801,1937987,81204665.0,4632684000.0,1462139736.0
2016-06-27,'603009,北特科技,42.67,44.3,40.65,41.5,41.67,1.0,2.3998,10.2176,3548577,151769973.0,4695406800.0,1481935927.2
2016-06-24,'603009,北特科技,41.67,42.4,36.68,38.6,38.62,3.05,7.8975,9.2259,3204174,128094236.0,4585366800.0,1447205767.2
2016-06-23,'603009,北特科技,38.62,39.8,38.5,39.51,39.89,-1.27,-3.1838,3.4322,1192015,46398464.0,4249744800.0,1341278779.2
2016-06-22,'603009,北特科技,39.89,40.47,38.45,39.45,39.7,0.19,0.4786,3.7105,1288674,51262134.0,4389495600.0,1385386082.4
2016-06-21,'603009,北特科技,39.7,40.86,38.12,40.52,40.57,-0.87,-2.1444,7.4595,2590705,102255626.0,4368588000.0,1378787352.0
2016-06-20,'603009,北特科技,40.57,41.11,38.9,38.9,39.32,1.25,3.179,5.9867,2079203,83383667.0,4464322800.0,1409002591.2
2016-06-17,'603009,北特科技,39.32,40.99,38.1,39.4,39.72,-0.4,-1.007,7.2169,2506451,98601724.0,4326772800.0,1365589891.2
2016-06-16,'603009,北特科技,39.72,41.25,38.5,39.05,39.05,0.67,1.7157,8.4433,2932355,117696713.0,4370788800.0,1379481955.2
2016-06-15,'603009,北特科技,39.05,40.21,35.56,35.68,36.56,2.49,6.8107,10.98,3813355,146288059.0,4297062000.0,1356212748.0
2016-06-14,'603009,北特科技,36.56,37.0,34.63,36.91,36.34,0.22,0.6054,8.24,2861758,102203554.0,4023062400.0,1269734649.6
2016-06-13,'603009,北特科技,36.34,41.28,35.9,37.8,38.21,-1.87,-4.894,14.6445,5086049,198011347.0,3998853600.0,1262094014.4
2016-06-08,'603009,北特科技,38.21,38.21,34.3,34.3,34.74,3.47,9.9885,10.7649,3738667,136871767.0,4204628400.0,1327039413.6
2016-06-07,'603009,北特科技,34.74,35.29,34.3,34.3,33.85,0.89,2.6292,7.783,2703056,94060752.0,3822789600.0,1206525758.4
2016-06-06,'603009,北特科技,33.85,34.42,33.25,34.02,33.98,-0.13,-0.3826,5.6073,1947418,65630658.0,3724854000.0,1175615916.0
2016-06-03,'603009,北特科技,33.98,34.48,32.95,33.15,33.16,0.82,2.4729,6.8499,2378996,80052443.0,3739159200.0,1180130836.8
2016-06-02,'603009,北特科技,33.16,33.3,32.42,32.47,32.72,0.44,1.3447,5.498,1909456,62892679.0,3648926400.0,1151652105.6
2016-06-01,'603009,北特科技,32.72,33.49,32.23,32.4,32.88,-0.16,-0.4866,6.0414,2098201,69272215.0,3600508800.0,1136370835.2
2016-05-31,'603009,北特科技,32.88,33.0,31.23,31.33,31.33,1.55,4.9473,7.1102,2469386,80250629.0,3618115200.0,1141927660.8
2016-05-30,'603009,北特科技,31.33,31.57,30.6,30.89,30.84,0.49,1.5888,4.0817,1417597,44301305.0,3447553200.0,1088095912.8
2016-05-27,'603009,北特科技,30.84,31.28,30.3,30.68,30.4,0.44,1.4474,3.864,1341957,41416735.0,3393633600.0,1071078134.4
2016-05-26,'603009,北特科技,30.4,30.61,29.82,30.31,30.45,-0.05,-0.1642,3.7289,1295054,39109578.0,3345216000.0,1055796864.0
2016-05-25,'603009,北特科技,30.45,30.89,30.25,30.59,30.33,0.12,0.3956,1.629,565741,17308288.0,3350718000.0,1057533372.0
2016-05-24,'603009,北特科技,30.33,30.95,30.14,30.95,30.81,-0.48,-1.5579,1.808,627933,19099755.0,3337513200.0,1053365752.8
2016-05-23,'603009,北特科技,30.81,31.0,30.17,30.18,30.01,0.8,2.6658,2.7546,956681,29299014.0,3390332400.0,1070036229.6
2016-05-20,'603009,北特科技,30.01,30.36,29.52,29.61,29.91,0.1,0.3343,3.4358,1193244,35935212.0,3302300400.0,1042252101.6
2016-05-19,'603009,北特科技,29.91,30.18,29.65,29.85,29.68,0.23,0.7749,3.3571,1165916,34997742.0,3291296400.0,1038779085.6
2016-05-18,'603009,北特科技,29.68,30.55,29.0,30.55,30.75,-1.07,-3.4797,2.5772,895068,26667211.0,3265987200.0,1030791148.8
2016-05-17,'603009,北特科技,30.75,31.25,30.4,30.96,31.19,-0.44,-1.4107,2.7626,959457,29559639.0,3383730000.0,1067952420.0
2016-05-16,'603009,北特科技,31.19,31.2,29.6,30.47,30.57,0.62,2.0281,4.5603,1583792,48233043.0,3432147600.0,1083233690.4
2016-05-13,'603009,北特科技,30.57,31.47,30.15,31.2,31.2,-0.63,-2.0192,3.777,1311741,40341156.0,3363922800.0,1061700991.2
2016-05-12,'603009,北特科技,31.2,31.65,30.1,30.83,31.76,-0.56,-1.7632,2.1478,745944,23074835.0,3433248000.0,1083580992.0
2016-05-11,'603009,北特科技,31.76,32.49,31.55,32.39,32.08,-0.32,-0.9975,2.4042,834988,26643774.0,3494870400.0,1103029881.6
2016-05-10,'603009,北特科技,32.08,32.68,31.86,32.0,31.86,0.22,0.6905,2.7303,948243,30545431.0,3530083200.0,1114143532.8
2016-05-09,'603009,北特科技,31.86,33.61,31.55,33.61,33.58,-1.72,-5.1221,3.8717,1344635,43528166.0,3505874400.0,1106502897.6
2016-05-06,'603009,北特科技,33.58,35.65,33.55,35.36,35.3,-1.72,-4.8725,4.7308,1643001,56899686.0,3695143200.0,1166238772.8
2016-05-05,'603009,北特科技,35.3,35.69,34.65,35.28,35.28,0.02,0.0567,4.5443,1578244,55396036.0,3884412000.0,1225974648.0
2016-05-04,'603009,北特科技,35.28,36.9,34.01,34.3,34.62,0.66,1.9064,10.1657,3530557,125496470.0,3882211200.0,1225280044.8
2016-05-03,'603009,北特科技,34.62,34.8,31.31,31.31,31.68,2.94,9.2803,6.0167,2089606,69471512.0,3809584800.0,1202358139.2
2016-04-29,'603009,北特科技,31.68,31.95,30.4,30.62,30.84,0.84,2.7237,3.5199,1222480,38285516.0,3486067200.0,1100251468.8
2016-04-28,'603009,北特科技,30.84,31.59,30.04,31.59,31.63,-0.79,-2.4976,3.4089,1183905,36343747.0,3393633600.0,1071078134.4
2016-04-27,'603009,北特科技,31.63,32.98,31.11,32.5,33.01,-1.38,-4.1806,3.9905,1385919,44419993.0,3480565200.0,1098514960.8
2016-04-26,'603009,北特科技,33.01,33.17,31.91,32.07,32.07,0.94,2.9311,2.0781,721740,23429890.0,3632420400.0,1146442581.6
2016-04-25,'603009,北特科技,32.07,32.24,31.12,31.81,31.91,0.16,0.5014,1.8038,626478,19880908.0,3528982800.0,1113796231.2
2016-04-22,'603009,北特科技,31.91,32.88,31.51,32.35,32.27,-0.36,-1.1156,3.1704,1101082,35259988.0,3511376400.0,1108239405.6
2016-04-21,'603009,北特科技,32.27,33.21,31.93,32.7,32.89,-0.62,-1.8851,2.0468,710870,23228441.0,3550990800.0,1120742263.2
2016-04-20,'603009,北特科技,32.89,35.05,31.41,34.33,34.5,-1.61,-4.6667,4.0415,1403620,47593129.0,3619215600.0,1142274962.4
2016-04-19,'603009,北特科技,34.5,34.74,34.05,34.6,34.52,-0.02,-0.0579,2.0303,705111,24245117.0,3796380000.0,1198190520.0
2016-04-18,'603009,北特科技,34.52,34.77,33.92,34.52,34.74,-0.22,-0.6333,2.6765,929547,31822473.0,3798580800.0,1198885123.2
2016-04-15,'603009,北特科技,34.74,35.05,34.1,34.61,34.51,0.23,0.6665,3.0568,1061641,36774004.0,3822789600.0,1206525758.4
2016-04-14,'603009,北特科技,34.51,34.82,33.94,34.39,34.4,0.11,0.3198,2.5323,879475,30121954.0,3797480400.0,1198537821.6
2016-04-13,'603009,北特科技,34.4,34.95,33.81,33.81,33.74,0.66,1.9561,5.7814,2007899,69246261.0,3785376000.0,1194717504.0
2016-04-12,'603009,北特科技,33.74,33.78,32.66,33.24,33.3,0.44,1.3213,4.4068,1530473,50686981.0,3712749600.0,1171795598.4
2016-04-11,'603009,北特科技,33.3,33.54,32.26,32.45,31.94,1.36,4.258,4.3997,1528018,50413209.0,3664332000.0,1156514328.0
2016-04-08,'603009,北特科技,31.94,32.59,31.53,32.2,32.64,-0.7,-2.1446,2.5198,875141,27949627.0,3514677600.0,1109281310.4
2016-04-07,'603009,北特科技,32.64,33.69,32.58,33.69,33.69,-1.05,-3.1167,3.7342,1296897,42776671.0,3591705600.0,1133592422.4
2016-04-06,'603009,北特科技,33.69,33.89,32.32,32.69,32.69,1.0,3.059,6.1242,2126951,71247195.0,3707247600.0,1170059090.4
2016-04-05,'603009,北特科技,32.69,32.84,31.5,31.72,31.72,0.97,3.058,3.5658,1238415,40137913.0,3597207600.0,1135328930.4
2016-04-01,'603009,北特科技,31.72,32.34,31.15,31.92,32.15,-0.43,-1.3375,2.1415,743750,23557043.0,3490468800.0,1101640675.2
2016-03-31,'603009,北特科技,32.15,32.79,31.91,32.41,32.06,0.09,0.2807,2.4535,852100,27545309.0,3537786000.0,1116574644.0
2016-03-30,'603009,北特科技,32.06,32.19,31.08,31.24,30.84,1.22,3.9559,3.2078,1114081,35257730.0,3527882400.0,1113448929.6
2016-03-29,'603009,北特科技,30.84,32.1,30.64,31.6,31.96,-1.12,-3.5044,3.0582,1062131,33118617.0,3393633600.0,1071078134.4
2016-03-28,'603009,北特科技,31.96,32.88,31.82,31.88,31.91,0.05,0.1567,3.8479,1336395,43374966.0,3516878400.0,1109975913.6
2016-03-25,'603009,北特科技,31.91,32.3,31.52,32.2,32.22,-0.31,-0.9621,3.1275,1086193,34665694.0,3511376400.0,1108239405.6
2016-03-24,'603009,北特科技,32.22,32.98,31.53,31.8,32.0,0.22,0.6875,6.6795,2319811,75033137.0,3545488800.0,1119005755.2
2016-03-23,'603009,北特科技,32.0,32.25,31.32,31.32,31.61,0.39,1.2338,3.6833,1279224,40845908.0,3521280000.0,1111365120.0
2016-03-22,'603009,北特科技,31.61,31.99,31.34,31.74,32.04,-0.43,-1.3421,3.3627,1167881,36979566.0,3478364400.0,1097820357.6
2016-03-21,'603009,北特科技,32.04,32.37,31.38,31.69,31.65,0.39,1.2322,6.4079,2225477,70869789.0,3525681600.0,1112754326.4
2016-03-18,'603009,北特科技,31.65,32.0,30.3,31.0,31.02,0.63,2.0309,7.7752,2700342,84439890.0,3482766000.0,1099209564.0
2016-03-17,'603009,北特科技,31.02,32.08,30.81,31.1,31.29,-0.27,-0.8629,8.5847,2981469,93840711.0,3413440800.0,1077329563.2
2016-03-16,'603009,北特科技,31.29,31.86,30.11,31.26,31.27,0.02,0.064,7.2516,2518507,78448708.0,3443151600.0,1086706706.4
2016-03-15,'603009,北特科技,31.27,31.5,30.0,30.53,31.1,0.17,0.5466,4.6589,1618046,49693173.0,3440950800.0,1086012103.2
2016-03-14,'603009,北特科技,31.1,31.78,29.7,30.31,30.11,0.99,3.2879,6.1005,2118713,65705743.0,3422244000.0,1080107976.0
2016-03-11,'603009,北特科技,30.11,30.9,28.13,28.15,28.91,1.2,4.1508,5.9411,2063358,61390733.0,3313304400.0,1045725117.6
2016-03-10,'603009,北特科技,28.91,29.7,28.5,28.82,28.82,0.09,0.3123,1.3319,462564,13437708.0,3181256400.0,1004048925.6
2016-03-09,'603009,北特科技,28.82,29.99,28.01,28.3,29.22,-0.4,-1.3689,1.8741,650884,18979641.0,3171352800.0,1000923211.2
2016-03-08,'603009,北特科技,29.22,29.48,27.18,28.3,28.3,0.92,3.2509,3.5949,1248531,35434603.0,3215368800.0,1014815275.2
2016-03-07,'603009,北特科技,28.3,28.48,27.64,27.98,27.64,0.66,2.3878,1.7759,616763,17416297.0,3114132000.0,982863528.0
2016-03-04,'603009,北特科技,27.64,29.73,27.6,29.73,29.72,-2.08,-6.9987,3.5431,1230533,34907342.0,3041505600.0,959941622.4
2016-03-03,'603009,北特科技,29.72,30.6,29.68,30.38,30.39,-0.67,-2.2047,3.359,1166583,35147733.0,3270388800.0,1032180355.2
2016-03-02,'603009,北特科技,30.39,30.7,29.0,29.0,29.44,0.95,3.2269,4.1,1423946,42656724.0,3344115600.0,1055449562.4
2016-03-01,'603009,北特科技,29.44,29.65,27.96,28.5,28.77,0.67,2.3288,4.0298,1399541,39997289.0,3239577600.0,1022455910.4
2016-02-29,'603009,北特科技,28.77,31.12,28.0,30.1,29.67,-0.9,-3.0334,6.8119,2365795,70623610.0,3165850800.0,999186703.2
2016-02-26,'603009,北特科技,29.67,30.1,27.26,28.75,28.59,1.08,3.7775,5.2386,1819382,52542822.0,3264886800.0,1030443847.2
2016-02-25,'603009,北特科技,28.59,31.75,28.59,31.73,31.77,-3.18,-10.0094,3.7064,1287222,38342530.0,3146043600.0,992935274.4
2016-02-24,'603009,北特科技,31.77,32.35,31.26,32.01,32.08,-0.31,-0.9663,3.2503,1128826,35918572.0,3495970800.0,1103377183.2
2016-02-23,'603009,北特科技,32.08,32.99,31.8,32.83,32.9,-0.82,-2.4924,4.7303,1642846,53131660.0,3530083200.0,1114143532.8
2016-02-22,'603009,北特科技,32.9,33.67,32.56,32.8,32.54,0.36,1.1063,4.8023,1667853,55234165.0,3620316000.0,1142622264.0
2016-02-19,'603009,北特科技,32.54,33.2,32.13,32.98,32.88,-0.34,-1.0341,4.5266,1572082,51365409.0,3580701600.0,1130119406.4
2016-02-18,'603009,北特科技,32.88,33.28,31.71,31.9,31.71,1.17,3.6897,7.7276,2683793,87451181.0,3618115200.0,1141927660.8
2016-02-17,'603009,北特科技,31.71,32.16,30.85,31.84,32.11,-0.4,-1.2457,4.3535,1511985,47785759.0,3489368400.0,1101293373.6
2016-02-16,'603009,北特科技,32.11,32.47,30.96,30.96,31.0,1.11,3.5806,6.0965,2117322,67222506.0,3533384400.0,1115185437.6
2016-02-15,'603009,北特科技,31.0,31.42,30.0,30.0,32.28,-1.28,-3.9653,4.207,1461083,45114466.0,3411240000.0,1076634960.0
2016-02-05,'603009,北特科技,32.28,33.97,31.8,33.75,33.73,-1.45,-4.2988,5.9851,2078648,67611252.0,3552091200.0,1121089564.8
2016-02-04,'603009,北特科技,33.73,35.0,33.1,34.0,33.44,0.29,0.8672,8.0955,2811592,95846028.0,3711649200.0,1171448296.8
2016-02-03,'603009,北特科技,33.44,34.99,32.3,34.99,32.28,1.16,3.5936,9.3836,3258922,109187325.0,3679737600.0,1161376550.4
2016-02-02,'603009,北特科技,32.28,34.0,31.8,34.0,32.14,0.14,0.4356,9.6305,3344671,108499058.0,3552091200.0,1121089564.8
2016-02-01,'603009,北特科技,32.14,32.8,29.18,29.49,29.88,2.26,7.5636,9.373,3255249,102027899.0,3536685600.0,1116227342.4
2016-01-29,'603009,北特科技,29.88,30.5,28.02,29.16,28.95,0.93,3.2124,4.4347,1540171,45549725.0,3287995200.0,1037737180.8
2016-01-28,'603009,北特科技,28.95,31.0,28.8,29.5,30.28,-1.33,-4.3923,3.7399,1298887,39201921.0,3185658000.0,1005438132.0
2016-01-27,'603009,北特科技,30.28,32.99,28.81,32.99,32.01,-1.73,-5.4046,7.0404,2445141,73959445.0,3332011200.0,1051629244.8
2016-01-26,'603009,北特科技,32.01,33.9,31.02,33.9,34.09,-2.08,-6.1015,7.5761,2631185,85346575.0,3522380400.0,1111712421.6
2016-01-25,'603009,北特科技,34.09,35.25,32.9,33.68,33.56,0.53,1.5793,5.5622,1931759,65960657.0,3751263600.0,1183951154.4
2016-01-22,'603009,北特科技,33.56,33.56,29.05,30.47,30.51,3.05,9.9967,7.4961,2603402,82850616.0,3692942400.0,1165544169.6
2016-01-21,'603009,北特科技,30.51,32.28,30.01,32.28,32.58,-2.07,-6.3536,5.9414,2063443,63775834.0,3357320400.0,1059617181.6
2016-01-20,'603009,北特科技,32.58,33.33,31.2,31.89,32.31,0.27,0.8357,3.315,1151303,37165544.0,3585103200.0,1131508612.8
2016-01-19,'603009,北特科技,32.31,32.4,31.01,31.66,31.67,0.64,2.0208,3.3601,1166981,37139746.0,3555392400.0,1122131469.6
2016-01-18,'603009,北特科技,31.67,32.16,29.11,29.11,30.2,1.47,4.8675,3.3226,1153938,35967780.0,3484966800.0,1099904167.2
2016-01-15,'603009,北特科技,30.2,31.59,29.88,31.5,31.55,-1.35,-4.2789,2.544,883545,27024415.0,3323208000.0,1048850832.0
2016-01-14,'603009,北特科技,31.55,32.09,27.83,28.46,29.17,2.38,8.1591,3.4202,1187829,36129993.0,3471762000.0,1095736548.0
2016-01-13,'603009,北特科技,29.17,30.89,29.1,30.89,30.44,-1.27,-4.1721,1.3268,460817,13864105.0,3209866800.0,1013078767.2
2016-01-12,'603009,北特科技,30.44,30.8,28.8,29.51,29.46,0.98,3.3265,2.5728,893527,26585883.0,3349617600.0,1057186070.4
2016-01-11,'603009,北特科技,29.46,33.0,29.2,31.8,31.83,-2.37,-7.4458,3.2553,1130581,35275682.0,3241778400.0,1023150513.6
2016-01-08,'603009,北特科技,31.83,32.6,28.02,32.22,31.02,0.81,2.6112,2.877,999190,31634012.0,3502573200.0,1105460992.8
2016-01-07,'603009,北特科技,31.02,34.0,31.0,34.0,34.28,-3.26,-9.5099,0.5154,179000,5775463.0,3413440800.0,1077329563.2
2016-01-06,'603009,北特科技,34.28,34.5,32.43,32.83,32.68,1.6,4.896,2.8879,1002983,33797614.0,3772171200.0,1190549884.8
2016-01-05,'603009,北特科技,32.68,34.5,31.47,32.0,34.97,-2.29,-6.5485,3.246,1127352,37152962.0,3596107200.0,1134981628.8
2016-01-04,'603009,北特科技,34.97,38.87,34.97,38.5,38.86,-3.89,-10.0103,2.2359,776520,28712975.0,3848098800.0,1214513695.2
2015-12-31,'603009,北特科技,38.86,39.78,38.6,39.04,39.13,-0.27,-0.69,2.1133,733948,28899825.0,4276154400.0,1349614017.6
2015-12-30,'603009,北特科技,39.13,39.2,38.5,38.6,38.75,0.38,0.9806,2.1107,733033,28603635.0,4305865200.0,1358991160.8
2015-12-29,'603009,北特科技,38.75,38.78,38.04,38.2,38.19,0.56,1.4664,1.4455,502029,19249394.0,4264050000.0,1345793700.0
2015-12-28,'603009,北特科技,38.19,39.78,38.01,39.5,39.26,-1.07,-2.7254,2.5379,881433,34462798.0,4202427600.0,1326344810.4
2015-12-25,'603009,北特科技,39.26,39.6,38.51,39.07,38.85,0.41,1.0553,2.6412,917279,36057721.0,4320170400.0,1363506081.6
2015-12-24,'603009,北特科技,38.85,39.5,37.7,39.5,39.54,-0.69,-1.7451,2.7046,939300,36224681.0,4275054000.0,1349266716.0
2015-12-23,'603009,北特科技,39.54,40.2,39.45,40.0,40.06,-0.52,-1.2981,3.1244,1085093,43175538.0,4350981600.0,1373230526.4
2015-12-22,'603009,北特科技,40.06,40.87,39.66,40.87,40.28,-0.22,-0.5462,2.376,825191,33082724.0,4273200200.0,1391290209.6
2015-12-21,'603009,北特科技,40.28,40.93,39.56,39.56,40.06,0.22,0.5492,3.5097,1218939,49159826.0,4296667600.0,1398930844.8
2015-12-18,'603009,北特科技,40.06,41.64,39.32,40.65,40.91,-0.85,-2.0777,5.0646,1758930,71084984.0,4273200200.0,1391290209.6
2015-12-17,'603009,北特科技,40.91,41.0,39.78,40.15,39.75,1.16,2.9182,6.0012,2084231,84022165.0,4363869700.0,1420810845.6
2015-12-16,'603009,北特科技,39.75,39.99,38.9,38.9,38.78,0.97,2.5013,3.9994,1388991,54829674.0,4240132500.0,1380523860.0
2015-12-15,'603009,北特科技,38.78,39.22,38.5,38.96,38.78,0.0,0.0,2.5031,869330,33798602.0,4136662600.0,1346835604.8
2015-12-14,'603009,北特科技,38.78,38.9,37.65,37.65,38.37,0.41,1.0685,2.7044,939247,35991909.0,4136662600.0,1346835604.8
2015-12-11,'603009,北特科技,38.37,38.39,37.45,37.45,37.66,0.71,1.8853,2.3522,816930,30999647.0,4092927900.0,1332596239.2
2015-12-10,'603009,北特科技,37.66,38.88,37.31,38.88,38.16,-0.5,-1.3103,2.9211,1014510,38541335.0,4017192200.0,1307937825.6
2015-12-09,'603009,北特科技,38.16,39.18,37.7,38.49,38.66,-0.5,-1.2933,3.4144,1185833,45490293.0,4070527200.0,1325302905.6
2015-12-08,'603009,北特科技,38.66,39.88,38.38,39.88,39.81,-1.15,-2.8887,3.5494,1232701,48192333.0,4123862200.0,1342667985.6
2015-12-07,'603009,北特科技,39.81,40.28,39.5,40.0,39.91,-0.1,-0.2506,3.2455,1127171,44948182.0,4246532700.0,1382607669.6
2015-12-04,'603009,北特科技,39.91,40.79,39.1,40.79,40.57,-0.66,-1.6268,5.0494,1753655,69950842.0,4257199700.0,1386080685.6
2015-12-03,'603009,北特科技,40.57,40.93,39.13,39.13,38.49,2.08,5.404,5.6006,1945106,78355266.0,4327601900.0,1409002591.2
2015-12-02,'603009,北特科技,38.49,39.97,37.18,39.02,39.97,-1.48,-3.7028,5.392,1872652,72007540.0,4105728300.0,1336763858.4
2015-12-01,'603009,北特科技,39.97,43.75,39.6,41.3,41.38,-1.41,-3.4074,11.2069,3892162,162637402.0,4263599900.0,1388164495.2
2015-11-30,'603009,北特科技,41.38,41.5,37.05,38.5,38.14,3.24,8.495,12.1301,4212809,168188503.0,4414004600.0,1437134020.8
2015-11-27,'603009,北特科技,38.14,41.0,36.96,38.82,38.55,-0.41,-1.0636,10.6238,3689679,145294816.0,4068393800.0,1324608302.4
2015-11-26,'603009,北特科技,38.55,39.92,37.92,39.0,38.94,-0.39,-1.0015,7.2234,2508695,98101832.0,4112128500.0,1338847668.0
2015-11-25,'603009,北特科技,38.94,38.95,37.63,38.14,37.89,1.05,2.7712,6.8646,2384078,91875284.0,4153729800.0,1352392430.4
2015-11-24,'603009,北特科技,37.89,37.98,35.6,36.5,36.5,1.39,3.8082,5.2219,1813590,67096959.0,4041726300.0,1315925762.4
2015-11-23,'603009,北特科技,36.5,37.6,36.35,37.01,36.98,-0.48,-1.298,3.7417,1299501,48130459.0,3893455000.0,1267650840.0
2015-11-20,'603009,北特科技,36.98,37.36,35.98,36.72,36.68,0.3,0.8179,3.7638,1307177,47774072.0,3944656600.0,1284321316.8
2015-11-19,'603009,北特科技,36.68,36.75,35.31,35.31,35.4,1.28,3.6158,2.7721,962741,34731012.0,3912655600.0,1273902268.8
2015-11-18,'603009,北特科技,35.4,37.5,35.25,37.47,36.92,-1.52,-4.117,3.4442,1196170,43768399.0,3776118000.0,1229447664.0
2015-11-17,'603009,北特科技,36.92,38.85,36.8,37.78,37.56,-0.64,-1.7039,5.3328,1852100,70555853.0,3938256400.0,1282237507.2
2015-11-16,'603009,北特科技,37.56,37.76,35.02,35.47,36.71,0.85,2.3154,3.9624,1376165,50407585.0,4006525200.0,1304464809.6
2015-11-13,'603009,北特科技,36.71,39.01,36.0,38.29,39.44,-2.73,-6.9219,8.2265,2857072,107271222.0,3915855700.0,1274944173.6
2015-11-12,'603009,北特科技,39.44,39.98,38.18,38.98,37.53,1.91,5.0893,10.6258,3690371,144071048.0,4207064800.0,1369757510.4
2015-11-11,'603009,北特科技,37.53,38.0,35.8,35.8,35.98,1.55,4.3079,8.7864,3051532,112918083.0,4003325100.0,1303422904.8
2015-11-10,'603009,北特科技,35.98,36.88,35.48,36.14,37.03,-1.05,-2.8355,7.5325,2616055,94595417.0,3837986600.0,1249591156.8
2015-11-09,'603009,北特科技,37.03,37.43,34.97,35.8,35.76,1.27,3.5515,12.0386,4181030,152168324.0,3949990100.0,1286057824.8
2015-11-06,'603009,北特科技,35.76,35.88,33.45,33.56,33.67,2.09,6.2073,9.3085,3232845,112055547.0,3814519200.0,1241950521.6
2015-11-05,'603009,北特科技,33.67,34.89,32.74,33.93,33.93,-0.26,-0.7663,8.4292,2927470,98819217.0,3591578900.0,1169364487.2
2015-11-04,'603009,北特科技,33.93,34.2,32.73,32.73,32.37,1.56,4.8193,8.6678,3010326,101338412.0,3619313100.0,1178394328.8
2015-11-03,'603009,北特科技,32.37,32.5,31.1,32.02,32.02,0.35,1.0931,5.2287,1815945,58030682.0,3452907900.0,1124215279.2
2015-11-02,'603009,北特科技,32.02,32.73,30.55,31.0,31.37,0.65,2.072,5.3572,1860564,59473190.0,3415573400.0,1112059723.2
2015-10-30,'603009,北特科技,31.37,31.8,30.0,30.7,31.07,0.3,0.9656,4.1716,1448802,44910036.0,3346237900.0,1089485119.2
2015-10-29,'603009,北特科技,31.07,31.76,30.51,30.66,30.65,0.42,1.3703,4.35,1510745,47087527.0,3314236900.0,1079066071.2
2015-10-28,'603009,北特科技,30.65,32.57,30.6,31.99,32.28,-1.63,-5.0496,5.2706,1830472,57919653.0,3269435500.0,1064479404.0
2015-10-27,'603009,北特科技,32.28,33.3,30.2,31.9,33.12,-0.84,-2.5362,6.9446,2411854,76158008.0,3443307600.0,1121089564.8
2015-10-26,'603009,北特科技,33.12,35.93,32.98,35.93,35.42,-2.3,-6.4935,10.94,3799487,128635534.0,3532910400.0,1150262899.2
2015-10-23,'603009,北特科技,35.42,35.42,32.5,32.53,32.2,3.22,10.0,14.0554,4881470,164696747.0,3778251400.0,1230142267.2
2015-10-22,'603009,北特科技,32.2,32.47,29.7,29.72,30.17,2.03,6.7285,12.1441,4217651,133125857.0,3434774000.0,1118311152.0
2015-10-21,'603009,北特科技,30.17,32.0,29.38,30.16,30.3,-0.13,-0.429,10.7207,3723328,114289528.0,3218233900.0,1047808927.2
2015-10-20,'603009,北特科技,30.3,30.57,28.2,28.46,28.42,1.88,6.6151,6.9081,2399199,70799143.0,3232101000.0,1052323848.0
2015-10-19,'603009,北特科技,28.42,29.1,28.02,28.65,28.86,-0.44,-1.5246,3.2581,1131527,32385755.0,3031561400.0,987031147.2
2015-10-16,'603009,北特科技,28.86,29.25,28.2,29.1,28.68,0.18,0.6276,4.0873,1419516,40632964.0,3078496200.0,1002312417.6
2015-10-15,'603009,北特科技,28.68,28.89,27.48,27.86,27.62,1.06,3.8378,4.7009,1632631,46243909.0,3059295600.0,996060988.8
2015-10-14,'603009,北特科技,27.62,28.26,27.45,28.06,28.0,-0.38,-1.3571,3.0904,1073286,29821883.0,2946225400.0,959247019.2
2015-10-13,'603009,北特科技,28.0,28.19,27.6,27.72,27.98,0.02,0.0715,3.184,1105807,30868784.0,2986760000.0,972444480.0
2015-10-12,'603009,北特科技,27.98,28.21,26.81,27.15,26.78,1.2,4.481,4.5359,1575316,43514563.0,2984626600.0,971749876.8
2015-10-09,'603009,北特科技,26.78,27.1,26.38,26.8,27.0,-0.22,-0.8148,3.1534,1095184,29240271.0,2856622600.0,930073684.8
2015-10-08,'603009,北特科技,27.0,27.17,26.23,26.23,25.94,1.06,4.0864,3.0168,1047750,28206324.0,2880090000.0,937714320.0
2015-09-30,'603009,北特科技,25.94,26.27,25.22,25.83,25.4,0.54,2.126,2.4732,858960,22318448.0,2767019800.0,900900350.4
2015-09-29,'603009,北特科技,25.4,25.78,24.82,25.0,25.38,0.02,0.0788,1.8751,651220,16547472.0,2709418000.0,882146064.0
2015-09-28,'603009,北特科技,25.38,25.75,24.0,24.0,24.04,1.34,5.574,1.941,674100,16883171.0,2707284600.0,881451460.8
2015-09-25,'603009,北特科技,24.04,25.94,23.7,25.81,25.89,-1.85,-7.1456,2.3673,822150,20214178.0,2564346800.0,834913046.4
2015-09-24,'603009,北特科技,25.89,26.98,24.91,25.18,24.87,1.02,4.1013,2.9184,1013550,26284323.0,2761686300.0,899163842.4
2015-09-23,'603009,北特科技,24.87,25.16,24.32,24.54,24.99,-0.12,-0.4802,1.9964,693351,17233170.0,2652882900.0,863739079.2
2015-09-22,'603009,北特科技,24.99,25.29,24.51,24.78,24.86,0.13,0.5229,2.3982,832900,20756278.0,2665683300.0,867906698.4
2015-09-21,'603009,北特科技,24.86,24.92,23.05,23.05,23.55,1.31,5.5626,2.5871,898502,21974758.0,2651816200.0,863391777.6
2015-09-18,'603009,北特科技,23.55,23.96,22.76,23.43,23.07,0.48,2.0806,1.3009,451802,10521018.0,2512078500.0,817895268.0
2015-09-17,'603009,北特科技,23.07,24.55,23.0,23.8,23.9,-0.83,-3.4728,2.489,864422,20687141.0,2460876900.0,801224791.2
2015-09-16,'603009,北特科技,23.9,23.91,21.44,21.44,21.74,2.16,9.9356,2.265,786626,18055919.0,2549413000.0,830050824.0
2015-09-15,'603009,北特科技,21.74,23.95,21.74,23.95,24.16,-2.42,-10.0166,2.0944,727400,16450275.0,2319005800.0,755033678.4
2015-09-14,'603009,北特科技,24.16,27.18,24.08,27.0,26.76,-2.6,-9.716,2.9957,1040400,26022292.0,2577147200.0,839080665.6
2015-09-11,'603009,北特科技,26.76,26.9,26.16,26.4,26.4,0.36,1.3636,1.5764,547486,14554376.0,2854489200.0,929379081.6
2015-09-10,'603009,北特科技,26.4,27.55,26.22,27.35,27.34,-0.94,-3.4382,2.5157,873700,23550650.0,2816088000.0,916876224.0
2015-09-09,'603009,北特科技,27.34,27.57,26.11,26.11,26.47,0.87,3.2867,4.4859,1557964,42209534.0,2916357800.0,949522574.4
2015-09-08,'603009,北特科技,26.47,26.49,24.26,24.83,24.85,1.62,6.5191,2.5319,879350,22432336.0,2823554900.0,919307335.2
2015-09-07,'603009,北特科技,24.85,25.63,24.6,24.99,24.11,0.74,3.0693,1.9473,676300,16970335.0,2650749500.0,863044476.0
2015-09-02,'603009,北特科技,24.11,26.32,24.01,24.52,25.82,-1.71,-6.6228,2.7561,957202,23896173.0,2571813700.0,837344157.6
2015-09-01,'603009,北特科技,25.82,26.86,24.4,26.86,27.03,-1.21,-4.4765,3.9407,1368618,34681613.0,2754219400.0,896732731.2
2015-08-31,'603009,北特科技,27.03,27.8,26.67,27.36,27.85,-0.82,-2.9443,3.4644,1203200,32593670.0,2883290100.0,938756224.8
2015-08-28,'603009,北特科技,27.85,28.0,25.75,26.6,25.89,1.96,7.5705,4.6022,1598351,42614117.0,2970759500.0,967234956.0
2015-08-27,'603009,北特科技,25.89,25.96,24.01,24.8,24.29,1.6,6.5871,4.5812,1591053,39599062.0,2761686300.0,899163842.4
2015-08-26,'603009,北特科技,24.29,26.18,22.44,24.5,24.88,-0.59,-2.3714,6.7799,2354681,58582875.0,2591014300.0,843595586.4
2015-08-25,'603009,北特科技,24.88,27.2,24.88,24.88,27.64,-2.76,-9.9855,7.3913,2567009,64312903.0,2653949600.0,864086380.8
2015-08-24,'603009,北特科技,27.64,28.72,27.64,28.72,30.71,-3.07,-9.9967,4.2879,1489184,41384528.0,2948358800.0,959941622.4
2015-08-21,'603009,北特科技,30.71,33.76,30.71,33.0,34.12,-3.41,-9.9941,9.5905,3330785,105599423.0,3275835700.0,1066563213.6
2015-08-20,'603009,北特科技,34.12,34.12,30.0,30.51,31.02,3.1,9.9936,16.7306,5810581,195940907.0,3639580400.0,1184993059.2
2015-08-19,'603009,北特科技,31.02,31.96,27.51,29.0,30.42,0.6,1.9724,5.2318,1817023,53594625.0,3308903400.0,1077329563.2
2015-08-18,'603009,北特科技,30.42,33.9,30.42,33.8,33.8,-3.38,-10.0,6.4168,2228562,72172841.0,3244901400.0,1056491467.2
2015-08-17,'603009,北特科技,33.8,35.17,33.6,34.0,34.25,-0.45,-1.3139,7.2441,2515883,86405604.0,3605446000.0,1173879408.0
2015-08-14,'603009,北特科技,34.25,35.59,34.0,35.1,35.3,-1.05,-2.9745,6.9823,2424969,84595703.0,3653447500.0,1189507980.0
2015-08-13,'603009,北特科技,35.3,35.47,33.4,34.5,35.0,0.3,0.8571,9.13,3170853,108874631.0,3765451000.0,1225974648.0
2015-08-12,'603009,北特科技,35.0,36.45,34.51,36.45,33.8,1.2,3.5503,12.4997,4341157,154251961.0,3733450000.0,1215555600.0
2015-08-11,'603009,北特科技,33.8,33.8,33.8,33.8,30.73,3.07,9.9902,0.2422,84101,2842614.0,3605446000.0,1173879408.0
2015-08-10,'603009,北特科技,0.0,0.0,0.0,0.0,30.73,None,None,0.0,0,0.0,3277969100.0,1067257816.8
2015-08-07,'603009,北特科技,0.0,0.0,0.0,0.0,30.73,None,None,0.0,0,0.0,3277969100.0,1067257816.8
2015-08-06,'603009,北特科技,0.0,0.0,0.0,0.0,30.73,None,None,0.0,0,0.0,3277969100.0,1067257816.8
2015-08-05,'603009,北特科技,0.0,0.0,0.0,0.0,30.73,None,None,0.0,0,0.0,3277969100.0,1067257816.8
2015-08-04,'603009,北特科技,0.0,0.0,0.0,0.0,30.73,None,None,0.0,0,0.0,3277969100.0,1067257816.8
2015-08-03,'603009,北特科技,30.73,31.95,29.6,30.99,31.26,-0.53,-1.6955,5.6506,1962454,60255752.0,3277969100.0,1067257816.8
2015-07-31,'603009,北特科技,31.26,32.37,29.09,29.26,30.22,1.04,3.4414,6.1167,2124333,65166563.0,3334504200.0,1085664801.6
2015-07-30,'603009,北特科技,30.22,33.0,29.81,32.0,30.69,-0.47,-1.5314,8.1981,2847196,91044428.0,3223567400.0,1049545435.2
2015-07-29,'603009,北特科技,30.69,30.69,27.1,29.0,27.9,2.79,10.0,6.9682,2420060,70686253.0,3273702300.0,1065868610.4
2015-07-28,'603009,北特科技,27.9,30.45,26.77,27.5,29.74,-1.84,-6.187,8.2095,2851182,79049576.0,2976093000.0,968971464.0
2015-07-27,'603009,北特科技,29.74,33.94,29.74,32.0,33.04,-3.3,-9.9879,7.6091,2642665,84975151.0,3172365800.0,1032874958.4
2015-07-24,'603009,北特科技,33.04,35.88,32.7,34.0,33.57,-0.53,-1.5788,13.4558,4673204,159682749.0,3524376800.0,1147484486.4
2015-07-23,'603009,北特科技,33.57,33.57,30.02,30.51,30.52,3.05,9.9934,11.0427,3835131,123695665.0,3580911900.0,1165891471.2
2015-07-22,'603009,北特科技,30.52,31.0,29.41,30.38,31.14,-0.62,-1.991,7.3358,2547739,77530071.0,3255568400.0,1059964483.2
2015-07-21,'603009,北特科技,31.14,31.18,28.6,29.78,29.92,1.22,4.0775,10.674,3707081,111294346.0,3321703800.0,1081497182.4
2015-07-20,'603009,北特科技,29.92,30.59,28.38,29.08,29.14,0.78,2.6767,10.977,3812323,113199399.0,3191566400.0,1039126387.2
2015-07-17,'603009,北特科技,29.14,29.14,26.5,26.69,26.49,2.65,10.0038,14.1678,3778564,105985703.0,3108363800.0,777163800.0
2015-07-16,'603009,北特科技,26.49,27.36,23.3,23.5,25.81,0.68,2.6346,11.2064,2988754,76857479.0,2825688300.0,706488300.0
2015-07-15,'603009,北特科技,25.81,29.45,25.16,29.45,26.77,-0.96,-3.5861,18.2799,4875239,134790514.0,2753152700.0,688352700.0
2015-07-14,'603009,北特科技,26.77,26.77,26.77,26.77,24.34,2.43,9.9836,0.1588,42340,1133442.0,2855555900.0,713955900.0
2015-07-13,'603009,北特科技,24.34,24.34,24.34,24.34,22.13,2.21,9.9864,0.6625,176700,4300878.0,2596347800.0,649147800.0
2015-07-10,'603009,北特科技,0.0,0.0,0.0,0.0,22.13,None,None,0.0,0,0.0,2360607100.0,590207100.0
2015-07-09,'603009,北特科技,0.0,0.0,0.0,0.0,22.13,None,None,0.0,0,0.0,2360607100.0,590207100.0
2015-07-08,'603009,北特科技,0.0,0.0,0.0,0.0,22.13,None,None,0.0,0,0.0,2360607100.0,590207100.0
2015-07-07,'603009,北特科技,22.13,24.75,22.13,24.75,24.59,-2.46,-10.0041,4.6166,1231238,27859595.0,2360607100.0,590207100.0
2015-07-06,'603009,北特科技,24.59,29.6,24.22,29.6,26.91,-2.32,-8.6213,8.9905,2397766,62889883.0,2623015300.0,655815300.0
2015-07-03,'603009,北特科技,26.91,30.49,26.91,28.19,29.9,-2.99,-10.0,9.4678,2525072,69396113.0,2870489700.0,717689700.0
2015-07-02,'603009,北特科技,29.9,33.0,29.9,33.0,33.22,-3.32,-9.994,8.329,2221349,68486753.0,3189433000.0,797433000.0
2015-07-01,'603009,北特科技,33.22,37.44,33.2,36.87,36.85,-3.63,-9.8507,13.6408,3638008,129896486.0,3543577400.0,885977400.0
2015-06-30,'603009,北特科技,36.85,37.06,31.82,35.2,35.36,1.49,4.2138,9.0553,2415050,83016361.0,3930789500.0,982789500.0
2015-06-29,'603009,北特科技,35.36,40.9,35.36,40.01,39.29,-3.93,-10.0025,7.1331,1902409,69547249.0,3771851200.0,943051200.0
2015-06-26,'603009,北特科技,39.29,42.0,39.29,42.0,43.65,-4.36,-9.9885,6.3636,1697174,67832909.0,4191064300.0,1047864300.0
2015-06-25,'603009,北特科技,43.65,46.86,42.0,46.43,46.36,-2.71,-5.8456,5.8516,1560611,69739891.0,4656145500.0,1164145500.0
2015-06-24,'603009,北特科技,46.36,46.6,44.37,45.5,45.01,1.35,2.9993,7.0946,1892127,86767473.0,4945221200.0,1236421200.0
2015-06-23,'603009,北特科技,45.01,45.48,39.51,43.09,43.49,1.52,3.4951,6.6894,1784059,75916624.0,4801216700.0,1200416700.0
2015-06-19,'603009,北特科技,43.49,48.39,42.28,46.0,46.98,-3.49,-7.4287,6.7894,1810746,82132141.0,4639078300.0,1159878300.0
2015-06-18,'603009,北特科技,46.98,49.8,46.7,48.27,48.27,-1.29,-2.6725,8.0861,2156560,104756150.0,5011356600.0,1252956600.0
2015-06-17,'603009,北特科技,48.27,48.56,45.22,45.99,46.02,2.25,4.8892,8.6095,2296148,108052935.0,5148960900.0,1287360900.0
2015-06-16,'603009,北特科技,46.02,46.7,45.0,45.5,47.28,-1.26,-2.665,7.7706,2072429,94890626.0,4908953400.0,1227353400.0
2015-06-15,'603009,北特科技,47.28,50.28,47.0,50.1,49.77,-2.49,-5.003,12.5421,3344965,159964321.0,5043357600.0,1260957600.0
2015-06-12,'603009,北特科技,49.77,52.16,49.5,51.69,51.8,-2.03,-3.9189,14.4946,3865711,194381066.0,5308965900.0,1327365900.0
2015-06-11,'603009,北特科技,51.8,51.94,49.01,49.6,49.66,2.14,4.3093,14.3938,3838829,196047891.0,5525506000.0,1381506000.0
2015-06-10,'603009,北特科技,49.66,50.85,46.7,47.56,47.56,2.1,4.4155,15.2084,4056074,199876635.0,5297232200.0,1324432200.0
2015-06-09,'603009,北特科技,47.56,48.0,46.35,46.7,46.69,0.87,1.8634,7.79,2077585,98201088.0,5073225200.0,1268425200.0
2015-06-08,'603009,北特科技,46.69,50.6,46.05,50.0,49.71,-3.02,-6.0752,14.2038,3788143,179305209.0,4980422300.0,1245222300.0
2015-06-05,'603009,北特科技,49.71,51.0,48.41,49.62,48.46,1.25,2.5794,11.8414,3158096,156899726.0,5302565700.0,1325765700.0
2015-06-04,'603009,北特科技,48.46,52.9,47.83,52.8,53.14,-4.68,-8.8069,16.8809,4502125,220637174.0,5169228200.0,1292428200.0
2015-06-03,'603009,北特科技,53.14,56.96,51.5,55.41,57.03,-3.89,-6.821,18.9087,5042941,272593779.0,5668443800.0,1417243800.0
2015-06-02,'603009,北特科技,57.03,57.74,50.38,51.75,52.69,4.34,8.2369,26.0828,6956293,376890225.0,6083390100.0,1520990100.0
2015-06-01,'603009,北特科技,52.69,54.0,47.78,49.5,51.45,1.24,2.4101,28.4819,7596113,382978070.0,5620442300.0,1405242300.0
2015-05-29,'603009,北特科技,51.45,55.56,47.46,48.8,52.73,-1.28,-2.4275,32.7325,8729761,443818322.0,5488171500.0,1372171500.0
2015-05-28,'603009,北特科技,52.73,64.45,52.73,63.0,58.59,-5.86,-10.0017,27.6309,7369151,462189575.0,5624709100.0,1406309100.0
2015-05-27,'603009,北特科技,58.59,58.59,53.3,54.97,53.26,5.33,10.0075,20.1918,5385152,306985152.0,6249795300.0,1562595300.0
2015-05-26,'603009,北特科技,53.26,53.26,48.21,51.2,48.42,4.84,9.9959,30.5234,8140593,408303970.0,5681244200.0,1420444200.0
2015-05-25,'603009,北特科技,48.42,48.42,45.1,45.1,44.02,4.4,9.9955,32.0693,8552888,407512978.0,5164961400.0,1291361400.0
2015-05-22,'603009,北特科技,44.02,44.02,39.51,39.51,40.02,4.0,9.995,26.5811,7089172,297972229.0,4695613400.0,1174013400.0
2015-05-21,'603009,北特科技,40.02,40.84,38.37,39.08,39.84,0.18,0.4518,19.5147,5204582,207192158.0,4268933400.0,1067333400.0
2015-05-20,'603009,北特科技,39.84,42.27,39.0,39.7,40.38,-0.54,-1.3373,27.8879,7437691,303446889.0,4249732800.0,1062532800.0
2015-05-19,'603009,北特科技,40.38,41.16,38.0,39.0,37.42,2.96,7.9102,38.6755,10314752,411788048.0,4307334600.0,1076934600.0
2015-05-18,'603009,北特科技,37.42,37.42,35.02,35.53,34.02,3.4,9.9941,18.6316,4969046,182850635.0,3991591400.0,997991400.0
2015-05-15,'603009,北特科技,34.02,34.02,34.02,34.02,30.93,3.09,9.9903,1.2091,322457,10969987.0,3628913400.0,907313400.0
2015-05-14,'603009,北特科技,30.93,30.93,30.93,30.93,28.12,2.81,9.9929,0.914,243755,7539342.0,3299303100.0,824903100.0
2015-05-13,'603009,北特科技,0.0,0.0,0.0,0.0,28.12,None,None,0.0,0,0.0,2999560400.0,749960400.0
2015-05-12,'603009,北特科技,0.0,0.0,0.0,0.0,28.12,None,None,0.0,0,0.0,2999560400.0,749960400.0
2015-05-11,'603009,北特科技,0.0,0.0,0.0,0.0,28.12,None,None,0.0,0,0.0,2999560400.0,749960400.0
2015-05-08,'603009,北特科技,0.0,0.0,0.0,0.0,28.12,None,None,0.0,0,0.0,2999560400.0,749960400.0
2015-05-07,'603009,北特科技,0.0,0.0,0.0,0.0,28.12,None,None,0.0,0,0.0,2999560400.0,749960400.0
2015-05-06,'603009,北特科技,28.12,28.68,27.7,28.1,28.08,0.04,0.1425,8.0178,2138358,60422182.0,2999560400.0,749960400.0
2015-05-05,'603009,北特科技,28.08,28.99,27.81,28.72,28.81,-0.73,-2.5338,6.1707,1645716,46650567.0,2995293600.0,748893600.0
2015-05-04,'603009,北特科技,28.81,28.87,27.61,28.01,28.02,0.79,2.8194,8.0544,2148115,60919306.0,3073162700.0,768362700.0
2015-04-30,'603009,北特科技,28.02,28.37,27.92,28.18,28.19,-0.17,-0.6031,7.012,1870105,52598865.0,2988893400.0,747293400.0
2015-04-29,'603009,北特科技,28.19,28.42,27.2,27.45,28.11,0.08,0.2846,9.5103,2536395,70742867.0,3007027300.0,751827300.0
2015-04-28,'603009,北特科技,28.11,29.41,27.82,29.15,29.32,-1.21,-4.1269,10.1739,2713371,77362402.0,2998493700.0,749693700.0
2015-04-27,'603009,北特科技,29.32,29.84,28.21,28.52,28.14,1.18,4.1933,14.882,3969022,114858061.0,3127564400.0,781964400.0
2015-04-24,'603009,北特科技,28.14,28.59,27.6,28.5,28.79,-0.65,-2.2577,11.0066,2935462,82785598.0,3001693800.0,750493800.0
2015-04-23,'603009,北特科技,28.79,28.8,27.5,27.99,27.74,1.05,3.7851,14.1979,3786587,107090255.0,3071029300.0,767829300.0
2015-04-22,'603009,北特科技,27.74,28.17,27.54,27.7,27.34,0.4,1.4631,10.7501,2867060,79645356.0,2959025800.0,739825800.0
2015-04-21,'603009,北特科技,27.34,27.37,26.27,26.27,26.35,0.99,3.7571,6.6195,1765426,47726552.0,2916357800.0,729157800.0
2015-04-20,'603009,北特科技,26.35,27.38,26.1,27.28,27.38,-1.03,-3.7619,7.7054,2055037,55226066.0,2810754500.0,702754500.0
2015-04-17,'603009,北特科技,27.38,27.68,26.78,26.78,26.75,0.63,2.3551,9.1349,2436269,66587600.0,2920624600.0,730224600.0
2015-04-16,'603009,北特科技,26.75,26.99,26.04,26.56,26.73,0.02,0.0748,5.8751,1566882,41732463.0,2853422500.0,713422500.0
2015-04-15,'603009,北特科技,26.73,27.85,26.7,27.73,27.9,-1.17,-4.1935,8.5713,2285970,62150035.0,2851289100.0,712889100.0
2015-04-14,'603009,北特科技,27.9,28.52,27.75,28.17,28.1,-0.2,-0.7117,9.9407,2651183,74584672.0,2976093000.0,744093000.0
2015-04-13,'603009,北特科技,28.1,28.4,27.29,27.39,27.24,0.86,3.1571,13.42,3579106,100254913.0,2997427000.0,749427000.0
2015-04-10,'603009,北特科技,27.24,27.48,26.17,26.52,26.61,0.63,2.3675,7.7357,2063104,55820369.0,2905690800.0,726490800.0
2015-04-09,'603009,北特科技,26.61,27.28,25.97,27.28,27.22,-0.61,-2.241,8.628,2301100,61008874.0,2838488700.0,709688700.0
2015-04-08,'603009,北特科技,27.22,27.8,26.5,27.67,27.69,-0.47,-1.6974,10.0866,2690105,73206702.0,2903557400.0,725957400.0
2015-04-07,'603009,北特科技,27.69,27.86,27.12,27.27,27.17,0.52,1.9139,10.7167,2858151,78517714.0,2953692300.0,738492300.0
2015-04-03,'603009,北特科技,27.17,27.43,26.85,27.43,27.43,-0.26,-0.9479,11.2777,3007766,81627722.0,2898223900.0,724623900.0
2015-04-02,'603009,北特科技,27.43,27.65,26.2,26.2,26.12,1.31,5.0153,18.247,4866476,131750174.0,2925958100.0,731558100.0
2015-04-01,'603009,北特科技,26.12,26.13,25.67,25.78,25.77,0.35,1.3582,6.3463,1692557,43910146.0,2786220400.0,696620400.0
2015-03-31,'603009,北特科技,25.77,26.08,25.72,26.07,26.08,-0.31,-1.1887,5.3663,1431205,37067149.0,2748885900.0,687285900.0
2015-03-30,'603009,北特科技,26.08,26.14,25.8,25.84,25.84,0.24,0.9288,7.8842,2102717,54658489.0,2781953600.0,695553600.0
2015-03-27,'603009,北特科技,25.84,25.99,25.48,25.92,25.87,-0.03,-0.116,5.2907,1411026,36259592.0,2756352800.0,689152800.0
2015-03-26,'603009,北特科技,25.87,26.8,25.81,26.42,26.32,-0.45,-1.7097,8.2779,2207717,57929477.0,2759552900.0,689952900.0
2015-03-25,'603009,北特科技,26.32,26.54,25.01,25.62,25.65,0.67,2.6121,9.9505,2653789,68693771.0,2807554400.0,701954400.0
2015-03-24,'603009,北特科技,25.65,26.35,24.72,26.16,26.14,-0.49,-1.8745,10.8262,2887348,73591145.0,2736085500.0,684085500.0
2015-03-23,'603009,北特科技,26.14,26.15,25.52,25.95,25.95,0.19,0.7322,10.1955,2719142,70515527.0,2788353800.0,697153800.0
2015-03-20,'603009,北特科技,25.95,25.99,24.9,24.9,24.85,1.1,4.4266,14.6179,3898597,99646484.0,2768086500.0,692086500.0
2015-03-19,'603009,北特科技,24.85,24.96,24.6,24.96,25.0,-0.15,-0.6,7.4877,1996979,49541846.0,2650749500.0,662749500.0
2015-03-18,'603009,北特科技,25.0,25.1,24.36,24.56,24.55,0.45,1.833,10.4694,2792178,68928402.0,2666750000.0,666750000.0
2015-03-17,'603009,北特科技,24.55,24.84,24.24,24.24,24.24,0.31,1.2789,9.4962,2532645,62174255.0,2618748500.0,654748500.0
2015-03-16,'603009,北特科技,24.24,24.24,23.45,23.5,23.43,0.81,3.4571,8.0525,2147592,51396831.0,2585680800.0,646480800.0
2015-03-13,'603009,北特科技,23.43,23.44,23.11,23.28,23.04,0.39,1.6927,3.2122,856703,19938313.0,2499278100.0,624878100.0
2015-03-12,'603009,北特科技,23.04,23.57,22.91,23.43,23.35,-0.31,-1.3276,3.8815,1035190,23918284.0,2457676800.0,614476800.0
2015-03-11,'603009,北特科技,23.35,23.72,23.25,23.62,23.55,-0.2,-0.8493,3.1122,830024,19477678.0,2490744500.0,622744500.0
2015-03-10,'603009,北特科技,23.55,23.82,23.42,23.47,23.62,-0.07,-0.2964,3.0176,804797,19018577.0,2512078500.0,628078500.0
2015-03-09,'603009,北特科技,23.62,23.85,23.11,23.85,23.89,-0.27,-1.1302,3.5185,938376,22100636.0,2519545400.0,629945400.0
2015-03-06,'603009,北特科技,23.89,23.94,23.47,23.65,23.6,0.29,1.2288,6.9762,1860559,44226107.0,2548346300.0,637146300.0
2015-03-05,'603009,北特科技,23.6,23.6,23.09,23.55,23.51,0.09,0.3828,4.8749,1300145,30372362.0,2517412000.0,629412000.0
2015-03-04,'603009,北特科技,23.51,23.58,23.08,23.18,23.24,0.27,1.1618,4.0139,1070504,25025510.0,2507811700.0,627011700.0
2015-03-03,'603009,北特科技,23.24,24.0,23.2,23.79,23.74,-0.5,-2.1061,6.3767,1700668,40028174.0,2479010800.0,619810800.0
2015-03-02,'603009,北特科技,23.74,23.75,22.78,22.78,22.75,0.99,4.3516,8.5894,2290803,53591300.0,2532345800.0,633145800.0
2015-02-27,'603009,北特科技,22.75,22.79,22.52,22.65,22.65,0.1,0.4415,2.807,748623,16987022.0,2426742500.0,606742500.0
2015-02-26,'603009,北特科技,22.65,22.69,22.33,22.5,22.37,0.28,1.2517,2.3363,623089,14047697.0,2416075500.0,604075500.0
2015-02-25,'603009,北特科技,22.37,22.6,22.33,22.55,22.56,-0.19,-0.8422,2.1186,565023,12683215.0,2386207900.0,596607900.0
2015-02-17,'603009,北特科技,22.56,22.66,22.4,22.6,22.6,-0.04,-0.177,1.9135,510331,11500284.0,2406475200.0,601675200.0
2015-02-16,'603009,北特科技,22.6,22.68,22.33,22.42,22.39,0.21,0.9379,2.559,682479,15379233.0,2410742000.0,602742000.0
2015-02-13,'603009,北特科技,22.39,22.42,22.19,22.29,22.26,0.13,0.584,3.457,921985,20572174.0,2388341300.0,597141300.0
2015-02-12,'603009,北特科技,22.26,22.28,21.71,21.87,21.77,0.49,2.2508,3.1205,832247,18310006.0,2374474200.0,593674200.0
2015-02-11,'603009,北特科技,21.77,21.95,21.53,21.8,21.8,-0.03,-0.1376,1.9727,526119,11405034.0,2322205900.0,580605900.0
2015-02-10,'603009,北特科技,21.8,21.99,21.4,21.49,21.49,0.31,1.4425,2.8705,765554,16614704.0,2325406000.0,581406000.0
2015-02-09,'603009,北特科技,21.49,21.79,21.34,21.56,21.52,-0.03,-0.1394,1.7045,454579,9792011.0,2292338300.0,573138300.0
2015-02-06,'603009,北特科技,21.52,21.95,21.23,21.95,21.88,-0.36,-1.6453,2.7734,739656,15961420.0,2295538400.0,573938400.0
2015-02-05,'603009,北特科技,21.88,22.47,21.75,22.4,22.09,-0.21,-0.9507,2.4398,650699,14371115.0,2333939600.0,583539600.0
2015-02-04,'603009,北特科技,22.09,22.6,22.03,22.51,22.51,-0.42,-1.8658,2.3551,628114,14024334.0,2356340300.0,589140300.0
2015-02-03,'603009,北特科技,22.51,22.6,21.97,22.0,22.03,0.48,2.1788,1.9135,510336,11431857.0,2401141700.0,600341700.0
2015-02-02,'603009,北特科技,22.03,22.3,21.57,22.3,22.41,-0.38,-1.6957,2.3927,638121,13939691.0,2349940100.0,587540100.0
2015-01-30,'603009,XD北特科,22.41,23.36,22.41,23.36,23.28,-0.87,-3.7371,4.1271,1100689,25040593.0,2390474700.0,597674700.0
2015-01-29,'603009,北特科技,23.5,23.9,23.38,23.65,23.71,-0.21,-0.8857,4.2088,1122489,26480414.0,2506745000.0,626745000.0
2015-01-28,'603009,北特科技,23.71,23.8,23.15,23.35,23.35,0.36,1.5418,5.4659,1457751,34423310.0,2529145700.0,632345700.0
2015-01-27,'603009,北特科技,23.35,23.5,23.12,23.24,23.14,0.21,0.9075,3.6521,974007,22689704.0,2490744500.0,622744500.0
2015-01-26,'603009,北特科技,23.14,23.25,22.88,23.1,23.13,0.01,0.0432,3.8215,1019196,23529773.0,2468343800.0,617143800.0
2015-01-23,'603009,北特科技,23.13,23.75,23.07,23.7,23.64,-0.51,-2.1574,4.8838,1302500,30403326.0,2467277100.0,616877100.0
2015-01-22,'603009,北特科技,23.64,23.7,23.13,23.5,23.49,0.15,0.6386,6.8961,1839200,43204195.0,2521678800.0,630478800.0
2015-01-21,'603009,北特科技,23.49,23.96,23.13,23.5,23.59,-0.1,-0.4239,9.3227,2486353,58327243.0,2505678300.0,626478300.0
2015-01-20,'603009,北特科技,23.59,23.8,22.1,22.1,21.99,1.6,7.276,11.3981,3039875,70187147.0,2516345300.0,629145300.0
2015-01-19,'603009,北特科技,21.99,22.77,21.5,21.8,22.01,-0.02,-0.0909,7.5776,2020950,44943244.0,2345673300.0,586473300.0
2015-01-16,'603009,北特科技,22.01,22.25,21.6,21.78,21.8,0.21,0.9633,4.6206,1232325,27033899.0,2347806700.0,587006700.0
2015-01-15,'603009,北特科技,21.8,22.3,21.06,21.06,21.02,0.78,3.7108,5.6468,1506011,32977680.0,2325406000.0,581406000.0
2015-01-14,'603009,北特科技,21.02,21.24,20.95,21.24,21.24,-0.22,-1.0358,3.0176,804801,16926870.0,2242203400.0,560603400.0
2015-01-13,'603009,北特科技,21.24,21.39,20.9,20.9,20.87,0.37,1.7729,3.2879,876885,18546177.0,2265670800.0,566470800.0
2015-01-12,'603009,北特科技,20.87,21.67,20.85,21.67,21.8,-0.93,-4.2661,3.4118,909921,19185891.0,2226202900.0,556602900.0
2015-01-09,'603009,北特科技,21.8,21.97,21.54,21.71,21.74,0.06,0.276,3.4379,916879,19973401.0,2325406000.0,581406000.0
2015-01-08,'603009,北特科技,21.74,21.97,21.35,21.35,21.58,0.16,0.7414,3.8221,1019360,22221102.0,2319005800.0,579805800.0
2015-01-07,'603009,北特科技,21.58,21.8,21.41,21.7,21.8,-0.22,-1.0092,2.9524,787418,16960205.0,2301938600.0,575538600.0
2015-01-06,'603009,北特科技,21.8,21.8,20.78,20.78,21.08,0.72,3.4156,4.1613,1109822,23848888.0,2325406000.0,581406000.0
2015-01-05,'603009,北特科技,21.08,21.58,20.6,21.52,21.39,-0.31,-1.4493,3.2714,872493,18308564.0,2248603600.0,562203600.0
2014-12-31,'603009,北特科技,21.39,21.45,21.13,21.39,21.23,0.16,0.7537,2.4192,645208,13749338.0,2281671300.0,570471300.0
2014-12-30,'603009,北特科技,21.23,21.46,21.1,21.31,21.25,-0.02,-0.0941,1.8517,493852,10487931.0,2264604100.0,566204100.0
2014-12-29,'603009,北特科技,21.25,21.96,21.13,21.94,22.09,-0.84,-3.8026,3.8389,1023827,21830572.0,2266737500.0,566737500.0
2014-12-26,'603009,北特科技,22.09,22.24,22.0,22.21,22.28,-0.19,-0.8528,2.7066,721850,15942693.0,2356340300.0,589140300.0
2014-12-25,'603009,北特科技,22.28,22.44,21.9,22.4,22.35,-0.07,-0.3132,4.3472,1159402,25695087.0,2376607600.0,594207600.0
2014-12-24,'603009,北特科技,22.35,22.37,21.47,21.49,21.17,1.18,5.5739,5.8507,1560376,34266435.0,2384074500.0,596074500.0
2014-12-23,'603009,北特科技,21.17,21.89,20.9,20.91,20.91,0.26,1.2434,4.0964,1092499,23460274.0,2258203900.0,564603900.0
2014-12-22,'603009,北特科技,20.91,23.25,20.9,23.25,23.22,-2.31,-9.9483,6.7261,1793842,38308665.0,2230469700.0,557669700.0
2014-12-19,'603009,北特科技,23.22,24.2,23.01,23.85,23.97,-0.75,-3.1289,5.2932,1411701,33173664.0,2476877400.0,619277400.0
2014-12-18,'603009,北特科技,23.97,24.48,23.95,24.1,24.24,-0.27,-1.1139,4.2257,1127002,27281162.0,2556879900.0,639279900.0
2014-12-17,'603009,北特科技,24.24,25.16,24.11,24.8,24.97,-0.73,-2.9235,5.1511,1373803,33441626.0,2585680800.0,646480800.0
2014-12-16,'603009,北特科技,24.97,25.55,24.93,25.49,25.46,-0.49,-1.9246,3.8197,1018727,25550235.0,2663549900.0,665949900.0
2014-12-15,'603009,北特科技,25.46,25.52,24.71,25.01,24.92,0.54,2.1669,4.2344,1129316,28511391.0,2715818200.0,679018200.0
2014-12-12,'603009,北特科技,24.92,25.0,24.62,24.8,24.82,0.1,0.4029,3.0422,811362,20154550.0,2658216400.0,664616400.0
2014-12-11,'603009,北特科技,24.82,25.0,24.5,24.5,24.68,0.14,0.5673,4.1754,1113570,27574463.0,2647549400.0,661949400.0
2014-12-10,'603009,北特科技,24.68,24.79,24.03,24.03,24.02,0.66,2.7477,4.8492,1293269,31651203.0,2632615600.0,658215600.0
2014-12-09,'603009,北特科技,24.02,26.49,24.0,26.49,26.34,-2.32,-8.8079,12.4624,3323714,82829584.0,2562213400.0,640613400.0
2014-12-08,'603009,北特科技,26.34,27.0,26.1,27.0,26.31,0.03,0.114,6.4749,1726850,45605477.0,2809687800.0,702487800.0
2014-12-05,'603009,北特科技,26.31,27.05,26.01,27.01,27.27,-0.96,-3.5204,11.1095,2962897,78352860.0,2806487700.0,701687700.0
2014-12-04,'603009,北特科技,27.27,27.55,27.2,27.44,27.41,-0.14,-0.5108,8.2866,2210045,60388987.0,2908890900.0,727290900.0
2014-12-03,'603009,北特科技,27.41,27.58,26.71,27.32,27.31,0.1,0.3662,9.6617,2576787,69657106.0,2923824700.0,731024700.0
2014-12-02,'603009,北特科技,27.31,27.7,26.7,26.7,26.74,0.57,2.1316,8.2114,2189973,59937767.0,2913157700.0,728357700.0
2014-12-01,'603009,北特科技,26.74,27.4,26.52,27.4,27.53,-0.79,-2.8696,8.5007,2267140,60988198.0,2852355800.0,713155800.0
2014-11-28,'603009,北特科技,27.53,28.1,27.42,27.99,27.9,-0.37,-1.3262,8.2424,2198254,60722908.0,2936625100.0,734225100.0
2014-11-27,'603009,北特科技,27.9,28.22,27.51,27.51,27.5,0.4,1.4545,10.3674,2764989,77209675.0,2976093000.0,744093000.0
2014-11-26,'603009,北特科技,27.5,27.59,27.1,27.27,27.25,0.25,0.9174,6.926,1847163,50514151.0,2933425000.0,733425000.0
2014-11-25,'603009,北特科技,27.25,27.97,27.0,27.88,27.82,-0.57,-2.0489,9.6581,2575806,70292706.0,2906757500.0,726757500.0
2014-11-24,'603009,北特科技,27.82,27.97,27.08,27.41,27.09,0.73,2.6947,9.4129,2510420,69485274.0,2967559400.0,741959400.0
2014-11-21,'603009,北特科技,27.09,27.65,26.85,26.99,26.99,0.1,0.3705,8.6382,2303806,62915575.0,2889690300.0,722490300.0
2014-11-20,'603009,北特科技,26.99,27.29,26.2,26.4,26.76,0.23,0.8595,6.9272,1847474,49652772.0,2879023300.0,719823300.0
2014-11-19,'603009,北特科技,26.76,27.1,26.46,27.1,27.1,-0.34,-1.2546,6.2252,1660273,44440082.0,2854489200.0,713689200.0
2014-11-18,'603009,北特科技,27.1,27.27,26.39,26.59,26.8,0.3,1.1194,8.0372,2143511,57632836.0,2890757000.0,722757000.0
2014-11-17,'603009,北特科技,26.8,27.2,25.0,26.61,26.57,0.23,0.8656,11.7393,3130878,82995063.0,2858756000.0,714756000.0
2014-11-14,'603009,北特科技,26.57,29.5,26.29,28.51,29.07,-2.5,-8.5999,19.9105,5310118,146833151.0,2834221900.0,708621900.0
2014-11-13,'603009,北特科技,29.07,31.49,28.99,30.43,31.87,-2.8,-8.7857,26.2737,7007195,212996005.0,3100896900.0,775296900.0
2014-11-12,'603009,北特科技,31.87,31.9,29.21,29.6,30.42,1.45,4.7666,31.7721,8473612,260606274.0,3399572900.0,849972900.0
2014-11-11,'603009,北特科技,30.42,31.5,29.1,29.9,29.83,0.59,1.9779,30.6871,8184251,246587044.0,3244901400.0,811301400.0
2014-11-10,'603009,北特科技,29.83,29.86,28.03,28.23,28.28,1.55,5.4809,21.8855,5836871,170403288.0,3181966100.0,795566100.0
2014-11-07,'603009,北特科技,28.28,30.0,27.95,28.3,28.52,-0.24,-0.8415,25.9409,6918431,200835096.0,3016627600.0,754227600.0
2014-11-06,'603009,北特科技,28.52,28.97,26.89,26.9,26.88,1.64,6.1012,23.9972,6400064,179618915.0,3042228400.0,760628400.0
2014-11-05,'603009,北特科技,26.88,27.37,26.5,27.09,27.62,-0.74,-2.6792,12.1843,3249544,87357701.0,2867289600.0,716889600.0
2014-11-04,'603009,北特科技,27.62,28.47,27.31,27.44,27.43,0.19,0.6927,16.638,4437351,123695658.0,2946225400.0,736625400.0
2014-11-03,'603009,北特科技,27.43,27.71,27.04,27.25,27.37,0.06,0.2192,12.9167,3444873,94242995.0,2925958100.0,731558100.0
2014-10-31,'603009,北特科技,27.37,27.48,26.63,26.88,27.01,0.36,1.3328,17.9013,4774278,129291027.0,2919557900.0,729957900.0
2014-10-30,'603009,北特科技,27.01,27.2,26.31,27.17,27.39,-0.38,-1.3874,18.6146,4964520,132979827.0,2881156700.0,720356700.0
2014-10-29,'603009,北特科技,27.39,28.0,26.83,26.98,27.23,0.16,0.5876,25.0353,6676907,183067907.0,2921691300.0,730491300.0
2014-10-28,'603009,北特科技,27.23,27.28,25.9,25.97,26.42,0.81,3.0659,22.7579,6069537,161237063.0,2904624100.0,726224100.0
2014-10-27,'603009,北特科技,26.42,28.56,26.42,28.46,29.35,-2.93,-9.983,24.0299,6408787,175659256.0,2818221400.0,704621400.0
2014-10-24,'603009,北特科技,29.35,31.87,28.1,29.1,29.07,0.28,0.9632,37.2451,9933280,299337254.0,3130764500.0,782764500.0
2014-10-23,'603009,北特科技,29.07,31.6,28.64,30.4,29.91,-0.84,-2.8084,37.2933,9946131,296762190.0,3100896900.0,775296900.0
2014-10-22,'603009,北特科技,29.91,29.91,27.25,27.25,27.19,2.72,10.0037,21.3304,5688812,165800126.0,3190499700.0,797699700.0
2014-10-21,'603009,北特科技,27.19,28.42,26.11,26.75,26.78,0.41,1.531,31.6874,8451024,231556634.0,2900357300.0,725157300.0
2014-10-20,'603009,北特科技,26.78,27.53,24.95,25.04,25.04,1.74,6.9489,32.8977,8773807,231147962.0,2856622600.0,714222600.0
2014-10-17,'603009,北特科技,25.04,25.3,23.18,24.1,24.22,0.82,3.3856,20.9523,5587971,137580743.0,2671016800.0,667816800.0
2014-10-16,'603009,北特科技,24.22,24.69,24.12,24.3,24.38,-0.16,-0.6563,13.7753,3673885,89967155.0,2583547400.0,645947400.0
2014-10-15,'603009,北特科技,24.38,24.39,23.71,23.73,23.78,0.6,2.5231,7.6905,2051053,49405713.0,2600614600.0,650214600.0
2014-10-14,'603009,北特科技,23.78,24.05,23.71,23.9,23.88,-0.1,-0.4188,3.7804,1008229,24065671.0,2536612600.0,634212600.0
2014-10-13,'603009,北特科技,23.88,24.3,23.67,24.29,24.21,-0.33,-1.3631,6.279,1674602,39975174.0,2547279600.0,636879600.0
2014-10-10,'603009,北特科技,24.21,24.5,24.0,24.13,24.1,0.11,0.4564,5.5091,1469270,35680413.0,2582480700.0,645680700.0
2014-10-09,'603009,北特科技,24.1,24.46,23.88,24.35,24.35,-0.25,-1.0267,7.7114,2056625,49683419.0,2570747000.0,642747000.0
2014-10-08,'603009,北特科技,24.35,24.5,24.2,24.45,24.37,-0.02,-0.0821,5.5308,1475072,35880688.0,2597414500.0,649414500.0
2014-09-30,'603009,北特科技,24.37,24.42,24.23,24.26,24.29,0.08,0.3294,5.421,1445791,35154875.0,2599547900.0,649947900.0
2014-09-29,'603009,北特科技,24.29,24.52,24.21,24.3,24.25,0.04,0.1649,7.0005,1867026,45401887.0,2591014300.0,647814300.0
2014-09-26,'603009,北特科技,24.25,24.35,23.95,24.13,24.05,0.2,0.8316,5.7911,1544486,37299657.0,2586747500.0,646747500.0
2014-09-25,'603009,北特科技,24.05,24.63,24.02,24.48,24.4,-0.35,-1.4344,8.5142,2270736,55053666.0,2565413500.0,641413500.0
2014-09-24,'603009,北特科技,24.4,24.58,23.54,23.64,23.54,0.86,3.6534,16.3121,4350435,105443584.0,2602748000.0,650748000.0
2014-09-23,'603009,北特科技,23.54,23.68,23.1,23.2,23.23,0.31,1.3345,5.8243,1553349,36476120.0,2511011800.0,627811800.0
2014-09-22,'603009,北特科技,23.23,23.42,22.89,23.42,23.45,-0.22,-0.9382,4.4323,1182100,27325120.0,2477944100.0,619544100.0
2014-09-19,'603009,北特科技,23.45,23.48,23.27,23.3,23.35,0.1,0.4283,3.1991,853207,19937720.0,2501411500.0,625411500.0
2014-09-18,'603009,北特科技,23.35,23.63,23.19,23.38,23.44,-0.09,-0.384,4.2406,1130969,26410018.0,2490744500.0,622744500.0
2014-09-17,'603009,北特科技,23.44,23.55,23.02,23.15,23.24,0.2,0.8606,6.3836,1702493,39594132.0,2500344800.0,625144800.0
2014-09-16,'603009,北特科技,23.24,24.36,23.0,24.24,24.25,-1.01,-4.1649,10.6354,2836458,67600242.0,2479010800.0,619810800.0
2014-09-15,'603009,北特科技,24.25,24.53,24.11,24.31,24.39,-0.14,-0.574,7.9121,2110157,51172340.0,2586747500.0,646747500.0
2014-09-12,'603009,北特科技,24.39,24.81,24.32,24.8,24.69,-0.3,-1.2151,9.4305,2515120,61516374.0,2601681300.0,650481300.0
2014-09-11,'603009,北特科技,24.69,24.99,24.24,24.28,24.25,0.44,1.8144,20.0212,5339660,131507772.0,2633682300.0,658482300.0
2014-09-10,'603009,北特科技,24.25,24.26,23.6,23.79,23.82,0.43,1.8052,10.4927,2798416,67405872.0,2586747500.0,646747500.0
2014-09-09,'603009,北特科技,23.82,24.1,23.62,24.08,23.98,-0.16,-0.6672,6.1091,1629291,38672440.0,2540879400.0,635279400.0
2014-09-05,'603009,北特科技,23.98,24.3,23.77,24.29,24.33,-0.35,-1.4386,8.6942,2318734,55586902.0,2557946600.0,639546600.0
2014-09-04,'603009,北特科技,24.33,24.65,23.92,24.12,24.08,0.25,1.0382,12.0001,3200417,77858176.0,2595281100.0,648881100.0
2014-09-03,'603009,北特科技,24.08,24.33,23.85,24.3,24.45,-0.37,-1.5133,12.4882,3330614,80155955.0,2568613600.0,642213600.0
2014-09-02,'603009,北特科技,24.45,24.88,24.06,24.06,23.75,0.7,2.9474,18.2999,4880582,119836275.0,2608081500.0,652081500.0
2014-09-01,'603009,北特科技,23.75,23.88,23.3,23.5,23.44,0.31,1.3225,7.4006,1973734,46646000.0,2533412500.0,633412500.0
2014-08-29,'603009,北特科技,23.44,23.48,22.91,22.97,23.06,0.38,1.6479,7.4294,1981434,46229477.0,2500344800.0,625144800.0
2014-08-28,'603009,北特科技,23.06,23.44,22.81,23.08,23.1,-0.04,-0.1732,5.7058,1521725,35160517.0,2459810200.0,615010200.0
2014-08-27,'603009,北特科技,23.1,23.33,22.92,22.99,22.83,0.27,1.1827,4.6918,1251314,28908379.0,2464077000.0,616077000.0
2014-08-26,'603009,北特科技,22.83,23.69,22.81,23.69,23.87,-1.04,-4.3569,11.8684,3165298,73215341.0,2435276100.0,608876100.0
2014-08-25,'603009,北特科技,23.87,24.21,23.46,23.83,23.71,0.16,0.6748,12.1434,3238635,77199275.0,2546212900.0,636612900.0
2014-08-22,'603009,北特科技,23.71,24.38,23.6,24.06,24.46,-0.75,-3.0662,17.7833,4742813,112943122.0,2529145700.0,632345700.0
2014-08-21,'603009,北特科技,24.46,25.4,24.25,24.99,25.8,-1.34,-5.1938,24.1326,6436164,159198484.0,2609148200.0,652348200.0
2014-08-20,'603009,北特科技,25.8,26.82,23.83,24.8,24.72,1.08,4.3689,42.2918,11279230,285602572.0,2752086000.0,688086000.0
2014-08-19,'603009,北特科技,24.72,24.85,23.18,23.3,23.26,1.46,6.2769,40.3111,10750959,261215281.0,2636882400.0,659282400.0
2014-08-18,'603009,北特科技,23.26,23.35,22.98,22.99,22.94,0.32,1.3949,14.0855,3756616,87129073.0,2481144200.0,620344200.0
2014-08-15,'603009,北特科技,22.94,23.08,22.65,22.86,22.94,0.0,0.0,10.4277,2781062,63510271.0,2447009800.0,611809800.0
2014-08-14,'603009,北特科技,22.94,23.27,22.6,22.95,22.99,-0.05,-0.2175,14.6133,3897357,89346511.0,2447009800.0,611809800.0
2014-08-13,'603009,北特科技,22.99,23.35,22.88,23.34,23.34,-0.35,-1.4996,15.4072,4109106,94647932.0,2452343300.0,613143300.0
2014-08-12,'603009,北特科技,23.34,23.82,23.23,23.82,23.87,-0.53,-2.2204,19.662,5243856,122675163.0,2489677800.0,622477800.0
2014-08-11,'603009,北特科技,23.87,23.95,23.52,23.73,23.71,0.16,0.6748,15.3314,4088878,97344513.0,2546212900.0,636612900.0
2014-08-08,'603009,北特科技,23.71,24.16,23.66,24.0,24.27,-0.56,-2.3074,21.8268,5821211,138805946.0,2529145700.0,632345700.0
2014-08-07,'603009,北特科技,24.27,24.86,24.1,24.6,24.66,-0.39,-1.5815,23.813,6350914,154764635.0,2588880900.0,647280900.0
2014-08-06,'603009,北特科技,24.66,24.88,24.13,24.4,25.1,-0.44,-1.753,32.3685,8632684,210698890.0,2630482200.0,657682200.0
2014-08-05,'603009,北特科技,25.1,25.99,24.87,25.31,26.41,-1.31,-4.9602,39.7028,10588741,267549753.0,2677417000.0,669417000.0
2014-08-04,'603009,北特科技,26.41,28.56,25.0,27.08,26.18,0.23,0.8785,75.0204,20007952,532342288.0,2817154700.0,704354700.0
2014-08-01,'603009,北特科技,26.18,26.18,23.99,24.1,23.8,2.38,10.0,49.4219,13180825,331336450.0,2792620600.0,698220600.0
2014-07-31,'603009,北特科技,23.8,23.8,21.88,22.8,21.64,2.16,9.9815,73.5655,19619906,449046971.0,2538746000.0,634746000.0
2014-07-30,'603009,北特科技,21.64,21.64,21.64,21.64,19.67,1.97,10.0153,26.5584,7083122,153278760.0,2308338800.0,577138800.0
2014-07-29,'603009,北特科技,19.67,19.67,19.67,19.67,17.88,1.79,10.0112,2.7064,721802,14197845.0,2098198900.0,524598900.0
2014-07-28,'603009,北特科技,17.88,17.88,17.88,17.88,16.25,1.63,10.0308,1.4046,374603,6697902.0,1907259600.0,476859600.0
2014-07-25,'603009,北特科技,16.25,16.25,16.25,16.25,14.77,1.48,10.0203,1.1045,294569,4786746.0,1733387500.0,433387500.0
2014-07-24,'603009,北特科技,14.77,14.77,14.77,14.77,13.43,1.34,9.9777,0.8449,225340,3328272.0,1575515900.0,393915900.0
2014-07-23,'603009,北特科技,13.43,13.43,13.43,13.43,12.21,1.22,9.9918,0.4675,124684,1674506.0,1432578100.0,358178100.0
2014-07-22,'603009,北特科技,12.21,12.21,12.21,12.21,11.1,1.11,10.0,0.192,51200,625152.0,1302440700.0,325640700.0
2014-07-21,'603009,北特科技,11.1,11.1,11.1,11.1,10.09,1.01,10.0099,0.1685,44935,498779.0,1184037000.0,296037000.0
2014-07-18,'603009,N北特,10.09,10.09,8.41,8.41,7.01,3.08,43.9372,0.3015,80400,806028.0,1076300300.0,269100300.0
