日期,股票代码,名称,收盘价,最高价,最低价,开盘价,前收盘,涨跌额,涨跌幅,换手率,成交量,成交金额,总市值,流通市值
2017-05-15,'603018,中设集团,31.86,32.51,31.4,31.7,31.63,0.23,0.7272,0.5253,661198,21117012.0,6626880000.0,4010086618.2
2017-05-12,'603018,中设集团,31.63,31.7,31.11,31.38,31.41,0.22,0.7004,0.4457,560981,17725909.0,6579040000.0,3981137468.1
2017-05-11,'603018,中设集团,31.41,31.82,30.4,31.8,31.88,-0.47,-1.4743,0.9953,1252800,39019662.0,6533280000.0,3953446976.7
2017-05-10,'603018,中设集团,31.88,33.14,31.82,32.9,32.9,-1.02,-3.1003,0.6401,805714,26227595.0,6631040000.0,4012603935.6
2017-05-09,'603018,中设集团,32.9,33.16,32.2,32.8,32.94,-0.04,-0.1214,0.6561,825781,26946205.0,6843200000.0,4140987123.0
2017-05-08,'603018,中设集团,32.94,34.59,32.81,34.32,34.66,-1.72,-4.9625,1.4113,1776365,59427058.0,6851520000.0,4146021757.8
2017-05-05,'603018,XD中设集,34.66,35.26,34.47,34.48,34.83,-0.17,-0.4881,0.8049,1013142,35287486.0,7209280000.0,4362511054.2
2017-05-04,'603018,中设集团,35.14,35.37,34.31,34.61,34.55,0.59,1.7077,1.0053,1265335,44275362.0,7309120000.0,4422926671.8
2017-05-03,'603018,中设集团,34.55,34.72,34.2,34.46,34.49,0.06,0.174,0.592,745100,25699719.0,7186400000.0,4348665808.5
2017-05-02,'603018,中设集团,34.49,34.72,34.33,34.68,34.57,-0.08,-0.2314,0.4794,603348,20810041.0,7173920000.0,4341113856.3
2017-04-28,'603018,中设集团,34.57,34.9,34.16,34.9,35.0,-0.43,-1.2286,0.9526,1198940,41353145.0,7190560000.0,4351183125.9
2017-04-27,'603018,中设集团,35.0,35.28,34.23,34.54,34.2,0.8,2.3392,0.9835,1237911,43083647.0,7280000000.0,4405305450.0
2017-04-26,'603018,中设集团,34.2,34.7,34.03,34.3,34.41,-0.21,-0.6103,0.4874,613501,21090278.0,7113600000.0,4304612754.0
2017-04-25,'603018,中设集团,34.41,34.73,33.91,34.33,34.11,0.3,0.8795,0.4576,576002,19846715.0,7157280000.0,4331044586.7
2017-04-24,'603018,中设集团,34.11,34.7,33.85,34.43,34.83,-0.72,-2.0672,0.5202,654785,22430669.0,7094880000.0,4293284825.7
2017-04-21,'603018,中设集团,34.83,35.3,34.72,34.95,35.01,-0.18,-0.5141,0.6498,817891,28664182.0,7244640000.0,4383908252.1
2017-04-20,'603018,中设集团,35.01,35.32,34.01,34.6,35.0,0.01,0.0286,1.483,1866605,64908515.0,7282080000.0,4406564108.7
2017-04-19,'603018,中设集团,35.0,35.08,33.23,34.98,34.95,0.05,0.1431,2.0261,2550173,86770742.0,7280000000.0,4405305450.0
2017-04-18,'603018,中设集团,34.95,35.37,34.87,34.87,34.89,0.06,0.172,0.6935,872867,30654579.0,7269600000.0,4399012156.5
2017-04-17,'603018,中设集团,34.89,35.69,34.52,35.58,35.5,-0.61,-1.7183,1.4667,1846088,64883252.0,7257120000.0,4391460204.3
2017-04-14,'603018,中设集团,35.5,36.79,35.48,36.71,36.6,-1.1,-3.0055,1.6847,2120495,76527679.0,7384000000.0,4468238385.0
2017-04-13,'603018,中设集团,36.6,37.55,36.45,37.05,37.25,-0.65,-1.745,1.21,1522932,56327417.0,7612800000.0,4606690842.0
2017-04-12,'603018,中设集团,37.25,37.6,36.8,37.01,37.13,0.12,0.3232,0.8674,1091714,40556412.0,7748000000.0,4688503657.5
2017-04-11,'603018,中设集团,37.13,37.45,36.41,37.45,37.39,-0.26,-0.6954,1.5339,1930662,71221752.0,7723040000.0,4673399753.1
2017-04-10,'603018,中设集团,37.39,38.55,37.32,37.93,37.71,-0.32,-0.8486,1.4682,1848015,70258998.0,7777120000.0,4706124879.3
2017-04-07,'603018,中设集团,37.71,38.3,37.6,38.12,38.24,-0.53,-1.386,0.901,1134036,42921390.0,7843680000.0,4746401957.7
2017-04-06,'603018,中设集团,38.24,38.34,37.46,37.96,37.77,0.47,1.2444,1.6479,2074139,78906155.0,7953920000.0,4813110868.8
2017-04-05,'603018,中设集团,37.77,37.93,36.65,36.67,36.65,1.12,3.0559,1.7885,2251163,84393534.0,7856160000.0,4753953909.9
2017-03-31,'603018,中设集团,36.65,37.17,36.18,36.83,37.22,-0.57,-1.5314,1.1713,1474257,53953473.0,7623200000.0,4612984135.5
2017-03-30,'603018,中设集团,37.22,37.8,36.61,36.8,36.91,0.31,0.8399,1.9095,2403352,89416359.0,7741760000.0,4684727681.4
2017-03-29,'603018,中设集团,36.91,37.86,36.9,37.56,37.27,-0.36,-0.9659,1.2023,1513300,56259038.0,7677280000.0,4645709261.7
2017-03-28,'603018,中设集团,37.27,37.69,37.19,37.47,37.59,-0.32,-0.8513,0.744,936453,35004541.0,7752160000.0,4691020974.9
2017-03-27,'603018,中设集团,37.59,38.54,37.49,38.52,38.35,-0.76,-1.9817,1.24,1560694,59139276.0,7818720000.0,4731298053.3
2017-03-24,'603018,中设集团,38.35,38.54,37.36,38.25,38.24,0.11,0.2877,1.8177,2287811,86821005.0,7976800000.0,4826956114.5
2017-03-23,'603018,中设集团,38.24,39.02,37.45,38.3,38.29,-0.05,-0.1306,2.2306,2807567,107618332.0,7953920000.0,4813110868.8
2017-03-22,'603018,中设集团,38.29,38.8,37.17,37.34,37.49,0.8,2.1339,3.7239,4687154,179546307.0,7964320000.0,4819404162.3
2017-03-21,'603018,中设集团,37.49,37.5,36.51,36.67,36.62,0.87,2.3758,2.5347,3190277,118622554.0,7797920000.0,4718711466.3
2017-03-20,'603018,中设集团,36.62,36.8,35.73,36.02,36.03,0.59,1.6375,0.9241,1163131,42132806.0,7616960000.0,4609208159.4
2017-03-17,'603018,中设集团,36.03,36.88,35.9,36.69,36.58,-0.55,-1.5036,0.9888,1244605,45511098.0,7494240000.0,4534947296.1
2017-03-16,'603018,中设集团,36.58,36.68,36.26,36.31,36.51,0.07,0.1917,0.9556,1202758,43894327.0,7608640000.0,4604173524.6
2017-03-15,'603018,中设集团,36.51,36.59,35.54,35.97,36.22,0.29,0.8007,1.308,1646360,59260955.0,7594080000.0,4595362913.7
2017-03-14,'603018,中设集团,36.22,36.43,35.8,36.23,36.09,0.13,0.3602,0.771,970392,35094321.0,7533760000.0,4558861811.4
2017-03-13,'603018,中设集团,36.09,36.27,35.6,36.15,36.18,-0.09,-0.2488,0.9745,1226582,43998013.0,7506720000.0,4542499248.3
2017-03-10,'603018,中设集团,36.18,36.34,35.69,35.86,35.89,0.29,0.808,0.5412,681236,24483706.0,7525440000.0,4553827176.6
2017-03-09,'603018,中设集团,35.89,36.48,35.85,36.45,36.4,-0.51,-1.4011,0.691,869779,31329783.0,7465120000.0,4517326074.3
2017-03-08,'603018,中设集团,36.4,36.73,36.07,36.66,36.5,-0.1,-0.274,0.8149,1025710,37241317.0,7571200000.0,4581517668.0
2017-03-07,'603018,中设集团,36.5,36.72,36.4,36.41,36.61,-0.11,-0.3005,0.988,1243592,45491458.0,7592000000.0,4594104255.0
2017-03-06,'603018,中设集团,36.61,36.87,35.69,35.69,35.57,1.04,2.9238,1.9444,2447325,89311433.0,7614880000.0,4607949500.7
2017-03-03,'603018,中设集团,35.57,35.66,35.25,35.57,35.45,0.12,0.3385,0.5252,661040,23437463.0,7398560000.0,4477048995.9
2017-03-02,'603018,中设集团,35.45,35.75,35.4,35.61,35.75,-0.3,-0.8392,0.4425,556979,19815911.0,7373600000.0,4461945091.5
2017-03-01,'603018,中设集团,35.75,35.85,35.45,35.6,35.6,0.15,0.4213,0.5565,700484,24993733.0,7436000000.0,4499704852.5
2017-02-28,'603018,中设集团,35.6,35.94,35.43,35.5,35.83,-0.23,-0.6419,0.7579,953946,33915906.0,7404800000.0,4480824972.0
2017-02-27,'603018,中设集团,35.83,36.27,35.36,36.27,36.32,-0.49,-1.3491,1.3815,1738793,62087664.0,7452640000.0,4509774122.1
2017-02-24,'603018,中设集团,36.32,36.8,36.27,36.8,36.97,-0.65,-1.7582,0.8856,1114730,40604562.0,7554560000.0,4571448398.4
2017-02-23,'603018,中设集团,36.97,37.05,36.45,36.73,36.99,-0.02,-0.0541,0.7877,991417,36410141.0,7689760000.0,4653261213.9
2017-02-22,'603018,中设集团,36.99,37.0,36.21,36.21,36.2,0.79,2.1823,1.7958,2260297,83107096.0,7693920000.0,4655778531.3
2017-02-21,'603018,中设集团,36.2,36.83,36.12,36.61,36.52,-0.32,-0.8762,0.6522,820925,29764501.0,7529600000.0,4556344494.0
2017-02-20,'603018,中设集团,36.52,36.61,35.83,36.02,36.04,0.48,1.3319,1.0491,1320443,47956242.0,7596160000.0,4596621572.4
2017-02-17,'603018,中设集团,36.04,36.49,35.48,35.48,35.77,0.27,0.7548,0.891,1121503,40557276.0,7496320000.0,4536205954.8
2017-02-16,'603018,中设集团,35.77,35.88,35.6,35.7,35.78,-0.01,-0.0279,0.337,424180,15162530.0,7440160000.0,4502222169.9
2017-02-15,'603018,中设集团,35.78,36.3,35.75,36.0,36.26,-0.48,-1.3238,0.8543,1075228,38622470.0,7442240000.0,4503480828.6
2017-02-14,'603018,中设集团,36.26,36.58,36.12,36.5,36.46,-0.2,-0.5485,0.7193,905366,32856031.0,7542080000.0,4563896446.2
2017-02-13,'603018,中设集团,36.46,36.48,35.88,36.02,36.14,0.32,0.8854,1.3081,1646421,59664196.0,7583680000.0,4589069620.2
2017-02-10,'603018,中设集团,36.14,36.38,35.27,35.67,35.84,0.3,0.8371,1.2939,1628589,58561685.0,7517120000.0,4548792541.8
2017-02-09,'603018,中设集团,35.84,36.0,34.99,34.99,35.09,0.75,2.1374,1.0533,1325684,47174554.0,7454720000.0,4511032780.8
2017-02-08,'603018,中设集团,35.09,35.12,34.62,34.75,34.77,0.32,0.9203,0.4258,535954,18678346.0,7298720000.0,4416633378.3
2017-02-07,'603018,中设集团,34.77,35.17,34.71,35.05,35.07,-0.3,-0.8554,0.3446,433750,15138557.0,7232160000.0,4376356299.9
2017-02-06,'603018,中设集团,35.07,35.24,34.68,34.89,34.89,0.18,0.5159,0.4664,587032,20525979.0,7294560000.0,4414116060.9
2017-02-03,'603018,中设集团,34.89,34.98,34.51,34.8,34.75,0.14,0.4029,0.3753,472378,16433602.0,7257120000.0,4391460204.3
2017-01-26,'603018,中设集团,34.75,34.89,34.43,34.43,34.6,0.15,0.4335,0.2579,324557,11271980.0,7228000000.0,4373838982.5
2017-01-25,'603018,中设集团,34.6,35.12,34.5,34.66,34.6,0.0,0.0,0.286,359988,12492766.0,7196800000.0,4354959102.0
2017-01-24,'603018,中设集团,34.6,34.86,34.4,34.86,34.86,-0.26,-0.7458,0.3224,405783,14055959.0,7196800000.0,4354959102.0
2017-01-23,'603018,中设集团,34.86,34.9,34.15,34.15,34.12,0.74,2.1688,0.5491,691190,24015051.0,7250880000.0,4387684228.2
2017-01-20,'603018,中设集团,34.12,34.27,33.45,33.45,33.8,0.32,0.9467,0.4012,504963,17199257.0,7096960000.0,4294543484.4
2017-01-19,'603018,中设集团,33.8,33.99,32.88,33.91,33.94,-0.14,-0.4125,0.6912,869982,29279037.0,7030400000.0,4254266406.0
2017-01-18,'603018,中设集团,33.94,34.02,33.34,33.6,33.77,0.17,0.5034,0.4218,530854,17868203.0,7059520000.0,4271887627.8
2017-01-17,'603018,中设集团,33.77,33.88,32.37,32.37,33.04,0.73,2.2094,0.6704,843810,28080956.0,7024160000.0,4250490429.9
2017-01-16,'603018,中设集团,33.04,33.8,30.61,33.8,34.01,-0.97,-2.8521,1.5676,1973054,64407796.0,6872320000.0,4158608344.8
2017-01-13,'603018,中设集团,34.01,34.74,33.99,34.31,34.8,-0.79,-2.2701,0.5457,686800,23541137.0,7074080000.0,4280698238.7
2017-01-12,'603018,中设集团,34.8,35.39,34.2,34.9,35.11,-0.31,-0.8829,0.7646,962422,33308510.0,7238400000.0,4380132276.0
2017-01-11,'603018,中设集团,35.11,35.5,34.8,35.2,35.5,-0.39,-1.0986,0.6093,766935,26880431.0,7302880000.0,4419150695.7
2017-01-10,'603018,中设集团,35.5,35.65,35.21,35.49,35.49,0.01,0.0282,0.6654,837515,29654383.0,7384000000.0,4468238385.0
2017-01-09,'603018,中设集团,35.49,35.58,34.75,34.8,34.76,0.73,2.1001,1.2862,1618858,57239402.0,7381920000.0,4466979726.3
2017-01-06,'603018,中设集团,34.76,34.99,34.4,34.66,34.87,-0.11,-0.3155,0.7106,894379,30973943.0,7230080000.0,4375097641.2
2017-01-05,'603018,中设集团,34.87,35.67,34.83,35.67,35.49,-0.62,-1.747,0.8481,1067438,37412938.0,7252960000.0,4388942886.9
2017-01-04,'603018,中设集团,35.49,35.54,35.1,35.2,35.18,0.31,0.8812,1.2364,1556159,55034142.0,7381920000.0,4466979726.3
2017-01-03,'603018,中设集团,35.18,35.26,34.3,34.65,34.51,0.67,1.9415,1.2665,1594038,55606375.0,7317440000.0,4427961306.6
2016-12-30,'603018,中设集团,34.51,34.75,33.75,34.0,34.04,0.47,1.3807,1.031,1297674,44680001.0,7178080000.0,4343631173.7
2016-12-29,'603018,中设集团,34.04,34.44,33.97,33.97,34.26,-0.22,-0.6421,0.4335,545657,18606908.0,7080320000.0,4284474214.8
2016-12-28,'603018,中设集团,34.26,34.43,33.82,34.37,34.14,0.12,0.3515,0.819,1030799,35190255.0,7126080000.0,4312164706.2
2016-12-27,'603018,中设集团,34.14,34.68,33.46,33.68,33.41,0.73,2.185,1.4318,1802206,61828999.0,7101120000.0,4297060801.8
2016-12-26,'603018,中设集团,33.41,33.48,32.47,32.6,32.91,0.5,1.5193,0.6101,767883,25328762.0,6949280000.0,4205178716.7
2016-12-23,'603018,中设集团,32.91,33.58,32.82,33.16,33.39,-0.48,-1.4376,0.5201,654608,21658296.0,6845280000.0,4142245781.7
2016-12-22,'603018,中设集团,33.39,33.4,33.01,33.13,33.15,0.24,0.724,0.6981,878618,29223340.0,6945120000.0,4202661399.3
2016-12-21,'603018,中设集团,33.15,33.39,32.71,32.85,32.63,0.52,1.5936,0.7577,953675,31633080.0,6895200000.0,4172453590.5
2016-12-20,'603018,中设集团,32.63,32.92,32.42,32.88,32.88,-0.25,-0.7603,0.6007,756097,24693971.0,6787040000.0,4107003338.1
2016-12-19,'603018,中设集团,32.88,33.33,32.73,33.09,33.08,-0.2,-0.6046,0.5619,707281,23232526.0,6839040000.0,4138469805.6
2016-12-16,'603018,中设集团,33.08,33.19,32.56,32.68,32.67,0.41,1.255,0.6836,860411,28395172.0,6880640000.0,4163642979.6
2016-12-15,'603018,中设集团,32.67,32.96,32.42,32.42,32.37,0.3,0.9268,0.6604,831207,27164345.0,6795360000.0,4112037972.9
2016-12-14,'603018,中设集团,32.37,33.08,32.32,32.66,32.75,-0.38,-1.1603,0.5766,725714,23703959.0,6732960000.0,4074278211.9
2016-12-13,'603018,中设集团,32.75,32.79,32.25,32.44,32.47,0.28,0.8623,0.5796,729466,23789952.0,6812000000.0,4122107242.5
2016-12-12,'603018,中设集团,32.47,33.74,32.3,33.73,34.0,-1.53,-4.5,1.5715,1977935,65460869.0,6753760000.0,4086864798.9
2016-12-09,'603018,中设集团,34.0,34.28,33.4,33.61,33.61,0.39,1.1604,1.1795,1484532,50467690.0,7072000000.0,4279439580.0
2016-12-08,'603018,中设集团,33.61,34.56,33.6,34.55,34.57,-0.96,-2.777,1.5123,1903433,64747110.0,6990880000.0,4230351890.7
2016-12-07,'603018,中设集团,34.57,34.75,34.36,34.75,34.77,-0.2,-0.5752,1.0198,1283523,44304067.0,7190560000.0,4351183125.9
2016-12-06,'603018,中设集团,34.77,35.18,34.66,34.66,34.68,0.09,0.2595,0.6093,766946,26780568.0,7232160000.0,4376356299.9
2016-12-05,'603018,中设集团,34.68,34.75,34.11,34.46,34.88,-0.2,-0.5734,0.7377,928455,32090205.0,7213440000.0,4365028371.6
2016-12-02,'603018,中设集团,34.88,35.7,34.73,35.38,35.43,-0.55,-1.5524,1.387,1745705,61274756.0,7255040000.0,4390201545.6
2016-12-01,'603018,中设集团,35.43,35.67,35.2,35.46,35.45,-0.02,-0.0564,1.0723,1349624,47752942.0,7369440000.0,4459427774.1
2016-11-30,'603018,中设集团,35.45,36.02,35.07,35.82,35.86,-0.41,-1.1433,1.3578,1709010,60652122.0,7373600000.0,4461945091.5
2016-11-29,'603018,中设集团,35.86,36.54,35.82,36.02,36.16,-0.3,-0.8296,1.7063,2147700,77676049.0,7458880000.0,4513550098.2
2016-11-28,'603018,中设集团,36.16,37.07,36.1,36.89,36.95,-0.79,-2.138,2.4104,3033877,110920242.0,7521280000.0,4551309859.2
2016-11-25,'603018,中设集团,36.95,37.1,36.5,36.6,36.85,0.1,0.2714,1.1701,1472727,54176570.0,7685600000.0,4650743896.5
2016-11-24,'603018,中设集团,36.85,37.31,36.7,37.11,37.0,-0.15,-0.4054,1.4805,1863500,68744796.0,7664800000.0,4638157309.5
2016-11-23,'603018,中设集团,37.0,37.84,36.93,37.5,37.68,-0.68,-1.8047,1.9986,2515510,93854095.0,7696000000.0,4657037190.0
2016-11-22,'603018,中设集团,37.68,38.88,37.4,38.7,37.89,-0.21,-0.5542,2.5956,3266950,123604510.0,7837440000.0,4742625981.6
2016-11-21,'603018,中设集团,37.89,38.14,36.9,37.11,36.96,0.93,2.5162,3.3872,4263319,160287095.0,7881120000.0,4769057814.3
2016-11-18,'603018,中设集团,36.96,37.15,36.0,36.33,36.18,0.78,2.1559,2.7668,3482451,128229108.0,7687680000.0,4652002555.2
2016-11-17,'603018,中设集团,36.18,36.59,35.86,36.4,36.53,-0.35,-0.9581,1.4303,1800249,64977195.0,7525440000.0,4553827176.6
2016-11-16,'603018,中设集团,36.53,36.85,36.19,36.4,36.54,-0.01,-0.0274,1.386,1744530,63657612.0,7598240000.0,4597880231.1
2016-11-15,'603018,中设集团,36.54,37.14,36.1,36.1,36.05,0.49,1.3592,2.2828,2873221,105339282.0,7600320000.0,4599138889.8
2016-11-14,'603018,中设集团,36.05,36.64,35.99,36.03,36.27,-0.22,-0.6066,1.6701,2102108,76150492.0,7498400000.0,4537464613.5
2016-11-11,'603018,中设集团,36.27,36.65,36.2,36.54,36.56,-0.29,-0.7932,1.6688,2100400,76325272.0,7544160000.0,4565155104.9
2016-11-10,'603018,中设集团,36.56,36.69,36.05,36.47,36.02,0.54,1.4992,2.2558,2839335,103355877.0,7604480000.0,4601656207.2
2016-11-09,'603018,中设集团,36.02,36.88,35.5,36.88,36.93,-0.91,-2.4641,2.9335,3692221,133594170.0,7492160000.0,4533688637.4
2016-11-08,'603018,中设集团,36.93,37.6,36.5,37.6,37.45,-0.52,-1.3885,2.9526,3716342,137229488.0,7681440000.0,4648226579.1
2016-11-07,'603018,中设集团,37.45,38.49,36.21,36.21,36.06,1.39,3.8547,5.5351,6966775,261811546.0,7789600000.0,4713676831.5
2016-11-04,'603018,中设集团,36.06,36.64,35.63,36.01,36.14,-0.08,-0.2214,2.7844,3504637,126744657.0,7500480000.0,4538723272.2
2016-11-03,'603018,中设集团,36.14,36.29,35.04,35.4,35.64,0.5,1.4029,4.7446,5971865,214420238.0,7517120000.0,4548792541.8
2016-11-02,'603018,中设集团,35.64,36.2,35.0,35.39,36.44,-0.8,-2.1954,3.8685,4869061,173696907.0,7413120000.0,4485859606.8
2016-11-01,'603018,中设集团,36.44,36.9,34.75,35.01,34.85,1.59,4.5624,6.4084,8066049,292608889.0,7579520000.0,4586552302.8
2016-10-31,'603018,中设集团,34.85,35.3,34.5,35.24,35.6,-0.75,-2.1067,6.6708,8396215,292641487.0,7248800000.0,4386425569.5
2016-10-28,'603018,中设集团,35.6,36.65,35.45,36.22,37.12,-1.52,-4.0948,7.1855,9044124,325707134.0,7404800000.0,4480824972.0
2016-10-27,'603018,中设集团,37.12,38.54,36.69,37.97,35.04,2.08,5.9361,11.4894,14461265,548204678.0,7720960000.0,4672141094.4
2016-10-26,'603018,中设集团,35.04,35.66,34.1,34.1,33.96,1.08,3.1802,4.6787,5888846,206254367.0,7288320000.0,4410340084.8
2016-10-25,'603018,中设集团,33.96,34.3,33.74,34.08,34.08,-0.12,-0.3521,1.4411,1813864,61608992.0,7063680000.0,4274404945.2
2016-10-24,'603018,中设集团,34.08,34.1,32.8,33.06,33.06,1.02,3.0853,3.2922,4143777,139866721.0,7088640000.0,4289508849.6
2016-10-21,'603018,中设集团,33.06,33.26,32.66,33.26,33.15,-0.09,-0.2715,1.3916,1751585,57752514.0,6876480000.0,4161125662.2
2016-10-20,'603018,中设集团,33.15,33.4,33.03,33.03,33.04,0.11,0.3329,0.943,1186941,39396579.0,6895200000.0,4172453590.5
2016-10-19,'603018,中设集团,33.04,33.4,32.85,33.31,33.24,-0.2,-0.6017,0.9226,1161279,38516686.0,6872320000.0,4158608344.8
2016-10-18,'603018,中设集团,33.24,33.32,32.66,32.76,32.76,0.48,1.4652,1.2299,1548073,51135342.0,6913920000.0,4183781518.8
2016-10-17,'603018,中设集团,32.76,33.47,32.6,33.3,33.33,-0.57,-1.7102,1.6012,2015400,66407015.0,6814080000.0,4123365901.2
2016-10-14,'603018,中设集团,33.33,33.92,32.85,33.78,33.71,-0.38,-1.1273,1.4368,1808411,60474006.0,6932640000.0,4195109447.1
2016-10-13,'603018,中设集团,33.71,33.79,33.05,33.33,33.03,0.68,2.0587,1.966,2474482,82881418.0,7011680000.0,4242938477.7
2016-10-12,'603018,中设集团,33.03,33.35,32.85,33.35,33.37,-0.34,-1.0189,0.9833,1237701,40950930.0,6870240000.0,4157349686.1
2016-10-11,'603018,中设集团,33.37,33.48,33.0,33.26,33.25,0.12,0.3609,1.2268,1544100,51319784.0,6940960000.0,4200144081.9
2016-10-10,'603018,中设集团,33.25,33.48,32.8,33.3,33.0,0.25,0.7576,1.3452,1693090,56208498.0,6916000000.0,4185040177.5
2016-09-30,'603018,中设集团,33.0,33.3,32.4,32.81,32.88,0.12,0.365,1.3199,1661361,54848088.0,6864000000.0,4153573710.0
2016-09-29,'603018,中设集团,32.88,32.9,31.9,32.02,32.13,0.75,2.3343,1.9566,2462735,80205271.0,6839040000.0,4138469805.6
2016-09-28,'603018,中设集团,32.13,32.22,31.22,31.4,31.44,0.69,2.1947,1.9954,2511570,80096691.0,6683040000.0,4044070403.1
2016-09-27,'603018,中设集团,31.44,32.17,30.92,31.8,32.14,-0.7,-2.178,2.7841,3504268,110118794.0,6539520000.0,3957222952.8
2016-09-26,'603018,中设集团,32.14,33.8,32.0,32.99,33.01,-0.87,-2.6356,3.0283,3811623,126340101.0,6685120000.0,4045329061.8
2016-09-23,'603018,设计股份,33.01,33.28,32.73,32.99,33.02,-0.01,-0.0303,1.5549,1957076,64639546.0,6866080000.0,4154832368.7
2016-09-22,'603018,设计股份,33.02,33.04,32.38,32.67,32.35,0.67,2.0711,2.004,2522321,82494274.0,6868160000.0,4156091027.4
2016-09-21,'603018,设计股份,32.35,32.7,32.1,32.39,32.33,0.02,0.0619,1.2596,1585355,51322542.0,6728800000.0,4071760894.5
2016-09-20,'603018,设计股份,32.33,32.88,32.08,32.14,31.97,0.36,1.1261,1.7129,2155988,70148622.0,6724640000.0,4069243577.1
2016-09-19,'603018,设计股份,31.97,32.39,31.8,32.1,32.16,-0.19,-0.5908,1.4551,1831425,58610002.0,6649760000.0,4023931863.9
2016-09-14,'603018,设计股份,32.16,32.35,31.5,31.85,32.12,0.04,0.1245,1.3593,1710833,54563876.0,6689280000.0,4047846379.2
2016-09-13,'603018,设计股份,32.12,32.75,31.73,32.51,32.15,-0.03,-0.0933,2.3401,2945326,94447013.0,6680960000.0,4042811744.4
2016-09-12,'603018,设计股份,32.15,32.79,31.81,32.5,33.15,-1.0,-3.0166,2.6299,3310143,106923815.0,6687200000.0,4046587720.5
2016-09-09,'603018,设计股份,33.15,34.5,33.11,34.45,34.56,-1.41,-4.0799,3.1121,3917058,132494565.0,6895200000.0,4172453590.5
2016-09-08,'603018,设计股份,34.56,34.84,33.3,33.39,33.76,0.8,2.3697,4.2015,5288278,181864313.0,7188480000.0,4349924467.2
2016-09-07,'603018,设计股份,33.76,34.81,32.88,33.0,32.95,0.81,2.4583,4.8484,6102515,208283252.0,7022080000.0,4249231771.2
2016-09-06,'603018,设计股份,32.95,32.99,31.6,31.93,32.22,0.73,2.2657,1.9175,2413419,78366157.0,6853600000.0,4147280416.5
2016-09-05,'603018,设计股份,32.22,32.6,31.8,32.3,32.08,0.14,0.4364,1.101,1385782,44751631.0,6701760000.0,4055398331.4
2016-09-02,'603018,设计股份,32.08,32.8,31.58,32.8,32.81,-0.73,-2.2249,2.4161,3041032,97501844.0,6672640000.0,4037777109.6
2016-09-01,'603018,设计股份,32.81,33.55,32.74,33.04,33.29,-0.48,-1.4419,1.6268,2047605,67859477.0,6824480000.0,4129659194.7
2016-08-31,'603018,设计股份,33.29,33.42,32.58,33.13,33.13,0.16,0.4829,2.241,2820654,92997192.0,6924320000.0,4190074812.3
2016-08-30,'603018,设计股份,33.13,33.79,32.82,33.78,33.81,-0.68,-2.0112,3.1931,4019024,133156160.0,6891040000.0,4169936273.1
2016-08-29,'603018,设计股份,33.81,34.85,31.8,31.85,31.73,2.08,6.5553,6.9227,8713274,291722526.0,7032480000.0,4255525064.7
2016-08-26,'603018,设计股份,31.73,32.05,31.23,31.42,31.31,0.42,1.3414,2.1754,2738122,86815336.0,6599840000.0,3993724055.1
2016-08-25,'603018,设计股份,31.31,31.57,30.3,31.57,31.75,-0.44,-1.3858,1.5173,1909786,59310973.0,6512480000.0,3940860389.7
2016-08-24,'603018,设计股份,31.75,31.82,30.55,30.55,30.65,1.1,3.5889,2.7912,3513109,110859331.0,6604000000.0,3996241372.5
2016-08-23,'603018,设计股份,30.65,30.98,30.21,30.98,30.79,-0.14,-0.4547,1.0817,1361536,41759935.0,6375200000.0,3857788915.5
2016-08-22,'603018,设计股份,30.79,31.41,30.64,31.4,31.43,-0.64,-2.0363,1.3921,1752196,54093834.0,6404320000.0,3875410137.3
2016-08-19,'603018,设计股份,31.43,31.67,31.21,31.51,31.34,0.09,0.2872,1.1928,1501342,47160158.0,6537440000.0,3955964294.1
2016-08-18,'603018,设计股份,31.34,31.7,31.13,31.39,31.39,-0.05,-0.1593,1.1083,1395007,43806000.0,6518720000.0,3944636365.8
2016-08-17,'603018,设计股份,31.39,32.31,31.25,31.64,31.7,-0.31,-0.9779,1.6698,2101696,66629305.0,6529120000.0,3950929659.3
2016-08-16,'603018,设计股份,31.7,32.45,30.92,31.16,31.15,0.55,1.7657,2.8339,3566897,113643086.0,6593600000.0,3989948079.0
2016-08-15,'603018,设计股份,31.15,31.19,30.23,30.4,30.45,0.7,2.2989,1.4534,1829329,56556539.0,6479200000.0,3920721850.5
2016-08-12,'603018,设计股份,30.45,30.52,29.98,30.5,30.29,0.16,0.5282,0.9359,1178004,35594993.0,6333600000.0,3832615741.5
2016-08-11,'603018,设计股份,30.29,30.96,30.24,30.72,30.99,-0.7,-2.2588,1.2687,1596917,48727582.0,6300320000.0,3812477202.3
2016-08-10,'603018,设计股份,30.99,31.65,30.68,30.68,30.91,0.08,0.2588,2.9211,3676615,115205559.0,6445920000.0,3900583311.3
2016-08-09,'603018,设计股份,30.91,31.39,29.18,29.25,29.25,1.66,5.6752,3.3232,4182780,128483705.0,6429280000.0,3890514041.7
2016-08-08,'603018,设计股份,29.25,29.29,28.62,28.99,29.09,0.16,0.55,0.8581,1080068,31365037.0,6084000000.0,3681576697.5
2016-08-05,'603018,设计股份,29.09,29.17,28.71,28.89,28.9,0.19,0.6574,0.7111,895069,25936528.0,6050720000.0,3661438158.3
2016-08-04,'603018,设计股份,28.9,28.99,28.51,28.51,28.63,0.27,0.9431,0.7776,978753,28131546.0,6011200000.0,3637523643.0
2016-08-03,'603018,设计股份,28.63,28.77,28.34,28.54,28.54,0.09,0.3153,0.9632,1212386,34612514.0,5955040000.0,3603539858.1
2016-08-02,'603018,设计股份,28.54,28.65,28.37,28.4,28.37,0.17,0.5992,0.7533,948100,27027173.0,5936320000.0,3592211929.8
2016-08-01,'603018,设计股份,28.37,29.4,28.01,29.19,29.46,-1.09,-3.6999,1.4537,1829727,51796893.0,5900960000.0,3570814731.9
2016-07-29,'603018,设计股份,29.46,30.22,29.31,30.0,29.98,-0.52,-1.7345,1.2554,1580100,46896777.0,6127680000.0,3708008530.2
2016-07-28,'603018,设计股份,29.98,30.39,29.54,29.68,30.0,-0.02,-0.0667,1.1579,1457370,43617786.0,6235840000.0,3773458782.6
2016-07-27,'603018,设计股份,30.0,31.99,29.28,31.6,31.51,-1.51,-4.7921,2.8033,3528431,109264781.0,6240000000.0,3775976100.0
2016-07-26,'603018,设计股份,31.51,31.54,31.19,31.19,31.2,0.31,0.9936,1.0926,1375177,43135705.0,6554080000.0,3966033563.7
2016-07-25,'603018,设计股份,31.2,31.58,31.0,31.3,31.17,0.03,0.0962,1.03,1296411,40475238.0,6489600000.0,3927015144.0
2016-07-22,'603018,设计股份,31.17,31.4,31.1,31.3,31.33,-0.16,-0.5107,1.104,1389528,43353792.0,6483360000.0,3923239167.9
2016-07-21,'603018,设计股份,31.33,31.58,31.14,31.21,31.3,0.03,0.0958,1.3029,1639959,51429231.0,6516640000.0,3943377707.1
2016-07-20,'603018,设计股份,31.3,31.68,31.12,31.42,31.42,-0.12,-0.3819,1.3534,1703431,53493252.0,6510400000.0,3939601731.0
2016-07-19,'603018,设计股份,31.42,31.78,31.02,31.39,31.64,-0.22,-0.6953,1.8504,2328973,72774261.0,6535360000.0,3954705635.4
2016-07-18,'603018,设计股份,31.64,32.0,31.41,31.65,31.36,0.28,0.8929,2.1066,2651482,84181965.0,6581120000.0,3982396126.8
2016-07-15,'603018,设计股份,31.36,31.72,31.2,31.34,31.42,-0.06,-0.191,1.3744,1729838,54324144.0,6522880000.0,3947153683.2
2016-07-14,'603018,设计股份,31.42,32.08,31.18,31.39,31.24,0.18,0.5762,2.2801,2869905,90691819.0,6535360000.0,3954705635.4
2016-07-13,'603018,设计股份,31.24,31.77,31.1,31.38,31.53,-0.29,-0.9198,2.678,3370638,105721432.0,6497920000.0,3932049778.8
2016-07-12,'603018,设计股份,31.53,31.66,30.81,30.93,30.94,0.59,1.9069,2.2734,2861465,89446537.0,6558240000.0,3968550881.1
2016-07-11,'603018,设计股份,30.94,31.63,30.91,31.31,31.44,-0.5,-1.5903,2.8138,3541588,110663502.0,6435520000.0,3894290017.8
2016-07-08,'603018,设计股份,31.44,32.48,31.08,32.42,32.03,-0.59,-1.842,3.7267,4690593,147952470.0,6539520000.0,3957222952.8
2016-07-07,'603018,设计股份,32.03,34.4,31.61,33.2,32.42,-0.39,-1.203,8.9018,11204280,369644655.0,6662240000.0,4031483816.1
2016-07-06,'603018,设计股份,32.42,32.42,29.36,29.46,29.47,2.95,10.0102,4.5786,5762838,181634568.0,6743360000.0,4080571505.4
2016-07-05,'603018,设计股份,29.47,29.82,29.37,29.58,29.27,0.2,0.6833,1.9285,2427296,71883662.0,6129760000.0,3709267188.9
2016-07-04,'603018,设计股份,29.27,29.43,28.54,28.69,28.68,0.59,2.0572,1.8623,2344028,68454238.0,6088160000.0,3684094014.9
2016-07-01,'603018,设计股份,28.68,29.1,28.62,28.81,28.86,-0.18,-0.6237,1.3919,1751985,50493718.0,5965440000.0,3609833151.6
2016-06-30,'603018,设计股份,28.86,29.2,28.8,29.0,28.9,-0.04,-0.1384,1.6354,2058355,59615921.0,6002880000.0,3632489008.2
2016-06-29,'603018,设计股份,28.9,29.08,28.5,28.77,28.87,0.03,0.1039,1.8412,2317498,66800477.0,6011200000.0,3637523643.0
2016-06-28,'603018,设计股份,28.87,28.93,28.08,28.19,28.21,0.66,2.3396,2.2517,2834101,81005472.0,6004960000.0,3633747666.9
2016-06-27,'603018,设计股份,28.21,28.24,27.29,27.57,27.54,0.67,2.4328,1.4065,1770346,49449584.0,5867680000.0,3550676192.7
2016-06-24,'603018,设计股份,27.54,28.47,26.8,28.31,28.33,-0.79,-2.7886,1.9073,2400621,66589807.0,5728320000.0,3466346059.8
2016-06-23,'603018,设计股份,28.33,29.06,27.73,27.95,27.97,0.36,1.2871,2.313,2911247,82945331.0,5892640000.0,3565780097.1
2016-06-22,'603018,设计股份,27.97,28.0,27.22,27.3,27.44,0.53,1.9315,1.4188,1785762,49452384.0,5817760000.0,3520468383.9
2016-06-21,'603018,设计股份,27.44,28.2,27.11,27.64,27.48,-0.04,-0.1456,1.5374,1935124,53736910.0,5707520000.0,3453759472.8
2016-06-20,'603018,设计股份,27.48,27.5,26.89,27.29,27.28,0.2,0.7331,1.1919,1500157,40914697.0,5715840000.0,3458794107.6
2016-06-17,'603018,设计股份,27.28,27.67,26.98,26.98,26.98,0.3,1.1119,1.3257,1668618,45581365.0,5674240000.0,3433620933.6
2016-06-16,'603018,设计股份,26.98,27.39,26.84,27.22,27.33,-0.35,-1.2806,1.1607,1460987,39533699.0,5611840000.0,3395861172.6
2016-06-15,'603018,设计股份,27.33,27.5,26.1,26.28,26.52,0.81,3.0543,1.3674,1721042,46641144.0,5684640000.0,3439914227.1
2016-06-14,'603018,设计股份,26.52,26.84,26.11,26.2,26.38,0.14,0.5307,0.9271,1166930,30820616.0,5516160000.0,3337962872.4
2016-06-13,'603018,设计股份,26.38,28.38,26.2,27.95,28.51,-2.13,-7.4711,1.8427,2319342,63832482.0,5487040000.0,3320341650.6
2016-06-08,'603018,设计股份,28.51,28.65,27.88,28.15,28.1,0.41,1.4591,1.7773,2236981,63508706.0,5930080000.0,3588435953.7
2016-06-07,'603018,设计股份,28.1,28.31,27.8,28.31,28.26,-0.16,-0.5662,1.0681,1344426,37643434.0,5844800000.0,3536830947.0
2016-06-06,'603018,设计股份,28.26,28.71,27.98,28.54,28.48,-0.22,-0.7725,1.3843,1742334,49275378.0,5878080000.0,3556969486.2
2016-06-03,'603018,设计股份,28.48,28.68,28.1,28.42,28.37,0.11,0.3877,1.7787,2238823,63770290.0,5923840000.0,3584659977.6
2016-06-02,'603018,设计股份,28.37,28.48,27.89,28.29,28.28,0.09,0.3182,1.6703,2102362,59282757.0,5900960000.0,3570814731.9
2016-06-01,'603018,设计股份,28.28,29.08,28.16,29.0,28.43,-0.15,-0.5276,2.5927,3263332,93060300.0,5882240000.0,3559486803.6
2016-05-31,'603018,设计股份,28.43,28.5,27.33,27.33,27.32,1.11,4.063,2.3574,2967134,83224350.0,5913440000.0,3578366684.1
2016-05-30,'603018,设计股份,27.32,27.58,26.63,26.86,27.04,0.28,1.0355,1.6126,2029710,55304844.0,5682560000.0,3438655568.4
2016-05-27,'603018,设计股份,27.04,27.19,26.35,26.43,26.57,0.47,1.7689,1.8702,2353899,63243405.0,5624320000.0,3403413124.8
2016-05-26,'603018,设计股份,26.57,26.59,25.81,26.05,26.51,0.06,0.2263,1.403,1765881,46155109.0,5526560000.0,3344256165.9
2016-05-25,'603018,设计股份,26.51,26.86,26.23,26.54,26.25,0.26,0.9905,1.2839,1615981,42917948.0,5514080000.0,3336704213.7
2016-05-24,'603018,设计股份,26.25,26.9,26.11,26.9,26.85,-0.6,-2.2346,1.1568,1455994,38450176.0,5460000000.0,3303979087.5
2016-05-23,'603018,设计股份,26.85,26.99,26.2,26.63,26.37,0.48,1.8203,1.3693,1723455,46086133.0,5584800000.0,3379498609.5
2016-05-20,'603018,设计股份,26.37,26.44,25.33,25.97,25.98,0.39,1.5012,1.1656,1467129,38122036.0,5484960000.0,3319082991.9
2016-05-19,'603018,设计股份,25.98,26.54,25.89,26.0,25.8,0.18,0.6977,1.2902,1623926,42499889.0,5403840000.0,3269995302.6
2016-05-18,'603018,设计股份,25.8,27.48,25.58,27.48,27.66,-1.86,-6.7245,2.6281,3307843,86907967.0,5366400000.0,3247339446.0
2016-05-17,'603018,设计股份,27.66,28.14,27.4,27.73,27.72,-0.06,-0.2165,1.4695,1849645,51316265.0,5753280000.0,3481449964.2
2016-05-16,'603018,设计股份,27.72,27.8,27.0,27.35,27.55,0.17,0.6171,1.318,1658918,45625396.0,5765760000.0,3489001916.4
2016-05-13,'603018,设计股份,27.55,28.29,27.03,27.31,27.49,0.06,0.2183,2.011,2531133,70225211.0,5730400000.0,3467604718.5
2016-05-12,'603018,设计股份,27.49,28.48,26.84,28.0,29.82,-2.33,-7.8135,3.6539,4598955,125977413.0,5717920000.0,3460052766.3
2016-05-11,'603018,DR设计股,29.82,32.68,29.8,31.81,31.7,-1.88,-5.9306,1.6739,2106906,64726422.0,6202560000.0,3753320243.4
2016-05-10,'603018,设计股份,63.9,64.74,63.5,64.15,64.38,-0.48,-0.7456,2.1817,1373037,87969829.0,6645600000.0,4021414546.5
2016-05-09,'603018,设计股份,64.38,66.2,63.0,65.83,66.0,-1.62,-2.4545,3.092,1945858,125179609.0,6695520000.0,4051622355.3
2016-05-06,'603018,设计股份,66.0,69.88,65.21,68.4,68.15,-2.15,-3.1548,5.2192,3284613,221464987.0,6864000000.0,4153573710.0
2016-05-05,'603018,设计股份,68.15,68.17,63.59,63.9,64.49,3.66,5.6753,5.3412,3361352,223243951.0,7087600000.0,4288879520.25
2016-05-04,'603018,设计股份,64.49,66.37,63.02,63.95,62.27,2.22,3.5651,3.8372,2414888,156696545.0,6706960000.0,4058544978.15
2016-05-03,'603018,设计股份,62.27,62.3,60.06,60.15,60.65,1.62,2.6711,1.6733,1053064,64969464.0,6476080000.0,3918833862.45
2016-04-29,'603018,设计股份,60.65,61.11,59.61,60.08,59.98,0.67,1.117,1.2461,784192,47453483.0,6307600000.0,3816882507.75
2016-04-28,'603018,设计股份,59.98,60.59,59.01,60.46,60.02,-0.04,-0.0666,0.9674,608824,36411844.0,6237920000.0,3774717441.3
2016-04-27,'603018,设计股份,60.02,60.86,59.92,60.3,60.31,-0.29,-0.4808,1.2053,758509,45839495.0,6242080000.0,3777234758.7
2016-04-26,'603018,设计股份,60.31,60.35,59.06,59.57,59.79,0.52,0.8697,1.0596,666829,39773342.0,6272240000.0,3795485309.85
2016-04-25,'603018,设计股份,59.79,60.58,58.66,60.58,60.27,-0.48,-0.7964,0.8311,523008,31044167.0,6218160000.0,3762760183.65
2016-04-22,'603018,设计股份,60.27,60.49,58.84,58.84,58.99,1.28,2.1699,0.9139,575145,34378255.0,6268080000.0,3792967992.45
2016-04-21,'603018,设计股份,58.99,60.39,58.85,59.44,59.55,-0.56,-0.9404,1.2045,757999,45252178.0,6134960000.0,3712413835.65
2016-04-20,'603018,设计股份,59.55,64.55,58.2,64.55,64.21,-4.66,-7.2574,3.2825,2065755,125305605.0,6193200000.0,3747656279.25
2016-04-19,'603018,设计股份,64.21,65.25,63.0,64.75,64.15,0.06,0.0935,1.2989,817450,52389542.0,6677840000.0,4040923756.35
2016-04-18,'603018,设计股份,64.15,65.99,63.7,65.99,66.4,-2.25,-3.3886,1.7169,1080490,69656260.0,6671600000.0,4037147780.25
2016-04-15,'603018,设计股份,66.4,66.68,65.0,65.04,64.94,1.46,2.2482,2.5836,1625944,107656052.0,6905600000.0,4178746884.0
2016-04-14,'603018,设计股份,64.94,65.13,64.0,64.8,64.32,0.62,0.9639,1.857,1168637,75508646.0,6753760000.0,4086864798.9
2016-04-13,'603018,设计股份,64.32,65.51,64.0,64.37,63.79,0.53,0.8309,2.1523,1354531,87799602.0,6689280000.0,4047846379.2
2016-04-12,'603018,设计股份,63.79,65.17,62.72,64.5,64.64,-0.85,-1.315,1.9795,1245786,79535740.0,6634160000.0,4014491923.65
2016-04-11,'603018,设计股份,64.64,65.19,62.99,63.07,62.66,1.98,3.1599,1.8638,1172945,75551946.0,6722560000.0,4067984918.4
2016-04-08,'603018,设计股份,62.66,64.48,61.9,63.5,64.59,-1.93,-2.9881,2.4215,1523946,96046912.0,6516640000.0,3943377707.1
2016-04-07,'603018,设计股份,64.59,67.43,64.55,65.0,64.72,-0.13,-0.2009,4.1028,2582004,170617522.0,6717360000.0,4064838271.65
2016-04-06,'603018,设计股份,64.72,64.79,62.7,63.32,63.41,1.31,2.0659,2.5152,1582907,101134227.0,6730880000.0,4073019553.2
2016-04-05,'603018,设计股份,63.41,63.71,61.2,62.0,62.11,1.3,2.0931,2.6792,1686130,105822969.0,6594640000.0,3990577408.35
2016-04-01,'603018,设计股份,62.11,62.6,60.5,62.0,62.23,-0.12,-0.1928,2.2953,1444529,89093657.0,6459440000.0,3908764592.85
2016-03-31,'603018,设计股份,62.23,62.9,60.79,61.6,61.17,1.06,1.7329,3.1899,2007473,123779842.0,6471920000.0,3916316545.05
2016-03-30,'603018,设计股份,61.17,61.3,59.12,59.53,58.8,2.37,4.0306,3.1579,1987369,119527132.0,6361680000.0,3849607633.95
2016-03-29,'603018,设计股份,58.8,64.29,58.6,64.29,64.83,-6.03,-9.3012,5.0656,3187948,192933238.0,6115200000.0,3700456578.0
2016-03-28,'603018,设计股份,64.83,67.69,64.0,65.1,63.67,1.16,1.8219,4.8742,3067453,200740107.0,6742320000.0,4079942176.05
2016-03-25,'603018,设计股份,63.67,63.99,61.9,62.31,62.99,0.68,1.0795,3.0601,1925783,121296876.0,6621680000.0,4006939971.45
2016-03-24,'603018,设计股份,62.99,64.28,59.6,59.84,60.5,2.49,4.1157,4.1568,2615992,164542789.0,6550960000.0,3964145575.65
2016-03-23,'603018,设计股份,60.5,60.5,58.2,59.16,59.16,1.34,2.265,2.3376,1471119,88091507.0,6292000000.0,3807442567.5
2016-03-22,'603018,设计股份,59.16,60.5,57.5,57.9,58.53,0.63,1.0764,2.6869,1690941,100543406.0,6152640000.0,3723112434.6
2016-03-21,'603018,设计股份,58.53,58.79,57.3,58.04,57.01,1.52,2.6662,2.4868,1565016,90914073.0,6087120000.0,3683464685.55
2016-03-18,'603018,设计股份,57.01,57.55,54.69,54.99,54.89,2.12,3.8623,2.7608,1737482,97989712.0,5929040000.0,3587806624.35
2016-03-17,'603018,设计股份,54.89,54.96,53.17,53.21,53.36,1.53,2.8673,2.3156,1457284,79180861.0,5708560000.0,3454388802.15
2016-03-16,'603018,设计股份,53.36,54.13,52.4,53.55,53.55,-0.19,-0.3548,0.9162,576607,30689202.0,5549440000.0,3358101411.6
2016-03-15,'603018,设计股份,53.55,54.33,53.01,53.87,54.24,-0.69,-1.2721,1.155,726887,38966348.0,5569200000.0,3370058669.25
2016-03-14,'603018,设计股份,54.24,54.72,52.86,52.91,52.27,1.97,3.7689,1.8315,1152600,62480744.0,5640960000.0,3413482394.4
2016-03-11,'603018,设计股份,52.27,52.39,51.01,51.5,52.07,0.2,0.3841,0.589,370650,19169436.0,5436080000.0,3289504512.45
2016-03-10,'603018,设计股份,52.07,52.89,51.78,52.0,52.19,-0.12,-0.2299,0.8832,555811,29089911.0,5415280000.0,3276917925.45
2016-03-09,'603018,设计股份,52.19,52.6,51.6,52.3,53.23,-1.04,-1.9538,0.7974,501850,26187203.0,5427760000.0,3284469877.65
2016-03-08,'603018,设计股份,53.23,53.48,50.6,53.18,53.45,-0.22,-0.4116,1.1951,752098,39118976.0,5535920000.0,3349920130.05
2016-03-07,'603018,设计股份,53.45,54.01,52.12,52.12,51.99,1.46,2.8082,1.2081,760293,40600549.0,5558800000.0,3363765375.75
2016-03-04,'603018,设计股份,51.99,54.16,51.11,53.77,53.84,-1.85,-3.4361,1.4226,895266,47013512.0,5406960000.0,3271883290.65
2016-03-03,'603018,设计股份,53.84,55.46,53.75,53.98,54.21,-0.37,-0.6825,1.8266,1149563,62784069.0,5599360000.0,3388309220.4
2016-03-02,'603018,设计股份,54.21,54.39,51.08,52.15,52.08,2.13,4.0899,1.9288,1213839,64601578.0,5637840000.0,3411594406.35
2016-03-01,'603018,设计股份,52.08,52.5,50.25,51.37,51.37,0.71,1.3821,1.5334,965021,49800053.0,5416320000.0,3277547254.8
2016-02-29,'603018,设计股份,51.37,54.78,50.61,54.78,55.04,-3.67,-6.6679,1.7784,1119220,57893348.0,5342480000.0,3232864870.95
2016-02-26,'603018,设计股份,55.04,55.87,53.57,54.58,54.43,0.61,1.1207,1.391,875383,48047943.0,5724160000.0,3463828742.4
2016-02-25,'603018,设计股份,54.43,60.28,54.43,60.28,60.48,-6.05,-10.0033,2.2966,1445328,81910835.0,5660720000.0,3425439652.05
2016-02-24,'603018,设计股份,60.48,61.85,58.98,61.08,61.55,-1.07,-1.7384,1.7553,1104688,66446253.0,6289920000.0,3806183908.8
2016-02-23,'603018,设计股份,61.55,61.99,60.46,60.98,60.99,0.56,0.9182,1.8106,1139462,69822117.0,6401200000.0,3873522149.25
2016-02-22,'603018,设计股份,60.99,61.5,60.51,60.97,59.98,1.01,1.6839,1.7999,1132729,68983653.0,6342960000.0,3838279705.65
2016-02-19,'603018,设计股份,59.98,60.5,59.48,59.48,59.83,0.15,0.2507,1.2255,771224,46190017.0,6237920000.0,3774717441.3
2016-02-18,'603018,设计股份,59.83,60.99,59.59,60.75,60.68,-0.85,-1.4008,2.1611,1360038,82011019.0,6222320000.0,3765277501.05
2016-02-17,'603018,设计股份,60.68,61.0,57.77,58.1,58.34,2.34,4.011,2.4571,1546328,91758210.0,6310720000.0,3818770495.8
2016-02-16,'603018,设计股份,58.34,58.45,56.3,56.31,55.83,2.51,4.4958,1.99,1252347,72289741.0,6067360000.0,3671507427.9
2016-02-15,'603018,设计股份,55.83,56.18,54.66,55.08,56.9,-1.07,-1.8805,1.0183,640859,35416560.0,5806320000.0,3513545761.05
2016-02-05,'603018,设计股份,56.9,56.99,56.5,56.71,56.7,0.2,0.3527,1.6092,1012710,57456046.0,5917600000.0,3580884001.5
2016-02-04,'603018,设计股份,56.7,57.28,55.68,55.68,55.55,1.15,2.0702,2.1475,1351463,76653916.0,5896800000.0,3568297414.5
2016-02-03,'603018,设计股份,55.55,55.85,54.12,54.96,55.67,-0.12,-0.2156,1.1688,735587,40327216.0,5777200000.0,3495924539.25
2016-02-02,'603018,设计股份,55.67,55.95,53.58,54.0,53.62,2.05,3.8232,1.609,1012608,56036677.0,5789680000.0,3503476491.45
2016-02-01,'603018,设计股份,53.62,55.11,53.1,54.56,54.82,-1.2,-2.189,1.2874,810209,43825756.0,5576480000.0,3374463974.7
2016-01-29,'603018,设计股份,54.82,55.49,52.06,53.0,52.73,2.09,3.9636,1.6931,1065490,57566193.0,5701280000.0,3449983496.7
2016-01-28,'603018,设计股份,52.73,55.86,52.64,55.0,55.85,-3.12,-5.5864,1.1655,733464,39834293.0,5483920000.0,3318453662.55
2016-01-27,'603018,设计股份,55.85,57.77,53.33,56.0,55.89,-0.04,-0.0716,1.534,965374,52962522.0,5808400000.0,3514804419.75
2016-01-26,'603018,设计股份,55.89,60.8,55.4,60.5,61.24,-5.35,-8.7361,2.1923,1379684,80315108.0,5812560000.0,3517321737.15
2016-01-25,'603018,设计股份,61.24,61.72,60.39,61.03,60.73,0.51,0.8398,1.3093,823955,50362426.0,6368960000.0,3854012939.4
2016-01-22,'603018,设计股份,60.73,61.0,58.56,60.38,59.49,1.24,2.0844,1.6556,1041936,62456786.0,6315920000.0,3821917142.55
2016-01-21,'603018,设计股份,59.49,63.3,59.41,62.48,62.94,-3.45,-5.4814,2.5939,1632416,100169871.0,6186960000.0,3743880303.15
2016-01-20,'603018,设计股份,62.94,64.6,62.62,63.09,63.54,-0.6,-0.9443,1.7625,1109180,70427300.0,6545760000.0,3960998928.9
2016-01-19,'603018,设计股份,63.54,64.17,61.11,61.11,61.78,1.76,2.8488,2.212,1392063,87310365.0,6608160000.0,3998758689.9
2016-01-18,'603018,设计股份,61.78,62.48,58.04,58.97,60.1,1.68,2.7953,1.5072,948512,57959483.0,6425120000.0,3887996724.3
2016-01-15,'603018,设计股份,60.1,62.08,59.6,60.57,61.01,-0.91,-1.4916,1.9237,1210649,73835629.0,6250400000.0,3782269393.5
2016-01-14,'603018,设计股份,61.01,61.5,57.0,57.01,58.61,2.4,4.0949,1.7283,1087677,64901262.0,6345040000.0,3839538364.35
2016-01-13,'603018,设计股份,58.61,62.94,58.01,62.94,61.65,-3.04,-4.9311,1.6387,1031306,62992184.0,6095440000.0,3688499320.35
2016-01-12,'603018,设计股份,61.65,62.75,58.51,61.15,61.02,0.63,1.0324,1.737,1093134,67330195.0,6411600000.0,3879815442.75
2016-01-11,'603018,设计股份,61.02,65.5,60.9,64.0,65.26,-4.24,-6.4971,2.4972,1571585,99416012.0,6346080000.0,3840167693.7
2016-01-08,'603018,设计股份,65.26,66.65,61.33,65.98,63.97,1.29,2.0166,2.8738,1808540,117588873.0,6787040000.0,4107003338.1
2016-01-07,'603018,设计股份,63.97,69.15,63.88,69.0,70.89,-6.92,-9.7616,0.6443,405460,26731827.0,6652880000.0,4025819851.95
2016-01-06,'603018,设计股份,70.89,71.43,68.6,69.92,69.81,1.08,1.5471,2.036,1281318,89840975.0,7372560000.0,4461315762.15
2016-01-05,'603018,设计股份,69.81,71.43,66.6,67.0,69.37,0.44,0.6343,2.5046,1576223,108683610.0,7260240000.0,4393348192.35
2016-01-04,'603018,设计股份,69.37,76.9,69.23,76.64,76.86,-7.49,-9.745,2.0502,1290252,94977387.0,7214480000.0,4365657700.95
2015-12-31,'603018,设计股份,76.86,80.48,76.67,80.11,79.79,-2.93,-3.6721,2.2362,1407336,109865349.0,7993440000.0,4837025384.1
2015-12-30,'603018,设计股份,79.79,80.8,79.0,80.8,80.09,-0.3,-0.3746,1.621,1020171,81440141.0,8298160000.0,5021418883.65
2015-12-29,'603018,设计股份,80.09,80.52,78.55,78.55,79.93,0.16,0.2002,2.3208,1460561,115911267.0,8329360000.0,5040298764.15
2015-12-28,'603018,设计股份,79.93,85.42,79.88,84.99,85.56,-5.63,-6.5802,4.797,3018907,248690604.0,8312720000.0,5030229494.55
2015-12-25,'603018,设计股份,85.56,85.67,83.54,85.05,85.2,0.36,0.4225,3.3007,2077218,175597972.0,8898240000.0,5384541918.6
2015-12-24,'603018,设计股份,85.2,86.88,82.42,82.42,82.48,2.72,3.2978,4.6889,2950877,250012442.0,8860800000.0,5361886062.0
2015-12-23,'603018,设计股份,82.48,84.16,81.5,83.52,83.38,-0.9,-1.0794,3.1798,2001137,164717273.0,8577920000.0,5190708478.8
2015-12-22,'603018,设计股份,83.38,83.88,81.1,81.1,80.88,2.5,3.091,3.8975,2452826,203332478.0,8671520000.0,5247348120.3
2015-12-21,'603018,设计股份,80.88,82.68,79.99,79.99,80.78,0.1,0.1238,2.7378,1722975,140540943.0,8411520000.0,5090015782.8
2015-12-18,'603018,设计股份,80.78,83.1,80.08,80.6,80.77,0.01,0.0124,3.6669,2307689,188398495.0,8401120000.0,5083722489.3
2015-12-17,'603018,设计股份,80.77,80.8,78.79,79.67,78.37,2.4,3.0624,3.913,2462540,197009318.0,8400080000.0,5083093159.95
2015-12-16,'603018,设计股份,78.37,79.88,76.95,76.96,76.88,1.49,1.9381,2.7344,1720840,135792638.0,8150480000.0,4932054115.95
2015-12-15,'603018,设计股份,76.88,78.0,76.02,77.02,76.99,-0.11,-0.1429,1.5137,952610,73644625.0,7995520000.0,4838284042.8
2015-12-14,'603018,设计股份,76.99,77.0,74.2,74.2,75.62,1.37,1.8117,1.4932,939696,71487333.0,8006960000.0,4845206665.65
2015-12-11,'603018,设计股份,75.62,77.12,75.52,77.12,77.13,-1.51,-1.9577,1.8019,1133979,86438754.0,7864480000.0,4758988544.7
2015-12-10,'603018,设计股份,77.13,77.79,76.0,77.51,77.15,-0.02,-0.0259,2.5694,1616982,124178137.0,8021520000.0,4854017276.55
2015-12-09,'603018,设计股份,77.15,80.88,76.76,79.8,80.41,-3.26,-4.0542,3.5367,2225731,173830897.0,8023600000.0,4855275935.25
2015-12-08,'603018,设计股份,80.41,82.0,78.86,79.6,79.69,0.72,0.9035,3.6348,2287488,184247519.0,8362640000.0,5060437303.35
2015-12-07,'603018,设计股份,79.69,81.29,78.9,81.0,80.82,-1.13,-1.3982,2.2949,1444232,115302881.0,8287760000.0,5015125590.15
2015-12-04,'603018,设计股份,80.82,82.25,79.0,80.01,80.37,0.45,0.5599,3.5337,2223885,179303814.0,8405280000.0,5086239806.7
2015-12-03,'603018,设计股份,80.37,80.5,77.65,77.9,77.58,2.79,3.5963,3.0647,1928689,152625979.0,8358480000.0,5057919985.95
2015-12-02,'603018,设计股份,77.58,80.27,74.5,80.27,80.72,-3.14,-3.89,3.5353,2224838,171842362.0,8068320000.0,4882337097.3
2015-12-01,'603018,设计股份,80.72,85.49,78.7,82.75,82.88,-2.16,-2.6062,5.473,3444299,284704645.0,8394880000.0,5079946513.2
2015-11-30,'603018,设计股份,82.88,83.77,75.95,78.05,77.5,5.38,6.9419,5.4123,3406090,271165270.0,8619520000.0,5215881652.8
2015-11-27,'603018,设计股份,77.5,82.49,75.7,79.5,80.81,-3.31,-4.096,4.6614,2933582,232343974.0,8060000000.0,4877302462.5
2015-11-26,'603018,设计股份,80.81,84.96,80.4,82.41,82.74,-1.93,-2.3326,4.7182,2969278,246019149.0,8404240000.0,5085610477.35
2015-11-25,'603018,设计股份,82.74,83.28,80.67,82.08,83.31,-0.57,-0.6842,5.2355,3294885,270533663.0,8604960000.0,5207071041.9
2015-11-24,'603018,设计股份,83.31,83.67,75.99,75.99,76.06,7.25,9.5319,7.2492,4562121,371589771.0,8664240000.0,5242942814.85
2015-11-23,'603018,设计股份,76.06,78.88,75.69,78.3,77.53,-1.47,-1.896,2.9724,1870624,144607710.0,7910240000.0,4786679036.1
2015-11-20,'603018,设计股份,77.53,78.87,74.32,74.75,74.46,3.07,4.123,3.2921,2071842,158876847.0,8063120000.0,4879190450.55
2015-11-19,'603018,设计股份,74.46,74.65,71.8,72.0,71.65,2.81,3.9218,2.359,1484613,108378756.0,7743840000.0,4685986340.1
2015-11-18,'603018,设计股份,71.65,75.57,71.06,74.45,74.68,-3.03,-4.0573,3.2073,2018423,147872053.0,7451600000.0,4509144792.75
2015-11-17,'603018,设计股份,74.68,79.2,74.5,77.49,76.52,-1.84,-2.4046,3.1873,2005834,153995621.0,7766720000.0,4699831585.8
2015-11-16,'603018,设计股份,76.52,76.6,73.12,73.12,74.61,1.91,2.56,3.1083,1956153,147950834.0,7958080000.0,4815628186.2
2015-11-13,'603018,设计股份,74.61,80.46,74.01,80.0,81.98,-7.37,-8.99,6.0026,3777593,290459566.0,7759440000.0,4695426280.35
2015-11-12,'603018,设计股份,81.98,84.98,79.1,79.1,78.98,3.0,3.7984,6.2323,3922169,322444345.0,8525920000.0,5159242011.3
2015-11-11,'603018,设计股份,78.98,79.0,74.0,75.05,75.06,3.92,5.2225,5.0035,3148870,244677888.0,8213920000.0,4970443206.3
2015-11-10,'603018,设计股份,75.06,76.3,73.03,75.3,76.32,-1.26,-1.6509,4.0899,2573890,192637341.0,7806240000.0,4723746101.1
2015-11-09,'603018,设计股份,76.32,78.0,73.88,73.99,74.42,1.9,2.5531,5.7599,3624891,276311755.0,7937280000.0,4803041599.2
2015-11-06,'603018,设计股份,74.42,75.46,68.25,68.25,68.77,5.65,8.2158,5.5591,3498478,253417546.0,7739680000.0,4683469022.7
2015-11-05,'603018,设计股份,68.77,72.0,67.98,69.6,69.98,-1.21,-1.7291,4.6095,2900894,201900044.0,7152080000.0,4327897939.95
2015-11-04,'603018,设计股份,69.98,70.6,68.0,68.8,68.97,1.01,1.4644,4.2508,2675168,185965919.0,7277920000.0,4404046791.3
2015-11-03,'603018,设计股份,68.97,69.88,64.81,66.08,65.94,3.03,4.5951,4.9649,3124550,211038343.0,7172880000.0,4340484526.95
2015-11-02,'603018,设计股份,65.94,67.99,61.3,61.55,62.64,3.3,5.2682,5.3231,3349971,220371497.0,6857760000.0,4149797733.9
2015-10-30,'603018,设计股份,62.64,63.46,61.52,63.05,63.04,-0.4,-0.6345,1.8424,1159474,72544418.0,6514560000.0,3942119048.4
2015-10-29,'603018,设计股份,63.04,63.9,62.08,62.08,61.8,1.24,2.0065,2.3671,1489664,94103436.0,6556160000.0,3967292222.4
2015-10-28,'603018,设计股份,61.8,63.1,61.5,61.7,62.45,-0.65,-1.0408,2.3222,1461455,91053359.0,6427200000.0,3889255383.0
2015-10-27,'603018,设计股份,62.45,63.26,59.6,61.51,63.11,-0.66,-1.0458,3.0457,1916752,117146229.0,6494800000.0,3930161790.75
2015-10-26,'603018,设计股份,63.11,64.82,61.75,62.8,61.46,1.65,2.6847,3.3247,2092324,132888748.0,6563440000.0,3971697527.85
2015-10-23,'603018,设计股份,61.46,61.74,60.06,60.32,60.32,1.14,1.8899,2.1931,1380198,83948839.0,6391840000.0,3867858185.1
2015-10-22,'603018,设计股份,60.32,60.54,58.59,58.67,58.61,1.71,2.9176,2.2944,1443933,85755960.0,6273280000.0,3796114639.2
2015-10-21,'603018,设计股份,58.61,63.7,58.03,63.2,63.07,-4.46,-7.0715,3.0295,1906536,116697385.0,6095440000.0,3688499320.35
2015-10-20,'603018,设计股份,63.07,63.36,62.31,62.5,62.31,0.76,1.2197,1.972,1241056,78107771.0,6559280000.0,3969180210.45
2015-10-19,'603018,设计股份,62.31,64.0,62.02,63.51,63.7,-1.39,-2.1821,2.0993,1321163,82995153.0,6480240000.0,3921351179.85
2015-10-16,'603018,设计股份,63.7,64.8,63.0,64.0,63.77,-0.07,-0.1098,1.8059,1136498,72455558.0,6624800000.0,4008827959.5
2015-10-15,'603018,设计股份,63.77,64.3,61.03,61.03,62.37,1.4,2.2447,2.577,1621784,102143196.0,6632080000.0,4013233264.95
2015-10-14,'603018,设计股份,62.37,65.0,59.62,60.01,61.69,0.68,1.1023,4.4189,2780920,173423689.0,6486480000.0,3925127155.95
2015-10-13,'603018,设计股份,61.69,63.1,59.6,60.0,60.96,0.73,1.1975,4.567,1187420,72465897.0,6415760000.0,1603940000.0
2015-10-12,'603018,设计股份,60.96,61.16,56.87,56.88,56.69,4.27,7.5322,6.4857,1686276,100360766.0,6339840000.0,1584960000.0
2015-10-09,'603018,设计股份,56.69,57.3,55.62,56.88,56.7,-0.01,-0.0176,3.6777,956210,53943669.0,5895760000.0,1473940000.0
2015-10-08,'603018,设计股份,56.7,57.45,55.51,55.51,54.13,2.57,4.7478,3.9409,1024628,57862485.0,5896800000.0,1474200000.0
2015-09-30,'603018,设计股份,54.13,55.13,53.53,54.7,54.62,-0.49,-0.8971,1.9671,511441,27695054.0,5629520000.0,1407380000.0
2015-09-29,'603018,设计股份,54.62,54.9,53.9,54.01,55.4,-0.78,-1.4079,1.8624,484220,26358429.0,5680480000.0,1420120000.0
2015-09-28,'603018,设计股份,55.4,55.49,52.63,53.51,53.55,1.85,3.4547,2.4537,637964,34653925.0,5761600000.0,1440400000.0
2015-09-25,'603018,设计股份,53.55,56.99,53.0,56.2,56.67,-3.12,-5.5056,3.4094,886432,48434113.0,5569200000.0,1392300000.0
2015-09-24,'603018,设计股份,56.67,57.43,55.53,55.55,55.7,0.97,1.7415,3.442,894907,50619444.0,5893680000.0,1473420000.0
2015-09-23,'603018,设计股份,55.7,56.33,54.82,55.88,56.63,-0.93,-1.6422,3.3965,883101,49108859.0,5792800000.0,1448200000.0
2015-09-22,'603018,设计股份,56.63,57.5,55.31,56.11,55.99,0.64,1.1431,4.51,1172588,66260359.0,5889520000.0,1472380000.0
2015-09-21,'603018,设计股份,55.99,56.0,52.2,53.0,53.47,2.52,4.7129,4.0086,1042246,57242025.0,5822960000.0,1455740000.0
2015-09-18,'603018,设计股份,53.47,53.89,52.6,53.1,52.87,0.6,1.1349,2.6435,687312,36543250.0,5560880000.0,1390220000.0
2015-09-17,'603018,设计股份,52.87,55.7,52.7,54.29,54.25,-1.38,-2.5438,4.9205,1279337,69492698.0,5498480000.0,1374620000.0
2015-09-16,'603018,设计股份,54.25,54.73,50.01,50.88,49.75,4.5,9.0452,4.3864,1140451,59681320.0,5642000000.0,1410500000.0
2015-09-15,'603018,设计股份,49.75,53.45,49.55,51.23,54.06,-4.31,-7.9726,4.5743,1189311,60750364.0,5174000000.0,1293500000.0
2015-09-14,'603018,设计股份,54.06,60.6,54.06,60.1,60.07,-6.01,-10.005,4.8918,1271859,71425101.0,5622240000.0,1405560000.0
2015-09-11,'603018,设计股份,60.07,60.62,58.61,58.81,59.64,0.43,0.721,2.9843,775930,46192939.0,6247280000.0,1561820000.0
2015-09-10,'603018,设计股份,59.64,61.89,58.0,59.97,60.43,-0.79,-1.3073,5.6421,1466956,88587826.0,6202560000.0,1550640000.0
2015-09-09,'603018,设计股份,60.43,62.2,57.98,58.8,58.37,2.06,3.5292,7.8626,2044287,123491743.0,6284720000.0,1571180000.0
2015-09-08,'603018,设计股份,58.37,58.39,53.38,53.9,54.66,3.71,6.7874,5.6332,1464624,82418708.0,6070480000.0,1517620000.0
2015-09-07,'603018,设计股份,54.66,57.5,53.0,53.0,53.16,1.5,2.8217,5.3843,1399928,77600609.0,5684640000.0,1421160000.0
2015-09-02,'603018,设计股份,53.16,58.98,52.1,52.8,57.47,-4.31,-7.4996,6.2727,1630906,89964379.0,5528640000.0,1382160000.0
2015-09-01,'603018,设计股份,57.47,62.3,57.47,60.01,63.85,-6.38,-9.9922,6.5644,1706752,100082235.0,5976880000.0,1494220000.0
2015-08-31,'603018,设计股份,63.85,69.9,63.85,68.8,70.94,-7.09,-9.9944,7.8288,2035477,135045197.0,6640400000.0,1660100000.0
2015-08-28,'603018,设计股份,70.94,71.0,65.64,66.02,65.38,5.56,8.5041,9.544,2481451,167640260.0,7377760000.0,1844440000.0
2015-08-27,'603018,设计股份,65.38,66.85,60.0,64.48,62.32,3.06,4.9101,7.7473,2014292,128089088.0,6799520000.0,1699880000.0
2015-08-26,'603018,设计股份,62.32,69.99,60.02,65.5,65.42,-3.1,-4.7386,10.7955,2806827,183668937.0,6481280000.0,1620320000.0
2015-08-25,'603018,设计股份,65.42,69.05,65.42,65.5,72.69,-7.27,-10.0014,8.8119,2291101,151799073.0,6803680000.0,1700920000.0
2015-08-24,'603018,设计股份,72.69,77.95,72.69,74.46,80.77,-8.08,-10.0037,7.8457,2039890,150468302.0,7559760000.0,1889940000.0
2015-08-21,'603018,设计股份,80.77,85.5,75.01,80.86,78.59,2.18,2.7739,9.7596,2537495,205931917.0,8400080000.0,2100020000.0
2015-08-20,'603018,设计股份,78.59,82.9,77.64,82.26,83.86,-5.27,-6.2843,6.4869,1686586,134883175.0,8173360000.0,2043340000.0
2015-08-19,'603018,设计股份,83.86,84.8,75.02,76.5,77.95,5.91,7.5818,10.328,2685276,214458538.0,8721440000.0,2180360000.0
2015-08-18,'603018,设计股份,77.95,89.97,77.82,86.6,86.47,-8.52,-9.8531,10.6865,2778485,231049996.0,8106800000.0,2026700000.0
2015-08-17,'603018,设计股份,86.47,90.02,86.2,89.0,91.51,-5.04,-5.5076,8.5424,2221034,194713481.0,8992880000.0,2248220000.0
2015-08-14,'603018,设计股份,91.51,95.45,90.3,93.88,94.51,-3.0,-3.1743,8.1766,2125917,196175805.0,9517040000.0,2379260000.0
2015-08-13,'603018,设计股份,94.51,95.68,87.01,88.7,88.91,5.6,6.2985,11.1956,2910859,267361636.0,9829040000.0,2457260000.0
2015-08-12,'603018,设计股份,88.91,94.0,88.0,91.01,94.46,-5.55,-5.8755,11.6437,3027366,275052736.0,9246640000.0,2311660000.0
2015-08-11,'603018,设计股份,94.46,99.0,88.47,89.89,90.24,4.22,4.6764,16.3577,4253000,404656714.0,9823840000.0,2455960000.0
2015-08-10,'603018,设计股份,90.24,94.0,88.1,91.26,86.02,4.22,4.9058,19.6605,5111736,465646381.0,9384960000.0,2346240000.0
2015-08-07,'603018,设计股份,86.02,86.02,77.9,77.9,78.2,7.82,10.0,8.615,2239893,188796330.0,8946080000.0,2236520000.0
2015-08-06,'603018,设计股份,78.2,83.0,75.7,80.8,83.69,-5.49,-6.5599,17.1964,4471055,353803112.0,8132800000.0,2033200000.0
2015-08-05,'603018,设计股份,83.69,83.69,78.6,78.6,76.08,7.61,10.0026,20.7331,5390594,447685104.0,8703760000.0,2175940000.0
2015-08-04,'603018,设计股份,76.08,76.08,70.14,70.14,69.16,6.92,10.0058,8.4379,2193853,161946325.0,7912320000.0,1978080000.0
2015-08-03,'603018,设计股份,69.16,72.9,67.6,70.8,72.86,-3.7,-5.0782,9.4148,2447850,170809724.0,7192640000.0,1798160000.0
2015-07-31,'603018,设计股份,72.86,79.8,72.86,77.8,80.96,-8.1,-10.0049,15.4964,4029064,307456781.0,7577440000.0,1894360000.0
2015-07-30,'603018,设计股份,80.96,81.83,78.02,79.9,74.39,6.57,8.8318,18.4032,4784823,388206017.0,8419840000.0,2104960000.0
2015-07-29,'603018,设计股份,74.39,74.39,74.39,74.39,67.63,6.76,9.9956,3.6923,959990,71413656.0,7736560000.0,1934140000.0
2015-07-28,'603018,设计股份,67.63,69.68,60.0,62.85,66.05,1.58,2.3921,10.2731,2671004,176410524.0,7033520000.0,1758380000.0
2015-07-27,'603018,设计股份,66.05,75.5,66.05,71.65,73.39,-7.34,-10.0014,10.9172,2838459,201169774.0,6869200000.0,1717300000.0
2015-07-24,'603018,设计股份,73.39,80.13,72.66,75.85,76.25,-2.86,-3.7508,9.866,2565153,195992605.0,7632560000.0,1908140000.0
2015-07-23,'603018,设计股份,76.25,78.5,70.76,71.2,71.39,4.86,6.8077,11.2053,2913389,218191646.0,7930000000.0,1982500000.0
2015-07-22,'603018,设计股份,71.39,71.98,67.59,68.0,67.8,3.59,5.295,10.5293,2737612,190920425.0,7424560000.0,1856140000.0
2015-07-21,'603018,设计股份,67.8,68.4,65.08,66.15,67.02,0.78,1.1638,5.9142,1537700,103216802.0,7051200000.0,1762800000.0
2015-07-20,'603018,设计股份,67.02,69.9,66.0,66.7,67.48,-0.46,-0.6817,8.2499,2144985,145345946.0,6970080000.0,1742520000.0
2015-07-17,'603018,设计股份,67.48,67.99,64.5,65.28,64.41,3.07,4.7663,11.4928,2988137,198915744.0,7017920000.0,1754480000.0
2015-07-16,'603018,设计股份,64.41,69.99,62.11,65.79,67.99,-3.58,-5.2655,9.5765,2489900,165198238.0,6698640000.0,1674660000.0
2015-07-15,'603018,设计股份,67.99,71.6,64.88,67.5,70.02,-2.03,-2.8992,18.5843,4831925,326586921.0,7070960000.0,1767740000.0
2015-07-14,'603018,设计股份,70.02,72.35,65.02,65.05,68.44,1.58,2.3086,28.6479,7448441,513415558.0,7282080000.0,1820520000.0
2015-07-13,'603018,设计股份,68.44,68.99,63.01,64.0,63.17,5.27,8.3426,26.1044,6787133,447957632.0,7117760000.0,1779440000.0
2015-07-10,'603018,设计股份,63.17,63.17,58.01,58.9,57.43,5.74,9.9948,18.4386,4794030,299062428.0,6569680000.0,1642420000.0
2015-07-09,'603018,设计股份,57.43,57.43,46.99,46.99,52.21,5.22,9.9981,20.121,5231463,270942716.0,5972720000.0,1493180000.0
2015-07-08,'603018,设计股份,52.21,52.21,52.21,52.21,58.01,-5.8,-9.9983,0.7638,198600,10368906.0,5429840000.0,1357460000.0
2015-07-07,'603018,设计股份,58.01,60.8,58.01,58.05,64.45,-6.44,-9.9922,2.7277,709200,41168260.0,6033040000.0,1508260000.0
2015-07-06,'603018,设计股份,64.45,71.5,64.45,64.49,71.61,-7.16,-9.9986,29.8354,7757203,505892806.0,6702800000.0,1675700000.0
2015-07-03,'603018,设计股份,71.61,71.61,71.61,71.61,79.57,-7.96,-10.0038,0.4262,110800,7934388.0,7447440000.0,1861860000.0
2015-07-02,'603018,设计股份,0.0,0.0,0.0,0.0,79.57,None,None,0.0,0,0.0,8275280000.0,2068820000.0
2015-07-01,'603018,设计股份,0.0,0.0,0.0,0.0,79.57,None,None,0.0,0,0.0,8275280000.0,2068820000.0
2015-06-30,'603018,设计股份,0.0,0.0,0.0,0.0,79.57,None,None,0.0,0,0.0,8275280000.0,2068820000.0
2015-06-29,'603018,设计股份,0.0,0.0,0.0,0.0,79.57,None,None,0.0,0,0.0,8275280000.0,2068820000.0
2015-06-26,'603018,设计股份,0.0,0.0,0.0,0.0,79.57,None,None,0.0,0,0.0,8275280000.0,2068820000.0
2015-06-25,'603018,设计股份,0.0,0.0,0.0,0.0,79.57,None,None,0.0,0,0.0,8275280000.0,2068820000.0
2015-06-24,'603018,设计股份,0.0,0.0,0.0,0.0,79.57,None,None,0.0,0,0.0,8275280000.0,2068820000.0
2015-06-23,'603018,设计股份,0.0,0.0,0.0,0.0,79.57,None,None,0.0,0,0.0,8275280000.0,2068820000.0
2015-06-19,'603018,设计股份,0.0,0.0,0.0,0.0,79.57,None,None,0.0,0,0.0,8275280000.0,2068820000.0
2015-06-18,'603018,XD设计股,0.0,0.0,0.0,0.0,79.57,None,None,0.0,0,0.0,8275280000.0,2068820000.0
2015-06-17,'603018,设计股份,0.0,0.0,0.0,0.0,79.92,None,None,0.0,0,0.0,8311680000.0,2077920000.0
2015-06-16,'603018,设计股份,0.0,0.0,0.0,0.0,79.92,None,None,0.0,0,0.0,8311680000.0,2077920000.0
2015-06-15,'603018,设计股份,0.0,0.0,0.0,0.0,79.92,None,None,0.0,0,0.0,8311680000.0,2077920000.0
2015-06-12,'603018,设计股份,0.0,0.0,0.0,0.0,79.92,None,None,0.0,0,0.0,8311680000.0,2077920000.0
2015-06-11,'603018,设计股份,0.0,0.0,0.0,0.0,79.92,None,None,0.0,0,0.0,8311680000.0,2077920000.0
2015-06-10,'603018,设计股份,0.0,0.0,0.0,0.0,79.92,None,None,0.0,0,0.0,8311680000.0,2077920000.0
2015-06-09,'603018,设计股份,0.0,0.0,0.0,0.0,79.92,None,None,0.0,0,0.0,8311680000.0,2077920000.0
2015-06-08,'603018,设计股份,0.0,0.0,0.0,0.0,79.92,None,None,0.0,0,0.0,8311680000.0,2077920000.0
2015-06-05,'603018,设计股份,0.0,0.0,0.0,0.0,79.92,None,None,0.0,0,0.0,8311680000.0,2077920000.0
2015-06-04,'603018,设计股份,0.0,0.0,0.0,0.0,79.92,None,None,0.0,0,0.0,8311680000.0,2077920000.0
2015-06-03,'603018,设计股份,0.0,0.0,0.0,0.0,79.92,None,None,0.0,0,0.0,8311680000.0,2077920000.0
2015-06-02,'603018,设计股份,0.0,0.0,0.0,0.0,79.92,None,None,0.0,0,0.0,8311680000.0,2077920000.0
2015-06-01,'603018,设计股份,0.0,0.0,0.0,0.0,79.92,None,None,0.0,0,0.0,8311680000.0,2077920000.0
2015-05-29,'603018,设计股份,0.0,0.0,0.0,0.0,79.92,None,None,0.0,0,0.0,8311680000.0,2077920000.0
2015-05-28,'603018,设计股份,0.0,0.0,0.0,0.0,79.92,None,None,0.0,0,0.0,8311680000.0,2077920000.0
2015-05-27,'603018,设计股份,0.0,0.0,0.0,0.0,79.92,None,None,0.0,0,0.0,8311680000.0,2077920000.0
2015-05-26,'603018,设计股份,0.0,0.0,0.0,0.0,79.92,None,None,0.0,0,0.0,8311680000.0,2077920000.0
2015-05-25,'603018,设计股份,0.0,0.0,0.0,0.0,79.92,None,None,0.0,0,0.0,8311680000.0,2077920000.0
2015-05-22,'603018,设计股份,0.0,0.0,0.0,0.0,79.92,None,None,0.0,0,0.0,8311680000.0,2077920000.0
2015-05-21,'603018,设计股份,0.0,0.0,0.0,0.0,79.92,None,None,0.0,0,0.0,8311680000.0,2077920000.0
2015-05-20,'603018,设计股份,0.0,0.0,0.0,0.0,79.92,None,None,0.0,0,0.0,8311680000.0,2077920000.0
2015-05-19,'603018,设计股份,0.0,0.0,0.0,0.0,79.92,None,None,0.0,0,0.0,8311680000.0,2077920000.0
2015-05-18,'603018,设计股份,0.0,0.0,0.0,0.0,79.92,None,None,0.0,0,0.0,8311680000.0,2077920000.0
2015-05-15,'603018,设计股份,0.0,0.0,0.0,0.0,79.92,None,None,0.0,0,0.0,8311680000.0,2077920000.0
2015-05-14,'603018,设计股份,0.0,0.0,0.0,0.0,79.92,None,None,0.0,0,0.0,8311680000.0,2077920000.0
2015-05-13,'603018,设计股份,0.0,0.0,0.0,0.0,79.92,None,None,0.0,0,0.0,8311680000.0,2077920000.0
2015-05-12,'603018,设计股份,0.0,0.0,0.0,0.0,79.92,None,None,0.0,0,0.0,8311680000.0,2077920000.0
2015-05-11,'603018,设计股份,0.0,0.0,0.0,0.0,79.92,None,None,0.0,0,0.0,8311680000.0,2077920000.0
2015-05-08,'603018,设计股份,0.0,0.0,0.0,0.0,79.92,None,None,0.0,0,0.0,8311680000.0,2077920000.0
2015-05-07,'603018,设计股份,0.0,0.0,0.0,0.0,79.92,None,None,0.0,0,0.0,8311680000.0,2077920000.0
2015-05-06,'603018,设计股份,0.0,0.0,0.0,0.0,79.92,None,None,0.0,0,0.0,8311680000.0,2077920000.0
2015-05-05,'603018,设计股份,0.0,0.0,0.0,0.0,79.92,None,None,0.0,0,0.0,8311680000.0,2077920000.0
2015-05-04,'603018,设计股份,0.0,0.0,0.0,0.0,79.92,None,None,0.0,0,0.0,8311680000.0,2077920000.0
2015-04-30,'603018,设计股份,0.0,0.0,0.0,0.0,79.92,None,None,0.0,0,0.0,8311680000.0,2077920000.0
2015-04-29,'603018,设计股份,0.0,0.0,0.0,0.0,79.92,None,None,0.0,0,0.0,8311680000.0,2077920000.0
2015-04-28,'603018,设计股份,0.0,0.0,0.0,0.0,79.92,None,None,0.0,0,0.0,8311680000.0,2077920000.0
2015-04-27,'603018,设计股份,0.0,0.0,0.0,0.0,79.92,None,None,0.0,0,0.0,8311680000.0,2077920000.0
2015-04-24,'603018,设计股份,0.0,0.0,0.0,0.0,79.92,None,None,0.0,0,0.0,8311680000.0,2077920000.0
2015-04-23,'603018,设计股份,0.0,0.0,0.0,0.0,79.92,None,None,0.0,0,0.0,8311680000.0,2077920000.0
2015-04-22,'603018,设计股份,0.0,0.0,0.0,0.0,79.92,None,None,0.0,0,0.0,8311680000.0,2077920000.0
2015-04-21,'603018,设计股份,0.0,0.0,0.0,0.0,79.92,None,None,0.0,0,0.0,8311680000.0,2077920000.0
2015-04-20,'603018,设计股份,0.0,0.0,0.0,0.0,79.92,None,None,0.0,0,0.0,8311680000.0,2077920000.0
2015-04-17,'603018,设计股份,0.0,0.0,0.0,0.0,79.92,None,None,0.0,0,0.0,8311680000.0,2077920000.0
2015-04-16,'603018,设计股份,0.0,0.0,0.0,0.0,79.92,None,None,0.0,0,0.0,8311680000.0,2077920000.0
2015-04-15,'603018,设计股份,0.0,0.0,0.0,0.0,79.92,None,None,0.0,0,0.0,8311680000.0,2077920000.0
2015-04-14,'603018,设计股份,0.0,0.0,0.0,0.0,79.92,None,None,0.0,0,0.0,8311680000.0,2077920000.0
2015-04-13,'603018,设计股份,0.0,0.0,0.0,0.0,79.92,None,None,0.0,0,0.0,8311680000.0,2077920000.0
2015-04-10,'603018,设计股份,0.0,0.0,0.0,0.0,79.92,None,None,0.0,0,0.0,8311680000.0,2077920000.0
2015-04-09,'603018,设计股份,0.0,0.0,0.0,0.0,79.92,None,None,0.0,0,0.0,8311680000.0,2077920000.0
2015-04-08,'603018,设计股份,0.0,0.0,0.0,0.0,79.92,None,None,0.0,0,0.0,8311680000.0,2077920000.0
2015-04-07,'603018,设计股份,79.92,82.38,78.56,80.94,78.03,1.89,2.4221,17.6314,4584159,368240549.0,8311680000.0,2077920000.0
2015-04-03,'603018,设计股份,78.03,78.03,70.3,70.71,70.94,7.09,9.9944,20.5118,5333060,396208092.0,8115120000.0,2028780000.0
2015-04-02,'603018,设计股份,70.94,71.74,70.03,70.65,70.75,0.19,0.2686,9.3857,2440283,172821296.0,7377760000.0,1844440000.0
2015-04-01,'603018,设计股份,70.75,71.68,69.5,69.52,69.9,0.85,1.216,8.8141,2291659,161540747.0,7358000000.0,1839500000.0
2015-03-31,'603018,设计股份,69.9,70.82,68.23,70.82,72.2,-2.3,-3.1856,15.1289,3933508,274201529.0,7269600000.0,1817400000.0
2015-03-30,'603018,设计股份,72.2,74.72,72.2,72.2,80.22,-8.02,-9.9975,21.2481,5524504,401312903.0,7508800000.0,1877200000.0
2015-03-27,'603018,设计股份,80.22,82.88,74.01,74.01,75.35,4.87,6.4632,15.0597,3915534,309315907.0,8342880000.0,2085720000.0
2015-03-26,'603018,设计股份,75.35,78.1,73.0,78.1,75.93,-0.58,-0.7639,11.361,2953868,223682245.0,7836400000.0,1959100000.0
2015-03-25,'603018,设计股份,75.93,75.93,69.2,69.2,69.03,6.9,9.9957,15.2529,3965752,294471151.0,7896720000.0,1974180000.0
2015-03-24,'603018,设计股份,69.03,70.8,66.86,69.39,69.64,-0.61,-0.8759,8.756,2276559,156865011.0,7179120000.0,1794780000.0
2015-03-23,'603018,设计股份,69.64,69.88,67.72,67.72,67.36,2.28,3.3848,6.693,1740170,119958012.0,7242560000.0,1810640000.0
2015-03-20,'603018,设计股份,67.36,68.58,66.61,66.61,66.26,1.1,1.6601,4.7684,1239784,83797181.0,7005440000.0,1751360000.0
2015-03-19,'603018,设计股份,66.26,66.6,65.65,66.08,66.38,-0.12,-0.1808,4.4885,1166997,77133882.0,6891040000.0,1722760000.0
2015-03-18,'603018,设计股份,66.38,66.46,64.83,65.0,64.99,1.39,2.1388,5.8692,1526003,100712280.0,6903520000.0,1725880000.0
2015-03-17,'603018,设计股份,64.99,65.54,64.46,65.38,64.89,0.1,0.1541,4.6372,1205681,78277988.0,6758960000.0,1689740000.0
2015-03-16,'603018,设计股份,64.89,65.12,63.5,63.5,62.89,2.0,3.1802,7.618,1980669,127781782.0,6748560000.0,1687140000.0
2015-03-13,'603018,设计股份,62.89,63.3,62.3,62.3,61.98,0.91,1.4682,3.6278,943231,59173925.0,6540560000.0,1635140000.0
2015-03-12,'603018,设计股份,61.98,62.9,61.5,62.34,62.31,-0.33,-0.5296,3.2075,833944,51804390.0,6445920000.0,1611480000.0
2015-03-11,'603018,设计股份,62.31,63.16,62.16,63.01,62.93,-0.62,-0.9852,2.967,771420,48249732.0,6480240000.0,1620060000.0
2015-03-10,'603018,设计股份,62.93,63.88,62.73,63.05,63.52,-0.59,-0.9288,2.9222,759780,48009220.0,6544720000.0,1636180000.0
2015-03-09,'603018,设计股份,63.52,63.92,62.0,63.92,64.26,-0.74,-1.1516,3.0802,800854,50369339.0,6606080000.0,1651520000.0
2015-03-06,'603018,设计股份,64.26,65.4,62.42,62.99,62.39,1.87,2.9973,5.6111,1458896,93233845.0,6683040000.0,1670760000.0
2015-03-05,'603018,设计股份,62.39,63.11,61.95,63.05,63.28,-0.89,-1.4064,4.5772,1190078,74193465.0,6488560000.0,1622140000.0
2015-03-04,'603018,设计股份,63.28,63.63,61.81,62.17,62.96,0.32,0.5083,5.5601,1445626,90919908.0,6581120000.0,1645280000.0
2015-03-03,'603018,设计股份,62.96,67.09,62.83,64.0,61.69,1.27,2.0587,14.4587,3759264,244579900.0,6547840000.0,1636960000.0
2015-03-02,'603018,设计股份,0.0,0.0,0.0,0.0,61.69,None,None,0.0,0,0.0,6415760000.0,1603940000.0
2015-02-27,'603018,设计股份,61.69,61.74,60.81,61.74,61.74,-0.05,-0.081,3.932,1022331,62617346.0,6415760000.0,1603940000.0
2015-02-26,'603018,设计股份,61.74,61.78,58.1,58.3,58.41,3.33,5.7011,6.454,1678046,101659609.0,6420960000.0,1605240000.0
2015-02-25,'603018,设计股份,58.41,59.47,58.09,59.47,59.37,-0.96,-1.617,2.0103,522690,30573089.0,6074640000.0,1518660000.0
2015-02-17,'603018,设计股份,59.37,60.1,59.33,60.1,59.99,-0.62,-1.0335,2.0287,527451,31410121.0,6174480000.0,1543620000.0
2015-02-16,'603018,设计股份,59.99,60.19,59.21,60.01,59.47,0.52,0.8744,2.2904,595513,35576365.0,6238960000.0,1559740000.0
2015-02-13,'603018,设计股份,59.47,60.0,59.27,59.35,59.07,0.4,0.6772,2.4644,640751,38187108.0,6184880000.0,1546220000.0
2015-02-12,'603018,设计股份,59.07,59.5,57.2,57.29,57.11,1.96,3.432,3.2589,847314,49851307.0,6143280000.0,1535820000.0
2015-02-11,'603018,设计股份,57.11,57.26,56.82,57.0,57.02,0.09,0.1578,1.6503,429077,24473515.0,5939440000.0,1484860000.0
2015-02-10,'603018,设计股份,57.02,57.05,56.03,56.28,56.2,0.82,1.4591,1.953,507771,28714573.0,5930080000.0,1482520000.0
2015-02-09,'603018,设计股份,56.2,57.3,56.03,56.39,56.39,-0.19,-0.3369,1.6794,436634,24673508.0,5844800000.0,1461200000.0
2015-02-06,'603018,设计股份,56.39,57.88,56.15,57.72,58.0,-1.61,-2.7759,3.3271,865050,49128342.0,5864560000.0,1466140000.0
2015-02-05,'603018,设计股份,58.0,59.45,57.98,59.4,59.0,-1.0,-1.6949,2.8311,736080,43165285.0,6032000000.0,1508000000.0
2015-02-04,'603018,设计股份,59.0,60.49,58.92,60.05,59.98,-0.98,-1.6339,2.4992,649798,38708457.0,6136000000.0,1534000000.0
2015-02-03,'603018,设计股份,59.98,60.03,58.29,58.29,58.04,1.94,3.3425,2.9018,754477,44827673.0,6237920000.0,1559480000.0
2015-02-02,'603018,设计股份,58.04,58.76,57.36,58.06,58.58,-0.54,-0.9218,2.2483,584556,33935913.0,6036160000.0,1509040000.0
2015-01-30,'603018,设计股份,58.58,59.7,58.55,59.62,59.4,-0.82,-1.3805,1.811,470856,27843545.0,6092320000.0,1523080000.0
2015-01-29,'603018,设计股份,59.4,60.26,59.18,59.88,60.22,-0.82,-1.3617,2.2858,594304,35436056.0,6177600000.0,1544400000.0
2015-01-28,'603018,设计股份,60.22,60.71,59.65,60.0,60.37,-0.15,-0.2485,2.1769,566005,34104069.0,6262880000.0,1565720000.0
2015-01-27,'603018,设计股份,60.37,60.98,59.51,60.86,60.81,-0.44,-0.7236,3.4217,889652,53530527.0,6278480000.0,1569620000.0
2015-01-26,'603018,设计股份,60.81,61.41,59.7,60.0,60.6,0.21,0.3465,3.7095,964471,58483918.0,6324240000.0,1581060000.0
2015-01-23,'603018,设计股份,60.6,62.89,60.28,61.97,61.98,-1.38,-2.2265,5.6257,1462694,90256239.0,6302400000.0,1575600000.0
2015-01-22,'603018,设计股份,61.98,62.59,61.1,61.4,61.37,0.61,0.994,4.6249,1202479,74480926.0,6445920000.0,1611480000.0
2015-01-21,'603018,设计股份,61.37,61.86,60.55,61.12,61.01,0.36,0.5901,6.0595,1575471,96121255.0,6382480000.0,1595620000.0
2015-01-20,'603018,设计股份,61.01,61.59,59.01,59.01,58.86,2.15,3.6527,8.5135,2213519,134446252.0,6345040000.0,1586260000.0
2015-01-19,'603018,设计股份,58.86,60.69,57.0,58.4,58.84,0.02,0.034,5.834,1516832,89751535.0,6121440000.0,1530360000.0
2015-01-16,'603018,设计股份,58.84,59.44,57.01,57.11,57.11,1.73,3.0292,3.7732,981021,57301137.0,6119360000.0,1529840000.0
2015-01-15,'603018,设计股份,57.11,57.88,56.36,56.8,56.72,0.39,0.6876,2.4508,637201,36384762.0,5939440000.0,1484860000.0
2015-01-14,'603018,设计股份,56.72,57.39,56.1,57.25,57.2,-0.48,-0.8392,3.6053,937387,52878425.0,5898880000.0,1474720000.0
2015-01-13,'603018,设计股份,57.2,57.65,55.48,55.51,55.41,1.79,3.2305,4.1814,1087159,61453639.0,5948800000.0,1487200000.0
2015-01-12,'603018,设计股份,55.41,57.51,55.1,57.5,57.73,-2.32,-4.0187,4.6532,1209830,67565296.0,5762640000.0,1440660000.0
2015-01-09,'603018,设计股份,57.73,59.17,57.7,58.3,58.61,-0.88,-1.5015,2.9784,774379,45212812.0,6003920000.0,1500980000.0
2015-01-08,'603018,设计股份,58.61,59.65,58.58,58.78,59.14,-0.53,-0.8962,2.2439,583419,34489717.0,6095440000.0,1523860000.0
2015-01-07,'603018,设计股份,59.14,60.17,58.6,60.01,60.2,-1.06,-1.7608,3.3275,865138,51133801.0,6150560000.0,1537640000.0
2015-01-06,'603018,设计股份,60.2,60.49,57.58,57.58,58.17,2.03,3.4898,4.6806,1216959,72162372.0,6260800000.0,1565200000.0
2015-01-05,'603018,设计股份,58.17,59.58,57.25,59.58,59.94,-1.77,-2.953,3.837,997608,57747254.0,6049680000.0,1512420000.0
2014-12-31,'603018,设计股份,59.94,60.23,58.5,60.0,59.47,0.47,0.7903,3.2505,845121,50269776.0,6233760000.0,1558440000.0
2014-12-30,'603018,设计股份,59.47,60.8,58.88,60.49,60.24,-0.77,-1.2782,2.8623,744205,44362875.0,6184880000.0,1546220000.0
2014-12-29,'603018,设计股份,60.24,61.7,59.13,61.7,62.14,-1.9,-3.0576,3.83,995808,59814173.0,6264960000.0,1566240000.0
2014-12-26,'603018,设计股份,62.14,63.23,61.21,61.9,62.01,0.13,0.2096,3.2038,832979,51867960.0,6462560000.0,1615640000.0
2014-12-25,'603018,设计股份,62.01,62.58,60.8,61.75,61.83,0.18,0.2911,3.9036,1014936,62446491.0,6449040000.0,1612260000.0
2014-12-24,'603018,设计股份,61.83,62.4,59.18,59.18,58.74,3.09,5.2605,6.2091,1614366,98977048.0,6430320000.0,1607580000.0
2014-12-23,'603018,设计股份,58.74,60.68,57.01,57.31,56.93,1.81,3.1793,5.0704,1318299,77867327.0,6108960000.0,1527240000.0
2014-12-22,'603018,设计股份,56.93,59.87,56.35,59.85,60.5,-3.57,-5.9008,5.023,1305977,74869090.0,5920720000.0,1480180000.0
2014-12-19,'603018,设计股份,60.5,63.5,60.0,62.0,62.68,-2.18,-3.478,5.845,1519691,92813737.0,6292000000.0,1573000000.0
2014-12-18,'603018,设计股份,62.68,64.55,62.65,63.83,63.92,-1.24,-1.9399,4.3243,1124324,71335838.0,6518720000.0,1629680000.0
2014-12-17,'603018,设计股份,63.92,65.89,63.2,65.89,65.99,-2.07,-3.1368,6.0836,1581736,101575306.0,6647680000.0,1661920000.0
2014-12-16,'603018,设计股份,65.99,67.67,65.44,67.2,67.31,-1.32,-1.9611,4.8633,1264446,83774153.0,6862960000.0,1715740000.0
2014-12-15,'603018,设计股份,67.31,67.71,65.08,65.78,66.12,1.19,1.7998,5.2288,1359494,90962486.0,7000240000.0,1750060000.0
2014-12-12,'603018,设计股份,66.12,66.42,64.81,65.99,66.18,-0.06,-0.0907,3.4315,892180,58594560.0,6876480000.0,1719120000.0
2014-12-11,'603018,设计股份,66.18,66.46,64.58,65.51,65.7,0.48,0.7306,4.6648,1212852,79416378.0,6882720000.0,1720680000.0
2014-12-10,'603018,设计股份,65.7,66.5,63.01,63.6,63.26,2.44,3.8571,6.2114,1614965,105278265.0,6832800000.0,1708200000.0
2014-12-09,'603018,设计股份,63.26,67.43,63.11,66.5,67.21,-3.95,-5.8771,11.0558,2874501,188462770.0,6579040000.0,1644760000.0
2014-12-08,'603018,设计股份,67.21,68.68,67.0,68.68,69.24,-2.03,-2.9318,8.1348,2115035,143299998.0,6989840000.0,1747460000.0
2014-12-05,'603018,设计股份,69.24,72.5,69.18,72.5,73.0,-3.76,-5.1507,13.2797,3452717,243564412.0,7200960000.0,1800240000.0
2014-12-04,'603018,设计股份,73.0,74.7,72.8,74.7,74.53,-1.53,-2.0529,9.6737,2515161,184099667.0,7592000000.0,1898000000.0
2014-12-03,'603018,设计股份,74.53,75.5,72.0,73.7,74.01,0.52,0.7026,11.8938,3092395,227164449.0,7751120000.0,1937780000.0
2014-12-02,'603018,设计股份,74.01,74.95,70.1,70.15,70.54,3.47,4.9192,15.9982,4159537,305088363.0,7697040000.0,1924260000.0
2014-12-01,'603018,设计股份,70.54,71.63,68.68,70.0,69.55,0.99,1.4234,7.9452,2065745,144636638.0,7336160000.0,1834040000.0
2014-11-28,'603018,设计股份,69.55,70.68,68.73,69.62,69.84,-0.29,-0.4152,9.0707,2358378,164465753.0,7233200000.0,1808300000.0
2014-11-27,'603018,设计股份,69.84,72.0,67.11,67.26,66.55,3.29,4.9437,11.9949,3118682,217866102.0,7263360000.0,1815840000.0
2014-11-26,'603018,设计股份,66.55,67.35,65.71,65.81,65.74,0.81,1.2321,6.1848,1608040,107208457.0,6921200000.0,1730300000.0
2014-11-25,'603018,设计股份,65.74,67.75,65.01,67.21,67.4,-1.66,-2.4629,10.9369,2843605,187614065.0,6836960000.0,1709240000.0
2014-11-24,'603018,设计股份,67.4,68.39,67.0,68.1,67.15,0.25,0.3723,9.0358,2349300,158936989.0,7009600000.0,1752400000.0
2014-11-21,'603018,设计股份,67.15,68.3,66.81,67.0,67.28,-0.13,-0.1932,8.6944,2260547,152680520.0,6983600000.0,1745900000.0
2014-11-20,'603018,设计股份,67.28,67.9,65.25,65.77,66.43,0.85,1.2795,7.3503,1911077,127893122.0,6997120000.0,1749280000.0
2014-11-19,'603018,设计股份,66.43,67.38,65.51,67.11,67.44,-1.01,-1.4976,6.629,1723528,114402386.0,6908720000.0,1727180000.0
2014-11-18,'603018,设计股份,67.44,67.77,65.08,65.64,65.61,1.83,2.7892,9.0564,2354660,157438536.0,7013760000.0,1753440000.0
2014-11-17,'603018,设计股份,65.61,67.25,64.3,65.02,65.61,0.0,0.0,9.5115,2472985,163280312.0,6823440000.0,1705860000.0
2014-11-14,'603018,设计股份,65.61,72.42,64.82,71.6,71.72,-6.11,-8.5192,21.0016,5460417,368048249.0,6823440000.0,1705860000.0
2014-11-13,'603018,设计股份,71.72,73.5,70.4,70.75,72.85,-1.13,-1.5511,13.9983,3639557,261724963.0,7458880000.0,1864720000.0
2014-11-12,'603018,设计股份,72.85,73.28,68.67,69.19,69.19,3.66,5.2898,17.219,4476933,320813320.0,7576400000.0,1894100000.0
2014-11-11,'603018,设计股份,69.19,71.16,68.09,70.96,71.16,-1.97,-2.7684,14.8079,3850042,267281253.0,7195760000.0,1798940000.0
2014-11-10,'603018,设计股份,71.16,72.3,68.37,68.37,68.16,3.0,4.4014,14.2928,3716125,262297225.0,7400640000.0,1850160000.0
2014-11-07,'603018,设计股份,68.16,72.01,67.0,69.05,69.03,-0.87,-1.2603,19.9646,5190785,361041073.0,7088640000.0,1772160000.0
2014-11-06,'603018,设计股份,69.03,70.16,65.06,65.06,65.49,3.54,5.4054,18.9217,4919636,336110281.0,7179120000.0,1794780000.0
2014-11-05,'603018,设计股份,65.49,66.92,64.5,65.78,66.82,-1.33,-1.9904,13.6392,3546186,233012771.0,6810960000.0,1702740000.0
2014-11-04,'603018,设计股份,66.82,67.68,62.15,62.6,62.97,3.85,6.114,21.6689,5633909,368418356.0,6949280000.0,1737320000.0
2014-11-03,'603018,设计股份,62.97,64.9,62.0,62.78,62.39,0.58,0.9296,16.7293,4349617,276399980.0,6548880000.0,1637220000.0
2014-10-31,'603018,设计股份,62.39,64.3,58.5,58.8,58.76,3.63,6.1777,21.155,5500298,338121545.0,6488560000.0,1622140000.0
2014-10-30,'603018,设计股份,58.76,59.19,57.7,58.02,58.24,0.52,0.8929,14.6287,3803458,222780829.0,6111040000.0,1527760000.0
2014-10-29,'603018,设计股份,58.24,58.55,56.15,56.35,56.15,2.09,3.7222,15.3271,3985051,229243032.0,6056960000.0,1514240000.0
2014-10-28,'603018,设计股份,56.15,56.45,54.8,54.8,53.98,2.17,4.02,9.8085,2550197,142383663.0,5839600000.0,1459900000.0
2014-10-27,'603018,设计股份,53.98,56.7,53.94,56.7,56.9,-2.92,-5.1318,13.1681,3423694,187114236.0,5613920000.0,1403480000.0
2014-10-24,'603018,设计股份,56.9,57.87,56.76,57.45,57.38,-0.48,-0.8365,9.6766,2515909,143973398.0,5917600000.0,1479400000.0
2014-10-23,'603018,设计股份,57.38,57.98,56.89,57.35,57.83,-0.45,-0.7781,10.595,2754712,157885720.0,5967520000.0,1491880000.0
2014-10-22,'603018,设计股份,57.83,60.2,57.62,59.31,59.41,-1.58,-2.6595,18.2258,4738704,279520916.0,6014320000.0,1503580000.0
2014-10-21,'603018,设计股份,59.41,60.45,56.78,57.08,57.09,2.32,4.0638,25.4278,6611228,388433031.0,6178640000.0,1544660000.0
2014-10-20,'603018,设计股份,57.09,58.3,56.65,57.5,58.56,-1.47,-2.5102,21.7166,5646309,324043767.0,5937360000.0,1484340000.0
2014-10-17,'603018,设计股份,58.56,64.44,56.5,64.44,61.83,-3.27,-5.2887,49.5597,12885531,765033526.0,6090240000.0,1522560000.0
2014-10-16,'603018,设计股份,61.83,61.83,61.83,61.83,56.21,5.62,9.9982,1.1002,286049,17686410.0,6430320000.0,1607580000.0
2014-10-15,'603018,设计股份,56.21,56.21,56.21,56.21,51.1,5.11,10.0,0.1519,39500,2220295.0,5845840000.0,1461460000.0
2014-10-14,'603018,设计股份,51.1,51.1,51.1,51.1,46.45,4.65,10.0108,0.0977,25400,1297940.0,5314400000.0,1328600000.0
2014-10-13,'603018,N设计,46.45,46.45,38.71,38.71,32.26,14.19,43.9864,0.1865,48500,2228831.0,4830800000.0,1207700000.0
