日期,股票代码,名称,收盘价,最高价,最低价,开盘价,前收盘,涨跌额,涨跌幅,换手率,成交量,成交金额,总市值,流通市值
2017-05-15,'603089,正裕工业,33.47,34.35,33.4,33.65,33.69,-0.22,-0.653,2.2495,599933,20158209.0,3570244900.0,892644900.0
2017-05-12,'603089,正裕工业,33.69,34.0,33.27,33.5,33.5,0.19,0.5672,3.8824,1035424,34834171.0,3593712300.0,898512300.0
2017-05-11,'603089,正裕工业,33.5,33.53,32.0,32.68,33.13,0.37,1.1168,4.202,1120663,36803240.0,3573445000.0,893445000.0
2017-05-10,'603089,正裕工业,33.13,34.35,33.1,33.47,33.47,-0.34,-1.0158,4.1394,1103991,37380092.0,3533977100.0,883577100.0
2017-05-09,'603089,正裕工业,33.47,33.8,32.7,33.0,32.98,0.49,1.4857,2.907,775297,25836165.0,3570244900.0,892644900.0
2017-05-08,'603089,正裕工业,32.98,35.19,32.5,34.91,35.14,-2.16,-6.1468,3.714,990524,34008549.0,3517976600.0,879576600.0
2017-05-05,'603089,正裕工业,35.14,36.01,35.09,36.0,36.05,-0.91,-2.5243,4.1375,1103471,39192274.0,3748383800.0,937183800.0
2017-05-04,'603089,正裕工业,36.05,36.69,35.86,36.69,36.72,-0.67,-1.8246,3.5996,960012,34834185.0,3845453500.0,961453500.0
2017-05-03,'603089,正裕工业,36.72,37.0,36.17,36.26,36.26,0.46,1.2686,4.1423,1104749,40345582.0,3916922400.0,979322400.0
2017-05-02,'603089,正裕工业,36.26,37.28,36.2,37.2,37.11,-0.85,-2.2905,3.9375,1050141,38540250.0,3867854200.0,967054200.0
2017-04-28,'603089,正裕工业,37.11,37.47,36.75,36.82,37.1,0.01,0.027,4.8486,1293109,48000887.0,3958523700.0,989723700.0
2017-04-27,'603089,正裕工业,37.1,37.51,34.8,36.19,36.04,1.06,2.9412,7.8164,2084627,75646121.0,3957457000.0,989457000.0
2017-04-26,'603089,正裕工业,36.04,36.65,35.6,36.0,35.92,0.12,0.3341,3.8888,1037143,37518760.0,3844386800.0,961186800.0
2017-04-25,'603089,正裕工业,35.92,36.7,35.81,36.0,36.07,-0.15,-0.4159,3.5075,935451,33929788.0,3831586400.0,957986400.0
2017-04-24,'603089,正裕工业,36.07,36.21,34.52,36.01,36.08,-0.01,-0.0277,4.0927,1091511,38493520.0,3847586900.0,961986900.0
2017-04-21,'603089,正裕工业,36.08,36.5,35.83,35.83,36.1,-0.02,-0.0554,2.6064,695139,25185631.0,3848653600.0,962253600.0
2017-04-20,'603089,正裕工业,36.1,36.98,35.6,36.6,36.59,-0.49,-1.3392,3.6202,965519,35082527.0,3850787000.0,962787000.0
2017-04-19,'603089,正裕工业,36.59,36.84,35.04,35.14,35.45,1.14,3.2158,6.0342,1609310,58144031.0,3903055300.0,975855300.0
2017-04-18,'603089,XD正裕工,35.45,36.1,34.58,35.5,35.19,0.26,0.7388,4.2092,1122596,39806292.0,3781451500.0,945451500.0
2017-04-17,'603089,正裕工业,35.49,36.91,35.27,36.91,38.59,-3.1,-8.0332,6.8848,1836166,66087830.0,3785718300.0,946518300.0
2017-04-14,'603089,正裕工业,38.59,39.87,38.5,39.59,39.96,-1.37,-3.4284,4.0672,1084725,42379242.0,4116395300.0,1029195300.0
2017-04-13,'603089,正裕工业,39.96,40.2,39.01,39.25,39.67,0.29,0.731,5.8871,1570096,62403210.0,4262533200.0,1065733200.0
2017-04-12,'603089,正裕工业,39.67,40.35,38.58,39.16,39.07,0.6,1.5357,9.3062,2481966,98005668.0,4231598900.0,1057998900.0
2017-04-11,'603089,正裕工业,39.07,39.28,37.6,37.6,37.9,1.17,3.0871,8.8176,2351667,91110871.0,4167596900.0,1041996900.0
2017-04-10,'603089,正裕工业,37.9,41.66,37.86,41.25,41.95,-4.05,-9.6544,12.0129,3203841,127216197.0,4042793000.0,1010793000.0
2017-04-07,'603089,正裕工业,41.95,43.88,41.67,43.41,43.69,-1.74,-3.9826,7.6062,2028571,86756520.0,4474806500.0,1118806500.0
2017-04-06,'603089,正裕工业,43.69,44.46,43.31,43.5,43.89,-0.2,-0.4557,7.9486,2119899,93187751.0,4660412300.0,1165212300.0
2017-04-05,'603089,正裕工业,43.89,44.0,40.05,42.56,42.63,1.26,2.9557,11.1858,2983249,126580614.0,4681746300.0,1170546300.0
2017-03-31,'603089,正裕工业,42.63,44.6,42.02,43.4,43.64,-1.01,-2.3144,9.7003,2587065,112459262.0,4547342100.0,1136942100.0
2017-03-30,'603089,正裕工业,43.64,44.37,42.25,44.37,44.94,-1.3,-2.8927,16.259,4336280,187473933.0,4655078800.0,1163878800.0
2017-03-29,'603089,正裕工业,44.94,48.09,44.04,47.8,48.22,-3.28,-6.8022,19.8681,5298830,242629805.0,4793749800.0,1198549800.0
2017-03-28,'603089,正裕工业,48.22,50.48,48.0,50.01,49.91,-1.69,-3.3861,14.8687,3965473,195470605.0,5143627400.0,1286027400.0
2017-03-27,'603089,正裕工业,49.91,50.35,48.58,49.0,48.75,1.16,2.3795,19.404,5175052,255935653.0,5323899700.0,1331099700.0
2017-03-24,'603089,正裕工业,48.75,48.8,47.26,47.3,47.7,1.05,2.2013,15.2236,4060146,195549646.0,5200162500.0,1300162500.0
2017-03-23,'603089,正裕工业,47.7,50.35,45.68,50.13,50.04,-2.34,-4.6763,26.6573,7109490,344361322.0,5088159000.0,1272159000.0
2017-03-22,'603089,正裕工业,50.04,51.25,48.11,48.52,48.97,1.07,2.185,30.3464,8093381,403401067.0,5337766800.0,1334566800.0
2017-03-21,'603089,正裕工业,48.97,49.25,48.05,48.75,48.76,0.21,0.4307,22.0408,5878286,286135177.0,5223629900.0,1306029900.0
2017-03-20,'603089,正裕工业,48.76,49.26,46.55,47.9,47.6,1.16,2.437,25.5251,6807548,327365644.0,5201229200.0,1300429200.0
2017-03-17,'603089,正裕工业,47.6,50.5,47.5,49.7,49.03,-1.43,-2.9166,36.518,9739358,475716623.0,5077492000.0,1269492000.0
2017-03-16,'603089,正裕工业,49.03,49.03,44.8,44.8,44.57,4.46,10.0067,38.9317,10383095,488797499.0,5230030100.0,1307630100.0
2017-03-15,'603089,正裕工业,44.57,44.95,43.46,44.34,44.53,0.04,0.0898,12.0829,3222505,142976667.0,4754281900.0,1188681900.0
2017-03-14,'603089,正裕工业,44.53,44.99,43.67,43.7,43.8,0.73,1.6667,18.0316,4809040,213658708.0,4750015100.0,1187615100.0
2017-03-13,'603089,正裕工业,43.8,43.82,41.81,42.5,42.78,1.02,2.3843,13.4553,3588528,154036954.0,4672146000.0,1168146000.0
2017-03-10,'603089,正裕工业,42.78,43.44,42.64,42.64,42.73,0.05,0.117,10.4629,2790467,120062886.0,4563342600.0,1140942600.0
2017-03-09,'603089,正裕工业,42.73,44.8,42.68,44.8,44.79,-2.06,-4.5992,16.7992,4480337,194332548.0,4558009100.0,1139609100.0
2017-03-08,'603089,正裕工业,44.79,45.97,44.4,45.34,45.11,-0.32,-0.7094,18.6911,4984918,224408324.0,4777749300.0,1194549300.0
2017-03-07,'603089,正裕工业,45.11,45.43,44.42,44.55,44.81,0.3,0.6695,19.845,5292650,237761314.0,4811883700.0,1203083700.0
2017-03-06,'603089,正裕工业,44.81,45.0,43.33,44.0,45.09,-0.28,-0.621,23.5143,6271265,277521501.0,4779882700.0,1195082700.0
2017-03-03,'603089,正裕工业,45.09,45.38,43.28,44.27,44.32,0.77,1.7374,26.7203,7126303,316766409.0,4809750300.0,1202550300.0
2017-03-02,'603089,正裕工业,44.32,44.87,42.43,42.43,42.62,1.7,3.9887,28.3412,7558596,330999807.0,4727614400.0,1182014400.0
2017-03-01,'603089,正裕工业,42.62,43.8,42.51,42.74,43.1,-0.48,-1.1137,15.2632,4070697,175228601.0,4546275400.0,1136675400.0
2017-02-28,'603089,正裕工业,43.1,43.19,41.15,42.7,42.78,0.32,0.748,19.6387,5237654,221618824.0,4597477000.0,1149477000.0
2017-02-27,'603089,正裕工业,42.78,43.35,42.21,42.21,42.62,0.16,0.3754,16.3669,4365048,187093393.0,4563342600.0,1140942600.0
2017-02-24,'603089,正裕工业,42.62,43.52,41.59,42.22,42.62,0.0,0.0,24.936,6650427,283179317.0,4546275400.0,1136675400.0
2017-02-23,'603089,正裕工业,42.62,42.93,40.21,40.55,40.87,1.75,4.2819,29.71,7923658,331188151.0,4546275400.0,1136675400.0
2017-02-22,'603089,正裕工业,40.87,41.2,39.0,39.99,40.38,0.49,1.2135,22.735,6063418,243398800.0,4359602900.0,1090002900.0
2017-02-21,'603089,正裕工业,40.38,41.36,39.05,39.05,39.85,0.53,1.33,26.888,7171038,290686970.0,4307334600.0,1076934600.0
2017-02-20,'603089,正裕工业,39.85,43.88,39.83,43.88,44.25,-4.4,-9.9435,40.393,10772818,436914974.0,4250799500.0,1062799500.0
2017-02-17,'603089,正裕工业,44.25,47.81,44.01,47.81,43.46,0.79,1.8178,63.3728,16901519,776613808.0,4720147500.0,1180147500.0
2017-02-16,'603089,正裕工业,43.46,43.46,43.46,43.46,39.51,3.95,9.9975,0.4972,132605,5763013.0,4635878200.0,1159078200.0
2017-02-15,'603089,正裕工业,39.51,39.51,39.51,39.51,35.92,3.59,9.9944,0.2888,77014,3042823.0,4214531700.0,1053731700.0
2017-02-14,'603089,正裕工业,35.92,35.92,35.92,35.92,32.65,3.27,10.0153,0.4012,107004,3843584.0,3831586400.0,957986400.0
2017-02-13,'603089,正裕工业,32.65,32.65,32.65,32.65,29.68,2.97,10.0067,0.3548,94637,3089898.0,3482775500.0,870775500.0
2017-02-10,'603089,正裕工业,29.68,29.68,29.68,29.68,26.98,2.7,10.0074,0.1226,32700,970536.0,3165965600.0,791565600.0
2017-02-09,'603089,正裕工业,26.98,26.98,26.98,26.98,24.53,2.45,9.9878,0.0993,26474,714269.0,2877956600.0,719556600.0
2017-02-08,'603089,正裕工业,24.53,24.53,24.53,24.53,22.3,2.23,10.0,0.1185,31608,775344.0,2616615100.0,654215100.0
2017-02-07,'603089,正裕工业,22.3,22.3,22.3,22.3,20.27,2.03,10.0148,0.0728,19425,433178.0,2378741000.0,594741000.0
2017-02-06,'603089,正裕工业,20.27,20.27,20.27,20.27,18.43,1.84,9.9837,0.0304,8101,164207.0,2162200900.0,540600900.0
2017-02-03,'603089,正裕工业,18.43,18.43,18.43,18.43,16.75,1.68,10.0299,0.0181,4837,89146.0,1965928100.0,491528100.0
2017-01-26,'603089,N正裕,16.75,16.75,16.75,16.75,11.63,5.12,44.0241,0.0656,17504,293192.0,1786722500.0,446722500.0
