日期,股票代码,名称,收盘价,最高价,最低价,开盘价,前收盘,涨跌额,涨跌幅,换手率,成交量,成交金额,总市值,流通市值
2017-05-15,'603069,海汽集团,13.79,14.09,13.66,14.06,14.14,-0.35,-2.4752,5.0124,3959762,54791168.0,4357640000.0,1089410000.0
2017-05-12,'603069,海汽集团,14.14,14.31,13.77,13.78,13.83,0.31,2.2415,6.6699,5269205,74201422.0,4468240000.0,1117060000.0
2017-05-11,'603069,海汽集团,13.83,13.85,13.0,13.06,13.22,0.61,4.6142,6.0075,4745959,63727195.0,4370280000.0,1092570000.0
2017-05-10,'603069,海汽集团,13.22,14.1,13.09,13.68,13.7,-0.48,-3.5036,5.9982,4738600,64629500.0,4177520000.0,1044380000.0
2017-05-09,'603069,海汽集团,13.7,13.75,12.98,13.07,12.94,0.76,5.8733,4.4241,3495022,46877417.0,4329200000.0,1082300000.0
2017-05-08,'603069,海汽集团,12.94,14.07,12.9,13.83,13.94,-1.0,-7.1736,4.2891,3388423,46009488.0,4089040000.0,1022260000.0
2017-05-05,'603069,海汽集团,13.94,14.27,13.92,14.09,14.04,-0.1,-0.7123,3.5254,2785081,39216507.0,4405040000.0,1101260000.0
2017-05-04,'603069,海汽集团,14.04,14.35,13.82,14.21,14.29,-0.25,-1.7495,3.6052,2848111,40056477.0,4436640000.0,1109160000.0
2017-05-03,'603069,海汽集团,14.29,14.68,14.11,14.45,14.47,-0.18,-1.244,3.2761,2588094,37116350.0,4515640000.0,1128910000.0
2017-05-02,'603069,海汽集团,14.47,14.75,14.4,14.41,14.59,-0.12,-0.8225,4.7534,3755174,54718251.0,4572520000.0,1143130000.0
2017-04-28,'603069,海汽集团,14.59,14.66,14.02,14.11,14.25,0.34,2.386,7.2937,5761996,83225527.0,4610440000.0,1152610000.0
2017-04-27,'603069,海汽集团,14.25,14.38,13.51,13.61,13.7,0.55,4.0146,9.9161,7833749,109394001.0,4503000000.0,1125750000.0
2017-04-26,'603069,海汽集团,13.7,13.9,13.2,13.3,13.25,0.45,3.3962,5.7899,4573983,62331322.0,4329200000.0,1082300000.0
2017-04-25,'603069,海汽集团,13.25,13.46,13.15,13.15,13.07,0.18,1.3772,4.0963,3236052,43018621.0,4187000000.0,1046750000.0
2017-04-24,'603069,海汽集团,13.07,13.77,12.95,13.77,13.79,-0.72,-5.2212,9.6135,7594637,100705185.0,4130120000.0,1032530000.0
2017-04-21,'603069,海汽集团,13.79,14.4,13.7,14.3,14.6,-0.81,-5.5479,9.7813,7727209,109136176.0,4357640000.0,1089410000.0
2017-04-20,'603069,海汽集团,14.6,15.17,14.02,14.02,15.3,-0.7,-4.5752,17.7393,14014030,201281160.0,4613600000.0,1153400000.0
2017-04-19,'603069,海汽集团,15.3,15.3,15.3,15.3,17.0,-1.7,-10.0,2.7305,2157100,33003630.0,4834800000.0,1208700000.0
2017-04-18,'603069,海汽集团,17.0,17.5,17.0,17.0,18.89,-1.89,-10.0053,13.2033,10430610,178109527.0,5372000000.0,1343000000.0
2017-04-17,'603069,海汽集团,18.89,19.06,18.0,18.38,19.32,-0.43,-2.2257,10.4997,8294779,152458497.0,5969240000.0,1492310000.0
2017-04-14,'603069,海汽集团,19.32,19.49,18.78,19.35,19.32,0.0,0.0,7.2101,5695962,108767601.0,6105120000.0,1526280000.0
2017-04-13,'603069,海汽集团,19.32,19.84,19.0,19.21,19.31,0.01,0.0518,12.0813,9544204,186045120.0,6105120000.0,1526280000.0
2017-04-12,'603069,海汽集团,19.31,19.39,18.54,18.8,18.86,0.45,2.386,8.2365,6506850,124209399.0,6101960000.0,1525490000.0
2017-04-11,'603069,海汽集团,18.86,18.88,18.05,18.1,18.24,0.62,3.3991,7.1993,5687457,105564421.0,5959760000.0,1489940000.0
2017-04-10,'603069,海汽集团,18.24,18.6,18.03,18.14,18.24,0.0,0.0,5.8672,4635113,84620591.0,5763840000.0,1440960000.0
2017-04-07,'603069,海汽集团,18.24,18.28,17.82,17.94,17.95,0.29,1.6156,6.1032,4821509,87339931.0,5763840000.0,1440960000.0
2017-04-06,'603069,海汽集团,17.95,18.02,17.22,17.3,17.24,0.71,4.1183,5.9202,4676962,83138270.0,5672200000.0,1418050000.0
2017-04-05,'603069,海汽集团,17.24,17.34,16.78,16.85,16.94,0.3,1.771,3.3603,2654600,45565164.0,5447840000.0,1361960000.0
2017-03-31,'603069,海汽集团,16.94,17.18,16.78,16.86,16.87,0.07,0.4149,5.6433,4458240,75861777.0,5353040000.0,1338260000.0
2017-03-30,'603069,海汽集团,16.87,18.12,16.81,18.1,18.2,-1.33,-7.3077,8.565,6766386,116512081.0,5330920000.0,1332730000.0
2017-03-29,'603069,海汽集团,18.2,18.96,18.19,18.68,18.88,-0.68,-3.6017,7.1533,5651120,104139861.0,5751200000.0,1437800000.0
2017-03-28,'603069,海汽集团,18.88,19.18,18.58,18.77,18.81,0.07,0.3721,8.1129,6409201,121146082.0,5966080000.0,1491520000.0
2017-03-27,'603069,海汽集团,18.81,19.28,18.49,19.09,19.19,-0.38,-1.9802,10.5264,8315851,156647965.0,5943960000.0,1485990000.0
2017-03-24,'603069,海汽集团,19.19,19.6,19.07,19.2,19.59,-0.4,-2.0419,15.0464,11886655,229004357.0,6064040000.0,1516010000.0
2017-03-23,'603069,海汽集团,19.59,19.89,18.05,18.05,18.08,1.51,8.3518,29.2259,23088451,447269341.0,6190440000.0,1547610000.0
2017-03-22,'603069,海汽集团,18.08,18.2,17.75,17.97,18.12,-0.04,-0.2208,4.2006,3318493,59523906.0,5713280000.0,1428320000.0
2017-03-21,'603069,海汽集团,18.12,18.16,18.01,18.03,18.07,0.05,0.2767,3.372,2663906,48174379.0,5725920000.0,1431480000.0
2017-03-20,'603069,海汽集团,18.07,18.12,17.8,17.9,17.93,0.14,0.7808,3.765,2974325,53328357.0,5710120000.0,1427530000.0
2017-03-17,'603069,海汽集团,17.93,18.5,17.85,18.33,18.33,-0.4,-2.1822,8.144,6433746,117217690.0,5665880000.0,1416470000.0
2017-03-16,'603069,海汽集团,18.33,18.36,17.71,17.86,17.65,0.68,3.8527,8.7693,6927708,125847773.0,5792280000.0,1448070000.0
2017-03-15,'603069,海汽集团,17.65,17.94,17.64,17.93,17.89,-0.24,-1.3415,4.3171,3410513,60494827.0,5577400000.0,1394350000.0
2017-03-14,'603069,海汽集团,17.89,18.27,17.88,18.22,18.22,-0.33,-1.8112,4.9941,3945358,71280479.0,5653240000.0,1413310000.0
2017-03-13,'603069,海汽集团,18.22,18.43,17.92,18.17,18.22,0.0,0.0,5.1591,4075669,74025736.0,5757520000.0,1439380000.0
2017-03-10,'603069,海汽集团,18.22,18.25,17.77,18.08,18.14,0.08,0.441,6.742,5326184,95724113.0,5757520000.0,1439380000.0
2017-03-09,'603069,海汽集团,18.14,18.45,17.91,17.95,17.95,0.19,1.0585,8.4738,6694294,121628019.0,5732240000.0,1433060000.0
2017-03-08,'603069,海汽集团,17.95,18.5,17.88,17.9,18.13,-0.18,-0.9928,7.8711,6218200,112730981.0,5672200000.0,1418050000.0
2017-03-07,'603069,海汽集团,18.13,18.15,17.48,17.59,17.48,0.65,3.7185,9.9263,7841787,140027324.0,5729080000.0,1432270000.0
2017-03-06,'603069,海汽集团,17.48,17.5,17.15,17.25,17.29,0.19,1.0989,4.2589,3364528,58545063.0,5523680000.0,1380920000.0
2017-03-03,'603069,海汽集团,17.29,17.3,16.82,17.07,17.28,0.01,0.0579,5.3108,4195517,71436711.0,5463640000.0,1365910000.0
2017-03-02,'603069,海汽集团,17.28,17.79,17.2,17.38,17.07,0.21,1.2302,9.7241,7682035,134437682.0,5460480000.0,1365120000.0
2017-03-01,'603069,海汽集团,17.07,17.15,16.88,16.95,16.95,0.12,0.708,3.3323,2632529,44877363.0,5394120000.0,1348530000.0
2017-02-28,'603069,海汽集团,16.95,17.03,16.83,16.91,16.92,0.03,0.1773,2.0993,1658420,28028466.0,5356200000.0,1339050000.0
2017-02-27,'603069,海汽集团,16.92,17.27,16.83,17.23,17.19,-0.27,-1.5707,3.4122,2695668,45962180.0,5346720000.0,1336680000.0
2017-02-24,'603069,海汽集团,17.19,17.24,16.97,17.12,17.03,0.16,0.9395,3.6601,2891511,49501685.0,5432040000.0,1358010000.0
2017-02-23,'603069,海汽集团,17.03,17.15,16.81,16.95,16.95,0.08,0.472,4.2956,3393500,57693772.0,5381480000.0,1345370000.0
2017-02-22,'603069,海汽集团,16.95,17.11,16.8,16.92,16.94,0.01,0.059,2.8025,2214000,37506604.0,5356200000.0,1339050000.0
2017-02-21,'603069,海汽集团,16.94,17.11,16.7,16.75,16.79,0.15,0.8934,2.6937,2128013,36058982.0,5353040000.0,1338260000.0
2017-02-20,'603069,海汽集团,16.79,16.91,16.37,16.91,16.93,-0.14,-0.8269,3.9413,3113651,51818118.0,5305640000.0,1326410000.0
2017-02-17,'603069,海汽集团,16.93,17.5,16.92,17.06,17.02,-0.09,-0.5288,5.8707,4637880,79883016.0,5349880000.0,1337470000.0
2017-02-16,'603069,海汽集团,17.02,17.16,16.81,17.13,17.2,-0.18,-1.0465,3.7268,2944163,49901924.0,5378320000.0,1344580000.0
2017-02-15,'603069,海汽集团,17.2,17.49,16.99,16.99,16.99,0.21,1.236,6.4258,5076367,87771183.0,5435200000.0,1358800000.0
2017-02-14,'603069,海汽集团,16.99,17.06,16.76,16.83,16.81,0.18,1.0708,3.939,3111845,52682223.0,5368840000.0,1342210000.0
2017-02-13,'603069,海汽集团,16.81,16.95,16.42,16.49,16.5,0.31,1.8788,3.6517,2884819,48364436.0,5311960000.0,1327990000.0
2017-02-10,'603069,海汽集团,16.5,16.88,16.48,16.77,16.79,-0.29,-1.7272,2.979,2353408,39256005.0,5214000000.0,1303500000.0
2017-02-09,'603069,海汽集团,16.79,16.98,16.63,16.73,16.79,0.0,0.0,3.8738,3060308,51372422.0,5305640000.0,1326410000.0
2017-02-08,'603069,海汽集团,16.79,16.88,16.24,16.29,16.43,0.36,2.1911,5.0849,4017088,66897048.0,5305640000.0,1326410000.0
2017-02-07,'603069,海汽集团,16.43,16.59,16.21,16.45,16.64,-0.21,-1.262,4.0683,3213923,52706819.0,5191880000.0,1297970000.0
2017-02-06,'603069,海汽集团,16.64,16.88,15.66,15.68,15.68,0.96,6.1224,6.8924,5444998,89235935.0,5258240000.0,1314560000.0
2017-02-03,'603069,海汽集团,15.68,15.84,15.57,15.84,15.75,-0.07,-0.4444,1.2048,951800,14926824.0,4954880000.0,1238720000.0
2017-01-26,'603069,海汽集团,15.75,15.96,15.6,15.7,15.72,0.03,0.1908,1.6905,1335503,21062799.0,4977000000.0,1244250000.0
2017-01-25,'603069,海汽集团,15.72,15.76,15.4,15.59,15.61,0.11,0.7047,1.6693,1318741,20650374.0,4967520000.0,1241880000.0
2017-01-24,'603069,海汽集团,15.61,15.91,15.59,15.75,15.82,-0.21,-1.3274,2.3507,1857030,29119014.0,4932760000.0,1233190000.0
2017-01-23,'603069,海汽集团,15.82,15.99,15.68,15.68,15.66,0.16,1.0217,2.2784,1799928,28525408.0,4999120000.0,1249780000.0
2017-01-20,'603069,海汽集团,15.66,15.77,15.2,15.2,15.37,0.29,1.8868,3.2309,2552423,39852041.0,4948560000.0,1237140000.0
2017-01-19,'603069,海汽集团,15.37,15.67,15.05,15.31,15.31,0.06,0.3919,2.8208,2228466,34304209.0,4856920000.0,1214230000.0
2017-01-18,'603069,海汽集团,15.31,15.66,15.27,15.43,15.61,-0.3,-1.9218,2.4575,1941403,30009631.0,4837960000.0,1209490000.0
2017-01-17,'603069,海汽集团,15.61,15.69,14.73,15.11,15.17,0.44,2.9005,4.2954,3393330,51961372.0,4932760000.0,1233190000.0
2017-01-16,'603069,海汽集团,15.17,16.1,14.6,16.1,16.22,-1.05,-6.4735,5.1793,4091677,62708457.0,4793720000.0,1198430000.0
2017-01-13,'603069,海汽集团,16.22,17.13,16.05,17.13,17.2,-0.98,-5.6977,5.448,4303885,71089751.0,5125520000.0,1281380000.0
2017-01-12,'603069,海汽集团,17.2,18.13,17.17,18.02,18.03,-0.83,-4.6034,4.5927,3628227,64014441.0,5435200000.0,1358800000.0
2017-01-11,'603069,海汽集团,18.03,18.36,18.01,18.23,18.32,-0.29,-1.583,2.6605,2101799,38070343.0,5697480000.0,1424370000.0
2017-01-10,'603069,海汽集团,18.32,18.49,18.28,18.28,18.28,0.04,0.2188,2.5705,2030696,37382628.0,5789120000.0,1447280000.0
2017-01-09,'603069,海汽集团,18.28,18.34,18.01,18.17,18.33,-0.05,-0.2728,2.7908,2204738,40139471.0,5776480000.0,1444120000.0
2017-01-06,'603069,海汽集团,18.33,19.02,18.3,18.98,18.98,-0.65,-3.4247,4.3152,3409038,63272066.0,5792280000.0,1448070000.0
2017-01-05,'603069,海汽集团,18.98,19.3,18.97,19.23,19.22,-0.24,-1.2487,3.1718,2505709,47889714.0,5997680000.0,1499420000.0
2017-01-04,'603069,海汽集团,19.22,19.28,18.92,19.09,19.04,0.18,0.9454,3.3341,2633911,50330595.0,6073520000.0,1518380000.0
2017-01-03,'603069,海汽集团,19.04,19.11,18.82,18.82,18.79,0.25,1.3305,2.5428,2008784,38047878.0,6016640000.0,1504160000.0
2016-12-30,'603069,海汽集团,18.79,18.87,18.57,18.8,18.78,0.01,0.0532,2.207,1743517,32616634.0,5937640000.0,1484410000.0
2016-12-29,'603069,海汽集团,18.78,19.1,18.6,18.79,18.78,0.0,0.0,2.5461,2011400,38022495.0,5934480000.0,1483620000.0
2016-12-28,'603069,海汽集团,18.78,19.24,18.7,19.14,19.14,-0.36,-1.8809,2.959,2337644,44313675.0,5934480000.0,1483620000.0
2016-12-27,'603069,海汽集团,19.14,19.47,19.05,19.36,19.35,-0.21,-1.0853,3.1861,2517017,48481204.0,6048240000.0,1512060000.0
2016-12-26,'603069,海汽集团,19.35,19.37,18.21,18.9,19.02,0.33,1.735,3.9477,3118660,59059463.0,6114600000.0,1528650000.0
2016-12-23,'603069,海汽集团,19.02,19.7,18.98,19.46,19.62,-0.6,-3.0581,5.0423,3983421,76716493.0,6010320000.0,1502580000.0
2016-12-22,'603069,海汽集团,19.62,20.06,19.6,19.75,19.61,0.01,0.051,6.3524,5018411,99336417.0,6199920000.0,1549980000.0
2016-12-21,'603069,海汽集团,19.61,19.64,18.85,18.85,18.9,0.71,3.7566,6.2818,4962630,95878751.0,6196760000.0,1549190000.0
2016-12-20,'603069,海汽集团,18.9,19.02,18.75,18.8,18.79,0.11,0.5854,2.875,2271258,42883918.0,5972400000.0,1493100000.0
2016-12-19,'603069,海汽集团,18.79,19.08,18.7,19.06,19.06,-0.27,-1.4166,3.1647,2500140,47036046.0,5937640000.0,1484410000.0
2016-12-16,'603069,海汽集团,19.06,19.22,18.5,18.53,18.53,0.53,2.8602,4.8665,3844566,72526821.0,6022960000.0,1505740000.0
2016-12-15,'603069,海汽集团,18.53,18.84,18.11,18.15,18.32,0.21,1.1463,4.2201,3333860,61872387.0,5855480000.0,1463870000.0
2016-12-14,'603069,海汽集团,18.32,18.63,18.22,18.55,18.58,-0.26,-1.3994,3.247,2565161,47253615.0,5789120000.0,1447280000.0
2016-12-13,'603069,海汽集团,18.58,18.66,17.9,18.35,18.33,0.25,1.3639,4.9924,3943966,72229220.0,5871280000.0,1467820000.0
2016-12-12,'603069,海汽集团,18.33,19.88,18.0,19.79,19.79,-1.46,-7.3775,7.2499,5727383,108110091.0,5792280000.0,1448070000.0
2016-12-09,'603069,海汽集团,19.79,20.32,19.67,20.3,20.32,-0.53,-2.6083,5.5654,4396643,87851162.0,6253640000.0,1563410000.0
2016-12-08,'603069,海汽集团,20.32,20.62,20.28,20.56,20.62,-0.3,-1.4549,3.5639,2815500,57513351.0,6421120000.0,1605280000.0
2016-12-07,'603069,海汽集团,20.62,20.7,20.16,20.37,20.37,0.25,1.2273,4.2996,3396710,69447291.0,6515920000.0,1628980000.0
2016-12-06,'603069,海汽集团,20.37,20.77,20.23,20.23,20.19,0.18,0.8915,4.069,3214506,65928250.0,6436920000.0,1609230000.0
2016-12-05,'603069,海汽集团,20.19,20.75,20.05,20.18,20.83,-0.64,-3.0725,5.2612,4156348,84491594.0,6380040000.0,1595010000.0
2016-12-02,'603069,海汽集团,20.83,21.95,20.8,21.69,21.85,-1.02,-4.6682,7.0691,5584603,118892921.0,6582280000.0,1645570000.0
2016-12-01,'603069,海汽集团,21.85,21.86,21.21,21.51,21.42,0.43,2.0075,6.7744,5351788,115318442.0,6904600000.0,1726150000.0
2016-11-30,'603069,海汽集团,21.42,21.48,21.05,21.34,21.43,-0.01,-0.0467,4.3165,3409999,72636366.0,6768720000.0,1692180000.0
2016-11-29,'603069,海汽集团,21.43,22.19,21.28,21.75,21.89,-0.46,-2.1014,7.2657,5739891,124288896.0,6771880000.0,1692970000.0
2016-11-28,'603069,海汽集团,21.89,22.27,21.85,22.26,22.36,-0.47,-2.102,6.2271,4919406,108240780.0,6917240000.0,1729310000.0
2016-11-25,'603069,海汽集团,22.36,22.8,21.51,22.8,22.87,-0.51,-2.23,10.3611,8185243,181318991.0,7065760000.0,1766440000.0
2016-11-24,'603069,海汽集团,22.87,23.42,22.6,23.11,23.09,-0.22,-0.9528,9.7976,7740094,177626638.0,7226920000.0,1806730000.0
2016-11-23,'603069,海汽集团,23.09,23.99,22.92,23.2,23.35,-0.26,-1.1135,11.7402,9274722,216596051.0,7296440000.0,1824110000.0
2016-11-22,'603069,海汽集团,23.35,24.5,23.11,23.4,23.59,-0.24,-1.0174,20.7357,16381170,388703874.0,7378600000.0,1844650000.0
2016-11-21,'603069,海汽集团,23.59,23.96,22.15,22.36,22.3,1.29,5.7848,21.3735,16885082,393077512.0,7454440000.0,1863610000.0
2016-11-18,'603069,海汽集团,22.3,22.77,22.16,22.23,22.31,-0.01,-0.0448,9.1973,7265829,163240402.0,7046800000.0,1761700000.0
2016-11-17,'603069,海汽集团,22.31,22.45,21.81,22.03,22.19,0.12,0.5408,8.9841,7097476,157244022.0,7049960000.0,1762490000.0
2016-11-16,'603069,海汽集团,22.19,22.97,22.16,22.96,22.96,-0.77,-3.3537,14.013,11070231,248802430.0,7012040000.0,1753010000.0
2016-11-15,'603069,海汽集团,22.96,23.48,22.72,23.01,23.01,-0.05,-0.2173,14.8879,11761446,271352431.0,7255360000.0,1813840000.0
2016-11-14,'603069,海汽集团,23.01,23.89,22.66,23.54,24.12,-1.11,-4.602,23.528,18587085,428645618.0,7271160000.0,1817790000.0
2016-11-11,'603069,海汽集团,24.12,26.8,24.01,24.91,24.49,-0.37,-1.5108,45.0241,35569052,903903949.0,7621920000.0,1905480000.0
2016-11-10,'603069,海汽集团,24.49,24.49,22.31,22.5,22.26,2.23,10.018,29.7543,23505899,557264035.0,7738840000.0,1934710000.0
2016-11-09,'603069,海汽集团,22.26,22.57,21.1,22.07,22.16,0.1,0.4513,17.4386,13776461,302030143.0,7034160000.0,1758540000.0
2016-11-08,'603069,海汽集团,22.16,22.34,21.51,22.22,22.07,0.09,0.4078,14.8868,11760583,258169924.0,7002560000.0,1750640000.0
2016-11-07,'603069,海汽集团,22.07,22.69,21.71,22.4,22.2,-0.13,-0.5856,18.4442,14570918,323183020.0,6974120000.0,1743530000.0
2016-11-04,'603069,海汽集团,22.2,23.45,21.41,21.41,21.47,0.73,3.4001,34.7675,27466344,613237178.0,7015200000.0,1753800000.0
2016-11-03,'603069,海汽集团,21.47,21.78,20.05,20.1,20.35,1.12,5.5037,23.7967,18799391,395541092.0,6784520000.0,1696130000.0
2016-11-02,'603069,海汽集团,20.35,20.79,19.72,19.99,20.07,0.28,1.3951,13.3428,10540825,213654569.0,6430600000.0,1607650000.0
2016-11-01,'603069,海汽集团,20.07,20.17,19.67,19.77,19.78,0.29,1.4661,7.6353,6031903,120277822.0,6342120000.0,1585530000.0
2016-10-31,'603069,海汽集团,19.78,20.44,19.56,20.44,20.44,-0.66,-3.229,8.117,6412436,127138278.0,6250480000.0,1562620000.0
2016-10-28,'603069,海汽集团,20.44,21.15,20.21,20.21,20.24,0.2,0.9881,15.0117,11859268,246259851.0,6459040000.0,1614760000.0
2016-10-27,'603069,海汽集团,20.24,20.48,19.92,20.08,20.17,0.07,0.3471,8.543,6748967,137033726.0,6395840000.0,1598960000.0
2016-10-26,'603069,海汽集团,20.17,20.58,20.01,20.39,20.92,-0.75,-3.5851,13.1344,10376187,210477274.0,6373720000.0,1593430000.0
2016-10-25,'603069,海汽集团,20.92,21.5,19.47,19.75,19.69,1.23,6.2468,23.6936,18717934,378691074.0,6610720000.0,1652680000.0
2016-10-24,'603069,海汽集团,19.69,19.71,18.78,18.96,18.95,0.74,3.905,14.1705,11194716,218347973.0,6222040000.0,1555510000.0
2016-10-21,'603069,海汽集团,18.95,19.16,18.45,19.16,19.16,-0.21,-1.096,6.5164,5147966,97163213.0,5988200000.0,1497050000.0
2016-10-20,'603069,海汽集团,19.16,19.32,19.0,19.06,19.07,0.09,0.4719,5.258,4153800,79608796.0,6054560000.0,1513640000.0
2016-10-19,'603069,海汽集团,19.07,19.33,18.93,19.27,19.27,-0.2,-1.0379,6.9771,5511883,105145099.0,6026120000.0,1506530000.0
2016-10-18,'603069,海汽集团,19.27,19.36,18.62,18.63,18.65,0.62,3.3244,10.6874,8443044,161292721.0,6089320000.0,1522330000.0
2016-10-17,'603069,海汽集团,18.65,19.05,18.58,18.66,18.79,-0.14,-0.7451,4.6509,3674219,69058615.0,5893400000.0,1473350000.0
2016-10-14,'603069,海汽集团,18.79,18.85,18.56,18.81,18.8,-0.01,-0.0532,4.1925,3312083,61981569.0,5937640000.0,1484410000.0
2016-10-13,'603069,海汽集团,18.8,19.15,18.78,19.0,19.14,-0.34,-1.7764,5.1748,4088060,77331790.0,5940800000.0,1485200000.0
2016-10-12,'603069,海汽集团,19.14,19.5,18.75,18.84,19.0,0.14,0.7368,7.7782,6144815,117731658.0,6048240000.0,1512060000.0
2016-10-11,'603069,海汽集团,19.0,19.09,18.7,18.9,18.91,0.09,0.4759,6.8103,5380150,101437840.0,6004000000.0,1501000000.0
2016-10-10,'603069,海汽集团,18.91,19.0,18.7,18.96,18.8,0.11,0.5851,8.9205,7047172,132942091.0,5975560000.0,1493890000.0
2016-09-30,'603069,海汽集团,18.8,18.9,18.58,18.6,18.77,0.03,0.1598,7.3233,5785387,108768164.0,5940800000.0,1485200000.0
2016-09-29,'603069,海汽集团,18.77,19.0,18.11,18.23,18.15,0.62,3.416,9.1258,7209379,133481376.0,5931320000.0,1482830000.0
2016-09-28,'603069,海汽集团,18.15,18.39,18.0,18.38,18.43,-0.28,-1.5193,4.1712,3295209,59851394.0,5735400000.0,1433850000.0
2016-09-27,'603069,海汽集团,18.43,18.46,17.9,18.32,18.37,0.06,0.3266,6.8663,5424400,98754543.0,5823880000.0,1455970000.0
2016-09-26,'603069,海汽集团,18.37,19.8,18.26,19.55,20.28,-1.91,-9.4181,14.1366,11167912,211845948.0,5804920000.0,1451230000.0
2016-09-23,'603069,海汽集团,20.28,21.2,20.22,20.98,20.97,-0.69,-3.2904,12.8204,10128089,211154945.0,6408480000.0,1602120000.0
2016-09-22,'603069,海汽集团,20.97,21.05,20.83,20.97,20.97,0.0,0.0,9.7231,7681267,160970393.0,6626520000.0,1656630000.0
2016-09-21,'603069,海汽集团,20.97,21.0,20.46,20.58,20.6,0.37,1.7961,8.4559,6680124,139168978.0,6626520000.0,1656630000.0
2016-09-20,'603069,海汽集团,20.6,20.85,20.4,20.8,20.78,-0.18,-0.8662,3.761,2971187,61175340.0,6509600000.0,1627400000.0
2016-09-19,'603069,海汽集团,20.78,20.88,20.4,20.56,20.66,0.12,0.5808,4.0852,3227273,66839805.0,6566480000.0,1641620000.0
2016-09-14,'603069,海汽集团,20.66,20.92,20.59,20.8,20.91,-0.25,-1.1956,4.6448,3669416,76095257.0,6528560000.0,1632140000.0
2016-09-13,'603069,海汽集团,20.91,21.2,20.8,20.91,20.81,0.1,0.4805,5.5683,4398994,92202948.0,6607560000.0,1651890000.0
2016-09-12,'603069,海汽集团,20.81,21.3,20.7,21.3,21.89,-1.08,-4.9338,8.4823,6701036,140657155.0,6575960000.0,1643990000.0
2016-09-09,'603069,海汽集团,21.89,22.85,21.85,22.61,22.6,-0.71,-3.1416,12.0667,9532695,213138169.0,6917240000.0,1729310000.0
2016-09-08,'603069,海汽集团,22.6,22.65,21.71,21.9,21.95,0.65,2.9613,14.7644,11663869,261076427.0,7141600000.0,1785400000.0
2016-09-07,'603069,海汽集团,21.95,22.2,21.72,22.18,22.33,-0.38,-1.7017,7.9133,6251481,137342164.0,6936200000.0,1734050000.0
2016-09-06,'603069,海汽集团,22.33,22.37,21.23,21.88,21.96,0.37,1.6849,11.4829,9071529,197196637.0,7056280000.0,1764070000.0
2016-09-05,'603069,海汽集团,21.96,22.67,21.9,22.5,22.44,-0.48,-2.139,8.8386,6982481,155221246.0,6939360000.0,1734840000.0
2016-09-02,'603069,海汽集团,22.44,23.19,22.36,23.05,23.04,-0.6,-2.6042,9.7252,7682910,174584397.0,7091040000.0,1772760000.0
2016-09-01,'603069,海汽集团,23.04,23.6,23.02,23.5,23.75,-0.71,-2.9895,10.9186,8625657,200971180.0,7280640000.0,1820160000.0
2016-08-31,'603069,海汽集团,23.75,24.19,23.42,23.81,23.8,-0.05,-0.2101,13.9189,10995904,261061882.0,7505000000.0,1876250000.0
2016-08-30,'603069,海汽集团,23.8,23.85,23.17,23.17,23.17,0.63,2.719,13.9141,10992130,259719863.0,7520800000.0,1880200000.0
2016-08-29,'603069,海汽集团,23.17,23.4,22.8,23.0,23.24,-0.07,-0.3012,7.2679,5741655,132825053.0,7321720000.0,1830430000.0
2016-08-26,'603069,海汽集团,23.24,23.9,23.13,23.4,23.56,-0.32,-1.3582,10.9981,8688464,204157277.0,7343840000.0,1835960000.0
2016-08-25,'603069,海汽集团,23.56,23.77,22.71,23.4,23.78,-0.22,-0.9251,14.1872,11207851,259864303.0,7444960000.0,1861240000.0
2016-08-24,'603069,海汽集团,23.78,24.33,23.51,24.18,24.23,-0.45,-1.8572,15.3982,12164593,289823274.0,7514480000.0,1878620000.0
2016-08-23,'603069,海汽集团,24.23,24.6,24.0,24.04,23.9,0.33,1.3808,15.0377,11879752,288294603.0,7656680000.0,1914170000.0
2016-08-22,'603069,海汽集团,23.9,24.53,23.88,24.4,24.77,-0.87,-3.5123,15.9089,12568060,302521498.0,7552400000.0,1888100000.0
2016-08-19,'603069,海汽集团,24.77,26.2,24.58,26.06,26.37,-1.6,-6.0675,27.8038,21964966,553818205.0,7827320000.0,1956830000.0
2016-08-18,'603069,海汽集团,26.37,26.76,25.89,26.37,26.53,-0.16,-0.6031,24.7425,19546590,514368835.0,8332920000.0,2083230000.0
2016-08-17,'603069,海汽集团,26.53,26.79,25.75,26.62,26.88,-0.35,-1.3021,31.3108,24735551,650280286.0,8383480000.0,2095870000.0
2016-08-16,'603069,海汽集团,26.88,27.98,26.8,26.88,27.34,-0.46,-1.6825,41.962,33149996,904270931.0,8494080000.0,2123520000.0
2016-08-15,'603069,海汽集团,27.34,27.78,26.3,27.78,27.18,0.16,0.5887,54.6613,43182391,1168691551.0,8639440000.0,2159860000.0
2016-08-12,'603069,海汽集团,27.18,27.18,24.55,24.79,24.71,2.47,9.996,52.1018,41160423,1074163759.0,8588880000.0,2147220000.0
2016-08-11,'603069,海汽集团,24.71,25.58,24.0,24.35,24.72,-0.01,-0.0405,33.021,26086626,644874766.0,7808360000.0,1952090000.0
2016-08-10,'603069,海汽集团,24.72,25.67,23.86,24.36,24.8,-0.08,-0.3226,39.7231,31381284,775798976.0,7811520000.0,1952880000.0
2016-08-09,'603069,海汽集团,24.8,24.99,23.81,24.15,23.85,0.95,3.9832,40.3406,31869083,777544998.0,7836800000.0,1959200000.0
2016-08-08,'603069,海汽集团,23.85,24.57,23.31,23.61,24.38,-0.53,-2.1739,27.1542,21451785,512567411.0,7536600000.0,1884150000.0
2016-08-05,'603069,海汽集团,24.38,24.88,23.71,24.24,24.82,-0.44,-1.7728,38.8412,30684532,742616113.0,7704080000.0,1926020000.0
2016-08-04,'603069,海汽集团,24.82,27.59,24.32,25.99,25.31,-0.49,-1.936,68.1652,53850485,1394836676.0,7843120000.0,1960780000.0
2016-08-03,'603069,海汽集团,25.31,25.31,22.71,23.2,23.01,2.3,9.9957,45.5584,35991158,862077970.0,7997960000.0,1999490000.0
2016-08-02,'603069,海汽集团,23.01,23.01,21.81,23.01,20.92,2.09,9.9904,66.5762,52595211,1188076210.0,7271160000.0,1817790000.0
2016-08-01,'603069,海汽集团,20.92,20.92,20.92,20.92,19.02,1.9,9.9895,0.8145,643447,13460911.0,6610720000.0,1652680000.0
2016-07-29,'603069,海汽集团,19.02,19.02,19.02,19.02,17.29,1.73,10.0058,0.3668,289779,5511597.0,6010320000.0,1502580000.0
2016-07-28,'603069,海汽集团,17.29,17.29,17.29,17.29,15.72,1.57,9.9873,0.449,354680,6132417.0,5463640000.0,1365910000.0
2016-07-27,'603069,海汽集团,15.72,15.72,15.72,15.72,14.29,1.43,10.007,0.4451,351667,5528205.0,4967520000.0,1241880000.0
2016-07-26,'603069,海汽集团,14.29,14.29,14.29,14.29,12.99,1.3,10.0077,0.291,229856,3284642.0,4515640000.0,1128910000.0
2016-07-25,'603069,海汽集团,12.99,12.99,12.99,12.99,11.81,1.18,9.9915,0.2956,233512,3033321.0,4104840000.0,1026210000.0
2016-07-22,'603069,海汽集团,11.81,11.81,11.81,11.81,10.74,1.07,9.9628,0.1446,114254,1349340.0,3731960000.0,932990000.0
2016-07-21,'603069,海汽集团,10.74,10.74,10.74,10.74,9.76,0.98,10.041,0.0351,27700,297498.0,3393840000.0,848460000.0
2016-07-20,'603069,海汽集团,9.76,9.76,9.76,9.76,8.87,0.89,10.0338,0.031,24489,239013.0,3084160000.0,771040000.0
2016-07-19,'603069,海汽集团,8.87,8.87,8.87,8.87,8.06,0.81,10.0496,0.0157,12400,109988.0,2802920000.0,700730000.0
2016-07-18,'603069,海汽集团,8.06,8.06,8.06,8.06,7.33,0.73,9.9591,0.0408,32200,259532.0,2546960000.0,636740000.0
2016-07-15,'603069,海汽集团,7.33,7.33,7.33,7.33,6.66,0.67,10.0601,0.0181,14288,104731.0,2316280000.0,579070000.0
2016-07-14,'603069,海汽集团,6.66,6.66,6.66,6.66,6.05,0.61,10.0826,0.0134,10600,70596.0,2104560000.0,526140000.0
2016-07-13,'603069,海汽集团,6.05,6.05,6.05,6.05,5.5,0.55,10.0,0.0225,17789,107623.0,1911800000.0,477950000.0
2016-07-12,'603069,N海汽,5.5,5.5,4.58,4.58,3.82,1.68,43.9791,0.0424,33500,183238.0,1738000000.0,434500000.0
