ÈÕÆÚ,¹ÉÆ±´úÂë,Ãû³Æ,ÊÕÅÌ¼Û,×î¸ß¼Û,×îµÍ¼Û,¿ªÅÌ¼Û,Ç°ÊÕÅÌ,ÕÇµø¶î,ÕÇµø·ù,»»ÊÖÂÊ,³É½»Á¿,³É½»½ð¶î,×ÜÊÐÖµ,Á÷Í¨ÊÐÖµ
2017-05-15,'603168,É¯ÆÕ°®Ë¼,33.59,33.97,33.14,33.2,33.17,0.42,1.2662,0.556,559395,18769007.0,5953781347.34,3379355540.0
2017-05-12,'603168,É¯ÆÕ°®Ë¼,33.17,33.48,32.97,33.48,33.59,-0.42,-1.2504,0.6845,688628,22881941.0,5879336924.42,3337101020.0
2017-05-11,'603168,É¯ÆÕ°®Ë¼,33.59,34.2,32.78,33.51,34.31,-0.72,-2.0985,1.2401,1247591,41631070.0,5953781347.34,3379355540.0
2017-05-10,'603168,É¯ÆÕ°®Ë¼,34.31,35.21,34.25,35.21,35.04,-0.73,-2.0833,0.5848,588334,20526901.0,6081400358.06,3451791860.0
2017-05-09,'603168,É¯ÆÕ°®Ë¼,35.04,35.17,34.56,35.11,35.2,-0.16,-0.4545,0.6407,644580,22478627.0,6210791855.04,3525234240.0
2017-05-08,'603168,É¯ÆÕ°®Ë¼,35.2,35.23,35.01,35.15,35.16,0.04,0.1138,0.6101,613805,21563909.0,6239151635.2,3541331200.0
2017-05-05,'603168,É¯ÆÕ°®Ë¼,35.16,35.4,35.04,35.05,35.27,-0.11,-0.3119,0.5569,560232,19699304.0,6232061690.16,3537306960.0
2017-05-04,'603168,É¯ÆÕ°®Ë¼,35.27,35.45,35.05,35.16,35.16,0.11,0.3129,0.7351,739515,26060047.0,6251559039.02,3548373620.0
2017-05-03,'603168,É¯ÆÕ°®Ë¼,35.16,35.41,35.0,35.0,35.29,-0.13,-0.3684,0.8228,827802,29082451.0,6232061690.16,3537306960.0
2017-05-02,'603168,É¯ÆÕ°®Ë¼,35.29,35.67,35.21,35.67,35.58,-0.29,-0.8151,0.7416,746061,26390088.0,6255104011.54,3550385740.0
2017-04-28,'603168,É¯ÆÕ°®Ë¼,35.58,36.0,35.35,35.85,35.89,-0.31,-0.8638,1.2598,1267481,45093803.0,6306506113.08,3579561480.0
2017-04-27,'603168,É¯ÆÕ°®Ë¼,35.89,36.95,35.01,36.95,36.82,-0.93,-2.5258,1.9999,2012009,71727521.0,6361453187.14,3610749340.0
2017-04-26,'603168,É¯ÆÕ°®Ë¼,36.82,37.08,36.5,36.8,37.13,-0.31,-0.8349,1.5875,1597150,58781748.0,6526294409.32,3704312920.0
2017-04-25,'603168,É¯ÆÕ°®Ë¼,37.13,37.22,36.8,36.8,37.12,0.01,0.0269,0.6056,609234,22573863.0,6581241483.38,3735500780.0
2017-04-24,'603168,É¯ÆÕ°®Ë¼,37.12,38.12,36.99,38.12,38.14,-1.02,-2.6744,1.0425,1048835,39088651.0,6579468997.12,3734494720.0
2017-04-21,'603168,É¯ÆÕ°®Ë¼,38.14,38.28,37.85,38.11,38.0,0.14,0.3684,0.6271,630860,24039198.0,6760262595.64,3837112840.0
2017-04-20,'603168,É¯ÆÕ°®Ë¼,38.0,38.2,37.71,37.91,37.8,0.2,0.5291,0.7603,764877,29043324.0,6735447788.0,3823028000.0
2017-04-19,'603168,É¯ÆÕ°®Ë¼,37.8,38.06,37.48,38.06,38.11,-0.31,-0.8134,0.8887,894094,33658732.0,6699998062.8,3802906800.0
2017-04-18,'603168,É¯ÆÕ°®Ë¼,38.11,38.64,37.67,37.82,37.8,0.31,0.8201,0.9667,972605,37212797.0,6754945136.86,3834094660.0
2017-04-17,'603168,É¯ÆÕ°®Ë¼,37.8,38.15,37.63,38.15,38.13,-0.33,-0.8655,0.6977,701908,26546455.0,6699998062.8,3802906800.0
2017-04-14,'603168,É¯ÆÕ°®Ë¼,38.13,38.53,38.01,38.53,38.55,-0.42,-1.0895,0.7399,744396,28413497.0,6758490109.38,3836106780.0
2017-04-13,'603168,É¯ÆÕ°®Ë¼,38.55,38.65,38.32,38.4,38.33,0.22,0.574,0.5199,523014,20153469.0,6832934532.3,3878361300.0
2017-04-12,'603168,É¯ÆÕ°®Ë¼,38.33,38.6,38.23,38.6,38.59,-0.26,-0.6737,0.729,733393,28173444.0,6793939834.58,3856227980.0
2017-04-11,'603168,É¯ÆÕ°®Ë¼,38.59,38.67,38.02,38.55,38.56,0.03,0.0778,0.9883,994260,38091374.0,6840024477.34,3882385540.0
2017-04-10,'603168,É¯ÆÕ°®Ë¼,38.56,39.35,38.41,39.33,39.34,-0.78,-1.9827,1.152,1158999,44797398.0,6834707018.56,3879367360.0
2017-04-07,'603168,É¯ÆÕ°®Ë¼,39.34,39.47,39.11,39.38,39.3,0.04,0.1018,0.628,631788,24836468.0,6972960946.84,3957840040.0
2017-04-06,'603168,É¯ÆÕ°®Ë¼,39.3,39.5,39.11,39.23,39.18,0.12,0.3063,0.8357,840792,33054992.0,6965871001.8,3953815800.0
2017-04-05,'603168,É¯ÆÕ°®Ë¼,39.18,39.29,38.69,38.7,38.69,0.49,1.2665,1.053,1059359,41230409.0,6944601166.68,3941743080.0
2017-03-31,'603168,É¯ÆÕ°®Ë¼,38.69,38.77,38.46,38.6,38.58,0.11,0.2851,0.853,858145,33126284.0,6857749339.94,3892446140.0
2017-03-30,'603168,É¯ÆÕ°®Ë¼,38.58,39.06,38.1,39.06,39.0,-0.42,-1.0769,1.848,1859224,71679273.0,6838251991.08,3881379480.0
2017-03-29,'603168,É¯ÆÕ°®Ë¼,39.0,39.89,38.88,39.82,39.82,-0.82,-2.0593,1.6336,1643479,64674932.0,6912696414.0,3923634000.0
2017-03-28,'603168,É¯ÆÕ°®Ë¼,39.82,40.02,39.8,39.89,39.91,-0.09,-0.2255,0.6781,682193,27221079.0,7058040287.32,4006130920.0
2017-03-27,'603168,É¯ÆÕ°®Ë¼,39.91,40.34,39.76,40.19,40.21,-0.3,-0.7461,1.3148,1322770,52911968.0,7073992663.66,4015185460.0
2017-03-24,'603168,É¯ÆÕ°®Ë¼,40.21,40.35,40.01,40.21,40.2,0.01,0.0249,0.9308,936416,37616831.0,7127167251.46,4045367260.0
2017-03-23,'603168,É¯ÆÕ°®Ë¼,40.2,40.63,39.8,40.52,40.54,-0.34,-0.8387,2.0615,2073945,83374950.0,7125394765.2,4044361200.0
2017-03-22,'603168,É¯ÆÕ°®Ë¼,40.54,40.65,40.18,40.45,40.54,0.0,0.0,1.0542,1060598,42885745.0,7185659298.04,4078567240.0
2017-03-21,'603168,É¯ÆÕ°®Ë¼,40.54,40.62,40.28,40.38,40.31,0.23,0.5706,0.9296,935186,37851193.0,7185659298.04,4078567240.0
2017-03-20,'603168,É¯ÆÕ°®Ë¼,40.31,40.39,39.91,39.95,40.05,0.26,0.6492,0.8858,891211,35871397.0,7144892114.06,4055427860.0
2017-03-17,'603168,É¯ÆÕ°®Ë¼,40.05,40.8,40.0,40.73,40.72,-0.67,-1.6454,1.9087,1920271,77599757.0,7098807471.3,4029270300.0
2017-03-16,'603168,É¯ÆÕ°®Ë¼,40.72,40.73,40.22,40.22,40.27,0.45,1.1175,1.3761,1384465,56134576.0,7217564050.72,4096676320.0
2017-03-15,'603168,É¯ÆÕ°®Ë¼,40.27,40.31,40.09,40.16,40.27,0.0,0.0,0.6722,676322,27200254.0,7137802169.02,4051403620.0
2017-03-14,'603168,É¯ÆÕ°®Ë¼,40.27,40.53,40.1,40.28,40.25,0.02,0.0497,1.258,1265663,51013252.0,7137802169.02,4051403620.0
2017-03-13,'603168,É¯ÆÕ°®Ë¼,40.25,40.65,40.0,40.15,40.38,-0.13,-0.3219,1.3038,1311710,52890369.0,7134257196.5,4049391500.0
2017-03-10,'603168,É¯ÆÕ°®Ë¼,40.38,40.62,40.03,40.3,40.48,-0.1,-0.247,0.9292,934793,37674723.0,7157299517.88,4062470280.0
2017-03-09,'603168,É¯ÆÕ°®Ë¼,40.48,40.62,40.23,40.49,40.48,0.0,0.0,0.637,640899,25904545.0,7175024380.48,4072530880.0
2017-03-08,'603168,É¯ÆÕ°®Ë¼,40.48,40.94,40.31,40.94,40.98,-0.5,-1.2201,1.558,1567408,63556241.0,7175024380.48,4072530880.0
2017-03-07,'603168,É¯ÆÕ°®Ë¼,40.98,41.28,40.72,41.08,40.97,0.01,0.0244,0.8969,902349,36979403.0,7263648693.48,4122833880.0
2017-03-06,'603168,É¯ÆÕ°®Ë¼,40.97,41.09,40.49,40.49,40.43,0.54,1.3356,1.0502,1056569,43201614.0,7261876207.22,4121827820.0
2017-03-03,'603168,É¯ÆÕ°®Ë¼,40.43,40.61,40.15,40.61,40.61,-0.18,-0.4432,0.6539,657891,26561521.0,7166161949.18,4067500580.0
2017-03-02,'603168,É¯ÆÕ°®Ë¼,40.61,40.8,40.49,40.62,40.64,-0.03,-0.0738,0.8087,813600,33079390.0,7198066701.86,4085609660.0
2017-03-01,'603168,É¯ÆÕ°®Ë¼,40.64,40.82,40.4,40.41,40.5,0.14,0.3457,0.7268,731209,29676806.0,7203384160.64,4088627840.0
2017-02-28,'603168,É¯ÆÕ°®Ë¼,40.5,40.71,40.03,40.32,40.46,0.04,0.0989,0.8724,877656,35393644.0,7178569353.0,4074543000.0
2017-02-27,'603168,É¯ÆÕ°®Ë¼,40.46,41.33,40.4,41.23,41.82,-1.36,-3.252,1.8271,1838137,75044658.0,7171479407.96,4070518760.0
2017-02-24,'603168,É¯ÆÕ°®Ë¼,41.82,41.99,41.04,41.14,41.17,0.65,1.5788,1.5224,1531651,63398966.0,7412537539.32,4207342920.0
2017-02-23,'603168,É¯ÆÕ°®Ë¼,41.17,41.5,40.55,40.55,40.71,0.46,1.1299,1.3144,1322387,54340415.0,7297325932.42,4141949020.0
2017-02-22,'603168,É¯ÆÕ°®Ë¼,40.71,40.77,40.52,40.68,40.55,0.16,0.3946,0.7448,749293,30448843.0,7215791564.46,4095670260.0
2017-02-21,'603168,É¯ÆÕ°®Ë¼,40.55,40.64,40.12,40.29,40.3,0.25,0.6203,0.9839,989864,40009523.0,7187431784.3,4079573300.0
2017-02-20,'603168,É¯ÆÕ°®Ë¼,40.3,40.5,39.7,39.98,39.89,0.41,1.0278,0.8538,859010,34382508.0,7143119627.8,4054421800.0
2017-02-17,'603168,É¯ÆÕ°®Ë¼,39.89,40.3,39.7,40.05,40.23,-0.34,-0.8451,0.7096,713945,28507193.0,7070447691.14,4013173340.0
2017-02-16,'603168,É¯ÆÕ°®Ë¼,40.23,40.55,39.76,40.05,40.05,0.18,0.4494,0.621,624746,25109605.0,7130712223.98,4047379380.0
2017-02-15,'603168,É¯ÆÕ°®Ë¼,40.05,40.38,39.8,40.32,40.3,-0.25,-0.6203,0.8039,808785,32521715.0,7098807471.3,4029270300.0
2017-02-14,'603168,É¯ÆÕ°®Ë¼,40.3,40.42,40.12,40.3,40.31,-0.01,-0.0248,0.666,669986,26985631.0,7143119627.8,4054421800.0
2017-02-13,'603168,É¯ÆÕ°®Ë¼,40.31,40.49,39.88,39.93,39.91,0.4,1.0023,0.7959,800683,32180499.0,7144892114.06,4055427860.0
2017-02-10,'603168,É¯ÆÕ°®Ë¼,39.91,40.2,39.9,40.2,40.16,-0.25,-0.6225,0.7053,709609,28404269.0,7073992663.66,4015185460.0
2017-02-09,'603168,É¯ÆÕ°®Ë¼,40.16,40.26,39.9,39.99,40.07,0.09,0.2246,0.7208,725157,29100328.0,7118304820.16,4040336960.0
2017-02-08,'603168,É¯ÆÕ°®Ë¼,40.07,40.12,39.51,39.8,39.87,0.2,0.5016,0.8198,824788,32860520.0,7102352443.82,4031282420.0
2017-02-07,'603168,É¯ÆÕ°®Ë¼,39.87,39.98,39.56,39.93,39.95,-0.08,-0.2003,0.806,810933,32227514.0,7066902718.62,4011161220.0
2017-02-06,'603168,É¯ÆÕ°®Ë¼,39.95,39.97,39.45,39.55,39.55,0.4,1.0114,0.8358,840904,33398936.0,7081082608.7,4019209700.0
2017-02-03,'603168,É¯ÆÕ°®Ë¼,39.55,39.67,39.22,39.61,39.57,-0.02,-0.0505,0.5462,549526,21673544.0,7010183158.3,3978967300.0
2017-01-26,'603168,É¯ÆÕ°®Ë¼,39.57,39.59,39.26,39.45,39.41,0.16,0.406,0.6099,613632,24196176.0,7013728130.82,3980979420.0
2017-01-25,'603168,É¯ÆÕ°®Ë¼,39.41,39.61,38.81,39.61,39.83,-0.42,-1.0545,1.4101,1418595,55549008.0,6985368350.66,3964882460.0
2017-01-24,'603168,É¯ÆÕ°®Ë¼,39.83,39.93,39.62,39.93,39.81,0.02,0.0502,0.4219,424503,16897266.0,7059812773.58,4007136980.0
2017-01-23,'603168,É¯ÆÕ°®Ë¼,39.81,40.18,39.75,39.75,39.78,0.03,0.0754,0.4931,496044,19815853.0,7056267801.06,4005124860.0
2017-01-20,'603168,É¯ÆÕ°®Ë¼,39.78,39.94,39.14,39.14,39.33,0.45,1.1442,0.616,619762,24601479.0,7050950342.28,4002106680.0
2017-01-19,'603168,É¯ÆÕ°®Ë¼,39.33,39.55,39.02,39.3,39.43,-0.1,-0.2536,0.5446,547874,21495486.0,6971188460.58,3956833980.0
2017-01-18,'603168,É¯ÆÕ°®Ë¼,39.43,39.88,39.12,39.63,39.54,-0.11,-0.2782,0.5046,507691,20005126.0,6988913323.18,3966894580.0
2017-01-17,'603168,É¯ÆÕ°®Ë¼,39.54,39.79,38.66,38.98,38.96,0.58,1.4887,0.7413,745762,29182832.0,7008410672.04,3977961240.0
2017-01-16,'603168,É¯ÆÕ°®Ë¼,38.96,40.89,38.01,40.72,41.04,-2.08,-5.0682,2.1117,2124523,83494341.0,6905606468.96,3919609760.0
2017-01-13,'603168,É¯ÆÕ°®Ë¼,41.04,41.8,41.01,41.75,41.64,-0.6,-1.4409,0.6213,625105,25945172.0,7274283611.04,4128870240.0
2017-01-12,'603168,É¯ÆÕ°®Ë¼,41.64,41.97,41.6,41.95,41.65,-0.01,-0.024,0.5726,576095,24104077.0,7380632786.64,4189233840.0
2017-01-11,'603168,É¯ÆÕ°®Ë¼,41.65,42.24,41.58,42.02,42.11,-0.46,-1.0924,0.85,855112,35850244.0,7382405272.9,4190239900.0
2017-01-10,'603168,É¯ÆÕ°®Ë¼,42.11,42.5,42.0,42.14,42.14,-0.03,-0.0712,0.6715,675542,28515489.0,7463939640.86,4236518660.0
2017-01-09,'603168,É¯ÆÕ°®Ë¼,42.14,42.3,41.72,41.72,41.82,0.32,0.7652,0.6128,616504,25972651.0,7469257099.64,4239536840.0
2017-01-06,'603168,É¯ÆÕ°®Ë¼,41.82,42.8,41.8,42.7,42.71,-0.89,-2.0838,1.1222,1129049,47657244.0,7412537539.32,4207342920.0
2017-01-05,'603168,É¯ÆÕ°®Ë¼,42.71,42.99,42.68,42.9,42.89,-0.18,-0.4197,0.4858,488788,20938937.0,7570288816.46,4296882260.0
2017-01-04,'603168,É¯ÆÕ°®Ë¼,42.89,42.99,42.72,42.72,42.72,0.17,0.3979,0.5673,570773,24468753.0,7602193569.14,4314991340.0
2017-01-03,'603168,É¯ÆÕ°®Ë¼,42.72,43.1,42.13,42.13,42.13,0.59,1.4004,1.1929,1200177,51334956.0,7572061302.72,4297888320.0
2016-12-30,'603168,É¯ÆÕ°®Ë¼,42.13,42.42,41.92,42.13,42.13,0.0,0.0,0.5836,587145,24722828.0,7467484613.38,4238530780.0
2016-12-29,'603168,É¯ÆÕ°®Ë¼,42.13,42.44,42.07,42.07,42.16,-0.03,-0.0712,0.507,510086,21559021.0,7467484613.38,4238530780.0
2016-12-28,'603168,É¯ÆÕ°®Ë¼,42.16,42.41,41.7,41.8,42.04,0.12,0.2854,0.852,857187,36191625.0,7472802072.16,4241548960.0
2016-12-27,'603168,É¯ÆÕ°®Ë¼,42.04,42.19,41.83,42.0,42.13,-0.09,-0.2136,0.4897,492697,20693924.0,7451532237.04,4229476240.0
2016-12-26,'603168,É¯ÆÕ°®Ë¼,42.13,42.16,41.25,41.94,42.11,0.02,0.0475,0.7424,746897,31191044.0,7467484613.38,4238530780.0
2016-12-23,'603168,É¯ÆÕ°®Ë¼,42.11,42.39,41.83,42.1,42.25,-0.14,-0.3314,0.76,764614,32180809.0,7463939640.86,4236518660.0
2016-12-22,'603168,É¯ÆÕ°®Ë¼,42.25,42.29,41.61,42.0,42.05,0.2,0.4756,0.7325,736896,30887150.0,7488754448.5,4250603500.0
2016-12-21,'603168,É¯ÆÕ°®Ë¼,42.05,42.18,41.71,41.75,41.71,0.34,0.8152,0.7206,724918,30417794.0,7453304723.3,4230482300.0
2016-12-20,'603168,É¯ÆÕ°®Ë¼,41.71,41.99,41.47,41.8,41.61,0.1,0.2403,0.6468,650756,27145413.0,7393040190.46,4196276260.0
2016-12-19,'603168,É¯ÆÕ°®Ë¼,41.61,42.11,41.5,41.68,41.67,-0.06,-0.144,0.592,595615,24895618.0,7375315327.86,4186215660.0
2016-12-16,'603168,É¯ÆÕ°®Ë¼,41.67,41.75,41.14,41.4,41.25,0.42,1.0182,0.5157,518812,21541586.0,6807836250.0,4192252020.0
2016-12-15,'603168,É¯ÆÕ°®Ë¼,41.25,41.8,41.07,41.07,41.0,0.25,0.6098,0.7729,777560,32148901.0,6739218750.0,4149997500.0
2016-12-14,'603168,É¯ÆÕ°®Ë¼,41.0,41.57,40.8,41.34,41.33,-0.33,-0.7985,0.9249,930551,38282346.0,6698375000.0,4124846000.0
2016-12-13,'603168,É¯ÆÕ°®Ë¼,41.33,41.95,41.12,41.4,41.51,-0.18,-0.4336,1.0442,1050572,43522721.0,6752288750.0,4158045980.0
2016-12-12,'603168,É¯ÆÕ°®Ë¼,41.51,43.8,41.2,43.45,43.62,-2.11,-4.8372,1.8354,1846560,78105617.0,6781696250.0,4176155060.0
2016-12-09,'603168,É¯ÆÕ°®Ë¼,43.62,43.8,43.2,43.6,43.6,0.02,0.0459,0.6619,665919,28959020.0,7126417500.0,4388433720.0
2016-12-08,'603168,É¯ÆÕ°®Ë¼,43.6,44.27,43.57,43.74,43.86,-0.26,-0.5928,0.7107,714959,31379864.0,7123150000.0,4386421600.0
2016-12-07,'603168,É¯ÆÕ°®Ë¼,43.86,43.98,43.1,43.16,43.24,0.62,1.4339,0.9353,940969,41111073.0,7165627500.0,4412579160.0
2016-12-06,'603168,É¯ÆÕ°®Ë¼,43.24,43.75,43.2,43.3,43.2,0.04,0.0926,0.8516,856800,37215913.0,7064335000.0,4350203440.0
2016-12-05,'603168,É¯ÆÕ°®Ë¼,43.2,43.35,42.56,42.78,43.11,0.09,0.2088,0.8621,867369,37373549.0,7057800000.0,4346179200.0
2016-12-02,'603168,É¯ÆÕ°®Ë¼,43.11,44.34,43.1,44.25,44.27,-1.16,-2.6203,1.6334,1643290,71581219.0,7043096250.0,4337124660.0
2016-12-01,'603168,É¯ÆÕ°®Ë¼,44.27,44.48,44.0,44.19,44.19,0.08,0.181,0.8888,894221,39578961.0,7232611250.0,4453827620.0
2016-11-30,'603168,É¯ÆÕ°®Ë¼,44.19,44.45,44.01,44.14,44.15,0.04,0.0906,1.2615,1269168,56062709.0,7219541250.0,4445779140.0
2016-11-29,'603168,É¯ÆÕ°®Ë¼,44.15,44.94,44.12,44.8,44.97,-0.82,-1.8234,1.8394,1850570,82472558.0,7213006250.0,4441754900.0
2016-11-28,'603168,É¯ÆÕ°®Ë¼,44.97,45.5,44.87,45.31,45.27,-0.3,-0.6627,1.1341,1140958,51405720.0,7346973750.0,4524251820.0
2016-11-25,'603168,É¯ÆÕ°®Ë¼,45.27,45.43,44.51,45.43,45.5,-0.23,-0.5055,1.8863,1897780,85433886.0,7395986250.0,4554433620.0
2016-11-24,'603168,É¯ÆÕ°®Ë¼,45.5,46.49,45.26,46.06,46.18,-0.68,-1.4725,2.6608,2676902,122986257.0,7433562500.0,4577573000.0
2016-11-23,'603168,É¯ÆÕ°®Ë¼,46.18,46.24,45.36,45.65,45.74,0.44,0.962,3.2569,3276612,150055705.0,7544657500.0,4645985080.0
2016-11-22,'603168,É¯ÆÕ°®Ë¼,45.74,46.2,45.46,46.0,45.93,-0.19,-0.4137,2.8897,2907193,132834098.0,7472772500.0,4601718440.0
2016-11-21,'603168,É¯ÆÕ°®Ë¼,45.93,45.99,44.81,44.94,44.83,1.1,2.4537,4.1191,4144027,188289555.0,7503813750.0,4620833580.0
2016-11-18,'603168,É¯ÆÕ°®Ë¼,44.83,45.08,44.02,44.02,43.75,1.08,2.4686,3.1088,3127687,140017619.0,7324101250.0,4510166980.0
2016-11-17,'603168,É¯ÆÕ°®Ë¼,43.75,44.18,43.59,43.82,44.24,-0.49,-1.1076,1.3714,1379678,60480976.0,7147656250.0,4401512500.0
2016-11-16,'603168,É¯ÆÕ°®Ë¼,44.24,44.88,44.15,44.73,44.75,-0.51,-1.1397,1.9711,1983087,88137836.0,7227710000.0,4450809440.0
2016-11-15,'603168,É¯ÆÕ°®Ë¼,44.75,44.86,44.2,44.65,44.61,0.14,0.3138,1.3792,1387585,61740364.0,7311031250.0,4502118500.0
2016-11-14,'603168,É¯ÆÕ°®Ë¼,44.61,44.98,44.0,44.02,44.21,0.4,0.9048,2.2941,2308041,102921006.0,7288158750.0,4488033660.0
2016-11-11,'603168,É¯ÆÕ°®Ë¼,44.21,44.53,43.9,44.4,44.43,-0.22,-0.4952,2.3219,2335973,103085896.0,7222808750.0,4447791260.0
2016-11-10,'603168,É¯ÆÕ°®Ë¼,44.43,44.58,43.4,43.56,43.24,1.19,2.7521,2.7988,2815811,124252417.0,7258751250.0,4469924580.0
2016-11-09,'603168,É¯ÆÕ°®Ë¼,43.24,43.75,42.65,43.45,43.43,-0.19,-0.4375,1.9592,1971119,85336282.0,7064335000.0,4350203440.0
2016-11-08,'603168,É¯ÆÕ°®Ë¼,43.43,43.55,43.06,43.45,43.3,0.13,0.3002,1.6259,1635733,70854180.0,7095376250.0,4369318580.0
2016-11-07,'603168,É¯ÆÕ°®Ë¼,43.3,43.38,42.68,43.2,43.07,0.23,0.534,1.7793,1790063,77054438.0,7074137500.0,4356239800.0
2016-11-04,'603168,É¯ÆÕ°®Ë¼,43.07,44.07,42.94,43.8,44.21,-1.14,-2.5786,3.7925,3815489,166022739.0,7036561250.0,4333100420.0
2016-11-03,'603168,É¯ÆÕ°®Ë¼,44.21,44.68,44.03,44.36,44.57,-0.36,-0.8077,3.5148,3536070,156725625.0,7222808750.0,4447791260.0
2016-11-02,'603168,É¯ÆÕ°®Ë¼,44.57,45.5,44.49,44.5,44.7,-0.13,-0.2908,2.6831,2699346,121480505.0,7281623750.0,4484009420.0
2016-11-01,'603168,É¯ÆÕ°®Ë¼,44.7,44.98,44.15,44.51,44.53,0.17,0.3818,3.3484,3368671,150193714.0,7302862500.0,4497088200.0
2016-10-31,'603168,É¯ÆÕ°®Ë¼,44.53,44.57,43.0,43.5,43.65,0.88,2.016,2.448,2462847,108367274.0,7275088750.0,4479985180.0
2016-10-28,'603168,É¯ÆÕ°®Ë¼,43.65,44.09,43.61,43.79,43.9,-0.25,-0.5695,1.6754,1685597,73905807.0,7131318750.0,4391451900.0
2016-10-27,'603168,É¯ÆÕ°®Ë¼,43.9,44.16,43.19,43.38,43.38,0.52,1.1987,1.3834,1391783,60762545.0,7172162500.0,4416603400.0
2016-10-26,'603168,É¯ÆÕ°®Ë¼,43.38,43.85,43.2,43.68,43.6,-0.22,-0.5046,1.3639,1372190,59620926.0,7087207500.0,4364288280.0
2016-10-25,'603168,É¯ÆÕ°®Ë¼,43.6,43.8,43.07,43.35,43.16,0.44,1.0195,1.1957,1202939,52414230.0,7123150000.0,4386421600.0
2016-10-24,'603168,É¯ÆÕ°®Ë¼,43.16,43.38,42.71,42.71,42.98,0.18,0.4188,0.9953,1001378,43153265.0,7051265000.0,4342154960.0
2016-10-21,'603168,É¯ÆÕ°®Ë¼,42.98,43.33,42.62,43.3,43.31,-0.33,-0.7619,1.1504,1157403,49692297.0,7021857500.0,4324045880.0
2016-10-20,'603168,É¯ÆÕ°®Ë¼,43.31,43.71,43.26,43.26,43.33,-0.02,-0.0462,0.9756,981533,42675715.0,7075771250.0,4357245860.0
2016-10-19,'603168,É¯ÆÕ°®Ë¼,43.33,43.94,43.1,43.33,43.29,0.04,0.0924,1.0916,1098165,47699494.0,7079038750.0,4359257980.0
2016-10-18,'603168,É¯ÆÕ°®Ë¼,43.29,43.38,42.43,42.43,42.81,0.48,1.1212,1.3626,1370861,59052080.0,7072503750.0,4355233740.0
2016-10-17,'603168,É¯ÆÕ°®Ë¼,42.81,43.78,42.7,42.76,42.18,0.63,1.4936,2.6995,2715869,117617261.0,6994083750.0,4306942860.0
2016-10-14,'603168,É¯ÆÕ°®Ë¼,42.18,42.72,41.93,42.72,42.72,-0.54,-1.264,0.9576,963375,40665671.0,6891157500.0,4243561080.0
2016-10-13,'603168,É¯ÆÕ°®Ë¼,42.72,42.8,42.01,42.28,42.28,0.44,1.0407,1.0042,1010312,42842830.0,6979380000.0,4297888320.0
2016-10-12,'603168,É¯ÆÕ°®Ë¼,42.28,42.43,42.03,42.03,42.29,-0.01,-0.0236,0.5891,592625,25030673.0,6907495000.0,4253621680.0
2016-10-11,'603168,É¯ÆÕ°®Ë¼,42.29,42.6,41.81,41.81,42.13,0.16,0.3798,0.9504,956167,40376140.0,6909128750.0,4254627740.0
2016-10-10,'603168,É¯ÆÕ°®Ë¼,42.13,42.15,41.0,41.15,40.87,1.26,3.0829,1.1478,1154805,48185326.0,6882988750.0,4238530780.0
2016-09-30,'603168,É¯ÆÕ°®Ë¼,40.87,40.92,40.68,40.8,40.81,0.06,0.147,0.3431,345203,14094793.0,6677136250.0,4111767220.0
2016-09-29,'603168,É¯ÆÕ°®Ë¼,40.81,41.0,40.71,40.76,40.76,0.05,0.1227,0.4656,468410,19137468.0,6667333750.0,4105730860.0
2016-09-28,'603168,É¯ÆÕ°®Ë¼,40.76,40.82,40.5,40.82,40.78,-0.02,-0.049,0.2891,290843,11845677.0,6659165000.0,4100700560.0
2016-09-27,'603168,É¯ÆÕ°®Ë¼,40.78,40.82,40.4,40.43,40.42,0.36,0.8906,0.5753,578810,23491528.0,6662432500.0,4102712680.0
2016-09-26,'603168,É¯ÆÕ°®Ë¼,40.42,41.36,40.4,41.35,41.48,-1.06,-2.5554,0.8032,808025,33050468.0,6603617500.0,4066494520.0
2016-09-23,'603168,É¯ÆÕ°®Ë¼,41.48,41.56,41.05,41.24,41.12,0.36,0.8755,0.9428,948508,39184520.0,6776795000.0,4173136880.0
2016-09-22,'603168,É¯ÆÕ°®Ë¼,41.12,41.49,41.0,41.4,41.25,-0.13,-0.3152,0.7985,803311,33096454.0,6717980000.0,4136918720.0
2016-09-21,'603168,É¯ÆÕ°®Ë¼,41.25,41.32,40.68,40.77,40.84,0.41,1.0039,0.6781,682237,28083321.0,6739218750.0,4149997500.0
2016-09-20,'603168,É¯ÆÕ°®Ë¼,40.84,41.39,40.5,41.39,41.21,-0.37,-0.8978,0.7459,750432,30652905.0,6672235000.0,4108749040.0
2016-09-19,'603168,É¯ÆÕ°®Ë¼,41.21,41.3,40.75,40.75,40.7,0.51,1.2531,0.4818,484713,19932297.0,6732683750.0,4145973260.0
2016-09-14,'603168,É¯ÆÕ°®Ë¼,40.7,40.92,40.21,40.72,40.74,-0.04,-0.0982,0.6555,659501,26800809.0,6649362500.0,4094664200.0
2016-09-13,'603168,É¯ÆÕ°®Ë¼,40.74,41.29,40.66,41.16,41.04,-0.3,-0.731,0.6967,700896,28667492.0,6655897500.0,4098688440.0
2016-09-12,'603168,É¯ÆÕ°®Ë¼,41.04,41.6,41.02,41.42,41.97,-0.93,-2.2159,1.0049,1011034,41727974.0,6704910000.0,4128870240.0
2016-09-09,'603168,É¯ÆÕ°®Ë¼,41.97,42.36,41.82,41.99,41.96,0.01,0.0238,0.7252,729565,30621404.0,6856848750.0,4222433820.0
2016-09-08,'603168,É¯ÆÕ°®Ë¼,41.96,42.08,41.77,41.99,41.98,-0.02,-0.0476,0.6655,669522,28057525.0,6855215000.0,4221427760.0
2016-09-07,'603168,É¯ÆÕ°®Ë¼,41.98,42.55,41.51,41.91,41.87,0.11,0.2627,1.6817,1691922,71092227.0,6858482500.0,4223439880.0
2016-09-06,'603168,É¯ÆÕ°®Ë¼,41.87,41.95,41.04,41.48,41.43,0.44,1.062,1.3593,1367547,56858586.0,6840511250.0,4212373220.0
2016-09-05,'603168,É¯ÆÕ°®Ë¼,41.43,42.35,41.26,42.3,42.74,-1.31,-3.065,2.709,2725439,113715620.0,6768626250.0,4168106580.0
2016-09-02,'603168,É¯ÆÕ°®Ë¼,42.74,43.3,42.62,43.3,43.04,-0.3,-0.697,0.9485,954229,40994187.0,6982647500.0,4299900440.0
2016-09-01,'603168,É¯ÆÕ°®Ë¼,43.04,43.5,43.02,43.22,43.2,-0.16,-0.3704,0.9579,963710,41753426.0,7031660000.0,4330082240.0
2016-08-31,'603168,É¯ÆÕ°®Ë¼,43.2,43.27,42.87,43.18,43.14,0.06,0.1391,0.8212,826189,35585167.0,7057800000.0,4346179200.0
2016-08-30,'603168,É¯ÆÕ°®Ë¼,43.14,43.54,43.04,43.27,43.23,-0.09,-0.2082,0.847,852093,36889016.0,7047997500.0,4340142840.0
2016-08-29,'603168,É¯ÆÕ°®Ë¼,43.23,43.48,43.0,43.02,43.19,0.04,0.0926,0.8773,882593,38123321.0,7062701250.0,4349197380.0
2016-08-26,'603168,É¯ÆÕ°®Ë¼,43.19,43.82,43.09,43.35,43.32,-0.13,-0.3001,1.1282,1135049,49353367.0,7056166250.0,4345173140.0
2016-08-25,'603168,É¯ÆÕ°®Ë¼,43.32,43.78,42.83,43.6,43.77,-0.45,-1.0281,1.4301,1438721,62151257.0,7077405000.0,4358251920.0
2016-08-24,'603168,É¯ÆÕ°®Ë¼,43.77,44.3,43.4,44.0,44.35,-0.58,-1.3078,2.5056,2520794,110433566.0,7150923750.0,4403524620.0
2016-08-23,'603168,É¯ÆÕ°®Ë¼,44.35,44.67,43.93,44.05,44.96,-0.61,-1.3568,2.7586,2775278,122705328.0,7245681250.0,4461876100.0
2016-08-22,'603168,É¯ÆÕ°®Ë¼,44.96,48.0,44.88,45.48,43.87,1.09,2.4846,6.3829,6421615,296719196.0,7345340000.0,4523245760.0
2016-08-19,'603168,É¯ÆÕ°®Ë¼,43.87,43.88,43.39,43.45,43.37,0.5,1.1529,0.8376,842632,36771943.0,7167261250.0,4413585220.0
2016-08-18,'603168,É¯ÆÕ°®Ë¼,43.37,43.88,43.33,43.8,43.84,-0.47,-1.0721,0.9967,1002731,43692665.0,7085573750.0,4363282220.0
2016-08-17,'603168,É¯ÆÕ°®Ë¼,43.84,44.25,43.52,43.8,43.98,-0.14,-0.3183,0.9732,979072,42848563.0,7162360000.0,4410567040.0
2016-08-16,'603168,É¯ÆÕ°®Ë¼,43.98,44.41,43.77,43.82,43.8,0.18,0.411,1.2871,1294930,57093775.0,7185232500.0,4424651880.0
2016-08-15,'603168,É¯ÆÕ°®Ë¼,43.8,44.04,42.86,43.06,43.05,0.75,1.7422,1.7381,1748676,76077249.0,7155825000.0,4406542800.0
2016-08-12,'603168,É¯ÆÕ°®Ë¼,43.05,43.07,42.6,42.62,42.66,0.39,0.9142,0.7969,801770,34403122.0,7033293750.0,4331088300.0
2016-08-11,'603168,É¯ÆÕ°®Ë¼,42.66,43.51,42.6,43.51,43.42,-0.76,-1.7503,1.1222,1128991,48515302.0,6969577500.0,4291851960.0
2016-08-10,'603168,É¯ÆÕ°®Ë¼,43.42,43.56,42.8,42.8,42.9,0.52,1.2121,1.6739,1684043,72716417.0,7093742500.0,4368312520.0
2016-08-09,'603168,É¯ÆÕ°®Ë¼,42.9,42.92,42.33,42.56,42.5,0.4,0.9412,1.0639,1070312,45591681.0,7008787500.0,4315997400.0
2016-08-08,'603168,É¯ÆÕ°®Ë¼,42.5,42.55,41.6,41.99,42.08,0.42,0.9981,0.9018,907249,38263789.0,6943437500.0,4275755000.0
2016-08-05,'603168,É¯ÆÕ°®Ë¼,42.08,42.43,42.03,42.34,42.39,-0.31,-0.7313,0.7139,718184,30301005.0,6874820000.0,4233500480.0
2016-08-04,'603168,É¯ÆÕ°®Ë¼,42.39,42.57,41.8,42.38,42.39,0.0,0.0,0.9289,934564,39450352.0,6925466250.0,4264688340.0
2016-08-03,'603168,É¯ÆÕ°®Ë¼,42.39,42.48,42.06,42.06,42.31,0.08,0.1891,0.8182,823196,34806648.0,6925466250.0,4264688340.0
2016-08-02,'603168,É¯ÆÕ°®Ë¼,42.31,42.34,41.9,41.9,41.88,0.43,1.0267,0.7471,751622,31699704.0,6912396250.0,4256639860.0
2016-08-01,'603168,É¯ÆÕ°®Ë¼,41.88,42.5,41.2,42.3,42.34,-0.46,-1.0864,1.2589,1266578,52805062.0,6842145000.0,4213379280.0
2016-07-29,'603168,É¯ÆÕ°®Ë¼,42.34,43.1,42.2,42.64,42.73,-0.39,-0.9127,1.2568,1264371,53990524.0,6917297500.0,4259658040.0
2016-07-28,'603168,É¯ÆÕ°®Ë¼,42.73,42.83,41.85,42.37,42.34,0.39,0.9211,1.6908,1701066,72146196.0,6981013750.0,4298894380.0
2016-07-27,'603168,É¯ÆÕ°®Ë¼,42.34,44.54,42.3,44.49,44.45,-2.11,-4.7469,2.5288,2544160,109861513.0,6917297500.0,4259658040.0
2016-07-26,'603168,É¯ÆÕ°®Ë¼,44.45,44.48,43.65,43.66,43.65,0.8,1.8328,1.0901,1096711,48480150.0,7262018750.0,4471936700.0
2016-07-25,'603168,É¯ÆÕ°®Ë¼,43.65,44.29,43.46,44.12,44.1,-0.45,-1.0204,1.4222,1430776,62729398.0,7131318750.0,4391451900.0
2016-07-22,'603168,É¯ÆÕ°®Ë¼,44.1,45.71,44.0,45.41,45.47,-1.37,-3.013,2.0857,2098360,94212748.0,7204837500.0,4436724600.0
2016-07-21,'603168,É¯ÆÕ°®Ë¼,45.47,45.99,45.37,45.66,45.9,-0.43,-0.9368,1.5921,1601785,73107133.0,7428661250.0,4574554820.0
2016-07-20,'603168,É¯ÆÕ°®Ë¼,45.9,45.98,45.35,45.71,45.71,0.19,0.4157,1.3071,1315047,60160362.0,7498912500.0,4617815400.0
2016-07-19,'603168,É¯ÆÕ°®Ë¼,45.71,45.94,45.19,45.7,45.88,-0.17,-0.3705,1.5477,1557053,70794627.0,7467871250.0,4598700260.0
2016-07-18,'603168,É¯ÆÕ°®Ë¼,45.88,46.68,45.68,45.72,45.92,-0.04,-0.0871,1.8318,1842851,85043473.0,7495645000.0,4615803280.0
2016-07-15,'603168,É¯ÆÕ°®Ë¼,45.92,45.97,45.47,45.66,45.59,0.33,0.7238,1.287,1294808,59289886.0,7502180000.0,4619827520.0
2016-07-14,'603168,É¯ÆÕ°®Ë¼,45.59,45.93,45.27,45.9,45.88,-0.29,-0.6321,1.4979,1506989,68550058.0,7448266250.0,4586627540.0
2016-07-13,'603168,É¯ÆÕ°®Ë¼,45.88,46.75,45.71,46.4,46.29,-0.41,-0.8857,3.2281,3247682,149725098.0,7495645000.0,4615803280.0
2016-07-12,'603168,É¯ÆÕ°®Ë¼,46.29,46.3,45.03,45.36,45.5,0.79,1.7363,2.6296,2645502,121269357.0,7562628750.0,4657051740.0
2016-07-11,'603168,É¯ÆÕ°®Ë¼,45.5,46.5,45.4,46.1,46.18,-0.68,-1.4725,2.9994,3017617,138344836.0,7433562500.0,4577573000.0
2016-07-08,'603168,É¯ÆÕ°®Ë¼,46.18,47.9,46.16,46.51,46.76,-0.58,-1.2404,2.8234,2840543,133133555.0,7544657500.0,4645985080.0
2016-07-07,'603168,É¯ÆÕ°®Ë¼,46.76,47.2,45.79,46.9,47.02,-0.26,-0.553,3.4712,3492241,162427752.0,7639415000.0,4704336560.0
2016-07-06,'603168,É¯ÆÕ°®Ë¼,47.02,47.69,44.9,45.15,45.47,1.55,3.4088,4.2435,4269223,198626814.0,7681892500.0,4730494120.0
2016-07-05,'603168,É¯ÆÕ°®Ë¼,45.47,45.88,44.66,45.48,45.16,0.31,0.6864,2.5991,2614891,118151560.0,7428661250.0,4574554820.0
2016-07-04,'603168,É¯ÆÕ°®Ë¼,45.16,45.38,43.58,43.76,44.01,1.15,2.613,2.7999,2816872,125915808.0,7378015000.0,4543366960.0
2016-07-01,'603168,É¯ÆÕ°®Ë¼,44.01,44.46,43.89,44.25,44.0,0.01,0.0227,1.5545,1563932,69005989.0,7190133750.0,4427670060.0
2016-06-30,'603168,É¯ÆÕ°®Ë¼,44.0,44.65,43.81,43.95,43.94,0.06,0.1365,2.1503,2163367,95620575.0,7188500000.0,4426664000.0
2016-06-29,'603168,É¯ÆÕ°®Ë¼,43.94,44.66,43.78,44.39,44.49,-0.55,-1.2362,1.9538,1965657,86735130.0,7178697500.0,4420627640.0
2016-06-28,'603168,É¯ÆÕ°®Ë¼,44.49,44.68,43.1,43.65,43.73,0.76,1.7379,2.9807,2998796,131961147.0,7268553750.0,4475960940.0
2016-06-27,'603168,É¯ÆÕ°®Ë¼,43.73,43.94,42.39,42.39,42.96,0.77,1.7924,2.1079,2120674,92085905.0,7144388750.0,4399500380.0
2016-06-24,'603168,É¯ÆÕ°®Ë¼,42.96,43.67,41.87,43.1,43.36,-0.4,-0.9225,3.5377,3559109,152604863.0,7018590000.0,4322033760.0
2016-06-23,'603168,É¯ÆÕ°®Ë¼,43.36,44.31,43.3,44.23,44.55,-1.19,-2.6712,3.1662,3185410,139164479.0,7083940000.0,4362276160.0
2016-06-22,'603168,É¯ÆÕ°®Ë¼,44.55,44.68,43.66,44.01,44.16,0.39,0.8832,2.2905,2304355,101852606.0,7278356250.0,4481997300.0
2016-06-21,'603168,É¯ÆÕ°®Ë¼,44.16,45.38,43.71,44.18,43.99,0.17,0.3865,3.7236,3746141,166653267.0,7214640000.0,4442760960.0
2016-06-20,'603168,É¯ÆÕ°®Ë¼,43.99,44.8,43.27,44.28,44.27,-0.28,-0.6325,2.7328,2749383,121125654.0,7186866250.0,4425657940.0
2016-06-17,'603168,É¯ÆÕ°®Ë¼,44.27,45.81,43.68,44.75,44.74,-0.47,-1.0505,4.4364,4463265,198503019.0,7232611250.0,4453827620.0
2016-06-16,'603168,É¯ÆÕ°®Ë¼,44.74,46.07,43.89,44.22,44.66,0.08,0.1791,5.3002,5332303,239874252.0,7309397500.0,4501112440.0
2016-06-15,'603168,É¯ÆÕ°®Ë¼,44.66,45.54,41.03,41.4,42.0,2.66,6.3333,5.1329,5163999,225674012.0,7296327500.0,4493063960.0
2016-06-14,'603168,É¯ÆÕ°®Ë¼,42.0,42.66,40.02,40.38,40.57,1.43,3.5248,3.1483,3167339,131573218.0,6861750000.0,4225452000.0
2016-06-13,'603168,É¯ÆÕ°®Ë¼,40.57,43.52,40.5,41.01,41.66,-1.09,-2.6164,4.2812,4307183,181745079.0,6628123750.0,4081585420.0
2016-06-08,'603168,É¯ÆÕ°®Ë¼,41.66,42.28,40.9,41.46,41.6,0.06,0.1442,1.9487,1960538,81441252.0,6806202500.0,4191245960.0
2016-06-07,'603168,É¯ÆÕ°®Ë¼,41.6,41.7,40.87,41.39,41.43,0.17,0.4103,1.631,1640924,67656826.0,6796400000.0,4185209600.0
2016-06-06,'603168,É¯ÆÕ°®Ë¼,41.43,41.68,40.7,41.39,41.28,0.15,0.3634,2.22,2233468,91972557.0,6768626250.0,4168106580.0
2016-06-03,'603168,É¯ÆÕ°®Ë¼,41.28,41.5,39.91,40.03,40.09,1.19,2.9683,3.8892,3912786,160976375.0,6744120000.0,4153015680.0
2016-06-02,'603168,É¯ÆÕ°®Ë¼,40.09,40.1,39.52,39.8,39.86,0.23,0.577,1.7675,1778199,70838765.0,6549703750.0,4033294540.0
2016-06-01,'603168,É¯ÆÕ°®Ë¼,39.86,40.35,39.65,40.14,40.12,-0.26,-0.6481,2.9395,2957268,117981399.0,6512127500.0,4010155160.0
2016-05-31,'603168,É¯ÆÕ°®Ë¼,40.12,40.13,38.3,38.3,38.52,1.6,4.1537,2.1117,2124464,84111182.0,6554605000.0,4036312720.0
2016-05-30,'603168,É¯ÆÕ°®Ë¼,38.52,38.89,38.16,38.38,38.6,-0.08,-0.2073,0.5844,587966,22653465.0,6293205000.0,3875343120.0
2016-05-27,'603168,É¯ÆÕ°®Ë¼,38.6,38.78,38.28,38.68,38.72,-0.12,-0.3099,0.7609,765466,29533154.0,6306275000.0,3883391600.0
2016-05-26,'603168,É¯ÆÕ°®Ë¼,38.72,38.86,37.61,38.6,38.88,-0.16,-0.4115,1.2804,1288146,49106077.0,6325880000.0,3895464320.0
2016-05-25,'603168,É¯ÆÕ°®Ë¼,38.88,39.5,38.56,39.3,39.14,-0.26,-0.6643,0.9998,1005846,39321390.0,6352020000.0,3911561280.0
2016-05-24,'603168,É¯ÆÕ°®Ë¼,39.14,39.97,38.8,39.97,39.95,-0.81,-2.0275,1.8383,1849490,72354483.0,6394497500.0,3937718840.0
2016-05-23,'603168,É¯ÆÕ°®Ë¼,39.95,40.39,39.36,39.69,39.35,0.6,1.5248,1.085,1091526,43569879.0,6526831250.0,4019209700.0
2016-05-20,'603168,É¯ÆÕ°®Ë¼,39.35,39.4,38.59,38.81,38.83,0.52,1.3392,0.625,628763,24504388.0,6428806250.0,3958846100.0
2016-05-19,'603168,É¯ÆÕ°®Ë¼,38.83,39.8,38.7,38.7,39.05,-0.22,-0.5634,1.0496,1055953,41510448.0,6343851250.0,3906530980.0
2016-05-18,'603168,É¯ÆÕ°®Ë¼,39.05,39.97,38.52,39.97,40.3,-1.25,-3.1017,1.282,1289763,50445398.0,6379793750.0,3928664300.0
2016-05-17,'603168,É¯ÆÕ°®Ë¼,40.3,40.99,39.01,39.3,39.43,0.87,2.2064,1.7388,1749342,70199839.0,6584012500.0,4054421800.0
2016-05-16,'603168,É¯ÆÕ°®Ë¼,39.43,39.49,38.38,38.52,38.82,0.61,1.5714,0.767,771688,30243044.0,6441876250.0,3966894580.0
2016-05-13,'603168,XDÉ¯ÆÕ°®,38.82,39.3,38.61,38.98,38.98,-0.16,-0.4105,0.6057,609408,23667552.0,6342217500.0,3905524920.0
2016-05-12,'603168,É¯ÆÕ°®Ë¼,39.31,39.45,38.11,38.5,39.28,0.03,0.0764,0.8424,847522,32922887.0,6422271250.0,3954821860.0
2016-05-11,'603168,É¯ÆÕ°®Ë¼,39.28,40.23,38.4,38.9,38.57,0.71,1.8408,1.2722,1279929,50280196.0,6417370000.0,3951803680.0
2016-05-10,'603168,É¯ÆÕ°®Ë¼,38.57,38.96,38.3,38.3,38.65,-0.08,-0.207,0.915,920513,35574737.0,6301373750.0,3880373420.0
2016-05-09,'603168,É¯ÆÕ°®Ë¼,38.65,39.3,38.3,39.2,39.9,-1.25,-3.1328,1.1437,1150677,44701048.0,6314443750.0,3888421900.0
2016-05-06,'603168,É¯ÆÕ°®Ë¼,39.9,42.2,39.86,41.7,41.82,-1.92,-4.5911,1.7361,1746582,71558885.0,6518662500.0,4014179400.0
2016-05-05,'603168,É¯ÆÕ°®Ë¼,41.82,42.21,41.1,41.1,41.69,0.13,0.3118,1.082,1088525,45570802.0,6832342500.0,4207342920.0
2016-05-04,'603168,É¯ÆÕ°®Ë¼,41.69,42.64,41.6,42.16,42.25,-0.56,-1.3254,2.3302,2344282,98737019.0,6811103750.0,4194264140.0
2016-05-03,'603168,É¯ÆÕ°®Ë¼,42.25,42.48,40.96,41.03,40.95,1.3,3.1746,1.7612,1771828,74342208.0,6902593750.0,4250603500.0
2016-04-29,'603168,É¯ÆÕ°®Ë¼,40.95,41.39,40.0,40.0,40.42,0.53,1.3112,1.3215,1329537,54391008.0,6690206250.0,4119815700.0
2016-04-28,'603168,É¯ÆÕ°®Ë¼,40.42,40.89,39.61,40.09,39.54,0.88,2.2256,1.5668,1576279,63406641.0,6603617500.0,4066494520.0
2016-04-27,'603168,É¯ÆÕ°®Ë¼,39.54,40.22,39.44,39.5,39.4,0.14,0.3553,1.0439,1050265,41797475.0,6459847500.0,3977961240.0
2016-04-26,'603168,É¯ÆÕ°®Ë¼,39.4,39.45,38.51,38.8,38.5,0.9,2.3377,1.0365,1042819,40826401.0,6436975000.0,3963876400.0
2016-04-25,'603168,É¯ÆÕ°®Ë¼,38.5,38.94,38.08,38.94,38.97,-0.47,-1.2061,0.6599,663851,25491978.0,6289937500.0,3873331000.0
2016-04-22,'603168,É¯ÆÕ°®Ë¼,38.97,39.08,38.3,38.55,38.89,0.08,0.2057,1.0172,1023360,39623960.0,6366723750.0,3920615820.0
2016-04-21,'603168,É¯ÆÕ°®Ë¼,38.89,39.77,38.74,39.08,39.74,-0.85,-2.1389,1.1308,1137700,44718981.0,6353653750.0,3912567340.0
2016-04-20,'603168,É¯ÆÕ°®Ë¼,39.74,42.34,38.82,42.18,42.07,-2.33,-5.5384,1.8296,1840718,74466100.0,6492522500.0,3998082440.0
2016-04-19,'603168,É¯ÆÕ°®Ë¼,42.07,42.79,41.6,42.78,42.2,-0.13,-0.3081,1.2071,1214416,51045638.0,6873186250.0,4232494420.0
2016-04-18,'603168,É¯ÆÕ°®Ë¼,42.2,42.89,42.01,42.89,43.41,-1.21,-2.7874,1.8896,1901080,80525461.0,6894425000.0,4245573200.0
2016-04-15,'603168,É¯ÆÕ°®Ë¼,43.41,43.88,41.5,41.7,41.64,1.77,4.2507,2.7174,2733820,116442213.0,7092108750.0,4367306460.0
2016-04-14,'603168,É¯ÆÕ°®Ë¼,41.64,41.73,41.21,41.25,41.25,0.39,0.9455,1.3575,1365751,56597621.0,6802935000.0,4189233840.0
2016-04-13,'603168,É¯ÆÕ°®Ë¼,41.25,41.98,40.96,40.96,40.74,0.51,1.2518,2.2185,2231984,92619694.0,6739218750.0,4149997500.0
2016-04-12,'603168,É¯ÆÕ°®Ë¼,40.74,41.65,40.1,40.84,40.84,-0.1,-0.2449,1.8433,1854493,76041976.0,6655897500.0,4098688440.0
2016-04-11,'603168,É¯ÆÕ°®Ë¼,40.84,41.0,39.92,39.92,39.87,0.97,2.4329,1.421,1429609,58160810.0,6672235000.0,4108749040.0
2016-04-08,'603168,É¯ÆÕ°®Ë¼,39.87,39.98,39.38,39.98,39.98,-0.11,-0.2751,1.2237,1231132,48813784.0,6513761250.0,4011161220.0
2016-04-07,'603168,É¯ÆÕ°®Ë¼,39.98,41.3,39.9,41.24,40.98,-1.0,-2.4402,1.6769,1687022,68601216.0,6531732500.0,4022227880.0
2016-04-06,'603168,É¯ÆÕ°®Ë¼,40.98,41.4,40.58,40.75,41.08,-0.1,-0.2434,1.707,1717301,70434831.0,6695107500.0,4122833880.0
2016-04-05,'603168,É¯ÆÕ°®Ë¼,41.08,41.25,39.8,40.15,40.2,0.88,2.1891,1.6941,1704352,69130523.0,6711445000.0,4132894480.0
2016-04-01,'603168,É¯ÆÕ°®Ë¼,40.2,41.0,39.8,41.0,41.34,-1.14,-2.7576,1.9471,1958866,78780722.0,6567675000.0,4044361200.0
2016-03-31,'603168,É¯ÆÕ°®Ë¼,41.34,41.93,41.05,41.44,42.62,-1.28,-3.0033,3.533,3554406,147566700.0,6753922500.0,4159052040.0
2016-03-30,'603168,É¯ÆÕ°®Ë¼,42.62,42.8,39.47,39.47,39.29,3.33,8.4754,2.2304,2243957,91967169.0,6963042500.0,4287827720.0
2016-03-29,'603168,É¯ÆÕ°®Ë¼,39.29,40.68,38.5,40.6,40.47,-1.18,-2.9157,1.4619,1470766,58296953.0,6419003750.0,3952809740.0
2016-03-28,'603168,É¯ÆÕ°®Ë¼,40.47,41.75,39.29,39.29,39.26,1.21,3.082,2.6807,2696925,109921699.0,6611786250.0,4071524820.0
2016-03-25,'603168,É¯ÆÕ°®Ë¼,39.26,39.59,38.7,39.0,39.16,0.1,0.2554,1.016,1022111,39970980.0,6414102500.0,3949791560.0
2016-03-24,'603168,É¯ÆÕ°®Ë¼,39.16,39.97,39.12,39.7,40.08,-0.92,-2.2954,1.2458,1253341,49621547.0,6397765000.0,3939730960.0
2016-03-23,'603168,É¯ÆÕ°®Ë¼,40.08,40.15,39.23,39.32,39.89,0.19,0.4763,1.4399,1448581,57537566.0,6548070000.0,4032288480.0
2016-03-22,'603168,É¯ÆÕ°®Ë¼,39.89,40.85,39.4,39.8,39.66,0.23,0.5799,1.9839,1995921,80503316.0,6517028750.0,4013173340.0
2016-03-21,'603168,É¯ÆÕ°®Ë¼,39.66,39.93,39.14,39.25,39.21,0.45,1.1477,2.1477,2160672,85351126.0,6479452500.0,3990033960.0
2016-03-18,'603168,É¯ÆÕ°®Ë¼,39.21,39.48,37.61,37.61,37.96,1.25,3.2929,2.6391,2655059,103016663.0,6405933750.0,3944761260.0
2016-03-17,'603168,É¯ÆÕ°®Ë¼,37.96,38.28,36.65,37.2,36.95,1.01,2.7334,1.4692,1478078,55768024.0,6201715000.0,3819003760.0
2016-03-16,'603168,É¯ÆÕ°®Ë¼,36.95,38.08,36.75,37.78,37.5,-0.55,-1.4667,0.9219,927468,34536951.0,6036706250.0,3717391700.0
2016-03-15,'603168,É¯ÆÕ°®Ë¼,37.5,38.18,37.12,38.18,38.16,-0.66,-1.7296,1.4908,1499841,56493348.0,6126562500.0,3772725000.0
2016-03-14,'603168,É¯ÆÕ°®Ë¼,38.16,38.59,36.92,37.5,36.88,1.28,3.4707,2.4115,2426150,91926691.0,6234390000.0,3839124960.0
2016-03-11,'603168,É¯ÆÕ°®Ë¼,36.88,37.12,35.41,35.77,35.48,1.4,3.9459,1.7235,1733957,63466303.0,6025270000.0,3710349280.0
2016-03-10,'603168,É¯ÆÕ°®Ë¼,35.48,36.19,35.41,35.92,35.88,-0.4,-1.1148,0.5079,510935,18303367.0,5796545000.0,3569500880.0
2016-03-09,'603168,É¯ÆÕ°®Ë¼,35.88,36.3,35.5,35.5,36.38,-0.5,-1.3744,0.4704,473226,16978182.0,5861895000.0,3609743280.0
2016-03-08,'603168,É¯ÆÕ°®Ë¼,36.38,36.51,35.0,36.51,36.34,0.04,0.1101,0.9342,939858,33606142.0,5943582500.0,3660046280.0
2016-03-07,'603168,É¯ÆÕ°®Ë¼,36.34,36.89,35.6,35.88,35.5,0.84,2.3662,0.8321,837107,30446758.0,5937047500.0,3656022040.0
2016-03-04,'603168,É¯ÆÕ°®Ë¼,35.5,36.85,34.69,36.52,36.89,-1.39,-3.768,1.1135,1120265,40166130.0,5799812500.0,3571513000.0
2016-03-03,'603168,É¯ÆÕ°®Ë¼,36.89,37.3,36.51,36.86,36.78,0.11,0.2991,1.4125,1421062,52415144.0,6026903750.0,3711355340.0
2016-03-02,'603168,É¯ÆÕ°®Ë¼,36.78,37.15,35.0,35.1,35.41,1.37,3.869,1.5427,1552078,56131262.0,6008932500.0,3700288680.0
2016-03-01,'603168,É¯ÆÕ°®Ë¼,35.41,35.68,34.48,34.5,34.57,0.84,2.4299,0.8604,865571,30395419.0,5785108750.0,3562458460.0
2016-02-29,'603168,É¯ÆÕ°®Ë¼,34.57,36.5,34.01,36.5,36.65,-2.08,-5.6753,1.5728,1582308,55073463.0,5647873750.0,3477949420.0
2016-02-26,'603168,É¯ÆÕ°®Ë¼,36.65,36.97,36.0,36.52,36.29,0.36,0.992,1.3313,1339402,48919443.0,5987693750.0,3687209900.0
2016-02-25,'603168,É¯ÆÕ°®Ë¼,36.29,40.34,36.26,40.34,40.29,-4.0,-9.928,2.7014,2717741,102944181.0,5928878750.0,3650991740.0
2016-02-24,'603168,É¯ÆÕ°®Ë¼,40.29,40.87,39.5,40.55,40.55,-0.26,-0.6412,1.769,1779674,71366554.0,6582378750.0,4053415740.0
2016-02-23,'603168,É¯ÆÕ°®Ë¼,40.55,41.68,40.01,41.68,41.78,-1.23,-2.944,3.1444,3163443,128558754.0,6624856250.0,4079573300.0
2016-02-22,'603168,É¯ÆÕ°®Ë¼,41.78,41.98,38.6,38.88,38.39,3.39,8.8304,3.547,3568491,141337150.0,6825807500.0,4203318680.0
2016-02-19,'603168,É¯ÆÕ°®Ë¼,38.39,38.9,37.9,38.9,38.73,-0.34,-0.8779,1.8092,1820161,69767132.0,6271966250.0,3862264340.0
2016-02-18,'603168,É¯ÆÕ°®Ë¼,38.73,39.89,38.61,39.4,39.24,-0.51,-1.2997,1.9304,1942121,75696226.0,6327513750.0,3896470380.0
2016-02-17,'603168,É¯ÆÕ°®Ë¼,39.24,39.24,38.26,39.0,39.06,0.18,0.4608,1.6792,1689346,65440152.0,6410835000.0,3947779440.0
2016-02-16,'603168,É¯ÆÕ°®Ë¼,39.06,39.49,37.19,37.52,37.05,2.01,5.4251,1.3208,1328813,51286981.0,6381427500.0,3929670360.0
2016-02-15,'603168,É¯ÆÕ°®Ë¼,37.05,37.49,35.9,36.35,37.57,-0.52,-1.3841,0.6985,702735,25776576.0,6053043750.0,3727452300.0
2016-02-05,'603168,É¯ÆÕ°®Ë¼,37.57,38.36,37.41,38.36,38.17,-0.6,-1.5719,1.0394,1045685,39412565.0,6137998750.0,3779767420.0
2016-02-04,'603168,É¯ÆÕ°®Ë¼,38.17,38.27,37.34,37.34,37.35,0.82,2.1954,0.8775,882837,33534247.0,6236023750.0,3840131020.0
2016-02-03,'603168,É¯ÆÕ°®Ë¼,37.35,37.58,36.45,37.4,37.83,-0.48,-1.2688,0.9356,941316,34772340.0,6102056250.0,3757634100.0
2016-02-02,'603168,É¯ÆÕ°®Ë¼,37.83,38.0,36.63,36.63,36.62,1.21,3.3042,0.6839,688090,25903125.0,6180476250.0,3805924980.0
2016-02-01,'603168,É¯ÆÕ°®Ë¼,36.62,37.66,36.0,37.6,37.16,-0.54,-1.4532,0.6263,630116,23268276.0,5982792500.0,3684191720.0
2016-01-29,'603168,É¯ÆÕ°®Ë¼,37.16,37.5,35.7,35.98,35.91,1.25,3.4809,0.8065,811347,29788517.0,6071015000.0,3738518960.0
2016-01-28,'603168,É¯ÆÕ°®Ë¼,35.91,37.75,35.89,37.75,37.89,-1.98,-5.2257,0.8686,873911,32054723.0,5866796250.0,3612761460.0
2016-01-27,'603168,É¯ÆÕ°®Ë¼,37.89,38.3,36.18,37.8,37.54,0.35,0.9323,0.8528,857961,31900730.0,6190278750.0,3811961340.0
2016-01-26,'603168,É¯ÆÕ°®Ë¼,37.54,40.7,37.3,40.0,39.99,-2.45,-6.1265,1.1886,1195781,46663125.0,6133097500.0,3776749240.0
2016-01-25,'603168,É¯ÆÕ°®Ë¼,39.99,40.95,39.23,39.23,39.07,0.92,2.3547,1.1385,1145359,46211458.0,6533366250.0,4023233940.0
2016-01-22,'603168,É¯ÆÕ°®Ë¼,39.07,40.0,38.2,39.88,39.39,-0.32,-0.8124,0.84,845058,32954434.0,6383061250.0,3930676420.0
2016-01-21,'603168,É¯ÆÕ°®Ë¼,39.39,40.66,39.34,40.15,41.07,-1.68,-4.0906,1.2011,1208334,48280957.0,6435341250.0,3962870340.0
2016-01-20,'603168,É¯ÆÕ°®Ë¼,41.07,42.3,40.28,41.35,42.29,-1.22,-2.8848,1.5595,1568995,64441545.0,6709811250.0,4131888420.0
2016-01-19,'603168,É¯ÆÕ°®Ë¼,42.29,42.52,40.25,40.53,40.93,1.36,3.3227,1.2606,1268195,52546073.0,6909128750.0,4254627740.0
2016-01-18,'603168,É¯ÆÕ°®Ë¼,40.93,41.47,39.19,39.53,40.49,0.44,1.0867,0.9417,947368,38521580.0,6686938750.0,4117803580.0
2016-01-15,'603168,É¯ÆÕ°®Ë¼,40.49,41.68,40.0,41.68,41.68,-1.19,-2.8551,1.0031,1009168,41181555.0,6615053750.0,4073536940.0
2016-01-14,'603168,É¯ÆÕ°®Ë¼,41.68,41.8,37.77,38.39,39.17,2.51,6.408,1.2026,1209900,48603570.0,6809470000.0,4193258080.0
2016-01-13,'603168,É¯ÆÕ°®Ë¼,39.17,40.8,39.01,39.66,39.66,-0.49,-1.2355,1.1064,1113120,44498203.0,6399398750.0,3940737020.0
2016-01-12,'603168,É¯ÆÕ°®Ë¼,39.66,40.29,37.55,38.9,38.34,1.32,3.4429,1.4701,1478981,57740657.0,6479452500.0,3990033960.0
2016-01-11,'603168,É¯ÆÕ°®Ë¼,38.34,41.98,38.23,39.66,42.48,-4.14,-9.7458,1.8623,1873551,75232819.0,6263797500.0,3857234040.0
2016-01-08,'603168,É¯ÆÕ°®Ë¼,42.48,43.98,39.4,43.1,42.65,-0.17,-0.3986,1.8978,1909283,81504555.0,6940170000.0,4273742880.0
2016-01-07,'603168,É¯ÆÕ°®Ë¼,42.65,46.7,42.62,46.7,47.36,-4.71,-9.9451,0.4141,416600,18339736.0,6967943750.0,4290845900.0
2016-01-06,'603168,É¯ÆÕ°®Ë¼,47.36,47.49,45.0,46.02,46.01,1.35,2.9341,1.5136,1522728,70505358.0,7737440000.0,4764700160.0
2016-01-05,'603168,É¯ÆÕ°®Ë¼,46.01,49.89,44.96,47.8,49.96,-3.95,-7.9063,2.5448,2560185,120241978.0,7516883750.0,4628882060.0
2016-01-04,'603168,É¯ÆÕ°®Ë¼,49.96,55.5,49.8,54.82,55.08,-5.12,-9.2956,1.2348,1242311,64606363.0,8162215000.0,5026275760.0
2015-12-31,'603168,É¯ÆÕ°®Ë¼,55.08,55.98,54.01,54.49,54.2,0.88,1.6236,1.5845,1594121,87833673.0,8998695000.0,5541378480.0
2015-12-30,'603168,É¯ÆÕ°®Ë¼,54.2,54.58,53.61,54.5,54.2,0.0,0.0,0.697,701244,37887931.0,8854925000.0,5452845200.0
2015-12-29,'603168,É¯ÆÕ°®Ë¼,54.2,54.25,53.41,53.51,53.52,0.68,1.2706,0.7936,798450,43005532.0,8854925000.0,5452845200.0
2015-12-28,'603168,É¯ÆÕ°®Ë¼,53.52,56.55,53.5,55.95,55.53,-2.01,-3.6197,1.5468,1556200,85996025.0,8743830000.0,5384433120.0
2015-12-25,'603168,É¯ÆÕ°®Ë¼,55.53,56.11,55.1,55.65,55.65,-0.12,-0.2156,0.6769,680970,37866445.0,9072213750.0,5586651180.0
2015-12-24,'603168,É¯ÆÕ°®Ë¼,55.65,55.77,54.8,55.0,55.24,0.41,0.7422,0.8191,824063,45646073.0,9091818750.0,5598723900.0
2015-12-23,'603168,É¯ÆÕ°®Ë¼,55.24,56.98,55.1,56.65,56.52,-1.28,-2.2647,1.5625,1571992,87517764.0,9024835000.0,5557475440.0
2015-12-22,'603168,É¯ÆÕ°®Ë¼,56.52,57.98,55.88,57.59,57.54,-1.02,-1.7727,1.5375,1546851,87270879.0,9233955000.0,5686251120.0
2015-12-21,'603168,É¯ÆÕ°®Ë¼,57.54,58.49,56.13,56.55,56.52,1.02,1.8047,2.1402,2153201,124444414.0,9400597500.0,5788869240.0
2015-12-18,'603168,É¯ÆÕ°®Ë¼,56.52,57.99,54.64,55.08,55.17,1.35,2.447,2.7693,2786047,158120533.0,9233955000.0,5686251120.0
2015-12-17,'603168,É¯ÆÕ°®Ë¼,55.17,55.39,54.0,54.0,53.84,1.33,2.4703,1.7646,1775270,97223273.0,9013398750.0,5550433020.0
2015-12-16,'603168,É¯ÆÕ°®Ë¼,53.84,54.8,53.65,54.28,53.98,-0.14,-0.2594,1.1739,1181002,64131952.0,8796110000.0,5416627040.0
2015-12-15,'603168,É¯ÆÕ°®Ë¼,53.98,54.48,52.9,53.0,52.78,1.2,2.2736,1.2895,1297328,70008494.0,8818982500.0,5430711880.0
2015-12-14,'603168,É¯ÆÕ°®Ë¼,52.78,52.97,51.8,52.44,52.99,-0.21,-0.3963,1.2785,1286266,67202129.0,8622932500.0,5309984680.0
2015-12-11,'603168,É¯ÆÕ°®Ë¼,52.99,53.9,52.36,52.5,53.11,-0.12,-0.2259,0.8591,864272,45685777.0,8657241250.0,5331111940.0
2015-12-10,'603168,É¯ÆÕ°®Ë¼,53.11,55.75,53.0,55.05,55.05,-1.94,-3.5241,1.6781,1688285,90776995.0,8676846250.0,5343184660.0
2015-12-09,'603168,É¯ÆÕ°®Ë¼,55.05,56.94,54.8,56.0,56.68,-1.63,-2.8758,2.1365,2149454,119478632.0,8993793750.0,5538360300.0
2015-12-08,'603168,É¯ÆÕ°®Ë¼,56.68,58.49,53.0,53.48,53.95,2.73,5.0602,3.3339,3354064,188178369.0,9260095000.0,5702348080.0
2015-12-07,'603168,É¯ÆÕ°®Ë¼,53.95,54.2,51.98,53.75,53.67,0.28,0.5217,1.1133,1120044,59603095.0,8814081250.0,5427693700.0
2015-12-04,'603168,É¯ÆÕ°®Ë¼,53.67,54.6,53.2,53.48,54.28,-0.61,-1.1238,1.18,1187147,63996934.0,8768336250.0,5399524020.0
2015-12-03,'603168,É¯ÆÕ°®Ë¼,54.28,54.7,52.13,53.57,53.07,1.21,2.28,1.8558,1867009,99665330.0,8867995000.0,5460893680.0
2015-12-02,'603168,É¯ÆÕ°®Ë¼,53.07,55.98,52.0,55.52,55.3,-2.23,-4.0325,1.331,1339019,71663151.0,8670311250.0,5339160420.0
2015-12-01,'603168,É¯ÆÕ°®Ë¼,55.3,56.99,54.31,56.58,56.55,-1.25,-2.2104,1.4932,1502221,83453126.0,9034637500.0,5563511800.0
2015-11-30,'603168,É¯ÆÕ°®Ë¼,56.55,56.99,51.95,55.35,55.96,0.59,1.0543,2.7695,2786320,153222713.0,9238856250.0,5689269300.0
2015-11-27,'603168,É¯ÆÕ°®Ë¼,55.96,60.74,54.0,59.2,59.94,-3.98,-6.64,2.9301,2947861,171486310.0,9142465000.0,5629911760.0
2015-11-26,'603168,É¯ÆÕ°®Ë¼,59.94,60.8,57.25,58.2,57.75,2.19,3.7922,4.3753,4401825,260926753.0,9792697500.0,6030323640.0
2015-11-25,'603168,É¯ÆÕ°®Ë¼,57.75,58.35,56.88,56.9,57.45,0.3,0.5222,1.9065,1918005,110254552.0,9434906250.0,5809996500.0
2015-11-24,'603168,É¯ÆÕ°®Ë¼,57.45,57.98,56.21,57.98,58.5,-1.05,-1.7949,2.2885,2302344,131256708.0,9385893750.0,5779814700.0
2015-11-23,'603168,É¯ÆÕ°®Ë¼,58.5,60.5,57.6,57.8,57.42,1.08,1.8809,3.0704,3088957,182538688.0,9557437500.0,5885451000.0
2015-11-20,'603168,É¯ÆÕ°®Ë¼,57.42,58.24,56.2,57.0,57.18,0.24,0.4197,2.6687,2684881,153660510.0,9380992500.0,5776796520.0
2015-11-19,'603168,É¯ÆÕ°®Ë¼,57.18,58.38,55.6,55.85,55.06,2.12,3.8503,2.96,2977905,170298458.0,9341782500.0,5752651080.0
2015-11-18,'603168,É¯ÆÕ°®Ë¼,55.06,58.5,54.45,58.05,59.04,-3.98,-6.7412,4.1606,4185807,239019208.0,8995427500.0,5539366360.0
2015-11-17,'603168,É¯ÆÕ°®Ë¼,59.04,63.2,58.0,63.2,58.43,0.61,1.044,9.4628,9520191,570865121.0,9645660000.0,5939778240.0
2015-11-16,'603168,É¯ÆÕ°®Ë¼,58.43,58.43,58.32,58.43,53.12,5.31,9.9962,1.9724,1984339,115944560.0,9546001250.0,5878408580.0
2015-11-13,'603168,É¯ÆÕ°®Ë¼,53.12,53.12,53.12,53.12,48.29,4.83,10.0021,0.1266,127402,6767594.0,8678480000.0,5344190720.0
2015-11-12,'603168,É¯ÆÕ°®Ë¼,0.0,0.0,0.0,0.0,48.29,None,None,0.0,0,0.0,7889378750.0,4858263740.0
2015-11-11,'603168,É¯ÆÕ°®Ë¼,0.0,0.0,0.0,0.0,48.29,None,None,0.0,0,0.0,7889378750.0,4858263740.0
2015-11-10,'603168,É¯ÆÕ°®Ë¼,0.0,0.0,0.0,0.0,48.29,None,None,0.0,0,0.0,7889378750.0,4858263740.0
2015-11-09,'603168,É¯ÆÕ°®Ë¼,0.0,0.0,0.0,0.0,48.29,None,None,0.0,0,0.0,7889378750.0,4858263740.0
2015-11-06,'603168,É¯ÆÕ°®Ë¼,0.0,0.0,0.0,0.0,48.29,None,None,0.0,0,0.0,7889378750.0,4858263740.0
2015-11-05,'603168,É¯ÆÕ°®Ë¼,0.0,0.0,0.0,0.0,48.29,None,None,0.0,0,0.0,7889378750.0,4858263740.0
2015-11-04,'603168,É¯ÆÕ°®Ë¼,0.0,0.0,0.0,0.0,48.29,None,None,0.0,0,0.0,7889378750.0,4858263740.0
2015-11-03,'603168,É¯ÆÕ°®Ë¼,0.0,0.0,0.0,0.0,48.29,None,None,0.0,0,0.0,7889378750.0,4858263740.0
2015-11-02,'603168,É¯ÆÕ°®Ë¼,0.0,0.0,0.0,0.0,48.29,None,None,0.0,0,0.0,7889378750.0,4858263740.0
2015-10-30,'603168,É¯ÆÕ°®Ë¼,0.0,0.0,0.0,0.0,48.29,None,None,0.0,0,0.0,7889378750.0,4858263740.0
2015-10-29,'603168,É¯ÆÕ°®Ë¼,0.0,0.0,0.0,0.0,48.29,None,None,0.0,0,0.0,7889378750.0,4858263740.0
2015-10-28,'603168,É¯ÆÕ°®Ë¼,0.0,0.0,0.0,0.0,48.29,None,None,0.0,0,0.0,7889378750.0,4858263740.0
2015-10-27,'603168,É¯ÆÕ°®Ë¼,0.0,0.0,0.0,0.0,48.29,None,None,0.0,0,0.0,7889378750.0,4858263740.0
2015-10-26,'603168,É¯ÆÕ°®Ë¼,0.0,0.0,0.0,0.0,48.29,None,None,0.0,0,0.0,7889378750.0,4858263740.0
2015-10-23,'603168,É¯ÆÕ°®Ë¼,0.0,0.0,0.0,0.0,48.29,None,None,0.0,0,0.0,7889378750.0,4858263740.0
2015-10-22,'603168,É¯ÆÕ°®Ë¼,0.0,0.0,0.0,0.0,48.29,None,None,0.0,0,0.0,7889378750.0,4858263740.0
2015-10-21,'603168,É¯ÆÕ°®Ë¼,0.0,0.0,0.0,0.0,48.29,None,None,0.0,0,0.0,7889378750.0,4858263740.0
2015-10-20,'603168,É¯ÆÕ°®Ë¼,0.0,0.0,0.0,0.0,48.29,None,None,0.0,0,0.0,7889378750.0,4858263740.0
2015-10-19,'603168,É¯ÆÕ°®Ë¼,0.0,0.0,0.0,0.0,48.29,None,None,0.0,0,0.0,7889378750.0,4858263740.0
2015-10-16,'603168,É¯ÆÕ°®Ë¼,48.29,48.51,46.67,47.0,46.89,1.4,2.9857,1.9567,1968567,94381396.0,7889378750.0,4858263740.0
2015-10-15,'603168,É¯ÆÕ°®Ë¼,46.89,47.0,44.09,44.22,44.54,2.35,5.2762,2.047,2059373,94751180.0,7660653750.0,4717415340.0
2015-10-14,'603168,É¯ÆÕ°®Ë¼,44.54,46.52,44.5,45.8,45.74,-1.2,-2.6235,1.2567,1264341,57538527.0,7276722500.0,4480991240.0
2015-10-13,'603168,É¯ÆÕ°®Ë¼,45.74,46.0,44.61,45.03,45.25,0.49,1.0829,1.4073,1415835,64564794.0,7472772500.0,4601718440.0
2015-10-12,'603168,É¯ÆÕ°®Ë¼,45.25,45.48,43.8,43.81,43.42,1.83,4.2146,1.9138,1925389,86660405.0,7392718750.0,4552421500.0
2015-10-09,'603168,É¯ÆÕ°®Ë¼,43.42,43.87,41.78,42.2,42.38,1.04,2.454,1.6556,1665643,71531036.0,7093742500.0,4368312520.0
2015-10-08,'603168,É¯ÆÕ°®Ë¼,42.38,42.44,40.57,41.5,39.62,2.76,6.9662,1.9726,1984539,82630227.0,6923832500.0,4263682280.0
2015-09-30,'603168,É¯ÆÕ°®Ë¼,39.62,40.5,39.1,40.1,39.91,-0.29,-0.7266,0.6806,684701,27112240.0,6472917500.0,3986009720.0
2015-09-29,'603168,É¯ÆÕ°®Ë¼,39.91,40.24,38.45,38.67,39.37,0.54,1.3716,1.6622,1672321,66593570.0,6520296250.0,4015185460.0
2015-09-28,'603168,É¯ÆÕ°®Ë¼,39.37,39.63,37.55,38.35,37.92,1.45,3.8238,1.0269,1033163,40130552.0,6432073750.0,3960858220.0
2015-09-25,'603168,É¯ÆÕ°®Ë¼,37.92,39.85,37.6,39.68,39.73,-1.81,-4.5558,0.8954,900875,34845612.0,6195180000.0,3814979520.0
2015-09-24,'603168,É¯ÆÕ°®Ë¼,39.73,40.15,39.05,39.05,38.96,0.77,1.9764,1.0762,1082674,42901517.0,6490888750.0,3997076380.0
2015-09-23,'603168,É¯ÆÕ°®Ë¼,38.96,39.98,38.77,39.12,40.01,-1.05,-2.6243,1.3481,1356251,53247304.0,6365090000.0,3919609760.0
2015-09-22,'603168,É¯ÆÕ°®Ë¼,40.01,40.68,39.01,39.46,39.48,0.53,1.3425,2.1326,2145515,85906842.0,6536633750.0,4025246060.0
2015-09-21,'603168,É¯ÆÕ°®Ë¼,39.48,39.58,36.3,36.3,36.62,2.86,7.8099,2.4002,2414789,92578743.0,6450045000.0,3971924880.0
2015-09-18,'603168,É¯ÆÕ°®Ë¼,36.62,37.5,36.1,36.88,36.77,-0.15,-0.4079,0.9376,943300,34548090.0,5982792500.0,3684191720.0
2015-09-17,'603168,É¯ÆÕ°®Ë¼,36.77,38.76,36.55,37.04,37.84,-1.07,-2.8277,2.059,2071481,78143877.0,6007298750.0,3699282620.0
2015-09-16,'603168,É¯ÆÕ°®Ë¼,37.84,38.07,34.38,34.38,34.61,3.23,9.3326,1.5164,1525587,54991923.0,6182110000.0,3806931040.0
2015-09-15,'603168,É¯ÆÕ°®Ë¼,34.61,36.38,34.0,35.05,35.05,-0.44,-1.2553,1.3603,1368561,48119681.0,5654408750.0,3481973660.0
2015-09-14,'603168,É¯ÆÕ°®Ë¼,35.05,38.75,35.0,38.54,38.43,-3.38,-8.7952,1.9364,1948097,71266444.0,5726293750.0,3526240300.0
2015-09-11,'603168,É¯ÆÕ°®Ë¼,38.43,39.05,37.56,38.28,38.33,0.1,0.2609,1.0501,1056465,40654278.0,6278501250.0,3866288580.0
2015-09-10,'603168,É¯ÆÕ°®Ë¼,38.33,39.12,37.1,37.1,38.71,-0.38,-0.9817,1.6505,1660482,63984741.0,6262163750.0,3856227980.0
2015-09-09,'603168,É¯ÆÕ°®Ë¼,38.71,39.0,37.21,37.81,37.35,1.36,3.6412,2.1155,2128289,81681912.0,6324246250.0,3894458260.0
2015-09-08,'603168,É¯ÆÕ°®Ë¼,37.35,37.57,34.7,35.53,35.29,2.06,5.8373,1.3558,1363998,49210649.0,6102056250.0,3757634100.0
2015-09-07,'603168,É¯ÆÕ°®Ë¼,35.29,36.65,35.0,35.05,34.19,1.1,3.2173,1.2976,1305447,46598983.0,5765503750.0,3550385740.0
2015-09-02,'603168,É¯ÆÕ°®Ë¼,34.19,37.2,33.48,35.0,36.35,-2.16,-5.9422,2.3651,2379424,82734206.0,5585791250.0,3439719140.0
2015-09-01,'603168,É¯ÆÕ°®Ë¼,36.35,39.5,36.35,39.5,40.39,-4.04,-10.0025,1.6282,1638033,61868074.0,5938681250.0,3657028100.0
2015-08-31,'603168,É¯ÆÕ°®Ë¼,40.39,42.8,40.3,42.8,43.38,-2.99,-6.8926,1.4654,1474296,61138746.0,6598716250.0,4063476340.0
2015-08-28,'603168,É¯ÆÕ°®Ë¼,43.38,43.88,41.1,42.0,41.58,1.8,4.329,2.0531,2065509,87457747.0,7087207500.0,4364288280.0
2015-08-27,'603168,É¯ÆÕ°®Ë¼,41.58,41.99,39.12,40.28,40.0,1.58,3.95,1.9039,1915411,78412662.0,6793132500.0,4183197480.0
2015-08-26,'603168,É¯ÆÕ°®Ë¼,40.0,40.1,35.65,39.5,38.65,1.35,3.4929,3.2306,3250157,125713515.0,6535000000.0,4024240000.0
2015-08-25,'603168,É¯ÆÕ°®Ë¼,38.65,40.4,38.65,38.65,42.94,-4.29,-9.9907,1.7984,1809333,70642250.0,6314443750.0,3888421900.0
2015-08-24,'603168,É¯ÆÕ°®Ë¼,42.94,45.88,42.94,45.5,47.71,-4.77,-9.9979,1.6814,1691559,73647816.0,7015322500.0,4320021640.0
2015-08-21,'603168,É¯ÆÕ°®Ë¼,47.71,50.5,46.66,48.78,50.18,-2.47,-4.9223,1.9644,1976333,95797350.0,7794621250.0,4799912260.0
2015-08-20,'603168,É¯ÆÕ°®Ë¼,50.18,51.3,48.51,48.8,49.29,0.89,1.8056,2.6548,2670838,134251576.0,8198157500.0,5048409080.0
2015-08-19,'603168,É¯ÆÕ°®Ë¼,49.29,49.36,45.6,46.06,47.06,2.23,4.7386,2.2573,2270949,108475766.0,8052753750.0,4958869740.0
2015-08-18,'603168,É¯ÆÕ°®Ë¼,47.06,52.0,46.68,50.6,50.85,-3.79,-7.4533,3.0224,3040745,151601347.0,7688427500.0,4734518360.0
2015-08-17,'603168,É¯ÆÕ°®Ë¼,50.85,51.18,49.8,50.85,51.13,-0.28,-0.5476,1.5603,1569776,79230715.0,8307618750.0,5115815100.0
2015-08-14,'603168,É¯ÆÕ°®Ë¼,51.13,52.37,50.81,51.5,51.42,-0.29,-0.564,1.6587,1668740,85758512.0,8353363750.0,5143984780.0
2015-08-13,'603168,É¯ÆÕ°®Ë¼,51.42,51.44,49.14,49.32,49.98,1.44,2.8812,1.7802,1790980,89891843.0,8400742500.0,5173160520.0
2015-08-12,'603168,É¯ÆÕ°®Ë¼,49.98,51.63,49.94,51.01,51.94,-1.96,-3.7736,2.2055,2218865,113072642.0,8165482500.0,5028287880.0
2015-08-11,'603168,É¯ÆÕ°®Ë¼,51.94,53.7,51.7,52.87,52.9,-0.96,-1.8147,2.884,2901461,152564310.0,8485697500.0,5225475640.0
2015-08-10,'603168,É¯ÆÕ°®Ë¼,52.9,54.0,48.59,49.8,49.52,3.38,6.8255,3.1866,3205923,163678183.0,8642537500.0,5322057400.0
2015-08-07,'603168,É¯ÆÕ°®Ë¼,49.52,49.99,48.14,48.14,48.12,1.4,2.9094,2.1233,2136155,105123920.0,8090330000.0,4982009120.0
2015-08-06,'603168,É¯ÆÕ°®Ë¼,48.12,49.21,46.36,47.0,48.03,0.09,0.1874,1.5792,1588732,76545368.0,7861605000.0,4841160720.0
2015-08-05,'603168,É¯ÆÕ°®Ë¼,48.03,50.3,47.5,48.0,48.13,-0.1,-0.2078,2.8281,2845268,138853023.0,7846901250.0,4832106180.0
2015-08-04,'603168,É¯ÆÕ°®Ë¼,48.13,48.2,44.56,44.88,44.52,3.61,8.1087,2.2492,2262795,104691624.0,7863238750.0,4842166780.0
2015-08-03,'603168,É¯ÆÕ°®Ë¼,44.52,46.8,43.16,45.58,47.58,-3.06,-6.4313,2.2109,2224345,100051670.0,7273455000.0,4478979120.0
2015-07-31,'603168,É¯ÆÕ°®Ë¼,47.58,48.91,47.0,47.8,48.95,-1.37,-2.7988,2.0084,2020558,96744102.0,7773382500.0,4786833480.0
2015-07-30,'603168,É¯ÆÕ°®Ë¼,48.95,51.49,47.8,50.9,50.9,-1.95,-3.831,2.4504,2465204,124121054.0,7997206250.0,4924663700.0
2015-07-29,'603168,É¯ÆÕ°®Ë¼,50.9,51.0,47.0,49.39,48.03,2.87,5.9754,2.7527,2769381,135284620.0,8315787500.0,5120845400.0
2015-07-28,'603168,É¯ÆÕ°®Ë¼,48.03,51.98,47.2,48.5,52.44,-4.41,-8.4096,4.4881,4515334,219299327.0,7846901250.0,4832106180.0
2015-07-27,'603168,É¯ÆÕ°®Ë¼,52.44,57.59,52.44,56.78,58.27,-5.83,-10.0051,3.6361,3658113,202441396.0,8567385000.0,5275778640.0
2015-07-24,'603168,É¯ÆÕ°®Ë¼,58.27,61.85,58.0,61.0,60.63,-2.36,-3.8925,4.7787,4807674,288915976.0,9519861250.0,5862311620.0
2015-07-23,'603168,É¯ÆÕ°®Ë¼,60.63,61.61,56.63,57.34,57.68,2.95,5.1144,4.5844,4612177,273422960.0,9905426250.0,6099741780.0
2015-07-22,'603168,É¯ÆÕ°®Ë¼,57.68,58.88,56.3,57.0,57.38,0.3,0.5228,3.156,3175120,183113442.0,9423470000.0,5802954080.0
2015-07-21,'603168,É¯ÆÕ°®Ë¼,57.38,57.9,54.36,55.59,56.63,0.75,1.3244,2.885,2902451,163983012.0,9374457500.0,5772772280.0
2015-07-20,'603168,É¯ÆÕ°®Ë¼,56.63,58.95,55.8,56.79,56.73,-0.1,-0.1763,3.3278,3347927,191689991.0,9251926250.0,5697317780.0
2015-07-17,'603168,É¯ÆÕ°®Ë¼,56.73,57.99,53.0,54.0,53.56,3.17,5.9186,3.3401,3360338,186825831.0,9268263750.0,5707378380.0
2015-07-16,'603168,É¯ÆÕ°®Ë¼,53.56,56.52,48.5,48.5,53.61,-0.05,-0.0933,3.5813,3603008,190906447.0,8750365000.0,5388457360.0
2015-07-15,'603168,É¯ÆÕ°®Ë¼,53.61,58.34,53.61,57.2,59.57,-5.96,-10.005,3.8032,3826199,213346425.0,8758533750.0,5393487660.0
2015-07-14,'603168,É¯ÆÕ°®Ë¼,59.57,65.5,58.38,61.0,61.46,-1.89,-3.0752,7.3527,7397294,453462182.0,9732248750.0,5993099420.0
2015-07-13,'603168,É¯ÆÕ°®Ë¼,61.46,61.46,56.0,58.0,55.87,5.59,10.0054,7.0335,7076161,421512272.0,10041027500.0,6183244760.0
2015-07-10,'603168,É¯ÆÕ°®Ë¼,55.87,55.87,51.39,51.5,50.79,5.08,10.002,5.5094,5542739,305302670.0,9127761250.0,5620857220.0
2015-07-09,'603168,É¯ÆÕ°®Ë¼,50.79,50.79,41.55,41.55,46.17,4.62,10.0065,6.4092,6448082,299974781.0,8297816250.0,5109778740.0
2015-07-08,'603168,É¯ÆÕ°®Ë¼,46.17,46.17,46.17,46.17,51.3,-5.13,-10.0,0.3778,380100,17549217.0,7543023750.0,4644979020.0
2015-07-07,'603168,É¯ÆÕ°®Ë¼,51.3,57.49,51.3,52.9,57.0,-5.7,-10.0,3.8008,3823860,203395870.0,8381137500.0,5161087800.0
2015-07-06,'603168,É¯ÆÕ°®Ë¼,57.0,62.29,51.88,62.1,57.47,-0.47,-0.8178,6.9871,7029485,407080254.0,9312375000.0,5734542000.0
2015-07-03,'603168,É¯ÆÕ°®Ë¼,57.47,57.99,49.97,51.8,52.72,4.75,9.0099,6.8006,6841762,379182358.0,9389161250.0,5781826820.0
2015-07-02,'603168,É¯ÆÕ°®Ë¼,52.72,55.08,51.04,53.99,53.09,-0.37,-0.6969,3.9342,3958028,211824555.0,8613130000.0,5303948320.0
2015-07-01,'603168,É¯ÆÕ°®Ë¼,53.09,57.78,52.8,55.0,54.13,-1.04,-1.9213,12.0501,4921282,273945631.0,8673578750.0,2168205050.02
2015-06-30,'603168,É¯ÆÕ°®Ë¼,54.13,54.13,45.8,48.4,49.21,4.92,9.998,10.575,4318857,216196789.0,8843488750.0,2210678835.14
2015-06-29,'603168,É¯ÆÕ°®Ë¼,49.21,55.66,48.59,55.0,53.99,-4.78,-8.8535,10.2223,4174801,212053830.0,8039683750.0,2009745159.38
2015-06-26,'603168,É¯ÆÕ°®Ë¼,53.99,58.09,53.99,58.09,59.99,-6.0,-10.0017,7.4587,3046126,169402249.0,8820616250.0,2204961210.22
2015-06-25,'603168,É¯ÆÕ°®Ë¼,59.99,65.5,59.15,65.5,65.64,-5.65,-8.6076,8.0675,3294780,206367633.0,9800866250.0,2450002278.22
2015-06-24,'603168,É¯ÆÕ°®Ë¼,65.64,66.0,62.7,63.8,62.89,2.75,4.3727,11.1872,4568880,295259437.0,10723935000.0,2680749283.92
2015-06-23,'603168,É¯ÆÕ°®Ë¼,62.89,62.9,57.75,59.64,59.63,3.26,5.467,8.0872,3302832,200793344.0,10274653750.0,2568438794.42
2015-06-19,'603168,É¯ÆÕ°®Ë¼,59.63,64.29,59.37,64.29,65.23,-5.6,-8.585,8.232,3361974,205623715.0,9742051250.0,2435299814.14
2015-06-18,'603168,É¯ÆÕ°®Ë¼,65.23,70.4,65.0,70.4,70.48,-5.25,-7.4489,7.0151,2864976,194624074.0,10656951250.0,2664004810.94
2015-06-17,'603168,É¯ÆÕ°®Ë¼,70.48,71.15,66.5,66.73,66.76,3.72,5.5722,8.611,3516758,241285263.0,11514670000.0,2878415745.44
2015-06-16,'603168,É¯ÆÕ°®Ë¼,66.76,72.79,66.21,72.65,73.57,-6.81,-9.2565,10.7672,4397335,300156003.0,10906915000.0,2726490283.28
2015-06-15,'603168,É¯ÆÕ°®Ë¼,73.57,79.79,72.95,79.79,79.72,-6.15,-7.7145,10.2419,4182793,317187949.0,12019498750.0,3004611895.46
2015-06-12,'603168,É¯ÆÕ°®Ë¼,79.72,81.85,78.88,81.67,81.62,-1.9,-2.3279,8.3939,3428098,274228318.0,13024255000.0,3255778990.16
2015-06-11,'603168,É¯ÆÕ°®Ë¼,81.62,81.99,79.53,81.99,81.06,0.56,0.6908,8.4452,3449034,277738437.0,13334667500.0,3333375328.36
2015-06-10,'603168,É¯ÆÕ°®Ë¼,81.06,82.7,76.18,78.45,83.59,-2.53,-3.0267,13.0094,5313043,423795178.0,13243177500.0,3310504828.68
2015-06-09,'603168,DRÉ¯ÆÕ°®,83.59,93.85,82.38,88.18,87.11,-3.52,-4.0409,6.2813,2565298,226098295.0,13656516250.0,3413830479.02
2015-06-08,'603168,É¯ÆÕ°®Ë¼,218.51,234.5,211.01,233.69,230.92,-12.41,-5.3742,13.4414,2195791,483166097.0,14279628500.0,3569594874.21
2015-06-05,'603168,É¯ÆÕ°®Ë¼,230.92,240.0,221.0,230.0,228.31,2.61,1.1432,13.043,2130714,493459068.0,15090622000.0,3772325515.32
2015-06-04,'603168,É¯ÆÕ°®Ë¼,228.31,258.0,217.53,248.77,241.7,-13.39,-5.5399,20.6232,3369023,775336027.0,14920058500.0,3729688370.01
2015-06-03,'603168,É¯ÆÕ°®Ë¼,241.7,241.7,232.0,232.0,219.73,21.97,9.9986,7.7187,1260940,303232769.0,15795095000.0,3948428360.7
2015-06-02,'603168,É¯ÆÕ°®Ë¼,219.73,223.75,213.0,220.43,223.98,-4.25,-1.8975,8.6283,1409531,308023639.0,14359355500.0,3589524880.83
2015-06-01,'603168,É¯ÆÕ°®Ë¼,223.98,228.5,214.03,215.89,213.31,10.67,5.0021,11.0612,1806962,399440302.0,14637093000.0,3658953182.58
2015-05-29,'603168,É¯ÆÕ°®Ë¼,213.31,213.31,182.36,190.5,193.92,19.39,9.999,16.308,2664090,538860408.0,13939808500.0,3484647305.01
2015-05-28,'603168,É¯ÆÕ°®Ë¼,193.92,218.0,193.0,199.0,202.44,-8.52,-4.2087,15.2026,2483513,504073231.0,12672672000.0,3167890888.32
2015-05-27,'603168,É¯ÆÕ°®Ë¼,202.44,204.0,182.0,186.5,187.0,15.44,8.2567,11.4002,1862341,355921565.0,13229454000.0,3307074213.24
2015-05-26,'603168,É¯ÆÕ°®Ë¼,187.0,187.06,177.2,177.2,175.96,11.04,6.2742,8.0406,1313512,240956839.0,12220450000.0,3054845277.0
2015-05-25,'603168,É¯ÆÕ°®Ë¼,175.96,178.48,167.0,169.8,174.32,1.64,0.9408,8.5988,1404702,243889674.0,11498986000.0,2874495053.16
2015-05-22,'603168,É¯ÆÕ°®Ë¼,174.32,183.48,169.03,183.48,175.64,-1.32,-0.7515,12.1558,1985772,345204562.0,11391812000.0,2847703896.72
2015-05-21,'603168,É¯ÆÕ°®Ë¼,175.64,175.64,160.05,161.68,159.67,15.97,10.0019,14.5686,2379945,413985665.0,11478074000.0,2869267510.44
2015-05-20,'603168,É¯ÆÕ°®Ë¼,159.67,164.88,148.0,151.08,150.71,8.96,5.9452,8.9406,1460543,230241727.0,10434434500.0,2608380456.57
2015-05-19,'603168,É¯ÆÕ°®Ë¼,150.71,153.5,147.11,152.0,151.0,-0.29,-0.1921,6.8171,1113642,166863607.0,9848898500.0,2462009260.41
2015-05-18,'603168,É¯ÆÕ°®Ë¼,151.0,154.0,149.01,150.1,149.96,1.04,0.6935,8.1052,1324067,200256744.0,9867850000.0,2466746721.0
2015-05-15,'603168,É¯ÆÕ°®Ë¼,149.96,153.02,143.08,143.08,144.82,5.14,3.5492,8.9096,1455484,215403653.0,9799886000.0,2449757207.16
2015-05-14,'603168,É¯ÆÕ°®Ë¼,144.82,150.9,144.4,147.5,147.53,-2.71,-1.8369,8.4213,1375708,202402826.0,9463987000.0,2365789802.22
2015-05-13,'603168,É¯ÆÕ°®Ë¼,147.53,152.99,138.3,141.0,143.03,4.5,3.1462,10.3963,1698339,250084717.0,9641085500.0,2410060554.63
2015-05-12,'603168,É¯ÆÕ°®Ë¼,143.03,145.03,134.1,138.99,137.24,5.79,4.2189,11.4223,1865949,260869706.0,9347010500.0,2336548235.13
2015-05-11,'603168,É¯ÆÕ°®Ë¼,137.24,140.18,129.52,132.7,130.37,6.87,5.2696,11.0722,1808766,244027301.0,8968634000.0,2241962384.04
2015-05-08,'603168,É¯ÆÕ°®Ë¼,130.37,130.5,123.66,124.0,121.97,8.4,6.8869,7.3937,1207845,153262035.0,8519679500.0,2129733576.27
2015-05-07,'603168,É¯ÆÕ°®Ë¼,121.97,125.02,121.1,122.0,123.29,-1.32,-1.0706,3.999,653272,80226555.0,7970739500.0,1992510579.87
2015-05-06,'603168,É¯ÆÕ°®Ë¼,123.29,128.05,123.2,123.49,123.01,0.28,0.2276,5.4294,886952,111506984.0,8057001500.0,2014074193.59
2015-05-05,'603168,É¯ÆÕ°®Ë¼,123.01,127.1,122.02,126.85,126.85,-3.84,-3.0272,4.0176,656322,81924672.0,8038703500.0,2009500093.71
2015-05-04,'603168,É¯ÆÕ°®Ë¼,126.85,129.0,125.51,128.11,128.23,-1.38,-1.0762,3.5486,579701,73593421.0,8289647500.0,2072230606.35
2015-04-30,'603168,É¯ÆÕ°®Ë¼,128.23,132.6,128.18,130.02,131.78,-3.55,-2.6939,5.7516,939587,122349157.0,8379830500.0,2094774384.33
2015-04-29,'603168,É¯ÆÕ°®Ë¼,131.78,132.72,120.5,121.38,122.33,9.45,7.725,7.9955,1306148,165589857.0,8611823000.0,2152767436.38
2015-04-28,'603168,É¯ÆÕ°®Ë¼,122.33,127.3,120.0,126.06,125.96,-3.63,-2.8819,5.1518,841607,103540868.0,7994265500.0,1998391565.43
2015-04-27,'603168,É¯ÆÕ°®Ë¼,125.96,127.58,124.2,124.2,124.29,1.67,1.3436,6.9109,1128977,142441790.0,8231486000.0,2057691503.16
2015-04-24,'603168,É¯ÆÕ°®Ë¼,124.29,124.35,120.2,122.38,124.96,-0.67,-0.5362,6.3681,1040294,126868436.0,8122351500.0,2030410264.59
2015-04-23,'603168,É¯ÆÕ°®Ë¼,124.96,127.78,123.15,126.97,126.93,-1.97,-1.552,6.7222,1098150,137060396.0,8166136000.0,2041355432.16
2015-04-22,'603168,É¯ÆÕ°®Ë¼,126.93,128.37,124.1,124.1,123.49,3.44,2.7857,6.5696,1073211,135703812.0,8294875500.0,2073537492.03
2015-04-21,'603168,É¯ÆÕ°®Ë¼,123.49,123.51,117.5,118.01,118.93,4.56,3.8342,6.968,1138292,138662008.0,8070071500.0,2017341407.79
2015-04-20,'603168,É¯ÆÕ°®Ë¼,118.93,127.0,118.08,127.0,130.33,-11.4,-8.747,14.3061,2337054,285597134.0,7772075500.0,1942848924.03
2015-04-17,'603168,É¯ÆÕ°®Ë¼,130.33,141.0,130.0,140.0,135.44,-5.11,-3.7729,17.9396,2930629,396496279.0,8517065500.0,2129080133.43
2015-04-16,'603168,É¯ÆÕ°®Ë¼,135.44,136.18,123.33,127.5,129.05,6.39,4.9516,8.4804,1385372,182752253.0,8851004000.0,2212557456.24
2015-04-15,'603168,É¯ÆÕ°®Ë¼,129.05,144.8,128.55,139.18,141.46,-12.41,-8.7728,9.5051,1552754,210856852.0,8433417500.0,2108169962.55
2015-04-14,'603168,É¯ÆÕ°®Ë¼,141.46,145.5,133.0,133.88,135.16,6.3,4.6611,9.695,1583782,221052342.0,9244411000.0,2310900603.66
2015-04-13,'603168,É¯ÆÕ°®Ë¼,135.16,140.9,128.3,131.98,130.86,4.3,3.286,9.1075,1487806,201768123.0,8832706000.0,2207983356.36
2015-04-10,'603168,É¯ÆÕ°®Ë¼,130.86,133.06,120.0,121.01,122.5,8.36,6.8245,8.9616,1463977,187775820.0,8551701000.0,2137738251.06
2015-04-09,'603168,É¯ÆÕ°®Ë¼,122.5,125.4,117.12,123.9,125.01,-2.51,-2.0078,7.667,1252481,151253452.0,8005375000.0,2001168697.5
2015-04-08,'603168,É¯ÆÕ°®Ë¼,125.01,128.5,121.0,124.2,122.76,2.25,1.8328,9.1123,1488585,185340265.0,8169403500.0,2042172235.71
2015-04-07,'603168,É¯ÆÕ°®Ë¼,122.76,125.0,116.01,116.99,116.99,5.77,4.932,7.7076,1259123,153310283.0,8022366000.0,2005416075.96
2015-04-03,'603168,É¯ÆÕ°®Ë¼,116.99,117.54,113.8,115.5,116.65,0.34,0.2915,7.2296,1181028,136324832.0,7645296500.0,1911156946.29
2015-04-02,'603168,É¯ÆÕ°®Ë¼,116.65,117.8,113.22,114.79,113.97,2.68,2.3515,7.2906,1190997,137375343.0,7623077500.0,1905602682.15
2015-04-01,'603168,É¯ÆÕ°®Ë¼,113.97,115.04,108.5,109.0,108.53,5.44,5.0124,6.1542,1005351,113672512.0,7447939500.0,1861822011.87
2015-03-31,'603168,É¯ÆÕ°®Ë¼,108.53,110.45,107.1,108.18,108.09,0.44,0.4071,5.2298,854344,93085573.0,7092435500.0,1772953785.63
2015-03-30,'603168,É¯ÆÕ°®Ë¼,108.09,113.82,106.2,113.0,112.83,-4.74,-4.201,8.2053,1340431,145953344.0,7063681500.0,1765765914.39
2015-03-27,'603168,É¯ÆÕ°®Ë¼,112.83,115.88,110.22,111.0,111.76,1.07,0.9574,5.3818,879171,99599817.0,7373440500.0,1843198890.93
2015-03-26,'603168,É¯ÆÕ°®Ë¼,111.76,117.5,109.01,115.1,118.79,-7.03,-5.918,9.8928,1616088,182934447.0,7303516000.0,1825719294.96
2015-03-25,'603168,É¯ÆÕ°®Ë¼,118.79,122.69,107.52,111.99,111.61,7.18,6.4331,13.1366,2146000,246249884.0,7762926500.0,1940561874.09
2015-03-24,'603168,É¯ÆÕ°®Ë¼,111.61,113.21,105.0,105.18,105.14,6.47,6.1537,13.0014,2123917,232982356.0,7293713500.0,1823268884.31
2015-03-23,'603168,É¯ÆÕ°®Ë¼,105.14,107.0,100.8,100.8,100.54,4.6,4.5753,8.9904,1468678,152782541.0,6870899000.0,1717574504.94
2015-03-20,'603168,É¯ÆÕ°®Ë¼,100.54,101.79,99.01,99.31,99.11,1.43,1.4428,5.0122,818804,82044483.0,6570289000.0,1642428578.34
2015-03-19,'603168,É¯ÆÕ°®Ë¼,99.11,101.05,98.2,101.0,101.16,-2.05,-2.0265,6.5034,1062399,105590252.0,6476838500.0,1619067996.81
2015-03-18,'603168,É¯ÆÕ°®Ë¼,101.16,103.3,97.1,97.84,97.84,3.32,3.3933,9.5069,1553049,155947523.0,6610806000.0,1652556942.36
2015-03-17,'603168,É¯ÆÕ°®Ë¼,97.84,98.87,94.11,95.03,94.56,3.28,3.4687,9.3751,1531515,148321827.0,6393844000.0,1598321186.64
2015-03-16,'603168,É¯ÆÕ°®Ë¼,94.56,94.95,92.75,92.75,91.93,2.63,2.8609,5.1393,839564,79205766.0,6179496000.0,1544738873.76
2015-03-13,'603168,É¯ÆÕ°®Ë¼,91.93,92.37,90.83,90.9,90.63,1.3,1.4344,2.2916,374363,34336568.0,6007625500.0,1501775007.03
2015-03-12,'603168,É¯ÆÕ°®Ë¼,90.63,91.35,89.0,91.35,91.06,-0.43,-0.4722,3.7156,606991,54712176.0,5922670500.0,1480538114.73
2015-03-11,'603168,É¯ÆÕ°®Ë¼,91.06,92.3,90.7,92.3,92.06,-1.0,-1.0862,2.8077,458662,41838200.0,5950771000.0,1487562625.26
2015-03-10,'603168,É¯ÆÕ°®Ë¼,92.06,92.5,91.19,91.97,91.97,0.09,0.0979,2.2083,360742,33162506.0,6016121000.0,1503898696.26
2015-03-09,'603168,É¯ÆÕ°®Ë¼,91.97,91.99,90.0,91.47,91.47,0.5,0.5466,2.2885,373852,34110376.0,6010239500.0,1502428449.87
2015-03-06,'603168,É¯ÆÕ°®Ë¼,91.47,93.1,91.2,93.1,93.09,-1.62,-1.7403,2.9046,474501,43572084.0,5977564500.0,1494260414.37
2015-03-05,'603168,É¯ÆÕ°®Ë¼,93.09,94.33,92.6,93.6,93.81,-0.72,-0.7675,2.9463,481314,44820794.0,6083431500.0,1520724849.39
2015-03-04,'603168,É¯ÆÕ°®Ë¼,93.81,94.35,92.0,92.03,92.03,1.78,1.9342,3.8898,635444,59338156.0,6130483500.0,1532486820.51
2015-03-03,'603168,É¯ÆÕ°®Ë¼,92.03,93.8,91.7,93.8,93.82,-1.79,-1.9079,3.2551,531757,49240267.0,6014160500.0,1503408614.13
2015-03-02,'603168,É¯ÆÕ°®Ë¼,93.82,93.98,92.88,93.51,93.51,0.31,0.3315,3.1778,519120,48501716.0,6131137000.0,1532650181.22
2015-02-27,'603168,É¯ÆÕ°®Ë¼,93.51,94.07,91.2,91.88,91.84,1.67,1.8184,3.6036,588689,54601885.0,6110878500.0,1527585999.21
2015-02-26,'603168,É¯ÆÕ°®Ë¼,91.84,91.97,91.01,91.01,91.02,0.82,0.9009,1.6449,268714,24574300.0,6001744000.0,1500304760.64
2015-02-25,'603168,É¯ÆÕ°®Ë¼,91.02,94.1,90.88,93.98,93.79,-2.77,-2.9534,3.3951,554624,51063949.0,5948157000.0,1486909182.42
2015-02-17,'603168,É¯ÆÕ°®Ë¼,93.79,94.49,93.1,94.0,93.96,-0.17,-0.1809,2.5904,423167,39707041.0,6129176500.0,1532160099.09
2015-02-16,'603168,É¯ÆÕ°®Ë¼,93.96,94.6,93.0,94.26,93.61,0.35,0.3739,3.0879,504436,47304330.0,6140286000.0,1534937231.16
2015-02-13,'603168,É¯ÆÕ°®Ë¼,93.61,94.78,91.47,91.5,90.97,2.64,2.9021,5.287,863693,80890387.0,6117413500.0,1529219606.31
2015-02-12,'603168,É¯ÆÕ°®Ë¼,90.97,91.5,89.3,90.0,90.43,0.54,0.5971,2.5877,422730,38316257.0,5944889500.0,1486092378.87
2015-02-11,'603168,É¯ÆÕ°®Ë¼,90.43,91.28,87.79,88.0,87.7,2.73,3.1129,2.9635,484126,43643574.0,5909600500.0,1477270900.53
2015-02-10,'603168,É¯ÆÕ°®Ë¼,87.7,87.86,87.0,87.32,87.49,0.21,0.24,1.8029,294529,25799388.0,5731195000.0,1432673426.7
2015-02-09,'603168,É¯ÆÕ°®Ë¼,87.49,87.99,87.05,87.07,87.63,-0.14,-0.1598,2.6084,426102,37237551.0,5717471500.0,1429242851.79
2015-02-06,'603168,É¯ÆÕ°®Ë¼,87.63,91.3,87.4,90.15,91.35,-3.72,-4.0722,4.7192,770929,68328405.0,5726620500.0,1431529901.73
2015-02-05,'603168,É¯ÆÕ°®Ë¼,91.35,92.8,91.26,92.8,91.95,-0.6,-0.6525,3.3649,549700,50568845.0,5969722500.0,1492300085.85
2015-02-04,'603168,É¯ÆÕ°®Ë¼,91.95,94.33,91.9,93.5,93.89,-1.94,-2.0662,4.0035,654007,60753398.0,6008932500.0,1502101728.45
2015-02-03,'603168,É¯ÆÕ°®Ë¼,93.89,94.44,92.5,93.0,92.66,1.23,1.3274,3.4233,559229,52406229.0,6135711500.0,1533793706.19
2015-02-02,'603168,É¯ÆÕ°®Ë¼,92.66,93.1,90.81,91.28,92.24,0.42,0.4553,3.0484,497985,45947380.0,6055331000.0,1513700338.86
2015-01-30,'603168,É¯ÆÕ°®Ë¼,92.24,95.0,92.14,94.5,94.28,-2.04,-2.1638,3.4256,559612,52275097.0,6027884000.0,1506839189.04
2015-01-29,'603168,É¯ÆÕ°®Ë¼,94.28,94.67,93.36,93.83,94.19,0.09,0.0956,2.9998,490056,46090734.0,6161198000.0,1540164773.88
2015-01-28,'603168,É¯ÆÕ°®Ë¼,94.19,94.5,93.22,94.48,94.87,-0.68,-0.7168,3.973,649035,61004730.0,6155316500.0,1538694527.49
2015-01-27,'603168,É¯ÆÕ°®Ë¼,94.87,97.76,93.81,96.33,96.35,-1.48,-1.5361,7.0491,1151552,109625177.0,6199754500.0,1549803055.77
2015-01-26,'603168,É¯ÆÕ°®Ë¼,96.35,96.96,95.02,96.01,97.17,-0.82,-0.8439,5.5436,905607,86913078.0,6296472500.0,1573980440.85
2015-01-23,'603168,É¯ÆÕ°®Ë¼,97.17,102.0,97.0,99.79,100.26,-3.09,-3.082,9.3096,1520815,149941467.0,6350059500.0,1587376019.07
2015-01-22,'603168,É¯ÆÕ°®Ë¼,100.26,101.48,94.28,95.01,96.16,4.1,4.2637,13.4931,2204239,217490005.0,6551991000.0,1637854478.46
2015-01-21,'603168,É¯ÆÕ°®Ë¼,96.16,99.68,95.23,99.5,92.82,3.34,3.5984,19.5728,3197428,310079490.0,6284056000.0,1570876587.36
2015-01-20,'603168,É¯ÆÕ°®Ë¼,92.82,92.82,92.82,92.82,84.38,8.44,10.0024,3.9724,648931,60233775.0,6065787000.0,1516314110.22
2015-01-19,'603168,É¯ÆÕ°®Ë¼,84.38,86.08,81.1,81.8,82.6,1.78,2.155,8.9127,1455978,123167781.0,5514233000.0,1378437670.98
2015-01-16,'603168,É¯ÆÕ°®Ë¼,82.6,83.34,79.6,80.5,79.93,2.67,3.3404,4.8284,788772,64471898.0,5397910000.0,1349359464.6
2015-01-15,'603168,É¯ÆÕ°®Ë¼,79.93,81.18,79.0,79.18,79.24,0.69,0.8708,2.6653,435405,34947589.0,5223425500.0,1305742155.03
2015-01-14,'603168,É¯ÆÕ°®Ë¼,79.24,80.15,78.5,80.15,79.95,-0.71,-0.8881,2.2504,367619,29069570.0,5178334000.0,1294470266.04
2015-01-13,'603168,É¯ÆÕ°®Ë¼,79.95,80.0,77.98,78.0,77.74,2.21,2.8428,2.91,475377,37679810.0,5224732500.0,1306068876.45
2015-01-12,'603168,É¯ÆÕ°®Ë¼,77.74,79.5,77.1,79.45,79.27,-1.53,-1.9301,3.3865,553217,43311328.0,5080309000.0,1269966159.54
2015-01-09,'603168,É¯ÆÕ°®Ë¼,79.27,80.7,79.0,79.8,79.99,-0.72,-0.9001,2.8392,463815,37058659.0,5180294500.0,1294960348.17
2015-01-08,'603168,É¯ÆÕ°®Ë¼,79.99,81.38,79.5,79.93,80.03,-0.04,-0.05,2.7049,441882,35537303.0,5227346500.0,1306722319.29
2015-01-07,'603168,É¯ÆÕ°®Ë¼,80.03,81.49,79.72,81.4,81.95,-1.92,-2.3429,3.5121,573747,46010967.0,5229960500.0,1307375762.13
2015-01-06,'603168,É¯ÆÕ°®Ë¼,81.95,82.19,78.6,78.98,78.67,3.28,4.1693,5.2259,853700,68987086.0,5355432500.0,1338741018.45
2015-01-05,'603168,É¯ÆÕ°®Ë¼,78.67,80.88,77.5,80.88,80.97,-2.3,-2.8406,4.1586,679350,53193065.0,5141084500.0,1285158705.57
2014-12-31,'603168,É¯ÆÕ°®Ë¼,80.97,81.4,79.65,80.04,79.61,1.36,1.7083,2.2378,365565,29492285.0,5291389500.0,1322731668.87
2014-12-30,'603168,É¯ÆÕ°®Ë¼,79.61,81.89,79.4,81.49,81.49,-1.88,-2.307,4.6954,767044,61543313.0,5202513500.0,1300514612.31
2014-12-29,'603168,É¯ÆÕ°®Ë¼,81.49,83.97,80.76,83.51,84.38,-2.89,-3.425,4.0379,659634,53689712.0,5325371500.0,1331226425.79
2014-12-26,'603168,É¯ÆÕ°®Ë¼,84.38,85.3,83.9,84.75,85.25,-0.87,-1.0205,2.9716,485438,40920005.0,5514233000.0,1378437670.98
2014-12-25,'603168,É¯ÆÕ°®Ë¼,85.25,86.0,84.0,85.17,85.07,0.18,0.2116,3.6488,596076,50765527.0,5571087500.0,1392650052.75
2014-12-24,'603168,É¯ÆÕ°®Ë¼,85.07,85.45,82.05,82.05,81.46,3.61,4.4316,4.2932,701339,59135615.0,5559324500.0,1389709559.97
2014-12-23,'603168,É¯ÆÕ°®Ë¼,81.46,84.5,80.7,80.7,80.58,0.88,1.0921,3.978,649841,53462724.0,5323411000.0,1330736343.66
2014-12-22,'603168,É¯ÆÕ°®Ë¼,80.58,84.0,79.5,83.58,84.39,-3.81,-4.5148,5.6498,922957,74421843.0,5265903000.0,1316360601.18
2014-12-19,'603168,É¯ÆÕ°®Ë¼,84.39,88.71,83.3,87.5,88.02,-3.63,-4.1241,5.2676,860523,73023296.0,5514886500.0,1378601031.69
2014-12-18,'603168,É¯ÆÕ°®Ë¼,88.02,90.58,87.9,88.5,90.04,-2.02,-2.2434,4.3665,713310,63350797.0,5752107000.0,1437900969.42
2014-12-17,'603168,É¯ÆÕ°®Ë¼,90.04,92.5,89.03,91.88,92.93,-2.89,-3.1099,4.6663,762297,68795289.0,5884114000.0,1470899832.84
2014-12-16,'603168,É¯ÆÕ°®Ë¼,92.93,94.21,91.71,93.63,93.42,-0.49,-0.5245,4.1388,676112,62859235.0,6072975500.0,1518111078.03
2014-12-15,'603168,É¯ÆÕ°®Ë¼,93.42,94.2,90.62,91.37,91.64,1.78,1.9424,4.4995,735043,68471477.0,6104997000.0,1526115752.82
2014-12-12,'603168,É¯ÆÕ°®Ë¼,91.64,93.01,90.68,91.2,91.83,-0.19,-0.2069,3.1336,511903,46813668.0,5988674000.0,1497037546.44
2014-12-11,'603168,É¯ÆÕ°®Ë¼,91.83,91.97,87.5,88.59,88.53,3.3,3.7275,5.062,826926,74436402.0,6001090500.0,1500141399.93
2014-12-10,'603168,É¯ÆÕ°®Ë¼,88.53,89.97,87.05,87.3,87.02,1.51,1.7352,4.9981,816485,72416461.0,5785435500.0,1446232365.63
2014-12-09,'603168,É¯ÆÕ°®Ë¼,87.02,90.98,86.01,90.6,91.06,-4.04,-4.4366,9.5826,1565424,137946713.0,5686757000.0,1421564898.42
2014-12-08,'603168,É¯ÆÕ°®Ë¼,91.06,93.8,91.0,92.95,93.61,-2.55,-2.7241,6.2931,1028045,94753607.0,5950771000.0,1487562625.26
2014-12-05,'603168,É¯ÆÕ°®Ë¼,93.61,97.89,92.6,97.88,98.13,-4.52,-4.6061,9.9161,1619902,153480862.0,6117413500.0,1529219606.31
2014-12-04,'603168,É¯ÆÕ°®Ë¼,98.13,99.5,97.71,98.2,98.0,0.13,0.1327,5.1369,839167,82469721.0,6412795500.0,1603058647.23
2014-12-03,'603168,É¯ÆÕ°®Ë¼,98.0,99.2,96.46,99.0,99.31,-1.31,-1.3191,6.9207,1130563,110360179.0,6404300000.0,1600934958.0
2014-12-02,'603168,É¯ÆÕ°®Ë¼,99.31,100.7,96.0,96.3,96.42,2.89,2.9973,7.9138,1292799,128123511.0,6489908500.0,1622335211.01
2014-12-01,'603168,É¯ÆÕ°®Ë¼,96.42,97.46,94.77,97.46,97.95,-1.53,-1.562,7.0861,1157598,111129105.0,6301047000.0,1575123965.82
2014-11-28,'603168,É¯ÆÕ°®Ë¼,97.95,99.48,97.32,98.87,98.87,-0.92,-0.9305,4.976,812881,79719573.0,6401032500.0,1600118154.45
2014-11-27,'603168,É¯ÆÕ°®Ë¼,98.87,99.51,97.28,97.51,97.31,1.56,1.6031,5.4411,888861,87558562.0,6461154500.0,1615147339.77
2014-11-26,'603168,É¯ÆÕ°®Ë¼,97.31,98.48,95.9,96.6,96.89,0.42,0.4335,4.0365,659406,64077443.0,6359208500.0,1589663069.01
2014-11-25,'603168,É¯ÆÕ°®Ë¼,96.89,99.0,95.3,99.0,98.97,-2.08,-2.1016,7.9633,1300885,125503121.0,6331761500.0,1582801919.19
2014-11-24,'603168,É¯ÆÕ°®Ë¼,98.97,101.46,98.0,98.58,97.97,1.0,1.0207,5.9461,971352,96665973.0,6467689500.0,1616780946.87
2014-11-21,'603168,É¯ÆÕ°®Ë¼,97.97,98.79,94.98,95.45,95.81,2.16,2.2545,7.5819,1238580,120710886.0,6402339500.0,1600444875.87
2014-11-20,'603168,É¯ÆÕ°®Ë¼,95.81,95.88,93.0,93.5,95.06,0.75,0.789,5.0023,817180,77153799.0,6261183500.0,1565158962.51
2014-11-19,'603168,É¯ÆÕ°®Ë¼,95.06,95.99,93.7,95.2,95.92,-0.86,-0.8966,5.1217,836690,79390186.0,6212171000.0,1552906909.26
2014-11-18,'603168,É¯ÆÕ°®Ë¼,95.92,96.08,94.2,94.58,94.4,1.52,1.6102,4.2415,692894,66105242.0,6268372000.0,1566955930.32
2014-11-17,'603168,É¯ÆÕ°®Ë¼,94.4,96.97,92.75,92.95,93.92,0.48,0.5111,6.7213,1097991,104716418.0,6169040000.0,1542125102.4
2014-11-14,'603168,É¯ÆÕ°®Ë¼,93.92,100.38,91.05,99.0,99.88,-5.96,-5.9672,13.8485,2262293,214966885.0,6137672000.0,1534283788.32
2014-11-13,'603168,É¯ÆÕ°®Ë¼,99.88,102.77,99.5,100.0,103.94,-4.06,-3.9061,12.3405,2015947,202912106.0,6527158000.0,1631646771.48
2014-11-12,'603168,É¯ÆÕ°®Ë¼,103.94,107.0,97.5,98.0,97.79,6.15,6.289,18.4177,3008734,308947473.0,6792479000.0,1697971219.74
2014-11-11,'603168,É¯ÆÕ°®Ë¼,97.79,98.77,94.48,96.46,96.36,1.43,1.484,13.2519,2164846,208985304.0,6390576500.0,1597504383.09
2014-11-10,'603168,É¯ÆÕ°®Ë¼,96.36,96.64,93.0,93.8,93.59,2.77,2.9597,10.5317,1720459,163793581.0,6297126000.0,1574143801.56
2014-11-07,'603168,É¯ÆÕ°®Ë¼,93.59,98.08,92.8,94.57,94.01,-0.42,-0.4468,11.2964,1845392,176181231.0,6116106500.0,1528892884.89
2014-11-06,'603168,É¯ÆÕ°®Ë¼,94.01,94.3,91.15,91.63,91.63,2.38,2.5974,9.548,1559773,145160010.0,6143553500.0,1535754034.71
2014-11-05,'603168,É¯ÆÕ°®Ë¼,91.63,92.27,90.51,91.5,92.08,-0.45,-0.4887,3.4168,558165,51058641.0,5988020500.0,1496874185.73
2014-11-04,'603168,É¯ÆÕ°®Ë¼,92.08,95.25,91.28,93.0,92.93,-0.85,-0.9147,7.1027,1160302,108030714.0,6017428000.0,1504225417.68
2014-11-03,'603168,É¯ÆÕ°®Ë¼,92.93,93.5,91.28,91.7,92.46,0.47,0.5083,5.9734,975827,90288317.0,6072975500.0,1518111078.03
2014-10-31,'603168,É¯ÆÕ°®Ë¼,92.46,93.38,90.7,92.65,93.0,-0.54,-0.5806,7.8891,1288776,118611602.0,6042261000.0,1510433124.66
2014-10-30,'603168,É¯ÆÕ°®Ë¼,93.0,96.5,92.1,92.58,93.0,0.0,0.0,10.3541,1691455,159810791.0,6077550000.0,1519254603.0
2014-10-29,'603168,É¯ÆÕ°®Ë¼,93.0,93.55,91.0,92.6,92.27,0.73,0.7912,8.9606,1463806,135053754.0,6077550000.0,1519254603.0
2014-10-28,'603168,É¯ÆÕ°®Ë¼,92.27,92.66,88.0,90.4,90.0,2.27,2.5222,10.8974,1780211,162213684.0,6029844500.0,1507329271.17
2014-10-27,'603168,É¯ÆÕ°®Ë¼,90.0,93.5,89.21,89.8,89.64,0.36,0.4016,8.8435,1444679,132439672.0,5881500000.0,1470246390.0
2014-10-24,'603168,É¯ÆÕ°®Ë¼,89.64,91.6,88.4,88.95,88.7,0.94,1.0598,6.524,1065764,96315350.0,5857974000.0,1464365404.44
2014-10-23,'603168,É¯ÆÕ°®Ë¼,88.7,90.94,87.3,88.0,88.63,0.07,0.079,6.8856,1124831,100280241.0,5796545000.0,1449009497.7
2014-10-22,'603168,É¯ÆÕ°®Ë¼,88.63,92.5,88.02,92.5,92.82,-4.19,-4.5141,11.1719,1825045,164752112.0,5791970500.0,1447865972.73
2014-10-21,'603168,É¯ÆÕ°®Ë¼,92.82,93.81,90.56,91.65,91.14,1.68,1.8433,10.367,1693553,156617730.0,6065787000.0,1516314110.22
2014-10-20,'603168,É¯ÆÕ°®Ë¼,91.14,93.8,91.02,92.0,93.28,-2.14,-2.2942,10.2801,1679366,154339688.0,5955999000.0,1488869510.94
2014-10-17,'603168,É¯ÆÕ°®Ë¼,93.28,93.28,84.82,84.82,84.8,8.48,10.0,22.2314,3631742,326398789.0,6095848000.0,1523828702.88
2014-10-16,'603168,É¯ÆÕ°®Ë¼,84.8,87.11,82.92,83.75,84.07,0.73,0.8683,11.5181,1881604,161003948.0,5541680000.0,1385298820.8
2014-10-15,'603168,É¯ÆÕ°®Ë¼,84.07,84.75,81.2,81.53,81.51,2.56,3.1407,7.6523,1250087,104504045.0,5493974500.0,1373373488.97
2014-10-14,'603168,É¯ÆÕ°®Ë¼,81.51,82.6,81.33,81.8,82.22,-0.71,-0.8635,3.3753,551390,45117333.0,5326678500.0,1331553147.21
2014-10-13,'603168,É¯ÆÕ°®Ë¼,82.22,82.3,80.0,81.01,82.1,0.12,0.1462,4.337,708492,57398694.0,5373077000.0,1343151757.62
2014-10-10,'603168,É¯ÆÕ°®Ë¼,82.1,84.4,81.64,84.4,84.49,-2.39,-2.8287,6.8926,1125984,92859810.0,5365235000.0,1341191429.1
2014-10-09,'603168,É¯ÆÕ°®Ë¼,84.49,85.3,82.82,83.3,83.33,1.16,1.3921,7.0742,1155648,97228661.0,5521421500.0,1380234638.79
2014-10-08,'603168,É¯ÆÕ°®Ë¼,83.33,83.35,82.01,83.0,82.76,0.57,0.6887,5.3239,869713,72031634.0,5445615500.0,1361284796.43
2014-09-30,'603168,É¯ÆÕ°®Ë¼,82.76,83.8,82.25,83.6,83.26,-0.5,-0.6005,4.5355,740919,61362416.0,5408366000.0,1351973235.96
2014-09-29,'603168,É¯ÆÕ°®Ë¼,83.26,83.65,81.61,82.15,81.63,1.63,1.9968,5.5508,906787,75218648.0,5441041000.0,1360141271.46
2014-09-26,'603168,É¯ÆÕ°®Ë¼,81.63,82.13,80.3,80.98,81.0,0.63,0.7778,4.2974,702031,57011463.0,5334520500.0,1333513475.73
2014-09-25,'603168,É¯ÆÕ°®Ë¼,81.0,82.69,80.81,81.98,81.99,-0.99,-1.2075,4.7006,767889,62617891.0,5293350000.0,1323221751.0
2014-09-24,'603168,É¯ÆÕ°®Ë¼,81.99,82.3,80.8,80.92,81.36,0.63,0.7743,4.156,678928,55491709.0,5358046500.0,1339394461.29
2014-09-23,'603168,É¯ÆÕ°®Ë¼,81.36,81.55,80.3,80.3,80.52,0.84,1.0432,4.4922,733843,59438694.0,5316876000.0,1329102736.56
2014-09-22,'603168,É¯ÆÕ°®Ë¼,80.52,82.7,79.99,82.7,83.32,-2.8,-3.3605,6.189,1011047,81536769.0,5261982000.0,1315380436.92
2014-09-19,'603168,É¯ÆÕ°®Ë¼,83.32,83.69,82.0,82.67,82.92,0.4,0.4824,6.4657,1056238,87556897.0,5444962000.0,1361121435.72
2014-09-18,'603168,É¯ÆÕ°®Ë¼,82.92,82.94,81.01,82.25,82.24,0.68,0.8268,4.6421,758342,62258821.0,5418822000.0,1354587007.32
2014-09-17,'603168,É¯ÆÕ°®Ë¼,82.24,82.69,80.0,81.66,81.77,0.47,0.5748,6.148,1004342,81825224.0,5374384000.0,1343478479.04
2014-09-16,'603168,É¯ÆÕ°®Ë¼,81.77,83.85,81.68,83.0,83.15,-1.38,-1.6597,8.8059,1438542,119311197.0,5343669500.0,1335800525.67
2014-09-15,'603168,É¯ÆÕ°®Ë¼,83.15,86.32,81.2,86.26,86.36,-3.21,-3.717,16.2405,2653056,221014381.0,5433852500.0,1358344303.65
2014-09-12,'603168,É¯ÆÕ°®Ë¼,86.36,87.19,85.55,86.89,86.97,-0.61,-0.7014,7.6739,1253610,107802810.0,5643626000.0,1410783091.56
2014-09-11,'603168,É¯ÆÕ°®Ë¼,86.97,90.48,86.69,89.01,89.67,-2.7,-3.011,9.7489,1592591,140328077.0,5683489500.0,1420748094.87
2014-09-10,'603168,É¯ÆÕ°®Ë¼,89.67,91.98,86.53,87.06,87.06,2.61,2.9979,10.9095,1782189,159996210.0,5859934500.0,1464855486.57
2014-09-09,'603168,É¯ÆÕ°®Ë¼,87.06,88.88,86.2,88.1,88.48,-1.42,-1.6049,8.0127,1308965,114033875.0,5689371000.0,1422218341.26
2014-09-05,'603168,É¯ÆÕ°®Ë¼,88.48,90.18,86.4,87.35,87.27,1.21,1.3865,10.9551,1789637,158406048.0,5782168000.0,1445415562.08
2014-09-04,'603168,É¯ÆÕ°®Ë¼,87.27,87.68,85.4,86.94,86.62,0.65,0.7504,9.3526,1527844,132594661.0,5703094500.0,1425648916.17
2014-09-03,'603168,É¯ÆÕ°®Ë¼,86.62,88.9,84.0,87.53,88.69,-2.07,-2.334,13.7004,2238110,193891626.0,5660617000.0,1415030470.02
2014-09-02,'603168,É¯ÆÕ°®Ë¼,88.69,91.25,85.64,85.9,86.57,2.12,2.4489,18.4332,3011267,265471597.0,5795891500.0,1448846136.99
2014-09-01,'603168,É¯ÆÕ°®Ë¼,86.57,89.09,84.2,86.6,85.35,1.22,1.4294,16.5322,2700707,233189462.0,5657349500.0,1414213666.47
2014-08-29,'603168,É¯ÆÕ°®Ë¼,85.35,87.96,79.0,79.31,79.96,5.39,6.7409,23.6664,3866165,324302347.0,5577622500.0,1394283659.85
2014-08-28,'603168,É¯ÆÕ°®Ë¼,79.96,82.58,76.05,76.8,77.77,2.19,2.816,30.5936,4997794,396618590.0,5225386000.0,1306232237.16
2014-08-27,'603168,É¯ÆÕ°®Ë¼,77.77,78.24,72.33,72.33,71.13,6.64,9.335,21.9411,3584310,273161762.0,5082269500.0,1270456241.67
2014-08-26,'603168,É¯ÆÕ°®Ë¼,71.13,74.55,70.67,74.55,75.18,-4.05,-5.3871,12.5466,2049616,148080096.0,4648345500.0,1161984730.23
2014-08-25,'603168,É¯ÆÕ°®Ë¼,75.18,76.49,72.5,72.5,72.32,2.86,3.9546,16.2416,2653246,198432376.0,4913013000.0,1228145817.78
2014-08-22,'603168,É¯ÆÕ°®Ë¼,72.32,73.0,70.6,70.62,71.01,1.31,1.8448,10.4748,1711176,123118003.0,4726112000.0,1181424654.72
2014-08-21,'603168,É¯ÆÕ°®Ë¼,71.01,71.95,69.97,71.7,72.28,-1.27,-1.7571,9.3247,1523282,107938723.0,4640503500.0,1160024401.71
2014-08-20,'603168,É¯ÆÕ°®Ë¼,72.28,72.68,68.61,68.61,69.07,3.21,4.6475,17.5935,2874080,205401214.0,4723498000.0,1180771211.88
2014-08-19,'603168,É¯ÆÕ°®Ë¼,69.07,70.27,68.6,69.7,69.83,-0.76,-1.0884,7.0567,1152791,80122114.0,4513724500.0,1128332423.97
2014-08-18,'603168,É¯ÆÕ°®Ë¼,69.83,69.94,67.9,68.01,68.33,1.5,2.1952,8.4985,1388326,95590595.0,4563390500.0,1140747837.93
2014-08-15,'603168,É¯ÆÕ°®Ë¼,68.33,68.53,67.61,67.7,67.76,0.57,0.8412,4.3828,715979,48808506.0,4465365500.0,1116243731.43
2014-08-14,'603168,É¯ÆÕ°®Ë¼,67.76,68.47,67.48,67.71,67.82,-0.06,-0.0885,5.5128,900581,61163422.0,4428116000.0,1106932170.96
2014-08-13,'603168,É¯ÆÕ°®Ë¼,67.82,70.28,67.58,70.16,70.65,-2.83,-4.0057,13.6178,2224616,152325485.0,4432037000.0,1107912335.22
2014-08-12,'603168,É¯ÆÕ°®Ë¼,70.65,71.0,70.1,71.0,71.03,-0.38,-0.535,6.7813,1107802,78043893.0,4616977500.0,1154143416.15
2014-08-11,'603168,É¯ÆÕ°®Ë¼,71.03,71.15,70.06,70.62,70.63,0.4,0.5663,6.875,1123098,79408002.0,4641810500.0,1160351123.13
2014-08-08,'603168,É¯ÆÕ°®Ë¼,70.63,71.06,70.02,70.02,70.26,0.37,0.5266,6.1938,1011822,71506191.0,4615670500.0,1153816694.73
2014-08-07,'603168,É¯ÆÕ°®Ë¼,70.26,70.88,69.78,70.15,70.65,-0.39,-0.552,8.3709,1367477,96074369.0,4591491000.0,1147772348.46
2014-08-06,'603168,É¯ÆÕ°®Ë¼,70.65,72.24,70.02,71.48,71.8,-1.15,-1.6017,13.4994,2205271,156453262.0,4616977500.0,1154143416.15
2014-08-05,'603168,É¯ÆÕ°®Ë¼,71.8,73.15,70.51,70.8,71.22,0.58,0.8144,13.2761,2168796,156421175.0,4692130000.0,1172929897.8
2014-08-04,'603168,É¯ÆÕ°®Ë¼,71.22,72.44,70.69,71.3,71.12,0.1,0.1406,9.603,1568746,112143747.0,4654227000.0,1163454976.62
2014-08-01,'603168,É¯ÆÕ°®Ë¼,71.12,73.1,70.83,71.5,71.55,-0.43,-0.601,13.1743,2152158,154703852.0,4647692000.0,1161821369.52
2014-07-31,'603168,É¯ÆÕ°®Ë¼,71.55,73.5,70.85,73.45,74.18,-2.63,-3.5454,19.7522,3226738,231798396.0,4675792500.0,1168845880.05
2014-07-30,'603168,É¯ÆÕ°®Ë¼,74.18,74.86,71.0,73.34,74.03,0.15,0.2026,25.0136,4086237,297805823.0,4847663000.0,1211809746.78
2014-07-29,'603168,É¯ÆÕ°®Ë¼,74.03,76.19,73.06,73.8,73.63,0.4,0.5433,18.9338,3093038,230685141.0,4837860500.0,1209359336.13
2014-07-28,'603168,É¯ÆÕ°®Ë¼,73.63,75.25,72.0,74.0,73.7,-0.07,-0.095,20.2492,3307924,243254524.0,4811720500.0,1202824907.73
2014-07-25,'603168,É¯ÆÕ°®Ë¼,73.7,79.9,72.51,79.6,79.66,-5.96,-7.4818,33.0485,5398833,411618966.0,4816295000.0,1203968432.7
2014-07-24,'603168,É¯ÆÕ°®Ë¼,79.66,79.66,70.39,70.85,72.42,7.24,9.9972,38.362,6266847,471710264.0,5205781000.0,1301331415.86
2014-07-23,'603168,É¯ÆÕ°®Ë¼,72.42,73.49,66.6,68.1,68.18,4.24,6.2188,34.5917,5650930,396982764.0,4732647000.0,1183058261.82
2014-07-22,'603168,É¯ÆÕ°®Ë¼,68.18,69.4,67.31,67.55,67.57,0.61,0.9028,16.9023,2761177,188635074.0,4455563000.0,1113793320.78
2014-07-21,'603168,É¯ÆÕ°®Ë¼,67.57,68.97,65.9,67.0,68.14,-0.57,-0.8365,21.372,3491340,234589395.0,4415699500.0,1103828317.47
2014-07-18,'603168,É¯ÆÕ°®Ë¼,68.14,74.47,68.0,72.42,73.48,-5.34,-7.2673,31.026,5068425,361097141.0,4452949000.0,1113139877.94
2014-07-17,'603168,É¯ÆÕ°®Ë¼,73.48,76.8,71.71,71.78,70.89,2.59,3.6535,49.8975,8151284,603807287.0,4801918000.0,1200374497.08
2014-07-16,'603168,É¯ÆÕ°®Ë¼,70.89,74.74,68.88,73.04,74.21,-3.32,-4.4738,65.444,10690981,775891478.0,4632661500.0,1158064073.19
2014-07-15,'603168,É¯ÆÕ°®Ë¼,74.21,74.21,74.21,74.21,67.46,6.75,10.0059,27.0349,4416442,327744161.0,4849623500.0,1212299828.91
2014-07-14,'603168,É¯ÆÕ°®Ë¼,67.46,67.46,67.46,67.46,61.33,6.13,9.9951,0.8293,135481,9139548.0,4408511000.0,1102031349.66
2014-07-11,'603168,É¯ÆÕ°®Ë¼,61.33,61.33,61.33,61.33,55.75,5.58,10.009,0.8262,134962,8277219.0,4007915500.0,1001891234.43
2014-07-10,'603168,É¯ÆÕ°®Ë¼,55.75,55.75,55.75,55.75,50.68,5.07,10.0039,0.7484,122257,6815828.0,3643262500.0,910735958.25
2014-07-09,'603168,É¯ÆÕ°®Ë¼,50.68,50.68,50.68,50.68,46.07,4.61,10.0065,0.8661,141489,7170663.0,3311938000.0,827912078.28
2014-07-08,'603168,É¯ÆÕ°®Ë¼,46.07,46.07,46.07,46.07,41.88,4.19,10.0048,1.0795,176340,8123984.0,3010674500.0,752602790.97
2014-07-07,'603168,É¯ÆÕ°®Ë¼,41.88,41.88,41.88,41.88,38.07,3.81,10.0079,0.423,69099,2893866.0,2736858000.0,684154653.48
2014-07-04,'603168,É¯ÆÕ°®Ë¼,38.07,38.07,38.07,38.07,34.61,3.46,9.9971,0.2004,32740,1246412.0,2487874500.0,621914222.97
2014-07-03,'603168,É¯ÆÕ°®Ë¼,34.61,34.61,34.61,34.61,31.46,3.15,10.0127,0.1212,19800,685278.0,2261763500.0,565391417.31
2014-07-02,'603168,NÉ¯ÆÕ,31.46,31.46,26.22,26.22,21.85,9.61,43.9817,0.2632,43000,1352256.0,2055911000.0,513932793.66
