日期,股票代码,名称,收盘价,最高价,最低价,开盘价,前收盘,涨跌额,涨跌幅,换手率,成交量,成交金额,总市值,流通市值
2017-05-15,'603100,川仪股份,11.46,11.74,11.34,11.64,11.61,-0.15,-1.292,1.2791,2959548,33994465.0,4526700000.0,2651630683.56
2017-05-12,'603100,川仪股份,11.61,11.81,11.51,11.79,11.82,-0.21,-1.7766,0.9557,2211271,25727530.0,4585950000.0,2686337891.46
2017-05-11,'603100,川仪股份,11.82,12.06,11.59,11.99,11.98,-0.16,-1.3356,0.8452,1955593,23028902.0,4668900000.0,2734927982.52
2017-05-10,'603100,川仪股份,11.98,12.38,11.95,12.3,12.35,-0.37,-2.996,0.5724,1324378,16182672.0,4732100000.0,2771949004.28
2017-05-09,'603100,川仪股份,12.35,12.38,12.05,12.26,12.26,0.09,0.7341,0.6113,1414341,17307183.0,4878250000.0,2857560117.1
2017-05-08,'603100,川仪股份,12.26,12.52,12.2,12.45,12.53,-0.27,-2.1548,0.5661,1309842,16183275.0,4842700000.0,2836735792.36
2017-05-05,'603100,川仪股份,12.53,12.77,12.52,12.6,12.72,-0.19,-1.4937,0.4862,1124895,14215330.0,4949350000.0,2899208766.58
2017-05-04,'603100,川仪股份,12.72,12.79,12.58,12.66,12.72,0.0,0.0,0.3753,868360,11024367.0,5024400000.0,2943171229.92
2017-05-03,'603100,川仪股份,12.72,12.81,12.55,12.75,12.74,-0.02,-0.157,0.5796,1341160,16991983.0,5024400000.0,2943171229.92
2017-05-02,'603100,川仪股份,12.74,12.79,12.55,12.65,12.76,-0.02,-0.1567,0.6171,1427945,18133378.0,5032300000.0,2947798857.64
2017-04-28,'603100,川仪股份,12.76,12.77,12.5,12.62,12.66,0.1,0.7899,0.5824,1347492,17072192.0,5040200000.0,2952426485.36
2017-04-27,'603100,川仪股份,12.66,12.7,12.09,12.7,12.7,-0.04,-0.315,1.2179,2817968,34901588.0,5000700000.0,2929288346.76
2017-04-26,'603100,川仪股份,12.7,12.73,12.61,12.68,12.68,0.02,0.1577,0.5313,1229258,15591218.0,5016500000.0,2938543602.2
2017-04-25,'603100,川仪股份,12.68,12.81,12.57,12.69,12.7,-0.02,-0.1575,0.8596,1989064,25266230.0,5008600000.0,2933915974.48
2017-04-24,'603100,川仪股份,12.7,13.33,12.5,13.18,13.19,-0.49,-3.7149,0.9216,2132469,27337526.0,5016500000.0,2938543602.2
2017-04-21,'603100,川仪股份,13.19,13.26,13.06,13.15,13.14,0.05,0.3805,0.5211,1205753,15888364.0,5210050000.0,3051920481.34
2017-04-20,'603100,川仪股份,13.14,13.43,13.06,13.37,13.37,-0.23,-1.7203,0.7775,1798965,23749444.0,5190300000.0,3040351412.04
2017-04-19,'603100,川仪股份,13.37,13.77,13.26,13.77,13.77,-0.4,-2.9049,0.9869,2283488,30583760.0,5281150000.0,3093569130.82
2017-04-18,'603100,川仪股份,13.77,14.01,13.67,13.9,13.98,-0.21,-1.5021,0.7922,1833023,25416021.0,5439150000.0,3186121685.22
2017-04-17,'603100,川仪股份,13.98,14.06,13.7,13.83,13.9,0.08,0.5755,1.1039,2554233,35667387.0,5522100000.0,3234711776.28
2017-04-14,'603100,川仪股份,13.9,14.25,13.88,14.24,14.21,-0.31,-2.1816,0.9865,2282584,31994901.0,5490500000.0,3216201265.4
2017-04-13,'603100,川仪股份,14.21,14.25,14.07,14.14,14.15,0.06,0.424,0.712,1647496,23383823.0,5612950000.0,3287929495.06
2017-04-12,'603100,川仪股份,14.15,14.34,14.12,14.31,14.31,-0.16,-1.1181,0.8651,2001651,28453384.0,5589250000.0,3274046611.9
2017-04-11,'603100,川仪股份,14.31,14.34,14.08,14.28,14.28,0.03,0.2101,1.1251,2603385,36987124.0,5652450000.0,3311067633.66
2017-04-10,'603100,川仪股份,14.28,14.35,14.06,14.31,14.31,-0.03,-0.2096,0.9814,2270769,32320357.0,5640600000.0,3304126192.08
2017-04-07,'603100,川仪股份,14.31,14.38,14.26,14.35,14.3,0.01,0.0699,0.9359,2165607,31010376.0,5652450000.0,3311067633.66
2017-04-06,'603100,川仪股份,14.3,14.4,14.21,14.29,14.28,0.02,0.1401,1.3051,3019857,43148192.0,5648500000.0,3308753819.8
2017-04-05,'603100,川仪股份,14.28,14.31,14.01,14.14,14.09,0.19,1.3485,1.1258,2604880,37045098.0,5640600000.0,3304126192.08
2017-03-31,'603100,川仪股份,14.09,14.19,13.96,14.09,14.09,0.0,0.0,0.7446,1722753,24241716.0,5565550000.0,3260163728.74
2017-03-30,'603100,川仪股份,14.09,14.42,14.0,14.42,14.44,-0.35,-2.4238,1.6885,3906921,55296186.0,5565550000.0,3260163728.74
2017-03-29,'603100,川仪股份,14.44,14.61,14.4,14.6,14.61,-0.17,-1.1636,0.8762,2027314,29371172.0,5703800000.0,3341147213.84
2017-03-28,'603100,川仪股份,14.61,14.71,14.53,14.67,14.68,-0.07,-0.4768,0.7957,1841096,26913447.0,5770950000.0,3380482049.46
2017-03-27,'603100,川仪股份,14.68,14.73,14.56,14.65,14.66,0.02,0.1364,0.8403,1944317,28479582.0,5798600000.0,3396678746.48
2017-03-24,'603100,川仪股份,14.66,14.84,14.48,14.75,14.77,-0.11,-0.7448,1.3493,3121991,45679086.0,5790700000.0,3392051118.76
2017-03-23,'603100,川仪股份,14.77,14.95,14.67,14.69,14.75,0.02,0.1356,1.0755,2488510,36814144.0,5834150000.0,3417503071.22
2017-03-22,'603100,川仪股份,14.75,15.1,14.7,15.02,15.12,-0.37,-2.4471,1.2592,2913524,43278837.0,5826250000.0,3412875443.5
2017-03-21,'603100,川仪股份,15.12,15.15,15.0,15.0,15.05,0.07,0.4651,1.0234,2367844,35687355.0,5972400000.0,3498486556.32
2017-03-20,'603100,川仪股份,15.05,15.12,14.83,14.89,14.87,0.18,1.2105,1.0996,2544177,38099832.0,5944750000.0,3482289859.3
2017-03-17,'603100,川仪股份,14.87,15.2,14.8,15.05,14.95,-0.08,-0.5351,1.4561,3369242,50582196.0,5873650000.0,3440641209.82
2017-03-16,'603100,川仪股份,14.95,15.01,14.85,14.85,14.85,0.1,0.6734,1.1081,2563999,38350712.0,5905250000.0,3459151720.7
2017-03-15,'603100,川仪股份,14.85,14.95,14.65,14.75,14.73,0.12,0.8147,0.8309,1922456,28390514.0,5865750000.0,3436013582.1
2017-03-14,'603100,川仪股份,14.73,14.98,14.65,14.8,14.83,-0.1,-0.6743,1.3281,3073070,45557794.0,5818350000.0,3408247815.78
2017-03-13,'603100,川仪股份,14.83,14.84,14.53,14.68,14.74,0.09,0.6106,0.8251,1909088,28083221.0,5857850000.0,3431385954.38
2017-03-10,'603100,川仪股份,14.74,14.75,14.67,14.67,14.69,0.05,0.3404,0.7354,1701477,25037701.0,5822300000.0,3410561629.64
2017-03-09,'603100,川仪股份,14.69,14.99,14.66,14.95,14.98,-0.29,-1.9359,1.2466,2884361,42545133.0,5802550000.0,3398992560.34
2017-03-08,'603100,川仪股份,14.98,15.17,14.93,15.16,15.11,-0.13,-0.8604,1.3515,3127031,46869288.0,5917100000.0,3466093162.28
2017-03-07,'603100,川仪股份,15.11,15.22,15.02,15.12,15.15,-0.04,-0.264,1.4025,3245107,48988868.0,5968450000.0,3496172742.46
2017-03-06,'603100,川仪股份,15.15,15.16,14.98,15.11,15.23,-0.08,-0.5253,3.1061,7187017,108109104.0,5984250000.0,3505427997.9
2017-03-03,'603100,川仪股份,15.23,15.69,15.18,15.41,15.22,0.01,0.0657,3.1145,7206481,111271727.0,6015850000.0,3523938508.78
2017-03-02,'603100,川仪股份,15.22,15.38,15.0,15.05,15.08,0.14,0.9284,1.4955,3460344,52577013.0,6011900000.0,3521624694.92
2017-03-01,'603100,川仪股份,15.08,15.25,14.96,14.96,15.04,0.04,0.266,1.4055,3251967,49205748.0,5956600000.0,3489231300.88
2017-02-28,'603100,川仪股份,15.04,15.08,14.86,14.86,14.88,0.16,1.0753,1.0651,2464373,36905119.0,5940800000.0,3479976045.44
2017-02-27,'603100,川仪股份,14.88,15.29,14.85,15.12,15.13,-0.25,-1.6523,1.2123,2805133,42402209.0,5877600000.0,3442955023.68
2017-02-24,'603100,川仪股份,15.13,15.26,14.92,14.97,15.02,0.11,0.7324,0.9953,2303050,34692334.0,5976350000.0,3500800370.18
2017-02-23,'603100,川仪股份,15.02,15.18,14.92,15.1,15.09,-0.07,-0.4639,0.8665,2005025,30182027.0,5932900000.0,3475348417.72
2017-02-22,'603100,川仪股份,15.09,15.13,14.82,14.93,14.91,0.18,1.2072,1.1199,2591154,38860593.0,5960550000.0,3491545114.74
2017-02-21,'603100,川仪股份,14.91,15.04,14.76,14.81,14.81,0.1,0.6752,1.0888,2519294,37609343.0,5889450000.0,3449896465.26
2017-02-20,'603100,川仪股份,14.81,14.88,14.5,14.51,14.6,0.21,1.4384,1.0979,2540249,37414833.0,5849950000.0,3426758326.66
2017-02-17,'603100,川仪股份,14.6,14.85,14.56,14.72,14.75,-0.15,-1.0169,1.0629,2459467,36193388.0,5767000000.0,3378168235.6
2017-02-16,'603100,川仪股份,14.75,14.82,14.51,14.59,14.58,0.17,1.166,0.7431,1719461,25314582.0,5826250000.0,3412875443.5
2017-02-15,'603100,川仪股份,14.58,14.9,14.56,14.85,14.89,-0.31,-2.0819,1.0834,2506780,36910702.0,5759100000.0,3373540607.88
2017-02-14,'603100,川仪股份,14.89,14.92,14.67,14.75,14.76,0.13,0.8808,0.9307,2153489,31911219.0,5881550000.0,3445268837.54
2017-02-13,'603100,川仪股份,14.76,14.9,14.62,14.62,14.68,0.08,0.545,0.9242,2138323,31639446.0,5830200000.0,3415189257.36
2017-02-10,'603100,川仪股份,14.68,14.78,14.55,14.6,14.65,0.03,0.2048,0.9327,2158009,31621234.0,5798600000.0,3396678746.48
2017-02-09,'603100,川仪股份,14.65,14.73,14.47,14.58,14.58,0.07,0.4801,0.7853,1817025,26575938.0,5786750000.0,3389737304.9
2017-02-08,'603100,川仪股份,14.58,14.62,14.28,14.32,14.39,0.19,1.3204,0.8932,2066713,29889390.0,5759100000.0,3373540607.88
2017-02-07,'603100,川仪股份,14.39,14.47,14.26,14.41,14.45,-0.06,-0.4152,0.6262,1448971,20820212.0,5684050000.0,3329578144.54
2017-02-06,'603100,川仪股份,14.45,14.47,14.16,14.16,14.24,0.21,1.4747,0.7183,1661936,23896908.0,5707750000.0,3343461027.7
2017-02-03,'603100,川仪股份,14.24,14.42,14.15,14.37,14.45,-0.21,-1.4533,0.4307,996586,14216624.0,5624800000.0,3294870936.64
2017-01-26,'603100,川仪股份,14.45,14.46,14.24,14.24,14.27,0.18,1.2614,0.5679,1314104,18896220.0,5707750000.0,3343461027.7
2017-01-25,'603100,川仪股份,14.27,14.34,14.13,14.21,14.19,0.08,0.5638,0.519,1200916,17118558.0,5636650000.0,3301812378.22
2017-01-24,'603100,川仪股份,14.19,14.35,14.15,14.32,14.32,-0.13,-0.9078,0.5583,1291760,18352426.0,5605050000.0,3283301867.34
2017-01-23,'603100,川仪股份,14.32,14.39,14.12,14.2,14.21,0.11,0.7741,0.7108,1644671,23520800.0,5656400000.0,3313381447.52
2017-01-20,'603100,川仪股份,14.21,14.3,14.05,14.09,14.04,0.17,1.2108,0.7871,1821180,25844699.0,5612950000.0,3287929495.06
2017-01-19,'603100,川仪股份,14.04,14.16,13.91,14.01,14.03,0.01,0.0713,0.4533,1048929,14749976.0,5545800000.0,3248594659.44
2017-01-18,'603100,川仪股份,14.03,14.37,14.0,14.37,14.37,-0.34,-2.366,0.8162,1888421,26685300.0,5541850000.0,3246280845.58
2017-01-17,'603100,川仪股份,14.37,14.4,13.84,14.18,14.18,0.19,1.3399,1.1635,2692126,37981595.0,5676150000.0,3324950516.82
2017-01-16,'603100,川仪股份,14.18,14.91,13.62,14.85,14.87,-0.69,-4.6402,1.2789,2959124,42822298.0,5601100000.0,3280988053.48
2017-01-13,'603100,川仪股份,14.87,15.29,14.8,15.17,15.17,-0.3,-1.9776,1.453,3361864,50488876.0,5873650000.0,3440641209.82
2017-01-12,'603100,川仪股份,15.17,15.63,15.15,15.52,15.59,-0.42,-2.694,1.3753,3182207,48949002.0,5992150000.0,3510055625.62
2017-01-11,'603100,川仪股份,15.59,15.85,15.52,15.66,15.77,-0.18,-1.1414,1.193,2760310,43264806.0,6158050000.0,3607235807.74
2017-01-10,'603100,川仪股份,15.77,16.29,15.75,16.22,16.18,-0.41,-2.534,1.8573,4297398,68587348.0,6229150000.0,3648884457.22
2017-01-09,'603100,川仪股份,16.18,16.2,15.62,15.67,15.76,0.42,2.665,1.9425,4494491,71775601.0,6391100000.0,3743750825.48
2017-01-06,'603100,川仪股份,15.76,15.94,15.68,15.9,15.96,-0.2,-1.2531,1.3161,3045250,48018863.0,6225200000.0,3646570643.36
2017-01-05,'603100,川仪股份,15.96,15.98,15.82,15.9,16.0,-0.04,-0.25,1.2119,2804098,44578954.0,6304200000.0,3692846920.56
2017-01-04,'603100,川仪股份,16.0,16.08,15.81,15.91,15.92,0.08,0.5025,2.0637,4775090,76192469.0,6320000000.0,3702102176.0
2017-01-03,'603100,川仪股份,15.92,15.95,15.5,15.65,15.6,0.32,2.0513,2.1235,4913479,77346506.0,6288400000.0,3683591665.12
2016-12-30,'603100,川仪股份,15.6,15.83,15.51,15.67,15.64,-0.04,-0.2558,1.1718,2711346,42537889.0,6162000000.0,3609549621.6
2016-12-29,'603100,川仪股份,15.64,15.89,15.46,15.51,15.61,0.03,0.1922,1.2378,2863937,44958283.0,6177800000.0,3618804877.04
2016-12-28,'603100,川仪股份,15.61,15.73,15.52,15.66,15.62,-0.01,-0.064,1.1567,2676427,41834517.0,6165950000.0,3611863435.46
2016-12-27,'603100,川仪股份,15.62,15.66,15.24,15.33,15.35,0.27,1.759,1.2869,2977668,46125210.0,6169900000.0,3614177249.32
2016-12-26,'603100,川仪股份,15.35,15.35,14.82,15.15,15.23,0.12,0.7879,0.9493,2196505,33043298.0,6063250000.0,3551704275.1
2016-12-23,'603100,川仪股份,15.23,15.77,15.2,15.51,15.53,-0.3,-1.9317,1.288,2980292,46197445.0,6015850000.0,3523938508.78
2016-12-22,'603100,川仪股份,15.53,15.66,15.4,15.58,15.67,-0.14,-0.8934,0.914,2114883,32792784.0,6134350000.0,3593352924.58
2016-12-21,'603100,川仪股份,15.67,15.74,15.5,15.55,15.63,0.04,0.2559,1.1564,2675703,41834519.0,6189650000.0,3625746318.62
2016-12-20,'603100,川仪股份,15.63,15.81,15.24,15.26,15.37,0.26,1.6916,1.5453,3575431,55720371.0,6173850000.0,3616491063.18
2016-12-19,'603100,川仪股份,15.37,15.45,15.17,15.44,15.43,-0.06,-0.3889,0.7006,1621100,24813262.0,6071150000.0,3556331902.82
2016-12-16,'603100,川仪股份,15.43,15.45,14.92,14.94,14.94,0.49,3.2798,1.2453,2881300,43880155.0,6094850000.0,3570214785.98
2016-12-15,'603100,川仪股份,14.94,15.08,14.61,14.69,14.69,0.25,1.7018,0.8085,1870606,27868345.0,5901300000.0,3456837906.84
2016-12-14,'603100,川仪股份,14.69,14.91,14.62,14.86,14.86,-0.17,-1.144,0.723,1672857,24717973.0,5802550000.0,3398992560.34
2016-12-13,'603100,川仪股份,14.86,14.92,14.61,14.7,14.72,0.14,0.9511,0.7658,1771883,26156441.0,5869700000.0,3438327395.96
2016-12-12,'603100,川仪股份,14.72,15.59,14.7,15.41,15.47,-0.75,-4.8481,1.3075,3025261,45486986.0,5814400000.0,3405934001.92
2016-12-09,'603100,川仪股份,15.47,15.61,15.4,15.46,15.42,0.05,0.3243,0.9254,2141251,33252607.0,6110650000.0,3579470041.42
2016-12-08,'603100,川仪股份,15.42,15.61,15.33,15.4,15.52,-0.1,-0.6443,0.7666,1773719,27455291.0,6090900000.0,3567900972.12
2016-12-07,'603100,川仪股份,15.52,15.56,15.28,15.29,15.3,0.22,1.4379,0.9451,2186850,33879564.0,6130400000.0,3591039110.72
2016-12-06,'603100,川仪股份,15.3,15.45,15.2,15.28,15.19,0.11,0.7242,0.6723,1555661,23852871.0,6043500000.0,3540135205.8
2016-12-05,'603100,川仪股份,15.19,15.35,14.98,15.0,15.0,0.19,1.2667,1.1078,2563329,39032089.0,6000050000.0,3514683253.34
2016-12-02,'603100,川仪股份,15.0,15.53,14.98,15.52,15.53,-0.53,-3.4127,1.2223,2828125,43029513.0,5925000000.0,3470720790.0
2016-12-01,'603100,川仪股份,15.53,15.56,15.33,15.38,15.42,0.11,0.7134,0.8652,2001929,30921649.0,6134350000.0,3593352924.58
2016-11-30,'603100,川仪股份,15.42,15.63,15.35,15.54,15.54,-0.12,-0.7722,1.046,2420312,37473897.0,6090900000.0,3567900972.12
2016-11-29,'603100,川仪股份,15.54,15.88,15.5,15.7,15.8,-0.26,-1.6456,1.0515,2432906,38193644.0,6138300000.0,3595666738.44
2016-11-28,'603100,川仪股份,15.8,16.02,15.69,15.8,15.76,0.04,0.2538,1.4524,3360624,53275646.0,6241000000.0,3655825898.8
2016-11-25,'603100,川仪股份,15.76,15.79,15.3,15.7,15.63,0.13,0.8317,1.6412,3797427,59058540.0,6225200000.0,3646570643.36
2016-11-24,'603100,川仪股份,15.63,15.9,15.53,15.8,15.82,-0.19,-1.201,1.5804,3656801,57519841.0,6173850000.0,3616491063.18
2016-11-23,'603100,川仪股份,15.82,16.2,15.76,16.14,16.14,-0.32,-1.9827,1.654,3827100,61138693.0,6248900000.0,3660453526.52
2016-11-22,'603100,川仪股份,16.14,16.19,15.98,15.99,16.06,0.08,0.4981,1.5096,3492850,56306774.0,6375300000.0,3734495570.04
2016-11-21,'603100,川仪股份,16.06,16.1,15.83,15.86,15.93,0.13,0.8161,1.5167,3509394,56182495.0,6343700000.0,3715985059.16
2016-11-18,'603100,川仪股份,15.93,16.06,15.85,15.85,15.88,0.05,0.3149,1.1355,2627312,41931219.0,6292350000.0,3685905478.98
2016-11-17,'603100,川仪股份,15.88,16.08,15.76,16.06,16.06,-0.18,-1.1208,1.6859,3900781,61891766.0,6272600000.0,3674336409.68
2016-11-16,'603100,川仪股份,16.06,16.22,16.01,16.15,16.17,-0.11,-0.6803,1.3985,3235823,52050979.0,6343700000.0,3715985059.16
2016-11-15,'603100,川仪股份,16.17,16.21,16.01,16.2,16.25,-0.08,-0.4923,1.5429,3570035,57447637.0,6387150000.0,3741437011.62
2016-11-14,'603100,川仪股份,16.25,16.36,16.06,16.16,16.18,0.07,0.4326,2.2936,5306892,85713062.0,6418750000.0,3759947522.5
2016-11-11,'603100,川仪股份,16.18,16.46,16.09,16.35,16.37,-0.19,-1.1607,2.6188,6059346,98029533.0,6391100000.0,3743750825.48
2016-11-10,'603100,川仪股份,16.37,16.38,15.92,15.92,15.88,0.49,3.0856,3.6525,8451283,137118462.0,6466150000.0,3787713288.82
2016-11-09,'603100,川仪股份,15.88,16.02,15.56,15.69,15.68,0.2,1.2755,3.3596,7773384,123185507.0,6272600000.0,3674336409.68
2016-11-08,'603100,川仪股份,15.68,15.74,15.53,15.73,15.69,-0.01,-0.0637,1.3138,3039931,47543555.0,6193600000.0,3628060132.48
2016-11-07,'603100,川仪股份,15.69,15.8,15.41,15.76,15.75,-0.06,-0.381,1.6251,3760227,58617643.0,6197550000.0,3630373946.34
2016-11-04,'603100,川仪股份,15.75,15.85,15.6,15.6,15.65,0.1,0.639,2.0402,4720736,74199906.0,6221250000.0,3644256829.5
2016-11-03,'603100,川仪股份,15.65,15.84,15.36,15.4,15.47,0.18,1.1635,2.5335,5862046,91733080.0,6181750000.0,3621118690.9
2016-11-02,'603100,川仪股份,15.47,15.74,15.41,15.61,15.73,-0.26,-1.6529,2.0928,4842290,75359478.0,6110650000.0,3579470041.42
2016-11-01,'603100,川仪股份,15.73,15.8,15.21,15.4,15.37,0.36,2.3422,2.4064,5568067,85958441.0,6213350000.0,3639629201.78
2016-10-31,'603100,川仪股份,15.37,15.52,15.19,15.52,15.6,-0.23,-1.4744,1.7682,4091325,62725748.0,6071150000.0,3556331902.82
2016-10-28,'603100,川仪股份,15.6,15.8,15.5,15.8,15.79,-0.19,-1.2033,2.5053,5796753,90414789.0,6162000000.0,3609549621.6
2016-10-27,'603100,川仪股份,15.79,15.85,15.21,15.35,15.31,0.48,3.1352,4.4192,10225188,160113895.0,6237050000.0,3653512084.94
2016-10-26,'603100,川仪股份,15.31,15.41,15.1,15.2,15.29,0.02,0.1308,2.732,6321357,96729348.0,6047450000.0,3542449019.66
2016-10-25,'603100,川仪股份,15.29,15.45,15.15,15.15,15.28,0.01,0.0654,3.1012,7175703,109561226.0,6039550000.0,3537821391.94
2016-10-24,'603100,川仪股份,15.28,15.86,15.06,15.06,14.67,0.61,4.1581,6.3133,14607784,224325269.0,6035600000.0,3535507578.08
2016-10-21,'603100,川仪股份,0.0,0.0,0.0,0.0,14.67,None,None,0.0,0,0.0,5794650000.0,3394364932.62
2016-10-20,'603100,川仪股份,0.0,0.0,0.0,0.0,14.67,None,None,0.0,0,0.0,5794650000.0,3394364932.62
2016-10-19,'603100,川仪股份,0.0,0.0,0.0,0.0,14.67,None,None,0.0,0,0.0,5794650000.0,3394364932.62
2016-10-18,'603100,川仪股份,0.0,0.0,0.0,0.0,14.67,None,None,0.0,0,0.0,5794650000.0,3394364932.62
2016-10-17,'603100,川仪股份,0.0,0.0,0.0,0.0,14.67,None,None,0.0,0,0.0,5794650000.0,3394364932.62
2016-10-14,'603100,川仪股份,0.0,0.0,0.0,0.0,14.67,None,None,0.0,0,0.0,5794650000.0,3394364932.62
2016-10-13,'603100,川仪股份,0.0,0.0,0.0,0.0,14.67,None,None,0.0,0,0.0,5794650000.0,3394364932.62
2016-10-12,'603100,川仪股份,0.0,0.0,0.0,0.0,14.67,None,None,0.0,0,0.0,5794650000.0,3394364932.62
2016-10-11,'603100,川仪股份,0.0,0.0,0.0,0.0,14.67,None,None,0.0,0,0.0,5794650000.0,3394364932.62
2016-10-10,'603100,川仪股份,0.0,0.0,0.0,0.0,14.67,None,None,0.0,0,0.0,5794650000.0,3394364932.62
2016-09-30,'603100,川仪股份,0.0,0.0,0.0,0.0,14.67,None,None,0.0,0,0.0,5794650000.0,3394364932.62
2016-09-29,'603100,川仪股份,0.0,0.0,0.0,0.0,14.67,None,None,0.0,0,0.0,5794650000.0,3394364932.62
2016-09-28,'603100,川仪股份,0.0,0.0,0.0,0.0,14.67,None,None,0.0,0,0.0,5794650000.0,3394364932.62
2016-09-27,'603100,川仪股份,0.0,0.0,0.0,0.0,14.67,None,None,0.0,0,0.0,5794650000.0,3394364932.62
2016-09-26,'603100,川仪股份,0.0,0.0,0.0,0.0,14.67,None,None,0.0,0,0.0,5794650000.0,3394364932.62
2016-09-23,'603100,川仪股份,0.0,0.0,0.0,0.0,14.67,None,None,0.0,0,0.0,5794650000.0,3394364932.62
2016-09-22,'603100,川仪股份,0.0,0.0,0.0,0.0,14.67,None,None,0.0,0,0.0,5794650000.0,3394364932.62
2016-09-21,'603100,川仪股份,0.0,0.0,0.0,0.0,14.67,None,None,0.0,0,0.0,5794650000.0,3394364932.62
2016-09-20,'603100,川仪股份,0.0,0.0,0.0,0.0,14.67,None,None,0.0,0,0.0,5794650000.0,3394364932.62
2016-09-19,'603100,川仪股份,0.0,0.0,0.0,0.0,14.67,None,None,0.0,0,0.0,5794650000.0,3394364932.62
2016-09-14,'603100,川仪股份,0.0,0.0,0.0,0.0,14.67,None,None,0.0,0,0.0,5794650000.0,3394364932.62
2016-09-13,'603100,川仪股份,0.0,0.0,0.0,0.0,14.67,None,None,0.0,0,0.0,5794650000.0,3394364932.62
2016-09-12,'603100,川仪股份,0.0,0.0,0.0,0.0,14.67,None,None,0.0,0,0.0,5794650000.0,3394364932.62
2016-09-09,'603100,川仪股份,0.0,0.0,0.0,0.0,14.67,None,None,0.0,0,0.0,5794650000.0,3394364932.62
2016-09-08,'603100,川仪股份,0.0,0.0,0.0,0.0,14.67,None,None,0.0,0,0.0,5794650000.0,3394364932.62
2016-09-07,'603100,川仪股份,0.0,0.0,0.0,0.0,14.67,None,None,0.0,0,0.0,5794650000.0,3394364932.62
2016-09-06,'603100,川仪股份,0.0,0.0,0.0,0.0,14.67,None,None,0.0,0,0.0,5794650000.0,3394364932.62
2016-09-05,'603100,川仪股份,0.0,0.0,0.0,0.0,14.67,None,None,0.0,0,0.0,5794650000.0,3394364932.62
2016-09-02,'603100,川仪股份,0.0,0.0,0.0,0.0,14.67,None,None,0.0,0,0.0,5794650000.0,3394364932.62
2016-09-01,'603100,川仪股份,0.0,0.0,0.0,0.0,14.67,None,None,0.0,0,0.0,5794650000.0,3394364932.62
2016-08-31,'603100,川仪股份,0.0,0.0,0.0,0.0,14.67,None,None,0.0,0,0.0,5794650000.0,3394364932.62
2016-08-30,'603100,川仪股份,0.0,0.0,0.0,0.0,14.67,None,None,0.0,0,0.0,5794650000.0,3394364932.62
2016-08-29,'603100,川仪股份,0.0,0.0,0.0,0.0,14.67,None,None,0.0,0,0.0,5794650000.0,3394364932.62
2016-08-26,'603100,川仪股份,0.0,0.0,0.0,0.0,14.67,None,None,0.0,0,0.0,5794650000.0,3394364932.62
2016-08-25,'603100,川仪股份,0.0,0.0,0.0,0.0,14.67,None,None,0.0,0,0.0,5794650000.0,3394364932.62
2016-08-24,'603100,川仪股份,0.0,0.0,0.0,0.0,14.67,None,None,0.0,0,0.0,5794650000.0,3394364932.62
2016-08-23,'603100,川仪股份,0.0,0.0,0.0,0.0,14.67,None,None,0.0,0,0.0,5794650000.0,3394364932.62
2016-08-22,'603100,川仪股份,0.0,0.0,0.0,0.0,14.67,None,None,0.0,0,0.0,5794650000.0,3394364932.62
2016-08-19,'603100,川仪股份,14.67,14.75,14.58,14.74,14.72,-0.05,-0.3397,1.1175,2585595,37893835.0,5794650000.0,3394364932.62
2016-08-18,'603100,川仪股份,14.72,14.81,14.55,14.58,14.66,0.06,0.4093,1.6298,3770945,55357926.0,5814400000.0,3405934001.92
2016-08-17,'603100,川仪股份,14.66,14.75,14.55,14.6,14.68,-0.02,-0.1362,1.4286,3305605,48424336.0,5790700000.0,3392051118.76
2016-08-16,'603100,川仪股份,14.68,14.73,14.49,14.65,14.57,0.11,0.755,1.8437,4266026,62278772.0,5798600000.0,3396678746.48
2016-08-15,'603100,川仪股份,14.57,14.61,14.17,14.23,14.23,0.34,2.3893,2.1294,4927098,71151487.0,5755150000.0,3371226794.02
2016-08-12,'603100,川仪股份,14.23,14.25,13.96,14.06,14.05,0.18,1.2811,1.3974,3233376,45571403.0,5620850000.0,3292557122.78
2016-08-11,'603100,川仪股份,14.05,14.49,14.03,14.49,14.45,-0.4,-2.7682,1.4387,3328801,47289249.0,5549750000.0,3250908473.3
2016-08-10,'603100,川仪股份,14.45,14.63,14.32,14.35,14.4,0.05,0.3472,2.1142,4891836,70898411.0,5707750000.0,3343461027.7
2016-08-09,'603100,川仪股份,14.4,14.43,14.22,14.32,14.3,0.1,0.6993,2.1128,4888563,69952437.0,5688000000.0,3331891958.4
2016-08-08,'603100,川仪股份,14.3,14.35,13.83,14.11,14.32,-0.02,-0.1397,2.8076,6496167,91007036.0,5648500000.0,3308753819.8
2016-08-05,'603100,川仪股份,14.32,14.52,14.28,14.48,14.53,-0.21,-1.4453,1.5083,3489877,50217940.0,5656400000.0,3313381447.52
2016-08-04,'603100,川仪股份,14.53,14.56,14.31,14.46,14.51,0.02,0.1378,1.7085,3953222,56927983.0,5739350000.0,3361971538.58
2016-08-03,'603100,川仪股份,14.51,14.59,14.16,14.2,14.24,0.27,1.8961,2.1689,5018412,72520057.0,5731450000.0,3357343910.86
2016-08-02,'603100,川仪股份,14.24,14.28,14.07,14.1,14.03,0.21,1.4968,1.0395,2405258,34115782.0,5624800000.0,3294870936.64
2016-08-01,'603100,川仪股份,14.03,14.35,13.8,14.35,14.4,-0.37,-2.5694,2.7891,6453487,90569420.0,5541850000.0,3246280845.58
2016-07-29,'603100,川仪股份,14.4,14.62,14.24,14.57,14.57,-0.17,-1.1668,1.954,4521250,64939656.0,5688000000.0,3331891958.4
2016-07-28,'603100,川仪股份,14.57,14.86,14.17,14.62,14.67,-0.1,-0.6817,2.6924,6229618,90059290.0,5755150000.0,3371226794.02
2016-07-27,'603100,川仪股份,14.67,15.87,14.5,15.79,15.76,-1.09,-6.9162,3.3582,7770195,116798818.0,5794650000.0,3394364932.62
2016-07-26,'603100,川仪股份,15.76,15.81,15.5,15.5,15.56,0.2,1.2853,1.4856,3437300,54001296.0,6225200000.0,3646570643.36
2016-07-25,'603100,川仪股份,15.56,15.98,15.47,15.86,15.99,-0.43,-2.6892,2.7003,6248037,97779543.0,6146200000.0,3600294366.16
2016-07-22,'603100,川仪股份,15.99,16.56,15.95,16.5,16.55,-0.56,-3.3837,2.4086,5573087,90763222.0,6316050000.0,3699788362.14
2016-07-21,'603100,川仪股份,16.55,16.79,15.96,16.16,16.14,0.41,2.5403,3.654,8454692,138996909.0,6537250000.0,3829361938.3
2016-07-20,'603100,川仪股份,16.14,16.19,15.91,16.15,16.07,0.07,0.4356,1.7038,3942220,63364615.0,6375300000.0,3734495570.04
2016-07-19,'603100,川仪股份,16.07,16.19,15.73,16.14,16.14,-0.07,-0.4337,2.3102,5345280,85217707.0,6347650000.0,3718298873.02
2016-07-18,'603100,川仪股份,16.14,16.3,15.72,15.92,15.9,0.24,1.5094,2.9327,6785687,109248091.0,6375300000.0,3734495570.04
2016-07-15,'603100,川仪股份,15.9,16.0,15.7,16.0,16.01,-0.11,-0.6871,2.7154,6282891,99569827.0,6280500000.0,3678964037.4
2016-07-14,'603100,川仪股份,16.01,16.35,15.81,16.08,16.09,-0.08,-0.4972,2.5884,5989187,96332427.0,6323950000.0,3704415989.86
2016-07-13,'603100,川仪股份,16.09,16.34,15.73,15.96,15.88,0.21,1.3224,3.9253,9082459,146091317.0,6355550000.0,3722926500.74
2016-07-12,'603100,川仪股份,15.88,16.08,15.49,15.96,16.02,-0.14,-0.8739,3.7984,8788708,139015974.0,6272600000.0,3674336409.68
2016-07-11,'603100,川仪股份,16.02,16.95,15.8,16.88,16.96,-0.94,-5.5425,5.8694,13580713,222492156.0,6327900000.0,3706729803.72
2016-07-08,'603100,川仪股份,16.96,17.65,16.89,16.89,16.88,0.08,0.4739,6.1274,14177762,244584758.0,6699200000.0,3924228306.56
2016-07-07,'603100,川仪股份,16.88,17.18,16.75,16.96,17.24,-0.36,-2.0882,4.2321,9792324,165592867.0,6667600000.0,3905717795.68
2016-07-06,'603100,川仪股份,17.24,17.7,15.98,16.45,16.29,0.95,5.8318,8.9893,20799533,349799462.0,6809800000.0,3989015094.64
2016-07-05,'603100,川仪股份,16.29,16.72,16.08,16.63,16.65,-0.36,-2.1622,5.345,12367267,202678490.0,6434550000.0,3769202777.94
2016-07-04,'603100,川仪股份,16.65,16.77,15.44,15.44,15.67,0.98,6.254,8.7864,20330079,329679151.0,6576750000.0,3852500076.9
2016-07-01,'603100,川仪股份,15.67,17.48,15.62,16.7,15.96,-0.29,-1.817,10.2638,23748463,388856902.0,6189650000.0,3625746318.62
2016-06-30,'603100,川仪股份,15.96,16.36,15.4,15.42,14.87,1.09,7.3302,10.0371,23224041,371962811.0,6304200000.0,3692846920.56
2016-06-29,'603100,川仪股份,14.87,15.07,14.66,15.01,14.96,-0.09,-0.6016,2.5377,5871776,87181349.0,5873650000.0,3440641209.82
2016-06-28,'603100,川仪股份,14.96,15.15,14.39,14.49,14.56,0.4,2.7473,4.6675,10799619,160503973.0,5909200000.0,3461465534.56
2016-06-27,'603100,川仪股份,14.56,14.58,14.0,14.0,14.17,0.39,2.7523,3.2687,7563167,108823924.0,5751200000.0,3368912980.16
2016-06-24,'603100,川仪股份,14.17,14.34,13.7,14.25,14.17,0.0,0.0,3.8274,8855931,124831758.0,5597150000.0,3278674239.62
2016-06-23,'603100,川仪股份,14.17,14.63,14.05,14.29,14.34,-0.17,-1.1855,3.7491,8674793,124342473.0,5597150000.0,3278674239.62
2016-06-22,'603100,川仪股份,14.34,14.36,13.62,13.66,13.71,0.63,4.5952,3.5608,8238961,116089299.0,5664300000.0,3318009075.24
2016-06-21,'603100,川仪股份,13.71,14.23,13.62,14.06,14.06,-0.35,-2.4893,3.3521,7756134,108499717.0,5415450000.0,3172238802.06
2016-06-20,'603100,川仪股份,14.06,14.24,13.61,13.68,13.65,0.41,3.0037,3.6992,8559210,119576301.0,5553700000.0,3253222287.16
2016-06-17,'603100,川仪股份,13.65,13.89,13.42,13.59,13.6,0.05,0.3676,2.9761,6886206,93983470.0,5391750000.0,3158355918.9
2016-06-16,'603100,川仪股份,13.6,13.95,13.18,13.29,13.29,0.31,2.3326,3.6311,8401716,114220267.0,5372000000.0,3146786849.6
2016-06-15,'603100,川仪股份,13.29,13.44,12.64,12.65,12.8,0.49,3.8281,2.337,5407339,70993958.0,5249550000.0,3075058619.94
2016-06-14,'603100,川仪股份,12.8,12.8,12.6,12.61,12.76,0.04,0.3135,1.5314,3543275,44957440.0,5056000000.0,2961681740.8
2016-06-13,'603100,川仪股份,12.76,13.48,12.7,13.39,13.59,-0.83,-6.1074,2.1856,5057100,66575189.0,5040200000.0,2952426485.36
2016-06-08,'603100,川仪股份,13.59,13.72,13.33,13.41,13.47,0.12,0.8909,2.4199,5599203,75929473.0,5368050000.0,3144473035.74
2016-06-07,'603100,川仪股份,13.47,13.5,13.13,13.13,13.18,0.29,2.2003,1.6709,3866242,51428151.0,5320650000.0,3116707269.42
2016-06-06,'603100,川仪股份,13.18,13.44,13.04,13.25,13.23,-0.05,-0.3779,1.6702,3864475,51251059.0,5206100000.0,3049606667.48
2016-06-03,'603100,川仪股份,13.23,13.31,13.07,13.19,13.18,0.05,0.3794,1.4592,3376318,44579692.0,5225850000.0,3061175736.78
2016-06-02,'603100,川仪股份,13.18,13.19,13.04,13.04,13.1,0.08,0.6107,1.2189,2820349,36989845.0,5206100000.0,3049606667.48
2016-06-01,'603100,川仪股份,13.1,13.24,12.95,12.95,12.96,0.14,1.0802,2.1342,4938193,64767749.0,5174500000.0,3031096156.6
2016-05-31,'603100,川仪股份,12.96,12.98,12.33,12.35,12.35,0.61,4.9393,2.3491,5435453,69418350.0,5119200000.0,2998702762.56
2016-05-30,'603100,XD川仪股,12.35,12.5,12.21,12.31,12.41,-0.06,-0.4835,0.7243,1675960,20727266.0,4878250000.0,2857560117.1
2016-05-27,'603100,川仪股份,12.53,12.64,12.43,12.53,12.53,0.0,0.0,1.1248,2602486,32628205.0,4949350000.0,2899208766.58
2016-05-26,'603100,川仪股份,12.53,12.58,12.18,12.46,12.52,0.01,0.0799,1.4142,3272152,40431491.0,4949350000.0,2899208766.58
2016-05-25,'603100,川仪股份,12.52,12.73,12.49,12.63,12.5,0.02,0.16,0.9839,2276552,28668253.0,4945400000.0,2896894952.72
2016-05-24,'603100,川仪股份,12.5,12.63,12.37,12.63,12.63,-0.13,-1.0293,0.7023,1625066,20275759.0,4937500000.0,2892267325.0
2016-05-23,'603100,川仪股份,12.63,12.73,12.52,12.63,12.55,0.08,0.6375,1.0248,2371112,29957162.0,4988850000.0,2922346905.18
2016-05-20,'603100,川仪股份,12.55,12.62,12.1,12.13,12.29,0.26,2.1155,0.9402,2175510,26962517.0,4957250000.0,2903836394.3
2016-05-19,'603100,川仪股份,12.29,12.53,12.2,12.2,12.2,0.09,0.7377,0.9288,2149115,26600874.0,4854550000.0,2843677233.94
2016-05-18,'603100,川仪股份,12.2,12.51,12.1,12.51,12.58,-0.38,-3.0207,0.9595,2220187,27176136.0,4819000000.0,2822852909.2
2016-05-17,'603100,川仪股份,12.58,12.75,12.48,12.63,12.63,-0.05,-0.3959,1.0803,2499566,31507716.0,4969100000.0,2910777835.88
2016-05-16,'603100,川仪股份,12.63,12.63,12.21,12.3,12.37,0.26,2.1019,1.3855,3205720,40072631.0,4988850000.0,2922346905.18
2016-05-13,'603100,川仪股份,12.37,12.54,12.31,12.4,12.42,-0.05,-0.4026,0.8396,1942761,24145492.0,4886150000.0,2862187744.82
2016-05-12,'603100,川仪股份,12.42,12.52,12.12,12.39,12.51,-0.09,-0.7194,0.9291,2149662,26500220.0,4905900000.0,2873756814.12
2016-05-11,'603100,川仪股份,12.51,12.66,12.4,12.62,12.55,-0.04,-0.3187,0.9734,2252230,28232436.0,4941450000.0,2894581138.86
2016-05-10,'603100,川仪股份,12.55,12.67,12.42,12.53,12.51,0.04,0.3197,0.8511,1969372,24715221.0,4957250000.0,2903836394.3
2016-05-09,'603100,川仪股份,12.51,13.01,12.45,13.0,13.2,-0.69,-5.2273,1.874,4336089,55035088.0,4941450000.0,2894581138.86
2016-05-06,'603100,川仪股份,13.2,13.9,13.19,13.78,13.78,-0.58,-4.209,2.1162,4896452,66080432.0,5214000000.0,3054234295.2
2016-05-05,'603100,川仪股份,13.78,13.79,13.59,13.79,13.74,0.04,0.2911,1.3009,3009978,41286431.0,5443100000.0,3188435499.08
2016-05-04,'603100,川仪股份,13.74,13.87,13.65,13.68,13.77,-0.03,-0.2179,1.6852,3899326,53621040.0,5427300000.0,3179180243.64
2016-05-03,'603100,川仪股份,13.77,13.79,13.23,13.4,13.33,0.44,3.3008,1.8874,4367041,59467028.0,5439150000.0,3186121685.22
2016-04-29,'603100,川仪股份,13.33,13.46,13.21,13.27,13.28,0.05,0.3765,1.0244,2370162,31607210.0,5265350000.0,3084313875.38
2016-04-28,'603100,川仪股份,13.28,13.39,13.07,13.34,13.35,-0.07,-0.5243,1.3352,3089364,40848287.0,5245600000.0,3072744806.08
2016-04-27,'603100,川仪股份,13.35,13.56,13.28,13.43,13.41,-0.06,-0.4474,1.5285,3536629,47527638.0,5273250000.0,3088941503.1
2016-04-26,'603100,川仪股份,13.41,13.45,13.12,13.42,13.23,0.18,1.3605,1.524,3526173,46855800.0,5296950000.0,3102824386.26
2016-04-25,'603100,川仪股份,13.23,13.42,13.06,13.35,13.43,-0.2,-1.4892,1.2492,2890508,38203582.0,5225850000.0,3061175736.78
2016-04-22,'603100,川仪股份,13.43,13.59,13.11,13.23,13.33,0.1,0.7502,1.5868,3671594,48888020.0,5304850000.0,3107452013.98
2016-04-21,'603100,川仪股份,13.33,13.67,13.23,13.53,13.62,-0.29,-2.1292,1.6235,3756505,50889897.0,5265350000.0,3084313875.38
2016-04-20,'603100,川仪股份,13.62,14.65,13.4,14.59,14.54,-0.92,-6.3274,3.6044,8339893,116042419.0,5379900000.0,3151414477.32
2016-04-19,'603100,川仪股份,14.54,14.7,14.44,14.59,14.55,-0.01,-0.0687,1.6849,3898442,56736874.0,5743300000.0,3364285352.44
2016-04-18,'603100,川仪股份,14.55,14.7,14.39,14.7,14.85,-0.3,-2.0202,2.1388,4948764,71897309.0,5747250000.0,3366599166.3
2016-04-15,'603100,川仪股份,14.85,14.88,14.58,14.8,14.82,0.03,0.2024,2.2565,5221006,76921443.0,5865750000.0,3436013582.1
2016-04-14,'603100,川仪股份,14.82,14.83,14.56,14.61,14.59,0.23,1.5764,2.0649,4777722,70139940.0,5853900000.0,3429072140.52
2016-04-13,'603100,川仪股份,14.59,14.83,14.43,14.43,14.35,0.24,1.6725,3.117,7212128,105684167.0,5763050000.0,3375854421.74
2016-04-12,'603100,川仪股份,14.35,14.61,14.16,14.57,14.58,-0.23,-1.5775,1.8026,4170769,59763377.0,5668250000.0,3320322889.1
2016-04-11,'603100,川仪股份,14.58,14.67,14.31,14.31,14.3,0.28,1.958,2.4931,5768473,83958253.0,5759100000.0,3373540607.88
2016-04-08,'603100,川仪股份,14.3,14.4,14.04,14.34,14.43,-0.13,-0.9009,1.739,4023807,57126535.0,5648500000.0,3308753819.8
2016-04-07,'603100,川仪股份,14.43,14.89,14.38,14.83,14.77,-0.34,-2.302,2.2022,5095436,74193620.0,5699850000.0,3338833399.98
2016-04-06,'603100,川仪股份,14.77,15.0,14.56,14.61,14.66,0.11,0.7503,2.5783,5965613,88107440.0,5834150000.0,3417503071.22
2016-04-05,'603100,川仪股份,14.66,14.7,14.21,14.21,14.33,0.33,2.3029,2.3855,5519507,80206354.0,5790700000.0,3392051118.76
2016-04-01,'603100,川仪股份,14.33,14.54,14.01,14.48,14.46,-0.13,-0.899,2.115,4893655,69642489.0,5660350000.0,3315695261.38
2016-03-31,'603100,川仪股份,14.46,14.75,14.38,14.6,14.55,-0.09,-0.6186,2.3477,5432040,78928956.0,5711700000.0,3345774841.56
2016-03-30,'603100,川仪股份,14.55,14.57,13.97,13.97,13.82,0.73,5.2822,2.6779,6196242,88595002.0,5747250000.0,3366599166.3
2016-03-29,'603100,川仪股份,13.82,14.41,13.72,14.35,14.37,-0.55,-3.8274,2.583,5976602,83723760.0,5458900000.0,3197690754.52
2016-03-28,'603100,川仪股份,14.37,15.07,14.23,14.74,14.73,-0.36,-2.444,3.461,8008091,117279175.0,5676150000.0,3324950516.82
2016-03-25,'603100,川仪股份,14.73,14.87,14.22,14.25,14.39,0.34,2.3628,4.0142,9288217,135706080.0,5818350000.0,3408247815.78
2016-03-24,'603100,川仪股份,14.39,15.37,13.91,14.0,14.15,0.24,1.6961,6.9848,16161443,237545627.0,5684050000.0,3329578144.54
2016-03-23,'603100,川仪股份,14.15,14.17,13.84,13.96,13.98,0.17,1.216,2.8798,6663271,93068710.0,5589250000.0,3274046611.9
2016-03-22,'603100,川仪股份,13.98,14.16,13.8,13.92,14.05,-0.07,-0.4982,2.7509,6365013,89085056.0,5522100000.0,3234711776.28
2016-03-21,'603100,川仪股份,14.05,14.17,13.78,13.84,13.67,0.38,2.7798,4.0815,9443728,131848143.0,5549750000.0,3250908473.3
2016-03-18,'603100,川仪股份,13.67,13.79,13.15,13.25,13.19,0.48,3.6391,3.9615,9166234,123909695.0,5399650000.0,3162983546.62
2016-03-17,'603100,川仪股份,13.19,13.23,12.71,12.8,12.69,0.5,3.9401,2.4025,5558868,72638751.0,5210050000.0,3051920481.34
2016-03-16,'603100,川仪股份,12.69,13.14,12.56,13.09,12.99,-0.3,-2.3095,1.6743,3874062,49671514.0,5012550000.0,2936229788.34
2016-03-15,'603100,川仪股份,12.99,13.26,12.83,13.11,13.2,-0.21,-1.5909,2.0751,4801335,62621541.0,5131050000.0,3005644204.14
2016-03-14,'603100,川仪股份,13.2,13.35,12.89,12.89,12.78,0.42,3.2864,2.904,6719271,88771408.0,5214000000.0,3054234295.2
2016-03-11,'603100,川仪股份,12.78,12.92,12.15,12.27,12.42,0.36,2.8986,2.1858,5057538,63835159.0,5048100000.0,2957054113.08
2016-03-10,'603100,川仪股份,12.42,12.7,12.33,12.51,12.49,-0.07,-0.5604,1.2765,2953600,37052783.0,4905900000.0,2873756814.12
2016-03-09,'603100,川仪股份,12.49,12.77,12.31,12.61,12.88,-0.39,-3.028,1.3704,3170900,39799415.0,4933550000.0,2889953511.14
2016-03-08,'603100,川仪股份,12.88,12.89,12.09,12.61,12.68,0.2,1.5773,2.1137,4890713,61157717.0,5087600000.0,2980192251.68
2016-03-07,'603100,川仪股份,12.68,12.83,12.46,12.46,12.34,0.34,2.7553,1.6808,3888949,49222817.0,5008600000.0,2933915974.48
2016-03-04,'603100,川仪股份,12.34,12.81,12.02,12.73,12.84,-0.5,-3.8941,2.276,5266186,65698781.0,4874300000.0,2855246303.24
2016-03-03,'603100,川仪股份,12.84,13.08,12.72,12.85,12.84,0.0,0.0,2.5171,5824112,75253690.0,5071800000.0,2970936996.24
2016-03-02,'603100,川仪股份,12.84,12.87,12.1,12.2,12.19,0.65,5.3322,2.4554,5681315,71269308.0,5071800000.0,2970936996.24
2016-03-01,'603100,川仪股份,12.19,12.34,11.65,11.88,11.85,0.34,2.8692,1.7139,3965586,47607103.0,4815050000.0,2820539095.34
2016-02-29,'603100,川仪股份,11.85,12.56,11.6,12.4,12.59,-0.74,-5.8777,1.9784,4577562,54378865.0,4680750000.0,2741869424.1
2016-02-26,'603100,川仪股份,12.59,12.79,12.28,12.62,12.49,0.1,0.8006,1.6022,3707175,46490895.0,4973050000.0,2913091649.74
2016-02-25,'603100,川仪股份,12.49,13.88,12.49,13.77,13.88,-1.39,-10.0144,3.0795,7125434,93279334.0,4933550000.0,2889953511.14
2016-02-24,'603100,川仪股份,13.88,13.96,13.54,13.65,13.83,0.05,0.3615,2.0264,4688640,64478541.0,5482600000.0,3211573637.68
2016-02-23,'603100,川仪股份,13.83,14.23,13.6,14.09,14.08,-0.25,-1.7756,2.2637,5237765,72355312.0,5462850000.0,3200004568.38
2016-02-22,'603100,川仪股份,14.08,14.18,13.88,13.95,13.89,0.19,1.3679,3.0248,6998913,98090535.0,5561600000.0,3257849914.88
2016-02-19,'603100,川仪股份,13.89,14.17,13.2,13.35,13.34,0.55,4.1229,4.3784,10130775,139846064.0,5486550000.0,3213887451.54
2016-02-18,'603100,川仪股份,13.34,13.58,13.3,13.53,13.45,-0.11,-0.8178,2.369,5481420,73557087.0,5269300000.0,3086627689.24
2016-02-17,'603100,川仪股份,13.45,13.49,13.16,13.24,13.35,0.1,0.7491,2.5347,5864852,78240700.0,5312750000.0,3112079641.7
2016-02-16,'603100,川仪股份,13.35,13.42,12.76,12.76,12.82,0.53,4.1342,2.3123,5350172,70611748.0,5273250000.0,3088941503.1
2016-02-15,'603100,川仪股份,12.82,12.91,12.19,12.2,12.88,-0.06,-0.4658,1.5099,3493581,43983006.0,5063900000.0,2966309368.52
2016-02-05,'603100,川仪股份,12.88,13.03,12.68,12.96,12.96,-0.08,-0.6173,1.874,4336129,55699209.0,5087600000.0,2980192251.68
2016-02-04,'603100,川仪股份,12.96,13.02,12.65,12.65,12.63,0.33,2.6128,2.4315,5625972,72309084.0,5119200000.0,2998702762.56
2016-02-03,'603100,川仪股份,12.63,12.74,12.32,12.54,12.7,-0.07,-0.5512,1.8328,4240872,52883630.0,4988850000.0,2922346905.18
2016-02-02,'603100,川仪股份,12.7,12.76,12.29,12.35,12.24,0.46,3.7582,2.0228,4680398,59086701.0,5016500000.0,2938543602.2
2016-02-01,'603100,川仪股份,12.24,12.5,12.01,12.44,12.46,-0.22,-1.7657,1.6986,3930149,48362478.0,4834800000.0,2832108164.64
2016-01-29,'603100,川仪股份,12.46,12.7,11.75,11.8,11.85,0.61,5.1477,2.3397,5413616,66549407.0,4921700000.0,2883012069.56
2016-01-28,'603100,川仪股份,11.85,12.53,11.82,11.99,12.02,-0.17,-1.4143,2.6435,6116601,74632267.0,4680750000.0,2741869424.1
2016-01-27,'603100,川仪股份,12.02,12.18,11.25,12.14,12.0,0.02,0.1667,2.3282,5387002,63467215.0,4747900000.0,2781204259.72
2016-01-26,'603100,川仪股份,12.0,13.1,11.98,13.1,13.29,-1.29,-9.7065,2.5805,5970751,75189203.0,4740000000.0,2776576632.0
2016-01-25,'603100,川仪股份,13.29,13.44,13.08,13.44,13.17,0.12,0.9112,1.7038,3942174,52353706.0,5249550000.0,3075058619.94
2016-01-22,'603100,川仪股份,13.17,13.22,12.6,13.01,12.8,0.37,2.8906,1.8048,4175936,54101650.0,5202150000.0,3047292853.62
2016-01-21,'603100,川仪股份,12.8,13.58,12.76,13.17,13.43,-0.63,-4.691,2.5115,5811130,76902288.0,5056000000.0,2961681740.8
2016-01-20,'603100,川仪股份,13.43,13.62,13.21,13.3,13.49,-0.06,-0.4448,2.5834,5977528,80316632.0,5304850000.0,3107452013.98
2016-01-19,'603100,川仪股份,13.49,13.5,12.9,12.92,12.99,0.5,3.8491,2.7247,6304457,83530468.0,5328550000.0,3121334897.14
2016-01-18,'603100,川仪股份,12.99,13.2,12.15,12.25,12.56,0.43,3.4236,2.2458,5196365,66466659.0,5131050000.0,3005644204.14
2016-01-15,'603100,川仪股份,12.56,13.25,12.43,13.05,13.11,-0.55,-4.1953,2.4729,5721854,73486230.0,4961200000.0,2906150208.16
2016-01-14,'603100,川仪股份,13.11,13.19,12.0,12.0,12.66,0.45,3.5545,2.3032,5329161,67921500.0,5178450000.0,3033409970.46
2016-01-13,'603100,川仪股份,12.66,13.45,12.65,13.3,13.19,-0.53,-4.0182,2.2904,5299552,69501308.0,5000700000.0,2929288346.76
2016-01-12,'603100,川仪股份,13.19,13.35,12.73,13.01,13.1,0.09,0.687,3.4369,7952238,104063596.0,5210050000.0,3051920481.34
2016-01-11,'603100,川仪股份,13.1,14.29,13.0,14.0,14.31,-1.21,-8.4556,3.0452,7046103,97134616.0,5174500000.0,3031096156.6
2016-01-08,'603100,川仪股份,14.31,14.95,13.55,14.72,14.36,-0.05,-0.3482,2.7893,6453830,93198128.0,5652450000.0,3311067633.66
2016-01-07,'603100,川仪股份,14.36,15.59,14.35,15.5,15.94,-1.58,-9.9122,0.7236,1674200,24895107.0,5672200000.0,3322636702.96
2016-01-06,'603100,川仪股份,15.94,15.96,15.4,15.68,15.56,0.38,2.4422,2.5926,5998718,94178976.0,6296300000.0,3688219292.84
2016-01-05,'603100,川仪股份,15.56,16.18,14.79,14.95,16.33,-0.77,-4.7152,3.3206,7683306,119319392.0,6146200000.0,3600294366.16
2016-01-04,'603100,川仪股份,16.33,18.01,16.33,18.01,18.14,-1.81,-9.9779,2.994,6927622,117579025.0,6450350000.0,3778458033.38
2015-12-31,'603100,川仪股份,18.14,18.68,18.07,18.65,18.54,-0.4,-2.1575,1.7856,4131602,75902767.0,7165300000.0,4197258342.04
2015-12-30,'603100,川仪股份,18.54,18.78,18.27,18.6,18.55,-0.01,-0.0539,3.1557,7301695,134990627.0,7323300000.0,4289810896.44
2015-12-29,'603100,川仪股份,18.55,18.58,18.1,18.1,18.3,0.25,1.3661,2.1094,4880645,89522509.0,7327250000.0,4292124710.3
2015-12-28,'603100,川仪股份,18.3,19.38,18.0,19.1,19.0,-0.7,-3.6842,3.5196,8143776,154480513.0,7228500000.0,4234279363.8
2015-12-25,'603100,川仪股份,19.0,19.18,18.71,18.91,18.82,0.18,0.9564,2.2693,5250734,99658823.0,7505000000.0,4396246334.0
2015-12-24,'603100,川仪股份,18.82,19.0,18.0,18.5,18.55,0.27,1.4555,2.6161,6053053,111044252.0,7433900000.0,4354597684.52
2015-12-23,'603100,川仪股份,18.55,19.15,18.51,19.1,19.15,-0.6,-3.1332,3.2006,7405566,139279435.0,7327250000.0,4292124710.3
2015-12-22,'603100,川仪股份,19.15,19.24,18.92,19.09,19.1,0.05,0.2618,2.7631,6393336,122014295.0,7564250000.0,4430953541.9
2015-12-21,'603100,川仪股份,19.1,19.18,18.8,18.87,18.89,0.21,1.1117,2.8171,6518232,123959214.0,7544500000.0,4419384472.6
2015-12-18,'603100,川仪股份,18.89,19.46,18.7,18.92,19.09,-0.2,-1.0477,3.3673,7791334,148327281.0,7461550000.0,4370794381.54
2015-12-17,'603100,川仪股份,19.09,19.2,18.75,19.09,18.71,0.38,2.031,4.8142,11139096,211363943.0,7540550000.0,4417070658.74
2015-12-16,'603100,川仪股份,18.71,19.43,17.82,18.0,18.01,0.7,3.8867,5.9957,13872951,260357073.0,7390450000.0,4329145732.06
2015-12-15,'603100,川仪股份,18.01,18.03,17.4,17.47,17.51,0.5,2.8555,2.9096,6732299,119210920.0,7113950000.0,4167178761.86
2015-12-14,'603100,川仪股份,17.51,17.53,16.71,16.81,17.16,0.35,2.0396,2.8401,6571432,112435556.0,6916450000.0,4051488068.86
2015-12-11,'603100,川仪股份,17.16,17.25,16.95,17.07,17.04,0.12,0.7042,1.8266,4226414,72279584.0,6778200000.0,3970504583.76
2015-12-10,'603100,川仪股份,17.04,17.45,17.01,17.15,17.17,-0.13,-0.7571,2.4007,5554825,95603765.0,6730800000.0,3942738817.44
2015-12-09,'603100,川仪股份,17.17,17.56,17.09,17.42,17.57,-0.4,-2.2766,2.3956,5543046,95758221.0,6782150000.0,3972818397.62
2015-12-08,'603100,川仪股份,17.57,18.15,17.5,18.09,18.26,-0.69,-3.7788,2.5739,5955505,105826785.0,6940150000.0,4065370952.02
2015-12-07,'603100,川仪股份,18.26,18.29,17.76,18.16,18.12,0.14,0.7726,2.7329,6323388,114290893.0,7212700000.0,4225024108.36
2015-12-04,'603100,川仪股份,18.12,18.65,17.98,18.22,18.39,-0.27,-1.4682,3.4202,7913794,144861448.0,7157400000.0,4192630714.32
2015-12-03,'603100,川仪股份,18.39,18.5,17.6,17.85,17.83,0.56,3.1408,3.2695,7565035,136844634.0,7264050000.0,4255103688.54
2015-12-02,'603100,川仪股份,17.83,18.39,16.88,18.39,18.4,-0.57,-3.0978,3.8068,8808228,155536306.0,7042850000.0,4125530112.38
2015-12-01,'603100,川仪股份,18.4,18.55,17.81,18.21,18.11,0.29,1.6013,3.6578,8463403,154568092.0,7268000000.0,4257417502.4
2015-11-30,'603100,川仪股份,18.11,18.76,17.04,18.38,18.37,-0.26,-1.4154,5.7811,13376342,242010625.0,7153450000.0,4190316900.46
2015-11-27,'603100,川仪股份,18.37,19.86,18.08,19.74,20.01,-1.64,-8.1959,5.8234,13474266,258157313.0,7256150000.0,4250476060.82
2015-11-26,'603100,川仪股份,20.01,20.65,19.9,20.52,20.5,-0.49,-2.3902,8.3961,19427007,393608212.0,7903950000.0,4629941533.86
2015-11-25,'603100,川仪股份,20.5,20.79,19.9,20.1,19.81,0.69,3.4831,14.2488,32969157,669479034.0,8097500000.0,4743318413.0
2015-11-24,'603100,川仪股份,19.81,19.9,19.29,19.9,19.93,-0.12,-0.6021,7.225,16717301,326943484.0,7824950000.0,4583665256.66
2015-11-23,'603100,川仪股份,19.93,20.68,18.72,18.9,18.92,1.01,5.3383,12.1694,28157759,560430410.0,7872350000.0,4611431022.98
2015-11-20,'603100,川仪股份,18.92,18.97,18.01,18.11,17.98,0.94,5.228,5.648,13068418,241101789.0,7473400000.0,4377735823.12
2015-11-19,'603100,川仪股份,17.98,17.99,17.5,17.7,17.46,0.52,2.9782,2.8435,6579215,117031820.0,7102100000.0,4160237320.28
2015-11-18,'603100,川仪股份,17.46,18.39,17.36,18.07,18.23,-0.77,-4.2238,4.3726,10117377,180344837.0,6896700000.0,4039918999.56
2015-11-17,'603100,川仪股份,18.23,19.39,18.06,19.2,18.87,-0.64,-3.3916,5.9583,13786345,257334544.0,7200850000.0,4218082666.78
2015-11-16,'603100,川仪股份,18.87,18.89,17.5,17.7,18.05,0.82,4.5429,4.6557,10772394,196569252.0,7453650000.0,4366166753.82
2015-11-13,'603100,川仪股份,18.05,18.78,17.88,18.6,19.06,-1.01,-5.2991,4.9347,11418015,208669935.0,7129750000.0,4176434017.3
2015-11-12,'603100,川仪股份,19.06,19.42,18.37,19.12,18.97,0.09,0.4744,5.3627,12408260,233743586.0,7528700000.0,4410129217.16
2015-11-11,'603100,川仪股份,18.97,19.06,18.19,18.45,18.49,0.48,2.596,4.1336,9564459,178205376.0,7493150000.0,4389304892.42
2015-11-10,'603100,川仪股份,18.49,18.78,18.08,18.58,18.8,-0.31,-1.6489,4.6625,10788259,198800064.0,7303550000.0,4278241827.14
2015-11-09,'603100,川仪股份,18.8,19.09,17.42,17.5,17.79,1.01,5.6773,8.1717,18907803,346590865.0,7426000000.0,4349970056.8
2015-11-06,'603100,川仪股份,17.79,18.33,17.43,17.54,17.16,0.63,3.6713,6.2253,14404220,257659890.0,7027050000.0,4116274856.94
2015-11-05,'603100,川仪股份,17.16,17.39,16.68,17.24,17.13,0.03,0.1751,6.5167,15078407,257596881.0,6778200000.0,3970504583.76
2015-11-04,'603100,川仪股份,17.13,17.19,16.0,16.0,15.98,1.15,7.1965,5.4092,12515992,208825831.0,6766350000.0,3963563142.18
2015-11-03,'603100,川仪股份,15.98,16.11,15.33,15.91,15.79,0.19,1.2033,2.877,6656956,105233151.0,6312100000.0,3697474548.28
2015-11-02,'603100,川仪股份,15.79,16.6,15.71,15.9,16.36,-0.57,-3.4841,3.094,7158965,115133078.0,6237050000.0,3653512084.94
2015-10-30,'603100,川仪股份,16.36,16.72,16.19,16.4,16.6,-0.24,-1.4458,3.1666,7326904,120375233.0,6462200000.0,3785399474.96
2015-10-29,'603100,川仪股份,16.6,16.8,16.16,16.35,16.23,0.37,2.2797,3.8012,8795255,145328040.0,6557000000.0,3840931007.6
2015-10-28,'603100,川仪股份,16.23,16.86,16.05,16.44,16.53,-0.3,-1.8149,4.4204,10228015,168550878.0,6410850000.0,3755319894.78
2015-10-27,'603100,川仪股份,16.53,16.7,15.49,16.55,16.72,-0.19,-1.1364,4.7002,10875411,175983025.0,6529350000.0,3824734310.58
2015-10-26,'603100,川仪股份,16.72,16.89,16.3,16.44,16.13,0.59,3.6578,5.9344,13731000,227587814.0,6604400000.0,3868696773.92
2015-10-23,'603100,川仪股份,16.13,16.22,15.47,15.6,15.5,0.63,4.0645,4.2051,9729908,153940735.0,6371350000.0,3732181756.18
2015-10-22,'603100,川仪股份,15.5,15.65,14.84,14.99,14.99,0.51,3.4023,4.0283,9320687,142347241.0,6122500000.0,3586411483.0
2015-10-21,'603100,川仪股份,14.99,16.67,14.99,16.64,16.65,-1.66,-9.97,6.1118,14141680,223398729.0,5921050000.0,3468406976.14
2015-10-20,'603100,川仪股份,16.65,16.8,16.08,16.09,16.18,0.47,2.9048,4.5597,10550211,173726970.0,6576750000.0,3852500076.9
2015-10-19,'603100,川仪股份,16.18,16.87,15.97,16.55,16.4,-0.22,-1.3415,5.3984,12490943,205781983.0,6391100000.0,3743750825.48
2015-10-16,'603100,川仪股份,16.4,16.69,16.02,16.56,16.2,0.2,1.2346,5.6406,13051300,213194600.0,6478000000.0,3794654730.4
2015-10-15,'603100,川仪股份,16.2,16.23,15.25,15.32,15.41,0.79,5.1265,4.6582,10778144,170745150.0,6399000000.0,3748378453.2
2015-10-14,'603100,川仪股份,15.41,16.02,15.38,15.95,16.07,-0.66,-4.107,4.4343,10260179,161028185.0,6086950000.0,3565587158.26
2015-10-13,'603100,川仪股份,16.07,16.21,15.18,15.3,15.44,0.63,4.0803,5.3532,12386213,195192355.0,6347650000.0,3718298873.02
2015-10-12,'603100,川仪股份,15.44,15.7,14.8,14.83,14.85,0.59,3.9731,5.2465,12139496,186490761.0,6098800000.0,3572528599.84
2015-10-09,'603100,川仪股份,14.85,15.13,14.11,14.2,14.36,0.49,3.4123,4.254,9842888,145033520.0,5865750000.0,3436013582.1
2015-10-08,'603100,川仪股份,14.36,14.41,13.7,13.79,13.56,0.8,5.8997,3.9337,9101914,128984024.0,5672200000.0,3322636702.96
2015-09-30,'603100,川仪股份,13.56,13.77,13.15,13.3,13.15,0.41,3.1179,2.5028,5790987,78164303.0,5356200000.0,3137531594.16
2015-09-29,'603100,川仪股份,13.15,13.4,13.03,13.3,13.65,-0.5,-3.663,1.4629,3384871,44824826.0,5194250000.0,3042665225.9
2015-09-28,'603100,川仪股份,13.65,13.76,13.0,13.42,13.33,0.32,2.4006,1.6589,3838332,51594950.0,5391750000.0,3158355918.9
2015-09-25,'603100,川仪股份,13.33,14.15,13.11,14.15,14.15,-0.82,-5.7951,2.4723,5720332,77713473.0,5265350000.0,3084313875.38
2015-09-24,'603100,川仪股份,14.15,14.3,13.85,13.86,13.93,0.22,1.5793,2.7713,6412388,90285795.0,5589250000.0,3274046611.9
2015-09-23,'603100,川仪股份,13.93,14.16,13.52,13.95,14.2,-0.27,-1.9014,3.5148,8132611,112780575.0,5502350000.0,3223142706.98
2015-09-22,'603100,川仪股份,14.2,14.61,14.0,14.57,14.5,-0.3,-2.069,4.4202,10227551,146149983.0,5609000000.0,3285615681.2
2015-09-21,'603100,川仪股份,14.5,14.62,13.49,13.7,14.04,0.46,3.2764,4.8932,11322035,159601698.0,5727500000.0,3355030097.0
2015-09-18,'603100,川仪股份,14.04,14.12,13.03,13.08,12.96,1.08,8.3333,3.1494,7287139,97734990.0,5545800000.0,3248594659.44
2015-09-17,'603100,川仪股份,12.96,13.7,12.8,12.98,12.93,0.03,0.232,3.9315,9096826,120632086.0,5119200000.0,2998702762.56
2015-09-16,'603100,川仪股份,12.93,12.94,11.88,11.98,11.76,1.17,9.949,2.4775,5732423,71104467.0,5107350000.0,2991761320.98
2015-09-15,'603100,川仪股份,11.76,12.58,11.56,12.01,12.65,-0.89,-7.0356,2.6878,6218980,75417263.0,4645200000.0,2721045099.36
2015-09-14,'603100,川仪股份,12.65,14.26,12.65,14.0,14.06,-1.41,-10.0284,2.6397,6107760,81352337.0,4996750000.0,2926974532.9
2015-09-11,'603100,川仪股份,14.06,14.16,13.72,13.86,13.88,0.18,1.2968,2.3458,5427634,75749338.0,5553700000.0,3253222287.16
2015-09-10,'603100,川仪股份,13.88,14.4,13.68,13.86,14.19,-0.31,-2.1846,3.7349,8641765,120997479.0,5482600000.0,3211573637.68
2015-09-09,'603100,川仪股份,14.19,14.25,13.3,13.5,13.21,0.98,7.4186,4.5991,10641396,147715898.0,5605050000.0,3283301867.34
2015-09-08,'603100,川仪股份,13.21,13.26,11.92,12.06,12.14,1.07,8.8138,2.5805,5970800,74871735.0,5217950000.0,3056548109.06
2015-09-07,'603100,川仪股份,12.14,12.58,11.89,12.04,11.69,0.45,3.8494,2.0862,4827170,59292805.0,4795300000.0,2808970026.04
2015-09-02,'603100,川仪股份,11.69,12.89,11.31,11.75,12.5,-0.81,-6.48,3.1001,7173049,86804033.0,4617550000.0,2704848402.34
2015-09-01,'603100,川仪股份,12.5,13.7,12.48,13.7,13.86,-1.36,-9.8124,2.7708,6411209,82860722.0,4937500000.0,2892267325.0
2015-08-31,'603100,川仪股份,13.86,14.5,13.82,14.16,14.61,-0.75,-5.1335,2.9933,6925910,97596329.0,5474700000.0,3206946009.96
2015-08-28,'603100,川仪股份,14.61,14.71,13.56,13.71,13.48,1.13,8.3828,4.6498,10758835,151839150.0,5770950000.0,3380482049.46
2015-08-27,'603100,川仪股份,13.48,13.53,12.37,12.99,12.6,0.88,6.9841,3.2752,7578254,98708144.0,5324600000.0,3119021083.28
2015-08-26,'603100,川仪股份,12.6,13.77,11.88,13.2,12.93,-0.33,-2.5522,4.3171,9989048,130901050.0,4977000000.0,2915405463.6
2015-08-25,'603100,川仪股份,12.93,13.47,12.93,12.93,14.37,-1.44,-10.0209,2.7304,6317582,82266433.0,5107350000.0,2991761320.98
2015-08-24,'603100,川仪股份,14.37,15.58,14.37,15.1,15.97,-1.6,-10.0188,2.2952,5310703,77188564.0,5676150000.0,3324950516.82
2015-08-21,'603100,川仪股份,15.97,17.15,15.88,16.6,17.38,-1.41,-8.1128,3.0847,7137408,118350762.0,6308150000.0,3695160734.42
2015-08-20,'603100,川仪股份,17.38,18.56,17.11,18.4,18.77,-1.39,-7.4054,3.1165,7210903,130114976.0,6865100000.0,4021408488.68
2015-08-19,'603100,川仪股份,18.77,18.87,16.8,17.36,18.59,0.18,0.9683,4.4836,10374290,185048507.0,7414150000.0,4343028615.22
2015-08-18,'603100,川仪股份,18.59,20.77,18.59,20.75,20.66,-2.07,-10.0194,6.3907,14786978,289443234.0,7343050000.0,4301379965.74
2015-08-17,'603100,川仪股份,20.66,20.78,19.25,19.3,19.46,1.2,6.1665,5.7268,13250733,266385553.0,8160700000.0,4780339434.76
2015-08-14,'603100,川仪股份,19.46,19.85,19.33,19.55,19.26,0.2,1.0384,4.7557,11003777,215916712.0,7686700000.0,4502681771.56
2015-08-13,'603100,川仪股份,19.26,19.36,18.5,18.75,18.72,0.54,2.8846,4.563,10557891,201195413.0,7607700000.0,4456405494.36
2015-08-12,'603100,川仪股份,18.72,19.72,18.71,19.25,19.68,-0.96,-4.878,4.6281,10708454,205964684.0,7394400000.0,4331459545.92
2015-08-11,'603100,川仪股份,19.68,20.36,19.51,19.6,19.78,-0.1,-0.5056,5.0344,11648741,231443579.0,7773600000.0,4553585676.48
2015-08-10,'603100,川仪股份,19.78,19.99,18.7,19.15,18.7,1.08,5.7754,5.7285,13254653,256708100.0,7813100000.0,4576723815.08
2015-08-07,'603100,川仪股份,18.7,19.05,18.16,18.16,18.12,0.58,3.2009,4.4061,10194843,190676591.0,7386500000.0,4326831918.2
2015-08-06,'603100,川仪股份,18.12,18.29,17.0,17.25,17.71,0.41,2.3151,3.8509,8910244,160032384.0,7157400000.0,4192630714.32
2015-08-05,'603100,川仪股份,17.71,18.4,17.0,17.12,17.31,0.4,2.3108,12.4013,12401285,221705975.0,6995450000.0,1771000000.0
2015-08-04,'603100,川仪股份,17.31,17.38,15.84,15.84,15.84,1.47,9.2803,8.0524,8052369,133994209.0,6837450000.0,1731000000.0
2015-08-03,'603100,川仪股份,15.84,17.43,15.84,17.01,17.6,-1.76,-10.0,8.5956,8595635,140713494.0,6256800000.0,1584000000.0
2015-07-31,'603100,川仪股份,17.6,18.35,17.04,17.5,18.06,-0.46,-2.5471,8.3841,8384129,147958568.0,6952000000.0,1760000000.0
2015-07-30,'603100,川仪股份,18.06,19.4,17.95,18.4,18.7,-0.64,-3.4225,12.0631,12063074,225330724.0,7133700000.0,1806000000.0
2015-07-29,'603100,川仪股份,18.7,18.73,16.21,17.5,17.03,1.67,9.8062,11.5359,11535926,199959962.0,7386500000.0,1870000000.0
2015-07-28,'603100,川仪股份,17.03,18.94,16.97,16.97,18.86,-1.83,-9.7031,11.5385,11538539,201269165.0,6726850000.0,1703000000.0
2015-07-27,'603100,川仪股份,18.86,21.0,18.86,20.08,20.96,-2.1,-10.0191,12.0719,12071881,241326447.0,7449700000.0,1886000000.0
2015-07-24,'603100,川仪股份,20.96,22.3,20.45,22.0,21.92,-0.96,-4.3796,18.297,18296990,392107815.0,8279200000.0,2096000000.0
2015-07-23,'603100,川仪股份,21.92,21.92,20.1,20.1,19.93,1.99,9.9849,17.3699,17369900,368174457.0,8658400000.0,2192000000.0
2015-07-22,'603100,川仪股份,19.93,19.97,19.03,19.22,19.22,0.71,3.6941,13.7425,13742474,269784580.0,7872350000.0,1993000000.0
2015-07-21,'603100,川仪股份,19.22,19.48,18.35,18.6,19.02,0.2,1.0515,10.0158,10015784,190507651.0,7591900000.0,1922000000.0
2015-07-20,'603100,川仪股份,19.02,19.54,18.5,19.1,18.77,0.25,1.3319,12.469,12469016,237439430.0,7512900000.0,1902000000.0
2015-07-17,'603100,川仪股份,18.77,19.15,17.56,17.56,17.54,1.23,7.0125,10.9952,10995215,201745477.0,7414150000.0,1877000000.0
2015-07-16,'603100,川仪股份,17.54,18.14,15.5,15.83,17.09,0.45,2.6331,10.6355,10635515,183141153.0,6928300000.0,1754000000.0
2015-07-15,'603100,川仪股份,17.09,18.4,17.09,18.18,18.99,-1.9,-10.0053,13.709,13709022,241142794.0,6750550000.0,1709000000.0
2015-07-14,'603100,川仪股份,18.99,19.09,17.7,18.22,17.35,1.64,9.4524,24.2609,24260851,451835034.0,7501050000.0,1899000000.0
2015-07-13,'603100,川仪股份,17.35,17.35,16.5,16.5,15.77,1.58,10.019,13.1346,13134607,225410638.0,6853250000.0,1735000000.0
2015-07-10,'603100,川仪股份,15.77,15.77,15.01,15.31,14.34,1.43,9.9721,10.6739,10673862,167622198.0,6229150000.0,1577000000.0
2015-07-09,'603100,川仪股份,14.34,14.34,12.0,12.0,13.04,1.3,9.9693,9.4416,9441590,130214006.0,5664300000.0,1434000000.0
2015-07-08,'603100,川仪股份,13.04,13.04,13.04,13.04,14.49,-1.45,-10.0069,4.2502,4250200,55422608.0,5150800000.0,1304000000.0
2015-07-07,'603100,川仪股份,14.49,15.2,14.49,15.2,16.1,-1.61,-10.0,4.3502,4350200,63928588.0,5723550000.0,1449000000.0
2015-07-06,'603100,川仪股份,16.1,19.47,15.93,19.47,17.7,-1.6,-9.0395,10.6602,10660237,186468038.0,6359500000.0,1610000000.0
2015-07-03,'603100,川仪股份,17.7,20.35,17.7,19.0,19.67,-1.97,-10.0153,8.1815,8181473,149630131.0,6991500000.0,1770000000.0
2015-07-02,'603100,川仪股份,19.67,22.38,19.67,22.08,21.86,-2.19,-10.0183,7.8805,7880487,163170662.0,7769650000.0,1967000000.0
2015-07-01,'603100,川仪股份,21.86,24.98,21.86,24.18,24.29,-2.43,-10.0041,7.7754,7775358,185169248.0,8634700000.0,2186000000.0
2015-06-30,'603100,川仪股份,24.29,24.49,20.17,22.12,22.41,1.88,8.3891,9.7255,9725499,213208032.0,9594550000.0,2429000000.0
2015-06-29,'603100,川仪股份,22.41,25.8,22.41,25.66,24.9,-2.49,-10.0,6.8329,6832852,159750990.0,8851950000.0,2241000000.0
2015-06-26,'603100,川仪股份,24.9,26.58,24.9,26.58,27.67,-2.77,-10.0108,5.4975,5497501,140483029.0,9835500000.0,2490000000.0
2015-06-25,'603100,川仪股份,27.67,29.59,26.64,28.6,28.41,-0.74,-2.6047,7.4384,7438433,213893716.0,10929650000.0,2767000000.0
2015-06-24,'603100,川仪股份,28.41,28.81,27.51,27.76,27.45,0.96,3.4973,7.3827,7382673,208683407.0,11221950000.0,2841000000.0
2015-06-23,'603100,川仪股份,27.45,27.8,24.53,27.35,27.16,0.29,1.0677,5.8741,5874102,155625222.0,10842750000.0,2745000000.0
2015-06-19,'603100,川仪股份,27.16,29.75,27.16,29.75,30.18,-3.02,-10.0066,6.8333,6833254,191107138.0,10728200000.0,2716000000.0
2015-06-18,'603100,川仪股份,30.18,32.28,30.0,31.6,31.54,-1.36,-4.312,6.0657,6065718,190872979.0,11921100000.0,3018000000.0
2015-06-17,'603100,川仪股份,31.54,32.27,29.5,31.69,31.65,-0.11,-0.3476,8.4688,8468752,259599989.0,12458300000.0,3154000000.0
2015-06-16,'603100,川仪股份,31.65,34.03,31.15,33.3,34.41,-2.76,-8.0209,7.6456,7645624,251889358.0,12501750000.0,3165000000.0
2015-06-15,'603100,川仪股份,34.41,34.88,32.89,33.43,33.42,0.99,2.9623,10.8397,10839738,368660544.0,13591950000.0,3441000000.0
2015-06-12,'603100,川仪股份,33.42,34.66,33.4,34.36,34.42,-1.0,-2.9053,9.9916,9991599,337804675.0,13200900000.0,3342000000.0
2015-06-11,'603100,川仪股份,34.42,35.55,34.0,35.51,35.81,-1.39,-3.8816,9.4638,9463819,328349871.0,13595900000.0,3442000000.0
2015-06-10,'603100,川仪股份,35.81,36.31,34.6,35.1,36.47,-0.66,-1.8097,9.8622,9862219,351855471.0,14144950000.0,3581000000.0
2015-06-09,'603100,川仪股份,36.47,36.8,33.6,35.0,35.3,1.17,3.3144,14.7763,14776342,512884624.0,14405650000.0,3647000000.0
2015-06-08,'603100,川仪股份,35.3,36.9,35.1,36.12,36.16,-0.86,-2.3783,14.4017,14401734,516442997.0,13943500000.0,3530000000.0
2015-06-05,'603100,川仪股份,36.16,37.26,34.11,34.11,34.06,2.1,6.1656,17.9346,17934597,644643635.0,14283200000.0,3616000000.0
2015-06-04,'603100,川仪股份,34.06,34.5,31.15,34.5,34.55,-0.49,-1.4182,12.4765,12476477,413068596.0,13453700000.0,3406000000.0
2015-06-03,'603100,川仪股份,34.55,35.55,32.57,33.11,33.32,1.23,3.6915,15.4431,15443107,523926382.0,13647250000.0,3455000000.0
2015-06-02,'603100,川仪股份,33.32,34.27,31.7,33.86,33.71,-0.39,-1.1569,14.9679,14967890,491001880.0,13161400000.0,3332000000.0
2015-06-01,'603100,川仪股份,33.71,34.9,32.59,32.67,32.57,1.14,3.5002,14.2263,14226340,477912117.0,13315450000.0,3371000000.0
2015-05-29,'603100,川仪股份,32.57,34.53,29.61,32.0,32.7,-0.13,-0.3976,18.4694,18469404,596611700.0,12865150000.0,3257000000.0
2015-05-28,'603100,川仪股份,32.7,38.25,32.35,35.3,34.82,-2.12,-6.0885,25.3324,25332351,918386335.0,12916500000.0,3270000000.0
2015-05-27,'603100,川仪股份,34.82,34.82,31.0,31.65,31.65,3.17,10.0158,18.6314,18631417,612810815.0,13753900000.0,3482000000.0
2015-05-26,'603100,川仪股份,31.65,32.95,30.34,30.34,30.34,1.31,4.3177,17.9531,17953110,571226462.0,12501750000.0,3165000000.0
2015-05-25,'603100,川仪股份,30.34,30.34,26.49,27.0,27.58,2.76,10.0073,19.0832,19083224,540753227.0,11984300000.0,3034000000.0
2015-05-22,'603100,川仪股份,27.58,28.59,26.04,28.33,28.21,-0.63,-2.2333,13.8606,13860636,380657402.0,10894100000.0,2758000000.0
2015-05-21,'603100,川仪股份,28.21,28.5,27.35,27.75,27.7,0.51,1.8412,11.7878,11787827,329180195.0,11142950000.0,2821000000.0
2015-05-20,'603100,川仪股份,27.7,29.33,26.78,27.19,26.77,0.93,3.474,17.7783,17778319,503051430.0,10941500000.0,2770000000.0
2015-05-19,'603100,川仪股份,26.77,27.97,26.08,27.44,27.19,-0.42,-1.5447,14.58,14580023,389339171.0,10574150000.0,2677000000.0
2015-05-18,'603100,川仪股份,27.19,27.91,25.71,26.3,26.33,0.86,3.2662,13.5361,13536122,364463037.0,10740050000.0,2719000000.0
2015-05-15,'603100,川仪股份,26.33,26.88,24.06,25.19,25.19,1.14,4.5256,18.9358,18935779,479938934.0,10400350000.0,2633000000.0
2015-05-14,'603100,川仪股份,25.19,25.96,23.27,23.5,23.8,1.39,5.8403,16.6435,16643500,413183168.0,9950050000.0,2519000000.0
2015-05-13,'603100,XD川仪股,23.8,24.48,22.63,23.0,23.5,0.3,1.2766,15.0284,15028373,355561072.0,9401000000.0,2380000000.0
2015-05-12,'603100,川仪股份,23.62,24.52,23.15,23.5,23.35,0.27,1.1563,19.3247,19324682,459958782.0,9329900000.0,2362000000.0
2015-05-11,'603100,川仪股份,23.35,23.9,21.91,21.96,21.85,1.5,6.865,19.9105,19910515,456147147.0,9223250000.0,2335000000.0
2015-05-08,'603100,川仪股份,21.85,21.88,20.18,20.62,20.63,1.22,5.9137,17.6076,17607629,370669340.0,8630750000.0,2185000000.0
2015-05-07,'603100,川仪股份,20.63,22.99,20.6,22.22,22.89,-2.26,-9.8733,20.0647,20064709,439292649.0,8148850000.0,2063000000.0
2015-05-06,'603100,川仪股份,22.89,23.76,22.0,22.6,21.88,1.01,4.6161,31.8516,31851641,726306296.0,9041550000.0,2289000000.0
2015-05-05,'603100,川仪股份,21.88,21.88,19.85,19.96,19.89,1.99,10.005,21.1786,21178609,452803116.0,8642600000.0,2188000000.0
2015-05-04,'603100,川仪股份,19.89,19.95,19.25,19.69,19.75,0.14,0.7089,6.4867,6486674,127170615.0,7856550000.0,1989000000.0
2015-04-30,'603100,川仪股份,19.75,20.45,19.7,20.16,20.3,-0.55,-2.7094,7.4465,7446519,149119167.0,7801250000.0,1975000000.0
2015-04-29,'603100,川仪股份,20.3,20.37,19.1,19.47,19.79,0.51,2.5771,8.0241,8024050,159700173.0,8018500000.0,2030000000.0
2015-04-28,'603100,川仪股份,19.79,21.0,19.6,20.47,20.49,-0.7,-3.4163,10.6681,10668091,216075264.0,7817050000.0,1979000000.0
2015-04-27,'603100,川仪股份,20.49,20.64,20.03,20.32,20.2,0.29,1.4356,10.5625,10562464,215520229.0,8093550000.0,2049000000.0
2015-04-24,'603100,川仪股份,20.2,20.48,19.8,20.35,20.57,-0.37,-1.7987,10.7661,10766137,216076930.0,7979000000.0,2020000000.0
2015-04-23,'603100,川仪股份,20.57,21.08,20.31,20.31,20.09,0.48,2.3892,15.5414,15541413,321561383.0,8125150000.0,2057000000.0
2015-04-22,'603100,川仪股份,20.09,20.3,19.76,19.8,19.43,0.66,3.3968,11.2309,11230896,225009165.0,7935550000.0,2009000000.0
2015-04-21,'603100,川仪股份,19.43,19.45,18.86,18.86,18.99,0.44,2.317,5.2654,5265432,101449458.0,7674850000.0,1943000000.0
2015-04-20,'603100,川仪股份,18.99,19.7,18.95,19.7,19.89,-0.9,-4.5249,9.8921,9892127,190413323.0,7501050000.0,1899000000.0
2015-04-17,'603100,川仪股份,19.89,20.86,19.71,20.47,20.19,-0.3,-1.4859,12.2069,12206896,246784255.0,7856550000.0,1989000000.0
2015-04-16,'603100,川仪股份,20.19,20.68,18.85,18.85,18.8,1.39,7.3936,13.9405,13940515,278107095.0,7975050000.0,2019000000.0
2015-04-15,'603100,川仪股份,18.8,19.79,18.67,19.7,19.81,-1.01,-5.0984,8.312,8311978,159443612.0,7426000000.0,1880000000.0
2015-04-14,'603100,川仪股份,19.81,20.11,19.6,19.95,20.01,-0.2,-0.9995,8.7559,8755921,173751001.0,7824950000.0,1981000000.0
2015-04-13,'603100,川仪股份,20.01,20.06,19.36,19.61,19.58,0.43,2.1961,8.9143,8914334,176165916.0,7903950000.0,2001000000.0
2015-04-10,'603100,川仪股份,19.58,19.7,19.25,19.25,19.16,0.42,2.1921,7.0125,7012456,137030743.0,7734100000.0,1958000000.0
2015-04-09,'603100,川仪股份,19.16,20.0,18.68,20.0,20.1,-0.94,-4.6766,10.8353,10835301,208031205.0,7568200000.0,1916000000.0
2015-04-08,'603100,川仪股份,20.1,20.96,19.7,20.96,21.33,-1.23,-5.7665,17.8286,17828552,362395396.0,7939500000.0,2010000000.0
2015-04-07,'603100,川仪股份,21.33,21.5,20.2,20.65,20.54,0.79,3.8462,12.3655,12365489,259503076.0,8425350000.0,2133000000.0
2015-04-03,'603100,川仪股份,20.54,20.65,20.09,20.35,20.54,0.0,0.0,8.1741,8174146,166908367.0,8113300000.0,2054000000.0
2015-04-02,'603100,川仪股份,20.54,20.85,20.2,20.29,20.28,0.26,1.2821,8.9697,8969681,184260777.0,8113300000.0,2054000000.0
2015-04-01,'603100,川仪股份,20.28,20.49,19.86,19.87,19.88,0.4,2.0121,8.7358,8735828,177202884.0,8010600000.0,2028000000.0
2015-03-31,'603100,川仪股份,19.88,20.59,19.76,20.03,20.34,-0.46,-2.2616,10.258,10258022,206479551.0,7852600000.0,1988000000.0
2015-03-30,'603100,川仪股份,20.34,21.67,20.31,21.2,20.51,-0.17,-0.8289,16.6735,16673503,349815539.0,8034300000.0,2034000000.0
2015-03-27,'603100,川仪股份,20.51,20.59,18.8,19.1,19.32,1.19,6.1594,14.4002,14400178,281468444.0,8101450000.0,2051000000.0
2015-03-26,'603100,川仪股份,19.32,20.3,19.0,19.71,19.4,-0.08,-0.4124,15.8017,15801728,311730149.0,7631400000.0,1932000000.0
2015-03-25,'603100,川仪股份,19.4,19.55,18.9,19.3,19.56,-0.16,-0.818,12.8583,12858277,247319389.0,7663000000.0,1940000000.0
2015-03-24,'603100,川仪股份,19.56,19.85,18.61,19.01,18.84,0.72,3.8217,22.1548,22154833,427034368.0,7726200000.0,1956000000.0
2015-03-23,'603100,川仪股份,18.84,19.03,18.35,18.65,18.57,0.27,1.454,15.64,15639993,293853043.0,7441800000.0,1884000000.0
2015-03-20,'603100,川仪股份,18.57,18.6,17.52,17.62,17.76,0.81,4.5608,13.4596,13459578,242157125.0,7335150000.0,1857000000.0
2015-03-19,'603100,川仪股份,17.76,17.85,17.18,17.39,17.41,0.35,2.0103,12.0588,12058771,211950818.0,7015200000.0,1776000000.0
2015-03-18,'603100,川仪股份,17.41,17.42,17.02,17.06,17.02,0.39,2.2914,10.3383,10338279,177908833.0,6876950000.0,1741000000.0
2015-03-17,'603100,川仪股份,17.02,17.25,16.79,17.2,17.04,-0.02,-0.1174,9.8208,9820752,167517828.0,6722900000.0,1702000000.0
2015-03-16,'603100,川仪股份,17.04,17.21,16.76,16.87,16.71,0.33,1.9749,9.0756,9075550,154209990.0,6730800000.0,1704000000.0
2015-03-13,'603100,川仪股份,16.71,16.92,16.61,16.62,16.57,0.14,0.8449,4.6097,4609652,77382016.0,6600450000.0,1671000000.0
2015-03-12,'603100,川仪股份,16.57,17.0,16.43,16.85,16.96,-0.39,-2.2995,5.8137,5813663,96839779.0,6545150000.0,1657000000.0
2015-03-11,'603100,川仪股份,16.96,17.26,16.67,16.99,16.88,0.08,0.4739,10.9614,10961358,185140182.0,6699200000.0,1696000000.0
2015-03-10,'603100,川仪股份,16.88,16.91,16.03,16.03,16.01,0.87,5.4341,11.7329,11732878,193758678.0,6667600000.0,1688000000.0
2015-03-09,'603100,川仪股份,16.01,16.07,15.6,15.84,15.93,0.08,0.5022,3.4248,3424777,54298067.0,6323950000.0,1601000000.0
2015-03-06,'603100,川仪股份,15.93,16.43,15.91,16.32,16.29,-0.36,-2.2099,4.6416,4641566,74769165.0,6292350000.0,1593000000.0
2015-03-05,'603100,川仪股份,16.29,16.38,16.11,16.22,16.21,0.08,0.4935,5.5779,5577946,90607144.0,6434550000.0,1629000000.0
2015-03-04,'603100,川仪股份,16.21,16.32,16.06,16.07,16.06,0.15,0.934,4.236,4236037,68582150.0,6402950000.0,1621000000.0
2015-03-03,'603100,川仪股份,16.06,16.39,16.01,16.39,16.43,-0.37,-2.252,7.7993,7799349,126412072.0,6343700000.0,1606000000.0
2015-03-02,'603100,川仪股份,16.43,16.5,15.91,16.0,16.0,0.43,2.6875,9.2391,9239148,150406238.0,6489850000.0,1643000000.0
2015-02-27,'603100,川仪股份,16.0,16.18,15.4,15.4,15.45,0.55,3.5599,8.2976,8297649,131844999.0,6320000000.0,1600000000.0
2015-02-26,'603100,川仪股份,15.45,15.48,15.07,15.07,15.15,0.3,1.9802,2.3254,2325389,35577885.0,6102750000.0,1545000000.0
2015-02-25,'603100,川仪股份,15.15,15.39,15.13,15.38,15.37,-0.22,-1.4314,2.5471,2547112,38769135.0,5984250000.0,1515000000.0
2015-02-17,'603100,川仪股份,15.37,15.43,15.26,15.42,15.4,-0.03,-0.1948,2.3476,2347649,36001136.0,6071150000.0,1537000000.0
2015-02-16,'603100,川仪股份,15.4,15.42,15.18,15.25,15.21,0.19,1.2492,2.7228,2722816,41674816.0,6083000000.0,1540000000.0
2015-02-13,'603100,川仪股份,15.21,15.33,15.17,15.17,15.09,0.12,0.7952,2.5265,2526451,38511626.0,6007950000.0,1521000000.0
2015-02-12,'603100,川仪股份,15.09,15.16,14.84,14.86,14.92,0.17,1.1394,2.095,2095037,31446876.0,5960550000.0,1509000000.0
2015-02-11,'603100,川仪股份,14.92,14.97,14.75,14.75,14.75,0.17,1.1525,1.8617,1861733,27728404.0,5893400000.0,1492000000.0
2015-02-10,'603100,川仪股份,14.75,14.75,14.55,14.71,14.6,0.15,1.0274,1.8515,1851509,27155384.0,5826250000.0,1475000000.0
2015-02-09,'603100,川仪股份,14.6,14.74,14.51,14.6,14.67,-0.07,-0.4772,1.833,1833040,26826566.0,5767000000.0,1460000000.0
2015-02-06,'603100,川仪股份,14.67,15.11,14.51,15.07,15.13,-0.46,-3.0403,3.7779,3777879,55850640.0,5794650000.0,1467000000.0
2015-02-05,'603100,川仪股份,15.13,15.44,15.06,15.4,15.22,-0.09,-0.5913,3.8243,3824262,58288768.0,5976350000.0,1513000000.0
2015-02-04,'603100,川仪股份,15.22,15.74,15.2,15.67,15.68,-0.46,-2.9337,4.6122,4612197,71422223.0,6011900000.0,1522000000.0
2015-02-03,'603100,川仪股份,15.68,15.71,15.5,15.56,15.49,0.19,1.2266,2.9772,2977154,46452398.0,6193600000.0,1568000000.0
2015-02-02,'603100,川仪股份,15.49,15.87,15.48,15.54,15.79,-0.3,-1.8999,4.1861,4186100,65459930.0,6118550000.0,1549000000.0
2015-01-30,'603100,川仪股份,15.79,16.15,15.72,15.95,15.9,-0.11,-0.6918,5.5335,5533532,88479553.0,6237050000.0,1579000000.0
2015-01-29,'603100,川仪股份,15.9,15.95,15.66,15.73,15.74,0.16,1.0165,3.8087,3808681,60440245.0,6280500000.0,1590000000.0
2015-01-28,'603100,川仪股份,15.74,15.94,15.68,15.82,15.91,-0.17,-1.0685,3.7091,3709107,58639968.0,6217300000.0,1574000000.0
2015-01-27,'603100,川仪股份,15.91,16.26,15.69,15.97,15.99,-0.08,-0.5003,5.3913,5391250,85967914.0,6284450000.0,1591000000.0
2015-01-26,'603100,川仪股份,15.99,16.1,15.8,15.9,15.95,0.04,0.2508,6.3692,6369172,101791325.0,6316050000.0,1599000000.0
2015-01-23,'603100,川仪股份,15.95,16.14,15.64,15.92,15.86,0.09,0.5675,9.1282,9128230,145205914.0,6300250000.0,1595000000.0
2015-01-22,'603100,川仪股份,15.86,16.14,15.8,15.88,15.81,0.05,0.3163,6.4741,6474089,103132720.0,6264700000.0,1586000000.0
2015-01-21,'603100,川仪股份,15.81,16.0,15.65,15.98,15.8,0.01,0.0633,8.1576,8157620,128921133.0,6244950000.0,1581000000.0
2015-01-20,'603100,川仪股份,15.8,15.88,15.02,15.02,14.91,0.89,5.9691,9.245,9244978,143874965.0,6241000000.0,1580000000.0
2015-01-19,'603100,川仪股份,14.91,15.47,14.5,14.8,15.0,-0.09,-0.6,6.8842,6884205,103990378.0,5889450000.0,1491000000.0
2015-01-16,'603100,川仪股份,15.0,15.2,14.79,14.79,14.6,0.4,2.7397,4.7958,4795787,72021059.0,5925000000.0,1500000000.0
2015-01-15,'603100,川仪股份,14.6,14.75,14.37,14.37,14.37,0.23,1.6006,2.5548,2554845,37284174.0,5767000000.0,1460000000.0
2015-01-14,'603100,川仪股份,14.37,14.8,14.33,14.77,14.71,-0.34,-2.3114,3.6555,3655527,53033567.0,5676150000.0,1437000000.0
2015-01-13,'603100,川仪股份,14.71,14.82,14.58,14.61,14.6,0.11,0.7534,3.0934,3093384,45481235.0,5810450000.0,1471000000.0
2015-01-12,'603100,川仪股份,14.6,14.94,14.57,14.82,15.2,-0.6,-3.9474,3.6598,3659806,53876501.0,5767000000.0,1460000000.0
2015-01-09,'603100,川仪股份,15.2,15.6,15.17,15.44,15.74,-0.54,-3.4307,6.1562,6156159,94859315.0,6004000000.0,1520000000.0
2015-01-08,'603100,川仪股份,15.74,16.24,15.5,15.77,15.77,-0.03,-0.1902,9.1588,9158830,146372602.0,6217300000.0,1574000000.0
2015-01-07,'603100,川仪股份,15.77,15.88,15.36,15.4,15.57,0.2,1.2845,7.6077,7607689,119165714.0,6229150000.0,1577000000.0
2015-01-06,'603100,川仪股份,15.57,15.67,14.86,14.95,15.07,0.5,3.3179,6.2408,6240764,95668353.0,6150150000.0,1557000000.0
2015-01-05,'603100,川仪股份,15.07,15.25,14.65,15.25,15.29,-0.22,-1.4388,4.7915,4791483,71735977.0,5952650000.0,1507000000.0
2014-12-31,'603100,川仪股份,15.29,15.38,14.73,14.99,14.66,0.63,4.2974,6.8893,6889341,103792723.0,6039550000.0,1529000000.0
2014-12-30,'603100,川仪股份,14.66,14.74,14.35,14.38,14.48,0.18,1.2431,3.0382,3038192,44148066.0,5790700000.0,1466000000.0
2014-12-29,'603100,川仪股份,14.48,14.94,14.37,14.88,14.88,-0.4,-2.6882,3.5609,3560883,51598315.0,5719600000.0,1448000000.0
2014-12-26,'603100,川仪股份,14.88,15.01,14.77,15.01,15.05,-0.17,-1.1296,3.6968,3696778,54937623.0,5877600000.0,1488000000.0
2014-12-25,'603100,川仪股份,15.05,15.15,14.63,14.84,14.86,0.19,1.2786,4.1626,4162605,61905386.0,5944750000.0,1505000000.0
2014-12-24,'603100,川仪股份,14.86,14.95,14.6,14.72,14.48,0.38,2.6243,3.667,3667047,54213578.0,5869700000.0,1486000000.0
2014-12-23,'603100,川仪股份,14.48,15.0,14.15,14.24,14.39,0.09,0.6254,3.8493,3849274,56475413.0,5719600000.0,1448000000.0
2014-12-22,'603100,川仪股份,14.39,15.21,14.35,15.21,15.39,-1.0,-6.4977,6.743,6743031,97898944.0,5684050000.0,1439000000.0
2014-12-19,'603100,川仪股份,15.39,15.93,15.15,15.93,16.04,-0.65,-4.0524,7.3411,7341084,113054644.0,6079050000.0,1539000000.0
2014-12-18,'603100,川仪股份,16.04,16.28,15.4,15.5,15.56,0.48,3.0848,7.4665,7466532,119736666.0,6335800000.0,1604000000.0
2014-12-17,'603100,川仪股份,15.56,15.98,15.36,15.98,16.08,-0.52,-3.2338,6.7822,6782160,106059929.0,6146200000.0,1556000000.0
2014-12-16,'603100,川仪股份,16.08,16.45,15.9,16.39,16.55,-0.47,-2.8399,7.8358,7835764,126082582.0,6351600000.0,1608000000.0
2014-12-15,'603100,川仪股份,16.55,16.65,16.11,16.27,16.41,0.14,0.8531,4.9978,4997812,82016645.0,6537250000.0,1655000000.0
2014-12-12,'603100,川仪股份,16.41,16.69,16.24,16.57,16.55,-0.14,-0.8459,4.9102,4910226,80546770.0,6481950000.0,1641000000.0
2014-12-11,'603100,川仪股份,16.55,16.57,15.7,15.73,15.97,0.58,3.6318,7.2905,7290473,118661266.0,6537250000.0,1655000000.0
2014-12-10,'603100,川仪股份,15.97,16.09,15.26,15.26,15.23,0.74,4.8588,6.6999,6699893,105321097.0,6308150000.0,1597000000.0
2014-12-09,'603100,川仪股份,15.23,16.47,15.14,16.47,16.62,-1.39,-8.3634,10.9681,10968112,175822824.0,6015850000.0,1523000000.0
2014-12-08,'603100,川仪股份,16.62,16.85,16.3,16.62,16.67,-0.05,-0.2999,8.6728,8672761,143317142.0,6564900000.0,1662000000.0
2014-12-05,'603100,川仪股份,16.67,17.74,16.3,17.7,17.67,-1.0,-5.6593,12.9501,12950077,219697555.0,6584650000.0,1667000000.0
2014-12-04,'603100,川仪股份,17.67,17.87,17.5,17.61,17.77,-0.1,-0.5627,11.3522,11352193,200220069.0,6979650000.0,1767000000.0
2014-12-03,'603100,川仪股份,17.77,18.27,17.5,18.25,18.31,-0.54,-2.9492,14.4137,14413656,255846456.0,7019150000.0,1777000000.0
2014-12-02,'603100,川仪股份,18.31,18.52,17.73,17.8,17.82,0.49,2.7497,14.6887,14688742,268139504.0,7232450000.0,1831000000.0
2014-12-01,'603100,川仪股份,17.82,18.1,17.51,17.66,17.83,-0.01,-0.0561,8.7137,8713684,154854501.0,7038900000.0,1782000000.0
2014-11-28,'603100,川仪股份,17.83,18.27,17.44,18.1,18.27,-0.44,-2.4083,15.6114,15611425,277735179.0,7042850000.0,1783000000.0
2014-11-27,'603100,川仪股份,18.27,18.89,18.16,18.67,18.69,-0.42,-2.2472,16.952,16951957,312083028.0,7216650000.0,1827000000.0
2014-11-26,'603100,川仪股份,18.69,19.2,18.19,18.36,18.49,0.2,1.0817,18.0634,18063401,336783977.0,7382550000.0,1869000000.0
2014-11-25,'603100,川仪股份,18.49,18.81,18.0,18.29,18.86,-0.37,-1.9618,23.8087,23808675,438992993.0,7303550000.0,1849000000.0
2014-11-24,'603100,川仪股份,18.86,19.32,17.66,17.91,17.56,1.3,7.4032,35.4654,35465395,664342375.0,7449700000.0,1886000000.0
2014-11-21,'603100,川仪股份,17.56,18.21,17.01,17.01,17.22,0.34,1.9744,20.8146,20814608,369767885.0,6936200000.0,1756000000.0
2014-11-20,'603100,川仪股份,17.22,17.57,16.62,16.8,17.11,0.11,0.6429,13.8377,13837655,237858422.0,6801900000.0,1722000000.0
2014-11-19,'603100,川仪股份,17.11,17.47,16.92,17.39,17.6,-0.49,-2.7841,12.8342,12834198,219888000.0,6758450000.0,1711000000.0
2014-11-18,'603100,川仪股份,17.6,17.97,16.88,17.0,17.17,0.43,2.5044,18.6231,18623063,325621909.0,6952000000.0,1760000000.0
2014-11-17,'603100,川仪股份,17.17,17.8,16.61,16.99,17.82,-0.65,-3.6476,19.0592,19059243,328165246.0,6782150000.0,1717000000.0
2014-11-14,'603100,川仪股份,17.82,19.81,17.82,19.81,19.8,-1.98,-10.0,26.269,26269017,480501148.0,7038900000.0,1782000000.0
2014-11-13,'603100,川仪股份,19.8,19.8,18.11,18.45,18.0,1.8,10.0,19.7278,19727769,376213439.0,7821000000.0,1980000000.0
2014-11-12,'603100,川仪股份,18.0,18.0,16.29,16.3,16.36,1.64,10.0244,25.6312,25631202,444985556.0,7110000000.0,1800000000.0
2014-11-11,'603100,川仪股份,16.36,17.38,16.02,17.31,17.47,-1.11,-6.3537,21.892,21892029,365219028.0,6462200000.0,1636000000.0
2014-11-10,'603100,川仪股份,17.47,17.68,16.71,17.05,16.94,0.53,3.1287,25.3976,25397585,438690361.0,6900650000.0,1747000000.0
2014-11-07,'603100,川仪股份,16.94,18.49,16.86,16.93,17.3,-0.36,-2.0809,35.5655,35565513,623819083.0,6691300000.0,1694000000.0
2014-11-06,'603100,川仪股份,17.3,17.68,16.6,16.78,16.49,0.81,4.9121,37.5019,37501853,643545224.0,6833500000.0,1730000000.0
2014-11-05,'603100,川仪股份,16.49,16.49,14.71,14.93,14.99,1.5,10.0067,16.4264,16426419,259530714.0,6513550000.0,1649000000.0
2014-11-04,'603100,川仪股份,14.99,15.49,14.9,15.19,15.34,-0.35,-2.2816,11.5033,11503253,174094784.0,5921050000.0,1499000000.0
2014-11-03,'603100,川仪股份,15.34,15.69,15.13,15.2,15.23,0.11,0.7223,15.1397,15139651,232626530.0,6059300000.0,1534000000.0
2014-10-31,'603100,川仪股份,15.23,15.48,14.7,14.71,14.53,0.7,4.8176,27.1811,27181139,412194621.0,6015850000.0,1523000000.0
2014-10-30,'603100,川仪股份,14.53,14.67,14.32,14.51,14.48,0.05,0.3453,10.0249,10024851,145459047.0,5739350000.0,1453000000.0
2014-10-29,'603100,川仪股份,14.48,14.59,14.3,14.4,14.33,0.15,1.0468,8.4736,8473557,122271650.0,5719600000.0,1448000000.0
2014-10-28,'603100,川仪股份,14.33,14.35,13.97,13.99,13.92,0.41,2.9454,6.2166,6216649,88017325.0,5660350000.0,1433000000.0
2014-10-27,'603100,川仪股份,13.92,13.95,13.62,13.95,14.07,-0.15,-1.0661,4.6445,4644522,64154709.0,5498400000.0,1392000000.0
2014-10-24,'603100,川仪股份,14.07,14.3,13.93,14.17,14.27,-0.2,-1.4015,6.8211,6821080,96105586.0,5557650000.0,1407000000.0
2014-10-23,'603100,川仪股份,14.27,14.97,14.2,14.69,14.82,-0.55,-3.7112,10.266,10266007,148670481.0,5636650000.0,1427000000.0
2014-10-22,'603100,川仪股份,14.82,15.25,14.37,14.37,14.38,0.44,3.0598,22.9735,22973495,342006979.0,5853900000.0,1482000000.0
2014-10-21,'603100,川仪股份,14.38,14.45,14.01,14.08,14.13,0.25,1.7693,9.2973,9297288,132830239.0,5680100000.0,1438000000.0
2014-10-20,'603100,川仪股份,14.13,14.15,13.8,13.88,13.85,0.28,2.0217,3.8157,3815707,53469838.0,5581350000.0,1413000000.0
2014-10-17,'603100,川仪股份,13.85,14.02,13.48,13.95,13.99,-0.14,-1.0007,5.8757,5875742,80978004.0,5470750000.0,1385000000.0
2014-10-16,'603100,川仪股份,13.99,14.24,13.97,14.02,14.14,-0.15,-1.0608,4.0853,4085306,57656556.0,5526050000.0,1399000000.0
2014-10-15,'603100,川仪股份,14.14,14.25,13.99,14.17,14.18,-0.04,-0.2821,3.4918,3491792,49220376.0,5585300000.0,1414000000.0
2014-10-14,'603100,川仪股份,14.18,14.31,14.11,14.13,14.14,0.04,0.2829,3.7566,3756615,53321299.0,5601100000.0,1418000000.0
2014-10-13,'603100,川仪股份,14.14,14.18,13.94,14.17,14.2,-0.06,-0.4225,3.6086,3608625,50723014.0,5585300000.0,1414000000.0
2014-10-10,'603100,川仪股份,14.2,14.33,14.16,14.26,14.36,-0.16,-1.1142,5.2421,5242137,74589593.0,5609000000.0,1420000000.0
2014-10-09,'603100,川仪股份,14.36,14.55,14.21,14.55,14.5,-0.14,-0.9655,5.9269,5926871,85144688.0,5672200000.0,1436000000.0
2014-10-08,'603100,川仪股份,14.5,14.54,14.32,14.41,14.36,0.14,0.9749,5.0761,5076082,73404156.0,5727500000.0,1450000000.0
2014-09-30,'603100,川仪股份,14.36,14.44,14.3,14.37,14.39,-0.03,-0.2085,4.2471,4247130,60977003.0,5672200000.0,1436000000.0
2014-09-29,'603100,川仪股份,14.39,14.43,14.25,14.39,14.24,0.15,1.0534,5.0728,5072785,72727335.0,5684050000.0,1439000000.0
2014-09-26,'603100,川仪股份,14.24,14.49,14.2,14.35,14.41,-0.17,-1.1797,4.9914,4991386,71259096.0,5624800000.0,1424000000.0
2014-09-25,'603100,川仪股份,14.41,14.85,14.35,14.51,14.49,-0.08,-0.5521,8.9129,8912915,130245245.0,5691950000.0,1441000000.0
2014-09-24,'603100,川仪股份,14.49,14.54,14.15,14.2,14.21,0.28,1.9704,8.2668,8266753,118594625.0,5723550000.0,1449000000.0
2014-09-23,'603100,川仪股份,14.21,14.28,14.05,14.09,14.11,0.1,0.7087,4.232,4232001,59945505.0,5612950000.0,1421000000.0
2014-09-22,'603100,川仪股份,14.11,14.32,13.88,14.27,14.34,-0.23,-1.6039,6.2297,6229704,87693784.0,5573450000.0,1411000000.0
2014-09-19,'603100,川仪股份,14.34,14.37,14.16,14.26,14.24,0.1,0.7022,4.3905,4390515,62787859.0,5664300000.0,1434000000.0
2014-09-18,'603100,川仪股份,14.24,14.35,14.12,14.28,14.37,-0.13,-0.9047,5.2208,5220759,74387527.0,5624800000.0,1424000000.0
2014-09-17,'603100,川仪股份,14.37,14.45,14.17,14.26,14.22,0.15,1.0549,6.4291,6429066,92080221.0,5676150000.0,1437000000.0
2014-09-16,'603100,川仪股份,14.22,15.14,14.14,15.07,15.06,-0.84,-5.5777,13.6785,13678497,200431027.0,5616900000.0,1422000000.0
2014-09-15,'603100,川仪股份,15.06,15.16,14.93,15.05,15.07,-0.01,-0.0664,7.7511,7751108,116360981.0,5948700000.0,1506000000.0
2014-09-12,'603100,川仪股份,15.07,15.1,14.8,15.02,15.12,-0.05,-0.3307,7.9266,7926615,118745580.0,5952650000.0,1507000000.0
2014-09-11,'603100,川仪股份,15.12,15.38,14.8,15.35,15.23,-0.11,-0.7223,18.5244,18524358,279568187.0,5972400000.0,1512000000.0
2014-09-10,'603100,川仪股份,15.23,15.29,14.48,14.6,14.7,0.53,3.6054,20.3925,20392541,306674644.0,6015850000.0,1523000000.0
2014-09-09,'603100,川仪股份,14.7,14.89,14.52,14.86,14.81,-0.11,-0.7427,7.4639,7463899,109512805.0,5806500000.0,1470000000.0
2014-09-05,'603100,川仪股份,14.81,15.03,14.69,14.96,15.05,-0.24,-1.5947,11.4724,11472428,169832515.0,5849950000.0,1481000000.0
2014-09-04,'603100,川仪股份,15.05,15.38,14.45,14.57,14.61,0.44,3.0116,20.9124,20912363,314093444.0,5944750000.0,1505000000.0
2014-09-03,'603100,川仪股份,14.61,14.87,14.45,14.75,14.62,-0.01,-0.0684,11.02,11020036,161073075.0,5770950000.0,1461000000.0
2014-09-02,'603100,川仪股份,14.62,14.75,14.29,14.39,14.37,0.25,1.7397,13.2602,13260155,193430202.0,5774900000.0,1462000000.0
2014-09-01,'603100,川仪股份,14.37,14.46,13.8,14.02,14.01,0.36,2.5696,8.7403,8740312,124088341.0,5676150000.0,1437000000.0
2014-08-29,'603100,川仪股份,14.01,14.15,13.73,13.76,13.79,0.22,1.5954,6.5539,6553915,91542184.0,5533950000.0,1401000000.0
2014-08-28,'603100,川仪股份,13.79,14.19,13.78,14.16,14.08,-0.29,-2.0597,9.241,9241016,128370393.0,5447050000.0,1379000000.0
2014-08-27,'603100,川仪股份,14.08,14.24,14.01,14.08,14.06,0.02,0.1422,8.7096,8709600,123032115.0,5561600000.0,1408000000.0
2014-08-26,'603100,川仪股份,14.06,14.7,14.0,14.7,15.01,-0.95,-6.3291,20.2673,20267267,289550244.0,5553700000.0,1406000000.0
2014-08-25,'603100,川仪股份,15.01,15.47,14.58,14.58,14.74,0.27,1.8318,25.7422,25742239,386707791.0,5928950000.0,1501000000.0
2014-08-22,'603100,川仪股份,14.74,15.02,14.31,15.01,15.36,-0.62,-4.0365,28.0155,28015546,409428740.0,5822300000.0,1474000000.0
2014-08-21,'603100,川仪股份,15.36,16.17,15.11,16.0,15.98,-0.62,-3.8798,43.1001,43100141,673657128.0,6067200000.0,1536000000.0
2014-08-20,'603100,川仪股份,15.98,15.98,14.24,14.4,14.53,1.45,9.9794,40.6561,40656146,618206794.0,6312100000.0,1598000000.0
2014-08-19,'603100,川仪股份,14.53,15.24,13.71,13.8,13.93,0.6,4.3073,34.6196,34619633,502643012.0,5739350000.0,1453000000.0
2014-08-18,'603100,川仪股份,13.93,13.97,13.37,13.53,13.48,0.45,3.3383,27.3554,27355430,374048609.0,5502350000.0,1393000000.0
2014-08-15,'603100,川仪股份,13.48,13.8,13.35,13.71,13.61,-0.13,-0.9552,20.2836,20283584,273799237.0,5324600000.0,1348000000.0
2014-08-14,'603100,川仪股份,13.61,13.97,13.22,13.3,14.04,-0.43,-3.0627,47.7949,47794856,645528894.0,5375950000.0,1361000000.0
2014-08-13,'603100,川仪股份,14.04,15.0,14.04,15.0,15.6,-1.56,-10.0,18.2004,18200400,260233517.0,5545800000.0,1404000000.0
2014-08-12,'603100,川仪股份,15.6,15.6,15.6,15.6,14.18,1.42,10.0141,1.6495,1649540,25732824.0,6162000000.0,1560000000.0
2014-08-11,'603100,川仪股份,14.18,14.18,14.18,14.18,12.89,1.29,10.0078,0.8091,809080,11472754.0,5601100000.0,1418000000.0
2014-08-08,'603100,川仪股份,12.89,12.89,12.89,12.89,11.72,1.17,9.9829,0.4097,409690,5280904.0,5091550000.0,1289000000.0
2014-08-07,'603100,川仪股份,11.72,11.72,11.72,11.72,10.65,1.07,10.0469,0.1228,122758,1438724.0,4629400000.0,1172000000.0
2014-08-06,'603100,川仪股份,10.65,10.65,10.65,10.65,9.68,0.97,10.0207,0.1075,107500,1144875.0,4206750000.0,1065000000.0
2014-08-05,'603100,N川仪,9.68,9.68,8.06,8.06,6.72,2.96,44.0476,0.2443,244298,2363995.0,3823600000.0,968000000.0
