日期,股票代码,名称,收盘价,最高价,最低价,开盘价,前收盘,涨跌额,涨跌幅,换手率,成交量,成交金额,总市值,流通市值
2017-05-15,'603101,汇嘉时代,17.84,18.18,17.78,18.1,17.84,0.0,0.0,1.0093,726700,13077549.0,4281600000.0,1284480000.0
2017-05-12,'603101,汇嘉时代,17.84,18.09,17.71,17.87,17.89,-0.05,-0.2795,1.3395,964428,17240579.0,4281600000.0,1284480000.0
2017-05-11,'603101,汇嘉时代,17.89,18.0,17.1,17.8,18.01,-0.12,-0.6663,2.0695,1490054,26307028.0,4293600000.0,1288080000.0
2017-05-10,'603101,汇嘉时代,18.01,18.47,17.95,18.24,18.24,-0.23,-1.261,2.3031,1658200,30309132.0,4322400000.0,1296720000.0
2017-05-09,'603101,汇嘉时代,18.24,18.36,17.81,17.96,17.96,0.28,1.559,1.4244,1025596,18643557.0,4377600000.0,1313280000.0
2017-05-08,'603101,汇嘉时代,17.96,18.52,17.93,18.5,18.5,-0.54,-2.9189,1.7071,1229100,22401371.0,4310400000.0,1293120000.0
2017-05-05,'603101,汇嘉时代,18.5,19.2,18.48,19.2,19.21,-0.71,-3.696,3.2046,1922747,36091673.0,4440000000.0,1110000000.0
2017-05-04,'603101,汇嘉时代,19.21,19.68,19.2,19.68,19.69,-0.48,-2.4378,2.4202,1452144,28118130.0,4610400000.0,1152600000.0
2017-05-03,'603101,汇嘉时代,19.69,19.81,19.5,19.64,19.64,0.05,0.2546,2.0467,1228010,24112147.0,4725600000.0,1181400000.0
2017-05-02,'603101,汇嘉时代,19.64,20.15,19.6,20.0,19.96,-0.32,-1.6032,2.2722,1363309,26953953.0,4713600000.0,1178400000.0
2017-04-28,'603101,汇嘉时代,19.96,20.09,19.85,19.85,20.21,-0.25,-1.237,2.2687,1361199,27172228.0,4790400000.0,1197600000.0
2017-04-27,'603101,汇嘉时代,20.21,20.97,19.69,20.2,20.39,-0.18,-0.8828,5.9002,3540144,70889829.0,4850400000.0,1212600000.0
2017-04-26,'603101,汇嘉时代,20.39,20.7,19.64,19.81,19.9,0.49,2.4623,5.7575,3454500,70101512.0,4893600000.0,1223400000.0
2017-04-25,'603101,汇嘉时代,19.9,20.4,19.57,19.64,19.54,0.36,1.8424,5.776,3465570,69681277.0,4776000000.0,1194000000.0
2017-04-24,'603101,汇嘉时代,19.54,20.34,19.0,20.3,20.25,-0.71,-3.5062,3.7893,2273589,44324346.0,4689600000.0,1172400000.0
2017-04-21,'603101,汇嘉时代,20.25,20.52,20.01,20.4,20.42,-0.17,-0.8325,2.5838,1550257,31316480.0,4860000000.0,1215000000.0
2017-04-20,'603101,汇嘉时代,20.42,21.19,20.2,21.08,21.23,-0.81,-3.8154,4.1419,2485163,51187308.0,4900800000.0,1225200000.0
2017-04-19,'603101,汇嘉时代,21.23,21.5,20.86,20.9,21.08,0.15,0.7116,7.2468,4348100,92478869.0,5095200000.0,1273800000.0
2017-04-18,'603101,汇嘉时代,21.08,21.13,20.71,21.02,20.96,0.12,0.5725,4.3799,2627919,54954468.0,5059200000.0,1264800000.0
2017-04-17,'603101,汇嘉时代,20.96,20.99,19.28,20.3,20.4,0.56,2.7451,5.7558,3453476,70990711.0,5030400000.0,1257600000.0
2017-04-14,'603101,汇嘉时代,20.4,20.88,20.37,20.8,20.87,-0.47,-2.252,2.2473,1348375,27724211.0,4896000000.0,1224000000.0
2017-04-13,'603101,汇嘉时代,20.87,21.2,20.72,20.72,20.8,0.07,0.3365,2.3159,1389567,29157871.0,5008800000.0,1252200000.0
2017-04-12,'603101,汇嘉时代,20.8,21.2,20.71,21.17,21.19,-0.39,-1.8405,2.6993,1619574,33973400.0,4992000000.0,1248000000.0
2017-04-11,'603101,汇嘉时代,21.19,21.3,20.62,21.01,20.98,0.21,1.001,3.361,2016610,42483581.0,5085600000.0,1271400000.0
2017-04-10,'603101,汇嘉时代,20.98,21.95,20.85,21.86,21.91,-0.93,-4.2446,5.5509,3330568,70259953.0,5035200000.0,1258800000.0
2017-04-07,'603101,汇嘉时代,21.91,22.18,21.87,22.05,22.1,-0.19,-0.8597,2.9278,1756686,38706275.0,5258400000.0,1314600000.0
2017-04-06,'603101,汇嘉时代,22.1,22.39,22.01,22.04,22.16,-0.06,-0.2708,3.3693,2021600,44825479.0,5304000000.0,1326000000.0
2017-04-05,'603101,汇嘉时代,22.16,22.21,21.52,21.72,21.73,0.43,1.9788,3.2296,1937764,42445913.0,5318400000.0,1329600000.0
2017-03-31,'603101,汇嘉时代,21.73,22.1,21.6,21.7,21.79,-0.06,-0.2754,2.8001,1680050,36737148.0,5215200000.0,1303800000.0
2017-03-30,'603101,汇嘉时代,21.79,22.5,21.71,22.5,22.56,-0.77,-3.4131,5.3917,3235012,70880417.0,5229600000.0,1307400000.0
2017-03-29,'603101,汇嘉时代,22.56,24.2,22.5,24.16,24.21,-1.65,-6.8154,9.1714,5502833,127821698.0,5414400000.0,1353600000.0
2017-03-28,'603101,汇嘉时代,24.21,24.66,24.0,24.2,24.2,0.01,0.0413,4.5361,2721667,66075143.0,5810400000.0,1452600000.0
2017-03-27,'603101,汇嘉时代,24.2,24.75,24.15,24.41,24.51,-0.31,-1.2648,4.8387,2903214,70757190.0,5808000000.0,1452000000.0
2017-03-24,'603101,汇嘉时代,24.51,24.98,24.41,24.77,25.02,-0.51,-2.0384,8.8074,5284445,130068602.0,5882400000.0,1470600000.0
2017-03-23,'603101,汇嘉时代,25.02,25.25,23.87,24.08,24.05,0.97,4.0333,14.8664,8919829,219161931.0,6004800000.0,1501200000.0
2017-03-22,'603101,汇嘉时代,24.05,24.22,23.67,24.07,24.27,-0.22,-0.9065,5.2315,3138921,75194161.0,5772000000.0,1443000000.0
2017-03-21,'603101,汇嘉时代,24.27,24.3,23.7,23.9,23.96,0.31,1.2938,5.3836,3230156,77532309.0,5824800000.0,1456200000.0
2017-03-20,'603101,汇嘉时代,23.96,24.03,23.5,23.87,23.88,0.08,0.335,5.5601,3336048,79141756.0,5750400000.0,1437600000.0
2017-03-17,'603101,汇嘉时代,23.88,24.8,23.59,24.4,24.34,-0.46,-1.8899,7.9359,4761529,116011666.0,5731200000.0,1432800000.0
2017-03-16,'603101,汇嘉时代,24.34,24.47,23.91,23.91,23.91,0.43,1.7984,6.3431,3805885,92197510.0,5841600000.0,1460400000.0
2017-03-15,'603101,汇嘉时代,23.91,24.3,23.83,24.3,24.27,-0.36,-1.4833,5.071,3042583,73082870.0,5738400000.0,1434600000.0
2017-03-14,'603101,汇嘉时代,24.27,24.5,23.87,24.15,24.23,0.04,0.1651,6.2226,3733574,90538309.0,5824800000.0,1456200000.0
2017-03-13,'603101,汇嘉时代,24.23,24.35,23.71,24.35,24.34,-0.11,-0.4519,5.9949,3596952,86257981.0,5815200000.0,1453800000.0
2017-03-10,'603101,汇嘉时代,24.34,24.99,24.27,24.9,25.09,-0.75,-2.9892,9.8935,5936075,145376376.0,5841600000.0,1460400000.0
2017-03-09,'603101,汇嘉时代,25.09,25.55,24.25,24.32,24.5,0.59,2.4082,18.9534,11372067,284795214.0,6021600000.0,1505400000.0
2017-03-08,'603101,汇嘉时代,24.5,24.8,23.4,23.55,23.54,0.96,4.0782,11.4143,6848609,164788677.0,5880000000.0,1470000000.0
2017-03-07,'603101,汇嘉时代,23.54,23.56,23.32,23.56,23.48,0.06,0.2555,4.2225,2533480,59417845.0,5649600000.0,1412400000.0
2017-03-06,'603101,汇嘉时代,23.48,23.5,22.94,23.08,23.05,0.43,1.8655,4.9041,2942440,68332397.0,5635200000.0,1408800000.0
2017-03-03,'603101,汇嘉时代,23.05,23.24,22.85,23.16,23.09,-0.04,-0.1732,2.7673,1660350,38193574.0,5532000000.0,1383000000.0
2017-03-02,'603101,汇嘉时代,23.09,23.2,22.78,23.0,22.86,0.23,1.0061,3.896,2337598,53811305.0,5541600000.0,1385400000.0
2017-03-01,'603101,汇嘉时代,22.86,23.13,22.83,22.9,22.93,-0.07,-0.3053,2.868,1720776,39573097.0,5486400000.0,1371600000.0
2017-02-28,'603101,汇嘉时代,22.93,23.01,22.69,22.77,22.76,0.17,0.7469,2.423,1453773,33192340.0,5503200000.0,1375800000.0
2017-02-27,'603101,汇嘉时代,22.76,23.37,22.71,23.11,23.2,-0.44,-1.8966,3.6906,2214355,50730384.0,5462400000.0,1365600000.0
2017-02-24,'603101,汇嘉时代,23.2,23.27,22.97,23.12,23.12,0.08,0.346,3.5579,2134757,49424445.0,5568000000.0,1392000000.0
2017-02-23,'603101,汇嘉时代,23.12,23.28,22.82,23.24,23.14,-0.02,-0.0864,4.2154,2529252,58281162.0,5548800000.0,1387200000.0
2017-02-22,'603101,汇嘉时代,23.14,23.64,23.08,23.64,23.68,-0.54,-2.2804,5.6994,3419614,79512245.0,5553600000.0,1388400000.0
2017-02-21,'603101,汇嘉时代,23.68,23.98,23.3,23.47,23.47,0.21,0.8948,6.1637,3698229,87533383.0,5683200000.0,1420800000.0
2017-02-20,'603101,汇嘉时代,23.47,23.7,23.13,23.53,23.75,-0.28,-1.1789,6.5516,3930972,91925261.0,5632800000.0,1408200000.0
2017-02-17,'603101,汇嘉时代,23.75,23.94,22.66,22.88,22.83,0.92,4.0298,10.529,6317418,147096755.0,5700000000.0,1425000000.0
2017-02-16,'603101,汇嘉时代,22.83,22.89,22.57,22.71,22.91,-0.08,-0.3492,3.4302,2058138,46836072.0,5479200000.0,1369800000.0
2017-02-15,'603101,汇嘉时代,22.91,23.37,22.63,22.74,22.84,0.07,0.3065,6.2564,3753848,86298935.0,5498400000.0,1374600000.0
2017-02-14,'603101,汇嘉时代,22.84,23.06,22.56,22.71,22.81,0.03,0.1315,3.3357,2001445,45538148.0,5481600000.0,1370400000.0
2017-02-13,'603101,汇嘉时代,22.81,22.96,22.13,22.3,22.55,0.26,1.153,4.3142,2588537,58488318.0,5474400000.0,1368600000.0
2017-02-10,'603101,汇嘉时代,22.55,23.5,22.12,22.37,22.38,0.17,0.7596,5.9901,3594042,82078957.0,5412000000.0,1353000000.0
2017-02-09,'603101,汇嘉时代,22.38,22.63,22.2,22.4,22.39,-0.01,-0.0447,4.15,2489975,55831070.0,5371200000.0,1342800000.0
2017-02-08,'603101,汇嘉时代,22.39,22.42,21.66,21.72,21.92,0.47,2.1442,3.6845,2210699,48783465.0,5373600000.0,1343400000.0
2017-02-07,'603101,汇嘉时代,21.92,22.14,21.69,22.14,22.16,-0.24,-1.083,2.8076,1684533,36899437.0,5260800000.0,1315200000.0
2017-02-06,'603101,汇嘉时代,22.16,22.19,21.53,21.54,21.54,0.62,2.8784,3.0145,1808688,39579676.0,5318400000.0,1329600000.0
2017-02-03,'603101,汇嘉时代,21.54,21.8,21.4,21.64,21.63,-0.09,-0.4161,1.2463,747800,16137744.0,5169600000.0,1292400000.0
2017-01-26,'603101,汇嘉时代,21.63,21.74,21.5,21.57,21.56,0.07,0.3247,1.6254,975260,21083659.0,5191200000.0,1297800000.0
2017-01-25,'603101,汇嘉时代,21.56,21.67,21.33,21.43,21.3,0.26,1.2207,2.0187,1211228,26110880.0,5174400000.0,1293600000.0
2017-01-24,'603101,汇嘉时代,21.3,21.6,21.27,21.51,21.61,-0.31,-1.4345,2.1135,1268117,27097497.0,5112000000.0,1278000000.0
2017-01-23,'603101,汇嘉时代,21.61,21.79,21.14,21.25,21.19,0.42,1.9821,3.0865,1851882,39944552.0,5186400000.0,1296600000.0
2017-01-20,'603101,汇嘉时代,21.19,21.38,20.75,20.9,20.88,0.31,1.4847,2.8063,1683802,35713276.0,5085600000.0,1271400000.0
2017-01-19,'603101,汇嘉时代,20.88,21.15,20.43,20.57,20.83,0.05,0.24,2.2586,1355177,28220611.0,5011200000.0,1252800000.0
2017-01-18,'603101,汇嘉时代,20.83,21.4,20.78,21.4,21.48,-0.65,-3.0261,2.361,1416600,29794836.0,4999200000.0,1249800000.0
2017-01-17,'603101,汇嘉时代,21.48,21.6,20.0,20.87,20.89,0.59,2.8243,4.299,2579393,54017990.0,5155200000.0,1288800000.0
2017-01-16,'603101,汇嘉时代,20.89,22.8,20.41,22.7,22.68,-1.79,-7.8924,5.0605,3036273,64961894.0,5013600000.0,1253400000.0
2017-01-13,'603101,汇嘉时代,22.68,24.27,22.01,23.89,24.0,-1.32,-5.5,4.801,2880592,66805928.0,5443200000.0,1360800000.0
2017-01-12,'603101,汇嘉时代,24.0,24.43,23.93,24.01,24.21,-0.21,-0.8674,2.4906,1494373,36105549.0,5760000000.0,1440000000.0
2017-01-11,'603101,汇嘉时代,24.21,24.85,24.2,24.78,24.76,-0.55,-2.2213,2.8626,1717531,42021779.0,5810400000.0,1452600000.0
2017-01-10,'603101,汇嘉时代,24.76,24.97,24.41,24.68,24.67,0.09,0.3648,3.0788,1847307,45806292.0,5942400000.0,1485600000.0
2017-01-09,'603101,汇嘉时代,24.67,24.68,24.11,24.4,24.45,0.22,0.8998,3.1433,1885995,45990239.0,5920800000.0,1480200000.0
2017-01-06,'603101,汇嘉时代,24.45,25.27,24.43,25.27,25.27,-0.82,-3.245,4.8069,2884114,71332434.0,5868000000.0,1467000000.0
2017-01-05,'603101,汇嘉时代,25.27,25.89,25.2,25.63,25.69,-0.42,-1.6349,3.9581,2374871,60326309.0,6064800000.0,1516200000.0
2017-01-04,'603101,汇嘉时代,25.69,25.95,25.53,25.95,25.61,0.08,0.3124,4.1841,2510481,64475765.0,6165600000.0,1541400000.0
2017-01-03,'603101,汇嘉时代,25.61,25.72,25.2,25.32,25.19,0.42,1.6673,3.5978,2158664,55050490.0,6146400000.0,1536600000.0
2016-12-30,'603101,汇嘉时代,25.19,25.5,25.0,25.09,25.06,0.13,0.5188,2.7408,1644456,41471420.0,6045600000.0,1511400000.0
2016-12-29,'603101,汇嘉时代,25.06,25.52,24.93,25.3,25.29,-0.23,-0.9095,3.3177,1990629,50177800.0,6014400000.0,1503600000.0
2016-12-28,'603101,汇嘉时代,25.29,26.0,25.22,25.56,25.78,-0.49,-1.9007,3.9066,2343969,59770809.0,6069600000.0,1517400000.0
2016-12-27,'603101,汇嘉时代,25.78,26.24,25.52,25.52,25.75,0.03,0.1165,4.3042,2582532,66978141.0,6187200000.0,1546800000.0
2016-12-26,'603101,汇嘉时代,25.75,25.8,24.5,25.0,25.08,0.67,2.6715,5.2596,3155744,79574809.0,6180000000.0,1545000000.0
2016-12-23,'603101,汇嘉时代,25.08,26.44,25.0,26.06,26.3,-1.22,-4.6388,6.3755,3825304,97793128.0,6019200000.0,1504800000.0
2016-12-22,'603101,汇嘉时代,26.3,26.86,26.02,26.85,26.76,-0.46,-1.719,6.0758,3645502,96030662.0,6312000000.0,1578000000.0
2016-12-21,'603101,汇嘉时代,26.76,26.86,26.03,26.13,26.06,0.7,2.6861,8.8935,5336126,141444565.0,6422400000.0,1605600000.0
2016-12-20,'603101,汇嘉时代,26.06,26.1,25.25,25.38,25.41,0.65,2.558,6.1556,3693344,95239176.0,6254400000.0,1563600000.0
2016-12-19,'603101,汇嘉时代,25.41,25.72,25.23,25.49,25.74,-0.33,-1.2821,3.3306,1998336,50827966.0,6098400000.0,1524600000.0
2016-12-16,'603101,汇嘉时代,25.74,25.96,25.28,25.49,25.6,0.14,0.5469,6.1792,3707543,94968918.0,6177600000.0,1544400000.0
2016-12-15,'603101,汇嘉时代,25.6,26.09,24.34,24.34,24.6,1.0,4.065,7.483,4489782,114148162.0,6144000000.0,1536000000.0
2016-12-14,'603101,汇嘉时代,24.6,25.05,24.2,24.7,24.73,-0.13,-0.5257,4.78,2867981,70702614.0,5904000000.0,1476000000.0
2016-12-13,'603101,汇嘉时代,24.73,24.88,23.82,24.3,24.31,0.42,1.7277,6.133,3679798,90059498.0,5935200000.0,1483800000.0
2016-12-12,'603101,汇嘉时代,24.31,27.14,24.06,26.75,26.73,-2.42,-9.0535,9.0754,5445210,138979340.0,5834400000.0,1458600000.0
2016-12-09,'603101,汇嘉时代,26.73,27.8,26.7,27.09,27.38,-0.65,-2.374,6.3357,3801413,103503686.0,6415200000.0,1603800000.0
2016-12-08,'603101,汇嘉时代,27.38,28.48,27.36,28.22,28.06,-0.68,-2.4234,7.7443,4646605,128587028.0,6571200000.0,1642800000.0
2016-12-07,'603101,汇嘉时代,28.06,28.1,26.8,26.96,27.08,0.98,3.6189,9.1304,5478221,151678544.0,6734400000.0,1683600000.0
2016-12-06,'603101,汇嘉时代,27.08,27.34,26.96,27.0,26.94,0.14,0.5197,4.5638,2738264,74407355.0,6499200000.0,1624800000.0
2016-12-05,'603101,汇嘉时代,26.94,27.08,26.1,26.1,26.81,0.13,0.4849,4.3513,2610765,70026047.0,6465600000.0,1616400000.0
2016-12-02,'603101,汇嘉时代,26.81,28.09,26.78,28.09,28.21,-1.4,-4.9628,7.5053,4503202,123355077.0,6434400000.0,1608600000.0
2016-12-01,'603101,汇嘉时代,28.21,28.43,27.51,27.8,27.6,0.61,2.2101,6.7599,4055967,113384771.0,6770400000.0,1692600000.0
2016-11-30,'603101,汇嘉时代,27.6,28.32,27.0,28.06,28.04,-0.44,-1.5692,5.9378,3562677,98316016.0,6624000000.0,1656000000.0
2016-11-29,'603101,汇嘉时代,28.04,29.36,28.0,29.27,29.38,-1.34,-4.5609,7.0876,4252536,121852390.0,6729600000.0,1682400000.0
2016-11-28,'603101,汇嘉时代,29.38,29.43,28.55,29.0,29.04,0.34,1.1708,6.2165,3729910,108204756.0,7051200000.0,1762800000.0
2016-11-25,'603101,汇嘉时代,29.04,29.41,28.13,29.09,29.25,-0.21,-0.7179,7.7314,4638859,133695443.0,6969600000.0,1742400000.0
2016-11-24,'603101,汇嘉时代,29.25,29.64,28.62,29.64,29.9,-0.65,-2.1739,11.033,6619777,193311138.0,7020000000.0,1755000000.0
2016-11-23,'603101,汇嘉时代,29.9,30.78,29.79,30.53,30.83,-0.93,-3.0165,12.0874,7252448,219108129.0,7176000000.0,1794000000.0
2016-11-22,'603101,汇嘉时代,30.83,32.1,30.61,31.58,31.25,-0.42,-1.344,14.6892,8813520,274642097.0,7399200000.0,1849800000.0
2016-11-21,'603101,汇嘉时代,31.25,31.5,29.9,29.9,30.34,0.91,2.9993,18.3364,11001858,340083760.0,7500000000.0,1875000000.0
2016-11-18,'603101,汇嘉时代,30.34,31.4,30.11,30.7,30.08,0.26,0.8644,13.8616,8316951,256425533.0,7281600000.0,1820400000.0
2016-11-17,'603101,汇嘉时代,30.08,30.7,29.65,30.48,30.48,-0.4,-1.3123,12.555,7532974,226224923.0,7219200000.0,1804800000.0
2016-11-16,'603101,汇嘉时代,30.48,31.3,30.12,30.66,30.87,-0.39,-1.2634,15.8508,9510506,293058447.0,7315200000.0,1828800000.0
2016-11-15,'603101,汇嘉时代,30.87,31.18,30.34,30.53,30.47,0.4,1.3128,14.3643,8618603,265379320.0,7408800000.0,1852200000.0
2016-11-14,'603101,汇嘉时代,30.47,31.54,30.02,31.04,31.34,-0.87,-2.776,19.6244,11774627,359641672.0,7312800000.0,1828200000.0
2016-11-11,'603101,汇嘉时代,31.34,32.9,31.06,32.6,33.16,-1.82,-5.4885,28.9349,17360956,553754033.0,7521600000.0,1880400000.0
2016-11-10,'603101,汇嘉时代,33.16,33.7,31.58,32.15,32.31,0.85,2.6308,41.4963,24897795,815393554.0,7958400000.0,1989600000.0
2016-11-09,'603101,汇嘉时代,32.31,32.96,30.88,31.48,31.95,0.36,1.1268,40.2276,24136534,771049820.0,7754400000.0,1938600000.0
2016-11-08,'603101,汇嘉时代,31.95,34.0,31.64,33.99,35.15,-3.2,-9.1038,53.8228,32293682,1034349743.0,7668000000.0,1917000000.0
2016-11-07,'603101,汇嘉时代,35.15,35.48,31.43,33.1,32.41,2.74,8.4542,44.0443,26426565,880195995.0,8436000000.0,2109000000.0
2016-11-04,'603101,汇嘉时代,32.41,32.41,29.32,30.01,29.46,2.95,10.0136,46.1719,27703143,867698048.0,7778400000.0,1944600000.0
2016-11-03,'603101,汇嘉时代,29.46,29.46,26.45,26.78,26.78,2.68,10.0075,38.038,22822804,652138349.0,7070400000.0,1767600000.0
2016-11-02,'603101,汇嘉时代,26.78,28.2,25.75,25.83,26.04,0.74,2.8418,21.875,13125009,353140036.0,6427200000.0,1606800000.0
2016-11-01,'603101,汇嘉时代,26.04,26.14,25.23,25.28,25.44,0.6,2.3585,9.8198,5891904,152381639.0,6249600000.0,1562400000.0
2016-10-31,'603101,汇嘉时代,25.44,25.48,24.7,25.18,25.29,0.15,0.5931,4.6422,2785328,69555042.0,6105600000.0,1526400000.0
2016-10-28,'603101,汇嘉时代,25.29,25.94,25.18,25.25,25.33,-0.04,-0.1579,7.9275,4756518,121885187.0,6069600000.0,1517400000.0
2016-10-27,'603101,汇嘉时代,25.33,25.43,25.03,25.17,25.19,0.14,0.5558,4.5667,2740000,69246083.0,6079200000.0,1519800000.0
2016-10-26,'603101,汇嘉时代,25.19,25.69,25.07,25.52,25.79,-0.6,-2.3265,5.9381,3562861,90089191.0,6045600000.0,1511400000.0
2016-10-25,'603101,汇嘉时代,25.79,26.2,25.4,25.6,25.54,0.25,0.9789,11.968,7180776,185758765.0,6189600000.0,1547400000.0
2016-10-24,'603101,汇嘉时代,25.54,25.63,25.02,25.4,25.3,0.24,0.9486,7.7524,4651450,118094085.0,6129600000.0,1532400000.0
2016-10-21,'603101,汇嘉时代,25.3,25.31,24.62,25.06,24.95,0.35,1.4028,7.8216,4692966,117352832.0,6072000000.0,1518000000.0
2016-10-20,'603101,汇嘉时代,24.95,25.18,24.74,24.74,24.86,0.09,0.362,4.8225,2893479,72149337.0,5988000000.0,1497000000.0
2016-10-19,'603101,汇嘉时代,24.86,24.99,24.55,24.86,24.7,0.16,0.6478,4.2126,2527580,62579692.0,5966400000.0,1491600000.0
2016-10-18,'603101,汇嘉时代,24.7,24.71,24.2,24.25,24.27,0.43,1.7717,3.2979,1978718,48504048.0,5928000000.0,1482000000.0
2016-10-17,'603101,汇嘉时代,24.27,24.8,24.26,24.8,24.76,-0.49,-1.979,2.8808,1728500,42340235.0,5824800000.0,1456200000.0
2016-10-14,'603101,汇嘉时代,24.76,25.1,24.61,24.82,24.93,-0.17,-0.6819,3.2476,1948589,48289700.0,5942400000.0,1485600000.0
2016-10-13,'603101,汇嘉时代,24.93,25.32,24.81,24.81,24.97,-0.04,-0.1602,3.5148,2108872,52735758.0,5983200000.0,1495800000.0
2016-10-12,'603101,汇嘉时代,24.97,25.0,24.45,24.53,24.66,0.31,1.2571,5.0195,3011671,74768003.0,5992800000.0,1498200000.0
2016-10-11,'603101,汇嘉时代,24.66,24.71,24.41,24.58,24.58,0.08,0.3255,3.5693,2141550,52538338.0,5918400000.0,1479600000.0
2016-10-10,'603101,汇嘉时代,24.58,24.79,24.04,24.04,24.0,0.58,2.4167,4.0704,2442255,59717538.0,5899200000.0,1474800000.0
2016-09-30,'603101,汇嘉时代,24.0,24.16,23.97,24.01,24.08,-0.08,-0.3322,2.0742,1244502,29896504.0,5760000000.0,1440000000.0
2016-09-29,'603101,汇嘉时代,24.08,24.27,24.04,24.13,24.13,-0.05,-0.2072,2.4338,1460282,35251833.0,5779200000.0,1444800000.0
2016-09-28,'603101,汇嘉时代,24.13,24.38,24.01,24.24,24.23,-0.1,-0.4127,1.9346,1160742,28010922.0,5791200000.0,1447800000.0
2016-09-27,'603101,汇嘉时代,24.23,24.27,23.78,24.0,24.0,0.23,0.9583,3.8069,2284162,54913663.0,5815200000.0,1453800000.0
2016-09-26,'603101,汇嘉时代,24.0,25.37,23.98,25.36,25.35,-1.35,-5.3254,6.0353,3621193,88508171.0,5760000000.0,1440000000.0
2016-09-23,'603101,汇嘉时代,25.35,26.19,25.28,26.18,26.13,-0.78,-2.9851,5.933,3559788,91555523.0,6084000000.0,1521000000.0
2016-09-22,'603101,汇嘉时代,26.13,26.58,26.07,26.5,26.34,-0.21,-0.7973,5.109,3065417,80667666.0,6271200000.0,1567800000.0
2016-09-21,'603101,汇嘉时代,26.34,26.57,26.28,26.34,26.31,0.03,0.114,2.6771,1606261,42377008.0,6321600000.0,1580400000.0
2016-09-20,'603101,汇嘉时代,26.31,26.75,26.21,26.6,26.66,-0.35,-1.3128,4.2451,2547061,67126739.0,6314400000.0,1578600000.0
2016-09-19,'603101,汇嘉时代,26.66,26.99,26.47,26.88,26.88,-0.22,-0.8185,4.528,2716800,72351654.0,6398400000.0,1599600000.0
2016-09-14,'603101,汇嘉时代,26.88,27.88,26.8,27.7,27.84,-0.96,-3.4483,7.2805,4368295,119535935.0,6451200000.0,1612800000.0
2016-09-13,'603101,汇嘉时代,27.84,28.0,27.1,27.24,27.21,0.63,2.3153,11.4503,6870171,190603024.0,6681600000.0,1670400000.0
2016-09-12,'603101,汇嘉时代,27.21,28.18,26.39,26.99,27.45,-0.24,-0.8743,8.651,5190627,142286568.0,6530400000.0,1632600000.0
2016-09-09,'603101,汇嘉时代,27.45,27.68,26.65,26.86,26.86,0.59,2.1966,9.9476,5968582,163437951.0,6588000000.0,1647000000.0
2016-09-08,'603101,汇嘉时代,26.86,26.95,26.28,26.75,26.69,0.17,0.6369,3.2412,1944693,52130669.0,6446400000.0,1611600000.0
2016-09-07,'603101,汇嘉时代,26.69,27.08,26.67,27.08,27.05,-0.36,-1.3309,3.6233,2173984,58466258.0,6405600000.0,1601400000.0
2016-09-06,'603101,汇嘉时代,27.05,27.06,26.17,26.39,26.96,0.09,0.3338,5.6371,3382275,89832119.0,6492000000.0,1623000000.0
2016-09-05,'603101,汇嘉时代,26.96,27.32,26.87,27.11,27.06,-0.1,-0.3695,2.7597,1655802,44879570.0,6470400000.0,1617600000.0
2016-09-02,'603101,汇嘉时代,27.06,27.2,26.71,27.02,27.1,-0.04,-0.1476,3.9032,2341943,63179438.0,6494400000.0,1623600000.0
2016-09-01,'603101,汇嘉时代,27.1,27.73,27.03,27.44,27.49,-0.39,-1.4187,4.0327,2419613,66274745.0,6504000000.0,1626000000.0
2016-08-31,'603101,汇嘉时代,27.49,27.5,27.0,27.38,27.35,0.14,0.5119,4.5341,2720464,74220581.0,6597600000.0,1649400000.0
2016-08-30,'603101,汇嘉时代,27.35,27.55,27.22,27.28,27.25,0.1,0.367,3.2555,1953302,53447288.0,6564000000.0,1641000000.0
2016-08-29,'603101,汇嘉时代,27.25,27.4,27.01,27.01,27.24,0.01,0.0367,3.4893,2093558,56992853.0,6540000000.0,1635000000.0
2016-08-26,'603101,汇嘉时代,27.24,27.78,27.01,27.57,27.56,-0.32,-1.1611,5.8325,3499513,96049700.0,6537600000.0,1634400000.0
2016-08-25,'603101,汇嘉时代,27.56,27.99,27.0,27.91,28.22,-0.66,-2.3388,7.455,4472990,122433680.0,6614400000.0,1653600000.0
2016-08-24,'603101,汇嘉时代,28.22,28.84,28.17,28.67,28.67,-0.45,-1.5696,6.3456,3807335,108078400.0,6772800000.0,1693200000.0
2016-08-23,'603101,汇嘉时代,28.67,28.99,28.3,28.49,28.6,0.07,0.2448,7.2832,4369893,125433092.0,6880800000.0,1720200000.0
2016-08-22,'603101,汇嘉时代,28.6,29.27,28.1,28.49,28.5,0.1,0.3509,8.9326,5359564,153760145.0,6864000000.0,1716000000.0
2016-08-19,'603101,汇嘉时代,28.5,29.49,28.42,29.3,29.4,-0.9,-3.0612,10.1251,6075064,175234602.0,6840000000.0,1710000000.0
2016-08-18,'603101,汇嘉时代,29.4,30.0,29.08,30.0,30.21,-0.81,-2.6812,17.3465,10407920,306469098.0,7056000000.0,1764000000.0
2016-08-17,'603101,汇嘉时代,30.21,30.72,27.63,27.7,27.93,2.28,8.1633,24.2852,14571146,429931480.0,7250400000.0,1812600000.0
2016-08-16,'603101,汇嘉时代,27.93,28.58,27.43,27.58,27.59,0.34,1.2323,11.4402,6864118,193210932.0,6703200000.0,1675800000.0
2016-08-15,'603101,汇嘉时代,27.59,27.9,26.4,26.62,26.59,1.0,3.7608,11.5469,6928153,188683731.0,6621600000.0,1655400000.0
2016-08-12,'603101,汇嘉时代,26.59,26.67,26.12,26.2,26.38,0.21,0.7961,5.7393,3443559,91112053.0,6381600000.0,1595400000.0
2016-08-11,'603101,汇嘉时代,26.38,27.24,26.36,27.24,27.25,-0.87,-3.1927,6.9804,4188223,111869610.0,6331200000.0,1582800000.0
2016-08-10,'603101,汇嘉时代,27.25,27.6,26.91,27.1,27.17,0.08,0.2944,8.3983,5038951,137231048.0,6540000000.0,1635000000.0
2016-08-09,'603101,汇嘉时代,27.17,27.38,26.68,26.8,26.81,0.36,1.3428,6.5616,3936983,106366933.0,6520800000.0,1630200000.0
2016-08-08,'603101,汇嘉时代,26.81,26.82,25.81,26.55,26.94,-0.13,-0.4826,6.6812,4008695,105623956.0,6434400000.0,1608600000.0
2016-08-05,'603101,汇嘉时代,26.94,27.8,26.92,27.8,28.23,-1.29,-4.5696,10.0531,6031859,164652872.0,6465600000.0,1616400000.0
2016-08-04,'603101,汇嘉时代,28.23,28.82,28.03,28.42,28.43,-0.2,-0.7035,7.504,4502421,127404798.0,6775200000.0,1693800000.0
2016-08-03,'603101,汇嘉时代,28.43,28.5,27.12,27.57,27.55,0.88,3.1942,11.9471,7168235,201000557.0,6823200000.0,1705800000.0
2016-08-02,'603101,汇嘉时代,27.55,27.9,27.23,27.38,27.53,0.02,0.0726,6.1851,3711049,102578184.0,6612000000.0,1653000000.0
2016-08-01,'603101,汇嘉时代,27.53,27.7,25.61,27.36,27.34,0.19,0.695,8.5404,5124233,137916145.0,6607200000.0,1651800000.0
2016-07-29,'603101,汇嘉时代,27.34,27.52,26.75,27.29,27.17,0.17,0.6257,7.1744,4304650,117408691.0,6561600000.0,1640400000.0
2016-07-28,'603101,汇嘉时代,27.17,27.38,26.26,26.9,26.97,0.2,0.7416,7.2049,4322965,116433506.0,6520800000.0,1630200000.0
2016-07-27,'603101,汇嘉时代,26.97,29.45,26.6,29.06,29.36,-2.39,-8.1403,10.8677,6520606,182074048.0,6472800000.0,1618200000.0
2016-07-26,'603101,汇嘉时代,29.36,29.85,28.89,28.94,28.91,0.45,1.5566,6.5992,3959492,116429279.0,7046400000.0,1761600000.0
2016-07-25,'603101,汇嘉时代,28.91,29.29,28.55,29.26,28.99,-0.08,-0.276,6.8454,4107265,118649316.0,6938400000.0,1734600000.0
2016-07-22,'603101,汇嘉时代,28.99,31.0,28.52,30.55,30.78,-1.79,-5.8155,13.5398,8123883,239965156.0,6957600000.0,1739400000.0
2016-07-21,'603101,汇嘉时代,30.78,32.34,30.6,31.89,32.04,-1.26,-3.9326,14.5976,8758585,274026544.0,7387200000.0,1846800000.0
2016-07-20,'603101,汇嘉时代,32.04,32.9,32.02,32.9,32.63,-0.59,-1.8082,8.7384,5243037,169582559.0,7689600000.0,1922400000.0
2016-07-19,'603101,汇嘉时代,32.63,32.65,31.8,32.3,32.3,0.33,1.0217,9.5061,5703676,184061629.0,7831200000.0,1957800000.0
2016-07-18,'603101,汇嘉时代,32.3,33.03,31.88,33.01,33.22,-0.92,-2.7694,12.0719,7243140,234722326.0,7752000000.0,1938000000.0
2016-07-15,'603101,汇嘉时代,33.22,33.8,32.25,32.51,32.51,0.71,2.1839,19.3055,11583288,383574990.0,7972800000.0,1993200000.0
2016-07-14,'603101,汇嘉时代,32.51,32.66,31.51,32.01,32.28,0.23,0.7125,12.4998,7499862,241275743.0,7802400000.0,1950600000.0
2016-07-13,'603101,汇嘉时代,32.28,33.19,32.0,32.7,32.93,-0.65,-1.9739,15.0643,9038578,294229459.0,7747200000.0,1936800000.0
2016-07-12,'603101,汇嘉时代,32.93,33.0,30.5,31.67,31.99,0.94,2.9384,19.6904,11814228,377165845.0,7903200000.0,1975800000.0
2016-07-11,'603101,汇嘉时代,31.99,34.34,31.24,33.71,34.34,-2.35,-6.8433,25.229,15137397,494649306.0,7677600000.0,1919400000.0
2016-07-08,'603101,汇嘉时代,34.34,35.5,33.62,34.3,34.45,-0.11,-0.3193,29.9846,17990739,622549163.0,8241600000.0,2060400000.0
2016-07-07,'603101,汇嘉时代,34.45,35.48,32.0,32.01,32.42,2.03,6.2616,35.7928,21475670,719199789.0,8268000000.0,2067000000.0
2016-07-06,'603101,汇嘉时代,32.42,33.36,31.36,32.95,32.88,-0.46,-1.399,26.3518,15811053,511710052.0,7780800000.0,1945200000.0
2016-07-05,'603101,汇嘉时代,32.88,33.95,31.29,31.83,31.4,1.48,4.7134,38.1022,22861346,742572429.0,7891200000.0,1972800000.0
2016-07-04,'603101,汇嘉时代,31.4,31.5,29.6,29.96,30.31,1.09,3.5962,21.5453,12927188,401704367.0,7536000000.0,1884000000.0
2016-07-01,'603101,汇嘉时代,30.31,30.75,29.65,29.85,29.82,0.49,1.6432,16.4325,9859498,298650323.0,7274400000.0,1818600000.0
2016-06-30,'603101,汇嘉时代,29.82,31.1,29.2,30.42,31.85,-2.03,-6.3736,27.019,16211392,490214203.0,7156800000.0,1789200000.0
2016-06-29,'603101,汇嘉时代,31.85,31.98,30.0,30.56,30.33,1.52,5.0115,40.0678,24040680,749158151.0,7644000000.0,1911000000.0
2016-06-28,'603101,汇嘉时代,30.33,30.69,29.22,29.5,29.58,0.75,2.5355,26.3475,15808514,476279982.0,7279200000.0,1819800000.0
2016-06-27,'603101,汇嘉时代,29.58,29.82,28.01,28.01,28.67,0.91,3.174,19.6061,11763677,345305907.0,7099200000.0,1774800000.0
2016-06-24,'603101,汇嘉时代,28.67,29.88,27.26,29.78,29.81,-1.14,-3.8242,20.6003,12360185,357347531.0,6880800000.0,1720200000.0
2016-06-23,'603101,汇嘉时代,29.81,30.28,28.5,29.29,29.46,0.35,1.1881,22.4829,13489759,397989306.0,7154400000.0,1788600000.0
2016-06-22,'603101,汇嘉时代,29.46,30.02,28.8,29.12,29.59,-0.13,-0.4393,18.8679,11320737,332997016.0,7070400000.0,1767600000.0
2016-06-21,'603101,汇嘉时代,29.59,30.98,29.24,29.98,29.83,-0.24,-0.8046,34.4055,20643303,616976855.0,7101600000.0,1775400000.0
2016-06-20,'603101,汇嘉时代,29.83,30.5,27.85,28.1,28.67,1.16,4.046,33.6916,20214989,594492294.0,7159200000.0,1789800000.0
2016-06-17,'603101,汇嘉时代,28.67,28.89,27.6,27.9,27.74,0.93,3.3526,23.982,14389186,407034346.0,6880800000.0,1720200000.0
2016-06-16,'603101,汇嘉时代,27.74,29.05,27.4,28.23,28.47,-0.73,-2.5641,20.9195,12551670,352200364.0,6657600000.0,1664400000.0
2016-06-15,'603101,汇嘉时代,28.47,29.32,26.7,26.89,27.8,0.67,2.4101,26.3554,15813245,451263974.0,6832800000.0,1708200000.0
2016-06-14,'603101,汇嘉时代,27.8,28.0,25.85,26.98,27.52,0.28,1.0174,20.6476,12388573,336293292.0,6672000000.0,1668000000.0
2016-06-13,'603101,汇嘉时代,27.52,29.59,27.52,29.0,30.58,-3.06,-10.0065,30.1941,18116470,515451488.0,6604800000.0,1651200000.0
2016-06-08,'603101,汇嘉时代,30.58,32.35,28.2,28.78,29.41,1.17,3.9782,46.7308,28038500,849214093.0,7339200000.0,1834800000.0
2016-06-07,'603101,汇嘉时代,29.41,29.98,27.65,28.06,27.91,1.5,5.3744,37.1426,22285570,642226261.0,7058400000.0,1764600000.0
2016-06-06,'603101,汇嘉时代,27.91,28.5,27.42,27.7,28.0,-0.09,-0.3214,22.6794,13607645,379704676.0,6698400000.0,1674600000.0
2016-06-03,'603101,汇嘉时代,28.0,29.95,27.61,28.2,28.82,-0.82,-2.8452,44.336,26601623,761011461.0,6720000000.0,1680000000.0
2016-06-02,'603101,汇嘉时代,28.82,30.0,26.35,27.88,27.37,1.45,5.2978,56.5512,33930695,937652017.0,6916800000.0,1729200000.0
2016-06-01,'603101,汇嘉时代,27.37,27.37,24.61,24.78,24.88,2.49,10.008,29.393,17635786,471826528.0,6568800000.0,1642200000.0
2016-05-31,'603101,汇嘉时代,24.88,25.46,23.69,23.69,23.59,1.29,5.4684,31.4522,18871302,466531449.0,5971200000.0,1492800000.0
2016-05-30,'603101,汇嘉时代,23.59,24.23,22.0,23.64,24.32,-0.73,-3.0016,22.0266,13215986,309892331.0,5661600000.0,1415400000.0
2016-05-27,'603101,汇嘉时代,24.32,25.49,23.78,23.91,24.06,0.26,1.0806,35.4475,21268505,525841846.0,5836800000.0,1459200000.0
2016-05-26,'603101,汇嘉时代,24.06,24.19,22.22,22.89,23.32,0.74,3.1732,28.3521,17011278,394857649.0,5774400000.0,1443600000.0
2016-05-25,'603101,汇嘉时代,23.32,23.98,22.53,22.68,22.44,0.88,3.9216,29.151,17490609,408109142.0,5596800000.0,1399200000.0
2016-05-24,'603101,汇嘉时代,22.44,23.2,22.22,23.02,23.43,-0.99,-4.2254,20.5935,12356114,278414999.0,5385600000.0,1346400000.0
2016-05-23,'603101,汇嘉时代,23.43,23.98,22.65,22.71,22.87,0.56,2.4486,29.4839,17690325,414428872.0,5623200000.0,1405800000.0
2016-05-20,'603101,汇嘉时代,22.87,23.07,22.01,22.8,23.63,-0.76,-3.2163,29.3788,17627309,397231502.0,5488800000.0,1372200000.0
2016-05-19,'603101,汇嘉时代,23.63,24.87,23.3,24.34,25.89,-2.26,-8.7292,40.8165,24489886,584578487.0,5671200000.0,1417800000.0
2016-05-18,'603101,汇嘉时代,25.89,27.23,25.55,27.23,24.75,1.14,4.6061,58.424,35054404,918993085.0,6213600000.0,1553400000.0
2016-05-17,'603101,汇嘉时代,24.75,24.75,24.75,24.75,22.5,2.25,10.0,0.4878,292709,7244548.0,5940000000.0,1485000000.0
2016-05-16,'603101,汇嘉时代,22.5,22.5,22.5,22.5,20.45,2.05,10.0244,0.5239,314312,7072020.0,5400000000.0,1350000000.0
2016-05-13,'603101,汇嘉时代,20.45,20.45,20.45,20.45,18.59,1.86,10.0054,0.3568,214095,4378243.0,4908000000.0,1227000000.0
2016-05-12,'603101,汇嘉时代,18.59,18.59,18.59,18.59,16.9,1.69,10.0,0.2441,146477,2723007.0,4461600000.0,1115400000.0
2016-05-11,'603101,汇嘉时代,16.9,16.9,16.9,16.9,15.36,1.54,10.026,0.0533,31963,540175.0,4056000000.0,1014000000.0
2016-05-10,'603101,汇嘉时代,15.36,15.36,15.36,15.36,13.96,1.4,10.0287,0.0329,19746,303299.0,3686400000.0,921600000.0
2016-05-09,'603101,汇嘉时代,13.96,13.96,13.96,13.96,12.69,1.27,10.0079,0.0464,27811,388242.0,3350400000.0,837600000.0
2016-05-06,'603101,N汇嘉,12.69,12.69,12.69,12.69,8.81,3.88,44.0409,0.09,54008,685362.0,3045600000.0,761400000.0
