日期,股票代码,名称,收盘价,最高价,最低价,开盘价,前收盘,涨跌额,涨跌幅,换手率,成交量,成交金额,总市值,流通市值
2017-05-15,'603126,中材节能,14.28,14.8,14.21,14.5,14.5,-0.22,-1.5172,12.6995,27690058,402713323.0,8717940000.0,3113611200.0
2017-05-12,'603126,中材节能,14.5,14.85,13.88,14.2,14.43,0.07,0.4851,16.2513,35434437,511720140.0,8852250000.0,3161580000.0
2017-05-11,'603126,中材节能,14.43,14.56,13.11,13.72,14.29,0.14,0.9797,17.0484,37172426,516444462.0,8809515000.0,3146317200.0
2017-05-10,'603126,中材节能,14.29,15.67,14.21,15.39,15.31,-1.02,-6.6623,20.8508,45463103,682250376.0,8724045000.0,3115791600.0
2017-05-09,'603126,中材节能,15.31,15.75,14.88,14.88,15.41,-0.1,-0.6489,18.9198,41252741,629243207.0,9346755000.0,3338192400.0
2017-05-08,'603126,中材节能,15.41,17.14,15.12,16.85,16.57,-1.16,-7.0006,24.8527,54188882,877586875.0,9407805000.0,3359996400.0
2017-05-05,'603126,中材节能,16.57,17.77,16.31,17.01,16.31,0.26,1.5941,39.8591,86908748,1480517786.0,10115985000.0,3612922800.0
2017-05-04,'603126,中材节能,16.31,16.31,14.63,14.65,14.83,1.48,9.9798,30.759,67066908,1065251318.0,9957255000.0,3556232400.0
2017-05-03,'603126,中材节能,14.83,15.6,14.6,15.6,15.78,-0.95,-6.0203,14.5917,31815818,479862623.0,9053715000.0,3233533200.0
2017-05-02,'603126,中材节能,15.78,15.94,15.33,15.48,15.49,0.29,1.8722,14.8995,32486877,507791165.0,9633690000.0,3440671200.0
2017-04-28,'603126,中材节能,15.49,15.6,15.1,15.1,15.31,0.18,1.1757,14.2633,31099724,478921208.0,9456645000.0,3377439600.0
2017-04-27,'603126,中材节能,15.31,15.8,14.76,15.0,15.09,0.22,1.4579,21.3053,46454037,710010021.0,9346755000.0,3338192400.0
2017-04-26,'603126,中材节能,15.09,15.2,14.14,14.14,14.39,0.7,4.8645,17.1449,37382674,550445491.0,9212445000.0,3290223600.0
2017-04-25,'603126,中材节能,14.39,14.99,13.7,14.1,14.13,0.26,1.8401,16.1966,35315075,508407769.0,8785095000.0,3137595600.0
2017-04-24,'603126,中材节能,14.13,15.31,14.13,15.17,15.7,-1.57,-10.0,18.2119,39709249,576527550.0,8626365000.0,3080905200.0
2017-04-21,'603126,中材节能,15.7,16.57,15.63,16.0,16.01,-0.31,-1.9363,18.0089,39266704,635492622.0,9584850000.0,3423228000.0
2017-04-20,'603126,中材节能,16.01,16.68,15.6,16.31,16.69,-0.68,-4.0743,20.8028,45358338,734775150.0,9774105000.0,3490820400.0
2017-04-19,'603126,中材节能,16.69,16.85,15.11,15.2,15.52,1.17,7.5387,27.415,59775647,961178771.0,10189245000.0,3639087600.0
2017-04-18,'603126,中材节能,15.52,15.95,15.0,15.04,14.99,0.53,3.5357,19.0613,41561339,645519793.0,9474960000.0,3383980800.0
2017-04-17,'603126,中材节能,14.99,15.5,14.54,15.5,15.72,-0.73,-4.6438,13.4851,29402835,440294828.0,9151395000.0,3268419600.0
2017-04-14,'603126,中材节能,15.72,16.49,15.46,16.23,16.2,-0.48,-2.963,17.5056,38169122,607146112.0,9597060000.0,3427588800.0
2017-04-13,'603126,中材节能,16.2,16.85,15.56,15.56,16.19,0.01,0.0618,27.8708,60769419,992568701.0,9890100000.0,3532248000.0
2017-04-12,'603126,中材节能,16.19,17.38,16.19,17.25,17.99,-1.8,-10.0056,31.4852,68650395,1137019522.0,9883995000.0,3530067600.0
2017-04-11,'603126,中材节能,17.99,18.66,16.83,17.0,16.96,1.03,6.0731,47.1481,102801628,1848360576.0,10982895000.0,3922539600.0
2017-04-10,'603126,中材节能,16.96,16.96,15.81,15.95,15.42,1.54,9.987,44.3247,96645638,1609574867.0,10354080000.0,3697958400.0
2017-04-07,'603126,中材节能,15.42,15.42,13.91,13.91,14.02,1.4,9.9857,12.3572,26943667,396642375.0,9413910000.0,3362176800.0
2017-04-06,'603126,中材节能,14.02,14.29,13.87,14.11,14.1,-0.08,-0.5674,7.9011,17227569,242299519.0,8559210000.0,3056920800.0
2017-04-05,'603126,中材节能,14.1,14.35,13.66,14.28,13.2,0.9,6.8182,13.1744,28725374,402257014.0,8608050000.0,3074364000.0
2017-03-31,'603126,中材节能,13.2,13.52,13.17,13.48,13.43,-0.23,-1.7126,4.0565,8844889,117999316.0,8058600000.0,2878128000.0
2017-03-30,'603126,中材节能,13.43,13.94,13.21,13.87,14.04,-0.61,-4.3447,9.0528,19738687,267641206.0,8199015000.0,2928277200.0
2017-03-29,'603126,中材节能,14.04,14.58,13.9,14.24,14.25,-0.21,-1.4737,10.7955,23538406,334538848.0,8571420000.0,3061281600.0
2017-03-28,'603126,中材节能,14.25,14.88,13.63,13.66,13.77,0.48,3.4858,12.4103,27059515,386853235.0,8699625000.0,3107070000.0
2017-03-27,'603126,中材节能,13.77,14.25,13.75,14.24,14.17,-0.4,-2.8229,7.0959,15471816,215505207.0,8406585000.0,3002410800.0
2017-03-24,'603126,中材节能,14.17,14.18,13.76,13.87,13.97,0.2,1.4316,8.8856,19374264,271476612.0,8650785000.0,3089626800.0
2017-03-23,'603126,中材节能,13.97,14.18,13.66,13.66,13.79,0.18,1.3053,8.1689,17811560,248063153.0,8528685000.0,3046018800.0
2017-03-22,'603126,中材节能,13.79,14.19,13.55,13.6,13.7,0.09,0.6569,8.6748,18914594,261945266.0,8418795000.0,3006771600.0
2017-03-21,'603126,中材节能,13.7,13.71,13.27,13.34,13.34,0.36,2.6987,7.1714,15636619,211887813.0,8363850000.0,2987148000.0
2017-03-20,'603126,中材节能,13.34,13.37,13.17,13.21,13.21,0.13,0.9841,2.4356,5310638,70527228.0,8144070000.0,2908653600.0
2017-03-17,'603126,中材节能,13.21,13.45,13.2,13.24,13.3,-0.09,-0.6767,4.2587,9285776,123963025.0,8064705000.0,2880308400.0
2017-03-16,'603126,中材节能,13.3,13.32,13.09,13.09,13.08,0.22,1.682,2.9561,6445468,85227611.0,8119650000.0,2899932000.0
2017-03-15,'603126,中材节能,13.08,13.19,13.0,13.12,13.19,-0.11,-0.834,2.9499,6431929,84061357.0,7985340000.0,2851963200.0
2017-03-14,'603126,中材节能,13.19,13.46,13.17,13.34,13.4,-0.21,-1.5672,3.1451,6857543,91277669.0,8052495000.0,2875947600.0
2017-03-13,'603126,中材节能,13.4,13.42,13.1,13.22,13.2,0.2,1.5152,3.3747,7358124,97647152.0,8180700000.0,2921736000.0
2017-03-10,'603126,中材节能,13.2,13.38,13.16,13.27,13.28,-0.08,-0.6024,2.5824,5630557,74758823.0,8058600000.0,2878128000.0
2017-03-09,'603126,中材节能,13.28,13.55,13.2,13.49,13.46,-0.18,-1.3373,2.7077,5903946,78671768.0,8107440000.0,2895571200.0
2017-03-08,'603126,中材节能,13.46,13.49,13.2,13.29,13.36,0.1,0.7485,3.4442,7509716,100561026.0,8217330000.0,2934818400.0
2017-03-07,'603126,中材节能,13.36,13.54,13.27,13.54,13.51,-0.15,-1.1103,3.6573,7974316,106466593.0,8156280000.0,2913014400.0
2017-03-06,'603126,中材节能,13.51,13.52,13.28,13.36,13.26,0.25,1.8854,3.8341,8359834,112146138.0,8247855000.0,2945720400.0
2017-03-03,'603126,中材节能,13.26,13.34,13.08,13.28,13.38,-0.12,-0.8969,4.6674,10176711,134437907.0,8095230000.0,2891210400.0
2017-03-02,'603126,中材节能,13.38,13.77,13.37,13.71,13.72,-0.34,-2.4781,7.1152,15513947,209863596.0,8168490000.0,2917375200.0
2017-03-01,'603126,中材节能,13.72,13.9,13.65,13.86,13.99,-0.27,-1.9299,6.1506,13410714,184153506.0,8376060000.0,2991508800.0
2017-02-28,'603126,中材节能,13.99,14.36,13.82,14.05,13.91,0.08,0.5751,7.354,16034577,225435121.0,8540895000.0,3050379600.0
2017-02-27,'603126,中材节能,13.91,14.2,13.77,13.77,13.79,0.12,0.8702,8.7998,19187093,268727508.0,8492055000.0,3032936400.0
2017-02-24,'603126,中材节能,13.79,13.92,13.62,13.7,13.85,-0.06,-0.4332,5.4853,11960141,164451455.0,8418795000.0,3006771600.0
2017-02-23,'603126,中材节能,13.85,13.98,13.61,13.98,14.16,-0.31,-2.1893,10.2526,22354717,307715017.0,8455425000.0,3019854000.0
2017-02-22,'603126,中材节能,14.16,14.48,13.9,13.9,14.02,0.14,0.9986,13.9188,30348632,431069034.0,8644680000.0,3087446400.0
2017-02-21,'603126,中材节能,14.02,14.16,13.78,13.95,14.27,-0.25,-1.7519,11.7274,25570418,357050054.0,8559210000.0,3056920800.0
2017-02-20,'603126,中材节能,14.27,14.65,13.7,13.98,13.81,0.46,3.3309,21.2812,46401562,658415596.0,8711835000.0,3111430800.0
2017-02-17,'603126,中材节能,13.81,15.05,13.63,14.78,13.97,-0.16,-1.1453,28.5706,62295403,895591623.0,8431005000.0,3011132400.0
2017-02-16,'603126,中材节能,13.97,13.97,12.69,12.69,12.7,1.27,10.0,14.4086,31416470,427122907.0,8528685000.0,3046018800.0
2017-02-15,'603126,中材节能,12.7,12.96,12.66,12.85,12.99,-0.29,-2.2325,4.011,8745476,112023285.0,7753350000.0,2769108000.0
2017-02-14,'603126,中材节能,12.99,13.07,12.83,12.94,13.06,-0.07,-0.536,4.5692,9962664,128982527.0,7930395000.0,2832339600.0
2017-02-13,'603126,中材节能,13.06,13.27,12.8,13.03,12.99,0.07,0.5389,6.4692,14105436,184402768.0,7973130000.0,2847602400.0
2017-02-10,'603126,中材节能,12.99,13.69,12.57,12.67,12.68,0.31,2.4448,9.0216,19670757,257746028.0,7930395000.0,2832339600.0
2017-02-09,'603126,中材节能,12.68,12.82,12.57,12.65,12.63,0.05,0.3959,4.7039,10256299,130495803.0,7741140000.0,2764747200.0
2017-02-08,'603126,中材节能,12.63,12.64,12.26,12.5,12.51,0.12,0.9592,3.0714,6696973,83501660.0,7710615000.0,2753845200.0
2017-02-07,'603126,中材节能,12.51,12.67,12.36,12.43,12.46,0.05,0.4013,3.3151,7228337,90349067.0,7637355000.0,2727680400.0
2017-02-06,'603126,中材节能,12.46,12.47,12.11,12.17,12.18,0.28,2.2989,2.6751,5832796,71824337.0,7606830000.0,2716778400.0
2017-02-03,'603126,中材节能,12.18,12.3,12.1,12.3,12.29,-0.11,-0.895,1.5184,3310666,40234843.0,7435890000.0,2655727200.0
2017-01-26,'603126,中材节能,12.29,12.35,12.17,12.23,12.27,0.02,0.163,2.0118,4386514,53740776.0,7503045000.0,2679711600.0
2017-01-25,'603126,中材节能,12.27,12.31,11.94,12.05,12.09,0.18,1.4888,2.7483,5992291,72843313.0,7490835000.0,2675350800.0
2017-01-24,'603126,中材节能,12.09,12.17,12.0,12.08,12.16,-0.07,-0.5757,2.1926,4780700,57763824.0,7380945000.0,2636103600.0
2017-01-23,'603126,中材节能,12.16,12.26,12.05,12.07,12.09,0.07,0.579,2.5524,5565286,67603260.0,7423680000.0,2651366400.0
2017-01-20,'603126,中材节能,12.09,12.13,11.84,11.89,11.94,0.15,1.2563,2.8442,6201568,74697536.0,7380945000.0,2636103600.0
2017-01-19,'603126,中材节能,11.94,12.1,11.58,11.75,11.82,0.12,1.0152,2.9432,6417250,76116298.0,7289370000.0,2603397600.0
2017-01-18,'603126,中材节能,11.82,12.06,11.78,11.81,11.96,-0.14,-1.1706,2.9594,6452599,76844659.0,7216110000.0,2577232800.0
2017-01-17,'603126,中材节能,11.96,12.15,11.57,11.8,11.91,0.05,0.4198,3.9977,8716556,103439289.0,7301580000.0,2607758400.0
2017-01-16,'603126,中材节能,11.91,12.55,11.36,12.5,12.62,-0.71,-5.626,6.7698,14760914,177994086.0,7271055000.0,2596856400.0
2017-01-13,'603126,中材节能,12.62,13.13,12.6,12.9,12.98,-0.36,-2.7735,5.7367,12508337,161063341.0,7704510000.0,2751664800.0
2017-01-12,'603126,中材节能,12.98,13.13,12.83,12.95,12.95,0.03,0.2317,4.4284,9655700,125385800.0,7924290000.0,2830159200.0
2017-01-11,'603126,中材节能,12.95,13.37,12.93,13.25,13.41,-0.46,-3.4303,7.2925,15900626,208172246.0,7905975000.0,2823618000.0
2017-01-10,'603126,中材节能,13.41,13.54,13.18,13.31,13.55,-0.14,-1.0332,8.4789,18487406,246597509.0,8186805000.0,2923916400.0
2017-01-09,'603126,中材节能,13.55,14.1,13.26,13.4,13.31,0.24,1.8032,16.5543,36095050,493158756.0,8272275000.0,2954442000.0
2017-01-06,'603126,中材节能,13.31,13.8,12.46,12.54,12.58,0.73,5.8029,17.2785,37674021,496060749.0,8125755000.0,2902112400.0
2017-01-05,'603126,中材节能,12.58,12.78,12.22,12.35,12.28,0.3,2.443,6.2818,13696850,171187035.0,7680090000.0,2742943200.0
2017-01-04,'603126,中材节能,12.28,12.3,12.12,12.2,12.11,0.17,1.4038,2.9389,6407946,78312213.0,7496940000.0,2677531200.0
2017-01-03,'603126,中材节能,12.11,12.15,12.0,12.0,12.0,0.11,0.9167,1.8426,4017653,48556177.0,7393155000.0,2640464400.0
2016-12-30,'603126,中材节能,12.0,12.02,11.88,11.98,11.93,0.07,0.5868,1.3365,2914124,34871016.0,7326000000.0,2616480000.0
2016-12-29,'603126,中材节能,11.93,12.25,11.91,12.16,12.16,-0.23,-1.8914,2.8317,6174139,74240671.0,7283265000.0,2601217200.0
2016-12-28,'603126,中材节能,12.16,12.3,12.11,12.16,12.16,0.0,0.0,2.1186,4619378,56393959.0,7423680000.0,2651366400.0
2016-12-27,'603126,中材节能,12.16,12.27,12.06,12.11,12.15,0.01,0.0823,2.0988,4576125,55661865.0,7423680000.0,2651366400.0
2016-12-26,'603126,中材节能,12.15,12.16,11.85,12.1,12.1,0.05,0.4132,2.0649,4502264,54035073.0,7417575000.0,2649186000.0
2016-12-23,'603126,中材节能,12.1,12.49,12.06,12.4,12.49,-0.39,-3.1225,3.5782,7801932,95338264.0,7387050000.0,2638284000.0
2016-12-22,'603126,中材节能,12.49,12.77,12.43,12.54,12.52,-0.03,-0.2396,3.6103,7871947,98893711.0,7625145000.0,2723319600.0
2016-12-21,'603126,中材节能,12.52,12.88,12.45,12.72,12.57,-0.05,-0.3978,4.2009,9159557,115424039.0,7643460000.0,2729860800.0
2016-12-20,'603126,中材节能,12.57,12.59,12.3,12.46,12.52,0.05,0.3994,3.4608,7545944,93967298.0,7673985000.0,2740762800.0
2016-12-19,'603126,中材节能,12.52,12.54,12.22,12.32,12.34,0.18,1.4587,3.8761,8451451,104997465.0,7643460000.0,2729860800.0
2016-12-16,'603126,中材节能,12.34,12.36,11.95,12.04,12.04,0.3,2.4917,3.9037,8511616,104227203.0,7533570000.0,2690613600.0
2016-12-15,'603126,中材节能,12.04,12.27,11.85,12.0,12.16,-0.12,-0.9868,3.8339,8359431,100699783.0,7350420000.0,2625201600.0
2016-12-14,'603126,中材节能,12.16,12.43,11.99,12.02,12.08,0.08,0.6623,3.6367,7929444,97190279.0,7423680000.0,2651366400.0
2016-12-13,'603126,中材节能,12.08,12.09,11.71,11.71,11.91,0.17,1.4274,1.8256,3980450,47479172.0,7374840000.0,2633923200.0
2016-12-12,'603126,中材节能,11.91,12.3,11.65,12.17,12.25,-0.34,-2.7755,3.0962,6750850,80474973.0,7271055000.0,2596856400.0
2016-12-09,'603126,中材节能,12.25,12.4,12.17,12.26,12.34,-0.09,-0.7293,1.4481,3157400,38824626.0,7478625000.0,2670990000.0
2016-12-08,'603126,中材节能,12.34,12.43,12.19,12.39,12.37,-0.03,-0.2425,2.0052,4372119,53646211.0,7533570000.0,2690613600.0
2016-12-07,'603126,中材节能,12.37,12.39,12.15,12.15,12.15,0.22,1.8107,1.9953,4350454,53379460.0,7551885000.0,2697154800.0
2016-12-06,'603126,中材节能,12.15,12.26,12.12,12.12,12.1,0.05,0.4132,1.2858,2803550,34176048.0,7417575000.0,2649186000.0
2016-12-05,'603126,中材节能,12.1,12.39,12.09,12.25,12.45,-0.35,-2.8112,2.0955,4569063,55787606.0,7387050000.0,2638284000.0
2016-12-02,'603126,中材节能,12.45,12.62,12.25,12.56,12.57,-0.12,-0.9547,2.4644,5373400,66799840.0,7600725000.0,2714598000.0
2016-12-01,'603126,中材节能,12.57,12.62,12.42,12.42,12.52,0.05,0.3994,2.0127,4388400,54911462.0,7673985000.0,2740762800.0
2016-11-30,'603126,中材节能,12.52,12.57,12.32,12.46,12.61,-0.09,-0.7137,2.3242,5067662,63054751.0,7643460000.0,2729860800.0
2016-11-29,'603126,中材节能,12.61,12.73,12.36,12.73,12.79,-0.18,-1.4073,3.9213,8550009,107257681.0,7698405000.0,2749484400.0
2016-11-28,'603126,中材节能,12.79,12.82,12.55,12.65,12.62,0.17,1.3471,3.2131,7005757,88661255.0,7808295000.0,2788731600.0
2016-11-25,'603126,中材节能,12.62,12.73,12.31,12.7,12.68,-0.06,-0.4732,4.2999,9375482,117137440.0,7704510000.0,2751664800.0
2016-11-24,'603126,中材节能,12.68,13.07,12.62,12.76,12.82,-0.14,-1.092,7.4289,16197900,208690514.0,7741140000.0,2764747200.0
2016-11-23,'603126,中材节能,12.82,13.01,12.71,12.94,12.96,-0.14,-1.0802,5.0484,11007551,141501124.0,7826610000.0,2795272800.0
2016-11-22,'603126,中材节能,12.96,13.06,12.65,12.76,12.8,0.16,1.25,6.5545,14291465,184039449.0,7912080000.0,2825798400.0
2016-11-21,'603126,中材节能,12.8,12.84,12.51,12.55,12.63,0.17,1.346,4.5173,9849620,124867296.0,7814400000.0,2790912000.0
2016-11-18,'603126,中材节能,12.63,12.87,12.48,12.78,12.82,-0.19,-1.4821,5.2694,11489403,145480476.0,7710615000.0,2753845200.0
2016-11-17,'603126,中材节能,12.82,13.0,12.61,12.9,13.05,-0.23,-1.7625,7.2179,15737856,201459176.0,7826610000.0,2795272800.0
2016-11-16,'603126,中材节能,13.05,13.1,12.58,12.58,12.62,0.43,3.4073,13.1048,28573703,366613016.0,7967025000.0,2845422000.0
2016-11-15,'603126,中材节能,12.62,13.19,12.43,12.89,12.47,0.15,1.2029,14.4271,31456814,399640625.0,7704510000.0,2751664800.0
2016-11-14,'603126,中材节能,12.47,12.65,12.3,12.43,12.5,-0.03,-0.24,8.484,18498526,230007615.0,7612935000.0,2718958800.0
2016-11-11,'603126,中材节能,12.5,12.56,11.98,12.06,12.06,0.44,3.6484,11.9022,25951526,319096643.0,7631250000.0,2725500000.0
2016-11-10,'603126,中材节能,12.06,12.13,11.8,11.81,11.71,0.35,2.9889,6.2984,13733059,165045805.0,7362630000.0,2629562400.0
2016-11-09,'603126,中材节能,11.71,11.93,11.65,11.9,11.91,-0.2,-1.6793,3.5681,7779894,91668800.0,7148955000.0,2553248400.0
2016-11-08,'603126,中材节能,11.91,11.97,11.85,11.93,11.93,-0.02,-0.1676,2.7738,6047923,71985365.0,7271055000.0,2596856400.0
2016-11-07,'603126,中材节能,11.93,11.96,11.76,11.85,11.79,0.14,1.1874,3.471,7568209,89999314.0,7283265000.0,2601217200.0
2016-11-04,'603126,中材节能,11.79,11.87,11.7,11.71,11.74,0.05,0.4259,2.8197,6148134,72407692.0,7197795000.0,2570691600.0
2016-11-03,'603126,中材节能,11.74,11.83,11.55,11.58,11.58,0.16,1.3817,2.8651,6247054,73120031.0,7167270000.0,2559789600.0
2016-11-02,'603126,中材节能,11.58,11.85,11.57,11.8,11.84,-0.26,-2.1959,3.5178,7670309,89627188.0,7069590000.0,2524903200.0
2016-11-01,'603126,中材节能,11.84,11.85,11.71,11.71,11.74,0.1,0.8518,2.1962,4788630,56469216.0,7228320000.0,2581593600.0
2016-10-31,'603126,中材节能,11.74,11.82,11.66,11.69,11.69,0.05,0.4277,1.7749,3870012,45460678.0,7167270000.0,2559789600.0
2016-10-28,'603126,中材节能,11.69,11.96,11.67,11.92,11.92,-0.23,-1.9295,2.705,5897900,69615854.0,7136745000.0,2548887600.0
2016-10-27,'603126,中材节能,11.92,12.02,11.81,11.99,11.97,-0.05,-0.4177,2.8015,6108339,72652173.0,7277160000.0,2599036800.0
2016-10-26,'603126,中材节能,11.97,12.14,11.93,12.14,12.19,-0.22,-1.8048,3.5011,7633820,91724824.0,7307685000.0,2609938800.0
2016-10-25,'603126,中材节能,12.19,12.23,12.07,12.19,12.23,-0.04,-0.3271,4.0593,8850846,107440235.0,7441995000.0,2657907600.0
2016-10-24,'603126,中材节能,12.23,12.25,11.9,11.95,11.95,0.28,2.3431,6.8574,14951962,181710184.0,7466415000.0,2666629200.0
2016-10-21,'603126,中材节能,11.95,12.1,11.81,12.0,11.99,-0.04,-0.3336,3.7919,8267788,98827091.0,7295475000.0,2605578000.0
2016-10-20,'603126,中材节能,11.99,12.02,11.86,11.95,11.99,0.0,0.0,3.4379,7496031,89442203.0,7319895000.0,2614299600.0
2016-10-19,'603126,中材节能,11.99,12.12,11.83,11.86,11.83,0.16,1.3525,6.4556,14075863,168897226.0,7319895000.0,2614299600.0
2016-10-18,'603126,中材节能,11.83,11.85,11.55,11.58,11.61,0.22,1.8949,2.8765,6272017,73654232.0,7222215000.0,2579413200.0
2016-10-17,'603126,中材节能,11.61,11.95,11.6,11.9,11.89,-0.28,-2.3549,3.0798,6715107,79282506.0,7087905000.0,2531444400.0
2016-10-14,'603126,中材节能,11.89,11.96,11.61,11.81,11.85,0.04,0.3376,4.0665,8866622,104251235.0,7258845000.0,2592495600.0
2016-10-13,'603126,中材节能,11.85,11.95,11.78,11.89,11.85,0.0,0.0,3.1883,6951820,82469820.0,7234425000.0,2583774000.0
2016-10-12,'603126,中材节能,11.85,11.94,11.68,11.73,11.81,0.04,0.3387,3.4194,7455572,87977572.0,7234425000.0,2583774000.0
2016-10-11,'603126,中材节能,11.81,11.82,11.65,11.74,11.76,0.05,0.4252,3.2609,7110033,83471997.0,7210005000.0,2575052400.0
2016-10-10,'603126,中材节能,11.76,11.77,11.56,11.6,11.5,0.26,2.2609,2.9867,6512211,76156748.0,7179480000.0,2564150400.0
2016-09-30,'603126,中材节能,11.5,11.52,11.42,11.44,11.47,0.03,0.2616,1.7813,3884035,44583766.0,7020750000.0,2507460000.0
2016-09-29,'603126,中材节能,11.47,11.57,11.41,11.46,11.44,0.03,0.2622,2.153,4694422,53947220.0,7002435000.0,2500918800.0
2016-09-28,'603126,中材节能,11.44,11.68,11.34,11.42,11.4,0.04,0.3509,2.7956,6095426,70012821.0,6984120000.0,2494377600.0
2016-09-27,'603126,中材节能,11.4,11.45,11.2,11.45,11.39,0.01,0.0878,3.3904,7392487,83721012.0,6959700000.0,2485656000.0
2016-09-26,'603126,中材节能,11.39,11.93,11.36,11.86,11.9,-0.51,-4.2857,5.2495,11446050,133139293.0,6953595000.0,2483475600.0
2016-09-23,'603126,中材节能,11.9,12.05,11.84,11.89,11.94,-0.04,-0.335,4.2218,9205152,109905182.0,7264950000.0,2594676000.0
2016-09-22,'603126,中材节能,11.94,12.21,11.87,12.17,12.06,-0.12,-0.995,6.2353,13595459,162957755.0,7289370000.0,2603397600.0
2016-09-21,'603126,中材节能,12.06,12.38,12.03,12.29,12.35,-0.29,-2.3482,5.7459,12528330,152740517.0,7362630000.0,2629562400.0
2016-09-20,'603126,中材节能,12.35,12.37,12.06,12.15,12.17,0.18,1.479,5.8428,12739563,155894476.0,7539675000.0,2692794000.0
2016-09-19,'603126,中材节能,12.17,12.21,12.0,12.06,12.06,0.11,0.9121,4.9829,10864695,131583713.0,7429785000.0,2653546800.0
2016-09-14,'603126,中材节能,12.06,12.51,11.92,12.38,12.54,-0.48,-3.8278,8.9722,19563083,238936361.0,7362630000.0,2629562400.0
2016-09-13,'603126,中材节能,12.54,12.68,12.12,12.24,12.15,0.39,3.2099,13.7266,29929475,371493705.0,7655670000.0,2734221600.0
2016-09-12,'603126,中材节能,12.15,12.47,11.76,12.01,12.36,-0.21,-1.699,9.9801,21760678,264158749.0,7417575000.0,2649186000.0
2016-09-09,'603126,中材节能,12.36,12.49,12.05,12.12,12.22,0.14,1.1457,12.2453,26699660,327987675.0,7545780000.0,2694974400.0
2016-09-08,'603126,中材节能,12.22,12.53,11.61,11.64,11.62,0.6,5.1635,12.4813,27214322,329039127.0,7460310000.0,2664448800.0
2016-09-07,'603126,中材节能,11.62,12.0,11.6,11.79,11.73,-0.11,-0.9378,7.744,16885014,199830487.0,7094010000.0,2533624800.0
2016-09-06,'603126,中材节能,11.73,11.86,11.22,11.46,11.48,0.25,2.1777,6.5428,14266009,164976728.0,7161165000.0,2557609200.0
2016-09-05,'603126,中材节能,11.48,11.59,11.32,11.32,11.31,0.17,1.5031,3.1536,6876117,79014730.0,7008540000.0,2503099200.0
2016-09-02,'603126,中材节能,11.31,11.42,11.27,11.32,11.4,-0.09,-0.7895,2.1081,4596547,52187861.0,6904755000.0,2466032400.0
2016-09-01,'603126,中材节能,11.4,11.56,11.39,11.47,11.42,-0.02,-0.1751,2.6402,5756759,66091586.0,6959700000.0,2485656000.0
2016-08-31,'603126,中材节能,11.42,11.5,11.32,11.43,11.43,-0.01,-0.0875,2.0899,4556886,51953227.0,6971910000.0,2490016800.0
2016-08-30,'603126,中材节能,11.43,11.61,11.4,11.57,11.62,-0.19,-1.6351,2.9447,6420696,73720296.0,6978015000.0,2492197200.0
2016-08-29,'603126,中材节能,11.62,11.64,11.23,11.25,11.25,0.37,3.2889,5.3297,11620792,133766759.0,7094010000.0,2533624800.0
2016-08-26,'603126,中材节能,11.25,11.38,11.22,11.26,11.25,0.0,0.0,2.5422,5543020,62611249.0,6868125000.0,2452950000.0
2016-08-25,'603126,中材节能,11.25,11.45,11.11,11.45,11.59,-0.34,-2.9336,4.6002,10030322,112811708.0,6868125000.0,2452950000.0
2016-08-24,'603126,中材节能,11.59,11.79,11.43,11.5,11.69,-0.1,-0.8554,5.724,12480559,144544487.0,7075695000.0,2527083600.0
2016-08-23,'603126,中材节能,11.69,12.15,11.51,11.81,11.32,0.37,3.2686,11.125,24256887,284866248.0,7136745000.0,2548887600.0
2016-08-22,'603126,中材节能,11.32,11.38,11.1,11.3,11.3,0.02,0.177,2.0969,4572136,51297531.0,6910860000.0,2468212800.0
2016-08-19,'603126,中材节能,11.3,11.34,11.21,11.34,11.34,-0.04,-0.3527,1.9406,4231363,47626090.0,6898650000.0,2463852000.0
2016-08-18,'603126,中材节能,11.34,11.41,11.26,11.35,11.38,-0.04,-0.3515,1.7972,3918602,44346090.0,6923070000.0,2472573600.0
2016-08-17,'603126,中材节能,11.38,11.49,11.22,11.25,11.27,0.11,0.976,3.0445,6638155,75548165.0,6947490000.0,2481295200.0
2016-08-16,'603126,中材节能,11.27,11.37,11.23,11.23,11.26,0.01,0.0888,2.3386,5099125,57561375.0,6880335000.0,2457310800.0
2016-08-15,'603126,中材节能,11.26,11.27,10.9,10.99,10.95,0.31,2.8311,3.1386,6843306,76232951.0,6874230000.0,2455130400.0
2016-08-12,'603126,中材节能,10.95,10.97,10.79,10.85,10.84,0.11,1.0148,1.4365,3132044,34145099.0,6684975000.0,2387538000.0
2016-08-11,'603126,中材节能,10.84,11.13,10.83,11.1,11.11,-0.27,-2.4302,1.9291,4206146,46076614.0,6617820000.0,2363553600.0
2016-08-10,'603126,中材节能,11.11,11.26,11.05,11.24,11.24,-0.13,-1.1566,1.8273,3984294,44426435.0,6782655000.0,2422424400.0
2016-08-09,'603126,中材节能,11.24,11.24,11.12,11.2,11.18,0.06,0.5367,2.0505,4470862,50024813.0,6862020000.0,2450769600.0
2016-08-08,'603126,中材节能,11.18,11.19,10.85,11.12,11.12,0.06,0.5396,1.8349,4000852,44178792.0,6825390000.0,2437687200.0
2016-08-05,'603126,中材节能,11.12,11.29,11.01,11.1,11.1,0.02,0.1802,2.1621,4714137,52430131.0,6788760000.0,2424604800.0
2016-08-04,'603126,中材节能,11.1,11.14,10.98,11.14,11.15,-0.05,-0.4484,1.878,4094744,45244733.0,6776550000.0,2420244000.0
2016-08-03,'603126,中材节能,11.15,11.27,10.83,10.9,10.93,0.22,2.0128,2.8583,6232312,69227392.0,6807075000.0,2431146000.0
2016-08-02,'603126,中材节能,10.93,10.95,10.8,10.83,10.82,0.11,1.0166,1.2815,2794180,30379855.0,6672765000.0,2383177200.0
2016-08-01,'603126,中材节能,10.82,11.11,10.7,11.06,11.06,-0.24,-2.17,2.2307,4863882,52722419.0,6605610000.0,2359192800.0
2016-07-29,'603126,中材节能,11.06,11.27,11.03,11.2,11.2,-0.14,-1.25,1.6482,3593677,39944624.0,6752130000.0,2411522400.0
2016-07-28,'603126,中材节能,11.2,11.3,11.07,11.07,11.14,0.06,0.5386,2.598,5664681,63297637.0,6837600000.0,2442048000.0
2016-07-27,'603126,中材节能,11.14,11.9,10.98,11.9,11.84,-0.7,-5.9122,5.4998,11991718,136519923.0,6800970000.0,2428965600.0
2016-07-26,'603126,中材节能,11.84,11.84,11.57,11.62,11.61,0.23,1.9811,3.1192,6801011,79944603.0,7228320000.0,2581593600.0
2016-07-25,'603126,中材节能,11.61,11.69,11.54,11.57,11.57,0.04,0.3457,2.2251,4851550,56339027.0,7087905000.0,2531444400.0
2016-07-22,'603126,中材节能,11.57,11.79,11.56,11.76,11.76,-0.19,-1.6156,2.7439,5982863,69646502.0,7063485000.0,2522722800.0
2016-07-21,'603126,中材节能,11.76,11.87,11.69,11.71,11.77,-0.01,-0.085,3.1452,6857754,80826638.0,7179480000.0,2564150400.0
2016-07-20,'603126,中材节能,11.77,11.98,11.73,11.93,11.92,-0.15,-1.2584,3.1665,6904200,81895558.0,7185585000.0,2566330800.0
2016-07-19,'603126,中材节能,11.92,11.99,11.75,11.95,12.04,-0.12,-0.9967,4.0667,8866925,105210162.0,7277160000.0,2599036800.0
2016-07-18,'603126,中材节能,12.04,12.1,11.36,11.51,11.74,0.3,2.5554,7.3744,16079233,191490901.0,7350420000.0,2625201600.0
2016-07-15,'603126,中材节能,11.74,12.34,11.7,12.12,11.69,0.05,0.4277,6.056,13204528,157541455.0,7167270000.0,2559789600.0
2016-07-14,'603126,中材节能,11.69,11.84,11.58,11.8,11.84,-0.15,-1.2669,3.7533,8183620,95589531.0,7136745000.0,2548887600.0
2016-07-13,'603126,中材节能,11.84,11.92,11.76,11.82,11.9,-0.06,-0.5042,5.46,11904999,140859882.0,7228320000.0,2581593600.0
2016-07-12,'603126,中材节能,11.9,11.91,11.43,11.68,11.57,0.33,2.8522,7.1016,15484236,181666226.0,7264950000.0,2594676000.0
2016-07-11,'603126,中材节能,11.57,11.84,11.47,11.68,11.71,-0.14,-1.1956,4.7991,10463958,122282083.0,7063485000.0,2522722800.0
2016-07-08,'603126,中材节能,11.71,11.9,11.68,11.8,11.91,-0.2,-1.6793,4.7279,10308695,121358051.0,7148955000.0,2553248400.0
2016-07-07,'603126,中材节能,11.91,11.94,11.35,11.56,11.62,0.29,2.4957,9.3586,20405542,238570779.0,7271055000.0,2596856400.0
2016-07-06,'603126,中材节能,11.62,11.75,11.22,11.22,11.38,0.24,2.109,7.8701,17159859,198340641.0,7094010000.0,2533624800.0
2016-07-05,'603126,中材节能,11.38,11.83,11.32,11.32,11.18,0.2,1.7889,7.9562,17347703,199935449.0,6947490000.0,2481295200.0
2016-07-04,'603126,中材节能,11.18,11.19,10.8,10.83,10.94,0.24,2.1938,4.3505,9485916,105244881.0,6825390000.0,2437687200.0
2016-07-01,'603126,中材节能,10.94,11.08,10.92,11.02,11.02,-0.08,-0.726,2.6357,5746938,63153578.0,6678870000.0,2385357600.0
2016-06-30,'603126,中材节能,11.02,11.11,10.93,11.08,11.07,-0.05,-0.4517,2.7232,5937589,65349370.0,6727710000.0,2402800800.0
2016-06-29,'603126,中材节能,11.07,11.14,10.99,11.05,11.06,0.01,0.0904,3.9052,8514801,94265595.0,6758235000.0,2413702800.0
2016-06-28,'603126,中材节能,11.06,11.08,10.81,10.88,10.95,0.11,1.0046,4.0919,8921881,97683941.0,6752130000.0,2411522400.0
2016-06-27,'603126,中材节能,10.95,10.95,10.56,10.6,10.72,0.23,2.1455,3.6942,8054744,87449981.0,6684975000.0,2387538000.0
2016-06-24,'603126,中材节能,10.72,11.02,10.4,10.95,10.97,-0.25,-2.2789,3.7901,8263995,88616976.0,6544560000.0,2337388800.0
2016-06-23,'603126,中材节能,10.97,11.23,10.82,11.06,11.18,-0.21,-1.8784,3.9776,8672729,95127470.0,6697185000.0,2391898800.0
2016-06-22,'603126,中材节能,11.18,11.25,10.7,10.73,10.78,0.4,3.7106,6.1039,13308890,147448486.0,6825390000.0,2437687200.0
2016-06-21,'603126,中材节能,10.78,10.94,10.66,10.75,10.67,0.11,1.0309,3.8361,8364212,90423024.0,6581190000.0,2350471200.0
2016-06-20,'603126,中材节能,10.67,10.69,10.45,10.57,10.62,0.05,0.4708,1.9575,4268077,45208444.0,6514035000.0,2326486800.0
2016-06-17,'603126,中材节能,10.62,10.77,10.51,10.51,10.54,0.08,0.759,2.1372,4659969,49684589.0,6483510000.0,2315584800.0
2016-06-16,'603126,中材节能,10.54,10.67,10.5,10.53,10.61,-0.07,-0.6598,2.3339,5088878,53829521.0,6434670000.0,2298141600.0
2016-06-15,'603126,XD中材节,10.61,10.69,10.21,10.3,10.36,0.25,2.4131,2.3569,5139004,54236946.0,6477405000.0,2313404400.0
2016-06-14,'603126,中材节能,10.41,10.47,10.32,10.34,10.32,0.09,0.8721,1.9373,4223990,43886756.0,6355305000.0,2269796400.0
2016-06-13,'603126,中材节能,10.32,10.89,10.3,10.8,10.96,-0.64,-5.8394,3.4419,7504715,79786251.0,6300360000.0,2250172800.0
2016-06-08,'603126,中材节能,10.96,11.07,10.85,10.99,10.99,-0.03,-0.273,2.5876,5641998,61666378.0,6691080000.0,2389718400.0
2016-06-07,'603126,中材节能,10.99,11.04,10.83,10.98,10.95,0.04,0.3653,2.2588,4925034,53815512.0,6709395000.0,2396259600.0
2016-06-06,'603126,中材节能,10.95,11.14,10.84,11.05,11.04,-0.09,-0.8152,2.7976,6099887,67065045.0,6684975000.0,2387538000.0
2016-06-03,'603126,中材节能,11.04,11.13,10.91,11.02,10.98,0.06,0.5464,3.2222,7025697,77479154.0,6739920000.0,2407161600.0
2016-06-02,'603126,中材节能,10.98,11.09,10.9,10.93,11.02,-0.04,-0.363,3.4526,7528038,82658483.0,6703290000.0,2394079200.0
2016-06-01,'603126,中材节能,11.02,11.18,10.76,10.88,10.89,0.13,1.1938,5.6424,12302674,134700403.0,6727710000.0,2402800800.0
2016-05-31,'603126,中材节能,10.89,10.92,10.36,10.36,10.36,0.53,5.1158,5.118,11159342,120011322.0,6648345000.0,2374455600.0
2016-05-30,'603126,中材节能,10.36,10.48,10.11,10.18,10.33,0.03,0.2904,1.6392,3574202,36876381.0,6324780000.0,2258894400.0
2016-05-27,'603126,中材节能,10.33,10.47,10.3,10.4,10.44,-0.11,-1.0536,2.0379,4443374,46118797.0,6306465000.0,2252353200.0
2016-05-26,'603126,中材节能,10.44,10.48,10.08,10.35,10.36,0.08,0.7722,2.7825,6067027,62151448.0,6373620000.0,2276337600.0
2016-05-25,'603126,中材节能,10.36,10.65,10.35,10.57,10.47,-0.11,-1.0506,2.1021,4583326,48084405.0,6324780000.0,2258894400.0
2016-05-24,'603126,中材节能,10.47,10.65,10.41,10.58,10.67,-0.2,-1.8744,2.0152,4393923,46092846.0,6391935000.0,2282878800.0
2016-05-23,'603126,中材节能,10.67,10.8,10.55,10.62,10.58,0.09,0.8507,2.4201,5276767,56375474.0,6514035000.0,2326486800.0
2016-05-20,'603126,中材节能,10.58,10.6,10.19,10.3,10.37,0.21,2.0251,2.5124,5478002,57333849.0,6459090000.0,2306863200.0
2016-05-19,'603126,中材节能,10.37,10.65,10.35,10.49,10.44,-0.07,-0.6705,2.5392,5536471,58154611.0,6330885000.0,2261074800.0
2016-05-18,'603126,中材节能,10.44,10.91,10.23,10.91,11.05,-0.61,-5.5204,4.4353,9670703,102159348.0,6373620000.0,2276337600.0
2016-05-17,'603126,中材节能,11.05,11.24,11.02,11.06,11.13,-0.08,-0.7188,2.9076,6339721,70633672.0,6746025000.0,2409342000.0
2016-05-16,'603126,中材节能,11.13,11.15,10.78,10.86,10.92,0.21,1.9231,2.5942,5656456,62262903.0,6794865000.0,2426785200.0
2016-05-13,'603126,中材节能,10.92,11.26,10.9,11.01,11.02,-0.1,-0.9074,2.8043,6114488,67583316.0,6666660000.0,2380996800.0
2016-05-12,'603126,中材节能,11.02,11.14,10.77,11.14,11.28,-0.26,-2.305,3.4825,7593325,83294066.0,6727710000.0,2402800800.0
2016-05-11,'603126,中材节能,11.28,11.5,11.23,11.4,11.43,-0.15,-1.3123,3.1621,6894646,78464437.0,6886440000.0,2459491200.0
2016-05-10,'603126,中材节能,11.43,11.47,11.1,11.28,11.29,0.14,1.24,3.1361,6837886,77490247.0,6978015000.0,2492197200.0
2016-05-09,'603126,中材节能,11.29,11.73,11.12,11.6,11.75,-0.46,-3.9149,5.0261,10958831,125557371.0,6892545000.0,2461671600.0
2016-05-06,'603126,中材节能,11.75,12.71,11.7,12.57,12.61,-0.86,-6.82,9.0727,19782032,240928506.0,7173375000.0,2561970000.0
2016-05-05,'603126,中材节能,12.61,12.65,12.38,12.38,12.52,0.09,0.7188,5.615,12242914,153485706.0,7698405000.0,2749484400.0
2016-05-04,'603126,中材节能,12.52,12.99,12.4,12.48,12.63,-0.11,-0.8709,9.8714,21523599,273359257.0,7643460000.0,2729860800.0
2016-05-03,'603126,中材节能,12.63,12.65,11.86,12.25,12.36,0.27,2.1845,8.7546,19088604,236187192.0,7710615000.0,2753845200.0
2016-04-29,'603126,中材节能,12.36,12.8,12.33,12.8,12.88,-0.52,-4.0373,8.9882,19597835,245737817.0,7545780000.0,2694974400.0
2016-04-28,'603126,中材节能,12.88,12.92,12.18,12.39,12.42,0.46,3.7037,14.0085,30544025,384487349.0,7863240000.0,2808355200.0
2016-04-27,'603126,中材节能,12.42,12.77,12.21,12.69,12.66,-0.24,-1.8957,10.1096,22042869,275218859.0,7582410000.0,2708056800.0
2016-04-26,'603126,中材节能,12.66,12.79,11.9,12.02,12.15,0.51,4.1975,13.7899,30067570,374437288.0,7728930000.0,2760386400.0
2016-04-25,'603126,中材节能,12.15,12.33,11.54,11.91,12.04,0.11,0.9136,6.1869,13489880,161502912.0,7417575000.0,2649186000.0
2016-04-22,'603126,中材节能,12.04,12.1,11.34,11.4,11.52,0.52,4.5139,8.0659,17586978,208793243.0,7350420000.0,2625201600.0
2016-04-21,'603126,中材节能,11.52,11.67,11.32,11.5,11.45,0.07,0.6114,5.4296,11838787,136409057.0,7032960000.0,2511820800.0
2016-04-20,'603126,中材节能,11.45,12.54,11.3,12.52,12.49,-1.04,-8.3267,8.6785,18922678,223593642.0,6990225000.0,2496558000.0
2016-04-19,'603126,中材节能,12.49,12.59,12.06,12.24,12.13,0.36,2.9678,5.6446,12307441,151869926.0,7625145000.0,2723319600.0
2016-04-18,'603126,中材节能,12.13,12.35,12.05,12.35,12.5,-0.37,-2.96,4.2875,9348498,113694335.0,7405365000.0,2644825200.0
2016-04-15,'603126,中材节能,12.5,12.69,12.34,12.65,12.61,-0.11,-0.8723,6.0235,13133555,163914793.0,7631250000.0,2725500000.0
2016-04-14,'603126,中材节能,12.61,12.67,12.28,12.47,12.39,0.22,1.7756,7.6785,16742110,209472228.0,7698405000.0,2749484400.0
2016-04-13,'603126,中材节能,12.39,12.65,12.23,12.25,12.12,0.27,2.2277,8.8267,19245839,239611638.0,7564095000.0,2701515600.0
2016-04-12,'603126,中材节能,12.12,12.32,11.9,12.28,12.28,-0.16,-1.3029,5.0053,10913633,131600341.0,7399260000.0,2642644800.0
2016-04-11,'603126,中材节能,12.28,12.4,12.18,12.18,12.1,0.18,1.4876,6.4904,14151689,174027902.0,7496940000.0,2677531200.0
2016-04-08,'603126,中材节能,12.1,12.41,11.82,12.4,12.64,-0.54,-4.2722,9.4904,20692904,250697126.0,7387050000.0,2638284000.0
2016-04-07,'603126,中材节能,12.64,13.16,12.6,12.62,12.74,-0.1,-0.7849,13.603,29660022,381477375.0,7716720000.0,2756025600.0
2016-04-06,'603126,中材节能,12.74,12.8,12.4,12.7,12.93,-0.19,-1.4695,12.6045,27482751,347313056.0,7777770000.0,2777829600.0
2016-04-05,'603126,中材节能,12.93,13.3,12.45,12.72,12.72,0.21,1.6509,26.0924,56891894,731385960.0,7893765000.0,2819257200.0
2016-04-01,'603126,中材节能,12.72,12.72,11.43,11.5,11.56,1.16,10.0346,18.8254,41046929,496934453.0,7765560000.0,2773468800.0
2016-03-31,'603126,中材节能,11.56,11.6,11.21,11.35,11.23,0.33,2.9386,7.4099,16156571,185143074.0,7057380000.0,2520542400.0
2016-03-30,'603126,中材节能,11.23,11.24,10.86,10.97,10.82,0.41,3.7893,3.8458,8385347,92827884.0,6855915000.0,2448589200.0
2016-03-29,'603126,中材节能,10.82,11.33,10.62,11.25,11.3,-0.48,-4.2478,5.0415,10992553,120712075.0,6605610000.0,2359192800.0
2016-03-28,'603126,中材节能,11.3,11.55,11.19,11.39,11.3,0.0,0.0,4.6961,10239278,116887959.0,6898650000.0,2463852000.0
2016-03-25,'603126,中材节能,11.3,11.44,11.05,11.26,11.23,0.07,0.6233,4.5017,9815526,110496067.0,6898650000.0,2463852000.0
2016-03-24,'603126,中材节能,11.23,11.5,11.2,11.41,11.55,-0.32,-2.7706,5.4289,11837204,134285231.0,6855915000.0,2448589200.0
2016-03-23,'603126,中材节能,11.55,11.58,11.38,11.39,11.58,-0.03,-0.2591,5.6795,12383483,141988172.0,7051275000.0,2518362000.0
2016-03-22,'603126,中材节能,11.58,11.9,11.33,11.4,11.57,0.01,0.0864,8.9513,19517359,227523584.0,7069590000.0,2524903200.0
2016-03-21,'603126,中材节能,11.57,11.67,11.2,11.36,11.23,0.34,3.0276,9.0833,19805260,226619545.0,7063485000.0,2522722800.0
2016-03-18,'603126,中材节能,11.23,11.4,10.88,10.89,10.88,0.35,3.2169,8.3543,18215663,203418157.0,6855915000.0,2448589200.0
2016-03-17,'603126,中材节能,10.88,10.94,10.5,10.65,10.61,0.27,2.5448,5.4419,11865575,127552315.0,6642240000.0,2372275200.0
2016-03-16,'603126,中材节能,10.61,10.94,10.6,10.77,10.65,-0.04,-0.3756,3.7616,8201698,88021092.0,6477405000.0,2313404400.0
2016-03-15,'603126,中材节能,10.65,10.85,10.58,10.85,10.86,-0.21,-1.9337,2.8169,6142015,65756023.0,6501825000.0,2322126000.0
2016-03-14,'603126,中材节能,10.86,10.92,10.53,10.58,10.4,0.46,4.4231,4.0606,8853735,95477634.0,6630030000.0,2367914400.0
2016-03-11,'603126,中材节能,10.4,10.51,10.2,10.29,10.45,-0.05,-0.4785,2.3774,5183716,53740237.0,6349200000.0,2267616000.0
2016-03-10,'603126,中材节能,10.45,10.86,10.4,10.67,10.75,-0.3,-2.7907,2.9602,6454389,68868203.0,6379725000.0,2278518000.0
2016-03-09,'603126,中材节能,10.75,11.08,10.63,10.96,11.26,-0.51,-4.5293,4.4884,9786434,105978026.0,6562875000.0,2343930000.0
2016-03-08,'603126,中材节能,11.26,11.34,10.3,10.83,10.9,0.36,3.3028,6.5006,14173956,152793409.0,6874230000.0,2455130400.0
2016-03-07,'603126,中材节能,10.9,11.04,10.64,10.64,10.59,0.31,2.9273,4.2609,9290553,100783439.0,6654450000.0,2376636000.0
2016-03-04,'603126,中材节能,10.59,11.28,10.11,11.1,11.18,-0.59,-5.2773,6.8117,14852138,160308647.0,6465195000.0,2309043600.0
2016-03-03,'603126,中材节能,11.18,11.48,11.1,11.23,11.22,-0.04,-0.3565,8.0045,17452903,196313310.0,6825390000.0,2437687200.0
2016-03-02,'603126,中材节能,11.22,11.24,10.4,10.5,10.62,0.6,5.6497,8.0174,17481191,191141434.0,6849810000.0,2446408800.0
2016-03-01,'603126,中材节能,10.62,10.77,9.9,10.03,9.94,0.68,6.841,5.945,12962477,132971515.0,6483510000.0,2315584800.0
2016-02-29,'603126,中材节能,9.94,10.76,9.73,10.76,10.77,-0.83,-7.7066,6.1299,13365659,134269167.0,6068370000.0,2167317600.0
2016-02-26,'603126,中材节能,10.77,11.18,10.33,10.98,11.02,-0.25,-2.2686,7.3633,16054929,173288129.0,6575085000.0,2348290800.0
2016-02-25,'603126,中材节能,11.02,12.0,11.02,11.94,12.24,-1.22,-9.9673,13.9342,30382210,350511860.0,6727710000.0,2402800800.0
2016-02-24,'603126,中材节能,12.24,12.61,11.28,11.46,11.46,0.78,6.8063,18.5866,40526206,500825318.0,7472520000.0,2668809600.0
2016-02-23,'603126,中材节能,11.46,11.8,11.22,11.8,11.73,-0.27,-2.3018,7.3168,15953639,183206658.0,6996330000.0,2498738400.0
2016-02-22,'603126,中材节能,11.73,11.82,11.5,11.69,11.52,0.21,1.8229,8.1426,17754234,207110083.0,7161165000.0,2557609200.0
2016-02-19,'603126,中材节能,11.52,11.54,11.15,11.24,11.31,0.21,1.8568,7.519,16394322,186401145.0,7032960000.0,2511820800.0
2016-02-18,'603126,中材节能,11.31,11.68,11.08,11.38,11.38,-0.07,-0.6151,10.7492,23437520,266494322.0,6904755000.0,2466032400.0
2016-02-17,'603126,中材节能,11.38,11.5,10.84,10.93,10.96,0.42,3.8321,10.4589,22804663,256648266.0,6947490000.0,2481295200.0
2016-02-16,'603126,中材节能,10.96,11.06,10.46,10.46,10.41,0.55,5.2834,6.901,15046860,162671713.0,6691080000.0,2389718400.0
2016-02-15,'603126,中材节能,10.41,10.54,9.94,10.08,10.59,-0.18,-1.6997,4.3752,9539717,97919034.0,6355305000.0,2269796400.0
2016-02-05,'603126,中材节能,10.59,11.09,10.54,11.0,11.09,-0.5,-4.5086,7.1931,15683874,169144514.0,6465195000.0,2309043600.0
2016-02-04,'603126,中材节能,11.09,11.27,10.8,10.9,10.99,0.1,0.9099,10.6238,23164192,256192621.0,6770445000.0,2418063600.0
2016-02-03,'603126,中材节能,10.99,11.11,10.23,10.3,10.63,0.36,3.3866,9.4909,20693899,221132772.0,6709395000.0,2396259600.0
2016-02-02,'603126,中材节能,10.63,10.88,9.99,9.99,10.21,0.42,4.1136,9.2217,20106934,212509871.0,6489615000.0,2317765200.0
2016-02-01,'603126,中材节能,10.21,11.3,10.21,11.2,11.34,-1.13,-9.9647,12.1262,26440058,281468960.0,6233205000.0,2226188400.0
2016-01-29,'603126,中材节能,11.34,11.61,10.85,10.86,11.25,0.09,0.8,11.4532,24972610,280471752.0,6923070000.0,2472573600.0
2016-01-28,'603126,中材节能,11.25,12.18,11.25,11.25,12.5,-1.25,-10.0,16.3505,35650704,413860636.0,6868125000.0,2452950000.0
2016-01-27,'603126,中材节能,12.5,12.7,11.52,11.8,11.56,0.94,8.1315,24.9413,54382028,654691483.0,7631250000.0,2725500000.0
2016-01-26,'603126,中材节能,11.56,11.56,10.6,10.88,10.51,1.05,9.9905,15.1999,33141844,381009451.0,7057380000.0,2520542400.0
2016-01-25,'603126,中材节能,10.51,10.55,10.05,10.08,9.97,0.54,5.4162,4.0842,8905094,92448574.0,6416355000.0,2291600400.0
2016-01-22,'603126,中材节能,9.97,10.05,9.61,9.91,9.77,0.2,2.0471,2.1353,4655807,46021092.0,6086685000.0,2173858800.0
2016-01-21,'603126,中材节能,9.77,10.42,9.75,10.24,10.34,-0.57,-5.5126,2.6734,5829004,59188975.0,5964585000.0,2130250800.0
2016-01-20,'603126,中材节能,10.34,10.62,10.22,10.46,10.53,-0.19,-1.8044,2.9548,6442692,67244976.0,6312570000.0,2254533600.0
2016-01-19,'603126,中材节能,10.53,10.62,10.0,10.1,10.13,0.4,3.9487,3.2515,7089614,73831714.0,6428565000.0,2295961200.0
2016-01-18,'603126,中材节能,10.13,10.35,9.45,9.45,9.79,0.34,3.4729,2.6224,5717875,57682954.0,6184365000.0,2208745200.0
2016-01-15,'603126,中材节能,9.79,10.32,9.66,10.25,10.29,-0.5,-4.8591,2.2721,4954069,49597892.0,5976795000.0,2134611600.0
2016-01-14,'603126,中材节能,10.29,10.33,9.5,9.5,9.97,0.32,3.2096,2.5309,5518401,55394786.0,6282045000.0,2243631600.0
2016-01-13,'603126,中材节能,9.97,10.62,9.87,10.52,10.41,-0.44,-4.2267,2.4944,5438877,56274621.0,6086685000.0,2173858800.0
2016-01-12,'603126,中材节能,10.41,10.57,10.1,10.3,10.3,0.11,1.068,2.3519,5128081,53172322.0,6355305000.0,2269796400.0
2016-01-11,'603126,中材节能,10.3,11.36,10.3,11.2,11.44,-1.14,-9.965,3.7841,8250821,89290084.0,6288150000.0,2245812000.0
2016-01-08,'603126,中材节能,11.44,11.95,10.75,11.46,11.28,0.16,1.4184,3.5765,7798229,89262906.0,6984120000.0,2494377600.0
2016-01-07,'603126,中材节能,11.28,12.22,11.23,12.22,12.48,-1.2,-9.6154,0.8346,1819800,21399912.0,6886440000.0,2459491200.0
2016-01-06,'603126,中材节能,12.48,12.55,12.16,12.3,12.2,0.28,2.2951,3.2381,7060304,87188383.0,7619040000.0,2721139200.0
2016-01-05,'603126,中材节能,12.2,12.8,11.65,12.15,12.76,-0.56,-4.3887,5.1849,11305068,137675702.0,7448100000.0,2660088000.0
2016-01-04,'603126,中材节能,12.76,14.09,12.76,13.89,14.18,-1.42,-10.0141,3.8775,8454556,113247198.0,7789980000.0,2782190400.0
2015-12-31,'603126,中材节能,14.18,14.55,14.16,14.35,14.26,-0.08,-0.561,2.839,6190211,88870328.0,8656890000.0,3091807200.0
2015-12-30,'603126,中材节能,14.26,14.28,14.02,14.18,14.12,0.14,0.9915,2.9674,6470076,91547817.0,8705730000.0,3109250400.0
2015-12-29,'603126,中材节能,14.12,14.14,13.75,14.02,13.99,0.13,0.9292,2.8926,6306987,88044903.0,8620260000.0,3078724800.0
2015-12-28,'603126,中材节能,13.99,14.64,13.97,14.59,14.5,-0.51,-3.5172,4.8266,10524016,151345250.0,8540895000.0,3050379600.0
2015-12-25,'603126,中材节能,14.5,14.65,14.38,14.4,14.38,0.12,0.8345,2.8196,6147851,89193231.0,8852250000.0,3161580000.0
2015-12-24,'603126,中材节能,14.38,14.57,14.19,14.55,14.57,-0.19,-1.304,3.6555,7970392,114312332.0,8778990000.0,3135415200.0
2015-12-23,'603126,中材节能,14.57,14.99,14.5,14.95,14.95,-0.38,-2.5418,6.3179,13775511,202988986.0,8894985000.0,3176842800.0
2015-12-22,'603126,中材节能,14.95,14.97,14.3,14.42,14.41,0.54,3.7474,8.2655,18022132,264162289.0,9126975000.0,3259698000.0
2015-12-21,'603126,中材节能,14.41,14.56,14.11,14.2,14.3,0.11,0.7692,5.1075,11136395,159297587.0,8797305000.0,3141956400.0
2015-12-18,'603126,中材节能,14.3,14.64,14.17,14.64,14.55,-0.25,-1.7182,5.0326,10973101,157400193.0,8730150000.0,3117972000.0
2015-12-17,'603126,中材节能,14.55,14.58,14.2,14.35,14.18,0.37,2.6093,5.4067,11788773,170156765.0,8882775000.0,3172482000.0
2015-12-16,'603126,中材节能,14.18,14.37,14.1,14.17,14.06,0.12,0.8535,4.069,8871988,126472612.0,8656890000.0,3091807200.0
2015-12-15,'603126,中材节能,14.06,14.2,13.91,14.08,14.05,0.01,0.0712,3.7386,8151614,114611866.0,8583630000.0,3065642400.0
2015-12-14,'603126,中材节能,14.05,14.08,13.3,13.39,13.38,0.67,5.0075,4.4983,9808201,134769093.0,8577525000.0,3063462000.0
2015-12-11,'603126,中材节能,13.38,13.75,13.28,13.74,13.79,-0.41,-2.9732,4.513,9840183,132210883.0,8168490000.0,2917375200.0
2015-12-10,'603126,中材节能,13.79,14.03,13.73,13.92,13.87,-0.08,-0.5768,3.4143,7444576,103473713.0,8418795000.0,3006771600.0
2015-12-09,'603126,中材节能,13.87,14.24,13.82,14.0,14.09,-0.22,-1.5614,3.8345,8360752,117001001.0,8467635000.0,3024214800.0
2015-12-08,'603126,中材节能,14.09,14.66,14.04,14.66,14.68,-0.59,-4.0191,4.875,10629461,152054971.0,8601945000.0,3072183600.0
2015-12-07,'603126,中材节能,14.68,14.8,14.42,14.52,14.47,0.21,1.4513,4.8528,10580937,154903015.0,8962140000.0,3200827200.0
2015-12-04,'603126,中材节能,14.47,14.76,14.35,14.64,14.66,-0.19,-1.296,5.2928,11540400,168386683.0,8833935000.0,3155038800.0
2015-12-03,'603126,中材节能,14.66,14.72,14.43,14.43,14.39,0.27,1.8763,5.2007,11339534,165333853.0,8949930000.0,3196466400.0
2015-12-02,'603126,中材节能,14.39,14.86,13.73,14.8,14.87,-0.48,-3.228,5.9471,12967111,185907756.0,8785095000.0,3137595600.0
2015-12-01,'603126,中材节能,14.87,15.14,14.58,14.75,14.74,0.13,0.882,7.3187,15957658,237859234.0,9078135000.0,3242254800.0
2015-11-30,'603126,中材节能,14.74,14.88,13.61,14.5,14.63,0.11,0.7519,8.5858,18720422,270075878.0,8998770000.0,3213909600.0
2015-11-27,'603126,中材节能,14.63,16.19,14.63,16.19,16.25,-1.62,-9.9692,10.5158,22928673,353549687.0,8931615000.0,3189925200.0
2015-11-26,'603126,中材节能,16.25,17.17,16.23,17.17,16.98,-0.73,-4.2992,10.1607,22154485,367547302.0,9920625000.0,3543150000.0
2015-11-25,'603126,中材节能,16.98,17.25,16.66,17.18,16.98,0.0,0.0,10.1895,22217201,376445011.0,10366290000.0,3702319200.0
2015-11-24,'603126,中材节能,16.98,17.25,16.5,16.73,17.0,-0.02,-0.1176,11.9833,26128469,440985486.0,10366290000.0,3702319200.0
2015-11-23,'603126,中材节能,17.0,17.29,16.27,17.22,17.36,-0.36,-2.0737,13.5274,29495175,494168103.0,10378500000.0,3706680000.0
2015-11-20,'603126,中材节能,17.36,17.9,16.91,17.52,17.57,-0.21,-1.1952,19.1392,41731171,723215468.0,10598280000.0,3785174400.0
2015-11-19,'603126,中材节能,17.57,17.67,16.15,16.51,16.57,1.0,6.035,22.6261,49333924,837073089.0,10726485000.0,3830962800.0
2015-11-18,'603126,中材节能,16.57,17.16,16.19,16.75,16.98,-0.41,-2.4146,19.6001,42736092,706421692.0,10115985000.0,3612922800.0
2015-11-17,'603126,中材节能,16.98,17.04,15.41,15.67,15.49,1.49,9.6191,26.7804,58392050,955487662.0,10366290000.0,3702319200.0
2015-11-16,'603126,中材节能,15.49,15.55,14.41,14.5,14.85,0.64,4.3098,9.8561,21490173,323683163.0,9456645000.0,3377439600.0
2015-11-13,'603126,中材节能,14.85,15.6,14.72,15.36,15.61,-0.76,-4.8687,11.1509,24313506,368351000.0,9065925000.0,3237894000.0
2015-11-12,'603126,中材节能,15.61,15.98,14.72,15.02,14.98,0.63,4.2056,16.7377,36494779,557431172.0,9529905000.0,3403604400.0
2015-11-11,'603126,中材节能,14.98,15.05,14.67,14.84,14.91,0.07,0.4695,9.11,19863351,294908809.0,9145290000.0,3266239200.0
2015-11-10,'603126,中材节能,14.91,15.27,14.63,15.0,15.22,-0.31,-2.0368,12.3179,26858050,401741461.0,9102555000.0,3250976400.0
2015-11-09,'603126,中材节能,15.22,15.5,14.32,14.77,14.79,0.43,2.9074,15.6346,34089787,509347767.0,9291810000.0,3318568800.0
2015-11-06,'603126,中材节能,14.79,14.96,14.26,14.26,14.51,0.28,1.9297,13.062,28480319,417900261.0,9029295000.0,3224811600.0
2015-11-05,'603126,中材节能,14.51,15.05,14.05,14.17,14.17,0.34,2.3994,16.7369,36493223,529571413.0,8858355000.0,3163760400.0
2015-11-04,'603126,中材节能,14.17,14.18,13.5,13.5,13.43,0.74,5.5101,9.2428,20152942,280935286.0,8650785000.0,3089626800.0
2015-11-03,'603126,中材节能,13.43,13.58,13.16,13.42,13.39,0.04,0.2987,4.3741,9537209,127672822.0,8199015000.0,2928277200.0
2015-11-02,'603126,中材节能,13.39,13.92,13.33,13.55,13.85,-0.46,-3.3213,5.6019,12214288,165894644.0,8174595000.0,2919555600.0
2015-10-30,'603126,中材节能,13.85,14.2,13.62,14.15,14.2,-0.35,-2.4648,7.3322,15987066,222003760.0,8455425000.0,3019854000.0
2015-10-29,'603126,中材节能,14.2,14.48,13.85,14.12,13.89,0.31,2.2318,10.6368,23192571,329566949.0,8669100000.0,3096168000.0
2015-10-28,'603126,中材节能,13.89,14.56,13.72,13.75,14.01,-0.12,-0.8565,11.6564,25415712,361157123.0,8479845000.0,3028575600.0
2015-10-27,'603126,中材节能,14.01,14.2,13.1,14.01,14.3,-0.29,-2.028,9.2701,20212565,278203659.0,8553105000.0,3054740400.0
2015-10-26,'603126,中材节能,14.3,14.7,13.88,14.21,13.89,0.41,2.9518,13.3092,29019289,414132975.0,8730150000.0,3117972000.0
2015-10-23,'603126,中材节能,13.89,14.25,13.01,13.37,13.19,0.7,5.3071,11.8866,25917467,348322882.0,8479845000.0,3028575600.0
2015-10-22,'603126,中材节能,13.19,13.24,12.48,12.78,12.7,0.49,3.8583,10.6151,23145085,300478489.0,8052495000.0,2875947600.0
2015-10-21,'603126,中材节能,12.7,14.7,12.7,14.2,14.11,-1.41,-9.9929,15.5388,33880793,469670705.0,7753350000.0,2769108000.0
2015-10-20,'603126,中材节能,14.11,14.14,13.37,13.91,14.15,-0.04,-0.2827,10.5837,23076723,319704854.0,8614155000.0,3076544400.0
2015-10-19,'603126,中材节能,14.15,14.45,13.8,14.04,14.08,0.07,0.4972,14.6645,31974404,452408144.0,8638575000.0,3085266000.0
2015-10-16,'603126,中材节能,14.08,14.1,13.31,13.92,13.69,0.39,2.8488,15.962,34803513,480341387.0,8595840000.0,3070003200.0
2015-10-15,'603126,中材节能,13.69,13.75,12.53,12.54,12.83,0.86,6.703,14.2412,31051561,411964482.0,8357745000.0,2984967600.0
2015-10-14,'603126,中材节能,12.83,13.48,12.8,13.08,13.1,-0.27,-2.0611,11.1851,24387908,320897395.0,7832715000.0,2797453200.0
2015-10-13,'603126,中材节能,13.1,13.28,12.76,12.9,13.06,0.04,0.3063,9.7673,21296643,277699584.0,7997550000.0,2856324000.0
2015-10-12,'603126,中材节能,13.06,13.24,12.35,12.37,12.04,1.02,8.4718,12.1684,26531955,338583613.0,7973130000.0,2847602400.0
2015-10-09,'603126,中材节能,12.04,12.15,11.79,11.9,11.91,0.13,1.0915,6.267,13664620,163726297.0,7350420000.0,2625201600.0
2015-10-08,'603126,中材节能,11.91,12.12,11.7,11.81,11.33,0.58,5.1192,5.8569,12770480,151848846.0,7271055000.0,2596856400.0
2015-09-30,'603126,中材节能,11.33,11.53,11.22,11.38,11.36,-0.03,-0.2641,2.9316,6391962,72688286.0,6916965000.0,2470393200.0
2015-09-29,'603126,中材节能,11.36,11.78,11.22,11.65,11.94,-0.58,-4.8576,5.1895,11315226,129498393.0,6935280000.0,2476934400.0
2015-09-28,'603126,中材节能,11.94,12.0,11.39,11.9,11.77,0.17,1.4444,4.7237,10299513,121689286.0,7289370000.0,2603397600.0
2015-09-25,'603126,中材节能,11.77,12.65,11.58,12.21,12.3,-0.53,-4.3089,9.224,20112106,243493415.0,7185585000.0,2566330800.0
2015-09-24,'603126,中材节能,12.3,12.34,11.92,11.92,11.91,0.39,3.2746,8.9644,19545908,238194113.0,7509150000.0,2681892000.0
2015-09-23,'603126,中材节能,11.91,12.24,11.81,12.0,12.41,-0.5,-4.029,9.0263,19680876,236677253.0,7271055000.0,2596856400.0
2015-09-22,'603126,中材节能,12.41,12.8,11.8,12.25,12.14,0.27,2.2241,12.0403,26252604,323976923.0,7576305000.0,2705876400.0
2015-09-21,'603126,中材节能,12.14,12.18,11.12,11.3,11.51,0.63,5.4735,8.7351,19046009,223927456.0,7411470000.0,2647005600.0
2015-09-18,'603126,中材节能,11.51,11.68,11.07,11.45,11.24,0.27,2.4021,7.1497,15589172,177476522.0,7026855000.0,2509640400.0
2015-09-17,'603126,中材节能,11.24,12.5,11.11,11.72,11.7,-0.46,-3.9316,12.2765,26767692,318511104.0,6862020000.0,2450769600.0
2015-09-16,'603126,中材节能,11.7,11.7,10.62,10.64,10.64,1.06,9.9624,9.8833,21549473,240721249.0,7142850000.0,2551068000.0
2015-09-15,'603126,中材节能,10.64,11.68,10.64,11.13,11.82,-1.18,-9.9831,9.5818,20892218,229110651.0,6495720000.0,2319945600.0
2015-09-14,'603126,中材节能,11.82,13.95,11.68,13.3,12.98,-1.16,-8.9368,15.895,34657356,452192060.0,7216110000.0,2577232800.0
2015-09-11,'603126,中材节能,12.98,13.04,12.47,12.69,12.74,0.24,1.8838,8.6157,18785681,240021294.0,7924290000.0,2830159200.0
2015-09-10,'603126,中材节能,12.74,13.52,12.68,12.97,13.38,-0.64,-4.7833,11.8953,25936479,339569053.0,7777770000.0,2777829600.0
2015-09-09,'603126,中材节能,13.38,13.68,12.63,12.86,12.8,0.58,4.5313,17.4403,38026794,499045897.0,8168490000.0,2917375200.0
2015-09-08,'603126,中材节能,12.8,13.13,11.2,11.85,11.95,0.85,7.113,15.3249,33414318,400122054.0,7814400000.0,2790912000.0
2015-09-07,'603126,中材节能,11.95,11.95,11.11,11.49,10.86,1.09,10.0368,16.8402,36718313,433224845.0,7295475000.0,2605578000.0
2015-09-02,'603126,中材节能,10.86,12.7,10.76,11.0,11.88,-1.02,-8.5859,13.4337,29290888,339730191.0,6630030000.0,2367914400.0
2015-09-01,'603126,中材节能,11.88,12.87,11.88,12.6,13.2,-1.32,-10.0,12.213,26629226,323758771.0,7252740000.0,2590315200.0
2015-08-31,'603126,中材节能,13.2,14.2,13.0,13.5,13.11,0.09,0.6865,22.9212,49977400,677261441.0,8058600000.0,2878128000.0
2015-08-28,'603126,中材节能,13.11,13.11,12.3,12.38,11.92,1.19,9.9832,11.3494,24746294,319598530.0,8003655000.0,2858504400.0
2015-08-27,'603126,中材节能,11.92,11.92,10.06,11.15,10.84,1.08,9.9631,13.4989,29433082,328400245.0,7277160000.0,2599036800.0
2015-08-26,'603126,中材节能,10.84,12.64,10.84,11.99,12.04,-1.2,-9.9668,14.6492,31941009,370661348.0,6617820000.0,2363553600.0
2015-08-25,'603126,中材节能,12.04,12.5,12.04,12.04,13.38,-1.34,-10.0149,8.3844,18281439,220922877.0,7350420000.0,2625201600.0
2015-08-24,'603126,中材节能,13.38,13.91,13.38,13.45,14.87,-1.49,-10.0202,5.3699,11708493,157561896.0,8168490000.0,2917375200.0
2015-08-21,'603126,中材节能,14.87,16.65,14.87,15.2,16.52,-1.65,-9.9879,17.2009,37504752,579712189.0,9078135000.0,3242254800.0
2015-08-20,'603126,中材节能,16.52,18.16,16.52,17.77,18.36,-1.84,-10.0218,15.1419,33015402,565236514.0,10085460000.0,3602020800.0
2015-08-19,'603126,中材节能,18.36,19.39,16.85,16.91,18.72,-0.36,-1.9231,23.6538,51574782,906633180.0,11208780000.0,4003214400.0
2015-08-18,'603126,中材节能,18.72,20.5,18.72,20.03,20.8,-2.08,-10.0,22.0303,48034948,922349080.0,11428560000.0,4081708800.0
2015-08-17,'603126,中材节能,20.8,21.29,19.0,20.2,19.35,1.45,7.4935,34.7641,75799628,1545390788.0,12698400000.0,4535232000.0
2015-08-14,'603126,中材节能,19.35,19.35,17.21,17.71,17.59,1.76,10.0057,25.1498,54836652,1006495350.0,11813175000.0,4219074000.0
2015-08-13,'603126,中材节能,17.59,17.86,16.18,16.3,17.1,0.49,2.8655,22.5588,49187124,840419965.0,10738695000.0,3835323600.0
2015-08-12,'603126,中材节能,17.1,18.0,15.38,15.5,16.48,0.62,3.7621,25.467,55528345,932135466.0,10439550000.0,3728484000.0
2015-08-11,'603126,中材节能,16.48,16.48,16.3,16.48,14.98,1.5,10.0134,11.287,24610162,405248200.0,10061040000.0,3593299200.0
2015-08-10,'603126,中材节能,14.98,14.98,14.5,14.5,13.62,1.36,9.9853,2.4148,5265329,78713894.0,9145290000.0,3266239200.0
2015-08-07,'603126,中材节能,13.62,13.86,13.19,13.2,13.03,0.59,4.528,3.5716,7787594,105589560.0,8315010000.0,2969704800.0
2015-08-06,'603126,中材节能,13.03,13.55,12.9,13.1,13.51,-0.48,-3.5529,3.2526,7091989,93474587.0,7954815000.0,2841061200.0
2015-08-05,'603126,中材节能,13.51,14.19,13.19,13.82,13.82,-0.31,-2.2431,5.2804,11513404,158545730.0,8247855000.0,2945720400.0
2015-08-04,'603126,中材节能,13.82,13.82,12.58,12.59,12.56,1.26,10.0318,4.6754,10194349,135391203.0,8437110000.0,3013312800.0
2015-08-03,'603126,中材节能,12.56,13.76,12.37,13.74,13.74,-1.18,-8.5881,3.6455,7948710,102659854.0,7667880000.0,2738582400.0
2015-07-31,'603126,中材节能,13.74,14.85,13.26,14.23,14.57,-0.83,-5.6966,4.3285,9437853,132142005.0,8388270000.0,2995869600.0
2015-07-30,'603126,中材节能,14.57,15.74,14.04,15.01,15.29,-0.72,-4.709,13.1882,15825848,242664031.0,8894985000.0,1748400000.0
2015-07-29,'603126,中材节能,15.29,15.3,13.43,14.29,13.91,1.38,9.9209,12.9322,15518614,221650684.0,9334545000.0,1834800000.0
2015-07-28,'603126,中材节能,13.91,14.98,12.86,12.86,14.28,-0.37,-2.591,11.0228,13227303,181519725.0,8492055000.0,1669200000.0
2015-07-27,'603126,中材节能,14.28,16.35,14.25,15.32,15.83,-1.55,-9.7915,17.3388,20806574,319282254.0,8717940000.0,1713600000.0
2015-07-24,'603126,中材节能,15.83,16.14,14.89,15.1,15.14,0.69,4.5575,16.5839,19900648,309621453.0,9664215000.0,1899600000.0
2015-07-23,'603126,中材节能,15.14,15.44,14.11,14.67,14.67,0.47,3.2038,13.5602,16272294,241763739.0,9242970000.0,1816800000.0
2015-07-22,'603126,中材节能,14.67,14.77,13.23,13.5,13.49,1.18,8.7472,13.647,16376343,229320429.0,8956035000.0,1760400000.0
2015-07-21,'603126,中材节能,13.49,13.63,12.8,13.0,13.22,0.27,2.0424,7.7784,9334132,124706213.0,8235645000.0,1618800000.0
2015-07-20,'603126,中材节能,13.22,13.65,12.8,13.1,13.1,0.12,0.916,9.0156,10818677,143600438.0,8070810000.0,1586400000.0
2015-07-17,'603126,中材节能,13.1,13.34,12.18,12.18,12.22,0.88,7.2013,7.6852,9222195,117903282.0,7997550000.0,1572000000.0
2015-07-16,'603126,中材节能,12.22,12.8,11.05,11.19,12.28,-0.06,-0.4886,7.8095,9371387,113259059.0,7460310000.0,1466400000.0
2015-07-15,'603126,中材节能,12.28,13.35,12.28,13.35,13.64,-1.36,-9.9707,7.0432,8451861,106748736.0,7496940000.0,1473600000.0
2015-07-14,'603126,中材节能,13.64,14.3,12.89,13.5,13.02,0.62,4.7619,15.8363,19003542,259693121.0,8327220000.0,1636800000.0
2015-07-13,'603126,中材节能,13.02,13.02,12.29,12.8,11.84,1.18,9.9662,11.0781,13293694,171319658.0,7948710000.0,1562400000.0
2015-07-10,'603126,中材节能,11.84,11.84,11.28,11.35,10.76,1.08,10.0372,6.9222,8306605,97326222.0,7228320000.0,1420800000.0
2015-07-09,'603126,中材节能,10.76,10.76,8.8,8.8,9.78,0.98,10.0204,10.2556,12306761,124889713.0,6568980000.0,1291200000.0
2015-07-08,'603126,中材节能,0.0,0.0,0.0,0.0,9.78,None,None,0.0,0,0.0,5970690000.0,1173600000.0
2015-07-07,'603126,中材节能,9.78,10.51,9.78,10.4,10.87,-1.09,-10.0276,4.406,5287187,52865455.0,5970690000.0,1173600000.0
2015-07-06,'603126,中材节能,10.87,12.6,10.4,12.59,11.45,-0.58,-5.0655,8.2085,9850213,113431551.0,6636135000.0,1304400000.0
2015-07-03,'603126,中材节能,11.45,13.09,11.45,12.29,12.72,-1.27,-9.9843,6.9152,8298299,98663257.0,6990225000.0,1374000000.0
2015-07-02,'603126,中材节能,12.72,14.5,12.72,14.0,14.13,-1.41,-9.9788,7.3838,8860547,117946628.0,7765560000.0,1526400000.0
2015-07-01,'603126,中材节能,14.13,16.05,14.0,15.25,15.47,-1.34,-8.6619,8.5511,10261315,157998818.0,8626365000.0,1695600000.0
2015-06-30,'603126,中材节能,15.47,15.55,13.11,14.0,14.57,0.9,6.1771,9.4996,11399521,162729392.0,9444435000.0,1856400000.0
2015-06-29,'603126,中材节能,14.57,16.89,14.57,16.6,16.19,-1.62,-10.0062,7.8102,9372221,141774918.0,8894985000.0,1748400000.0
2015-06-26,'603126,中材节能,16.19,17.44,16.19,17.44,17.99,-1.8,-10.0056,5.9162,7099448,118399585.0,9883995000.0,1942800000.0
2015-06-25,'603126,中材节能,17.99,18.95,17.6,18.8,18.75,-0.76,-4.0533,6.1368,7364179,136664897.0,10982895000.0,2158800000.0
2015-06-24,'603126,中材节能,18.75,18.9,18.17,18.38,17.99,0.76,4.2246,6.8349,8201837,152300660.0,11446875000.0,2250000000.0
2015-06-23,'603126,中材节能,17.99,18.73,16.45,18.26,18.24,-0.25,-1.3706,5.9231,7107751,126824626.0,10982895000.0,2158800000.0
2015-06-19,'603126,中材节能,18.24,19.93,18.24,19.63,20.27,-2.03,-10.0148,5.1371,6164518,117293352.0,11135520000.0,2188800000.0
2015-06-18,'603126,中材节能,20.27,21.45,20.03,21.0,21.67,-1.4,-6.4605,6.3473,7616767,158755211.0,12374835000.0,2432400000.0
2015-06-17,'603126,中材节能,21.67,21.88,18.88,19.88,20.13,1.54,7.6503,10.2043,12245116,245948289.0,13229535000.0,2600400000.0
2015-06-16,'603126,中材节能,20.13,21.5,19.89,21.5,21.88,-1.75,-7.9982,9.3174,11180883,229438458.0,12289365000.0,2415600000.0
2015-06-15,'603126,中材节能,21.88,22.98,21.84,22.79,22.79,-0.91,-3.993,8.4474,10136823,225972384.0,13357740000.0,2625600000.0
2015-06-12,'603126,中材节能,22.79,23.1,22.65,22.72,22.7,0.09,0.3965,11.1568,13388154,306023192.0,13913295000.0,2734800000.0
2015-06-11,'603126,中材节能,22.7,22.78,22.1,22.51,22.42,0.28,1.2489,10.1767,12212068,274600214.0,13858350000.0,2724000000.0
2015-06-10,'603126,中材节能,22.42,22.6,21.45,21.75,21.79,0.63,2.8912,9.4175,11301026,251136973.0,13687410000.0,2690400000.0
2015-06-09,'603126,中材节能,21.79,22.2,21.51,21.6,21.6,0.19,0.8796,7.371,8845151,193034248.0,13302795000.0,2614800000.0
2015-06-08,'603126,中材节能,21.6,22.46,21.38,22.46,22.52,-0.92,-4.0853,11.0602,13272196,288468135.0,13186800000.0,2592000000.0
2015-06-05,'603126,中材节能,22.52,22.98,21.93,22.33,22.12,0.4,1.8083,12.4986,14998290,337267800.0,13748460000.0,2702400000.0
2015-06-04,'603126,中材节能,22.12,22.9,20.84,22.9,23.15,-1.03,-4.4492,13.2181,15861667,346580244.0,13504260000.0,2654400000.0
2015-06-03,'603126,中材节能,23.15,24.57,22.44,24.57,24.58,-1.43,-5.8177,15.5775,18693042,436327762.0,14133075000.0,2778000000.0
2015-06-02,'603126,中材节能,24.58,25.0,24.01,24.6,24.94,-0.36,-1.4435,14.9837,17980489,441016269.0,15006090000.0,2949600000.0
2015-06-01,'603126,中材节能,24.94,25.5,21.89,23.55,23.5,1.44,6.1277,20.6479,24777525,577629397.0,15225870000.0,2992800000.0
2015-05-29,'603126,中材节能,23.5,26.5,22.19,24.7,24.66,-1.16,-4.704,24.9692,29963039,722679834.0,14346750000.0,2820000000.0
2015-05-28,'603126,中材节能,24.66,26.03,24.5,24.52,23.66,1.0,4.2265,30.8196,36983570,944202719.0,15054930000.0,2959200000.0
2015-05-27,'603126,中材节能,23.66,23.66,21.69,21.69,21.51,2.15,9.9954,20.6479,24777472,567639409.0,14444430000.0,2839200000.0
2015-05-26,'603126,中材节能,21.51,21.51,19.5,19.56,19.55,1.96,10.0256,18.9874,22784867,463986918.0,13131855000.0,2581200000.0
2015-05-25,'603126,中材节能,19.55,19.76,18.45,19.0,19.3,0.25,1.2953,16.7763,20131616,386782962.0,11935275000.0,2346000000.0
2015-05-22,'603126,中材节能,19.3,21.1,19.01,20.1,19.27,0.03,0.1557,25.013,30015580,596757227.0,11782650000.0,2316000000.0
2015-05-21,'603126,DR中材节,19.27,19.27,18.07,18.08,17.52,1.75,9.9886,8.0249,9629912,183966792.0,11764335000.0,2312400000.0
2015-05-20,'603126,中材节能,26.36,27.5,25.1,25.16,25.16,1.2,4.7695,13.8751,11100060,291561972.0,10728520000.0,2108800000.0
2015-05-19,'603126,中材节能,25.16,25.58,24.5,25.0,25.27,-0.11,-0.4353,13.6812,10944985,274101378.0,10240120000.0,2012800000.0
2015-05-18,'603126,中材节能,25.27,25.29,22.6,22.85,22.99,2.28,9.9174,16.106,12884835,309080204.0,10284890000.0,2021600000.0
2015-05-15,'603126,中材节能,22.99,23.61,22.38,23.55,23.35,-0.36,-1.5418,12.1609,9728750,222724459.0,9356930000.0,1839200000.0
2015-05-14,'603126,中材节能,23.35,23.49,22.02,22.15,22.07,1.28,5.7997,16.8205,13456428,306740855.0,9503450000.0,1868000000.0
2015-05-13,'603126,中材节能,22.07,22.5,21.5,21.9,21.94,0.13,0.5925,10.0372,8029774,175817634.0,8982490000.0,1765600000.0
2015-05-12,'603126,中材节能,21.94,22.5,21.65,22.5,22.23,-0.29,-1.3045,9.4538,7563059,166096303.0,8929580000.0,1755200000.0
2015-05-11,'603126,中材节能,22.23,22.3,21.1,21.5,21.36,0.87,4.073,10.724,8579173,187907542.0,9047610000.0,1778400000.0
2015-05-08,'603126,中材节能,21.36,21.5,20.35,20.65,20.27,1.09,5.3774,5.8809,4704680,97732602.0,8693520000.0,1708800000.0
2015-05-07,'603126,中材节能,20.27,20.68,20.01,20.25,20.17,0.1,0.4958,5.2871,4229704,85872200.0,8249890000.0,1621600000.0
2015-05-06,'603126,中材节能,20.17,21.37,19.99,20.56,20.53,-0.36,-1.7535,6.8168,5453430,113357488.0,8209190000.0,1613600000.0
2015-05-05,'603126,中材节能,20.53,21.58,20.5,21.58,21.66,-1.13,-5.217,5.8478,4678208,98215845.0,8355710000.0,1642400000.0
2015-05-04,'603126,中材节能,21.66,21.68,20.72,21.12,21.06,0.6,2.849,6.6826,5346084,113508648.0,8815620000.0,1732800000.0
2015-04-30,'603126,中材节能,21.06,21.61,21.0,21.46,21.44,-0.38,-1.7724,6.0148,4811810,101650319.0,8571420000.0,1684800000.0
2015-04-29,'603126,中材节能,21.44,21.74,20.7,21.0,21.12,0.32,1.5152,6.1652,4932178,104934661.0,8726080000.0,1715200000.0
2015-04-28,'603126,中材节能,21.12,22.55,20.65,22.45,22.17,-1.05,-4.7361,12.1214,9697137,207885273.0,8595840000.0,1689600000.0
2015-04-27,'603126,中材节能,22.17,22.84,21.99,22.43,22.45,-0.28,-1.2472,9.4709,7576729,169074725.0,9023190000.0,1773600000.0
2015-04-24,'603126,中材节能,22.45,23.31,21.96,22.0,23.43,-0.98,-4.1827,14.4038,11523022,259105521.0,9137150000.0,1796000000.0
2015-04-23,'603126,中材节能,23.43,24.09,22.08,22.09,22.38,1.05,4.6917,19.3599,15487910,358563589.0,9536010000.0,1874400000.0
2015-04-22,'603126,中材节能,22.38,23.99,22.36,23.0,22.15,0.23,1.0384,27.2709,21816740,502581631.0,9108660000.0,1790400000.0
2015-04-21,'603126,中材节能,22.15,22.15,20.3,20.31,20.14,2.01,9.9801,18.3812,14704999,320306415.0,9015050000.0,1772000000.0
2015-04-20,'603126,中材节能,20.14,20.32,19.03,19.61,19.58,0.56,2.8601,16.7899,13431893,265913219.0,8196980000.0,1611200000.0
2015-04-17,'603126,中材节能,19.58,20.39,19.5,19.6,19.29,0.29,1.5034,11.6875,9350028,185442266.0,7969060000.0,1566400000.0
2015-04-16,'603126,中材节能,19.29,19.7,18.32,18.89,19.02,0.27,1.4196,6.3936,5114883,97847772.0,7851030000.0,1543200000.0
2015-04-15,'603126,中材节能,19.02,20.01,18.9,20.01,20.07,-1.05,-5.2317,7.7773,6221831,120845580.0,7741140000.0,1521600000.0
2015-04-14,'603126,中材节能,20.07,20.58,19.9,20.52,20.5,-0.43,-2.0976,9.7687,7814925,157259529.0,8168490000.0,1605600000.0
2015-04-13,'603126,中材节能,20.5,20.7,19.6,19.6,19.47,1.03,5.2902,13.8493,11079436,223524715.0,8343500000.0,1640000000.0
2015-04-10,'603126,中材节能,19.47,19.54,18.5,18.69,18.85,0.62,3.2891,8.0061,6404871,123727354.0,7924290000.0,1557600000.0
2015-04-09,'603126,中材节能,18.85,19.79,18.08,19.44,19.43,-0.58,-2.9851,11.0061,8804888,165726947.0,7671950000.0,1508000000.0
2015-04-08,'603126,中材节能,19.43,20.2,19.15,20.13,20.14,-0.71,-3.5253,12.2523,9801857,192662119.0,7908010000.0,1554400000.0
2015-04-07,'603126,中材节能,20.14,20.46,19.89,20.03,19.97,0.17,0.8513,13.157,10525630,210977664.0,8196980000.0,1611200000.0
2015-04-03,'603126,中材节能,19.97,20.78,19.51,19.8,20.03,-0.06,-0.2996,17.1621,13729668,276156329.0,8127790000.0,1597600000.0
2015-04-02,'603126,中材节能,20.03,20.46,18.51,18.7,18.63,1.4,7.5148,20.4385,16350814,318592612.0,8152210000.0,1602400000.0
2015-04-01,'603126,中材节能,18.63,18.85,17.54,17.67,17.63,1.0,5.6721,19.1071,15285705,281314779.0,7582410000.0,1490400000.0
2015-03-31,'603126,中材节能,17.63,17.97,16.96,17.13,17.12,0.51,2.979,16.3163,13053073,227717566.0,7175410000.0,1410400000.0
2015-03-30,'603126,中材节能,17.12,17.19,16.85,17.07,17.06,0.06,0.3517,9.8943,7915450,134612829.0,6967840000.0,1369600000.0
2015-03-27,'603126,中材节能,17.06,17.24,16.9,17.1,17.07,-0.01,-0.0586,7.1814,5745088,97917744.0,6943420000.0,1364800000.0
2015-03-26,'603126,中材节能,17.07,17.6,16.85,17.57,17.57,-0.5,-2.8458,13.6348,10907841,187772157.0,6947490000.0,1365600000.0
2015-03-25,'603126,中材节能,17.57,17.59,16.4,16.66,16.65,0.92,5.5255,20.1829,16146352,276848833.0,7150990000.0,1405600000.0
2015-03-24,'603126,中材节能,16.65,17.17,16.32,17.0,16.98,-0.33,-1.9435,10.7983,8638645,144492410.0,6776550000.0,1332000000.0
2015-03-23,'603126,中材节能,16.98,16.99,16.66,16.75,16.71,0.27,1.6158,12.8223,10257870,172238827.0,6910860000.0,1358400000.0
2015-03-20,'603126,中材节能,16.71,16.79,16.56,16.7,16.7,0.01,0.0599,8.4831,6786452,112968951.0,6800970000.0,1336800000.0
2015-03-19,'603126,中材节能,16.7,16.81,16.5,16.76,16.68,0.02,0.1199,10.8829,8706343,145011311.0,6796900000.0,1336000000.0
2015-03-18,'603126,中材节能,16.68,16.69,16.2,16.39,16.35,0.33,2.0183,11.5627,9250174,152683553.0,6788760000.0,1334400000.0
2015-03-17,'603126,中材节能,16.35,16.39,16.11,16.24,16.24,0.11,0.6773,8.7786,7022902,114091661.0,6654450000.0,1308000000.0
2015-03-16,'603126,中材节能,16.24,16.47,16.0,16.0,15.86,0.38,2.396,7.5776,6062090,98705355.0,6609680000.0,1299200000.0
2015-03-13,'603126,中材节能,15.86,15.9,15.7,15.7,15.68,0.18,1.148,3.06,2448013,38727670.0,6455020000.0,1268800000.0
2015-03-12,'603126,中材节能,15.68,15.87,15.56,15.68,15.68,0.0,0.0,3.4383,2750626,43199542.0,6381760000.0,1254400000.0
2015-03-11,'603126,中材节能,15.68,16.01,15.6,16.01,16.01,-0.33,-2.0612,5.0992,4079359,64331772.0,6381760000.0,1254400000.0
2015-03-10,'603126,中材节能,16.01,16.19,15.84,16.1,16.08,-0.07,-0.4353,4.3625,3489979,55808560.0,6516070000.0,1280800000.0
2015-03-09,'603126,中材节能,16.08,16.16,15.7,16.05,16.29,-0.21,-1.2891,4.8578,3886255,61823607.0,6544560000.0,1286400000.0
2015-03-06,'603126,中材节能,16.29,16.8,16.15,16.43,15.96,0.33,2.0677,9.7595,7807581,128201119.0,6630030000.0,1303200000.0
2015-03-05,'603126,中材节能,15.96,16.38,15.8,16.3,16.2,-0.24,-1.4815,7.1416,5713305,91316964.0,6495720000.0,1276800000.0
2015-03-04,'603126,中材节能,16.2,16.38,16.0,16.38,16.4,-0.2,-1.2195,7.5374,6029914,97120792.0,6593400000.0,1296000000.0
2015-03-03,'603126,中材节能,16.4,17.05,16.39,16.75,16.88,-0.48,-2.8436,15.7385,12590807,210726875.0,6674800000.0,1312000000.0
2015-03-02,'603126,中材节能,16.88,17.02,16.1,16.1,15.85,1.03,6.4984,18.0755,14460389,241886961.0,6870160000.0,1350400000.0
2015-02-27,'603126,中材节能,15.85,16.11,15.0,15.0,14.89,0.96,6.4473,15.3761,12300863,192716669.0,6450950000.0,1268000000.0
2015-02-26,'603126,中材节能,14.89,14.99,14.71,14.9,14.88,0.01,0.0672,2.7205,2176402,32314378.0,6060230000.0,1191200000.0
2015-02-25,'603126,中材节能,14.88,15.05,14.67,14.67,14.65,0.23,1.57,4.578,3662366,54631601.0,6056160000.0,1190400000.0
2015-02-17,'603126,中材节能,14.65,14.75,14.58,14.7,14.7,-0.05,-0.3401,2.309,1847170,27002197.0,5962550000.0,1172000000.0
2015-02-16,'603126,中材节能,14.7,14.74,14.63,14.63,14.62,0.08,0.5472,2.4486,1958893,28768018.0,5982900000.0,1176000000.0
2015-02-13,'603126,中材节能,14.62,14.8,14.43,14.47,14.38,0.24,1.669,3.3501,2680066,39218679.0,5950340000.0,1169600000.0
2015-02-12,'603126,中材节能,14.38,14.4,14.19,14.19,14.19,0.19,1.339,1.8868,1509410,21613105.0,5852660000.0,1150400000.0
2015-02-11,'603126,中材节能,14.19,14.23,14.08,14.12,14.12,0.07,0.4958,1.2859,1028737,14563715.0,5775330000.0,1135200000.0
2015-02-10,'603126,中材节能,14.12,14.15,13.98,14.06,14.06,0.06,0.4267,1.6095,1287626,18058273.0,5746840000.0,1129600000.0
2015-02-09,'603126,中材节能,14.06,14.2,13.91,14.04,14.04,0.02,0.1425,1.3967,1117352,15702081.0,5722420000.0,1124800000.0
2015-02-06,'603126,中材节能,14.04,14.39,14.01,14.26,14.25,-0.21,-1.4737,2.024,1619223,22834203.0,5714280000.0,1123200000.0
2015-02-05,'603126,中材节能,14.25,14.76,14.21,14.76,14.56,-0.31,-2.1291,4.031,3224797,46394612.0,5799750000.0,1140000000.0
2015-02-04,'603126,中材节能,14.56,14.82,14.48,14.77,14.77,-0.21,-1.4218,2.9394,2351502,34487549.0,5925920000.0,1164800000.0
2015-02-03,'603126,中材节能,14.77,14.79,14.55,14.6,14.55,0.22,1.512,2.0571,1645711,24136894.0,6011390000.0,1181600000.0
2015-02-02,'603126,中材节能,14.55,14.65,14.42,14.6,14.7,-0.15,-1.0204,1.5919,1273516,18508421.0,5921850000.0,1164000000.0
2015-01-30,'603126,中材节能,14.7,14.93,14.59,14.71,14.71,-0.01,-0.068,2.0638,1651010,24339036.0,5982900000.0,1176000000.0
2015-01-29,'603126,中材节能,14.71,15.12,14.68,15.0,15.05,-0.34,-2.2591,3.4747,2779769,41419493.0,5986970000.0,1176800000.0
2015-01-28,'603126,中材节能,15.05,15.19,14.9,14.99,15.03,0.02,0.1331,2.5672,2053749,30985734.0,6125350000.0,1204000000.0
2015-01-27,'603126,中材节能,15.03,15.19,14.86,15.1,15.13,-0.1,-0.6609,2.7458,2196634,33073943.0,6117210000.0,1202400000.0
2015-01-26,'603126,中材节能,15.13,15.19,14.9,14.94,14.94,0.19,1.2718,3.2583,2606656,39285636.0,6157910000.0,1210400000.0
2015-01-23,'603126,中材节能,14.94,15.35,14.91,15.28,15.36,-0.42,-2.7344,4.4682,3574595,53903471.0,6080580000.0,1195200000.0
2015-01-22,'603126,中材节能,15.36,15.38,14.86,15.15,15.15,0.21,1.3861,6.5221,5217684,78932262.0,6251520000.0,1228800000.0
2015-01-21,'603126,中材节能,15.15,15.3,15.0,15.0,14.95,0.2,1.3378,7.8827,6306170,95464062.0,6166050000.0,1212000000.0
2015-01-20,'603126,中材节能,14.95,14.96,14.4,14.4,14.22,0.73,5.1336,7.176,5740827,84669575.0,6084650000.0,1196000000.0
2015-01-19,'603126,中材节能,14.22,14.83,14.0,14.3,14.55,-0.33,-2.268,4.2144,3371535,48762201.0,5787540000.0,1137600000.0
2015-01-16,'603126,中材节能,14.55,14.6,14.25,14.3,14.34,0.21,1.4644,3.0365,2429201,35165920.0,5921850000.0,1164000000.0
2015-01-15,'603126,中材节能,14.34,14.59,14.14,14.14,14.13,0.21,1.4862,2.4659,1972689,28400657.0,5836380000.0,1147200000.0
2015-01-14,'603126,中材节能,14.13,14.47,14.0,14.2,14.2,-0.07,-0.493,2.204,1763201,25112590.0,5750910000.0,1130400000.0
2015-01-13,'603126,中材节能,14.2,14.27,14.05,14.08,14.1,0.1,0.7092,1.6417,1313391,18624720.0,5779400000.0,1136000000.0
2015-01-12,'603126,中材节能,14.1,14.46,14.02,14.46,14.51,-0.41,-2.8256,2.8974,2317914,32779012.0,5738700000.0,1128000000.0
2015-01-09,'603126,中材节能,14.51,14.9,14.32,14.6,14.72,-0.21,-1.4266,3.9557,3164539,46331576.0,5905570000.0,1160800000.0
2015-01-08,'603126,中材节能,14.72,15.2,14.42,14.42,14.42,0.3,2.0804,7.5071,6005685,89468023.0,5991040000.0,1177600000.0
2015-01-07,'603126,中材节能,14.42,14.7,14.3,14.7,14.82,-0.4,-2.6991,4.3269,3461483,50032083.0,5868940000.0,1153600000.0
2015-01-06,'603126,中材节能,14.82,14.96,13.92,14.2,14.24,0.58,4.073,5.5053,4404251,63858504.0,6031740000.0,1185600000.0
2015-01-05,'603126,中材节能,14.24,14.46,13.8,14.43,14.43,-0.19,-1.3167,4.0785,3262834,45967808.0,5795680000.0,1139200000.0
2014-12-31,'603126,中材节能,14.43,14.45,14.23,14.41,14.44,-0.01,-0.0693,2.4596,1967664,28190617.0,5873010000.0,1154400000.0
2014-12-30,'603126,中材节能,14.44,14.79,14.28,14.75,14.78,-0.34,-2.3004,4.094,3275183,47277861.0,5877080000.0,1155200000.0
2014-12-29,'603126,中材节能,14.78,15.36,14.75,15.1,15.04,-0.26,-1.7287,4.1266,3301268,49508585.0,6015460000.0,1182400000.0
2014-12-26,'603126,中材节能,15.04,15.14,14.7,14.89,14.92,0.12,0.8043,3.5932,2874564,43039470.0,6121280000.0,1203200000.0
2014-12-25,'603126,中材节能,14.92,15.0,14.6,14.94,14.91,0.01,0.0671,3.5558,2844661,42224774.0,6072440000.0,1193600000.0
2014-12-24,'603126,中材节能,14.91,14.98,14.62,14.75,14.62,0.29,1.9836,3.358,2686398,39800079.0,6068370000.0,1192800000.0
2014-12-23,'603126,中材节能,14.62,15.2,14.27,14.49,14.69,-0.07,-0.4765,3.7911,3032906,44667360.0,5950340000.0,1169600000.0
2014-12-22,'603126,中材节能,14.69,15.6,14.18,15.58,15.76,-1.07,-6.7893,6.6115,5289160,77624272.0,5978830000.0,1175200000.0
2014-12-19,'603126,中材节能,15.76,16.07,15.53,16.05,16.25,-0.49,-3.0154,6.2222,4977723,78287025.0,6414320000.0,1260800000.0
2014-12-18,'603126,中材节能,16.25,16.52,15.58,15.76,15.76,0.49,3.1091,10.1626,8130106,132289756.0,6613750000.0,1300000000.0
2014-12-17,'603126,中材节能,15.76,16.17,15.6,16.17,16.28,-0.52,-3.1941,7.8298,6263831,98667357.0,6414320000.0,1260800000.0
2014-12-16,'603126,中材节能,16.28,16.67,16.17,16.31,16.24,0.04,0.2463,7.51,6008003,98357146.0,6625960000.0,1302400000.0
2014-12-15,'603126,中材节能,16.24,16.68,15.95,16.6,16.48,-0.24,-1.4563,7.7848,6227876,100786408.0,6609680000.0,1299200000.0
2014-12-12,'603126,中材节能,16.48,17.15,16.36,17.02,16.35,0.13,0.7951,12.4505,9960379,165972799.0,6707360000.0,1318400000.0
2014-12-11,'603126,中材节能,16.35,16.8,16.14,16.14,15.84,0.51,3.2197,19.5458,15636660,258573588.0,6654450000.0,1308000000.0
2014-12-10,'603126,中材节能,15.84,15.84,14.4,14.43,14.4,1.44,10.0,12.8688,10295073,158325249.0,6446880000.0,1267200000.0
2014-12-09,'603126,中材节能,14.4,15.74,14.35,15.74,15.8,-1.4,-8.8608,11.9437,9554924,143743125.0,5860800000.0,1152000000.0
2014-12-08,'603126,中材节能,15.8,15.94,15.35,15.66,15.7,0.1,0.6369,7.5586,6046913,94370731.0,6430600000.0,1264000000.0
2014-12-05,'603126,中材节能,15.7,16.4,15.37,16.4,16.43,-0.73,-4.4431,10.8924,8713953,138295383.0,6389900000.0,1256000000.0
2014-12-04,'603126,中材节能,16.43,16.53,16.25,16.53,16.54,-0.11,-0.6651,10.1345,8107624,132721076.0,6687010000.0,1314400000.0
2014-12-03,'603126,中材节能,16.54,17.09,16.3,16.83,16.92,-0.38,-2.2459,11.2813,9025059,149220620.0,6731780000.0,1323200000.0
2014-12-02,'603126,中材节能,16.92,17.39,16.3,16.39,16.54,0.38,2.2975,15.3067,12245338,207972428.0,6886440000.0,1353600000.0
2014-12-01,'603126,中材节能,16.54,16.56,15.89,16.13,16.32,0.22,1.348,8.6817,6945396,112885386.0,6731780000.0,1323200000.0
2014-11-28,'603126,中材节能,16.32,16.93,16.13,16.69,16.77,-0.45,-2.6834,12.6236,10098910,165848243.0,6642240000.0,1305600000.0
2014-11-27,'603126,中材节能,16.77,17.44,16.52,17.1,17.11,-0.34,-1.9871,15.3385,12270808,208098430.0,6825390000.0,1341600000.0
2014-11-26,'603126,中材节能,17.11,17.6,16.95,17.18,17.35,-0.24,-1.3833,16.9593,13567477,233519393.0,6963770000.0,1368800000.0
2014-11-25,'603126,中材节能,17.35,17.43,16.9,17.0,17.33,0.02,0.1154,19.0821,15265678,261475153.0,7061450000.0,1388000000.0
2014-11-24,'603126,中材节能,17.33,17.48,16.2,16.51,16.39,0.94,5.7352,25.525,20419978,348202998.0,7053310000.0,1386400000.0
2014-11-21,'603126,中材节能,16.39,16.96,16.19,16.19,16.48,-0.09,-0.5461,15.7595,12607567,210105663.0,6670730000.0,1311200000.0
2014-11-20,'603126,中材节能,16.48,16.8,15.85,16.03,16.26,0.22,1.353,12.9136,10330842,169266638.0,6707360000.0,1318400000.0
2014-11-19,'603126,中材节能,16.26,16.93,16.18,16.5,16.82,-0.56,-3.3294,13.5159,10812745,177446922.0,6617820000.0,1300800000.0
2014-11-18,'603126,中材节能,16.82,17.27,15.75,16.05,16.24,0.58,3.5714,18.8919,15113542,251664537.0,6845740000.0,1345600000.0
2014-11-17,'603126,中材节能,16.24,16.75,15.19,15.65,16.82,-0.58,-3.4483,19.7446,15795659,253655650.0,6609680000.0,1299200000.0
2014-11-14,'603126,中材节能,16.82,18.63,16.82,18.63,18.69,-1.87,-10.0054,36.6059,29284730,512199542.0,6845740000.0,1345600000.0
2014-11-13,'603126,中材节能,18.69,18.69,16.33,16.5,16.99,1.7,10.0059,37.191,29752776,538649841.0,7606830000.0,1495200000.0
2014-11-12,'603126,中材节能,16.99,17.3,15.03,15.78,15.89,1.1,6.9226,30.0026,24002068,400837359.0,6914930000.0,1359200000.0
2014-11-11,'603126,中材节能,15.89,16.92,15.55,16.78,17.13,-1.24,-7.2388,22.3547,17883742,291980483.0,6467230000.0,1271200000.0
2014-11-10,'603126,中材节能,17.13,17.8,16.11,16.65,16.99,0.14,0.824,37.427,29941637,504553397.0,6971910000.0,1370400000.0
2014-11-07,'603126,中材节能,16.99,17.24,15.51,15.65,15.67,1.32,8.4237,46.4557,37164532,625862097.0,6914930000.0,1359200000.0
2014-11-06,'603126,中材节能,15.67,15.96,14.78,15.0,15.08,0.59,3.9125,24.9675,19974011,307277075.0,6377690000.0,1253600000.0
2014-11-05,'603126,中材节能,15.08,15.7,14.5,14.55,14.56,0.52,3.5714,17.843,14274386,216657336.0,6137560000.0,1206400000.0
2014-11-04,'603126,中材节能,14.56,14.85,14.45,14.7,14.86,-0.3,-2.0188,7.9624,6369950,92972749.0,5925920000.0,1164800000.0
2014-11-03,'603126,中材节能,14.86,14.97,14.14,14.2,14.24,0.62,4.3539,12.986,10388808,151927653.0,6048020000.0,1188800000.0
2014-10-31,'603126,中材节能,14.24,14.35,14.07,14.12,14.12,0.12,0.8499,6.908,5526420,78570924.0,5795680000.0,1139200000.0
2014-10-30,'603126,中材节能,14.12,14.48,14.0,14.47,14.46,-0.34,-2.3513,9.3431,7474509,105872395.0,5746840000.0,1129600000.0
2014-10-29,'603126,中材节能,14.46,14.48,13.84,13.9,13.87,0.59,4.2538,10.8183,8654676,122551678.0,5885220000.0,1156800000.0
2014-10-28,'603126,中材节能,13.87,13.92,13.54,13.54,13.39,0.48,3.5848,8.3979,6718336,92127203.0,5645090000.0,1109600000.0
2014-10-27,'603126,中材节能,13.39,13.87,12.78,13.87,14.09,-0.7,-4.9681,9.3314,7465095,99160731.0,5449730000.0,1071200000.0
2014-10-24,'603126,中材节能,14.09,14.97,14.0,14.82,14.91,-0.82,-5.4997,11.945,9555994,137473028.0,5734630000.0,1127200000.0
2014-10-23,'603126,中材节能,14.91,15.58,14.8,15.3,15.78,-0.87,-5.5133,16.1768,12941469,195974193.0,6068370000.0,1192800000.0
2014-10-22,'603126,中材节能,15.78,16.2,14.78,14.87,14.87,0.91,6.1197,36.3217,29057381,454002216.0,6422460000.0,1262400000.0
2014-10-21,'603126,中材节能,14.87,14.89,13.94,14.14,14.14,0.73,5.1627,17.9227,14338120,209347230.0,6052090000.0,1189600000.0
2014-10-20,'603126,中材节能,14.14,14.25,13.9,14.03,14.09,0.05,0.3549,4.0857,3268563,46022834.0,5754980000.0,1131200000.0
2014-10-17,'603126,中材节能,14.09,14.32,13.61,14.19,14.21,-0.12,-0.8445,5.6639,4531113,63340098.0,5734630000.0,1127200000.0
2014-10-16,'603126,中材节能,14.21,14.48,14.2,14.3,14.32,-0.11,-0.7682,4.4283,3542618,50793752.0,5783470000.0,1136800000.0
2014-10-15,'603126,中材节能,14.32,14.47,14.21,14.43,14.37,-0.05,-0.3479,3.2523,2601814,37258689.0,5828240000.0,1145600000.0
2014-10-14,'603126,中材节能,14.37,14.64,14.35,14.48,14.46,-0.09,-0.6224,3.5816,2865251,41422735.0,5848590000.0,1149600000.0
2014-10-13,'603126,中材节能,14.46,14.63,14.35,14.6,14.63,-0.17,-1.162,3.9581,3166483,45648269.0,5885220000.0,1156800000.0
2014-10-10,'603126,中材节能,14.63,14.81,14.6,14.8,14.88,-0.25,-1.6801,5.2504,4200359,61568156.0,5954410000.0,1170400000.0
2014-10-09,'603126,中材节能,14.88,14.98,14.66,14.77,14.75,0.13,0.8814,7.8913,6313004,93720762.0,6056160000.0,1190400000.0
2014-10-08,'603126,中材节能,14.75,14.77,14.44,14.57,14.48,0.27,1.8646,5.8976,4718044,69366065.0,6003250000.0,1180000000.0
2014-09-30,'603126,中材节能,14.48,14.54,14.39,14.4,14.4,0.08,0.5556,3.1848,2547835,36853557.0,5893360000.0,1158400000.0
2014-09-29,'603126,中材节能,14.4,14.57,14.36,14.39,14.37,0.03,0.2088,3.9991,3199298,46190782.0,5860800000.0,1152000000.0
2014-09-26,'603126,中材节能,14.37,14.46,14.27,14.35,14.48,-0.11,-0.7597,4.3252,3460175,49679504.0,5848590000.0,1149600000.0
2014-09-25,'603126,中材节能,14.48,14.91,14.31,14.85,14.82,-0.34,-2.2942,7.6043,6083460,89301268.0,5893360000.0,1158400000.0
2014-09-24,'603126,中材节能,14.82,14.88,14.62,14.8,14.85,-0.03,-0.202,6.3797,5103756,75396035.0,6031740000.0,1185600000.0
2014-09-23,'603126,中材节能,14.85,14.98,14.65,14.71,14.86,-0.01,-0.0673,6.6663,5333030,78990220.0,6043950000.0,1188000000.0
2014-09-22,'603126,中材节能,14.86,15.17,14.16,14.48,14.61,0.25,1.7112,11.1993,8959458,131813147.0,6048020000.0,1188800000.0
2014-09-19,'603126,中材节能,14.61,14.68,14.27,14.38,14.3,0.31,2.1678,5.8889,4711132,68236739.0,5946270000.0,1168800000.0
2014-09-18,'603126,中材节能,14.3,14.45,14.2,14.45,14.48,-0.18,-1.2431,4.4115,3529231,50422468.0,5820100000.0,1144000000.0
2014-09-17,'603126,中材节能,14.48,14.53,14.02,14.26,14.31,0.17,1.188,6.4809,5184750,74204418.0,5893360000.0,1158400000.0
2014-09-16,'603126,中材节能,14.31,15.1,14.28,15.1,15.1,-0.79,-5.2318,14.7593,11807404,173260861.0,5824170000.0,1144800000.0
2014-09-15,'603126,中材节能,15.1,15.2,15.02,15.2,15.26,-0.16,-1.0485,8.4796,6783693,102325551.0,6145700000.0,1208000000.0
2014-09-12,'603126,中材节能,15.26,15.28,15.0,15.1,15.19,0.07,0.4608,8.955,7163968,108343916.0,6210820000.0,1220800000.0
2014-09-11,'603126,中材节能,15.19,15.56,15.02,15.5,15.46,-0.27,-1.7464,14.6814,11745139,179323654.0,6182330000.0,1215200000.0
2014-09-10,'603126,中材节能,15.46,15.55,14.81,15.03,15.09,0.37,2.452,18.4939,14795108,226094655.0,6292220000.0,1236800000.0
2014-09-09,'603126,中材节能,15.09,15.3,14.78,15.28,15.33,-0.24,-1.5656,14.7592,11807363,177116408.0,6141630000.0,1207200000.0
2014-09-05,'603126,中材节能,15.33,15.72,15.16,15.28,15.39,-0.06,-0.3899,15.6802,12544157,192850880.0,6239310000.0,1226400000.0
2014-09-04,'603126,中材节能,15.39,15.59,14.82,15.05,15.53,-0.14,-0.9015,22.6276,18102074,275635397.0,6263730000.0,1231200000.0
2014-09-03,'603126,中材节能,15.53,16.48,15.4,15.77,15.42,0.11,0.7134,32.8833,26306600,415798114.0,6320710000.0,1242400000.0
2014-09-02,'603126,中材节能,15.42,15.77,14.64,14.77,14.74,0.68,4.6133,28.9367,23149339,352777712.0,6275940000.0,1233600000.0
2014-09-01,'603126,中材节能,14.74,14.81,14.15,14.3,14.49,0.25,1.7253,17.0753,13660236,199070866.0,5999180000.0,1179200000.0
2014-08-29,'603126,中材节能,14.49,14.76,14.0,14.39,14.31,0.18,1.2579,19.9042,15923369,230182852.0,5897430000.0,1159200000.0
2014-08-28,'603126,中材节能,14.31,14.95,14.12,14.75,15.19,-0.88,-5.7933,30.9767,24781347,358313194.0,5824170000.0,1144800000.0
2014-08-27,'603126,中材节能,15.19,15.92,15.0,15.6,15.42,-0.23,-1.4916,30.5242,24419322,377856072.0,6182330000.0,1215200000.0
2014-08-26,'603126,中材节能,15.42,16.3,14.83,15.26,16.43,-1.01,-6.1473,46.6215,37297216,574128931.0,6275940000.0,1233600000.0
2014-08-25,'603126,中材节能,16.43,17.55,15.27,15.71,15.95,0.48,3.0094,53.7174,42973914,716504755.0,6687010000.0,1314400000.0
2014-08-22,'603126,中材节能,15.95,17.89,15.35,17.83,17.06,-1.11,-6.5064,56.0863,44869007,728472074.0,6491650000.0,1276000000.0
2014-08-21,'603126,中材节能,17.06,17.06,16.21,16.4,15.51,1.55,9.9936,21.8276,17462070,292563697.0,6943420000.0,1364800000.0
2014-08-20,'603126,中材节能,15.51,15.51,14.73,14.9,14.1,1.41,10.0,35.5463,28437078,432939110.0,6312570000.0,1240800000.0
2014-08-19,'603126,中材节能,14.1,14.1,12.82,13.0,12.82,1.28,9.9844,29.696,23756787,321760187.0,5738700000.0,1128000000.0
2014-08-18,'603126,中材节能,12.82,12.82,11.42,11.43,11.65,1.17,10.0429,54.3881,43510475,537603233.0,5217740000.0,1025600000.0
2014-08-15,'603126,中材节能,11.65,12.4,11.45,12.3,12.7,-1.05,-8.2677,48.4114,38729151,461797460.0,4741550000.0,932000000.0
2014-08-14,'603126,中材节能,12.7,12.91,11.92,11.92,11.74,0.96,8.1772,75.9195,60735570,759606518.0,5168900000.0,1016000000.0
2014-08-13,'603126,中材节能,11.74,11.74,11.74,11.74,10.67,1.07,10.0281,55.1735,44138794,518189442.0,4778180000.0,939200000.0
2014-08-12,'603126,中材节能,10.67,10.67,10.67,10.67,9.7,0.97,10.0,2.8759,2300689,24548352.0,4342690000.0,853600000.0
2014-08-11,'603126,中材节能,9.7,9.7,9.7,9.7,8.82,0.88,9.9773,1.3326,1066054,10340724.0,3947900000.0,776000000.0
2014-08-08,'603126,中材节能,8.82,8.82,8.82,8.82,8.02,0.8,9.9751,1.483,1186378,10463854.0,3589740000.0,705600000.0
2014-08-07,'603126,中材节能,8.02,8.02,8.02,8.02,7.29,0.73,10.0137,0.7523,601846,4826805.0,3264140000.0,641600000.0
2014-08-06,'603126,中材节能,7.29,7.29,7.29,7.29,6.63,0.66,9.9548,0.4491,359290,2619224.0,2967030000.0,583200000.0
2014-08-05,'603126,中材节能,6.63,6.63,6.63,6.63,6.03,0.6,9.9502,0.335,267980,1776707.0,2698410000.0,530400000.0
2014-08-04,'603126,中材节能,6.03,6.03,6.03,6.03,5.48,0.55,10.0365,0.1406,112451,678080.0,2454210000.0,482400000.0
2014-08-01,'603126,中材节能,5.48,5.48,5.48,5.48,4.98,0.5,10.0402,0.2193,175434,961378.0,2230360000.0,438400000.0
2014-07-31,'603126,N中材,4.98,4.98,4.15,4.15,3.46,1.52,43.9306,0.3705,296429,1467003.0,2026860000.0,398400000.0
