日期,股票代码,名称,收盘价,最高价,最低价,开盘价,前收盘,涨跌额,涨跌幅,换手率,成交量,成交金额,总市值,流通市值
2017-05-15,'603169,兰石重装,11.83,12.21,11.74,12.05,12.19,-0.36,-2.9532,3.2934,15356107,183549197.0,12130666193.1,5515987751.82
2017-05-12,'603169,兰石重装,12.19,12.48,12.02,12.45,12.48,-0.29,-2.3237,3.4309,15997385,195765617.0,12499815798.3,5683845367.26
2017-05-11,'603169,兰石重装,12.48,12.55,12.0,12.3,12.41,0.07,0.5641,4.4329,20669240,254150018.0,12797186313.6,5819064001.92
2017-05-10,'603169,兰石重装,12.41,12.95,11.76,11.98,12.08,0.33,2.7318,6.2046,28930277,356916814.0,12725407223.7,5786425021.14
2017-05-09,'603169,兰石重装,12.08,12.14,11.32,11.83,11.92,0.16,1.3423,4.0365,18820957,219664410.0,12387020085.6,5632555540.32
2017-05-08,'603169,兰石重装,11.92,12.66,11.81,12.65,12.67,-0.75,-5.9195,4.9679,23163903,281868313.0,12222953594.4,5557952155.68
2017-05-05,'603169,兰石重装,12.67,13.14,12.27,12.55,12.27,0.4,3.26,9.6124,44820020,571924677.0,12992015271.9,5907655521.18
2017-05-04,'603169,兰石重装,12.27,12.27,12.01,12.25,11.15,1.12,10.0448,5.708,26614743,325537172.0,12581849043.9,5721147059.58
2017-05-03,'603169,兰石重装,11.15,11.15,11.15,11.15,10.14,1.01,9.9606,0.4283,1997241,22269237.0,11433383605.5,5198923367.1
2017-05-02,'603169,兰石重装,10.14,10.23,9.95,10.23,10.48,-0.34,-3.2443,1.8969,8844761,89330934.0,10397713879.8,4727989501.56
2017-04-28,'603169,兰石重装,10.48,10.7,10.42,10.7,10.64,-0.16,-1.5038,1.5059,7021372,73901487.0,10746355173.6,4886521693.92
2017-04-27,'603169,兰石重装,10.64,10.65,10.14,10.5,10.36,0.28,2.7027,1.9745,9206614,96088612.0,10910421664.8,4961125078.56
2017-04-26,'603169,兰石重装,10.36,10.59,10.25,10.58,10.57,-0.21,-1.9868,1.6816,7840864,81643943.0,10623305305.2,4830569155.44
2017-04-25,'603169,兰石重装,10.57,10.69,10.29,10.52,10.56,0.01,0.0947,1.2782,5959776,62822818.0,10838642574.9,4928486097.78
2017-04-24,'603169,兰石重装,10.56,11.78,10.56,11.7,11.73,-1.17,-9.9744,2.5835,12045900,131327690.0,10828388419.2,4923823386.24
2017-04-21,'603169,兰石重装,11.73,11.79,11.6,11.79,11.7,0.03,0.2564,0.9012,4202256,49172517.0,12028124636.1,5469360636.42
2017-04-20,'603169,兰石重装,11.7,12.16,11.6,12.0,11.96,-0.26,-2.1739,1.5966,7444511,88267218.0,11997362169.0,5455372501.8
2017-04-19,'603169,兰石重装,11.96,12.4,11.86,12.4,12.5,-0.54,-4.32,1.8681,8710183,104625989.0,12263970217.2,5576603001.84
2017-04-18,'603169,兰石重装,12.5,13.15,12.37,13.11,13.12,-0.62,-4.7256,2.6063,12152412,154578768.0,12817694625.0,5828389425.0
2017-04-17,'603169,兰石重装,13.12,13.34,13.0,13.2,13.17,-0.05,-0.3797,1.7479,8150140,107151252.0,13453452278.4,6117477540.48
2017-04-14,'603169,兰石重装,13.17,13.24,12.81,13.04,13.07,0.1,0.7651,2.3516,10964862,143482983.0,13504723056.9,6140791098.18
2017-04-13,'603169,兰石重装,13.07,13.16,12.92,12.97,12.97,0.1,0.771,1.3675,6376129,83098065.0,13402181499.9,6094163982.78
2017-04-12,'603169,兰石重装,12.97,13.29,12.95,13.16,13.32,-0.35,-2.6276,1.9709,9189912,120668438.0,13299639942.9,6047536867.38
2017-04-11,'603169,兰石重装,13.32,13.34,12.94,13.19,13.16,0.16,1.2158,2.9719,13856962,181850775.0,13658535392.4,6210731771.28
2017-04-10,'603169,兰石重装,13.16,13.83,13.06,13.76,13.83,-0.67,-4.8445,4.0512,18889678,251514981.0,13494468901.2,6136128386.64
2017-04-07,'603169,兰石重装,13.83,14.0,13.75,14.0,14.01,-0.18,-1.2848,2.3994,11187742,154747133.0,14181497333.1,6448530059.82
2017-04-06,'603169,兰石重装,14.01,14.11,13.81,13.96,13.9,0.11,0.7914,2.8776,13417363,187271735.0,14366072135.7,6532458867.54
2017-04-05,'603169,兰石重装,13.9,13.97,13.6,13.61,13.74,0.16,1.1645,2.7151,12659748,175038667.0,14253276423.0,6481169040.6
2017-03-31,'603169,兰石重装,13.74,14.27,13.61,14.2,14.13,-0.39,-2.7601,3.3607,15669914,218782593.0,14089209931.8,6406565655.96
2017-03-30,'603169,兰石重装,14.13,14.94,13.92,14.8,15.1,-0.97,-6.4238,5.6663,26420199,380865160.0,14489122004.1,6588411406.02
2017-03-29,'603169,兰石重装,15.1,15.35,14.5,14.76,14.94,0.16,1.071,7.0173,32719680,489023807.0,15483775107.0,7040694425.4
2017-03-28,'603169,兰石重装,14.94,15.15,14.7,14.89,14.82,0.12,0.8097,4.8667,22691863,339020001.0,15319708615.8,6966091040.76
2017-03-27,'603169,兰石重装,14.82,15.36,14.66,15.2,15.88,-1.06,-6.6751,8.4374,39341171,588011019.0,15196658747.4,6910138502.28
2017-03-24,'603169,兰石重装,15.88,16.48,15.51,16.37,15.97,-0.09,-0.5636,15.9057,74163565,1191675424.0,16283599251.6,7404385925.52
2017-03-23,'603169,兰石重装,15.97,15.97,14.31,14.31,14.52,1.45,9.9862,12.1371,56591661,876035929.0,16375886652.9,7446350329.38
2017-03-22,'603169,兰石重装,14.52,15.62,14.39,15.0,14.7,-0.18,-1.2245,12.4099,57863930,869720408.0,14889034076.4,6770257156.08
2017-03-21,'603169,兰石重装,14.7,14.7,13.93,14.32,13.36,1.34,10.0299,2.9367,13693116,196770447.0,15073608879.0,6854185963.8
2017-03-20,'603169,兰石重装,0.0,0.0,0.0,0.0,13.36,None,None,0.0,0,0.0,13699552015.2,6229382617.44
2017-03-17,'603169,兰石重装,0.0,0.0,0.0,0.0,13.36,None,None,0.0,0,0.0,13699552015.2,6229382617.44
2017-03-16,'603169,兰石重装,0.0,0.0,0.0,0.0,13.36,None,None,0.0,0,0.0,13699552015.2,6229382617.44
2017-03-15,'603169,兰石重装,0.0,0.0,0.0,0.0,13.36,None,None,0.0,0,0.0,13699552015.2,6229382617.44
2017-03-14,'603169,兰石重装,0.0,0.0,0.0,0.0,13.36,None,None,0.0,0,0.0,13699552015.2,6229382617.44
2017-03-13,'603169,兰石重装,0.0,0.0,0.0,0.0,13.36,None,None,0.0,0,0.0,13699552015.2,6229382617.44
2017-03-10,'603169,兰石重装,0.0,0.0,0.0,0.0,13.36,None,None,0.0,0,0.0,13699552015.2,6229382617.44
2017-03-09,'603169,兰石重装,0.0,0.0,0.0,0.0,13.36,None,None,0.0,0,0.0,13699552015.2,6229382617.44
2017-03-08,'603169,兰石重装,0.0,0.0,0.0,0.0,13.36,None,None,0.0,0,0.0,13699552015.2,6229382617.44
2017-03-07,'603169,兰石重装,0.0,0.0,0.0,0.0,13.36,None,None,0.0,0,0.0,13699552015.2,6229382617.44
2017-03-06,'603169,兰石重装,0.0,0.0,0.0,0.0,13.36,None,None,0.0,0,0.0,13699552015.2,6229382617.44
2017-03-03,'603169,兰石重装,0.0,0.0,0.0,0.0,13.36,None,None,0.0,0,0.0,13699552015.2,6229382617.44
2017-03-02,'603169,兰石重装,0.0,0.0,0.0,0.0,13.36,None,None,0.0,0,0.0,13699552015.2,6229382617.44
2017-03-01,'603169,兰石重装,0.0,0.0,0.0,0.0,13.36,None,None,0.0,0,0.0,13699552015.2,6229382617.44
2017-02-28,'603169,兰石重装,0.0,0.0,0.0,0.0,13.36,None,None,0.0,0,0.0,13699552015.2,6229382617.44
2017-02-27,'603169,兰石重装,0.0,0.0,0.0,0.0,13.36,None,None,0.0,0,0.0,13699552015.2,6229382617.44
2017-02-24,'603169,兰石重装,0.0,0.0,0.0,0.0,13.36,None,None,0.0,0,0.0,13699552015.2,6229382617.44
2017-02-23,'603169,兰石重装,0.0,0.0,0.0,0.0,13.36,None,None,0.0,0,0.0,13699552015.2,6229382617.44
2017-02-22,'603169,兰石重装,0.0,0.0,0.0,0.0,13.36,None,None,0.0,0,0.0,13699552015.2,6229382617.44
2017-02-21,'603169,兰石重装,0.0,0.0,0.0,0.0,13.36,None,None,0.0,0,0.0,13699552015.2,6229382617.44
2017-02-20,'603169,兰石重装,0.0,0.0,0.0,0.0,13.36,None,None,0.0,0,0.0,13699552015.2,6229382617.44
2017-02-17,'603169,兰石重装,0.0,0.0,0.0,0.0,13.36,None,None,0.0,0,0.0,13699552015.2,6229382617.44
2017-02-16,'603169,兰石重装,0.0,0.0,0.0,0.0,13.36,None,None,0.0,0,0.0,13699552015.2,6229382617.44
2017-02-15,'603169,兰石重装,0.0,0.0,0.0,0.0,13.36,None,None,0.0,0,0.0,13699552015.2,6229382617.44
2017-02-14,'603169,兰石重装,0.0,0.0,0.0,0.0,13.36,None,None,0.0,0,0.0,13699552015.2,6229382617.44
2017-02-13,'603169,兰石重装,0.0,0.0,0.0,0.0,13.36,None,None,0.0,0,0.0,13699552015.2,6229382617.44
2017-02-10,'603169,兰石重装,0.0,0.0,0.0,0.0,13.36,None,None,0.0,0,0.0,13699552015.2,6229382617.44
2017-02-09,'603169,兰石重装,0.0,0.0,0.0,0.0,13.36,None,None,0.0,0,0.0,13699552015.2,6229382617.44
2017-02-08,'603169,兰石重装,0.0,0.0,0.0,0.0,13.36,None,None,0.0,0,0.0,13699552015.2,6229382617.44
2017-02-07,'603169,兰石重装,0.0,0.0,0.0,0.0,13.36,None,None,0.0,0,0.0,13699552015.2,6229382617.44
2017-02-06,'603169,兰石重装,0.0,0.0,0.0,0.0,13.36,None,None,0.0,0,0.0,13699552015.2,6229382617.44
2017-02-03,'603169,兰石重装,0.0,0.0,0.0,0.0,13.36,None,None,0.0,0,0.0,13699552015.2,6229382617.44
2017-01-26,'603169,兰石重装,0.0,0.0,0.0,0.0,13.36,None,None,0.0,0,0.0,13699552015.2,6229382617.44
2017-01-25,'603169,兰石重装,0.0,0.0,0.0,0.0,13.36,None,None,0.0,0,0.0,13699552015.2,6229382617.44
2017-01-24,'603169,兰石重装,0.0,0.0,0.0,0.0,13.36,None,None,0.0,0,0.0,13699552015.2,6229382617.44
2017-01-23,'603169,兰石重装,0.0,0.0,0.0,0.0,13.36,None,None,0.0,0,0.0,13699552015.2,6229382617.44
2017-01-20,'603169,兰石重装,0.0,0.0,0.0,0.0,13.36,None,None,0.0,0,0.0,13699552015.2,6229382617.44
2017-01-19,'603169,兰石重装,0.0,0.0,0.0,0.0,13.36,None,None,0.0,0,0.0,13699552015.2,6229382617.44
2017-01-18,'603169,兰石重装,0.0,0.0,0.0,0.0,13.36,None,None,0.0,0,0.0,13699552015.2,6229382617.44
2017-01-17,'603169,兰石重装,0.0,0.0,0.0,0.0,13.36,None,None,0.0,0,0.0,13699552015.2,6229382617.44
2017-01-16,'603169,兰石重装,0.0,0.0,0.0,0.0,13.36,None,None,0.0,0,0.0,13699552015.2,6229382617.44
2017-01-13,'603169,兰石重装,0.0,0.0,0.0,0.0,13.36,None,None,0.0,0,0.0,13699552015.2,6229382617.44
2017-01-12,'603169,兰石重装,0.0,0.0,0.0,0.0,13.36,None,None,0.0,0,0.0,13699552015.2,6229382617.44
2017-01-11,'603169,兰石重装,0.0,0.0,0.0,0.0,13.36,None,None,0.0,0,0.0,13699552015.2,6229382617.44
2017-01-10,'603169,兰石重装,0.0,0.0,0.0,0.0,13.36,None,None,0.0,0,0.0,13699552015.2,6229382617.44
2017-01-09,'603169,兰石重装,0.0,0.0,0.0,0.0,13.36,None,None,0.0,0,0.0,13699552015.2,6229382617.44
2017-01-06,'603169,兰石重装,0.0,0.0,0.0,0.0,13.36,None,None,0.0,0,0.0,13699552015.2,6229382617.44
2017-01-05,'603169,兰石重装,0.0,0.0,0.0,0.0,13.36,None,None,0.0,0,0.0,13699552015.2,5166365440.0
2017-01-04,'603169,兰石重装,0.0,0.0,0.0,0.0,13.36,None,None,0.0,0,0.0,13699552015.2,5166365440.0
2017-01-03,'603169,兰石重装,0.0,0.0,0.0,0.0,13.36,None,None,0.0,0,0.0,13699552015.2,5166365440.0
2016-12-30,'603169,兰石重装,0.0,0.0,0.0,0.0,13.36,None,None,0.0,0,0.0,13699552015.2,5166365440.0
2016-12-29,'603169,兰石重装,0.0,0.0,0.0,0.0,13.36,None,None,0.0,0,0.0,13699552015.2,5166365440.0
2016-12-28,'603169,兰石重装,0.0,0.0,0.0,0.0,13.36,None,None,0.0,0,0.0,13699552015.2,5166365440.0
2016-12-27,'603169,兰石重装,0.0,0.0,0.0,0.0,13.36,None,None,0.0,0,0.0,13699552015.2,5166365440.0
2016-12-26,'603169,兰石重装,0.0,0.0,0.0,0.0,13.36,None,None,0.0,0,0.0,13699552015.2,5166365440.0
2016-12-23,'603169,兰石重装,0.0,0.0,0.0,0.0,13.36,None,None,0.0,0,0.0,13699552015.2,5166365440.0
2016-12-22,'603169,兰石重装,0.0,0.0,0.0,0.0,13.36,None,None,0.0,0,0.0,13699552015.2,5166365440.0
2016-12-21,'603169,兰石重装,0.0,0.0,0.0,0.0,13.36,None,None,0.0,0,0.0,13699552015.2,5166365440.0
2016-12-20,'603169,兰石重装,0.0,0.0,0.0,0.0,13.36,None,None,0.0,0,0.0,13699552015.2,5166365440.0
2016-12-19,'603169,兰石重装,0.0,0.0,0.0,0.0,13.36,None,None,0.0,0,0.0,13699552015.2,5166365440.0
2016-12-16,'603169,兰石重装,0.0,0.0,0.0,0.0,13.36,None,None,0.0,0,0.0,13699552015.2,5166365440.0
2016-12-15,'603169,兰石重装,0.0,0.0,0.0,0.0,13.36,None,None,0.0,0,0.0,13699552015.2,5166365440.0
2016-12-14,'603169,兰石重装,0.0,0.0,0.0,0.0,13.36,None,None,0.0,0,0.0,13699552015.2,5166365440.0
2016-12-13,'603169,兰石重装,0.0,0.0,0.0,0.0,13.36,None,None,0.0,0,0.0,13699552015.2,5166365440.0
2016-12-12,'603169,兰石重装,0.0,0.0,0.0,0.0,13.36,None,None,0.0,0,0.0,13699552015.2,5166365440.0
2016-12-09,'603169,兰石重装,0.0,0.0,0.0,0.0,13.36,None,None,0.0,0,0.0,13699552015.2,5166365440.0
2016-12-08,'603169,兰石重装,0.0,0.0,0.0,0.0,13.36,None,None,0.0,0,0.0,13699552015.2,5166365440.0
2016-12-07,'603169,兰石重装,0.0,0.0,0.0,0.0,13.36,None,None,0.0,0,0.0,13699552015.2,5166365440.0
2016-12-06,'603169,兰石重装,0.0,0.0,0.0,0.0,13.36,None,None,0.0,0,0.0,13699552015.2,5166365440.0
2016-12-05,'603169,兰石重装,0.0,0.0,0.0,0.0,13.36,None,None,0.0,0,0.0,13699552015.2,5166365440.0
2016-12-02,'603169,兰石重装,0.0,0.0,0.0,0.0,13.36,None,None,0.0,0,0.0,13699552015.2,5166365440.0
2016-12-01,'603169,兰石重装,0.0,0.0,0.0,0.0,13.36,None,None,0.0,0,0.0,13699552015.2,5166365440.0
2016-11-30,'603169,兰石重装,0.0,0.0,0.0,0.0,13.36,None,None,0.0,0,0.0,13699552015.2,5166365440.0
2016-11-29,'603169,兰石重装,0.0,0.0,0.0,0.0,13.36,None,None,0.0,0,0.0,13699552015.2,5166365440.0
2016-11-28,'603169,兰石重装,0.0,0.0,0.0,0.0,13.36,None,None,0.0,0,0.0,13699552015.2,5166365440.0
2016-11-25,'603169,兰石重装,0.0,0.0,0.0,0.0,13.36,None,None,0.0,0,0.0,13699552015.2,5166365440.0
2016-11-24,'603169,兰石重装,0.0,0.0,0.0,0.0,13.36,None,None,0.0,0,0.0,13699552015.2,5166365440.0
2016-11-23,'603169,兰石重装,13.36,13.75,13.31,13.44,13.44,-0.08,-0.5952,3.8109,14736725,199524149.0,13699552015.2,5166365440.0
2016-11-22,'603169,兰石重装,13.44,13.8,13.38,13.54,13.54,-0.1,-0.7386,3.1995,12372542,167409249.0,13781585260.8,5197301760.0
2016-11-21,'603169,兰石重装,13.54,13.68,13.2,13.24,13.46,0.08,0.5944,3.225,12471212,167346039.0,13884126817.8,5235972160.0
2016-11-18,'603169,兰石重装,13.46,13.62,13.26,13.4,13.69,-0.23,-1.6801,3.9754,15373076,206349536.0,13802093572.2,5205035840.0
2016-11-17,'603169,兰石重装,13.69,13.77,12.98,13.1,13.26,0.43,3.2428,6.5921,25491945,344103299.0,14037939153.3,5293977760.0
2016-11-16,'603169,兰石重装,13.26,13.83,13.19,13.38,13.33,-0.07,-0.5251,4.7746,18463655,248843364.0,13597010458.2,5127695040.0
2016-11-15,'603169,兰石重装,13.33,13.62,12.93,13.04,13.05,0.28,2.1456,4.5057,17423616,231562745.0,13668789548.1,5154764320.0
2016-11-14,'603169,兰石重装,13.05,13.14,12.84,12.84,13.06,-0.01,-0.0766,2.7052,10461072,135991282.0,13381673188.5,5046487200.0
2016-11-11,'603169,兰石重装,13.06,13.37,12.6,12.7,12.69,0.37,2.9157,4.1982,16234775,212143453.0,13391927344.2,5050354240.0
2016-11-10,'603169,兰石重装,12.69,12.75,12.56,12.63,12.49,0.2,1.6013,1.4911,5766217,72958717.0,13012523583.3,4907273760.0
2016-11-09,'603169,兰石重装,12.49,12.8,12.31,12.77,12.77,-0.28,-2.1926,1.8355,7097814,89088556.0,12807440469.3,4829932960.0
2016-11-08,'603169,兰石重装,12.77,12.94,12.74,12.81,12.76,0.01,0.0784,1.4135,5465888,69926438.0,13094556828.9,4938210080.0
2016-11-07,'603169,兰石重装,12.76,12.79,12.53,12.64,12.69,0.07,0.5516,1.4015,5419690,68607278.0,13084302673.2,4934343040.0
2016-11-04,'603169,兰石重装,12.69,12.84,12.61,12.65,12.69,0.0,0.0,1.3585,5253498,66809143.0,13012523583.3,4907273760.0
2016-11-03,'603169,兰石重装,12.69,12.85,12.47,12.47,12.67,0.02,0.1579,1.7327,6700420,84890385.0,13012523583.3,4907273760.0
2016-11-02,'603169,兰石重装,12.67,12.82,12.65,12.82,12.89,-0.22,-1.7067,1.4112,5457044,69455517.0,12992015271.9,4899539680.0
2016-11-01,'603169,兰石重装,12.89,12.9,12.76,12.83,12.82,0.07,0.546,1.3918,5382097,69040501.0,13217606697.3,4984614560.0
2016-10-31,'603169,兰石重装,12.82,12.84,12.6,12.75,12.78,0.04,0.313,1.381,5340413,67926226.0,13145827607.4,4957545280.0
2016-10-28,'603169,兰石重装,12.78,13.1,12.72,13.1,13.06,-0.28,-2.144,2.0127,7783136,100311834.0,13104810984.6,4942077120.0
2016-10-27,'603169,兰石重装,13.06,13.17,12.92,12.94,12.99,0.07,0.5389,1.4286,5524388,72013910.0,13391927344.2,5050354240.0
2016-10-26,'603169,兰石重装,12.99,13.22,12.92,13.22,13.25,-0.26,-1.9623,2.4751,9571355,124788803.0,13320148254.3,5023284960.0
2016-10-25,'603169,兰石重装,13.25,13.39,13.14,13.3,13.39,-0.14,-1.0456,2.5301,9784017,129394138.0,13586756302.5,5123828000.0
2016-10-24,'603169,兰石重装,13.39,13.58,13.19,13.32,13.29,0.1,0.7524,2.7219,10525730,141036438.0,13730314482.3,5177966560.0
2016-10-21,'603169,兰石重装,13.29,13.47,13.1,13.44,13.48,-0.19,-1.4095,2.5403,9823386,130373610.0,13627772925.3,5139296160.0
2016-10-20,'603169,兰石重装,13.48,13.59,13.37,13.52,13.62,-0.14,-1.0279,2.6473,10237084,137756468.0,13822601883.6,5212769920.0
2016-10-19,'603169,兰石重装,13.62,13.8,13.26,13.39,13.38,0.24,1.7937,4.4467,17195742,232949270.0,13966160063.4,5266908480.0
2016-10-18,'603169,兰石重装,13.38,13.49,13.09,13.09,13.25,0.13,0.9811,2.7976,10818341,143777020.0,13720060326.6,5174099520.0
2016-10-17,'603169,兰石重装,13.25,13.84,13.11,13.45,13.59,-0.34,-2.5018,3.2961,12746244,172058214.0,13586756302.5,5123828000.0
2016-10-14,'603169,兰石重装,13.59,13.8,13.41,13.76,13.86,-0.27,-1.9481,3.2111,12417568,168578776.0,13935397596.3,5255307360.0
2016-10-13,'603169,兰石重装,13.86,14.09,13.48,13.53,13.66,0.2,1.4641,5.4638,21128840,291563226.0,14212259800.2,5359717440.0
2016-10-12,'603169,兰石重装,13.66,14.13,13.35,13.42,13.67,-0.01,-0.0732,6.0237,23293999,319533317.0,14007176686.2,5282376640.0
2016-10-11,'603169,兰石重装,13.67,13.76,12.91,13.05,13.13,0.54,4.1127,6.4858,25080808,335978468.0,14017430841.9,5286243680.0
2016-10-10,'603169,兰石重装,13.13,13.15,12.65,13.09,13.21,-0.08,-0.6056,4.1036,15868843,204904148.0,13463706434.1,5077423520.0
2016-09-30,'603169,兰石重装,13.21,13.44,13.06,13.15,13.1,0.11,0.8397,3.0043,11617711,153716855.0,13545739679.7,5108359840.0
2016-09-29,'603169,兰石重装,13.1,13.3,13.02,13.11,13.11,-0.01,-0.0763,2.6429,10220063,134256341.0,13432943967.0,5065822400.0
2016-09-28,'603169,兰石重装,13.11,13.38,12.96,13.38,13.34,-0.23,-1.7241,2.6278,10161970,133104912.0,13443198122.7,5069689440.0
2016-09-27,'603169,兰石重装,13.34,13.36,12.79,12.86,12.97,0.37,2.8527,4.4199,17091756,223913610.0,13679043703.8,5158631360.0
2016-09-26,'603169,兰石重装,12.97,13.5,12.89,13.34,13.66,-0.69,-5.0512,5.232,20232202,268394420.0,13299639942.9,5015550880.0
2016-09-23,'603169,兰石重装,13.66,14.49,13.58,13.95,13.37,0.29,2.169,11.2479,43495953,609105358.0,14007176686.2,5282376640.0
2016-09-22,'603169,兰石重装,13.37,13.47,13.23,13.39,13.35,0.02,0.1498,4.7251,18272329,243905943.0,13709806170.9,5170232480.0
2016-09-21,'603169,兰石重装,13.35,13.55,13.25,13.5,13.62,-0.27,-1.9824,5.6957,22025432,294100405.0,13689297859.5,5162498400.0
2016-09-20,'603169,兰石重装,13.62,14.62,13.41,14.62,13.82,-0.2,-1.4472,13.4354,51955165,723844264.0,13966160063.4,5266908480.0
2016-09-19,'603169,兰石重装,13.82,13.82,13.25,13.28,12.56,1.26,10.0318,4.4414,17175235,234731337.0,14171243177.4,5344249280.0
2016-09-14,'603169,兰石重装,12.56,12.78,12.43,12.78,12.91,-0.35,-2.7111,2.6339,10185221,128329674.0,12879219559.2,4857002240.0
2016-09-13,'603169,兰石重装,12.91,12.94,12.61,12.68,12.59,0.32,2.5417,3.8205,14773885,188955560.0,13238115008.7,4992348640.0
2016-09-12,'603169,兰石重装,12.59,12.85,12.51,12.85,13.13,-0.54,-4.1127,4.3294,16741774,212144488.0,12909982026.3,4868603360.0
2016-09-09,'603169,兰石重装,13.13,13.2,12.93,13.15,13.38,-0.25,-1.8685,5.4623,21122853,275319649.0,13463706434.1,5077423520.0
2016-09-08,'603169,兰石重装,13.38,13.79,13.0,13.17,13.16,0.22,1.6717,13.5641,52452954,701899514.0,13720060326.6,5174099520.0
2016-09-07,'603169,兰石重装,13.16,13.16,12.2,12.2,11.96,1.2,10.0334,7.9352,30685756,401026867.0,13494468901.2,5089024640.0
2016-09-06,'603169,兰石重装,11.96,11.99,11.7,11.8,11.83,0.13,1.0989,0.7173,2773792,32875441.0,12263970217.2,4624979840.0
2016-09-05,'603169,兰石重装,11.83,11.97,11.81,11.92,11.79,0.04,0.3393,0.4035,1560172,18471358.0,12130666193.1,4574708320.0
2016-09-02,'603169,兰石重装,11.79,11.86,11.75,11.8,11.82,-0.03,-0.2538,0.5969,2308208,27231130.0,12089649570.3,4559240160.0
2016-09-01,'603169,兰石重装,11.82,12.05,11.81,12.0,12.05,-0.23,-1.9087,0.8662,3349700,39925010.0,12120412037.4,4570841280.0
2016-08-31,'603169,兰石重装,12.05,12.07,11.88,11.94,11.95,0.1,0.8368,0.8047,3111910,37261789.0,12356257618.5,4659783200.0
2016-08-30,'603169,兰石重装,11.95,12.06,11.93,12.0,12.04,-0.09,-0.7475,0.6492,2510394,30065450.0,12253716061.5,4621112800.0
2016-08-29,'603169,兰石重装,12.04,12.25,12.0,12.25,11.93,0.11,0.922,0.8491,3283333,39723399.0,12346003462.8,4655916160.0
2016-08-26,'603169,兰石重装,11.93,11.99,11.85,11.95,11.9,0.03,0.2521,0.6406,2477164,29535853.0,12233207750.1,4613378720.0
2016-08-25,'603169,兰石重装,11.9,11.95,11.81,11.95,12.0,-0.1,-0.8333,0.764,2954488,35037867.0,12202445283.0,4601777600.0
2016-08-24,'603169,兰石重装,12.0,12.1,11.97,12.06,12.05,-0.05,-0.4149,0.7486,2895037,34752470.0,12304986840.0,4640448000.0
2016-08-23,'603169,兰石重装,12.05,12.12,11.99,12.01,12.01,0.04,0.3331,0.6017,2326613,28020858.0,12356257618.5,4659783200.0
2016-08-22,'603169,兰石重装,12.01,12.2,12.01,12.19,12.15,-0.14,-1.1523,0.6953,2688683,32526997.0,12315240995.7,4644315040.0
2016-08-19,'603169,兰石重装,12.15,12.22,12.09,12.2,12.23,-0.08,-0.6541,0.8683,3357662,40766816.0,12458799175.5,4698453600.0
2016-08-18,'603169,兰石重装,12.23,12.29,12.18,12.2,12.29,-0.06,-0.4882,0.925,3576875,43690752.0,12540832421.1,4729389920.0
2016-08-17,'603169,兰石重装,12.29,12.38,12.14,12.25,12.37,-0.08,-0.6467,1.3385,5175993,63337015.0,12602357355.3,4752592160.0
2016-08-16,'603169,兰石重装,12.37,12.8,12.31,12.5,12.05,0.32,2.6556,2.9201,11292159,141355298.0,12684390600.9,4783528480.0
2016-08-15,'603169,兰石重装,12.05,12.08,11.81,11.82,11.82,0.23,1.9459,1.3279,5135041,61461873.0,12356257618.5,4659783200.0
2016-08-12,'603169,兰石重装,11.82,11.84,11.7,11.74,11.73,0.09,0.7673,0.673,2602549,30605211.0,12120412037.4,4570841280.0
2016-08-11,'603169,兰石重装,11.73,11.92,11.7,11.92,11.94,-0.21,-1.7588,0.7541,2915972,34391272.0,12028124636.1,4536037920.0
2016-08-10,'603169,兰石重装,11.94,12.05,11.9,11.96,11.96,-0.02,-0.1672,0.5727,2214780,26446680.0,12243461905.8,4617245760.0
2016-08-09,'603169,兰石重装,11.96,11.98,11.82,11.89,11.9,0.06,0.5042,0.6875,2658732,31696322.0,12263970217.2,4624979840.0
2016-08-08,'603169,兰石重装,11.9,11.91,11.71,11.88,11.79,0.11,0.933,0.5103,1973450,23331429.0,12202445283.0,4601777600.0
2016-08-05,'603169,兰石重装,11.79,11.93,11.73,11.93,11.93,-0.14,-1.1735,0.4721,1825551,21590521.0,12089649570.3,4559240160.0
2016-08-04,'603169,兰石重装,11.93,11.94,11.81,11.85,11.84,0.09,0.7601,0.6591,2548931,30223735.0,12233207750.1,4613378720.0
2016-08-03,'603169,兰石重装,11.84,11.91,11.78,11.87,11.91,-0.07,-0.5877,0.6287,2431238,28769783.0,12140920348.8,4578575360.0
2016-08-02,'603169,兰石重装,11.91,11.92,11.77,11.77,11.77,0.14,1.1895,0.4581,1771663,20986549.0,12212699438.7,4605644640.0
2016-08-01,'603169,兰石重装,11.77,11.97,11.69,11.88,11.94,-0.17,-1.4238,0.6067,2346271,27574398.0,12069141258.9,4551506080.0
2016-07-29,'603169,兰石重装,11.94,11.98,11.82,11.98,11.87,0.07,0.5897,0.5516,2133007,25391805.0,12243461905.8,4617245760.0
2016-07-28,'603169,兰石重装,11.87,11.99,11.73,11.88,11.9,-0.03,-0.2521,1.0076,3896473,46278956.0,12171682815.9,4590176480.0
2016-07-27,'603169,兰石重装,11.9,12.58,11.8,12.54,12.56,-0.66,-5.2548,1.8302,7077375,85707041.0,12202445283.0,4601777600.0
2016-07-26,'603169,兰石重装,12.56,12.57,12.46,12.53,12.52,0.04,0.3195,0.9427,3645400,45633868.0,12879219559.2,4857002240.0
2016-07-25,'603169,兰石重装,12.52,12.55,12.3,12.32,12.41,0.11,0.8864,0.9029,3491692,43332582.0,12838202936.4,4841534080.0
2016-07-22,'603169,兰石重装,12.41,12.55,12.38,12.54,12.54,-0.13,-1.0367,1.1271,4358705,54288106.0,12725407223.7,4798996640.0
2016-07-21,'603169,兰石重装,12.54,12.62,12.49,12.54,12.52,0.02,0.1597,1.0454,4042682,50748702.0,12858711247.8,4849268160.0
2016-07-20,'603169,兰石重装,12.52,12.65,12.5,12.64,12.64,-0.12,-0.9494,0.9792,3786497,47539082.0,12838202936.4,4841534080.0
2016-07-19,'603169,兰石重装,12.64,12.66,12.45,12.58,12.56,0.08,0.6369,1.0216,3950660,49605622.0,12961252804.8,4887938560.0
2016-07-18,'603169,兰石重装,12.56,12.71,12.55,12.7,12.77,-0.21,-1.6445,1.3663,5283720,66615646.0,12879219559.2,4857002240.0
2016-07-15,'603169,兰石重装,12.77,13.06,12.73,12.8,12.73,0.04,0.3142,2.2627,8750058,112716900.0,13094556828.9,4938210080.0
2016-07-14,'603169,兰石重装,12.73,12.81,12.66,12.81,12.83,-0.1,-0.7794,1.4876,5752613,73085133.0,13053540206.1,4922741920.0
2016-07-13,'603169,兰石重装,12.83,12.95,12.64,12.7,12.8,0.03,0.2344,2.7536,10648447,136127524.0,13156081763.1,4961412320.0
2016-07-12,'603169,兰石重装,12.8,12.85,12.43,12.65,12.67,0.13,1.026,2.0898,8081416,102238398.0,13125319296.0,4949811200.0
2016-07-11,'603169,兰石重装,12.67,12.93,12.63,12.76,12.71,-0.04,-0.3147,1.9103,7387144,94543607.0,12992015271.9,4899539680.0
2016-07-08,'603169,兰石重装,12.71,12.86,12.64,12.7,12.68,0.03,0.2366,1.8644,7209764,92155886.0,13033031894.7,4915007840.0
2016-07-07,'603169,兰石重装,12.68,12.87,12.54,12.74,12.76,-0.08,-0.627,1.8856,7291575,92482387.0,13002269427.6,4903406720.0
2016-07-06,'603169,兰石重装,12.76,12.87,12.63,12.82,12.95,-0.19,-1.4672,2.4174,9348091,118935196.0,13084302673.2,4934343040.0
2016-07-05,'603169,兰石重装,12.95,13.27,12.56,12.65,12.65,0.3,2.3715,4.8679,18824249,244733359.0,13279131631.5,5007816800.0
2016-07-04,'603169,兰石重装,12.65,12.74,12.26,12.32,12.39,0.26,2.0985,2.4655,9534132,119660047.0,12971506960.5,4891805600.0
2016-07-01,'603169,兰石重装,12.39,12.51,12.28,12.46,12.46,-0.07,-0.5618,1.2721,4919230,61104794.0,12704898912.3,4791262560.0
2016-06-30,'603169,兰石重装,12.46,12.58,12.22,12.48,12.48,-0.02,-0.1603,2.0585,7960304,98392955.0,12776678002.2,4818331840.0
2016-06-29,'603169,兰石重装,12.48,12.64,12.41,12.51,12.5,-0.02,-0.16,2.2423,8671161,108470436.0,12797186313.6,4826065920.0
2016-06-28,'603169,兰石重装,12.5,12.6,12.15,12.24,12.34,0.16,1.2966,2.5861,10000504,123675758.0,12817694625.0,4833800000.0
2016-06-27,'603169,兰石重装,12.34,12.35,11.88,11.9,12.09,0.25,2.0678,1.7793,6880544,83998944.0,12653628133.8,4771927360.0
2016-06-24,'603169,兰石重装,12.09,12.55,11.77,12.45,12.48,-0.39,-3.125,2.2333,8636088,105064553.0,12397274241.3,4675251360.0
2016-06-23,'603169,兰石重装,12.48,12.63,12.31,12.63,12.63,-0.15,-1.1876,1.6064,6211927,77262632.0,12797186313.6,4826065920.0
2016-06-22,'603169,兰石重装,12.63,12.65,12.3,12.45,12.43,0.2,1.609,1.7309,6693545,83555596.0,12950998649.1,4884071520.0
2016-06-21,'603169,XD兰石重,12.43,13.01,12.29,12.83,12.77,-0.34,-2.6625,2.6343,10186865,128080303.0,12745915535.1,4806730720.0
2016-06-20,'603169,兰石重装,12.92,13.05,12.75,12.8,12.92,0.0,0.0,2.356,9110703,117389265.0,13248369164.4,4996215680.0
2016-06-17,'603169,兰石重装,12.92,13.4,12.87,13.4,13.22,-0.3,-2.2693,5.8992,22812398,297951700.0,13248369164.4,4996215680.0
2016-06-16,'603169,兰石重装,13.22,13.22,12.01,12.09,12.02,1.2,9.9834,5.9712,23090712,298845165.0,13555993835.4,5112226880.0
2016-06-15,'603169,兰石重装,12.02,12.08,11.66,11.66,11.8,0.22,1.8644,1.6751,6477752,77484679.0,12325495151.4,4648182080.0
2016-06-14,'603169,兰石重装,11.8,12.03,11.72,11.72,11.89,-0.09,-0.7569,1.163,4497233,53274967.0,12099903726.0,4563107200.0
2016-06-13,'603169,兰石重装,11.89,12.68,11.88,12.42,12.78,-0.89,-6.964,1.5576,6023131,74665215.0,12192191127.3,4597910560.0
2016-06-08,'603169,兰石重装,12.78,12.94,12.42,12.63,12.74,0.04,0.314,1.9559,7563668,96301469.0,13104810984.6,4942077120.0
2016-06-07,'603169,兰石重装,12.74,12.78,12.46,12.54,12.54,0.2,1.5949,1.2765,4936322,62281951.0,13063794361.8,4926608960.0
2016-06-06,'603169,兰石重装,12.54,12.65,12.39,12.58,12.58,-0.04,-0.318,1.0543,4077004,50906292.0,12858711247.8,4849268160.0
2016-06-03,'603169,兰石重装,12.58,12.87,12.57,12.69,12.56,0.02,0.1592,1.7694,6842419,87060615.0,12899727870.6,4864736320.0
2016-06-02,'603169,兰石重装,12.56,12.57,12.36,12.51,12.44,0.12,0.9646,1.3686,5292303,66136090.0,12879219559.2,4857002240.0
2016-06-01,'603169,兰石重装,12.44,12.59,12.4,12.44,12.44,0.0,0.0,1.2871,4977143,62095808.0,12756169690.8,4810597760.0
2016-05-31,'603169,兰石重装,12.44,12.46,11.95,11.97,11.97,0.47,3.9265,1.5353,5937222,73080184.0,12756169690.8,4810597760.0
2016-05-30,'603169,兰石重装,11.97,12.15,11.78,12.12,12.19,-0.22,-1.8048,0.7184,2777894,33239934.0,12274224372.9,4628846880.0
2016-05-27,'603169,兰石重装,12.19,12.35,12.08,12.2,12.25,-0.06,-0.4898,0.7609,2942394,36003202.0,12499815798.3,4713921760.0
2016-05-26,'603169,兰石重装,12.25,12.31,11.96,12.3,12.36,-0.11,-0.89,0.8402,3249177,39379411.0,12561340732.5,4737124000.0
2016-05-25,'603169,兰石重装,12.36,12.54,12.01,12.27,12.37,-0.01,-0.0808,1.279,4946036,60909416.0,12674136445.2,4779661440.0
2016-05-24,'603169,兰石重装,12.37,12.6,11.9,12.15,12.17,0.2,1.6434,1.654,6396177,78972545.0,12684390600.9,4783528480.0
2016-05-23,'603169,兰石重装,12.17,12.2,12.02,12.02,12.02,0.15,1.2479,0.7072,2734803,33167716.0,12479307486.9,4706187680.0
2016-05-20,'603169,兰石重装,12.02,12.05,11.7,11.85,11.9,0.12,1.0084,0.5722,2212650,26298793.0,12325495151.4,4648182080.0
2016-05-19,'603169,兰石重装,11.9,12.1,11.85,11.93,11.93,-0.03,-0.2515,0.7327,2833345,33947378.0,12202445283.0,4601777600.0
2016-05-18,'603169,兰石重装,11.93,12.22,11.81,12.22,12.22,-0.29,-2.3732,0.7114,2751193,32827604.0,12233207750.1,4613378720.0
2016-05-17,'603169,兰石重装,12.22,12.4,12.13,12.36,12.31,-0.09,-0.7311,0.6744,2607997,31962611.0,12530578265.4,4725522880.0
2016-05-16,'603169,兰石重装,12.31,12.4,11.81,12.12,12.06,0.25,2.073,0.7866,3041715,37011337.0,12622865666.7,4760326240.0
2016-05-13,'603169,兰石重装,12.06,12.22,11.98,12.09,12.09,-0.03,-0.2481,0.5446,2106037,25500366.0,12366511774.2,4663650240.0
2016-05-12,'603169,兰石重装,12.09,12.15,11.8,12.15,12.15,-0.06,-0.4938,0.627,2424693,28980642.0,12397274241.3,4675251360.0
2016-05-11,'603169,兰石重装,12.15,12.4,12.02,12.35,12.28,-0.13,-1.0586,0.5612,2170304,26475184.0,12458799175.5,4698453600.0
2016-05-10,'603169,兰石重装,12.28,12.4,12.16,12.2,12.2,0.08,0.6557,0.6234,2410521,29559375.0,12592103199.6,4748725120.0
2016-05-09,'603169,兰石重装,12.2,12.6,12.08,12.6,12.6,-0.4,-3.1746,1.0486,4054788,49999102.0,12510069954.0,4717788800.0
2016-05-06,'603169,兰石重装,12.6,13.48,12.45,13.47,13.39,-0.79,-5.8999,1.5719,6078512,79120789.0,12920236182.0,4872470400.0
2016-05-05,'603169,兰石重装,13.39,13.4,13.21,13.4,13.4,-0.01,-0.0746,0.7647,2957097,39400120.0,13730314482.3,5177966560.0
2016-05-04,'603169,兰石重装,13.4,13.54,13.29,13.38,13.34,0.06,0.4498,1.05,4060408,54431517.0,13740568638.0,5181833600.0
2016-05-03,'603169,兰石重装,13.34,13.36,12.92,13.02,13.02,0.32,2.4578,0.9515,3679550,48737211.0,13679043703.8,5158631360.0
2016-04-29,'603169,兰石重装,13.02,13.1,12.91,12.99,13.04,-0.02,-0.1534,0.5039,1948665,25387041.0,13350910721.4,5034886080.0
2016-04-28,'603169,兰石重装,13.04,13.3,12.82,13.28,13.31,-0.27,-2.0285,0.8898,3440789,44865553.0,13371419032.8,5042620160.0
2016-04-27,'603169,兰石重装,13.31,13.57,13.06,13.12,13.12,0.19,1.4482,1.282,4957566,65993667.0,13648281236.7,5147030240.0
2016-04-26,'603169,兰石重装,13.12,13.13,12.9,13.01,12.99,0.13,1.0008,0.6914,2673596,34830452.0,13453452278.4,5073556480.0
2016-04-25,'603169,兰石重装,12.99,13.18,12.72,13.18,13.2,-0.21,-1.5909,0.8738,3379016,43777487.0,13320148254.3,5023284960.0
2016-04-22,'603169,兰石重装,13.2,13.3,12.89,12.98,12.97,0.23,1.7733,0.8804,3404524,44586147.0,13535485524.0,5104492800.0
2016-04-21,'603169,兰石重装,12.97,13.29,12.93,13.2,13.18,-0.21,-1.5933,1.2439,4810138,63170022.0,13299639942.9,5015550880.0
2016-04-20,'603169,兰石重装,13.18,14.37,13.01,14.31,14.28,-1.1,-7.7031,2.5082,9699479,131543208.0,13514977212.6,5096758720.0
2016-04-19,'603169,兰石重装,14.28,14.4,14.13,14.24,14.24,0.04,0.2809,1.1518,4454132,63349318.0,14642934339.6,5522133120.0
2016-04-18,'603169,兰石重装,14.24,14.67,14.2,14.67,14.79,-0.55,-3.7187,1.8149,7018341,100767865.0,14601917716.8,5506664960.0
2016-04-15,'603169,兰石重装,14.79,14.95,14.66,14.85,14.75,0.04,0.2712,1.8243,7054498,104289853.0,15165896280.3,5719352160.0
2016-04-14,'603169,兰石重装,14.75,14.78,14.53,14.74,14.66,0.09,0.6139,1.8657,7214694,105826248.0,15124879657.5,5703884000.0
2016-04-13,'603169,兰石重装,14.66,14.94,14.4,14.4,14.34,0.32,2.2315,3.0122,11648217,171164534.0,15032592256.2,5669080640.0
2016-04-12,'603169,兰石重装,14.34,14.46,14.16,14.45,14.53,-0.19,-1.3076,1.6326,6313402,90349388.0,14704459273.8,5545335360.0
2016-04-11,'603169,兰石重装,14.53,14.78,14.43,14.43,14.29,0.24,1.6795,1.7708,6847726,100162328.0,14899288232.1,5618809120.0
2016-04-08,'603169,兰石重装,14.29,14.52,14.12,14.46,14.46,-0.17,-1.1757,1.8172,7027198,100372954.0,14653188495.3,5526000160.0
2016-04-07,'603169,兰石重装,14.46,15.15,14.43,15.0,15.0,-0.54,-3.6,2.834,10959071,160691879.0,14827509142.2,5591739840.0
2016-04-06,'603169,兰石重装,15.0,15.2,14.71,14.86,14.9,0.1,0.6711,3.3148,12818512,191434067.0,15381233550.0,5800560000.0
2016-04-05,'603169,兰石重装,14.9,15.0,14.45,14.6,14.69,0.21,1.4295,2.9157,11275018,166886646.0,15278691993.0,5761889600.0
2016-04-01,'603169,兰石重装,14.69,15.05,14.3,14.85,15.0,-0.31,-2.0667,3.3756,13053619,190320767.0,15063354723.3,5680681760.0
2016-03-31,'603169,兰石重装,15.0,15.57,14.8,15.26,15.44,-0.44,-2.8497,5.5943,21633524,327638825.0,15381233550.0,5800560000.0
2016-03-30,'603169,兰石重装,15.44,15.49,14.5,14.6,14.48,0.96,6.6298,5.0504,19530252,291483301.0,15832416400.8,5970709760.0
2016-03-29,'603169,兰石重装,14.48,15.15,14.14,15.15,15.15,-0.67,-4.4224,4.921,19029789,276074978.0,14848017453.6,5599473920.0
2016-03-28,'603169,兰石重装,15.15,15.79,15.08,15.3,15.35,-0.2,-1.3029,6.9124,26730438,411665142.0,15535045885.5,5858565600.0
2016-03-25,'603169,兰石重装,15.35,15.7,14.51,14.95,15.26,0.09,0.5898,9.7629,37753652,566553877.0,15740128999.5,5935906400.0
2016-03-24,'603169,兰石重装,15.26,15.26,13.87,13.97,13.87,1.39,10.0216,10.7965,41750456,629344417.0,15647841598.2,5901103040.0
2016-03-23,'603169,兰石重装,13.87,13.96,13.56,13.62,13.79,0.08,0.5801,2.084,8058737,111167406.0,14222513955.9,5363584480.0
2016-03-22,'603169,兰石重装,13.79,14.21,13.51,13.71,13.71,0.08,0.5835,3.1626,12229974,170297170.0,14140480710.3,5332648160.0
2016-03-21,'603169,兰石重装,13.71,13.79,13.48,13.52,13.48,0.23,1.7062,3.1587,12214730,166654135.0,14058447464.7,5301711840.0
2016-03-18,'603169,兰石重装,13.48,13.89,12.73,12.88,12.88,0.6,4.6584,3.3444,12933004,172367612.0,13822601883.6,5212769920.0
2016-03-17,'603169,兰石重装,12.88,13.12,12.36,12.49,12.38,0.5,4.0388,2.1576,8343578,106310119.0,13207352541.6,4980747520.0
2016-03-16,'603169,兰石重装,12.38,12.7,12.34,12.53,12.54,-0.16,-1.2759,0.8376,3239086,40404720.0,12694644756.6,4787395520.0
2016-03-15,'603169,兰石重装,12.54,12.83,12.47,12.72,12.73,-0.19,-1.4925,1.1606,4488086,56408013.0,12858711247.8,4849268160.0
2016-03-14,'603169,兰石重装,12.73,12.87,12.48,12.59,12.33,0.4,3.2441,1.5954,6169663,78560849.0,13053540206.1,4922741920.0
2016-03-11,'603169,兰石重装,12.33,12.5,11.95,12.0,12.27,0.06,0.489,0.8404,3249732,39892500.0,12643373978.1,4768060320.0
2016-03-10,'603169,兰石重装,12.27,12.55,12.25,12.41,12.4,-0.13,-1.0484,0.8563,3311307,40994494.0,12581849043.9,4744858080.0
2016-03-09,'603169,兰石重装,12.4,12.58,12.1,12.49,12.72,-0.32,-2.5157,0.7838,3031057,37608237.0,12715153068.0,4795129600.0
2016-03-08,'603169,兰石重装,12.72,12.72,12.15,12.66,12.63,0.09,0.7126,1.2593,4869885,60727974.0,13043286050.4,4918874880.0
2016-03-07,'603169,兰石重装,12.63,12.7,12.15,12.15,12.32,0.31,2.5162,1.1981,4632912,58226437.0,12950998649.1,4884071520.0
2016-03-04,'603169,兰石重装,12.32,13.13,12.27,13.05,13.04,-0.72,-5.5215,1.6839,6511613,82582096.0,12633119822.4,4764193280.0
2016-03-03,'603169,兰石重装,13.04,13.38,12.82,12.98,13.24,-0.2,-1.5106,2.2585,8733724,114493461.0,13371419032.8,5042620160.0
2016-03-02,'603169,兰石重装,13.24,13.49,12.32,12.32,12.5,0.74,5.92,2.0361,7873698,101437797.0,13576502146.8,5119960960.0
2016-03-01,'603169,兰石重装,12.5,12.57,12.07,12.24,12.13,0.37,3.0503,1.2465,4820301,59653285.0,12817694625.0,4833800000.0
2016-02-29,'603169,兰石重装,12.13,13.08,11.87,13.08,13.0,-0.87,-6.6923,1.35,5220405,63568768.0,12438290864.1,4690719520.0
2016-02-26,'603169,兰石重装,13.0,13.48,12.5,13.12,13.09,-0.09,-0.6875,1.4116,5458760,71167375.0,13330402410.0,5027152000.0
2016-02-25,'603169,兰石重装,13.09,14.5,13.09,14.5,14.54,-1.45,-9.9725,2.3238,8986072,123575670.0,13422689811.3,5061955360.0
2016-02-24,'603169,兰石重装,14.54,14.78,14.22,14.41,14.27,0.27,1.8921,2.2906,8857900,128639169.0,14909542387.8,5622676160.0
2016-02-23,'603169,兰石重装,14.27,14.4,14.05,14.4,14.4,-0.13,-0.9028,1.5418,5962306,84773112.0,14632680183.9,5518266080.0
2016-02-22,'603169,兰石重装,14.4,14.58,14.26,14.38,14.22,0.18,1.2658,2.1121,8167529,117595125.0,14765984208.0,5568537600.0
2016-02-19,'603169,兰石重装,14.22,14.42,13.94,14.03,14.38,-0.16,-1.1127,2.532,9791209,138614762.0,14581409405.4,5498930880.0
2016-02-18,'603169,兰石重装,14.38,15.26,14.29,14.85,14.28,0.1,0.7003,5.877,22726596,335836507.0,14745475896.6,5560803520.0
2016-02-17,'603169,兰石重装,14.28,14.28,12.83,13.0,12.98,1.3,10.0154,2.6404,10210626,142759428.0,14642934339.6,5522133120.0
2016-02-16,'603169,兰石重装,12.98,13.12,12.55,12.55,12.44,0.54,4.3408,1.7773,6872813,88432743.0,13309894098.6,5019417920.0
2016-02-15,'603169,兰石重装,12.44,12.58,12.02,12.19,12.69,-0.25,-1.9701,0.9213,3562715,43921665.0,12756169690.8,4810597760.0
2016-02-05,'603169,兰石重装,12.69,12.83,12.55,12.68,12.66,0.03,0.237,0.9739,3766297,47737404.0,13012523583.3,4907273760.0
2016-02-04,'603169,兰石重装,12.66,12.89,12.53,12.53,12.51,0.15,1.199,1.32,5104376,64933617.0,12981761116.2,4895672640.0
2016-02-03,'603169,兰石重装,12.51,12.57,12.2,12.25,12.73,-0.22,-1.7282,1.3748,5316327,65803166.0,12827948780.7,4837667040.0
2016-02-02,'603169,兰石重装,12.73,12.98,11.75,11.81,11.8,0.93,7.8814,1.9213,7429682,93244682.0,13053540206.1,4922741920.0
2016-02-01,'603169,兰石重装,11.8,12.06,11.58,12.05,12.02,-0.22,-1.8303,0.7931,3067064,36356525.0,12099903726.0,4563107200.0
2016-01-29,'603169,兰石重装,12.02,12.13,11.52,11.59,11.52,0.5,4.3403,1.2508,4836713,57624588.0,12325495151.4,4648182080.0
2016-01-28,'603169,兰石重装,11.52,12.39,11.48,12.29,12.48,-0.96,-7.6923,1.2158,4701452,56391550.0,11812787366.4,4454830080.0
2016-01-27,'603169,兰石重装,12.48,13.2,11.53,12.9,12.75,-0.27,-2.1176,1.5838,6124787,74718002.0,12797186313.6,4826065920.0
2016-01-26,'603169,兰石重装,12.75,14.05,12.75,13.78,14.17,-1.42,-10.0212,1.7665,6831300,91347309.0,13074048517.5,4930476000.0
2016-01-25,'603169,兰石重装,14.17,14.45,14.02,14.23,14.12,0.05,0.3541,0.8061,3117271,44359041.0,14530138626.9,5479595680.0
2016-01-22,'603169,兰石重装,14.12,14.34,13.75,14.1,13.94,0.18,1.2912,0.9853,3810019,53582547.0,14478867848.4,5460260480.0
2016-01-21,'603169,兰石重装,13.94,14.79,13.91,14.4,14.79,-0.85,-5.7471,1.7144,6629798,95120557.0,14294293045.8,5390653760.0
2016-01-20,'603169,兰石重装,14.79,15.25,14.39,14.56,14.65,0.14,0.9556,2.338,9041220,134433443.0,15165896280.3,5719352160.0
2016-01-19,'603169,兰石重装,14.65,14.85,13.98,14.25,14.23,0.42,2.9515,1.9182,7417923,107192918.0,15022338100.5,5665213600.0
2016-01-18,'603169,兰石重装,14.23,14.53,13.75,13.75,14.28,-0.05,-0.3501,1.3703,5298841,75434779.0,14591663561.1,5502797920.0
2016-01-15,'603169,兰石重装,14.28,15.1,14.1,15.03,15.21,-0.93,-6.1144,1.4692,5681300,83326746.0,14642934339.6,5522133120.0
2016-01-14,'603169,兰石重装,15.21,15.3,14.0,14.0,14.9,0.31,2.0805,1.8292,7073555,104017893.0,15596570819.7,5881767840.0
2016-01-13,'603169,兰石重装,14.9,15.75,14.86,15.5,15.68,-0.78,-4.9745,1.5695,6069423,93130502.0,15278691993.0,5761889600.0
2016-01-12,'603169,兰石重装,15.68,16.14,14.78,15.18,15.18,0.5,3.2938,2.1258,8220595,126641626.0,16078516137.6,6063518720.0
2016-01-11,'603169,兰石重装,15.18,15.8,14.75,15.8,15.15,0.03,0.198,2.2491,8697444,133342957.0,15565808352.6,5870166720.0
2016-01-08,'603169,兰石重装,15.15,15.99,13.88,15.34,14.73,0.42,2.8513,1.8534,7167363,108664442.0,15535045885.5,5858565600.0
2016-01-07,'603169,兰石重装,14.73,16.27,14.65,16.27,16.26,-1.53,-9.4096,0.5129,1983275,30894263.0,15104371346.1,5696149920.0
2016-01-06,'603169,兰石重装,16.26,16.38,15.96,15.96,15.88,0.38,2.3929,1.5197,5876640,95292585.0,15379495244.2,6287807040.0
2016-01-05,'603169,兰石重装,15.88,16.4,15.2,15.54,16.43,-0.55,-3.3475,2.1038,8135477,129056129.0,15020072846.1,6140859520.0
2016-01-04,'603169,兰石重装,16.43,18.35,16.43,18.25,18.25,-1.82,-9.9726,1.4604,5647603,97482534.0,15540289474.9,6353546720.0
2015-12-31,'603169,兰石重装,18.25,18.49,18.13,18.13,18.23,0.02,0.1097,1.4799,5722882,104897123.0,17261733592.0,7057348000.0
2015-12-30,'603169,兰石重装,18.23,18.3,18.0,18.17,18.22,0.01,0.0549,1.2654,4893268,88922406.0,17242816623.7,7049613920.0
2015-12-29,'603169,兰石重装,18.22,18.26,17.88,18.04,18.14,0.08,0.441,1.473,5696094,102819275.0,17233358139.5,7045746880.0
2015-12-28,'603169,兰石重装,18.14,18.83,18.11,18.71,18.65,-0.51,-2.7346,1.8099,6998902,129474234.0,17157690266.2,7014810560.0
2015-12-25,'603169,兰石重装,18.65,18.79,18.53,18.63,18.73,-0.08,-0.4271,1.2851,4969688,92697282.0,17640072958.4,7212029600.0
2015-12-24,'603169,兰石重装,18.73,18.84,18.4,18.5,18.53,0.2,1.0793,1.5043,5817180,108312213.0,17715740831.7,7242965920.0
2015-12-23,'603169,兰石重装,18.53,19.07,18.5,19.0,19.0,-0.47,-2.4737,2.1069,8147436,152568860.0,17526571148.5,7165625120.0
2015-12-22,'603169,兰石重装,19.0,19.19,18.7,19.07,19.12,-0.12,-0.6276,2.3687,9160037,173022842.0,17971119904.0,7347376000.0
2015-12-21,'603169,兰石重装,19.12,19.35,18.98,18.98,18.69,0.43,2.3007,2.9922,11570821,221606522.0,18084621713.9,7393780480.0
2015-12-18,'603169,兰石重装,18.69,19.14,18.52,18.81,18.96,-0.27,-1.4241,2.5866,10002515,187867027.0,17677906895.0,7227497760.0
2015-12-17,'603169,兰石重装,18.96,19.42,18.85,19.13,18.49,0.47,2.5419,4.0602,15700983,299890158.0,17933285967.4,7331907840.0
2015-12-16,'603169,兰石重装,18.49,18.88,18.36,18.4,18.13,0.36,1.9857,2.9081,11245823,209229285.0,17488737211.8,7150156960.0
2015-12-15,'603169,兰石重装,18.13,18.52,18.02,18.38,18.28,-0.15,-0.8206,2.2403,8663275,157543839.0,17148231782.1,7010943520.0
2015-12-14,'603169,兰石重装,18.28,18.28,17.3,17.7,18.03,0.25,1.3866,2.4962,9652853,171987275.0,17290109044.5,7068949120.0
2015-12-11,'603169,兰石重装,18.03,18.69,17.98,18.35,18.4,-0.37,-2.0109,2.4571,9501827,173276199.0,17053646940.5,6972273120.0
2015-12-10,'603169,兰石重装,18.4,19.27,18.34,19.27,19.27,-0.87,-4.5148,3.2903,12723529,238396450.0,17403610854.4,7115353600.0
2015-12-09,'603169,兰石重装,19.27,19.9,18.66,19.9,19.99,-0.72,-3.6018,6.2784,24278632,464883520.0,18226498976.3,7451786080.0
2015-12-08,'603169,兰石重装,19.99,19.99,18.01,18.13,18.17,1.82,10.0165,8.8725,34310393,678082866.0,18907509835.8,7730212960.0
2015-12-07,'603169,兰石重装,18.17,18.67,17.92,17.92,17.87,0.3,1.6788,2.3007,8896795,162940267.0,17186065718.7,7026411680.0
2015-12-04,'603169,兰石重装,17.87,18.4,17.79,18.4,18.29,-0.42,-2.2963,2.0171,7800078,141289263.0,16902311193.9,6910400480.0
2015-12-03,'603169,兰石重装,18.29,18.49,18.0,18.0,17.77,0.52,2.9263,2.1881,8461393,154850269.0,17299567528.6,7072816160.0
2015-12-02,'603169,兰石重装,17.77,18.05,17.29,17.94,17.94,-0.17,-0.9476,1.3934,5388331,95337237.0,16807726352.3,6871730080.0
2015-12-01,'603169,兰石重装,17.94,18.05,17.45,18.0,18.05,-0.11,-0.6094,1.8257,7060002,125774852.0,16968520583.0,6937469760.0
2015-11-30,'603169,兰石重装,18.05,18.45,16.8,18.18,18.14,-0.09,-0.4961,2.2391,8658640,154822185.0,17072563908.8,6980007200.0
2015-11-27,'603169,兰石重装,18.14,20.2,18.04,20.1,20.04,-1.9,-9.481,3.3161,12823566,244471197.0,17157690266.2,7014810560.0
2015-11-26,'603169,兰石重装,20.04,20.5,20.01,20.4,20.44,-0.4,-1.9569,2.6798,10362763,209302079.0,18954802256.6,7749548160.0
2015-11-25,'603169,兰石重装,20.44,20.5,19.8,19.93,19.94,0.5,2.5075,3.4877,13487268,273243434.0,19333141623.0,7904229760.0
2015-11-24,'603169,兰石重装,19.94,19.97,19.4,19.7,19.74,0.2,1.0132,1.7853,6903943,135691300.0,18860217415.0,7710877760.0
2015-11-23,'603169,兰石重装,19.74,20.24,19.7,20.05,20.03,-0.29,-1.4478,2.293,8866945,176441755.0,18671047731.8,7633536960.0
2015-11-20,'603169,兰石重装,20.03,20.36,19.88,19.88,19.83,0.2,1.0086,2.6337,10184553,204978066.0,18945343772.5,7745681120.0
2015-11-19,'603169,兰石重装,19.83,19.88,19.27,19.27,19.59,0.24,1.2251,1.9424,7511510,147481488.0,18756174089.3,7668340320.0
2015-11-18,'603169,兰石重装,19.59,20.4,19.5,20.15,19.91,-0.32,-1.6072,2.2139,8561405,171015611.0,18529170469.4,7575531360.0
2015-11-17,'603169,兰石重装,19.91,20.8,19.86,20.8,20.28,-0.37,-1.8245,3.245,12548534,255517863.0,18831841962.6,7699276640.0
2015-11-16,'603169,兰石重装,20.28,20.35,19.35,19.45,20.25,0.03,0.1481,3.2254,12472904,247113247.0,19181805876.5,7842357120.0
2015-11-13,'603169,兰石重装,20.25,21.16,20.0,21.0,21.45,-1.2,-5.5944,4.6895,18134552,373800062.0,19153430424.0,7830756000.0
2015-11-12,'603169,兰石重装,21.45,21.97,20.4,21.15,21.21,0.24,1.1315,7.5741,29289338,616218022.0,20288448523.2,8294800800.0
2015-11-11,'603169,兰石重装,21.21,21.27,20.12,20.12,20.31,0.9,4.4313,6.1314,23710306,493716397.0,20061444903.4,8201991840.0
2015-11-10,'603169,兰石重装,20.31,20.72,20.01,20.4,20.54,-0.23,-1.1198,4.1516,16054366,327769291.0,19210181329.0,7853958240.0
2015-11-09,'603169,兰石重装,20.54,20.9,20.1,20.4,20.81,-0.27,-1.2975,4.7997,18560616,380444805.0,19427726464.6,7942900160.0
2015-11-06,'603169,兰石重装,20.81,21.13,20.16,20.4,20.39,0.42,2.0598,5.7769,22339603,462260169.0,19683105537.0,8047310240.0
2015-11-05,'603169,兰石重装,20.39,21.02,19.88,20.23,20.23,0.16,0.7909,6.0092,23237882,474733899.0,19285849202.2,7884894560.0
2015-11-04,'603169,兰石重装,20.23,20.36,19.06,19.15,18.9,1.33,7.037,4.5454,17577254,348333696.0,19134513455.7,7823021920.0
2015-11-03,'603169,兰石重装,18.9,19.29,18.65,18.94,18.82,0.08,0.4251,2.1029,8131983,154027519.0,17876535062.4,7308705600.0
2015-11-02,'603169,兰石重装,18.82,19.84,18.76,19.21,19.59,-0.77,-3.9306,2.4709,9554936,183804259.0,17800867189.1,7277769280.0
2015-10-30,'603169,兰石重装,19.59,20.01,19.25,19.66,19.93,-0.34,-1.706,2.9465,11394387,223663748.0,18529170469.4,7575531360.0
2015-10-29,'603169,兰石重装,19.93,20.25,19.59,19.72,19.8,0.13,0.6566,2.9961,11585908,231643347.0,18850758930.9,7707010720.0
2015-10-28,'603169,兰石重装,19.8,20.49,19.75,20.12,20.13,-0.33,-1.6393,3.6707,14194867,286317628.0,18727798636.8,7656739200.0
2015-10-27,'603169,兰石重装,20.13,20.39,19.12,20.3,20.7,-0.57,-2.7536,4.4041,17030806,339333653.0,19039928614.1,7784351520.0
2015-10-26,'603169,兰石重装,20.7,21.0,20.0,20.9,20.29,0.41,2.0207,5.0939,19698435,403281104.0,19579062211.2,8004772800.0
2015-10-23,'603169,兰石重装,20.29,20.58,19.62,20.1,20.22,0.07,0.3462,5.8057,22450995,450728419.0,19191264360.6,7846224160.0
2015-10-22,'603169,兰石重装,20.22,20.49,19.1,19.1,19.57,0.65,3.3214,6.29,24323739,483990315.0,19125054971.5,7819154880.0
2015-10-21,'603169,兰石重装,19.57,21.9,19.57,21.74,21.74,-2.17,-9.9816,8.0873,31273782,645031201.0,18510253501.1,7567797280.0
2015-10-20,'603169,兰石重装,21.74,22.0,21.3,21.63,22.19,-0.45,-2.0279,7.4445,28788045,622124936.0,20562744563.8,8406944960.0
2015-10-19,'603169,兰石重装,22.19,22.51,21.09,21.3,21.45,0.74,3.4499,12.6309,48844283,1062143096.0,20988376351.0,8580961760.0
2015-10-16,'603169,兰石重装,21.45,22.0,21.0,22.0,20.0,1.45,7.25,15.4157,59613320,1284110792.0,20288448523.2,8294800800.0
2015-10-15,'603169,兰石重装,20.0,20.0,18.73,18.73,18.18,1.82,10.011,11.5085,18413650,362078965.0,18916968320.0,3200000000.0
2015-10-14,'603169,兰石重装,18.18,18.97,17.81,18.3,18.68,-0.5,-2.6767,17.3374,27739826,509812029.0,17195524202.9,2908800000.0
2015-10-13,'603169,兰石重装,18.68,19.19,17.1,17.28,17.84,0.84,4.7085,21.7001,34720187,629946282.0,17668448410.9,2988800000.0
2015-10-12,'603169,兰石重装,17.84,18.28,17.16,17.18,17.16,0.68,3.9627,25.1584,40253493,706975804.0,16873935741.4,2854400000.0
2015-10-09,'603169,兰石重装,17.16,17.45,16.51,16.58,16.87,0.29,1.719,8.6008,13761259,234858139.0,16230758818.6,2745600000.0
2015-10-08,'603169,兰石重装,16.87,17.55,16.39,17.0,16.21,0.66,4.0716,8.8579,14172590,240802516.0,15956462777.9,2699200000.0
2015-09-30,'603169,兰石重装,16.21,16.48,15.77,15.8,15.7,0.51,3.2484,4.6655,7464848,120223237.0,15332202823.4,2593600000.0
2015-09-29,'603169,兰石重装,15.7,16.1,15.6,15.9,16.23,-0.53,-3.2656,3.4704,5552574,87858041.0,14849820131.2,2512000000.0
2015-09-28,'603169,兰石重装,16.23,16.27,15.69,15.7,15.76,0.47,2.9822,3.7385,5981676,96356591.0,15351119791.7,2596800000.0
2015-09-25,'603169,兰石重装,15.76,16.95,15.56,16.78,17.08,-1.32,-7.7283,6.643,10628740,172918055.0,14906571036.2,2521600000.0
2015-09-24,'603169,兰石重装,17.08,17.16,16.09,16.3,16.34,0.74,4.5288,8.5163,13626100,224935203.0,16155090945.3,2732800000.0
2015-09-23,'603169,兰石重装,16.34,16.96,15.5,15.78,16.2,0.14,0.8642,9.1784,14685360,241056351.0,15455163117.4,2614400000.0
2015-09-22,'603169,兰石重装,16.2,16.8,15.88,16.5,16.06,0.14,0.8717,11.1769,17882978,293006392.0,15322744339.2,2592000000.0
2015-09-21,'603169,兰石重装,16.06,16.06,14.21,14.21,14.6,1.46,10.0,8.3184,13309413,205913369.0,15190325561.0,2569600000.0
2015-09-18,'603169,兰石重装,14.6,14.83,14.24,14.56,14.49,0.11,0.7591,4.3766,7002575,101837759.0,13809386873.6,2336000000.0
2015-09-17,'603169,兰石重装,14.49,15.56,14.44,14.78,14.96,-0.47,-3.1417,7.3814,11810316,177495842.0,13705343547.8,2318400000.0
2015-09-16,'603169,兰石重装,14.96,14.96,13.61,13.61,13.6,1.36,10.0,6.0535,9685635,139519763.0,14149892303.4,2393600000.0
2015-09-15,'603169,兰石重装,13.6,14.99,13.6,14.28,15.11,-1.51,-9.9934,4.7992,7678645,108287399.0,12863538457.6,2176000000.0
2015-09-14,'603169,兰石重装,15.11,17.08,15.11,16.95,16.79,-1.68,-10.006,5.9448,9511697,151277738.0,14291769565.8,2417600000.0
2015-09-11,'603169,兰石重装,16.79,17.25,16.21,16.77,17.17,-0.38,-2.2132,7.0163,11226000,188773488.0,15880794904.6,2686400000.0
2015-09-10,'603169,兰石重装,17.17,18.25,16.39,16.63,17.04,0.13,0.7629,10.557,16891122,292591752.0,16240217302.7,2747200000.0
2015-09-09,'603169,兰石重装,17.04,17.5,15.86,16.13,16.12,0.92,5.7072,9.0103,14416489,242515136.0,16117257008.6,2726400000.0
2015-09-08,'603169,兰石重装,16.12,16.4,14.71,14.77,15.09,1.03,6.8257,5.1358,8217352,127397656.0,15247076465.9,2579200000.0
2015-09-07,'603169,兰石重装,15.09,15.87,14.71,14.91,14.9,0.19,1.2752,4.6038,7366012,113367360.0,14272852597.4,2414400000.0
2015-09-02,'603169,兰石重装,14.9,14.96,13.0,13.29,14.29,0.61,4.2687,7.3098,11695611,167898565.0,14093141398.4,2384000000.0
2015-09-01,'603169,兰石重装,14.29,15.9,14.29,15.9,15.88,-1.59,-10.0126,5.2165,8346471,122251766.0,13516173864.6,2286400000.0
2015-08-31,'603169,兰石重装,15.88,16.72,15.85,16.71,16.7,-0.82,-4.9102,6.3883,10221348,165373371.0,15020072846.1,2540800000.0
2015-08-28,'603169,兰石重装,16.7,16.71,15.22,15.4,15.19,1.51,9.9408,8.2307,13169165,209203243.0,15795668547.2,2672000000.0
2015-08-27,'603169,兰石重装,15.19,15.47,14.0,14.78,14.37,0.82,5.7063,5.5404,8864583,131540818.0,14367437439.0,2430400000.0
2015-08-26,'603169,兰石重装,14.37,15.86,13.57,15.2,14.86,-0.49,-3.2974,7.949,12718390,189844251.0,13591841737.9,2299200000.0
2015-08-25,'603169,兰石重装,14.86,15.87,14.86,14.86,16.51,-1.65,-9.9939,4.7617,7618746,114639483.0,14055307461.8,2377600000.0
2015-08-24,'603169,兰石重装,16.51,17.68,16.51,17.68,18.34,-1.83,-9.9782,4.6468,7434956,124437955.0,15615957348.2,2641600000.0
2015-08-21,'603169,兰石重装,18.34,19.0,17.78,18.0,18.55,-0.21,-1.1321,6.1881,9901031,183826954.0,17346859949.4,2934400000.0
2015-08-20,'603169,兰石重装,18.55,19.84,18.48,19.83,19.93,-1.38,-6.9242,5.7576,9212103,176816828.0,17545488116.8,2968000000.0
2015-08-19,'603169,兰石重装,19.93,20.19,17.6,18.51,19.5,0.43,2.2051,8.989,14382446,271263256.0,18850758930.9,3188800000.0
2015-08-18,'603169,兰石重装,19.5,21.6,19.5,21.6,21.67,-2.17,-10.0138,9.2148,14743668,302137155.0,18444044112.0,3120000000.0
2015-08-17,'603169,兰石重装,21.67,21.69,20.65,20.83,21.3,0.37,1.7371,9.5994,15359035,324798810.0,20496535174.7,3467200000.0
2015-08-14,'603169,兰石重装,21.3,22.12,21.17,21.7,21.54,-0.24,-1.1142,9.6694,15471027,334109639.0,20146571260.8,3408000000.0
2015-08-13,'603169,兰石重装,21.54,21.67,20.58,21.07,21.13,0.41,1.9404,9.5234,15237442,323468643.0,20373574880.6,3446400000.0
2015-08-12,'603169,兰石重装,21.13,22.5,21.0,21.5,22.16,-1.03,-4.648,13.3633,21381284,464122836.0,19985777030.1,3380800000.0
2015-08-11,'603169,兰石重装,22.16,23.39,21.61,21.63,22.28,-0.12,-0.5386,21.2924,34067763,763837713.0,20960000898.6,3545600000.0
2015-08-10,'603169,兰石重装,22.28,22.63,20.3,20.3,20.57,1.71,8.3131,21.3981,34236881,735241982.0,21073502708.5,3564800000.0
2015-08-07,'603169,兰石重装,20.57,21.25,19.96,20.9,19.97,0.6,3.0045,21.8549,34967882,715992418.0,19456101917.1,3291200000.0
2015-08-06,'603169,兰石重装,19.97,19.97,18.48,18.48,18.15,1.82,10.0275,15.771,25233532,491445516.0,18888592867.5,3195200000.0
2015-08-05,'603169,兰石重装,18.15,18.99,17.89,18.5,17.97,0.18,1.0017,9.6548,15447699,284704040.0,17167148750.4,2904000000.0
2015-08-04,'603169,兰石重装,17.97,17.97,16.51,16.75,16.34,1.63,9.9755,7.3734,11797453,204982800.0,16996896035.5,2875200000.0
2015-08-03,'603169,兰石重装,16.34,18.02,16.34,17.53,18.15,-1.81,-9.9725,6.5237,10437880,177635386.0,15455163117.4,2614400000.0
2015-07-31,'603169,兰石重装,18.15,19.39,17.58,18.51,19.3,-1.15,-5.9585,7.6617,12258658,228991451.0,17167148750.4,2904000000.0
2015-07-30,'603169,兰石重装,19.3,20.26,18.6,19.01,18.49,0.81,4.3807,12.3992,19838746,385792344.0,18254874428.8,3088000000.0
2015-07-29,'603169,兰石重装,18.49,18.49,16.83,17.43,16.81,1.68,9.9941,7.5942,12150674,213301845.0,17488737211.8,2958400000.0
2015-07-28,'603169,兰石重装,16.81,18.56,16.08,17.39,17.86,-1.05,-5.8791,9.1772,14683517,248776939.0,15899711873.0,2689600000.0
2015-07-27,'603169,兰石重装,17.86,20.37,17.86,19.3,19.84,-1.98,-9.9798,10.9085,17453521,335022016.0,16892852709.8,2857600000.0
2015-07-24,'603169,兰石重装,19.84,20.95,19.5,20.1,20.34,-0.5,-2.4582,15.0049,24007847,487300875.0,18765632573.4,3174400000.0
2015-07-23,'603169,兰石重装,20.34,21.5,19.63,20.1,20.37,-0.03,-0.1473,19.9068,31850919,653626069.0,19238556781.4,3254400000.0
2015-07-22,'603169,兰石重装,20.37,20.37,19.0,19.05,18.52,1.85,9.9892,21.9012,35041914,697453827.0,19266932233.9,3259200000.0
2015-07-21,'603169,兰石重装,18.52,18.52,17.8,18.52,16.84,1.68,9.9762,10.0035,16005677,295276419.0,17517112664.3,2963200000.0
2015-07-20,'603169,兰石重装,16.84,17.09,16.03,16.4,16.38,0.46,2.8083,8.8953,14232433,237018100.0,15928087325.4,2694400000.0
2015-07-17,'603169,兰石重装,16.38,16.79,14.99,15.4,15.4,0.98,6.3636,8.1243,12998824,206941772.0,15492997054.1,2620800000.0
2015-07-16,'603169,兰石重装,15.4,16.18,13.74,15.27,15.27,0.13,0.8513,7.1592,11454723,174245437.0,14566065606.4,2464000000.0
2015-07-15,'603169,兰石重装,15.27,16.78,15.27,16.26,16.97,-1.7,-10.0177,5.9663,9546097,150022605.0,14443105312.3,2443200000.0
2015-07-14,'603169,兰石重装,16.97,18.28,16.2,17.29,16.73,0.24,1.4345,14.8872,23819480,411296830.0,16051047619.5,2715200000.0
2015-07-13,'603169,兰石重装,16.73,16.73,15.75,16.18,15.21,1.52,9.9934,9.2504,14800694,243656148.0,15824043999.7,2676800000.0
2015-07-10,'603169,兰石重装,15.21,15.21,14.11,14.3,13.83,1.38,9.9783,8.6835,13893595,209221107.0,14386354407.4,2433600000.0
2015-07-09,'603169,兰石重装,13.83,13.83,12.57,12.57,12.57,1.26,10.0239,9.6011,15361780,206761937.0,13081083593.3,2212800000.0
2015-07-08,'603169,兰石重装,12.57,13.0,11.8,11.8,13.11,-0.54,-4.119,14.4318,23090808,287596316.0,11889314589.1,2011200000.0
2015-07-07,'603169,兰石重装,13.11,14.4,13.1,13.82,14.55,-1.44,-9.8969,7.082,11331148,151178699.0,12400072733.8,2097600000.0
2015-07-06,'603169,兰石重装,14.55,15.59,12.96,15.59,14.18,0.37,2.6093,10.7341,17174613,247058626.0,13762094452.8,2328000000.0
2015-07-03,'603169,兰石重装,14.18,15.97,14.18,15.06,15.76,-1.58,-10.0254,6.83,10927970,159423771.0,13412130538.9,2268800000.0
2015-07-02,'603169,兰石重装,15.76,17.8,15.76,17.53,17.51,-1.75,-9.9943,7.7279,12364635,203275451.0,14906571036.2,2521600000.0
2015-07-01,'603169,兰石重装,17.51,19.95,17.35,17.97,18.49,-0.98,-5.3002,11.3687,18189862,338921591.0,16561805764.2,2801600000.0
2015-06-30,'603169,兰石重装,18.49,18.5,16.0,16.97,17.78,0.71,3.9933,10.9647,17543494,304126914.0,17488737211.8,2958400000.0
2015-06-29,'603169,兰石重装,17.78,20.48,17.78,20.3,19.76,-1.98,-10.0202,7.7021,12323363,226002580.0,16817184836.5,2844800000.0
2015-06-26,'603169,兰石重装,19.76,21.28,19.76,21.28,21.95,-2.19,-9.9772,6.0735,9717605,196897585.0,18689964700.2,3161600000.0
2015-06-25,'603169,兰石重装,21.95,23.6,21.5,23.48,23.47,-1.52,-6.4764,7.042,11267199,257965307.0,20761372731.2,3512000000.0
2015-06-24,'603169,兰石重装,23.47,23.94,22.98,22.98,22.69,0.78,3.4376,8.8268,14122846,331204729.0,22199062323.5,3755200000.0
2015-06-23,'603169,兰石重装,22.69,23.4,20.66,22.49,22.96,-0.27,-1.176,8.208,13132752,288447131.0,21461300559.0,3630400000.0
2015-06-19,'603169,兰石重装,22.96,24.7,22.96,24.7,25.51,-2.55,-9.9961,6.8958,11033295,259653754.0,21716679631.4,3673600000.0
2015-06-18,'603169,兰石重装,25.51,27.3,25.48,27.3,27.7,-2.19,-7.9061,7.5139,12022310,316920508.0,24128593092.2,4081600000.0
2015-06-17,'603169,兰石重装,27.7,27.79,24.68,27.0,27.25,0.45,1.6514,11.7885,18861618,490746077.0,26200001123.2,4432000000.0
2015-06-16,'603169,兰石重装,27.25,29.03,26.86,27.6,27.77,-0.52,-1.8725,9.5607,15297167,431384285.0,25774369336.0,4360000000.0
2015-06-15,'603169,兰石重装,27.77,29.53,27.6,29.53,29.54,-1.77,-5.9919,11.6572,18651465,529808469.0,26266210512.3,4443200000.0
2015-06-12,'603169,兰石重装,29.54,29.91,29.22,29.7,29.51,0.03,0.1017,9.0698,14511748,428962562.0,27940362208.6,4726400000.0
2015-06-11,'603169,兰石重装,29.51,29.94,29.0,29.35,29.98,-0.47,-1.5677,10.0252,16040331,468905005.0,27911986756.2,4721600000.0
2015-06-10,'603169,兰石重装,29.98,31.48,28.54,31.48,31.71,-1.73,-5.4557,15.563,24900830,750847975.0,28356535511.7,4796800000.0
2015-06-09,'603169,兰石重装,31.71,31.71,28.96,28.96,28.83,2.88,9.9896,19.5191,31230625,951828167.0,29992853271.4,5073600000.0
2015-06-08,'603169,兰石重装,28.83,29.3,28.16,29.3,29.51,-0.68,-2.3043,11.0204,17632688,506796715.0,27268809833.3,4612800000.0
2015-06-05,'603169,兰石重装,29.51,30.5,29.2,30.0,29.78,-0.27,-0.9066,13.258,21212777,631094732.0,27911986756.2,4721600000.0
2015-06-04,'603169,兰石重装,29.78,31.89,28.1,31.89,31.15,-1.37,-4.3981,15.4761,24761801,743353766.0,28167365828.5,4764800000.0
2015-06-03,'603169,兰石重装,31.15,31.33,29.3,29.98,30.08,1.07,3.5572,18.7835,30053591,914705956.0,29463178158.4,4984000000.0
2015-06-02,'603169,兰石重装,30.08,31.08,29.2,31.0,30.93,-0.85,-2.7481,18.8942,30230780,905209856.0,28451120353.3,4812800000.0
2015-06-01,'603169,兰石重装,30.93,31.71,29.3,30.07,30.07,0.86,2.86,19.6661,31465770,971841185.0,29255091506.9,4948800000.0
2015-05-29,'603169,兰石重装,30.07,32.54,28.16,31.0,31.18,-1.11,-3.56,27.179,43486417,1324205186.0,28441661869.1,4811200000.0
2015-05-28,'603169,兰石重装,31.18,35.19,29.56,32.93,31.99,-0.81,-2.532,39.198,62716801,2140230449.0,29491553610.9,4988800000.0
2015-05-27,'603169,兰石重装,31.99,31.99,27.68,28.35,29.08,2.91,10.0069,30.4199,48671802,1458669308.0,30257690827.8,5118400000.0
2015-05-26,'603169,兰石重装,29.08,30.28,28.0,30.23,27.62,1.46,5.286,33.7342,53974670,1564175937.0,27505271937.3,4652800000.0
2015-05-25,'603169,兰石重装,27.62,27.62,24.6,25.0,25.11,2.51,9.996,21.6066,34570619,919926249.0,26124333249.9,4419200000.0
2015-05-22,'603169,兰石重装,25.11,25.5,24.17,25.02,24.93,0.18,0.722,23.5927,37748393,940085406.0,23750253725.8,4017600000.0
2015-05-21,'603169,兰石重装,24.93,25.52,22.84,23.55,23.6,1.33,5.6356,21.5935,34549530,827681419.0,23580001010.9,3988800000.0
2015-05-20,'603169,兰石重装,23.6,24.7,23.3,23.3,23.12,0.48,2.0761,17.1529,27444667,660217417.0,22322022617.6,3776000000.0
2015-05-19,'603169,兰石重装,23.12,23.22,22.55,23.14,23.11,0.01,0.0433,11.2264,17962271,410866892.0,21868015377.9,3699200000.0
2015-05-18,'603169,兰石重装,23.11,23.59,22.53,22.96,22.95,0.16,0.6972,10.2016,16322636,378280808.0,21858556893.8,3697600000.0
2015-05-15,'603169,兰石重装,22.95,23.6,22.7,23.42,23.85,-0.9,-3.7736,12.327,19723184,454567930.0,21707221147.2,3672000000.0
2015-05-14,'603169,兰石重装,23.85,24.5,23.15,23.7,24.02,-0.17,-0.7077,15.3224,24515853,584270018.0,22558484721.6,3816000000.0
2015-05-13,'603169,兰石重装,24.02,25.0,23.7,25.0,25.37,-1.35,-5.3212,23.3403,37344452,904702906.0,22719278952.3,3843200000.0
2015-05-12,'603169,兰石重装,25.37,26.0,23.61,23.8,24.36,1.01,4.1461,30.3105,48496785,1225573845.0,23996174313.9,4059200000.0
2015-05-11,'603169,兰石重装,24.36,24.62,22.4,23.0,23.91,0.45,1.8821,27.0017,43202778,1021418758.0,23040867413.8,3897600000.0
2015-05-08,'603169,兰石重装,23.91,27.31,23.0,26.97,24.83,-0.92,-3.7052,43.6185,69789580,1744240973.0,22615235626.6,3825600000.0
2015-05-07,'603169,兰石重装,24.83,24.83,22.58,23.0,22.57,2.26,10.0133,10.4525,16724027,406436356.0,23485416169.3,3972800000.0
2015-05-06,'603169,兰石重装,22.57,22.57,18.88,20.99,20.52,2.05,9.9903,17.3721,27795331,611108874.0,21347798749.1,3611200000.0
2015-05-05,'603169,兰石重装,0.0,0.0,0.0,0.0,20.52,None,None,0.0,0,0.0,19408809496.3,3283200000.0
2015-05-04,'603169,兰石重装,0.0,0.0,0.0,0.0,20.52,None,None,0.0,0,0.0,19408809496.3,3283200000.0
2015-04-30,'603169,兰石重装,0.0,0.0,0.0,0.0,20.52,None,None,0.0,0,0.0,19408809496.3,3283200000.0
2015-04-29,'603169,兰石重装,0.0,0.0,0.0,0.0,20.52,None,None,0.0,0,0.0,19408809496.3,3283200000.0
2015-04-28,'603169,兰石重装,0.0,0.0,0.0,0.0,20.52,None,None,0.0,0,0.0,19408809496.3,3283200000.0
2015-04-27,'603169,兰石重装,0.0,0.0,0.0,0.0,20.52,None,None,0.0,0,0.0,19408809496.3,3283200000.0
2015-04-24,'603169,DR兰石重,0.0,0.0,0.0,0.0,20.52,None,None,0.0,0,0.0,19408809496.3,3283200000.0
2015-04-23,'603169,兰石重装,0.0,0.0,0.0,0.0,32.98,None,None,0.0,0,0.0,19496300474.8,3298000000.0
2015-04-22,'603169,兰石重装,0.0,0.0,0.0,0.0,32.98,None,None,0.0,0,0.0,19496300474.8,3298000000.0
2015-04-21,'603169,兰石重装,0.0,0.0,0.0,0.0,32.98,None,None,0.0,0,0.0,19496300474.8,3298000000.0
2015-04-20,'603169,兰石重装,32.98,32.98,28.5,29.96,29.98,3.0,10.0067,41.1616,41161558,1293752489.0,19496300474.8,3298000000.0
2015-04-17,'603169,兰石重装,29.98,31.78,29.5,31.0,28.89,1.09,3.7729,46.3929,46392935,1437595512.0,17722834694.8,2998000000.0
2015-04-16,'603169,兰石重装,28.89,28.89,26.4,26.9,26.26,2.63,10.0152,23.3805,23380523,662197680.0,17078475461.4,2889000000.0
2015-04-15,'603169,兰石重装,26.26,28.3,25.9,28.21,28.38,-2.12,-7.47,13.5557,13555695,367826863.0,15523737127.6,2626000000.0
2015-04-14,'603169,兰石重装,28.38,28.59,26.65,27.0,27.17,1.21,4.4534,19.9182,19918203,554557123.0,16776986278.8,2838000000.0
2015-04-13,'603169,兰石重装,27.17,27.5,26.13,26.75,26.73,0.44,1.6461,11.6422,11642196,313077200.0,16061688414.2,2717000000.0
2015-04-10,'603169,兰石重装,26.73,26.95,26.11,26.47,26.44,0.29,1.0968,8.0771,8077109,215075290.0,15801580099.8,2673000000.0
2015-04-09,'603169,兰石重装,26.44,27.39,25.5,27.38,27.41,-0.97,-3.5389,12.945,12945024,340802935.0,15630145074.4,2644000000.0
2015-04-08,'603169,兰石重装,27.41,28.59,27.21,28.59,28.64,-1.23,-4.2947,18.53,18529962,514182651.0,16203565676.6,2741000000.0
2015-04-07,'603169,兰石重装,28.64,29.48,27.25,27.9,28.52,0.12,0.4208,25.1376,25137583,711122303.0,16930686646.4,2864000000.0
2015-04-03,'603169,兰石重装,28.52,29.06,26.62,26.84,27.2,1.32,4.8529,27.7242,27724163,773072158.0,16859748015.2,2852000000.0
2015-04-02,'603169,兰石重装,27.2,27.57,26.2,26.38,26.36,0.84,3.1866,21.8226,21822586,591011033.0,16079423072.0,2720000000.0
2015-04-01,'603169,兰石重装,26.36,26.5,25.92,26.0,26.17,0.19,0.726,9.7335,9733456,255607720.0,15582852653.6,2636000000.0
2015-03-31,'603169,兰石重装,26.17,26.69,26.05,26.62,26.59,-0.42,-1.5795,11.21,11209984,294558878.0,15470533154.2,2617000000.0
2015-03-30,'603169,兰石重装,26.59,27.37,26.3,26.5,26.26,0.33,1.2567,13.74,13739974,369089437.0,15718818363.4,2659000000.0
2015-03-27,'603169,兰石重装,26.26,26.7,26.2,26.22,26.37,-0.11,-0.4171,8.0228,8022803,211637052.0,15523737127.6,2626000000.0
2015-03-26,'603169,兰石重装,26.37,27.2,26.12,27.1,27.42,-1.05,-3.8293,14.453,14453008,385520753.0,15588764206.2,2637000000.0
2015-03-25,'603169,兰石重装,27.42,27.66,26.03,26.03,26.31,1.11,4.2189,21.718,21717979,580476196.0,16209477229.2,2742000000.0
2015-03-24,'603169,兰石重装,26.31,27.0,25.68,26.5,26.72,-0.41,-1.5344,20.2091,20209118,531996991.0,15553294890.6,2631000000.0
2015-03-23,'603169,兰石重装,26.72,26.98,26.01,26.5,26.54,0.18,0.6782,22.1892,22189241,588209087.0,15795668547.2,2672000000.0
2015-03-20,'603169,兰石重装,26.54,28.4,26.5,28.15,26.99,-0.45,-1.6673,37.1208,37120846,1012340796.0,15689260600.4,2654000000.0
2015-03-19,'603169,兰石重装,26.99,26.99,24.05,24.3,24.54,2.45,9.9837,34.3792,34379177,894142855.0,15955280467.4,2699000000.0
2015-03-18,'603169,兰石重装,24.54,25.5,24.5,25.12,24.28,0.26,1.0708,23.2503,23250332,578801009.0,14506950080.4,2454000000.0
2015-03-17,'603169,兰石重装,24.28,24.43,23.75,24.02,23.85,0.43,1.8029,14.5628,14562814,351442301.0,14353249712.8,2428000000.0
2015-03-16,'603169,兰石重装,23.85,23.96,23.31,23.51,23.23,0.62,2.669,11.5402,11540247,273432632.0,14099052951.0,2385000000.0
2015-03-13,'603169,兰石重装,23.23,23.5,22.85,23.03,23.03,0.2,0.8684,6.3295,6329489,146603417.0,13732536689.8,2323000000.0
2015-03-12,'603169,兰石重装,23.03,23.5,22.69,22.88,22.97,0.06,0.2612,6.7558,6755810,155833722.0,13614305637.8,2303000000.0
2015-03-11,'603169,兰石重装,22.97,23.65,22.91,23.34,23.43,-0.46,-1.9633,7.0213,7021313,162664471.0,13578836322.2,2297000000.0
2015-03-10,'603169,兰石重装,23.43,23.9,23.1,23.52,23.44,-0.01,-0.0427,6.1197,6119733,143724459.0,13850767741.8,2343000000.0
2015-03-09,'603169,兰石重装,23.44,23.6,22.45,23.2,23.27,0.17,0.7306,5.8111,5811088,133878179.0,13856679294.4,2344000000.0
2015-03-06,'603169,兰石重装,23.27,23.98,23.2,23.55,23.44,-0.17,-0.7253,7.4653,7465274,175872986.0,13756182900.2,2327000000.0
2015-03-05,'603169,兰石重装,23.44,24.1,23.3,24.1,24.34,-0.9,-3.6976,12.4545,12454471,293731329.0,13856679294.4,2344000000.0
2015-03-04,'603169,兰石重装,24.34,25.36,23.91,24.6,24.33,0.01,0.0411,15.1001,15100059,369010876.0,14388719028.4,2434000000.0
2015-03-03,'603169,兰石重装,24.33,25.64,23.28,23.8,23.89,0.44,1.8418,25.994,25994015,641343847.0,14382807475.8,2433000000.0
2015-03-02,'603169,兰石重装,23.89,24.12,23.12,23.3,23.7,0.19,0.8017,14.9347,14934703,352077039.0,14122699161.4,2389000000.0
2015-02-27,'603169,兰石重装,23.7,24.45,22.8,23.1,23.24,0.46,1.9793,16.2873,16287259,388334924.0,14010379662.0,2370000000.0
2015-02-26,'603169,兰石重装,23.24,23.95,22.5,22.5,22.63,0.61,2.6955,11.2476,11247627,263859999.0,13738448242.4,2324000000.0
2015-02-25,'603169,兰石重装,22.63,23.05,22.44,23.05,23.07,-0.44,-1.9072,5.6849,5684919,128968312.0,13377843533.8,2263000000.0
2015-02-17,'603169,兰石重装,23.07,23.38,22.73,23.01,22.99,0.08,0.348,8.4674,8467376,195040459.0,13637951848.2,2307000000.0
2015-02-16,'603169,兰石重装,22.99,23.37,22.64,22.85,23.39,-0.4,-1.7101,11.5914,11591372,266176577.0,13590659427.4,2299000000.0
2015-02-13,'603169,兰石重装,23.39,24.58,23.36,24.27,23.5,-0.11,-0.4681,23.4545,23454512,562435366.0,13827121531.4,2339000000.0
2015-02-12,'603169,兰石重装,23.5,23.5,21.01,21.41,21.36,2.14,10.0187,16.9631,16963110,385219641.0,13892148610.0,2350000000.0
2015-02-11,'603169,兰石重装,21.36,21.47,21.16,21.47,21.37,-0.01,-0.0468,5.5774,5577433,118993105.0,12627076353.6,2136000000.0
2015-02-10,'603169,兰石重装,21.37,21.48,20.61,21.08,21.1,0.27,1.2796,7.7108,7710767,162448491.0,12632987906.2,2137000000.0
2015-02-09,'603169,兰石重装,21.1,22.25,20.85,22.0,22.09,-0.99,-4.4817,9.2657,9265678,196264482.0,12473375986.0,2110000000.0
2015-02-06,'603169,兰石重装,22.09,22.86,22.03,22.5,22.66,-0.57,-2.5154,7.5518,7551846,169053518.0,13058619693.4,2209000000.0
2015-02-05,'603169,兰石重装,22.66,23.45,22.6,23.29,23.18,-0.52,-2.2433,8.9475,8947542,204799263.0,13395578191.6,2266000000.0
2015-02-04,'603169,兰石重装,23.18,23.78,23.0,23.4,23.43,-0.25,-1.067,9.6685,9668476,225144103.0,13702978926.8,2318000000.0
2015-02-03,'603169,兰石重装,23.43,23.88,22.3,22.5,23.25,0.18,0.7742,11.7417,11741664,271673672.0,13850767741.8,2343000000.0
2015-02-02,'603169,兰石重装,23.25,24.25,22.85,22.85,22.6,0.65,2.8761,13.1291,13129058,309201903.0,13744359795.0,2325000000.0
2015-01-30,'603169,兰石重装,22.6,23.98,22.58,23.5,23.76,-1.16,-4.8822,13.2166,13216550,304809953.0,13360108876.0,2260000000.0
2015-01-29,'603169,兰石重装,23.76,24.59,23.62,23.7,24.03,-0.27,-1.1236,13.6182,13618235,327256443.0,14045848977.6,2376000000.0
2015-01-28,'603169,兰石重装,24.03,24.6,23.88,24.41,25.1,-1.07,-4.2629,19.7513,19751341,477128893.0,14205460897.8,2403000000.0
2015-01-27,'603169,兰石重装,25.1,26.0,24.3,24.45,24.05,1.05,4.3659,33.0147,33014709,835178903.0,14837997026.0,2510000000.0
2015-01-26,'603169,兰石重装,24.05,24.68,23.12,23.5,24.04,0.01,0.0416,16.1137,16113740,385401903.0,14217284003.0,2405000000.0
2015-01-23,'603169,兰石重装,24.04,25.48,23.74,24.72,24.7,-0.66,-2.6721,21.9504,21950365,535636913.0,14211372450.4,2404000000.0
2015-01-22,'603169,兰石重装,24.7,25.99,24.5,24.78,24.98,-0.28,-1.1209,25.139,25138961,631713349.0,14601534922.0,2470000000.0
2015-01-21,'603169,兰石重装,24.98,25.2,23.91,24.04,24.79,0.19,0.7664,30.0111,30011149,732076838.0,14767058394.8,2498000000.0
2015-01-20,'603169,兰石重装,24.79,25.56,23.01,23.01,24.08,0.71,2.9485,37.158,37158006,907990947.0,14654738895.4,2479000000.0
2015-01-19,'603169,兰石重装,24.08,25.68,23.45,24.39,23.45,0.63,2.6866,44.7501,44750091,1093351020.0,14235018660.8,2408000000.0
2015-01-16,'603169,兰石重装,23.45,23.45,21.85,22.3,21.32,2.13,9.9906,19.8743,19874293,456524610.0,13862590847.0,2345000000.0
2015-01-15,'603169,兰石重装,21.32,21.98,21.0,21.5,21.85,-0.53,-2.4256,15.5106,15510581,330751776.0,12603430143.2,2132000000.0
2015-01-14,'603169,兰石重装,21.85,22.5,21.2,21.5,22.01,-0.16,-0.7269,17.9737,17973730,391717064.0,12916742431.0,2185000000.0
2015-01-13,'603169,兰石重装,22.01,24.18,22.0,22.58,23.32,-1.31,-5.6175,22.7589,22758947,517753563.0,13011327272.6,2201000000.0
2015-01-12,'603169,兰石重装,23.32,24.5,20.9,22.04,22.82,0.5,2.1911,30.957,30956973,708707780.0,13785740663.2,2332000000.0
2015-01-09,'603169,兰石重装,22.82,24.98,22.1,23.75,22.79,0.03,0.1316,41.9918,41991762,1000239133.0,13490163033.2,2282000000.0
2015-01-08,'603169,兰石重装,22.79,22.79,20.9,21.3,20.72,2.07,9.9903,21.6786,21678551,480322568.0,13472428375.4,2279000000.0
2015-01-07,'603169,兰石重装,20.72,20.72,18.84,19.16,18.84,1.88,9.9788,29.1302,29130218,574251854.0,12248736987.2,2072000000.0
2015-01-06,'603169,兰石重装,18.84,18.84,16.7,16.98,17.13,1.71,9.9825,19.2423,19242251,347838328.0,11137365098.4,1884000000.0
2015-01-05,'603169,兰石重装,17.13,17.64,16.72,17.48,17.57,-0.44,-2.5043,8.9933,8993289,153964246.0,10126489603.8,1713000000.0
2014-12-31,'603169,兰石重装,17.57,18.0,16.6,16.99,17.18,0.39,2.2701,10.2568,10256756,178964723.0,10386597918.2,1757000000.0
2014-12-30,'603169,兰石重装,17.18,18.6,17.0,18.28,18.24,-1.06,-5.8114,11.4129,11412852,202975384.0,10156047366.8,1718000000.0
2014-12-29,'603169,兰石重装,18.24,19.25,18.1,18.91,18.98,-0.74,-3.8988,10.2516,10251638,189942657.0,10782671942.4,1824000000.0
2014-12-26,'603169,兰石重装,18.98,19.45,18.82,19.05,19.51,-0.53,-2.7166,11.4275,11427538,217693743.0,11220126834.8,1898000000.0
2014-12-25,'603169,兰石重装,19.51,20.24,18.37,18.82,19.04,0.47,2.4685,15.8418,15841810,304174280.0,11533439122.6,1951000000.0
2014-12-24,'603169,兰石重装,19.04,19.28,18.62,18.8,18.8,0.24,1.2766,10.1201,10120117,191726517.0,11255596150.4,1904000000.0
2014-12-23,'603169,兰石重装,18.8,20.6,18.1,18.51,20.03,-1.23,-6.1408,17.4431,17443141,335716506.0,11113718888.0,1880000000.0
2014-12-22,'603169,兰石重装,20.03,21.98,20.03,21.98,22.25,-2.22,-9.9775,11.1439,11143915,227249743.0,11840839857.8,2003000000.0
2014-12-19,'603169,兰石重装,22.25,23.85,22.0,23.3,23.83,-1.58,-6.6303,19.829,19829031,447077574.0,13153204535.0,2225000000.0
2014-12-18,'603169,兰石重装,23.83,24.4,22.85,22.95,23.35,0.48,2.0557,20.8748,20874800,496666440.0,14087229845.8,2383000000.0
2014-12-17,'603169,兰石重装,23.35,24.36,22.0,22.66,22.95,0.4,1.7429,19.041,19041009,446048418.0,13803475321.0,2335000000.0
2014-12-16,'603169,兰石重装,22.95,23.9,22.9,23.0,23.42,-0.47,-2.0068,16.567,16567010,383184856.0,13567013217.0,2295000000.0
2014-12-15,'603169,兰石重装,23.42,24.88,22.0,22.85,23.71,-0.29,-1.2231,21.7515,21751473,511830847.0,13844856189.2,2342000000.0
2014-12-12,'603169,兰石重装,23.71,25.85,23.6,24.63,23.74,-0.03,-0.1264,35.7187,35718689,883423649.0,14016291214.6,2371000000.0
2014-12-11,'603169,兰石重装,23.74,23.74,20.75,21.18,21.58,2.16,10.0093,22.9912,22991198,523608192.0,14034025872.4,2374000000.0
2014-12-10,'603169,兰石重装,21.58,22.4,20.03,21.16,21.98,-0.4,-1.8198,22.724,22724005,486813281.0,12757130510.8,2158000000.0
2014-12-09,'603169,兰石重装,21.98,24.65,21.98,23.51,24.42,-2.44,-9.9918,27.9233,27923346,652169841.0,12993592614.8,2198000000.0
2014-12-08,'603169,兰石重装,24.42,25.35,22.5,23.0,24.12,0.3,1.2438,31.8469,31846941,759899383.0,14436011449.2,2442000000.0
2014-12-05,'603169,兰石重装,24.12,25.99,23.85,25.3,25.66,-1.54,-6.0016,24.7304,24730430,611553988.0,14258664871.2,2412000000.0
2014-12-04,'603169,兰石重装,25.66,26.17,25.1,25.1,25.59,0.07,0.2735,26.1698,26169779,669566781.0,15169043971.6,2566000000.0
2014-12-03,'603169,兰石重装,25.59,26.76,24.4,25.6,26.38,-0.79,-2.9947,33.1736,33173604,848727271.0,15127663103.4,2559000000.0
2014-12-02,'603169,兰石重装,26.38,27.72,25.1,25.3,26.54,-0.16,-0.6029,38.8843,38884317,1037137777.0,15594675758.8,2638000000.0
2014-12-01,'603169,兰石重装,26.54,28.57,24.5,25.83,26.08,0.46,1.7638,54.0922,54092181,1473731471.0,15689260600.4,2654000000.0
2014-11-28,'603169,兰石重装,26.08,26.08,22.08,22.45,23.71,2.37,9.9958,56.5924,56592399,1348160500.0,15417329180.8,2608000000.0
2014-11-27,'603169,兰石重装,0.0,0.0,0.0,0.0,23.71,None,None,0.0,0,0.0,14016291214.6,2371000000.0
2014-11-26,'603169,兰石重装,0.0,0.0,0.0,0.0,23.71,None,None,0.0,0,0.0,14016291214.6,2371000000.0
2014-11-25,'603169,兰石重装,0.0,0.0,0.0,0.0,23.71,None,None,0.0,0,0.0,14016291214.6,2371000000.0
2014-11-24,'603169,兰石重装,23.71,23.71,22.01,22.99,21.55,2.16,10.0232,31.3442,31344178,724568981.0,14016291214.6,2371000000.0
2014-11-21,'603169,兰石重装,21.55,21.55,19.6,20.27,19.59,1.96,10.0051,36.172,36171978,753472851.0,12739395853.0,2155000000.0
2014-11-20,'603169,兰石重装,19.59,19.59,16.95,17.2,17.81,1.78,9.9944,45.1491,45149066,834765764.0,11580731543.4,1959000000.0
2014-11-19,'603169,兰石重装,17.81,18.4,16.81,17.3,17.49,0.32,1.8296,38.1646,38164575,668819380.0,10528475180.6,1781000000.0
2014-11-18,'603169,兰石重装,17.49,17.86,16.9,17.51,18.32,-0.83,-4.5306,37.1628,37162825,648006794.0,10339305497.4,1749000000.0
2014-11-17,'603169,兰石重装,18.32,19.09,16.49,16.5,18.32,0.0,0.0,50.0357,50035721,875057180.0,10829964363.2,1832000000.0
2014-11-14,'603169,兰石重装,18.32,20.25,18.32,19.11,20.35,-2.03,-9.9754,23.9373,23937338,448448959.0,10829964363.2,1832000000.0
2014-11-13,'603169,兰石重装,20.35,23.5,19.5,19.5,21.67,-1.32,-6.0914,59.8156,59815622,1285069409.0,12030009541.0,2035000000.0
2014-11-12,'603169,兰石重装,21.67,21.67,18.0,21.66,19.7,1.97,10.0,52.2792,52279230,1082367469.0,12810334484.2,2167000000.0
2014-11-11,'603169,兰石重装,0.0,0.0,0.0,0.0,19.7,None,None,0.0,0,0.0,11645758622.0,1970000000.0
2014-11-10,'603169,兰石重装,19.7,19.7,19.3,19.7,17.91,1.79,9.9944,6.5905,6590503,129695480.0,11645758622.0,1970000000.0
2014-11-07,'603169,兰石重装,17.91,17.91,17.5,17.91,16.28,1.63,10.0123,10.5835,10583499,188840782.0,10587590706.6,1791000000.0
2014-11-06,'603169,兰石重装,16.28,16.28,15.26,15.3,14.8,1.48,10.0,33.8233,33823275,540160722.0,9624007632.8,1628000000.0
2014-11-05,'603169,兰石重装,14.8,14.8,12.84,13.45,13.45,1.35,10.0372,47.8551,47855129,672191160.0,8749097848.0,1480000000.0
2014-11-04,'603169,兰石重装,13.45,13.45,12.47,13.19,12.23,1.22,9.9755,59.7058,59705833,783100400.0,7951038247.0,1345000000.0
2014-11-03,'603169,兰石重装,12.23,12.23,11.53,11.7,11.12,1.11,9.982,30.6693,30669268,367364104.0,7229828829.8,1223000000.0
2014-10-31,'603169,兰石重装,11.12,11.12,10.2,10.5,10.11,1.01,9.9901,56.0822,56082156,599867889.0,6573646491.2,1112000000.0
2014-10-30,'603169,兰石重装,10.11,10.11,9.55,9.74,9.19,0.92,10.0109,43.4614,43461354,432043787.0,5976579678.6,1011000000.0
2014-10-29,'603169,兰石重装,9.19,9.19,9.19,9.19,8.35,0.84,10.0599,4.1535,4153512,38170775.0,5432716839.4,919000000.0
2014-10-28,'603169,兰石重装,8.35,8.35,8.35,8.35,7.59,0.76,10.0132,16.5331,16533144,138051752.0,4936146421.0,835000000.0
2014-10-27,'603169,兰石重装,7.59,7.59,7.59,7.59,6.9,0.69,10.0,8.6027,8602722,65294660.0,4486868423.4,759000000.0
2014-10-24,'603169,兰石重装,6.9,6.9,6.9,6.9,6.27,0.63,10.0478,1.5927,1592673,10989444.0,4078971294.0,690000000.0
2014-10-23,'603169,兰石重装,6.27,6.27,6.27,6.27,5.7,0.57,10.0,0.7686,768550,4818809.0,3706543480.2,627000000.0
2014-10-22,'603169,兰石重装,5.7,5.7,5.7,5.7,5.18,0.52,10.0386,0.5777,577651,3292611.0,3369584982.0,570000000.0
2014-10-21,'603169,兰石重装,5.18,5.18,5.18,5.18,4.71,0.47,9.9788,0.645,645002,3341110.0,3062184246.8,518000000.0
2014-10-20,'603169,兰石重装,4.71,4.71,4.71,4.71,4.28,0.43,10.0467,0.5362,536230,2525643.0,2784341274.6,471000000.0
2014-10-17,'603169,兰石重装,4.28,4.28,4.28,4.28,3.89,0.39,10.0257,0.5268,526769,2254571.0,2530144512.8,428000000.0
2014-10-16,'603169,兰石重装,3.89,3.89,3.89,3.89,3.54,0.35,9.887,0.1713,171315,666415.0,2299593961.4,389000000.0
2014-10-15,'603169,兰石重装,3.54,3.54,3.54,3.54,3.22,0.32,9.9379,0.089,88999,315056.0,2092689620.4,354000000.0
2014-10-14,'603169,兰石重装,3.22,3.22,3.22,3.22,2.93,0.29,9.8976,0.0646,64579,207944.0,1903519937.2,322000000.0
2014-10-13,'603169,兰石重装,2.93,2.93,2.93,2.93,2.66,0.27,10.1504,0.0653,65345,191461.0,1732084911.8,293000000.0
2014-10-10,'603169,兰石重装,2.66,2.66,2.66,2.66,2.42,0.24,9.9174,0.0784,78400,208544.0,1572472991.6,266000000.0
2014-10-09,'603169,N兰石,2.42,2.42,2.02,2.02,1.68,0.74,44.0476,0.1956,195600,471312.0,1430595729.2,242000000.0
