日期,股票代码,名称,收盘价,最高价,最低价,开盘价,前收盘,涨跌额,涨跌幅,换手率,成交量,成交金额,总市值,流通市值
2017-05-15,'603227,雪峰科技,7.39,7.57,7.38,7.53,7.42,-0.03,-0.4043,0.7976,3362000,25098391.0,4867793000.0,3115180600.0
2017-05-12,'603227,雪峰科技,7.42,7.55,7.32,7.4,7.38,0.04,0.542,1.318,5555750,41346236.0,4887554000.0,3127826800.0
2017-05-11,'603227,雪峰科技,7.38,7.48,7.15,7.36,7.48,-0.1,-1.3369,1.8899,7966715,58430790.0,4861206000.0,3110965200.0
2017-05-10,'603227,雪峰科技,7.48,7.95,7.37,7.87,7.91,-0.43,-5.4362,1.9099,8050968,61993709.0,4927076000.0,3153119200.0
2017-05-09,'603227,雪峰科技,7.91,7.95,7.52,7.61,7.78,0.13,1.671,2.0433,8613200,66620255.0,5210317000.0,3334381400.0
2017-05-08,'603227,雪峰科技,7.78,8.25,7.75,8.0,8.0,-0.22,-2.75,2.221,9362230,74845215.0,5124686000.0,3279581200.0
2017-05-05,'603227,雪峰科技,8.0,8.39,7.99,8.29,8.35,-0.35,-4.1916,2.5109,10584450,86360522.0,5269600000.0,3372320000.0
2017-05-04,'603227,雪峰科技,8.35,8.65,8.01,8.15,8.22,0.13,1.5815,3.8925,16408339,135745167.0,5500145000.0,3519859000.0
2017-05-03,'603227,雪峰科技,8.22,8.35,7.8,7.85,7.85,0.37,4.7134,4.072,17165217,139451734.0,5414514000.0,3465058800.0
2017-05-02,'603227,雪峰科技,7.85,7.94,7.77,7.94,7.84,0.01,0.1276,1.2494,5266900,41281478.0,5170795000.0,3309089000.0
2017-04-28,'603227,雪峰科技,7.84,7.96,7.71,7.79,7.84,0.0,0.0,1.8875,7956600,62541278.0,5164208000.0,3304873600.0
2017-04-27,'603227,雪峰科技,7.84,7.98,7.53,7.53,7.56,0.28,3.7037,2.9261,12334475,96344955.0,5164208000.0,3304873600.0
2017-04-26,'603227,雪峰科技,7.56,7.63,7.41,7.6,7.63,-0.07,-0.9174,1.6746,7058926,53219366.0,4979772000.0,3186842400.0
2017-04-25,'603227,雪峰科技,7.63,7.77,7.59,7.7,7.57,0.06,0.7926,1.2252,5164901,39529610.0,5025881000.0,3216350200.0
2017-04-24,'603227,雪峰科技,7.57,8.0,7.3,8.0,7.97,-0.4,-5.0188,1.9942,8406366,64501194.0,4986359000.0,3191057800.0
2017-04-21,'603227,雪峰科技,7.97,8.06,7.89,7.92,7.92,0.05,0.6313,1.7329,7304930,58218482.0,5249839000.0,3359673800.0
2017-04-20,'603227,雪峰科技,7.92,8.1,7.86,8.0,8.03,-0.11,-1.3699,2.1932,9245044,73569754.0,5216904000.0,3338596800.0
2017-04-19,'603227,雪峰科技,8.03,8.4,7.89,8.39,8.42,-0.39,-4.6318,3.6252,15281662,123705361.0,5289361000.0,3384966200.0
2017-04-18,'603227,雪峰科技,8.42,8.59,8.2,8.44,8.4,0.02,0.2381,3.303,13923612,117047265.0,5546254000.0,3549366800.0
2017-04-17,'603227,雪峰科技,8.4,8.66,8.35,8.41,8.5,-0.1,-1.1765,3.0633,12912937,109637882.0,5533080000.0,3540936000.0
2017-04-14,'603227,雪峰科技,8.5,9.09,8.48,8.9,8.99,-0.49,-5.4505,5.5096,23225297,202838911.0,5598950000.0,3583090000.0
2017-04-13,'603227,雪峰科技,8.99,9.2,8.91,9.0,9.07,-0.08,-0.882,4.0831,17211794,155958444.0,5921713000.0,3789644600.0
2017-04-12,'603227,雪峰科技,9.07,9.6,9.02,9.6,9.75,-0.68,-6.9744,7.8561,33116788,308964625.0,5974409000.0,3823367800.0
2017-04-11,'603227,雪峰科技,9.75,9.85,9.27,9.48,9.58,0.17,1.7745,10.5914,44647148,429284872.0,6422325000.0,4110015000.0
2017-04-10,'603227,雪峰科技,9.58,10.1,9.37,10.03,10.22,-0.64,-6.2622,13.3505,56277592,544659908.0,6310346000.0,4038353200.0
2017-04-07,'603227,雪峰科技,10.22,11.0,10.03,10.62,10.98,-0.76,-6.9217,19.2619,81196802,844516819.0,6731914000.0,4308138800.0
2017-04-06,'603227,雪峰科技,0.0,0.0,0.0,0.0,10.98,None,None,0.0,0,0.0,7232526000.0,4628509200.0
2017-04-05,'603227,雪峰科技,0.0,0.0,0.0,0.0,10.98,None,None,0.0,0,0.0,7232526000.0,4628509200.0
2017-03-31,'603227,雪峰科技,0.0,0.0,0.0,0.0,10.98,None,None,0.0,0,0.0,7232526000.0,4628509200.0
2017-03-30,'603227,雪峰科技,0.0,0.0,0.0,0.0,10.98,None,None,0.0,0,0.0,7232526000.0,4628509200.0
2017-03-29,'603227,雪峰科技,10.98,10.98,10.98,10.98,9.98,1.0,10.02,3.3453,14101685,154836501.0,7232526000.0,4628509200.0
2017-03-28,'603227,雪峰科技,9.98,9.98,9.0,9.02,9.07,0.91,10.0331,4.4593,18797616,183717282.0,6573826000.0,4206969200.0
2017-03-27,'603227,雪峰科技,9.07,9.45,9.05,9.31,9.29,-0.22,-2.3681,4.7754,20130249,185975429.0,5974409000.0,3823367800.0
2017-03-24,'603227,雪峰科技,9.29,9.52,9.16,9.19,9.26,0.03,0.324,7.5094,31655231,296518806.0,6119323000.0,3916106600.0
2017-03-23,'603227,雪峰科技,9.26,9.36,8.94,9.13,9.12,0.14,1.5351,5.5905,23566256,216272774.0,6099562000.0,3903460400.0
2017-03-22,'603227,雪峰科技,9.12,9.2,8.67,8.74,8.81,0.31,3.5187,5.4097,22803862,205523334.0,6007344000.0,3844444800.0
2017-03-21,'603227,雪峰科技,8.81,8.94,8.74,8.89,8.94,-0.13,-1.4541,1.862,7849026,69237164.0,5803147000.0,3713767400.0
2017-03-20,'603227,雪峰科技,8.94,9.0,8.61,8.74,8.74,0.2,2.2883,3.1616,13327417,117524264.0,5888778000.0,3768567600.0
2017-03-17,'603227,雪峰科技,8.74,8.94,8.56,8.65,8.66,0.08,0.9238,2.9951,12625663,110894265.0,5757038000.0,3684259600.0
2017-03-16,'603227,雪峰科技,8.66,8.67,8.45,8.45,8.45,0.21,2.4852,1.3981,5893487,50715788.0,5704342000.0,3650536400.0
2017-03-15,'603227,雪峰科技,8.45,8.49,8.4,8.43,8.43,0.02,0.2372,0.8067,3400600,28709165.0,5566015000.0,3562013000.0
2017-03-14,'603227,雪峰科技,8.43,8.55,8.4,8.47,8.47,-0.04,-0.4723,1.1536,4862800,41144374.0,5552841000.0,3553582200.0
2017-03-13,'603227,雪峰科技,8.47,8.56,8.28,8.49,8.51,-0.04,-0.47,1.2491,5265561,44209461.0,5579189000.0,3570443800.0
2017-03-10,'603227,雪峰科技,8.51,8.6,8.49,8.51,8.57,-0.06,-0.7001,1.1376,4795254,40987724.0,5605537000.0,3587305400.0
2017-03-09,'603227,雪峰科技,8.57,8.77,8.44,8.77,8.75,-0.18,-2.0571,1.8323,7723880,66341415.0,5645059000.0,3612597800.0
2017-03-08,'603227,雪峰科技,8.75,8.8,8.71,8.75,8.76,-0.01,-0.1142,0.9705,4091214,35819063.0,5763625000.0,3688475000.0
2017-03-07,'603227,雪峰科技,8.76,8.82,8.7,8.74,8.74,0.02,0.2288,1.1755,4955074,43359285.0,5770212000.0,3692690400.0
2017-03-06,'603227,雪峰科技,8.74,8.82,8.7,8.7,8.7,0.04,0.4598,1.4585,6148054,53781046.0,5757038000.0,3684259600.0
2017-03-03,'603227,雪峰科技,8.7,8.83,8.68,8.83,8.76,-0.06,-0.6849,1.4461,6096068,53174230.0,5730690000.0,3667398000.0
2017-03-02,'603227,雪峰科技,8.76,9.08,8.68,9.07,9.05,-0.29,-3.2044,2.8407,11974783,106402991.0,5770212000.0,3692690400.0
2017-03-01,'603227,雪峰科技,9.05,9.16,8.88,9.05,9.03,0.02,0.2215,3.3654,14186624,128248727.0,5961235000.0,3814937000.0
2017-02-28,'603227,雪峰科技,9.03,9.09,8.9,8.95,9.04,-0.01,-0.1106,2.0449,8620182,77402963.0,5948061000.0,3806506200.0
2017-02-27,'603227,雪峰科技,9.04,9.39,8.99,9.34,9.29,-0.25,-2.6911,3.3018,13918526,127475518.0,5954648000.0,3810721600.0
2017-02-24,'603227,雪峰科技,9.29,9.38,9.1,9.2,9.12,0.17,1.864,5.7286,24148200,224302224.0,6119323000.0,3916106600.0
2017-02-23,'603227,雪峰科技,9.12,9.23,8.92,9.03,9.03,0.09,0.9967,3.7763,15918555,144374253.0,6007344000.0,3844444800.0
2017-02-22,'603227,雪峰科技,9.03,9.15,8.98,9.15,9.17,-0.14,-1.5267,2.711,11427914,103414323.0,5948061000.0,3806506200.0
2017-02-21,'603227,雪峰科技,9.17,9.33,9.05,9.29,9.24,-0.07,-0.7576,3.8483,16222102,148470834.0,6040279000.0,3865521800.0
2017-02-20,'603227,雪峰科技,9.24,9.25,8.78,8.95,9.01,0.23,2.5527,5.3102,22384425,202755125.0,6086388000.0,3895029600.0
2017-02-17,'603227,雪峰科技,9.01,9.4,8.96,9.24,9.2,-0.19,-2.0652,4.8788,20565896,187131940.0,5934887000.0,3798075400.0
2017-02-16,'603227,雪峰科技,9.2,9.3,8.81,8.81,8.96,0.24,2.6786,6.9527,29308517,267378610.0,6060040000.0,3878168000.0
2017-02-15,'603227,雪峰科技,8.96,9.35,8.73,8.85,8.85,0.11,1.2429,5.564,23454564,211734934.0,5901952000.0,3776998400.0
2017-02-14,'603227,雪峰科技,8.85,9.0,8.67,8.71,8.74,0.11,1.2586,3.6891,15550996,137281270.0,5829495000.0,3730629000.0
2017-02-13,'603227,雪峰科技,8.74,9.2,8.7,9.01,8.9,-0.16,-1.7978,4.1066,17310926,153470471.0,5757038000.0,3684259600.0
2017-02-10,'603227,雪峰科技,8.9,9.26,8.57,8.7,8.79,0.11,1.2514,7.5699,31910033,286769816.0,5862430000.0,3751706000.0
2017-02-09,'603227,雪峰科技,8.79,8.88,8.2,8.24,8.24,0.55,6.6748,6.1342,25858173,223342944.0,5789973000.0,3705336600.0
2017-02-08,'603227,雪峰科技,8.24,8.25,8.15,8.17,8.17,0.07,0.8568,0.7414,3125360,25677099.0,5427688000.0,3473489600.0
2017-02-07,'603227,雪峰科技,8.17,8.29,8.16,8.23,8.24,-0.07,-0.8495,0.7746,3265131,26802099.0,5381579000.0,3443981800.0
2017-02-06,'603227,雪峰科技,8.24,8.26,8.15,8.25,8.24,0.0,0.0,0.8557,3606915,29565072.0,5427688000.0,3473489600.0
2017-02-03,'603227,雪峰科技,8.24,8.28,8.13,8.2,8.13,0.11,1.353,0.8224,3466880,28445867.0,5427688000.0,3473489600.0
2017-01-26,'603227,雪峰科技,8.13,8.16,8.04,8.05,8.07,0.06,0.7435,0.5418,2283981,18512225.0,5355231000.0,3427120200.0
2017-01-25,'603227,雪峰科技,8.07,8.18,8.06,8.15,8.15,-0.08,-0.9816,0.7674,3234940,26253943.0,5315709000.0,3401827800.0
2017-01-24,'603227,雪峰科技,8.15,8.26,8.03,8.08,8.1,0.05,0.6173,1.5239,6423931,52343166.0,5368405000.0,3435551000.0
2017-01-23,'603227,雪峰科技,8.1,8.12,7.98,8.0,8.06,0.04,0.4963,1.8947,7986933,64486437.0,5335470000.0,3414474000.0
2017-01-20,'603227,雪峰科技,8.06,8.07,7.56,7.56,7.68,0.38,4.9479,3.4749,14648255,116445271.0,5309122000.0,3397612400.0
2017-01-19,'603227,雪峰科技,7.68,7.81,7.39,7.4,7.45,0.23,3.0872,2.2257,9382358,71412812.0,5058816000.0,3237427200.0
2017-01-18,'603227,雪峰科技,7.45,7.54,7.38,7.42,7.43,0.02,0.2692,0.9833,4144800,30991948.0,4907315000.0,3140473000.0
2017-01-17,'603227,雪峰科技,7.43,7.51,7.23,7.42,7.42,0.01,0.1348,0.9878,4163841,30822705.0,4894141000.0,3132042200.0
2017-01-16,'603227,雪峰科技,7.42,7.96,7.18,7.95,7.95,-0.53,-6.6667,1.9633,8275931,62690719.0,4887554000.0,3127826800.0
2017-01-13,'603227,雪峰科技,7.95,8.12,7.9,8.04,8.09,-0.14,-1.7305,1.1137,4694800,37682597.0,5236665000.0,3351243000.0
2017-01-12,'603227,雪峰科技,8.09,8.25,8.06,8.19,8.25,-0.16,-1.9394,1.1929,5028741,41038049.0,5328883000.0,3410258600.0
2017-01-11,'603227,雪峰科技,8.25,8.46,7.88,8.42,8.46,-0.21,-2.4823,1.8683,7875480,65416366.0,5434275000.0,3477705000.0
2017-01-10,'603227,雪峰科技,8.46,8.49,8.3,8.36,8.35,0.11,1.3174,2.8564,12040700,101266500.0,5572602000.0,3566228400.0
2017-01-09,'603227,雪峰科技,8.35,8.37,8.26,8.29,8.31,0.04,0.4813,1.131,4767700,39716946.0,5500145000.0,3519859000.0
2017-01-06,'603227,雪峰科技,8.31,8.36,8.24,8.34,8.37,-0.06,-0.7168,1.4406,6072783,50397211.0,5473797000.0,3502997400.0
2017-01-05,'603227,雪峰科技,8.37,8.4,8.32,8.4,8.43,-0.06,-0.7117,1.9073,8040117,67144022.0,5513319000.0,3528289800.0
2017-01-04,'603227,雪峰科技,8.43,8.49,8.38,8.38,8.32,0.11,1.3221,2.705,11402639,96153063.0,5552841000.0,3553582200.0
2017-01-03,'603227,雪峰科技,8.32,8.35,8.25,8.29,8.26,0.06,0.7264,1.1346,4782864,39654112.0,5480384000.0,3507212800.0
2016-12-30,'603227,雪峰科技,8.26,8.27,8.17,8.22,8.23,0.03,0.3645,1.2196,5140906,42314283.0,5440862000.0,3481920400.0
2016-12-29,'603227,雪峰科技,8.23,8.4,8.14,8.18,8.2,0.03,0.3659,1.7148,7228720,59717361.0,5421101000.0,3469274200.0
2016-12-28,'603227,雪峰科技,8.2,8.23,8.14,8.21,8.2,0.0,0.0,0.8472,3571220,29203303.0,5401340000.0,3456628000.0
2016-12-27,'603227,雪峰科技,8.2,8.28,8.18,8.18,8.22,-0.02,-0.2433,0.9173,3866740,31767849.0,5401340000.0,3456628000.0
2016-12-26,'603227,雪峰科技,8.22,8.25,8.05,8.18,8.23,-0.01,-0.1215,1.1693,4929248,40149203.0,5414514000.0,3465058800.0
2016-12-23,'603227,雪峰科技,8.23,8.45,8.21,8.4,8.38,-0.15,-1.79,1.374,5792112,48158402.0,5421101000.0,3469274200.0
2016-12-22,'603227,雪峰科技,8.38,8.44,8.25,8.35,8.4,-0.02,-0.2381,1.6389,6908762,57507705.0,5519906000.0,3532505200.0
2016-12-21,'603227,雪峰科技,8.4,8.46,8.36,8.45,8.35,0.05,0.5988,1.6454,6936036,58240079.0,5533080000.0,3540936000.0
2016-12-20,'603227,雪峰科技,8.35,8.38,8.2,8.35,8.37,-0.02,-0.2389,1.1637,4905666,40579843.0,5500145000.0,3519859000.0
2016-12-19,'603227,雪峰科技,8.37,8.47,8.26,8.32,8.32,0.05,0.601,1.7528,7388790,61741063.0,5513319000.0,3528289800.0
2016-12-16,'603227,雪峰科技,8.32,8.35,8.22,8.26,8.25,0.07,0.8485,1.3937,5874821,48710150.0,5480384000.0,3507212800.0
2016-12-15,'603227,雪峰科技,8.25,8.3,8.1,8.11,8.23,0.02,0.243,1.748,7368352,60549170.0,5434275000.0,3477705000.0
2016-12-14,'603227,雪峰科技,8.23,8.3,8.19,8.3,8.25,-0.02,-0.2424,1.0994,4634370,38177566.0,5421101000.0,3469274200.0
2016-12-13,'603227,雪峰科技,8.25,8.31,8.16,8.29,8.3,-0.05,-0.6024,1.4348,6048142,49871443.0,5434275000.0,3477705000.0
2016-12-12,'603227,雪峰科技,8.3,8.79,8.24,8.74,8.75,-0.45,-5.1429,2.1723,9157150,77753341.0,5467210000.0,3498782000.0
2016-12-09,'603227,雪峰科技,8.75,8.88,8.73,8.78,8.8,-0.05,-0.5682,1.1748,4952335,43453415.0,5763625000.0,3688475000.0
2016-12-08,'603227,雪峰科技,8.8,8.97,8.76,8.94,8.9,-0.1,-1.1236,1.2709,5357500,47279340.0,5796560000.0,3709552000.0
2016-12-07,'603227,雪峰科技,8.9,8.9,8.75,8.77,8.73,0.17,1.9473,1.3662,5759200,50907082.0,5862430000.0,3751706000.0
2016-12-06,'603227,雪峰科技,8.73,8.8,8.72,8.72,8.72,0.01,0.1147,1.0582,4460942,39065579.0,5750451000.0,3680044200.0
2016-12-05,'603227,雪峰科技,8.72,8.9,8.68,8.83,8.92,-0.2,-2.2422,1.9139,8067647,70915430.0,5743864000.0,3675828800.0
2016-12-02,'603227,雪峰科技,8.92,9.22,8.85,9.22,9.23,-0.31,-3.3586,2.3541,9923400,89409486.0,5875604000.0,3760136800.0
2016-12-01,'603227,雪峰科技,9.23,9.28,9.18,9.22,9.19,0.04,0.4353,1.2003,5059847,46647736.0,6079801000.0,3890814200.0
2016-11-30,'603227,雪峰科技,9.19,9.28,9.11,9.18,9.21,-0.02,-0.2172,1.517,6394890,58751845.0,6053453000.0,3873952600.0
2016-11-29,'603227,雪峰科技,9.21,9.48,9.2,9.37,9.42,-0.21,-2.2293,2.0805,8770306,81752270.0,6066627000.0,3882383400.0
2016-11-28,'603227,雪峰科技,9.42,9.55,9.32,9.32,9.42,0.0,0.0,1.6617,7004664,66039208.0,6204954000.0,3970906800.0
2016-11-25,'603227,雪峰科技,9.42,9.56,9.21,9.52,9.52,-0.1,-1.0504,2.3956,10098322,94587535.0,6204954000.0,3970906800.0
2016-11-24,'603227,雪峰科技,9.52,9.8,9.44,9.72,9.74,-0.22,-2.2587,2.8592,12052524,115413690.0,6270824000.0,4013060800.0
2016-11-23,'603227,雪峰科技,9.74,9.93,9.57,9.88,9.93,-0.19,-1.9134,4.6437,19575113,190257508.0,6415738000.0,4105799600.0
2016-11-22,'603227,雪峰科技,9.93,9.95,9.41,9.45,9.5,0.43,4.5263,6.7843,28598595,278328795.0,6540891000.0,4185892200.0
2016-11-21,'603227,雪峰科技,9.5,9.56,9.35,9.43,9.5,0.0,0.0,3.9128,16493917,156010628.0,6257650000.0,4004630000.0
2016-11-18,'603227,雪峰科技,9.5,10.09,9.13,9.19,9.23,0.27,2.9252,6.8979,29077273,279227850.0,6257650000.0,4004630000.0
2016-11-17,'603227,雪峰科技,9.23,9.25,9.11,9.14,9.19,0.04,0.4353,1.2939,5454359,49984156.0,6079801000.0,3890814200.0
2016-11-16,'603227,雪峰科技,9.19,9.33,9.18,9.29,9.29,-0.1,-1.0764,1.745,7355758,67870564.0,6053453000.0,3873952600.0
2016-11-15,'603227,雪峰科技,9.29,9.31,9.15,9.21,9.24,0.05,0.5411,2.208,9307502,86043269.0,6119323000.0,3916106600.0
2016-11-14,'603227,雪峰科技,9.24,9.32,9.13,9.16,9.18,0.06,0.6536,2.7759,11701634,107862333.0,6086388000.0,3895029600.0
2016-11-11,'603227,雪峰科技,9.18,9.22,9.08,9.18,9.24,-0.06,-0.6494,2.3283,9814755,89744562.0,6046866000.0,3869737200.0
2016-11-10,'603227,雪峰科技,9.24,9.35,8.93,8.96,8.89,0.35,3.937,3.7688,15887192,145304681.0,6086388000.0,3895029600.0
2016-11-09,'603227,雪峰科技,8.89,9.05,8.76,9.0,9.02,-0.13,-1.4412,1.7612,7424002,66152651.0,5855843000.0,3747490600.0
2016-11-08,'603227,雪峰科技,9.02,9.04,8.86,8.9,8.87,0.15,1.6911,1.769,7456948,66952436.0,5941474000.0,3802290800.0
2016-11-07,'603227,雪峰科技,8.87,8.95,8.82,8.89,8.88,-0.01,-0.1126,1.0214,4305567,38245036.0,5842669000.0,3739059800.0
2016-11-04,'603227,雪峰科技,8.88,8.97,8.84,8.89,8.89,-0.01,-0.1125,0.9895,4171314,37100880.0,5849256000.0,3743275200.0
2016-11-03,'603227,雪峰科技,8.89,8.96,8.78,8.84,8.83,0.06,0.6795,1.2947,5457829,48553205.0,5855843000.0,3747490600.0
2016-11-02,'603227,雪峰科技,8.83,8.96,8.8,8.89,8.95,-0.12,-1.3408,1.1415,4811946,42613814.0,5816321000.0,3722198200.0
2016-11-01,'603227,雪峰科技,8.95,8.95,8.78,8.78,8.81,0.14,1.5891,1.2754,5376417,47859149.0,5895365000.0,3772783000.0
2016-10-31,'603227,雪峰科技,8.81,8.86,8.71,8.85,8.89,-0.08,-0.8999,0.9784,4124398,36184649.0,5803147000.0,3713767400.0
2016-10-28,'603227,雪峰科技,8.89,9.07,8.82,9.06,9.1,-0.21,-2.3077,2.3532,9919546,88390010.0,5855843000.0,3747490600.0
2016-10-27,'603227,雪峰科技,9.1,9.13,9.03,9.08,9.07,0.03,0.3308,1.2083,5093458,46261180.0,5994170000.0,3836014000.0
2016-10-26,'603227,雪峰科技,9.07,9.27,9.02,9.26,9.26,-0.19,-2.0518,2.2107,9319062,85008134.0,5974409000.0,3823367800.0
2016-10-25,'603227,雪峰科技,9.26,9.4,9.2,9.23,9.28,-0.02,-0.2155,2.0879,8801156,81732893.0,6099562000.0,3903460400.0
2016-10-24,'603227,雪峰科技,9.28,9.32,9.13,9.23,9.32,-0.04,-0.4292,3.0137,12703899,117085549.0,6112736000.0,3911891200.0
2016-10-21,'603227,雪峰科技,9.32,9.65,8.95,8.98,9.02,0.3,3.3259,5.4765,23085747,216601430.0,6139084000.0,3928752800.0
2016-10-20,'603227,雪峰科技,9.02,9.06,8.92,9.02,8.97,0.05,0.5574,1.3655,5756313,51777024.0,5941474000.0,3802290800.0
2016-10-19,'603227,雪峰科技,8.97,9.04,8.88,8.94,8.92,0.05,0.5605,1.5228,6419074,57548845.0,5908539000.0,3781213800.0
2016-10-18,'603227,雪峰科技,8.92,8.93,8.72,8.74,8.83,0.09,1.0193,1.2326,5195809,45995169.0,5875604000.0,3760136800.0
2016-10-17,'603227,雪峰科技,8.83,9.08,8.81,9.08,9.01,-0.18,-1.9978,1.4385,6063705,54060585.0,5816321000.0,3722198200.0
2016-10-14,'603227,雪峰科技,9.01,9.07,8.91,9.07,9.09,-0.08,-0.8801,1.2705,5355816,48139974.0,5934887000.0,3798075400.0
2016-10-13,'603227,雪峰科技,9.09,9.1,8.91,8.98,8.97,0.12,1.3378,1.7273,7281086,65427383.0,5987583000.0,3831798600.0
2016-10-12,'603227,雪峰科技,8.97,9.06,8.91,9.04,9.08,-0.11,-1.2115,1.7623,7428801,66675815.0,5908539000.0,3781213800.0
2016-10-11,'603227,雪峰科技,9.08,9.12,8.99,9.09,9.06,0.02,0.2208,1.7022,7175425,64999586.0,5980996000.0,3827583200.0
2016-10-10,'603227,雪峰科技,9.06,9.07,8.84,8.95,8.82,0.24,2.7211,1.7657,7443051,66712862.0,5967822000.0,3819152400.0
2016-09-30,'603227,雪峰科技,8.82,8.86,8.74,8.8,8.81,0.01,0.1135,1.0067,4243455,37388817.0,5809734000.0,3717982800.0
2016-09-29,'603227,雪峰科技,8.81,8.9,8.81,8.86,8.84,-0.03,-0.3394,1.4224,5996053,53098502.0,5803147000.0,3713767400.0
2016-09-28,'603227,雪峰科技,8.84,8.98,8.77,8.98,8.96,-0.12,-1.3393,1.5456,6515502,57622353.0,5822908000.0,3726413600.0
2016-09-27,'603227,雪峰科技,8.96,8.99,8.7,8.9,8.99,-0.03,-0.3337,2.1878,9222482,81765720.0,5901952000.0,3776998400.0
2016-09-26,'603227,雪峰科技,8.99,9.3,8.96,9.13,9.23,-0.24,-2.6002,2.1871,9219686,84324982.0,5921713000.0,3789644600.0
2016-09-23,'603227,雪峰科技,9.23,9.44,9.1,9.42,9.41,-0.18,-1.9129,2.7406,11552590,107435003.0,6079801000.0,3890814200.0
2016-09-22,'603227,雪峰科技,9.41,9.46,9.28,9.39,9.34,0.07,0.7495,2.9303,12352258,115607912.0,6198367000.0,3966691400.0
2016-09-21,'603227,雪峰科技,9.34,9.48,9.29,9.47,9.47,-0.13,-1.3728,2.5545,10768202,100774193.0,6152258000.0,3937183600.0
2016-09-20,'603227,雪峰科技,9.47,9.63,9.36,9.53,9.63,-0.16,-1.6615,3.1079,13101013,124040946.0,6237889000.0,3991983800.0
2016-09-19,'603227,雪峰科技,9.63,9.64,9.22,9.5,9.46,0.17,1.797,4.336,18277989,172281974.0,6343281000.0,4059430200.0
2016-09-14,'603227,雪峰科技,9.46,9.93,9.37,9.8,10.0,-0.54,-5.4,6.353,26780610,256788448.0,6231302000.0,3987768400.0
2016-09-13,'603227,雪峰科技,10.0,10.19,9.17,9.17,9.31,0.69,7.4114,9.412,39675160,385659623.0,6587000000.0,4215400000.0
2016-09-12,'603227,雪峰科技,9.31,9.71,8.6,8.64,8.83,0.48,5.436,6.7958,28647005,265798863.0,6132497000.0,3924537400.0
2016-09-09,'603227,雪峰科技,8.83,8.95,8.63,8.75,8.81,0.02,0.227,3.3668,14192614,125344027.0,5816321000.0,3722198200.0
2016-09-08,'603227,雪峰科技,8.81,9.0,8.55,8.62,8.54,0.27,3.1616,4.0816,17205384,151963930.0,5803147000.0,3713767400.0
2016-09-07,'603227,雪峰科技,8.54,8.65,8.46,8.5,8.5,0.04,0.4706,2.2252,9380280,80360408.0,5625298000.0,3599951600.0
2016-09-06,'603227,雪峰科技,8.5,8.5,8.35,8.46,8.47,0.03,0.3542,1.9513,8225650,69267205.0,5598950000.0,3583090000.0
2016-09-05,'603227,雪峰科技,8.47,8.52,8.45,8.45,8.47,0.0,0.0,0.8594,3622894,30716849.0,5579189000.0,3570443800.0
2016-09-02,'603227,雪峰科技,8.47,8.54,8.44,8.53,8.56,-0.09,-1.0514,1.1268,4749959,40299224.0,5579189000.0,3570443800.0
2016-09-01,'603227,雪峰科技,8.56,8.62,8.47,8.52,8.5,0.06,0.7059,1.609,6782745,57916626.0,5638472000.0,3608382400.0
2016-08-31,'603227,雪峰科技,8.5,8.52,8.42,8.5,8.5,0.0,0.0,0.9338,3936357,33352744.0,5598950000.0,3583090000.0
2016-08-30,'603227,雪峰科技,8.5,8.55,8.44,8.51,8.5,0.0,0.0,0.8932,3765059,31956732.0,5598950000.0,3583090000.0
2016-08-29,'603227,雪峰科技,8.5,8.6,8.45,8.6,8.55,-0.05,-0.5848,1.2557,5293244,45110885.0,5598950000.0,3583090000.0
2016-08-26,'603227,雪峰科技,8.55,8.65,8.45,8.51,8.48,0.07,0.8255,1.5114,6371135,54508150.0,5631885000.0,3604167000.0
2016-08-25,'603227,雪峰科技,8.48,8.56,8.37,8.55,8.65,-0.17,-1.9653,1.6667,7025875,59414415.0,5585776000.0,3574659200.0
2016-08-24,'603227,雪峰科技,8.65,8.87,8.39,8.39,8.42,0.23,2.7316,3.2829,13838588,120320508.0,5697755000.0,3646321000.0
2016-08-23,'603227,雪峰科技,8.42,8.48,8.33,8.4,8.44,-0.02,-0.237,0.983,4143759,34856599.0,5546254000.0,3549366800.0
2016-08-22,'603227,雪峰科技,8.44,8.59,8.4,8.59,8.57,-0.13,-1.5169,1.0872,4582904,38972661.0,5559428000.0,3557797600.0
2016-08-19,'603227,雪峰科技,8.57,8.6,8.5,8.6,8.58,-0.01,-0.1166,1.1652,4911785,42000896.0,5645059000.0,3612597800.0
2016-08-18,'603227,雪峰科技,8.58,8.64,8.55,8.64,8.62,-0.04,-0.464,1.4319,6036159,51779949.0,5651646000.0,3616813200.0
2016-08-17,'603227,雪峰科技,8.62,8.73,8.55,8.63,8.7,-0.08,-0.9195,1.9889,8383992,72245004.0,5677994000.0,3633674800.0
2016-08-16,'603227,雪峰科技,8.7,8.85,8.4,8.44,8.44,0.26,3.0806,3.8593,16268291,140486596.0,5730690000.0,3667398000.0
2016-08-15,'603227,雪峰科技,8.44,8.45,8.21,8.28,8.25,0.19,2.303,1.9725,8315031,69421188.0,5559428000.0,3557797600.0
2016-08-12,'603227,雪峰科技,8.25,8.28,8.14,8.23,8.22,0.03,0.365,1.4587,6148841,50482078.0,5434275000.0,3477705000.0
2016-08-11,'603227,雪峰科技,8.22,8.4,8.2,8.4,8.39,-0.17,-2.0262,1.2776,5385800,44620588.0,5414514000.0,3465058800.0
2016-08-10,'603227,雪峰科技,8.39,8.47,8.36,8.47,8.48,-0.09,-1.0613,1.5063,6349691,53382079.0,5526493000.0,3536720600.0
2016-08-09,'603227,雪峰科技,8.48,8.53,8.35,8.4,8.4,0.08,0.9524,1.7563,7403299,62300020.0,5585776000.0,3574659200.0
2016-08-08,'603227,雪峰科技,8.4,8.43,8.1,8.35,8.37,0.03,0.3584,1.4862,6264838,51765803.0,5533080000.0,3540936000.0
2016-08-05,'603227,雪峰科技,8.37,8.53,8.35,8.5,8.5,-0.13,-1.5294,1.3341,5623751,47207318.0,5513319000.0,3528289800.0
2016-08-04,'603227,雪峰科技,8.5,8.56,8.41,8.5,8.46,0.04,0.4728,1.111,4683339,39712820.0,5598950000.0,3583090000.0
2016-08-03,'603227,雪峰科技,8.46,8.58,8.34,8.38,8.41,0.05,0.5945,1.4305,6029936,51134851.0,5572602000.0,3566228400.0
2016-08-02,'603227,雪峰科技,8.41,8.44,8.31,8.32,8.32,0.09,1.0817,1.2807,5398519,45183785.0,5539667000.0,3545151400.0
2016-08-01,'603227,雪峰科技,8.32,8.71,8.31,8.71,8.89,-0.57,-6.4117,2.232,9408983,79347209.0,5480384000.0,3507212800.0
2016-07-29,'603227,雪峰科技,8.89,9.45,8.85,9.34,9.8,-0.91,-9.2857,4.0187,16940380,153259439.0,5855843000.0,3747490600.0
2016-07-28,'603227,DR雪峰科,9.8,10.23,9.36,9.36,9.3,0.5,5.3763,3.009,12684265,125593428.0,6455260000.0,4131092000.0
2016-07-27,'603227,雪峰科技,18.78,19.97,18.4,19.65,19.6,-0.82,-4.1837,2.7088,5709270,110125421.0,6185193000.0,3958260600.0
2016-07-26,'603227,雪峰科技,19.6,19.76,19.4,19.4,19.52,0.08,0.4098,1.2634,2662888,52283956.0,6455260000.0,4131092000.0
2016-07-25,'603227,雪峰科技,19.52,19.7,19.28,19.68,19.72,-0.2,-1.0142,1.4667,3091438,60365281.0,6428912000.0,4114230400.0
2016-07-22,'603227,雪峰科技,19.72,20.19,19.65,20.19,20.27,-0.55,-2.7134,1.9195,4045811,80644415.0,6494782000.0,4156384400.0
2016-07-21,'603227,雪峰科技,20.27,20.46,19.43,19.6,19.8,0.47,2.3737,4.1679,8784781,175305669.0,6675924500.0,4272307900.0
2016-07-20,'603227,雪峰科技,19.8,20.28,19.79,19.99,19.97,-0.17,-0.8513,1.6246,3424247,68583256.0,6521130000.0,4173246000.0
2016-07-19,'603227,雪峰科技,19.97,19.99,19.68,19.73,19.75,0.22,1.1139,1.2021,2533728,50288609.0,6577119500.0,4209076900.0
2016-07-18,'603227,雪峰科技,19.75,19.92,19.54,19.76,19.9,-0.15,-0.7538,1.0538,2221081,43802241.0,6504662500.0,4162707500.0
2016-07-15,'603227,雪峰科技,19.9,20.26,19.76,20.11,20.11,-0.21,-1.0443,1.3605,2867534,57174767.0,6554065000.0,4194323000.0
2016-07-14,'603227,雪峰科技,20.11,20.39,19.82,19.96,20.12,-0.01,-0.0497,2.5166,5304195,106497465.0,6623228500.0,4238584700.0
2016-07-13,'603227,雪峰科技,20.12,20.16,19.32,19.5,19.46,0.66,3.3916,2.615,5511572,108663502.0,6626522000.0,4240692400.0
2016-07-12,'603227,雪峰科技,19.46,19.52,18.9,19.26,19.41,0.05,0.2576,1.722,3629468,69887669.0,6409151000.0,4101584200.0
2016-07-11,'603227,雪峰科技,19.41,19.96,19.32,19.96,19.92,-0.51,-2.5602,2.0925,4410443,86851145.0,6392683500.0,4091045700.0
2016-07-08,'603227,雪峰科技,19.92,20.11,19.42,19.47,19.6,0.32,1.6327,2.5958,5471259,108417869.0,6560652000.0,4198538400.0
2016-07-07,'603227,雪峰科技,19.6,20.28,19.5,19.88,19.64,-0.04,-0.2037,3.1597,6659763,132104228.0,6455260000.0,4131092000.0
2016-07-06,'603227,雪峰科技,19.64,19.7,19.04,19.2,19.34,0.3,1.5512,2.3691,4993289,96505543.0,6468434000.0,4139522800.0
2016-07-05,'603227,雪峰科技,19.34,19.48,19.16,19.2,19.18,0.16,0.8342,2.0364,4292031,82777034.0,6369629000.0,4076291800.0
2016-07-04,'603227,雪峰科技,19.18,19.3,18.75,18.81,18.98,0.2,1.0537,2.0066,4229308,80761902.0,6316933000.0,4042568600.0
2016-07-01,'603227,雪峰科技,18.98,19.26,18.79,19.26,19.2,-0.22,-1.1458,1.4776,3114289,59277190.0,6251063000.0,4000414600.0
2016-06-30,'603227,雪峰科技,19.2,19.27,18.65,18.8,18.93,0.27,1.4263,2.1022,4430781,84378927.0,6323520000.0,4046784000.0
2016-06-29,'603227,雪峰科技,18.93,19.3,18.75,18.85,18.75,0.18,0.96,1.9337,4075557,77436174.0,6234595500.0,3989876100.0
2016-06-28,'603227,雪峰科技,18.75,18.85,18.42,18.45,18.66,0.09,0.4823,1.6527,3483409,64893443.0,6175312500.0,3951937500.0
2016-06-27,'603227,雪峰科技,18.66,18.77,17.71,18.22,18.24,0.42,2.3026,1.6294,3434332,63503411.0,6145671000.0,3932968200.0
2016-06-24,'603227,雪峰科技,18.24,18.46,17.0,18.3,18.27,-0.03,-0.1642,1.6644,3508158,63175578.0,6007344000.0,3844444800.0
2016-06-23,'603227,雪峰科技,18.27,18.65,18.16,18.5,18.61,-0.34,-1.827,1.3407,2825877,51903070.0,6017224500.0,3850767900.0
2016-06-22,'603227,雪峰科技,18.61,18.69,18.26,18.28,18.27,0.34,1.861,1.3546,2855076,52878636.0,6129203500.0,3922429700.0
2016-06-21,'603227,雪峰科技,18.27,18.8,18.15,18.36,18.28,-0.01,-0.0547,2.1677,4568844,84351764.0,6017224500.0,3850767900.0
2016-06-20,'603227,雪峰科技,18.28,18.39,17.73,18.06,18.1,0.18,0.9945,1.449,3054159,55273454.0,6020518000.0,3852875600.0
2016-06-17,'603227,雪峰科技,18.1,18.35,17.8,18.04,18.04,0.06,0.3326,1.4242,3001831,54554685.0,5961235000.0,3814937000.0
2016-06-16,'603227,雪峰科技,18.04,18.21,17.62,17.87,17.87,0.17,0.9513,1.7109,3606066,64637677.0,5941474000.0,3802290800.0
2016-06-15,'603227,雪峰科技,17.87,17.99,16.96,17.1,17.24,0.63,3.6543,1.5816,3333641,58853913.0,5885484500.0,3766459900.0
2016-06-14,'603227,雪峰科技,17.24,17.36,17.0,17.13,17.14,0.1,0.5834,1.0857,2288301,39323615.0,5677994000.0,3633674800.0
2016-06-13,'603227,雪峰科技,17.14,18.31,17.08,18.31,18.83,-1.69,-8.975,2.5875,5453641,97387491.0,5645059000.0,3612597800.0
2016-06-08,'603227,雪峰科技,18.83,19.59,18.66,18.7,18.7,0.13,0.6952,2.6503,5585949,106603715.0,6201660500.0,3968799100.0
2016-06-07,'603227,雪峰科技,18.7,18.76,18.28,18.28,18.29,0.41,2.2417,2.3,4847697,89712287.0,6158845000.0,3941399000.0
2016-06-06,'603227,雪峰科技,18.29,18.67,18.15,18.51,18.51,-0.22,-1.1885,1.5361,3237679,59276138.0,6023811500.0,3854983300.0
2016-06-03,'603227,雪峰科技,18.51,18.78,18.01,18.33,18.37,0.14,0.7621,2.2971,4841509,89029682.0,6096268500.0,3901352700.0
2016-06-02,'603227,雪峰科技,18.37,18.64,18.12,18.25,18.1,0.27,1.4917,2.2822,4810187,88309611.0,6050159500.0,3871844900.0
2016-06-01,'603227,雪峰科技,18.1,18.51,17.7,17.76,17.74,0.36,2.0293,2.7368,5768452,104719040.0,5961235000.0,3814937000.0
2016-05-31,'603227,雪峰科技,17.74,17.95,16.79,16.79,16.75,0.99,5.9104,2.4526,5169273,90195244.0,5842669000.0,3739059800.0
2016-05-30,'603227,雪峰科技,16.75,17.18,16.61,17.1,17.2,-0.45,-2.6163,1.6962,3575011,60191902.0,5516612500.0,3530397500.0
2016-05-27,'603227,雪峰科技,17.2,17.33,17.1,17.21,17.33,-0.13,-0.7501,1.3473,2839760,48807830.0,5664820000.0,3625244000.0
2016-05-26,'603227,雪峰科技,17.33,17.37,16.93,17.37,17.33,0.0,0.0,1.0856,2288079,39160250.0,5707635500.0,3652644100.0
2016-05-25,'603227,雪峰科技,17.33,17.65,17.17,17.53,17.3,0.03,0.1734,0.8293,1747988,30471364.0,5707635500.0,3652644100.0
2016-05-24,'603227,雪峰科技,17.3,17.78,17.12,17.77,17.84,-0.54,-3.0269,1.5496,3266052,56501846.0,5697755000.0,3646321000.0
2016-05-23,'603227,雪峰科技,17.84,17.96,17.52,17.52,17.47,0.37,2.1179,1.0421,2196448,39000728.0,5875604000.0,3760136800.0
2016-05-20,'603227,雪峰科技,17.47,17.48,16.9,17.27,17.29,0.18,1.0411,0.9824,2070558,35693554.0,5753744500.0,3682151900.0
2016-05-19,'603227,雪峰科技,17.29,17.66,17.1,17.23,17.25,0.04,0.2319,1.2485,2631528,45746766.0,5694461500.0,3644213300.0
2016-05-18,'603227,雪峰科技,17.25,18.25,17.0,18.25,18.32,-1.07,-5.8406,1.3698,2887084,50689053.0,5681287500.0,3635782500.0
2016-05-17,'603227,雪峰科技,18.32,18.45,18.02,18.4,18.39,-0.07,-0.3806,2.4199,1992786,36362598.0,6033692000.0,1508652000.0
2016-05-16,'603227,雪峰科技,18.39,18.49,17.88,18.18,18.14,0.25,1.3782,2.2441,1848001,33585615.0,6056746500.0,1514416500.0
2016-05-13,'603227,雪峰科技,18.14,18.66,18.07,18.54,18.51,-0.37,-1.9989,3.3077,2723925,49854059.0,5974409000.0,1493829000.0
2016-05-12,'603227,雪峰科技,18.51,18.88,18.07,18.85,19.06,-0.55,-2.8856,2.7513,2265695,41700617.0,6096268500.0,1524298500.0
2016-05-11,'603227,雪峰科技,19.06,19.68,19.01,19.47,19.32,-0.26,-1.3458,2.656,2187184,41981953.0,6277411000.0,1569591000.0
2016-05-10,'603227,雪峰科技,19.32,19.98,19.12,19.13,19.56,-0.24,-1.227,3.0423,2505369,48665606.0,6363042000.0,1591002000.0
2016-05-09,'603227,雪峰科技,19.56,20.96,19.03,20.94,21.0,-1.44,-6.8571,5.9732,4918891,98047727.0,6442086000.0,1610766000.0
2016-05-06,'603227,雪峰科技,21.0,22.3,20.34,20.46,20.37,0.63,3.0928,11.96,9849078,209055571.0,6916350000.0,1729350000.0
2016-05-05,'603227,雪峰科技,20.37,20.39,20.05,20.2,20.29,0.08,0.3943,3.2722,2694665,54404338.0,6708859500.0,1677469500.0
2016-05-04,'603227,雪峰科技,20.29,20.48,20.1,20.18,20.19,0.1,0.4953,3.6335,2992194,60642078.0,6682511500.0,1670881500.0
2016-05-03,'603227,雪峰科技,20.19,20.25,19.62,19.8,19.7,0.49,2.4873,3.1078,2559254,51311174.0,6649576500.0,1662646500.0
2016-04-29,'603227,雪峰科技,19.7,20.04,19.6,19.72,20.07,-0.37,-1.8435,2.3304,1919076,37927298.0,6488195000.0,1622295000.0
2016-04-28,'603227,雪峰科技,20.07,20.28,19.72,19.91,19.84,0.23,1.1593,3.0636,2522869,50526359.0,6610054500.0,1652764500.0
2016-04-27,'603227,雪峰科技,19.84,20.37,19.8,20.28,20.13,-0.29,-1.4406,2.7052,2227745,44491729.0,6534304000.0,1633824000.0
2016-04-26,'603227,雪峰科技,20.13,20.4,19.81,20.33,20.19,-0.06,-0.2972,3.368,2773556,55679688.0,6629815500.0,1657705500.0
2016-04-25,'603227,雪峰科技,20.19,20.44,19.29,19.62,19.62,0.57,2.9052,4.5625,3757235,75019447.0,6649576500.0,1662646500.0
2016-04-22,'603227,雪峰科技,19.62,19.64,19.0,19.25,19.46,0.16,0.8222,2.6073,2147083,41565808.0,6461847000.0,1615707000.0
2016-04-21,'603227,雪峰科技,19.46,19.8,19.3,19.5,19.49,-0.03,-0.1539,3.5248,2902635,56714336.0,6409151000.0,1602531000.0
2016-04-20,'603227,雪峰科技,19.49,21.26,19.19,21.16,21.16,-1.67,-7.8922,7.3212,6029022,120924297.0,6419031500.0,1605001500.0
2016-04-19,'603227,雪峰科技,21.16,21.61,20.51,21.5,21.43,-0.27,-1.2599,6.6334,5462593,114824019.0,6969046000.0,1742526000.0
2016-04-18,'603227,雪峰科技,21.43,22.4,21.24,22.4,22.53,-1.1,-4.8824,6.674,5496003,118347115.0,7057970500.0,1764760500.0
2016-04-15,'603227,雪峰科技,22.53,22.91,22.25,22.5,22.4,0.13,0.5804,7.2345,5957612,134530854.0,7420255500.0,1855345500.0
2016-04-14,'603227,雪峰科技,22.4,22.59,21.87,22.15,22.01,0.39,1.7719,7.134,5874830,130422445.0,7377440000.0,1844640000.0
2016-04-13,'603227,雪峰科技,22.01,22.85,22.0,22.39,22.35,-0.34,-1.5213,10.9922,9052071,202162069.0,7248993500.0,1812523500.0
2016-04-12,'603227,雪峰科技,22.35,22.51,21.12,21.43,21.43,0.92,4.293,7.6228,6277344,135682340.0,7360972500.0,1840522500.0
2016-04-11,'603227,雪峰科技,21.43,21.48,21.0,21.2,20.55,0.88,4.2822,6.7791,5582580,118897236.0,7057970500.0,1764760500.0
2016-04-08,'603227,雪峰科技,20.55,20.73,20.2,20.6,20.86,-0.31,-1.4861,4.3213,3558617,72704183.0,6768142500.0,1692292500.0
2016-04-07,'603227,雪峰科技,20.86,21.58,20.8,21.56,21.42,-0.56,-2.6144,5.5356,4558573,96370873.0,6870241000.0,1717821000.0
2016-04-06,'603227,雪峰科技,21.42,21.73,21.13,21.73,21.72,-0.3,-1.3812,6.136,5053001,108273166.0,7054677000.0,1763937000.0
2016-04-05,'603227,雪峰科技,21.72,21.77,20.55,20.55,20.83,0.89,4.2727,7.6404,6291848,134304587.0,7153482000.0,1788642000.0
2016-04-01,'603227,雪峰科技,20.83,21.14,20.21,20.95,20.96,-0.13,-0.6202,4.616,3801311,78474407.0,6860360500.0,1715350500.0
2016-03-31,'603227,雪峰科技,20.96,21.36,20.82,20.95,20.88,0.08,0.3831,5.173,4259995,89766656.0,6903176000.0,1726056000.0
2016-03-30,'603227,雪峰科技,20.88,20.89,20.37,20.37,20.18,0.7,3.4688,4.6971,3868099,79940498.0,6876828000.0,1719468000.0
2016-03-29,'603227,雪峰科技,20.18,20.85,20.0,20.8,20.82,-0.64,-3.074,4.8998,4035000,81977657.0,6646283000.0,1661823000.0
2016-03-28,'603227,雪峰科技,20.82,21.48,20.51,20.9,20.68,0.14,0.677,4.9926,4111368,86472337.0,6857067000.0,1714527000.0
2016-03-25,'603227,雪峰科技,20.68,21.05,20.15,20.55,20.64,0.04,0.1938,4.9026,4037323,83226580.0,6810958000.0,1702998000.0
2016-03-24,'603227,雪峰科技,20.64,21.57,20.58,20.85,21.34,-0.7,-3.2802,7.6662,6313082,133353889.0,6797784000.0,1699704000.0
2016-03-23,'603227,雪峰科技,21.34,21.8,20.73,20.98,21.32,0.02,0.0938,8.111,6679420,142160761.0,7028329000.0,1757349000.0
2016-03-22,'603227,雪峰科技,21.32,22.0,19.72,20.0,20.17,1.15,5.7015,10.2885,8472556,175289822.0,7021742000.0,1755702000.0
2016-03-21,'603227,雪峰科技,20.17,20.45,19.79,19.96,19.56,0.61,3.1186,8.303,6837504,137464307.0,6642989500.0,1660999500.0
2016-03-18,'603227,雪峰科技,19.56,19.73,18.69,18.79,18.74,0.82,4.3757,7.6098,6266665,121196265.0,6442086000.0,1610766000.0
2016-03-17,'603227,雪峰科技,18.74,18.95,18.26,18.28,18.17,0.57,3.137,4.5291,3729676,69426683.0,6172019000.0,1543239000.0
2016-03-16,'603227,雪峰科技,18.17,18.78,18.1,18.58,18.45,-0.28,-1.5176,2.7417,2257768,41377877.0,5984289500.0,1496299500.0
2016-03-15,'603227,雪峰科技,18.45,18.82,18.3,18.73,18.79,-0.34,-1.8095,3.6905,3039137,56333093.0,6076507500.0,1519357500.0
2016-03-14,'603227,雪峰科技,18.79,19.05,18.41,18.48,18.19,0.6,3.2985,5.4128,4457425,83895099.0,6188486500.0,1547356500.0
2016-03-11,'603227,雪峰科技,18.19,18.35,17.61,17.82,17.89,0.3,1.6769,2.969,2444963,44065283.0,5990876500.0,1497946500.0
2016-03-10,'603227,雪峰科技,17.89,18.57,17.78,18.09,18.2,-0.31,-1.7033,2.972,2447428,44397229.0,5892071500.0,1473241500.0
2016-03-09,'603227,雪峰科技,18.2,18.9,18.05,18.43,18.95,-0.75,-3.9578,3.4313,2825716,52115205.0,5994170000.0,1498770000.0
2016-03-08,'603227,雪峰科技,18.95,18.99,17.48,18.34,18.52,0.43,2.3218,4.6737,3848776,70299790.0,6241182500.0,1560532500.0
2016-03-07,'603227,雪峰科技,18.52,18.8,18.1,18.21,18.1,0.42,2.3204,3.7205,3063854,56655305.0,6099562000.0,1525122000.0
2016-03-04,'603227,雪峰科技,18.1,19.12,17.3,18.8,18.83,-0.73,-3.8768,4.8194,3968780,72510709.0,5961235000.0,1490535000.0
2016-03-03,'603227,雪峰科技,18.83,19.79,18.8,19.15,19.27,-0.44,-2.2833,5.3349,4393311,84796783.0,6201660500.0,1550650500.0
2016-03-02,'603227,雪峰科技,19.27,19.39,17.9,18.1,18.07,1.2,6.6408,5.6268,4633674,86260670.0,6346574500.0,1586884500.0
2016-03-01,'603227,雪峰科技,18.07,18.15,17.04,17.58,17.56,0.51,2.9043,4.4423,3658202,65047378.0,5951354500.0,1488064500.0
2016-02-29,'603227,雪峰科技,17.56,19.6,17.56,19.51,19.51,-1.95,-9.9949,5.0064,4122780,74300409.0,5783386000.0,1446066000.0
2016-02-26,'603227,雪峰科技,19.51,20.34,18.71,19.71,19.98,-0.47,-2.3524,5.4051,4451072,87366673.0,6425618500.0,1606648500.0
2016-02-25,'603227,雪峰科技,19.98,22.16,19.98,22.1,22.2,-2.22,-10.0,6.7115,5526883,115578681.0,6580413000.0,1645353000.0
2016-02-24,'603227,雪峰科技,22.2,22.27,21.43,22.18,22.13,0.07,0.3163,5.3122,4374558,95876312.0,7311570000.0,1828170000.0
2016-02-23,'603227,雪峰科技,22.13,22.6,21.5,22.6,22.6,-0.47,-2.0796,6.914,5693691,125453973.0,7288515500.0,1822405500.0
2016-02-22,'603227,雪峰科技,22.6,22.95,21.89,22.4,21.7,0.9,4.1475,7.9093,6513316,145796495.0,7443310000.0,1861110000.0
2016-02-19,'603227,雪峰科技,21.7,22.0,21.3,21.46,21.39,0.31,1.4493,6.569,5409536,117420757.0,7146895000.0,1786995000.0
2016-02-18,'603227,雪峰科技,21.39,21.77,21.18,21.65,21.63,-0.24,-1.1096,6.6525,5478360,117621174.0,7044796500.0,1761466500.0
2016-02-17,'603227,雪峰科技,21.63,22.0,20.91,21.11,20.91,0.72,3.4433,7.5143,6187992,133399882.0,7123840500.0,1781230500.0
2016-02-16,'603227,雪峰科技,20.91,21.09,20.2,20.2,19.99,0.92,4.6023,5.4692,4503911,93392586.0,6886708500.0,1721938500.0
2016-02-15,'603227,雪峰科技,19.99,20.19,19.11,19.11,20.45,-0.46,-2.2494,4.2088,3465936,67961083.0,6583706500.0,1646176500.0
2016-02-05,'603227,雪峰科技,20.45,21.2,20.26,21.03,20.89,-0.44,-2.1063,4.1463,3414513,70451755.0,6735207500.0,1684057500.0
2016-02-04,'603227,雪峰科技,20.89,21.35,20.4,20.4,20.35,0.54,2.6536,5.4941,4524394,94581649.0,6880121500.0,1720291500.0
2016-02-03,'603227,雪峰科技,20.35,20.56,19.8,20.0,20.31,0.04,0.1969,4.7993,3952221,79944642.0,6702272500.0,1675822500.0
2016-02-02,'603227,雪峰科技,20.31,20.5,19.59,19.59,19.57,0.74,3.7813,4.858,4000578,80898128.0,6689098500.0,1672528500.0
2016-02-01,'603227,雪峰科技,19.57,20.0,19.02,19.4,19.55,0.02,0.1023,3.8401,3162348,61963792.0,6445379500.0,1611589500.0
2016-01-29,'603227,雪峰科技,19.55,19.88,18.65,18.7,18.62,0.93,4.9946,5.0462,4155582,80275585.0,6438792500.0,1609942500.0
2016-01-28,'603227,雪峰科技,18.62,20.65,18.6,20.3,20.67,-2.05,-9.9178,5.6797,4677240,91726303.0,6132497000.0,1533357000.0
2016-01-27,'603227,雪峰科技,20.67,21.45,19.2,21.38,21.11,-0.44,-2.0843,6.769,5574282,112894138.0,6807664500.0,1702174500.0
2016-01-26,'603227,雪峰科技,21.11,23.08,21.11,23.08,23.45,-2.34,-9.9787,8.0055,6592537,145623258.0,6952578500.0,1738408500.0
2016-01-25,'603227,雪峰科技,23.45,23.78,22.72,22.95,22.66,0.79,3.4863,8.1095,6678169,155270614.0,7723257500.0,1931107500.0
2016-01-22,'603227,雪峰科技,22.66,22.99,21.97,22.24,21.95,0.71,3.2346,7.2844,5998715,135263687.0,7463071000.0,1866051000.0
2016-01-21,'603227,雪峰科技,21.95,23.22,21.7,22.22,22.98,-1.03,-4.4822,8.5388,7031673,158161665.0,7229232500.0,1807582500.0
2016-01-20,'603227,雪峰科技,22.98,23.37,22.03,22.3,22.43,0.55,2.4521,11.0194,9074513,208054562.0,7568463000.0,1892403000.0
2016-01-19,'603227,雪峰科技,22.43,22.49,21.11,21.32,21.2,1.23,5.8019,9.4234,7760207,170663663.0,7387320500.0,1847110500.0
2016-01-18,'603227,雪峰科技,21.2,21.65,19.88,19.89,20.76,0.44,2.1195,6.537,5383192,113526764.0,6982220000.0,1745820000.0
2016-01-15,'603227,雪峰科技,20.76,22.5,20.51,22.01,22.37,-1.61,-7.1971,8.4454,6954782,150201870.0,6837306000.0,1709586000.0
2016-01-14,'603227,雪峰科技,22.37,22.57,19.5,20.17,21.28,1.09,5.1222,9.9231,8171641,174901987.0,7367559500.0,1842169500.0
2016-01-13,'603227,雪峰科技,21.28,23.97,21.12,23.7,23.03,-1.75,-7.5988,9.2542,7620806,175745971.0,7008568000.0,1752408000.0
2016-01-12,'603227,雪峰科技,23.03,23.8,22.2,22.89,23.5,-0.47,-2.0,8.4479,6956837,160731180.0,7584930500.0,1896520500.0
2016-01-11,'603227,雪峰科技,23.5,25.77,23.5,25.0,26.11,-2.61,-9.9962,9.9874,8224632,200927185.0,7739725000.0,1935225000.0
2016-01-08,'603227,雪峰科技,26.11,28.14,24.33,28.14,26.96,-0.85,-3.1528,12.3917,10204602,273982020.0,8599328500.0,2150158500.0
2016-01-07,'603227,雪峰科技,26.96,29.1,26.96,29.05,29.95,-2.99,-9.9833,3.463,2851800,79407484.0,8879276000.0,2220156000.0
2016-01-06,'603227,雪峰科技,29.95,30.08,28.9,28.95,28.53,1.42,4.9772,12.9187,10638534,314200632.0,9864032500.0,2466382500.0
2016-01-05,'603227,雪峰科技,28.53,30.08,27.4,27.51,30.37,-1.84,-6.0586,15.2278,12540061,359549577.0,9396355500.0,2349445500.0
2016-01-04,'603227,雪峰科技,30.37,33.7,30.37,33.7,33.74,-3.37,-9.9881,12.774,10519403,331262671.0,10002359500.0,2500969500.0
2015-12-31,'603227,雪峰科技,33.74,36.63,33.58,36.63,35.93,-2.19,-6.0952,21.9518,18077322,629675906.0,11112269000.0,2778489000.0
2015-12-30,'603227,雪峰科技,35.93,35.93,32.36,32.7,32.66,3.27,10.0122,20.9106,17219879,591075809.0,11833545500.0,2958835500.0
2015-12-29,'603227,雪峰科技,32.66,32.93,31.52,31.9,32.11,0.55,1.7129,12.2088,10053965,325287641.0,10756571000.0,2689551000.0
2015-12-28,'603227,雪峰科技,32.11,35.0,31.98,33.82,33.76,-1.65,-4.8874,18.1681,14961394,502817259.0,10575428500.0,2644258500.0
2015-12-25,'603227,雪峰科技,33.76,35.97,33.61,34.11,34.78,-1.02,-2.9327,20.5581,16929576,585376910.0,11118856000.0,2780136000.0
2015-12-24,'603227,雪峰科技,34.78,36.9,33.11,33.38,34.16,0.62,1.815,29.6285,24399046,858594430.0,11454793000.0,2864133000.0
2015-12-23,'603227,雪峰科技,34.16,35.79,32.06,33.5,33.21,0.95,2.8606,28.8741,23777810,803679597.0,11250596000.0,2813076000.0
2015-12-22,'603227,雪峰科技,33.21,33.5,30.5,30.8,30.88,2.33,7.5453,21.3291,17564526,565761859.0,10937713500.0,2734843500.0
2015-12-21,'603227,雪峰科技,30.88,31.28,29.68,30.8,31.75,-0.87,-2.7402,14.8562,12234089,375068222.0,10170328000.0,2542968000.0
2015-12-18,'603227,雪峰科技,31.75,32.77,31.5,32.55,32.88,-1.13,-3.4367,19.3881,15966092,510991751.0,10456862500.0,2614612500.0
2015-12-17,'603227,雪峰科技,32.88,33.7,30.3,30.9,30.67,2.21,7.2057,25.4035,20919803,672192202.0,10829028000.0,2707668000.0
2015-12-16,'603227,雪峰科技,30.67,31.46,28.54,29.05,29.04,1.63,5.6129,18.0899,14897025,449178021.0,10101164500.0,2525674500.0
2015-12-15,'603227,雪峰科技,29.04,29.77,28.89,28.95,28.89,0.15,0.5192,8.8156,7259611,211933207.0,9564324000.0,2391444000.0
2015-12-14,'603227,雪峰科技,28.89,28.96,27.51,28.18,28.99,-0.1,-0.3449,10.2484,8439520,237779190.0,9514921500.0,2379091500.0
2015-12-11,'603227,雪峰科技,28.99,29.37,27.8,27.8,28.61,0.38,1.3282,10.2492,8440222,242511867.0,9547856500.0,2387326500.0
2015-12-10,'603227,雪峰科技,28.61,30.89,28.3,29.84,30.25,-1.64,-5.4215,16.8314,13860683,407115389.0,9422703500.0,2356033500.0
2015-12-09,'603227,雪峰科技,30.25,31.56,29.7,31.3,32.28,-2.03,-6.2887,20.6549,17009279,519347356.0,9962837500.0,2491087500.0
2015-12-08,'603227,雪峰科技,32.28,33.99,30.25,30.25,30.98,1.3,4.1963,31.3314,25801373,834900589.0,10631418000.0,2658258000.0
2015-12-07,'603227,雪峰科技,30.98,32.0,30.25,32.0,29.69,1.29,4.3449,28.6898,23626083,735466745.0,10203263000.0,2551203000.0
2015-12-04,'603227,雪峰科技,29.69,29.69,27.25,27.25,26.99,2.7,10.0037,7.9053,6510052,189473321.0,9778401500.0,2444971500.0
2015-12-03,'603227,雪峰科技,26.99,27.19,26.4,26.4,26.17,0.82,3.1334,9.0028,7413811,198772976.0,8889156500.0,2222626500.0
2015-12-02,'603227,雪峰科技,26.17,27.55,25.41,27.08,27.55,-1.38,-5.0091,8.4693,6974496,183840043.0,8619089500.0,2155099500.0
2015-12-01,'603227,雪峰科技,27.55,28.49,27.2,27.95,28.24,-0.69,-2.4433,10.1961,8396474,234241801.0,9073592500.0,2268742500.0
2015-11-30,'603227,雪峰科技,28.24,28.28,25.0,27.31,27.28,0.96,3.5191,13.1258,10809070,292495639.0,9300844000.0,2325564000.0
2015-11-27,'603227,雪峰科技,27.28,30.16,27.23,29.82,30.25,-2.97,-9.8182,14.6038,12026191,343632121.0,8984668000.0,2246508000.0
2015-11-26,'603227,雪峰科技,30.25,31.25,29.53,30.4,30.45,-0.2,-0.6568,16.3315,13448983,408626705.0,9962837500.0,2491087500.0
2015-11-25,'603227,雪峰科技,30.45,30.97,29.8,30.86,31.15,-0.7,-2.2472,16.4577,13552902,410150024.0,10028707500.0,2507557500.0
2015-11-24,'603227,雪峰科技,31.15,31.85,29.44,30.11,29.84,1.31,4.3901,18.1351,14934275,460687603.0,10259252500.0,2565202500.0
2015-11-23,'603227,雪峰科技,29.84,30.5,29.21,29.54,29.37,0.47,1.6003,14.0443,11565462,345144426.0,9827804000.0,2457324000.0
2015-11-20,'603227,雪峰科技,29.37,29.88,29.02,29.51,29.94,-0.57,-1.9038,16.3745,13484374,397244165.0,9673009500.0,2418619500.0
2015-11-19,'603227,雪峰科技,29.94,30.62,29.01,29.2,29.57,0.37,1.2513,18.9935,15641163,464303336.0,9860739000.0,2465559000.0
2015-11-18,'603227,雪峰科技,29.57,32.64,29.57,32.63,32.86,-3.29,-10.0122,27.4806,22630315,698966548.0,9738879500.0,2435089500.0
2015-11-17,'603227,雪峰科技,32.86,34.48,30.85,31.0,31.89,0.97,3.0417,34.8763,28720643,938299591.0,10822441000.0,2706021000.0
2015-11-16,'603227,雪峰科技,31.89,32.8,28.15,30.0,30.36,1.53,5.0395,38.8334,31979292,988278609.0,10502971500.0,2626141500.0
2015-11-13,'603227,雪峰科技,30.36,30.36,30.36,30.36,27.6,2.76,10.0,3.0218,2488477,75550162.0,9999066000.0,2500146000.0
2015-11-12,'603227,雪峰科技,27.6,27.6,27.6,27.6,25.09,2.51,10.004,0.4849,399344,11021894.0,9090060000.0,2272860000.0
2015-11-11,'603227,雪峰科技,25.09,25.09,25.09,25.09,22.81,2.28,9.9956,0.4455,366850,9204267.0,8263391500.0,2066161500.0
2015-11-10,'603227,雪峰科技,0.0,0.0,0.0,0.0,22.81,None,None,0.0,0,0.0,7512473500.0,1878403500.0
2015-11-09,'603227,雪峰科技,0.0,0.0,0.0,0.0,22.81,None,None,0.0,0,0.0,7512473500.0,1878403500.0
2015-11-06,'603227,雪峰科技,0.0,0.0,0.0,0.0,22.81,None,None,0.0,0,0.0,7512473500.0,1878403500.0
2015-11-05,'603227,雪峰科技,0.0,0.0,0.0,0.0,22.81,None,None,0.0,0,0.0,7512473500.0,1878403500.0
2015-11-04,'603227,雪峰科技,0.0,0.0,0.0,0.0,22.81,None,None,0.0,0,0.0,7512473500.0,1878403500.0
2015-11-03,'603227,雪峰科技,0.0,0.0,0.0,0.0,22.81,None,None,0.0,0,0.0,7512473500.0,1878403500.0
2015-11-02,'603227,雪峰科技,0.0,0.0,0.0,0.0,22.81,None,None,0.0,0,0.0,7512473500.0,1878403500.0
2015-10-30,'603227,雪峰科技,0.0,0.0,0.0,0.0,22.81,None,None,0.0,0,0.0,7512473500.0,1878403500.0
2015-10-29,'603227,雪峰科技,0.0,0.0,0.0,0.0,22.81,None,None,0.0,0,0.0,7512473500.0,1878403500.0
2015-10-28,'603227,雪峰科技,0.0,0.0,0.0,0.0,22.81,None,None,0.0,0,0.0,7512473500.0,1878403500.0
2015-10-27,'603227,雪峰科技,0.0,0.0,0.0,0.0,22.81,None,None,0.0,0,0.0,7512473500.0,1878403500.0
2015-10-26,'603227,雪峰科技,0.0,0.0,0.0,0.0,22.81,None,None,0.0,0,0.0,7512473500.0,1878403500.0
2015-10-23,'603227,雪峰科技,0.0,0.0,0.0,0.0,22.81,None,None,0.0,0,0.0,7512473500.0,1878403500.0
2015-10-22,'603227,雪峰科技,0.0,0.0,0.0,0.0,22.81,None,None,0.0,0,0.0,7512473500.0,1878403500.0
2015-10-21,'603227,雪峰科技,0.0,0.0,0.0,0.0,22.81,None,None,0.0,0,0.0,7512473500.0,1878403500.0
2015-10-20,'603227,雪峰科技,0.0,0.0,0.0,0.0,22.81,None,None,0.0,0,0.0,7512473500.0,1878403500.0
2015-10-19,'603227,雪峰科技,0.0,0.0,0.0,0.0,22.81,None,None,0.0,0,0.0,7512473500.0,1878403500.0
2015-10-16,'603227,雪峰科技,0.0,0.0,0.0,0.0,22.81,None,None,0.0,0,0.0,7512473500.0,1878403500.0
2015-10-15,'603227,雪峰科技,0.0,0.0,0.0,0.0,22.81,None,None,0.0,0,0.0,7512473500.0,1878403500.0
2015-10-14,'603227,雪峰科技,0.0,0.0,0.0,0.0,22.81,None,None,0.0,0,0.0,7512473500.0,1878403500.0
2015-10-13,'603227,雪峰科技,0.0,0.0,0.0,0.0,22.81,None,None,0.0,0,0.0,7512473500.0,1878403500.0
2015-10-12,'603227,雪峰科技,0.0,0.0,0.0,0.0,22.81,None,None,0.0,0,0.0,7512473500.0,1878403500.0
2015-10-09,'603227,雪峰科技,0.0,0.0,0.0,0.0,22.81,None,None,0.0,0,0.0,7512473500.0,1878403500.0
2015-10-08,'603227,雪峰科技,0.0,0.0,0.0,0.0,22.81,None,None,0.0,0,0.0,7512473500.0,1878403500.0
2015-09-30,'603227,雪峰科技,0.0,0.0,0.0,0.0,22.81,None,None,0.0,0,0.0,7512473500.0,1878403500.0
2015-09-29,'603227,雪峰科技,0.0,0.0,0.0,0.0,22.81,None,None,0.0,0,0.0,7512473500.0,1878403500.0
2015-09-28,'603227,雪峰科技,0.0,0.0,0.0,0.0,22.81,None,None,0.0,0,0.0,7512473500.0,1878403500.0
2015-09-25,'603227,雪峰科技,0.0,0.0,0.0,0.0,22.81,None,None,0.0,0,0.0,7512473500.0,1878403500.0
2015-09-24,'603227,雪峰科技,0.0,0.0,0.0,0.0,22.81,None,None,0.0,0,0.0,7512473500.0,1878403500.0
2015-09-23,'603227,雪峰科技,0.0,0.0,0.0,0.0,22.81,None,None,0.0,0,0.0,7512473500.0,1878403500.0
2015-09-22,'603227,雪峰科技,0.0,0.0,0.0,0.0,22.81,None,None,0.0,0,0.0,7512473500.0,1878403500.0
2015-09-21,'603227,雪峰科技,0.0,0.0,0.0,0.0,22.81,None,None,0.0,0,0.0,7512473500.0,1878403500.0
2015-09-18,'603227,雪峰科技,0.0,0.0,0.0,0.0,22.81,None,None,0.0,0,0.0,7512473500.0,1878403500.0
2015-09-17,'603227,雪峰科技,0.0,0.0,0.0,0.0,22.81,None,None,0.0,0,0.0,7512473500.0,1878403500.0
2015-09-16,'603227,雪峰科技,0.0,0.0,0.0,0.0,22.81,None,None,0.0,0,0.0,7512473500.0,1878403500.0
2015-09-15,'603227,雪峰科技,0.0,0.0,0.0,0.0,22.81,None,None,0.0,0,0.0,7512473500.0,1878403500.0
2015-09-14,'603227,雪峰科技,0.0,0.0,0.0,0.0,22.81,None,None,0.0,0,0.0,7512473500.0,1878403500.0
2015-09-11,'603227,雪峰科技,22.81,23.5,21.97,21.99,22.27,0.54,2.4248,20.6691,17021019,386887306.0,7512473500.0,1878403500.0
2015-09-10,'603227,雪峰科技,22.27,23.59,22.11,22.6,23.85,-1.58,-6.6247,28.4917,23462890,536803892.0,7334624500.0,1833934500.0
2015-09-09,'603227,雪峰科技,23.85,23.85,21.56,21.67,21.68,2.17,10.0092,36.0474,29685060,697807206.0,7854997500.0,1964047500.0
2015-09-08,'603227,雪峰科技,21.68,21.86,18.89,19.7,20.69,0.99,4.7849,24.2729,19988720,412383604.0,7140308000.0,1785348000.0
2015-09-07,'603227,雪峰科技,20.69,24.1,20.67,20.67,22.97,-2.28,-9.926,31.1909,25685667,566611462.0,6814251500.0,1703821500.0
2015-09-02,'603227,雪峰科技,22.97,24.23,21.28,22.02,22.03,0.94,4.2669,44.34,36513995,841105922.0,7565169500.0,1891579500.0
2015-09-01,'603227,雪峰科技,22.03,22.03,18.85,19.5,20.03,2.0,9.985,26.4489,21780682,463441515.0,7255580500.0,1814170500.0
2015-08-31,'603227,雪峰科技,20.03,21.77,19.0,19.92,20.18,-0.15,-0.7433,20.4784,16863961,340957978.0,6596880500.0,1649470500.0
2015-08-28,'603227,雪峰科技,20.18,20.21,18.1,18.85,18.5,1.68,9.0811,19.015,15658847,298348539.0,6646283000.0,1661823000.0
2015-08-27,'603227,雪峰科技,18.5,19.56,16.86,18.91,18.6,-0.1,-0.5376,17.3311,14272151,262702119.0,6092975000.0,1523475000.0
2015-08-26,'603227,雪峰科技,18.6,19.91,16.61,18.36,18.26,0.34,1.862,23.3551,19232934,359711393.0,6125910000.0,1531710000.0
2015-08-25,'603227,雪峰科技,18.26,20.95,18.26,18.26,20.29,-2.03,-10.0049,15.2843,12586644,237734647.0,6013931000.0,1503711000.0
2015-08-24,'603227,雪峰科技,20.29,21.45,20.29,20.74,22.54,-2.25,-9.9823,3.349,2757900,56413129.0,6682511500.0,1670881500.0
2015-08-21,'603227,雪峰科技,22.54,24.81,22.54,24.03,25.04,-2.5,-9.984,12.3899,10203075,236885548.0,7423549000.0,1856169000.0
2015-08-20,'603227,雪峰科技,25.04,28.52,25.03,26.0,27.81,-2.77,-9.9604,17.5029,14413637,382407950.0,8246924000.0,2062044000.0
2015-08-19,'603227,雪峰科技,0.0,0.0,0.0,0.0,27.81,None,None,0.0,0,0.0,9159223500.0,2290153500.0
2015-08-18,'603227,雪峰科技,0.0,0.0,0.0,0.0,27.81,None,None,0.0,0,0.0,9159223500.0,2290153500.0
2015-08-17,'603227,雪峰科技,0.0,0.0,0.0,0.0,27.81,None,None,0.0,0,0.0,9159223500.0,2290153500.0
2015-08-14,'603227,雪峰科技,0.0,0.0,0.0,0.0,27.81,None,None,0.0,0,0.0,9159223500.0,2290153500.0
2015-08-13,'603227,雪峰科技,0.0,0.0,0.0,0.0,27.81,None,None,0.0,0,0.0,9159223500.0,2290153500.0
2015-08-12,'603227,雪峰科技,27.81,29.51,27.3,29.47,30.17,-2.36,-7.8223,24.7251,20361136,581667199.0,9159223500.0,2290153500.0
2015-08-11,'603227,雪峰科技,30.17,31.4,29.8,30.1,30.73,-0.56,-1.8223,27.356,22527673,690772162.0,9936489500.0,2484499500.0
2015-08-10,'603227,雪峰科技,30.73,32.0,29.01,29.56,30.17,0.56,1.8561,35.116,28918061,871846338.0,10120925500.0,2530615500.0
2015-08-07,'603227,雪峰科技,30.17,32.3,29.0,29.0,30.88,-0.71,-2.2992,41.1363,33875782,1031805408.0,9936489500.0,2484499500.0
2015-08-06,'603227,雪峰科技,30.88,31.17,27.5,29.19,28.34,2.54,8.9626,51.21,42171462,1232978296.0,10170328000.0,2542968000.0
2015-08-05,'603227,雪峰科技,28.34,28.34,24.7,25.2,25.76,2.58,10.0155,41.1366,33876016,935824086.0,9333779000.0,2333799000.0
2015-08-04,'603227,雪峰科技,25.76,28.18,24.08,26.8,26.75,-0.99,-3.7009,38.0901,31367169,809470468.0,8484056000.0,2121336000.0
2015-08-03,'603227,雪峰科技,26.75,26.75,22.8,24.33,24.32,2.43,9.9918,39.2135,32292302,811909899.0,8810112500.0,2202862500.0
2015-07-31,'603227,雪峰科技,24.32,24.32,21.5,21.78,22.11,2.21,9.9955,29.7936,24535036,579056843.0,8009792000.0,2002752000.0
2015-07-30,'603227,雪峰科技,22.11,23.5,21.6,22.17,21.53,0.58,2.6939,19.4128,15986411,362870489.0,7281928500.0,1820758500.0
2015-07-29,'603227,雪峰科技,21.53,21.53,18.57,20.2,19.57,1.96,10.0153,13.6643,11252571,227487138.0,7090905500.0,1772995500.0
2015-07-28,'603227,雪峰科技,19.57,21.98,19.43,19.51,21.59,-2.02,-9.3562,15.034,12380530,248829329.0,6445379500.0,1611589500.0
2015-07-27,'603227,雪峰科技,21.59,24.78,21.59,23.09,23.99,-2.4,-10.0042,19.7837,16291848,385495881.0,7110666500.0,1777936500.0
2015-07-24,'603227,雪峰科技,23.99,25.49,23.4,24.1,23.42,0.57,2.4338,31.1408,25644424,623323825.0,7901106500.0,1975576500.0
2015-07-23,'603227,雪峰科技,23.42,23.42,20.78,21.1,21.29,2.13,10.0047,18.9745,15625481,348380841.0,7713377000.0,1928637000.0
2015-07-22,'603227,雪峰科技,21.29,21.79,20.45,20.51,20.84,0.45,2.1593,17.8857,14728894,310752910.0,7011861500.0,1753231500.0
2015-07-21,'603227,雪峰科技,20.84,21.0,17.61,19.03,19.57,1.27,6.4895,17.3662,14301097,286382798.0,6863654000.0,1716174000.0
2015-07-20,'603227,雪峰科技,19.57,20.35,19.12,19.97,19.88,-0.31,-1.5594,14.4684,11914767,236028938.0,6445379500.0,1611589500.0
2015-07-17,'603227,雪峰科技,19.88,20.38,18.5,18.8,18.73,1.15,6.1399,12.4065,10216752,198697222.0,6547478000.0,1637118000.0
2015-07-16,'603227,雪峰科技,18.73,20.2,17.32,17.32,19.24,-0.51,-2.6507,15.9964,13173040,244247047.0,6168725500.0,1542415500.0
2015-07-15,'603227,雪峰科技,19.24,20.8,19.24,20.8,21.38,-2.14,-10.0094,9.8706,8128399,159952593.0,6336694000.0,1584414000.0
2015-07-14,'603227,雪峰科技,21.38,21.38,19.89,20.67,19.44,1.94,9.9794,25.1225,20688399,433884138.0,7041503000.0,1760643000.0
2015-07-13,'603227,雪峰科技,19.44,19.44,18.05,19.37,17.67,1.77,10.017,14.0199,11545372,222325013.0,6402564000.0,1600884000.0
2015-07-10,'603227,雪峰科技,17.67,17.67,16.5,16.66,16.06,1.61,10.0249,6.6367,5465355,94681201.0,5819614500.0,1455124500.0
2015-07-09,'603227,雪峰科技,16.06,16.06,13.14,13.14,14.6,1.46,10.0,14.6037,12026165,178600964.0,5289361000.0,1322541000.0
2015-07-08,'603227,雪峰科技,14.6,14.6,14.6,14.6,16.22,-1.62,-9.9877,0.9121,751100,10966060.0,4808510000.0,1202310000.0
2015-07-07,'603227,雪峰科技,16.22,17.27,16.22,17.27,18.02,-1.8,-9.9889,7.0523,5807601,96025593.0,5342057000.0,1335717000.0
2015-07-06,'603227,雪峰科技,18.02,19.95,16.4,19.95,18.14,-0.12,-0.6615,16.905,13921235,262392923.0,5934887000.0,1483947000.0
2015-07-03,'603227,雪峰科技,18.14,20.96,18.04,19.88,20.04,-1.9,-9.481,14.0633,11581098,221151841.0,5974409000.0,1493829000.0
2015-07-02,'603227,雪峰科技,20.04,22.5,19.8,21.4,21.27,-1.23,-5.7828,13.3676,11008228,231385401.0,6600174000.0,1650294000.0
2015-07-01,'603227,雪峰科技,21.27,24.63,21.1,22.12,22.98,-1.71,-7.4413,19.5779,16122433,373284756.0,7005274500.0,1751584500.0
2015-06-30,'603227,雪峰科技,22.98,23.31,19.7,20.9,21.89,1.09,4.9794,19.7599,16272265,349529262.0,7568463000.0,1892403000.0
2015-06-29,'603227,雪峰科技,21.89,24.7,21.89,24.5,24.32,-2.43,-9.9918,13.9212,11464137,257917278.0,7209471500.0,1802641500.0
2015-06-26,'603227,雪峰科技,24.32,26.29,24.32,26.28,27.02,-2.7,-9.9926,11.6774,9616377,239441476.0,8009792000.0,2002752000.0
2015-06-25,'603227,雪峰科技,27.02,29.09,27.0,29.07,29.62,-2.6,-8.7779,18.7002,15399590,432892460.0,8899037000.0,2225097000.0
2015-06-24,'603227,雪峰科技,29.62,33.0,28.92,32.3,31.22,-1.6,-5.1249,20.5897,16955652,516349990.0,9755347000.0,2439207000.0
2015-06-23,'603227,雪峰科技,31.22,32.5,29.01,30.77,31.7,-0.48,-1.5142,17.7791,14641098,450471550.0,10282307000.0,2570967000.0
2015-06-19,'603227,雪峰科技,31.7,33.9,31.7,32.0,35.22,-3.52,-9.9943,16.8292,13858855,444805481.0,10440395000.0,2610495000.0
2015-06-18,'603227,雪峰科技,35.22,36.99,35.22,36.0,39.13,-3.91,-9.9923,19.0037,15649555,559955623.0,11599707000.0,2900367000.0
2015-06-17,'603227,雪峰科技,39.13,42.3,35.21,35.21,39.12,0.01,0.0256,39.8214,32792882,1188801086.0,12887465500.0,3222355500.0
2015-06-16,'603227,雪峰科技,39.12,39.12,39.12,39.12,43.47,-4.35,-10.0069,3.1749,2614500,102279240.0,12884172000.0,3221532000.0
2015-06-15,'603227,雪峰科技,43.47,46.89,43.47,43.47,48.3,-4.83,-10.0,38.1183,31390397,1380970959.0,14316844500.0,3579754500.0
2015-06-12,'603227,雪峰科技,48.3,48.3,45.1,48.3,43.91,4.39,9.9977,24.0323,19790561,953674612.0,15907605000.0,3977505000.0
2015-06-11,'603227,雪峰科技,43.91,43.91,43.91,43.91,39.92,3.99,9.995,1.608,1324221,58146544.0,14461758500.0,3615988500.0
2015-06-10,'603227,雪峰科技,39.92,39.92,33.9,36.9,36.29,3.63,10.0028,35.6787,29381397,1108226814.0,13147652000.0,3287412000.0
2015-06-09,'603227,雪峰科技,36.29,36.29,35.2,36.29,32.99,3.3,10.003,22.8178,18790440,681780786.0,11952111500.0,2988481500.0
2015-06-08,'603227,雪峰科技,32.99,32.99,32.99,32.99,29.99,3.0,10.0033,0.2478,204100,6733259.0,10865256500.0,2716726500.0
2015-06-05,'603227,雪峰科技,29.99,29.99,29.99,29.99,27.26,2.73,10.0147,0.1976,162700,4879373.0,9877206500.0,2469676500.0
2015-06-04,'603227,雪峰科技,27.26,27.26,27.26,27.26,24.78,2.48,10.0081,0.3736,307700,8387902.0,8978081000.0,2244861000.0
2015-06-03,'603227,雪峰科技,24.78,24.78,24.78,24.78,22.53,2.25,9.9867,0.1632,134400,3330432.0,8161293000.0,2040633000.0
2015-06-02,'603227,雪峰科技,22.53,22.53,22.53,22.53,20.48,2.05,10.0098,0.0548,45100,1016103.0,7420255500.0,1855345500.0
2015-06-01,'603227,雪峰科技,20.48,20.48,20.48,20.48,18.62,1.86,9.9893,0.0461,38000,778240.0,6745088000.0,1686528000.0
2015-05-29,'603227,雪峰科技,18.62,18.62,18.62,18.62,16.93,1.69,9.9823,0.1269,104500,1945790.0,6132497000.0,1533357000.0
2015-05-28,'603227,雪峰科技,16.93,16.93,16.93,16.93,15.39,1.54,10.0065,0.0747,61500,1041195.0,5575895500.0,1394185500.0
2015-05-27,'603227,雪峰科技,15.39,15.39,15.39,15.39,13.99,1.4,10.0071,0.0431,35500,546345.0,5068696500.0,1267366500.0
2015-05-26,'603227,雪峰科技,13.99,13.99,13.99,13.99,12.72,1.27,9.9843,0.008,6600,92334.0,4607606500.0,1152076500.0
2015-05-25,'603227,雪峰科技,12.72,12.72,12.72,12.72,11.56,1.16,10.0346,0.0062,5100,64872.0,4189332000.0,1047492000.0
2015-05-22,'603227,雪峰科技,11.56,11.56,11.56,11.56,10.51,1.05,9.9905,0.0078,6400,73984.0,3807286000.0,951966000.0
2015-05-21,'603227,雪峰科技,10.51,10.51,10.51,10.51,9.55,0.96,10.0524,0.0108,8901,93550.0,3461468500.0,865498500.0
2015-05-20,'603227,雪峰科技,9.55,9.55,9.55,9.55,8.68,0.87,10.023,0.0111,9100,86905.0,3145292500.0,786442500.0
2015-05-19,'603227,雪峰科技,8.68,8.68,8.68,8.68,7.89,0.79,10.0127,0.0206,17000,147560.0,2858758000.0,714798000.0
2015-05-18,'603227,雪峰科技,7.89,7.89,7.89,7.89,7.17,0.72,10.0418,0.0176,14500,114405.0,2598571500.0,649741500.0
2015-05-15,'603227,N雪峰,7.17,7.17,7.17,7.17,4.98,2.19,43.9759,0.042,34600,248082.0,2361439500.0,590449500.0
