日期,股票代码,名称,收盘价,最高价,最低价,开盘价,前收盘,涨跌额,涨跌幅,换手率,成交量,成交金额,总市值,流通市值
2017-05-15,'603299,井神股份,11.51,11.78,11.2,11.22,11.22,0.29,2.5847,1.8633,5204100,59493435.0,6439154400.0,3214753416.55
2017-05-12,'603299,井神股份,11.22,11.39,11.17,11.27,11.3,-0.08,-0.708,1.0225,2855837,32162091.0,6276916800.0,3133756154.1
2017-05-11,'603299,井神股份,11.3,11.4,11.04,11.29,11.56,-0.26,-2.2491,2.0279,5664053,63640731.0,6321672000.0,3156100226.5
2017-05-10,'603299,井神股份,11.56,12.44,11.26,11.37,11.5,0.06,0.5217,2.952,8244926,97395465.0,6467126400.0,3228718461.8
2017-05-09,'603299,井神股份,11.5,11.54,11.21,11.31,11.34,0.16,1.4109,1.1531,3220566,36690103.0,6433560000.0,3211960407.5
2017-05-08,'603299,井神股份,11.34,11.7,11.33,11.68,11.73,-0.39,-3.3248,1.5201,4245689,48711839.0,6344049600.0,3167272262.7
2017-05-05,'603299,井神股份,11.73,12.04,11.61,11.99,11.98,-0.25,-2.0868,1.2626,3526499,41746328.0,6562231200.0,3276199615.65
2017-05-04,'603299,井神股份,11.98,12.16,11.9,12.0,12.1,-0.12,-0.9917,1.1553,3226865,38770503.0,6702091200.0,3346024841.9
2017-05-03,'603299,井神股份,12.1,12.2,11.99,12.2,12.2,-0.1,-0.8197,1.4652,4092280,49324479.0,6769224000.0,3379540950.5
2017-05-02,'603299,井神股份,12.2,12.3,11.97,11.98,11.96,0.24,2.0067,1.899,5303808,64531352.0,6825168000.0,3407471041.0
2017-04-28,'603299,井神股份,11.96,11.98,11.81,11.85,11.88,0.08,0.6734,1.3619,3803900,45379670.0,6690902400.0,3340438823.8
2017-04-27,'603299,井神股份,11.88,11.95,11.33,11.88,11.98,-0.1,-0.8347,2.764,7719899,90095706.0,6646147200.0,3318094751.4
2017-04-26,'603299,井神股份,11.98,12.12,11.85,12.06,12.05,-0.07,-0.5809,1.6707,4666234,55889316.0,6702091200.0,3346024841.9
2017-04-25,'603299,井神股份,12.05,12.38,12.04,12.3,12.24,-0.19,-1.5523,1.6903,4720911,57512868.0,6741252000.0,3365575905.25
2017-04-24,'603299,井神股份,12.24,12.64,12.0,12.53,12.34,-0.1,-0.8104,1.6846,4705000,58302555.0,6847545600.0,3418643077.2
2017-04-21,'603299,井神股份,12.34,12.53,12.3,12.35,12.43,-0.09,-0.7241,0.9179,2563709,31760258.0,6903489600.0,3446573167.7
2017-04-20,'603299,井神股份,12.43,12.79,12.3,12.79,12.79,-0.36,-2.8147,1.8999,5306520,66325288.0,6953839200.0,3471710249.15
2017-04-19,'603299,井神股份,12.79,13.2,12.08,13.2,13.3,-0.51,-3.8346,3.2741,9144658,114994982.0,7155237600.0,3572258574.95
2017-04-18,'603299,井神股份,13.3,13.55,13.3,13.51,13.5,-0.2,-1.4815,1.8617,5199645,69627633.0,7440552000.0,3714702036.5
2017-04-17,'603299,井神股份,13.5,13.52,13.31,13.38,13.33,0.17,1.2753,2.1847,6101853,81971537.0,7552440000.0,3770562217.5
2017-04-14,'603299,井神股份,13.33,13.5,13.32,13.5,13.51,-0.18,-1.3323,1.6465,4598600,61454829.0,7457335200.0,3723081063.65
2017-04-13,'603299,井神股份,13.51,13.62,13.44,13.48,13.56,-0.05,-0.3687,1.3802,3854858,52195550.0,7558034400.0,3773355226.55
2017-04-12,'603299,井神股份,13.56,13.65,13.35,13.48,13.56,0.0,0.0,2.0912,5840835,79105550.0,7586006400.0,3787320271.8
2017-04-11,'603299,井神股份,13.56,13.58,13.3,13.4,13.45,0.11,0.8178,2.4169,6750500,90610960.0,7586006400.0,3787320271.8
2017-04-10,'603299,井神股份,13.45,13.8,13.43,13.8,13.82,-0.37,-2.6773,2.9512,8242835,111631336.0,7524468000.0,3756597172.25
2017-04-07,'603299,井神股份,13.82,13.98,13.8,13.98,13.94,-0.12,-0.8608,2.0061,5603020,77621905.0,7731460800.0,3859938507.1
2017-04-06,'603299,井神股份,13.94,14.11,13.85,13.9,13.97,-0.03,-0.2147,2.5604,7151200,100069778.0,7798593600.0,3893454615.7
2017-04-05,'603299,井神股份,13.97,13.98,13.61,13.7,13.72,0.25,1.8222,2.6866,7503600,103835365.0,7815376800.0,3901833642.85
2017-03-31,'603299,井神股份,13.72,13.79,13.4,13.6,13.6,0.12,0.8824,2.3382,6530601,89289015.0,7675516800.0,3832008416.6
2017-03-30,'603299,井神股份,13.6,14.4,13.51,14.31,14.5,-0.9,-6.2069,6.0604,16926700,234301435.0,7608384000.0,3798492308.0
2017-03-29,'603299,井神股份,14.5,15.02,14.48,15.0,14.96,-0.46,-3.0749,4.5286,12648500,185467808.0,8111880000.0,4049863122.5
2017-03-28,'603299,井神股份,14.96,15.21,14.95,15.18,15.12,-0.16,-1.0582,2.6831,7493888,112741767.0,8369222400.0,4178341538.8
2017-03-27,'603299,井神股份,15.12,15.15,14.77,14.96,14.94,0.18,1.2048,4.2151,11772734,176066306.0,8458732800.0,4223029683.6
2017-03-24,'603299,井神股份,14.94,15.19,14.8,15.15,15.21,-0.27,-1.7751,5.1069,14263714,213357024.0,8358033600.0,4172755520.7
2017-03-23,'603299,井神股份,15.21,15.6,14.9,15.58,15.43,-0.22,-1.4258,5.6751,15850489,241980958.0,8509082400.0,4248166765.05
2017-03-22,'603299,井神股份,15.43,15.65,15.24,15.32,15.4,0.03,0.1948,5.8819,16428190,254026913.0,8632159200.0,4309612964.15
2017-03-21,'603299,井神股份,15.4,15.48,15.2,15.4,15.56,-0.16,-1.0283,5.3775,15019361,230434337.0,8615376000.0,4301233937.0
2017-03-20,'603299,井神股份,15.56,15.61,15.1,15.41,15.51,0.05,0.3224,8.0828,22575222,347488292.0,8704886400.0,4345922081.8
2017-03-17,'603299,井神股份,15.51,15.85,15.4,15.8,15.99,-0.48,-3.0019,12.5003,34913543,544175502.0,8676914400.0,4331957036.55
2017-03-16,'603299,井神股份,15.99,16.4,15.2,15.3,15.7,0.29,1.8471,23.7939,66456488,1056838384.0,8945445600.0,4466021470.95
2017-03-15,'603299,井神股份,15.7,15.7,14.75,14.75,14.27,1.43,10.021,21.1906,59185512,899752272.0,8783208000.0,4385024208.5
2017-03-14,'603299,井神股份,14.27,14.32,14.05,14.15,14.15,0.12,0.8481,2.4959,6971022,98572324.0,7983208800.0,3985623914.35
2017-03-13,'603299,井神股份,14.15,14.17,13.9,14.05,14.05,0.1,0.7117,1.7199,4803642,67457102.0,7916076000.0,3952107805.75
2017-03-10,'603299,井神股份,14.05,14.18,14.02,14.18,14.14,-0.09,-0.6365,1.5873,4433235,62395137.0,7860132000.0,3924177715.25
2017-03-09,'603299,井神股份,14.14,14.31,14.09,14.3,14.36,-0.22,-1.532,2.1494,6003166,84889372.0,7910481600.0,3949314796.7
2017-03-08,'603299,井神股份,14.36,14.68,14.33,14.44,14.39,-0.03,-0.2085,4.3274,12086532,175253901.0,8033558400.0,4010760995.8
2017-03-07,'603299,井神股份,14.39,14.41,14.13,14.19,14.14,0.25,1.768,3.1024,8665130,123575271.0,8050341600.0,4019140022.95
2017-03-06,'603299,井神股份,14.14,14.17,13.88,13.91,13.91,0.23,1.6535,1.7587,4911960,69233316.0,7910481600.0,3949314796.7
2017-03-03,'603299,井神股份,13.91,14.01,13.84,14.01,14.06,-0.15,-1.0669,1.9344,5402669,75131165.0,7781810400.0,3885075588.55
2017-03-02,'603299,井神股份,14.06,14.31,14.02,14.28,14.25,-0.19,-1.3333,2.4742,6910503,97497457.0,7865726400.0,3926970724.3
2017-03-01,'603299,井神股份,14.25,14.27,14.16,14.21,14.25,0.0,0.0,1.7811,4974553,70741171.0,7972020000.0,3980037896.25
2017-02-28,'603299,井神股份,14.25,14.38,14.16,14.29,14.31,-0.06,-0.4193,2.0522,5731900,81672829.0,7972020000.0,3980037896.25
2017-02-27,'603299,井神股份,14.31,14.65,14.25,14.6,14.62,-0.31,-2.1204,2.8673,8008477,115444996.0,8005586400.0,3996795950.55
2017-02-24,'603299,井神股份,14.62,14.67,14.4,14.6,14.46,0.16,1.1065,5.0724,14167302,206258365.0,8179012800.0,4083379231.1
2017-02-23,'603299,井神股份,14.46,14.51,14.1,14.27,14.34,0.12,0.8368,3.194,8920974,127098896.0,8089502400.0,4038691086.3
2017-02-22,'603299,井神股份,14.34,14.38,14.17,14.21,14.24,0.1,0.7022,2.5531,7130723,101716391.0,8022369600.0,4005174977.7
2017-02-21,'603299,井神股份,14.24,14.29,13.99,14.05,14.04,0.2,1.4245,2.2304,6229601,88208252.0,7966425600.0,3977244887.2
2017-02-20,'603299,井神股份,14.04,14.18,13.9,14.01,14.04,0.0,0.0,1.7875,4992490,69869290.0,7854537600.0,3921384706.2
2017-02-17,'603299,井神股份,14.04,14.27,13.99,14.14,14.16,-0.12,-0.8475,2.1231,5929813,83650460.0,7854537600.0,3921384706.2
2017-02-16,'603299,井神股份,14.16,14.23,14.08,14.21,14.15,0.01,0.0707,1.9828,5538015,78276158.0,7921670400.0,3954900814.8
2017-02-15,'603299,井神股份,14.15,14.44,14.1,14.31,14.36,-0.21,-1.4624,2.2469,6275700,89656628.0,7916076000.0,3952107805.75
2017-02-14,'603299,井神股份,14.36,14.55,14.31,14.55,14.52,-0.16,-1.1019,2.2581,6306898,90634325.0,8033558400.0,4010760995.8
2017-02-13,'603299,井神股份,14.52,14.63,14.33,14.4,14.47,0.05,0.3455,2.0307,5671815,82322007.0,8123068800.0,4055449140.6
2017-02-10,'603299,井神股份,14.47,14.83,14.43,14.67,14.69,-0.22,-1.4976,3.05,8518700,124254470.0,8095096800.0,4041484095.35
2017-02-09,'603299,井神股份,14.69,14.89,14.61,14.7,14.84,-0.15,-1.0108,4.4542,12440594,182803129.0,8218173600.0,4102930294.45
2017-02-08,'603299,井神股份,14.84,14.92,14.25,14.25,14.3,0.54,3.7762,6.8097,19019568,278419477.0,8302089600.0,4144825430.2
2017-02-07,'603299,井神股份,14.3,14.37,14.04,14.18,14.17,0.13,0.9174,3.5314,9863100,140369983.0,7999992000.0,3994002941.5
2017-02-06,'603299,井神股份,14.17,14.19,13.76,13.76,13.73,0.44,3.2047,3.0804,8603690,120873765.0,7927264800.0,3957693823.85
2017-02-03,'603299,井神股份,13.73,13.74,13.54,13.68,13.6,0.13,0.9559,1.454,4061102,55555540.0,7681111200.0,3834801425.65
2017-01-26,'603299,井神股份,13.6,13.69,13.5,13.61,13.61,-0.01,-0.0735,1.7636,4925640,66978987.0,7608384000.0,3798492308.0
2017-01-25,'603299,井神股份,13.61,13.73,13.56,13.56,13.61,0.0,0.0,1.6225,4531700,61859418.0,7613978400.0,3801285317.05
2017-01-24,'603299,井神股份,13.61,13.99,13.49,13.87,14.01,-0.4,-2.8551,3.3409,9331300,127578848.0,7613978400.0,3801285317.05
2017-01-23,'603299,井神股份,14.01,14.02,13.6,13.68,13.87,0.14,1.0094,2.7472,7672938,106518867.0,7837754400.0,3913005679.05
2017-01-20,'603299,井神股份,13.87,13.97,13.6,13.62,13.69,0.18,1.3148,2.2035,6154298,85250321.0,7759432800.0,3873903552.35
2017-01-19,'603299,井神股份,13.69,13.97,13.45,13.7,13.79,-0.1,-0.7252,2.0433,5706981,78233323.0,7658733600.0,3823629389.45
2017-01-18,'603299,井神股份,13.79,14.1,13.76,14.0,14.17,-0.38,-2.6817,2.2877,6389700,89028897.0,7714677600.0,3851559479.95
2017-01-17,'603299,井神股份,14.17,14.25,13.37,13.9,13.89,0.28,2.0158,3.4242,9563943,132590675.0,7927264800.0,3957693823.85
2017-01-16,'603299,井神股份,13.89,14.98,13.56,14.96,15.07,-1.18,-7.8301,4.3476,12142967,172337517.0,7770621600.0,3879489570.45
2017-01-13,'603299,井神股份,15.07,15.72,15.02,15.64,15.62,-0.55,-3.5211,3.3765,9430602,143690871.0,8430760800.0,4209064638.35
2017-01-12,'603299,井神股份,15.62,15.95,15.6,15.88,15.83,-0.21,-1.3266,2.5318,7071442,111792956.0,8738452800.0,4362680136.1
2017-01-11,'603299,井神股份,15.83,16.16,15.81,16.1,16.05,-0.22,-1.3707,2.8074,7840999,125085943.0,8855935200.0,4421333326.15
2017-01-10,'603299,井神股份,16.05,16.29,16.04,16.29,16.26,-0.21,-1.2915,3.051,8521434,137342244.0,8979012000.0,4482779525.25
2017-01-09,'603299,井神股份,16.26,16.28,15.81,15.87,15.9,0.36,2.2642,4.935,13783534,222344339.0,9096494400.0,4541432715.3
2017-01-06,'603299,井神股份,15.9,16.35,15.89,16.18,16.37,-0.47,-2.8711,6.4566,18033463,289361595.0,8895096000.0,4440884389.5
2017-01-05,'603299,井神股份,16.37,16.78,16.36,16.77,17.01,-0.64,-3.7625,10.3261,28840869,475903821.0,9158032800.0,4572155814.85
2017-01-04,'603299,井神股份,17.01,17.5,16.6,17.49,17.69,-0.68,-3.844,14.494,40482009,683788178.0,9516074400.0,4750908394.05
2017-01-03,'603299,井神股份,17.69,17.95,17.3,17.39,17.41,0.28,1.6083,3.2291,9018955,158863169.0,9896493600.0,4940833009.45
2016-12-30,'603299,井神股份,17.41,17.73,17.3,17.41,17.56,-0.15,-0.8542,7.9572,7161521,125020870.0,9739850400.0,1566900000.0
2016-12-29,'603299,井神股份,17.56,18.12,17.27,18.12,18.22,-0.66,-3.6224,10.3586,9322701,165186808.0,9823766400.0,1580400000.0
2016-12-28,'603299,井神股份,18.22,18.64,17.93,18.5,18.8,-0.58,-3.0851,11.7991,10619234,194072450.0,10192996800.0,1639800000.0
2016-12-27,'603299,井神股份,18.8,19.25,17.92,18.0,18.17,0.63,3.4673,15.0222,13520001,252843636.0,10517472000.0,1692000000.0
2016-12-26,'603299,井神股份,18.17,18.43,17.21,18.15,18.38,-0.21,-1.1425,10.948,9853201,175397644.0,10165024800.0,1635300000.0
2016-12-23,'603299,井神股份,18.38,19.56,18.18,19.51,19.72,-1.34,-6.7951,16.7859,15107330,283962173.0,10282507200.0,1654200000.0
2016-12-22,'603299,井神股份,19.72,20.0,19.08,19.7,20.08,-0.36,-1.7928,22.6425,20378213,398784477.0,11032156800.0,1774800000.0
2016-12-21,'603299,井神股份,20.08,20.14,18.42,18.5,18.73,1.35,7.2077,30.6103,27549273,534097272.0,11233555200.0,1807200000.0
2016-12-20,'603299,井神股份,18.73,19.03,17.62,17.8,17.88,0.85,4.7539,21.7997,19619756,365751783.0,10478311200.0,1685700000.0
2016-12-19,'603299,井神股份,17.88,18.35,17.83,18.2,18.41,-0.53,-2.8789,9.4771,8529400,153601710.0,10002787200.0,1609200000.0
2016-12-16,'603299,井神股份,18.41,18.76,17.6,17.8,17.93,0.48,2.6771,16.5117,14860560,271195712.0,10299290400.0,1656900000.0
2016-12-15,'603299,井神股份,17.93,18.19,17.39,17.39,17.8,0.13,0.7303,11.554,10398621,185659376.0,10030759200.0,1613700000.0
2016-12-14,'603299,井神股份,17.8,18.5,17.37,17.37,17.37,0.43,2.4755,17.1372,15423517,278190309.0,9958032000.0,1602000000.0
2016-12-13,'603299,井神股份,17.37,17.65,16.56,17.1,17.25,0.12,0.6957,11.93,10737031,182848582.0,9717472800.0,1563300000.0
2016-12-12,'603299,井神股份,17.25,18.92,17.25,18.85,19.17,-1.92,-10.0156,17.2808,15552708,279093867.0,9650340000.0,1552500000.0
2016-12-09,'603299,井神股份,19.17,19.86,19.05,19.12,19.63,-0.46,-2.3434,17.9567,16161068,312972313.0,10724464800.0,1725300000.0
2016-12-08,'603299,井神股份,19.63,19.94,18.43,18.85,18.83,0.8,4.2485,27.4673,24720534,477739429.0,10981807200.0,1766700000.0
2016-12-07,'603299,井神股份,18.83,18.87,18.15,18.5,18.48,0.35,1.8939,11.5148,10363308,192457706.0,10534255200.0,1694700000.0
2016-12-06,'603299,井神股份,18.48,19.01,18.41,18.6,18.54,-0.06,-0.3236,13.9182,12526374,234751377.0,10338451200.0,1663200000.0
2016-12-05,'603299,井神股份,18.54,18.78,18.08,18.3,18.53,0.01,0.054,10.8731,9785779,180935840.0,10372017600.0,1668600000.0
2016-12-02,'603299,井神股份,18.53,19.68,18.46,19.6,19.62,-1.09,-5.5556,20.2271,18204360,344771419.0,10366423200.0,1667700000.0
2016-12-01,'603299,井神股份,19.62,20.12,19.2,19.99,19.82,-0.2,-1.0091,19.4331,17489801,341352484.0,10976212800.0,1765800000.0
2016-11-30,'603299,井神股份,19.82,20.46,19.58,19.96,19.82,0.0,0.0,18.4565,16610812,331174071.0,11088100800.0,1783800000.0
2016-11-29,'603299,井神股份,19.82,21.0,19.6,20.49,20.57,-0.75,-3.6461,27.8188,25036883,504085509.0,11088100800.0,1783800000.0
2016-11-28,'603299,井神股份,20.57,22.89,20.42,21.63,22.38,-1.81,-8.0876,40.7376,36663860,785562392.0,11507680800.0,1851300000.0
2016-11-25,'603299,井神股份,22.38,24.7,22.36,24.7,24.84,-2.46,-9.9034,49.1624,44246200,1038986402.0,12520267200.0,2014200000.0
2016-11-24,'603299,井神股份,24.84,24.84,21.39,21.39,22.58,2.26,10.0089,63.1323,56819109,1352590046.0,13896489600.0,2235600000.0
2016-11-23,'603299,井神股份,22.58,24.48,21.55,22.85,22.25,0.33,1.4831,57.0227,51320430,1186735036.0,12632155200.0,2032200000.0
2016-11-22,'603299,井神股份,22.25,22.88,21.78,22.88,20.8,1.45,6.9712,16.6162,14954601,336558970.0,12447540000.0,2002500000.0
2016-11-21,'603299,井神股份,20.8,20.8,18.97,19.12,18.91,1.89,9.9947,14.0245,12622010,257256713.0,11636352000.0,1872000000.0
2016-11-18,'603299,井神股份,18.91,19.49,18.06,18.2,18.2,0.71,3.9011,28.2358,25412175,480107303.0,10579010400.0,1701900000.0
2016-11-17,'603299,井神股份,18.2,18.45,17.6,17.82,18.04,0.16,0.8869,12.1325,10919207,195899281.0,10181808000.0,1638000000.0
2016-11-16,'603299,井神股份,18.04,18.6,18.01,18.6,18.66,-0.62,-3.3226,15.9011,14311025,262033833.0,10092297600.0,1623600000.0
2016-11-15,'603299,井神股份,18.66,19.56,17.76,17.81,17.92,0.74,4.1295,25.1172,22605511,423527539.0,10439150400.0,1679400000.0
2016-11-14,'603299,井神股份,17.92,18.05,17.5,17.88,18.03,-0.11,-0.6101,12.1182,10906343,193370686.0,10025164800.0,1612800000.0
2016-11-11,'603299,井神股份,18.03,18.51,18.0,18.3,18.47,-0.44,-2.3822,15.8875,14298726,259807842.0,10086703200.0,1622700000.0
2016-11-10,'603299,井神股份,18.47,18.84,17.7,17.92,17.84,0.63,3.5314,25.6628,23096504,424003285.0,10332856800.0,1662300000.0
2016-11-09,'603299,井神股份,17.84,18.2,17.31,17.5,17.65,0.19,1.0765,17.3321,15598927,277909396.0,9980409600.0,1605600000.0
2016-11-08,'603299,井神股份,17.65,18.1,17.31,17.69,17.8,-0.15,-0.8427,13.8778,12490029,220696153.0,9874116000.0,1588500000.0
2016-11-07,'603299,井神股份,17.8,18.38,17.11,17.37,17.39,0.41,2.3577,18.618,16756230,296373879.0,9958032000.0,1602000000.0
2016-11-04,'603299,井神股份,17.39,17.68,16.75,16.86,17.01,0.38,2.234,15.2484,13723534,238208787.0,9728661600.0,1565100000.0
2016-11-03,'603299,井神股份,17.01,17.53,16.37,16.45,16.49,0.52,3.1534,13.9898,12590847,212588418.0,9516074400.0,1530900000.0
2016-11-02,'603299,井神股份,16.49,16.78,16.34,16.53,16.63,-0.14,-0.8419,6.0854,5476875,90506155.0,9225165600.0,1484100000.0
2016-11-01,'603299,井神股份,16.63,16.66,16.3,16.37,16.37,0.26,1.5883,5.6849,5116418,84487806.0,9303487200.0,1496700000.0
2016-10-31,'603299,井神股份,16.37,16.63,16.2,16.63,16.63,-0.26,-1.5634,3.5523,3197046,52339840.0,9158032800.0,1473300000.0
2016-10-28,'603299,井神股份,16.63,16.65,16.26,16.38,16.41,0.22,1.3406,5.8575,5271747,87152084.0,9303487200.0,1496700000.0
2016-10-27,'603299,井神股份,16.41,16.5,16.33,16.5,16.5,-0.09,-0.5455,2.679,2411100,39574434.0,9180410400.0,1476900000.0
2016-10-26,'603299,井神股份,16.5,16.53,16.28,16.5,16.62,-0.12,-0.722,4.2781,3850264,63181288.0,9230760000.0,1485000000.0
2016-10-25,'603299,井神股份,16.62,16.8,16.35,16.45,16.44,0.18,1.0949,6.5028,5852561,97289145.0,9297892800.0,1495800000.0
2016-10-24,'603299,井神股份,16.44,16.49,16.19,16.26,16.24,0.2,1.2315,3.9819,3583749,58669637.0,9197193600.0,1479600000.0
2016-10-21,'603299,井神股份,16.24,16.31,16.0,16.21,16.26,-0.02,-0.123,2.9923,2693029,43550071.0,9085305600.0,1461600000.0
2016-10-20,'603299,井神股份,16.26,16.34,16.14,16.28,16.3,-0.04,-0.2454,2.9497,2654750,43087480.0,9096494400.0,1463400000.0
2016-10-19,'603299,井神股份,16.3,16.48,16.21,16.27,16.27,0.03,0.1844,3.4699,3122950,50988915.0,9118872000.0,1467000000.0
2016-10-18,'603299,井神股份,16.27,16.28,15.95,16.14,16.1,0.17,1.0559,3.3419,3007668,48550874.0,9102088800.0,1464300000.0
2016-10-17,'603299,井神股份,16.1,16.5,16.01,16.47,16.43,-0.33,-2.0085,2.7697,2492751,40580943.0,9006984000.0,1449000000.0
2016-10-14,'603299,井神股份,16.43,16.53,16.26,16.53,16.55,-0.12,-0.7251,3.0367,2733001,44722879.0,9191599200.0,1478700000.0
2016-10-13,'603299,井神股份,16.55,16.78,16.41,16.52,16.53,0.02,0.121,3.3006,2970546,49263717.0,9258732000.0,1489500000.0
2016-10-12,'603299,井神股份,16.53,16.6,16.35,16.6,16.6,-0.07,-0.4217,3.9908,3591759,59103166.0,9247543200.0,1487700000.0
2016-10-11,'603299,井神股份,16.6,16.69,16.47,16.65,16.49,0.11,0.6671,4.5057,4055095,67286888.0,9286704000.0,1494000000.0
2016-10-10,'603299,井神股份,16.49,16.96,16.45,16.5,15.78,0.71,4.4994,8.192,7372799,122793395.0,9225165600.0,1484100000.0
2016-09-30,'603299,井神股份,15.78,15.88,15.6,15.66,15.65,0.13,0.8307,2.3118,2080600,32601466.0,8827963200.0,1420200000.0
2016-09-29,'603299,井神股份,15.65,15.79,15.63,15.71,15.66,-0.01,-0.0639,2.1291,1916200,30078599.0,8755236000.0,1408500000.0
2016-09-28,'603299,井神股份,15.66,15.91,15.64,15.91,15.88,-0.22,-1.3854,2.0907,1881650,29598822.0,8760830400.0,1409400000.0
2016-09-27,'603299,井神股份,15.88,15.98,15.5,15.84,15.84,0.04,0.2525,3.8202,3438163,54046093.0,8883907200.0,1429200000.0
2016-09-26,'603299,井神股份,15.84,16.8,15.8,16.8,16.84,-1.0,-5.9382,8.1842,7365814,118616745.0,8861529600.0,1425600000.0
2016-09-23,'603299,井神股份,16.84,17.1,16.74,16.89,16.84,0.0,0.0,5.3538,4818451,81404334.0,9420969600.0,1515600000.0
2016-09-22,'603299,井神股份,16.84,17.1,16.81,16.88,16.8,0.04,0.2381,4.0079,3607092,61098013.0,9420969600.0,1515600000.0
2016-09-21,'603299,井神股份,16.8,16.88,16.7,16.78,16.76,0.04,0.2387,2.2284,2005545,33708945.0,9398592000.0,1512000000.0
2016-09-20,'603299,井神股份,16.76,16.87,16.7,16.74,16.82,-0.06,-0.3567,2.2458,2021200,33924696.0,9376214400.0,1508400000.0
2016-09-19,'603299,井神股份,16.82,16.91,16.65,16.7,16.73,0.09,0.538,2.8283,2545443,42764879.0,9409780800.0,1513800000.0
2016-09-14,'603299,井神股份,16.73,16.93,16.71,16.88,16.94,-0.21,-1.2397,2.6049,2344401,39373064.0,9359431200.0,1505700000.0
2016-09-13,'603299,井神股份,16.94,17.01,16.7,16.88,16.69,0.25,1.4979,4.0121,3610930,60688675.0,9476913600.0,1524600000.0
2016-09-12,'603299,井神股份,16.69,17.55,16.67,17.45,17.94,-1.25,-6.9677,8.5282,7675373,131531512.0,9337053600.0,1502100000.0
2016-09-09,'603299,井神股份,17.94,18.28,17.75,18.08,18.24,-0.3,-1.6447,7.575,6817513,122361659.0,10036353600.0,1614600000.0
2016-09-08,'603299,井神股份,18.24,18.51,17.7,17.79,17.77,0.47,2.6449,11.0915,9982383,181729540.0,10204185600.0,1641600000.0
2016-09-07,'603299,井神股份,17.77,18.0,17.63,17.89,17.89,-0.12,-0.6708,5.5417,4987489,89136884.0,9941248800.0,1599300000.0
2016-09-06,'603299,井神股份,17.89,17.9,17.41,17.9,17.86,0.03,0.168,6.2018,5581620,98568368.0,10008381600.0,1610100000.0
2016-09-05,'603299,井神股份,17.86,18.27,17.82,17.85,17.82,0.04,0.2245,5.2101,4689081,84492826.0,9991598400.0,1607400000.0
2016-09-02,'603299,井神股份,17.82,18.16,17.68,18.1,18.2,-0.38,-2.0879,7.0919,6382695,114280117.0,9969220800.0,1603800000.0
2016-09-01,'603299,井神股份,18.2,18.71,18.17,18.43,18.54,-0.34,-1.8339,9.713,8741708,160405614.0,10181808000.0,1638000000.0
2016-08-31,'603299,井神股份,18.54,18.64,17.87,18.06,18.2,0.34,1.8681,15.5481,13993273,256513998.0,10372017600.0,1668600000.0
2016-08-30,'603299,井神股份,18.2,18.26,17.62,17.62,17.79,0.41,2.3047,13.8229,12440575,224394481.0,10181808000.0,1638000000.0
2016-08-29,'603299,井神股份,17.79,18.05,17.69,17.99,18.11,-0.32,-1.767,8.405,7564500,134775180.0,9952437600.0,1601100000.0
2016-08-26,'603299,井神股份,18.11,18.46,17.08,17.25,17.14,0.97,5.6593,19.9452,17950715,321474667.0,10131458400.0,1629900000.0
2016-08-25,'603299,井神股份,17.14,17.37,16.88,17.26,17.44,-0.3,-1.7202,5.5107,4959599,84710099.0,9588801600.0,1542600000.0
2016-08-24,'603299,井神股份,17.44,17.56,17.14,17.3,17.28,0.16,0.9259,4.7238,4251402,73801516.0,9756633600.0,1569600000.0
2016-08-23,'603299,井神股份,17.28,17.35,17.13,17.17,17.19,0.09,0.5236,2.8531,2567750,44229083.0,9667123200.0,1555200000.0
2016-08-22,'603299,井神股份,17.19,17.64,17.13,17.55,17.65,-0.46,-2.6062,4.6909,4221806,73140229.0,9616773600.0,1547100000.0
2016-08-19,'603299,井神股份,17.65,17.8,17.56,17.73,17.74,-0.09,-0.5073,4.5545,4099070,72369162.0,9874116000.0,1588500000.0
2016-08-18,'603299,井神股份,17.74,18.04,17.65,18.04,18.04,-0.3,-1.663,7.2563,6530704,116215779.0,9924465600.0,1596600000.0
2016-08-17,'603299,井神股份,18.04,18.17,17.63,17.7,17.78,0.26,1.4623,10.1671,9150352,164627964.0,10092297600.0,1623600000.0
2016-08-16,'603299,井神股份,17.78,17.86,17.51,17.58,17.61,0.17,0.9654,7.8282,7045373,124960705.0,9946843200.0,1600200000.0
2016-08-15,'603299,井神股份,17.61,17.74,17.15,17.32,17.32,0.29,1.6744,8.5674,7710698,135000437.0,9851738400.0,1584900000.0
2016-08-12,'603299,井神股份,17.32,17.39,17.02,17.11,17.25,0.07,0.4058,5.0272,4524450,77851324.0,9689500800.0,1558800000.0
2016-08-11,'603299,井神股份,17.25,17.79,17.21,17.45,17.54,-0.29,-1.6534,6.4697,5822700,102113637.0,9650340000.0,1552500000.0
2016-08-10,'603299,井神股份,17.54,17.66,17.35,17.35,17.44,0.1,0.5734,5.7551,5179613,90541889.0,9812577600.0,1578600000.0
2016-08-09,'603299,井神股份,17.44,17.5,17.12,17.2,17.23,0.21,1.2188,4.4172,3975439,69089585.0,9756633600.0,1569600000.0
2016-08-08,'603299,井神股份,17.23,17.24,16.87,17.17,17.22,0.01,0.0581,3.9875,3588742,61205961.0,9639151200.0,1550700000.0
2016-08-05,'603299,井神股份,17.22,17.49,17.08,17.29,17.44,-0.22,-1.2615,5.1931,4673780,80708231.0,9633556800.0,1549800000.0
2016-08-04,'603299,井神股份,17.44,17.64,17.2,17.52,17.52,-0.08,-0.4566,6.2084,5587571,97311647.0,9756633600.0,1569600000.0
2016-08-03,'603299,井神股份,17.52,17.7,17.13,17.21,17.3,0.22,1.2717,6.9264,6233801,108784967.0,9801388800.0,1576800000.0
2016-08-02,'603299,井神股份,17.3,17.35,17.05,17.1,17.1,0.2,1.1696,4.4159,3974300,68334877.0,9678312000.0,1557000000.0
2016-08-01,'603299,井神股份,17.1,17.59,16.83,17.59,17.75,-0.65,-3.662,7.5687,6811794,116949218.0,9566424000.0,1539000000.0
2016-07-29,'603299,井神股份,17.75,17.98,17.0,17.15,17.05,0.7,4.1056,13.1969,11877252,208976413.0,9930060000.0,1597500000.0
2016-07-28,'603299,井神股份,17.05,17.18,16.36,17.02,17.0,0.05,0.2941,7.1477,6432946,108289848.0,9538452000.0,1534500000.0
2016-07-27,'603299,井神股份,17.0,18.38,16.84,18.35,18.31,-1.31,-7.1546,12.2905,11061476,193611565.0,9510480000.0,1530000000.0
2016-07-26,'603299,井神股份,18.31,18.33,18.02,18.08,18.14,0.17,0.9372,6.7803,6102236,111342707.0,10243346400.0,1647900000.0
2016-07-25,'603299,井神股份,18.14,18.2,17.8,17.95,17.96,0.18,1.0022,6.6901,6021126,108490511.0,10148241600.0,1632600000.0
2016-07-22,'603299,井神股份,17.96,18.78,17.9,18.65,18.81,-0.85,-4.5189,15.0382,13534422,246685133.0,10047542400.0,1616400000.0
2016-07-21,'603299,井神股份,18.81,19.49,18.74,19.21,19.42,-0.61,-3.1411,13.8371,12453398,237457504.0,10523066400.0,1692900000.0
2016-07-20,'603299,井神股份,19.42,19.85,19.08,19.42,19.57,-0.15,-0.7665,14.4397,12995763,252749570.0,10864324800.0,1747800000.0
2016-07-19,'603299,井神股份,19.57,19.87,18.92,19.75,20.09,-0.52,-2.5884,23.6061,21245506,412215870.0,10948240800.0,1761300000.0
2016-07-18,'603299,井神股份,20.09,20.75,18.72,18.81,18.95,1.14,6.0158,33.8558,30470221,603975602.0,11239149600.0,1808100000.0
2016-07-15,'603299,井神股份,18.95,19.53,18.63,18.7,18.85,0.1,0.5305,17.2895,15560529,298467674.0,10601388000.0,1705500000.0
2016-07-14,'603299,井神股份,18.85,19.08,18.35,18.56,19.26,-0.41,-2.1288,18.9361,17042525,318032955.0,10545444000.0,1696500000.0
2016-07-13,'603299,井神股份,19.26,19.61,19.0,19.48,19.46,-0.2,-1.0277,20.3382,18304403,353664236.0,10774814400.0,1733400000.0
2016-07-12,'603299,井神股份,19.46,19.58,18.1,18.31,18.3,1.16,6.3388,21.2813,19153155,361344693.0,10886702400.0,1751400000.0
2016-07-11,'603299,井神股份,18.3,19.19,18.07,18.82,19.06,-0.76,-3.9874,17.3963,15656683,289917991.0,10237752000.0,1647000000.0
2016-07-08,'603299,井神股份,19.06,19.5,19.02,19.36,19.58,-0.52,-2.6558,17.4701,15723075,302355335.0,10662926400.0,1715400000.0
2016-07-07,'603299,井神股份,19.58,19.8,18.5,19.06,18.86,0.72,3.8176,32.5739,29316541,564310727.0,10953835200.0,1762200000.0
2016-07-06,'603299,井神股份,18.86,19.83,17.67,18.04,18.16,0.7,3.8546,30.4802,27432153,511920312.0,10551038400.0,1697400000.0
2016-07-05,'603299,井神股份,18.16,18.3,17.5,17.53,17.49,0.67,3.8308,24.4127,21971440,395934737.0,10159430400.0,1634400000.0
2016-07-04,'603299,井神股份,17.49,17.7,17.0,17.18,17.25,0.24,1.3913,11.9305,10737481,187216246.0,9784605600.0,1574100000.0
2016-07-01,'603299,井神股份,17.25,17.55,17.16,17.25,17.17,0.08,0.4659,10.1561,9140461,158545000.0,9650340000.0,1552500000.0
2016-06-30,'603299,井神股份,17.17,17.5,17.02,17.39,17.79,-0.62,-3.4851,14.4156,12974066,223540115.0,9605584800.0,1545300000.0
2016-06-29,'603299,井神股份,17.79,18.34,17.18,17.48,17.41,0.38,2.1827,22.0437,19839312,351023127.0,9952437600.0,1601100000.0
2016-06-28,'603299,井神股份,17.41,17.78,17.2,17.31,17.6,-0.19,-1.0795,16.1304,14517397,253213086.0,9739850400.0,1566900000.0
2016-06-27,'603299,井神股份,17.6,17.78,16.36,16.5,16.8,0.8,4.7619,20.2589,18232969,315015197.0,9846144000.0,1584000000.0
2016-06-24,'603299,井神股份,16.8,17.57,16.05,17.3,17.54,-0.74,-4.2189,21.3916,19252478,326079470.0,9398592000.0,1512000000.0
2016-06-23,'603299,井神股份,17.54,17.87,16.52,16.65,16.77,0.77,4.5915,25.0554,22549841,388850209.0,9812577600.0,1578600000.0
2016-06-22,'603299,XD井神股,16.77,17.23,16.26,16.51,16.79,-0.02,-0.1191,15.2197,13697690,230051007.0,9381808800.0,1509300000.0
2016-06-21,'603299,井神股份,16.83,17.44,16.16,16.43,16.49,0.34,2.0619,22.4991,20249182,338933286.0,9415375200.0,1514700000.0
2016-06-20,'603299,井神股份,16.49,16.7,15.44,15.83,15.82,0.67,4.2351,16.5776,14919861,242522739.0,9225165600.0,1484100000.0
2016-06-17,'603299,井神股份,15.82,15.84,15.57,15.6,15.56,0.26,1.671,8.6539,7788467,122685599.0,8850340800.0,1423800000.0
2016-06-16,'603299,井神股份,15.56,15.95,15.45,15.61,15.66,-0.1,-0.6386,7.3273,6594597,103340144.0,8704886400.0,1400400000.0
2016-06-15,'603299,井神股份,15.66,15.87,14.81,14.82,15.27,0.39,2.554,10.2159,9194269,143143155.0,8760830400.0,1409400000.0
2016-06-14,'603299,井神股份,15.27,15.43,15.11,15.17,15.16,0.11,0.7256,7.5385,6784663,103381710.0,8542648800.0,1374300000.0
2016-06-13,'603299,井神股份,15.16,16.39,15.15,16.18,16.83,-1.67,-9.9228,14.7796,13301598,210094328.0,8481110400.0,1364400000.0
2016-06-08,'603299,井神股份,16.83,17.28,16.73,17.27,17.5,-0.67,-3.8286,16.5201,14868104,252879993.0,9415375200.0,1514700000.0
2016-06-07,'603299,井神股份,17.5,17.85,16.42,16.7,16.82,0.68,4.0428,24.5076,22056816,376419242.0,9790200000.0,1575000000.0
2016-06-06,'603299,井神股份,16.82,17.18,16.4,16.59,16.57,0.25,1.5088,16.1073,14496587,243102288.0,9409780800.0,1513800000.0
2016-06-03,'603299,井神股份,16.57,16.85,16.3,16.5,16.79,-0.22,-1.3103,16.9337,15240296,251901205.0,9269920800.0,1491300000.0
2016-06-02,'603299,井神股份,16.79,16.89,15.73,15.92,15.92,0.87,5.4648,20.4321,18388930,299782226.0,9392997600.0,1511100000.0
2016-06-01,'603299,井神股份,15.92,16.3,15.72,15.8,15.89,0.03,0.1888,15.2966,13766920,220765827.0,8906284800.0,1432800000.0
2016-05-31,'603299,井神股份,15.89,16.04,15.17,15.17,15.13,0.76,5.0231,17.442,15697775,245913365.0,8889501600.0,1430100000.0
2016-05-30,'603299,井神股份,15.13,15.28,14.81,15.18,15.42,-0.29,-1.8807,6.9534,6258084,94236595.0,8464327200.0,1361700000.0
2016-05-27,'603299,井神股份,15.42,15.61,14.97,15.1,15.17,0.25,1.648,11.5425,10388234,160218656.0,8626564800.0,1387800000.0
2016-05-26,'603299,井神股份,15.17,15.2,14.56,15.06,15.06,0.11,0.7304,7.7112,6940060,103218149.0,8486704800.0,1365300000.0
2016-05-25,'603299,井神股份,15.06,15.43,14.92,15.38,15.17,-0.11,-0.7251,6.5466,5891951,89452800.0,8425166400.0,1355400000.0
2016-05-24,'603299,井神股份,15.17,15.61,15.07,15.61,15.76,-0.59,-3.7437,8.785,7906490,120679422.0,8486704800.0,1365300000.0
2016-05-23,'603299,井神股份,15.76,16.18,15.04,15.1,15.14,0.62,4.0951,12.6416,11377468,177862246.0,8816774400.0,1418400000.0
2016-05-20,'603299,井神股份,15.14,15.19,14.46,14.7,14.85,0.29,1.9529,8.9324,8039151,119653622.0,8469921600.0,1362600000.0
2016-05-19,'603299,井神股份,14.85,15.15,14.75,14.9,14.77,0.08,0.5416,7.3509,6615819,98835437.0,8307684000.0,1336500000.0
2016-05-18,'603299,井神股份,14.77,15.9,14.6,15.9,16.05,-1.28,-7.9751,11.5078,10357007,156949313.0,8262928800.0,1329300000.0
2016-05-17,'603299,井神股份,16.05,16.24,15.86,16.12,16.11,-0.06,-0.3724,8.8792,7991272,128261185.0,8979012000.0,1444500000.0
2016-05-16,'603299,井神股份,16.11,16.16,15.4,15.67,15.65,0.46,2.9393,9.6024,8642165,137034099.0,9012578400.0,1449900000.0
2016-05-13,'603299,井神股份,15.65,15.94,15.49,15.94,15.86,-0.21,-1.3241,8.27,7443012,116686790.0,8755236000.0,1408500000.0
2016-05-12,'603299,井神股份,15.86,16.03,15.02,16.02,16.4,-0.54,-3.2927,11.0513,9946147,155106808.0,8872718400.0,1427400000.0
2016-05-11,'603299,井神股份,16.4,17.4,16.28,17.3,16.95,-0.55,-3.2448,12.7751,11497564,191338354.0,9174816000.0,1476000000.0
2016-05-10,'603299,井神股份,16.95,17.49,16.64,16.64,17.16,-0.21,-1.2238,14.6129,13151581,225081669.0,9482508000.0,1525500000.0
2016-05-09,'603299,井神股份,17.16,18.44,17.16,18.39,19.07,-1.91,-10.0157,26.8546,24169124,424646563.0,9599990400.0,1544400000.0
2016-05-06,'603299,井神股份,19.07,19.61,18.95,19.44,17.83,1.24,6.9546,44.4892,40040260,776278188.0,10668520800.0,1716300000.0
2016-05-05,'603299,井神股份,17.83,17.85,17.35,17.5,17.57,0.26,1.4798,12.1128,10901557,192307370.0,9974815200.0,1604700000.0
2016-05-04,'603299,井神股份,17.57,17.88,17.35,17.49,17.55,0.02,0.114,10.2323,9209090,162229366.0,9829360800.0,1581300000.0
2016-05-03,'603299,井神股份,17.55,17.75,16.96,17.15,17.05,0.5,2.9326,11.9785,10780670,188064052.0,9818172000.0,1579500000.0
2016-04-29,'603299,井神股份,17.05,17.28,16.91,17.05,17.15,-0.1,-0.5831,6.011,5409880,92330988.0,9538452000.0,1534500000.0
2016-04-28,'603299,井神股份,17.15,17.42,16.86,17.16,17.15,0.0,0.0,9.0569,8151245,139350438.0,9594396000.0,1543500000.0
2016-04-27,'603299,井神股份,17.15,17.58,17.05,17.42,17.56,-0.41,-2.3349,11.655,10489489,181302534.0,9594396000.0,1543500000.0
2016-04-26,'603299,井神股份,17.56,17.78,17.25,17.78,17.77,-0.21,-1.1818,9.8316,8848462,154667797.0,9823766400.0,1580400000.0
2016-04-25,'603299,井神股份,17.77,17.95,16.83,17.48,17.43,0.34,1.9507,17.4648,15718310,275248645.0,9941248800.0,1599300000.0
2016-04-22,'603299,井神股份,17.43,17.51,16.7,17.05,18.49,-1.06,-5.7328,16.8077,15126902,260634225.0,9751039200.0,1568700000.0
2016-04-21,'603299,井神股份,0.0,0.0,0.0,0.0,18.49,None,None,0.0,0,0.0,10344045600.0,1664100000.0
2016-04-20,'603299,井神股份,18.49,20.09,18.16,20.09,20.18,-1.69,-8.3746,27.8889,25100047,476441919.0,10344045600.0,1664100000.0
2016-04-19,'603299,井神股份,20.18,20.41,19.26,19.4,19.54,0.64,3.2753,30.1255,27112916,539404124.0,11289499200.0,1816200000.0
2016-04-18,'603299,井神股份,19.54,20.68,18.3,18.58,18.85,0.69,3.6605,34.0545,30649049,601292096.0,10931457600.0,1758600000.0
2016-04-15,'603299,井神股份,18.85,19.44,18.72,19.27,19.72,-0.87,-4.4118,23.1273,20814591,395863854.0,10545444000.0,1696500000.0
2016-04-14,'603299,井神股份,19.72,19.98,18.4,18.64,18.63,1.09,5.8508,32.9187,29626859,571037465.0,11032156800.0,1774800000.0
2016-04-13,'603299,井神股份,18.63,18.94,18.35,18.45,18.63,0.0,0.0,21.9162,19724537,368373916.0,10422367200.0,1676700000.0
2016-04-12,'603299,井神股份,18.63,18.98,17.85,18.0,18.24,0.39,2.1382,21.5365,19382810,356523046.0,10422367200.0,1676700000.0
2016-04-11,'603299,井神股份,18.24,18.49,18.1,18.31,18.18,0.06,0.33,15.5942,14034778,256773474.0,10204185600.0,1641600000.0
2016-04-08,'603299,井神股份,18.18,18.19,17.7,18.02,18.38,-0.2,-1.0881,14.5216,13069432,234409529.0,10170619200.0,1636200000.0
2016-04-07,'603299,井神股份,18.38,18.8,18.0,18.79,18.79,-0.41,-2.182,19.6147,17653224,323298994.0,10282507200.0,1654200000.0
2016-04-06,'603299,井神股份,18.79,18.98,18.5,18.85,19.29,-0.5,-2.592,24.8718,22384582,418243687.0,10511877600.0,1691100000.0
2016-04-05,'603299,井神股份,19.29,19.7,18.2,18.43,18.49,0.8,4.3267,38.1673,34350559,658659552.0,10791597600.0,1736100000.0
2016-04-01,'603299,井神股份,18.49,18.49,16.76,16.88,16.81,1.68,9.9941,38.9696,35072598,632587766.0,10344045600.0,1664100000.0
2016-03-31,'603299,井神股份,16.81,17.18,16.63,16.85,16.79,0.02,0.1191,12.6613,11395154,192763116.0,9404186400.0,1512900000.0
2016-03-30,'603299,井神股份,16.79,16.84,16.28,16.44,16.23,0.56,3.4504,10.224,9201585,152455323.0,9392997600.0,1511100000.0
2016-03-29,'603299,井神股份,16.23,16.49,16.0,16.49,16.43,-0.2,-1.2173,7.9949,7195423,116798380.0,9079711200.0,1460700000.0
2016-03-28,'603299,井神股份,16.43,16.92,16.38,16.7,16.65,-0.22,-1.3213,8.6764,7808727,130331952.0,9191599200.0,1478700000.0
2016-03-25,'603299,井神股份,16.65,17.1,16.32,16.88,16.98,-0.33,-1.9435,12.4597,11213766,187392503.0,9314676000.0,1498500000.0
2016-03-24,'603299,井神股份,16.98,17.58,16.94,17.48,17.78,-0.8,-4.4994,16.9332,15239886,263020308.0,9499291200.0,1528200000.0
2016-03-23,'603299,井神股份,17.78,17.88,17.07,17.07,17.35,0.43,2.4784,19.9518,17956646,314026212.0,9946843200.0,1600200000.0
2016-03-22,'603299,井神股份,17.35,17.79,17.21,17.5,17.76,-0.41,-2.3086,16.211,14589869,254084974.0,9706284000.0,1561500000.0
2016-03-21,'603299,井神股份,17.76,17.85,17.01,17.4,17.14,0.62,3.6173,22.5313,20278133,354200251.0,9935654400.0,1598400000.0
2016-03-18,'603299,井神股份,17.14,17.5,16.48,16.55,16.57,0.57,3.44,23.3308,20997740,357816162.0,9588801600.0,1542600000.0
2016-03-17,'603299,井神股份,16.57,16.7,15.94,16.1,16.04,0.53,3.3042,18.3228,16490534,270554415.0,9269920800.0,1491300000.0
2016-03-16,'603299,井神股份,16.04,16.64,15.95,16.55,16.3,-0.26,-1.5951,10.9452,9850718,159706992.0,8973417600.0,1443600000.0
2016-03-15,'603299,井神股份,16.3,16.91,16.2,16.6,16.88,-0.58,-3.436,12.5489,11294045,186490795.0,9118872000.0,1467000000.0
2016-03-14,'603299,井神股份,16.88,17.26,16.51,16.51,16.29,0.59,3.6219,17.1271,15414388,261046858.0,9443347200.0,1519200000.0
2016-03-11,'603299,井神股份,16.29,16.8,15.8,16.0,16.38,-0.09,-0.5495,13.3136,11982278,193950044.0,9113277600.0,1466100000.0
2016-03-10,'603299,井神股份,16.38,17.4,16.15,17.0,17.01,-0.63,-3.7037,13.9642,12567807,210486048.0,9163627200.0,1474200000.0
2016-03-09,'603299,井神股份,17.01,17.99,16.4,16.9,17.62,-0.61,-3.462,16.1217,14509530,249672778.0,9516074400.0,1530900000.0
2016-03-08,'603299,井神股份,17.62,18.15,16.0,17.13,17.53,0.09,0.5134,20.6533,18587933,313306087.0,9857332800.0,1585800000.0
2016-03-07,'603299,井神股份,17.53,18.23,16.96,17.5,17.47,0.06,0.3434,19.4934,17544090,308787841.0,9806983200.0,1577700000.0
2016-03-04,'603299,井神股份,17.47,18.8,17.2,18.8,19.09,-1.62,-8.4861,25.6183,23056445,414352547.0,9773416800.0,1572300000.0
2016-03-03,'603299,井神股份,19.09,20.5,18.6,18.88,19.18,-0.09,-0.4692,31.8071,28626368,563720509.0,10679709600.0,1718100000.0
2016-03-02,'603299,井神股份,19.18,19.55,17.83,18.0,18.45,0.73,3.9566,32.5319,29278690,551596608.0,10730059200.0,1726200000.0
2016-03-01,'603299,井神股份,18.45,18.45,16.62,17.0,16.77,1.68,10.0179,24.9224,22430188,392980484.0,10321668000.0,1660500000.0
2016-02-29,'603299,井神股份,16.77,18.05,16.77,18.0,18.63,-1.86,-9.9839,15.6817,14113553,240894487.0,9381808800.0,1509300000.0
2016-02-26,'603299,井神股份,18.63,19.97,17.61,19.18,19.29,-0.66,-3.4215,28.3958,25556242,484413635.0,10422367200.0,1676700000.0
2016-02-25,'603299,井神股份,19.29,21.1,19.29,20.45,21.43,-2.14,-9.986,30.9262,27833570,558613694.0,10791597600.0,1736100000.0
2016-02-24,'603299,井神股份,21.43,23.2,20.08,21.13,21.12,0.31,1.4678,56.4616,50815395,1089522262.0,11988799200.0,1928700000.0
2016-02-23,'603299,井神股份,21.12,21.12,19.02,19.05,19.2,1.92,10.0,39.7223,35750074,729559329.0,11815372800.0,1900800000.0
2016-02-22,'603299,井神股份,19.2,20.09,18.91,18.91,18.79,0.41,2.182,32.3999,29159869,563239285.0,10741248000.0,1728000000.0
2016-02-19,'603299,井神股份,18.79,19.47,18.3,19.15,19.9,-1.11,-5.5779,37.5637,33807332,639346161.0,10511877600.0,1691100000.0
2016-02-18,'603299,井神股份,19.9,20.44,18.27,18.99,18.58,1.32,7.1044,57.1895,51470528,984164592.0,11132856000.0,1791000000.0
2016-02-17,'603299,井神股份,18.58,18.58,16.61,16.66,16.89,1.69,10.0059,49.2553,44329806,807182000.0,10394395200.0,1672200000.0
2016-02-16,'603299,井神股份,16.89,17.99,16.3,16.33,16.39,0.5,3.0506,28.6825,25814281,438022939.0,9448941600.0,1520100000.0
2016-02-15,'603299,井神股份,16.39,16.84,15.42,15.42,17.02,-0.63,-3.7015,23.8975,21507778,343336584.0,9169221600.0,1475100000.0
2016-02-05,'603299,井神股份,17.02,18.82,16.5,18.7,17.86,-0.84,-4.7032,43.0063,38705709,685473445.0,9521668800.0,1531800000.0
2016-02-04,'603299,井神股份,17.86,17.86,16.01,16.01,16.24,1.62,9.9754,25.6892,23120251,402095002.0,9991598400.0,1607400000.0
2016-02-03,'603299,井神股份,16.24,16.99,14.9,15.23,15.82,0.42,2.6549,43.0442,38739820,616943331.0,9085305600.0,1461600000.0
2016-02-02,'603299,井神股份,15.82,15.89,14.61,14.75,15.22,0.6,3.9422,35.2194,31697466,483816029.0,8850340800.0,1423800000.0
2016-02-01,'603299,井神股份,15.22,16.13,14.73,15.9,14.66,0.56,3.8199,47.4302,42687211,670494631.0,8514676800.0,1369800000.0
2016-01-29,'603299,井神股份,14.66,14.66,13.5,13.5,13.33,1.33,9.9775,12.7903,11511239,166882964.0,8201390400.0,1319400000.0
2016-01-28,'603299,井神股份,13.33,14.55,13.33,14.28,14.81,-1.48,-9.9932,23.5793,21221399,295461717.0,7457335200.0,1199700000.0
2016-01-27,'603299,井神股份,14.81,15.56,14.8,14.91,16.44,-1.63,-9.9148,37.2209,33498849,498430438.0,8285306400.0,1332900000.0
2016-01-26,'603299,井神股份,16.44,17.66,16.44,17.41,18.27,-1.83,-10.0164,25.1351,22621589,376319478.0,9197193600.0,1479600000.0
2016-01-25,'603299,井神股份,18.27,18.96,16.42,18.49,18.01,0.26,1.4436,53.0987,47788812,842917474.0,10220968800.0,1644300000.0
2016-01-22,'603299,井神股份,18.01,19.88,17.27,17.27,19.19,-1.18,-6.149,60.2428,54218506,976961375.0,10075514400.0,1620900000.0
2016-01-21,'603299,井神股份,19.19,20.19,19.1,20.19,18.35,0.84,4.5777,24.1558,21740261,432847211.0,10735653600.0,1727100000.0
2016-01-20,'603299,井神股份,18.35,18.35,18.35,18.35,16.68,1.67,10.012,0.3959,356300,6538105.0,10265724000.0,1651500000.0
2016-01-19,'603299,井神股份,16.68,16.68,16.68,16.68,15.16,1.52,10.0264,0.7053,634800,10588464.0,9331459200.0,1501200000.0
2016-01-18,'603299,井神股份,15.16,15.16,15.16,15.16,13.78,1.38,10.0145,1.8153,1633774,24768014.0,8481110400.0,1364400000.0
2016-01-15,'603299,井神股份,13.78,13.78,13.78,13.78,12.53,1.25,9.9761,0.7828,704532,9708451.0,7709083200.0,1240200000.0
2016-01-14,'603299,井神股份,12.53,12.53,12.53,12.53,11.39,1.14,10.0088,0.5659,509289,6381391.0,7009783200.0,1127700000.0
2016-01-13,'603299,井神股份,11.39,11.39,11.39,11.39,10.35,1.04,10.0483,0.1953,175799,2002351.0,6372021600.0,1025100000.0
2016-01-12,'603299,井神股份,10.35,10.35,10.35,10.35,9.41,0.94,9.9894,0.1579,142100,1470735.0,5790204000.0,931500000.0
2016-01-11,'603299,井神股份,9.41,9.41,9.41,9.41,8.55,0.86,10.0585,0.0869,78200,735862.0,5264330400.0,846900000.0
2016-01-08,'603299,井神股份,8.55,8.55,8.55,8.55,7.77,0.78,10.0386,0.0742,66800,571140.0,4783212000.0,769500000.0
2016-01-07,'603299,井神股份,7.77,7.77,7.77,7.77,7.06,0.71,10.0567,0.0328,29500,229215.0,4346848800.0,699300000.0
2016-01-06,'603299,井神股份,7.06,7.06,7.06,7.06,6.42,0.64,9.9688,0.0173,15600,110136.0,3949646400.0,635400000.0
2016-01-05,'603299,井神股份,6.42,6.42,6.42,6.42,5.84,0.58,9.9315,0.0504,45400,291468.0,3591604800.0,577800000.0
2016-01-04,'603299,井神股份,5.84,5.84,5.84,5.84,5.31,0.53,9.9812,0.0217,19500,113880.0,3267129600.0,525600000.0
2015-12-31,'603299,N井神,5.31,5.31,5.31,5.31,3.69,1.62,43.9024,0.0568,51100,271341.0,2970626400.0,477900000.0
