日期,股票代码,名称,收盘价,最高价,最低价,开盘价,前收盘,涨跌额,涨跌幅,换手率,成交量,成交金额,总市值,流通市值
2017-05-15,'603303,得邦照明,33.55,34.28,33.51,34.2,34.22,-0.67,-1.9579,4.3862,2631724,89186441.0,8052000000.0,2013000000.0
2017-05-12,'603303,得邦照明,34.22,34.8,33.12,33.7,33.61,0.61,1.8149,6.9234,4154047,140990323.0,8212800000.0,2053200000.0
2017-05-11,'603303,得邦照明,33.61,33.8,32.58,32.98,33.12,0.49,1.4795,5.5896,3353734,111363887.0,8066400000.0,2016600000.0
2017-05-10,'603303,得邦照明,33.12,34.87,33.1,34.6,34.64,-1.52,-4.388,6.1513,3690757,125719827.0,7948800000.0,1987200000.0
2017-05-09,'603303,得邦照明,34.64,34.96,34.01,34.02,34.15,0.49,1.4348,4.411,2646622,91391156.0,8313600000.0,2078400000.0
2017-05-08,'603303,得邦照明,34.15,35.45,34.1,35.21,35.63,-1.48,-4.1538,6.3237,3794222,132280410.0,8196000000.0,2049000000.0
2017-05-05,'603303,得邦照明,35.63,37.1,35.5,36.5,36.6,-0.97,-2.6503,5.8796,3527759,128794157.0,8551200000.0,2137800000.0
2017-05-04,'603303,得邦照明,36.6,37.33,36.51,37.33,37.45,-0.85,-2.2697,5.7976,3478543,128287709.0,8784000000.0,2196000000.0
2017-05-03,'603303,得邦照明,37.45,37.57,36.2,36.45,36.68,0.77,2.0992,8.3761,5025660,185377493.0,8988000000.0,2247000000.0
2017-05-02,'603303,得邦照明,36.68,37.8,36.51,37.6,37.76,-1.08,-2.8602,7.1083,4264968,157871261.0,8803200000.0,2200800000.0
2017-04-28,'603303,得邦照明,37.76,38.35,37.51,37.7,38.0,-0.24,-0.6316,7.8094,4685627,177290589.0,9062400000.0,2265600000.0
2017-04-27,'603303,得邦照明,38.0,38.2,35.53,36.09,36.26,1.74,4.7987,13.3828,8029702,298231330.0,9120000000.0,2280000000.0
2017-04-26,'603303,得邦照明,36.26,36.8,35.6,35.78,35.94,0.32,0.8904,6.0658,3639496,132239448.0,8702400000.0,2175600000.0
2017-04-25,'603303,得邦照明,35.94,36.9,35.9,36.1,35.85,0.09,0.251,6.1722,3703311,134509850.0,8625600000.0,2156400000.0
2017-04-24,'603303,得邦照明,35.85,37.0,35.5,36.8,37.32,-1.47,-3.9389,8.322,4993214,179959955.0,8604000000.0,2151000000.0
2017-04-21,'603303,得邦照明,37.32,38.35,37.0,38.3,38.3,-0.98,-2.5587,6.43,3858028,146307773.0,8956800000.0,2239200000.0
2017-04-20,'603303,得邦照明,38.3,39.27,37.57,38.88,39.24,-0.94,-2.3955,10.2094,6125610,234687767.0,9192000000.0,2298000000.0
2017-04-19,'603303,得邦照明,39.24,39.38,37.79,37.79,37.93,1.31,3.4537,11.9991,7199454,278172708.0,9417600000.0,2354400000.0
2017-04-18,'603303,得邦照明,37.93,38.88,37.53,38.11,37.76,0.17,0.4502,8.8254,5295213,202287385.0,9103200000.0,2275800000.0
2017-04-17,'603303,得邦照明,37.76,38.84,37.5,38.36,40.35,-2.59,-6.4188,12.0074,7204411,274575603.0,9062400000.0,2265600000.0
2017-04-14,'603303,得邦照明,40.35,41.47,40.03,41.06,41.96,-1.61,-3.837,10.9116,6546950,267390384.0,9684000000.0,2421000000.0
2017-04-13,'603303,得邦照明,41.96,42.7,40.52,41.11,41.8,0.16,0.3828,18.1974,10918417,453823691.0,10070400000.0,2517600000.0
2017-04-12,'603303,得邦照明,41.8,44.99,41.8,44.99,46.44,-4.64,-9.9914,28.6542,17192511,740218446.0,10032000000.0,2508000000.0
2017-04-11,'603303,得邦照明,46.44,47.53,44.03,47.53,43.21,3.23,7.4751,39.9151,23949057,1102747585.0,11145600000.0,2786400000.0
2017-04-10,'603303,得邦照明,43.21,43.21,43.21,43.21,39.28,3.93,10.0051,0.0722,43318,1871771.0,10370400000.0,2592600000.0
2017-04-07,'603303,得邦照明,39.28,39.28,39.28,39.28,35.71,3.57,9.9972,0.043,25800,1013424.0,9427200000.0,2356800000.0
2017-04-06,'603303,得邦照明,35.71,35.71,35.71,35.71,32.46,3.25,10.0123,0.0174,10452,373241.0,8570400000.0,2142600000.0
2017-04-05,'603303,得邦照明,32.46,32.46,32.46,32.46,29.51,2.95,9.9966,0.0033,2000,64920.0,7790400000.0,1947600000.0
2017-03-31,'603303,得邦照明,29.51,29.51,29.51,29.51,26.83,2.68,9.9888,0.0155,9300,274443.0,7082400000.0,1770600000.0
2017-03-30,'603303,N得邦,26.83,26.83,26.83,26.83,18.63,8.2,44.015,0.0497,29826,800232.0,6439200000.0,1609800000.0
