日期,股票代码,名称,收盘价,最高价,最低价,开盘价,前收盘,涨跌额,涨跌幅,换手率,成交量,成交金额,总市值,流通市值
2017-05-15,'603318,派思股份,12.22,12.35,12.15,12.3,12.28,-0.06,-0.4886,2.187,2322601,28468968.0,4468854000.0,1297764000.0
2017-05-12,'603318,派思股份,12.28,12.37,11.92,12.13,12.13,0.15,1.2366,1.6295,1730492,21073783.0,4490796000.0,1304136000.0
2017-05-11,'603318,派思股份,12.13,12.26,11.5,12.12,12.15,-0.02,-0.1646,2.0031,2127264,25572918.0,4435941000.0,1288206000.0
2017-05-10,'603318,派思股份,12.15,12.78,11.76,11.82,11.82,0.33,2.7919,4.3491,4618712,57047796.0,4443255000.0,1290330000.0
2017-05-09,'603318,派思股份,11.82,11.86,11.46,11.68,11.65,0.17,1.4592,1.1407,1211377,14166454.0,4322574000.0,1255284000.0
2017-05-08,'603318,派思股份,11.65,11.75,11.52,11.64,11.7,-0.05,-0.4274,1.1347,1205059,13977969.0,4260405000.0,1237230000.0
2017-05-05,'603318,派思股份,11.7,11.9,11.7,11.74,11.81,-0.11,-0.9314,1.094,1161843,13705360.0,4278690000.0,1242540000.0
2017-05-04,'603318,派思股份,11.81,11.96,11.73,11.91,11.91,-0.1,-0.8396,1.1544,1225957,14514025.0,4318917000.0,1254222000.0
2017-05-03,'603318,派思股份,11.91,11.97,11.54,11.59,11.58,0.33,2.8497,2.3249,2469092,29341942.0,4355487000.0,1264842000.0
2017-05-02,'603318,派思股份,11.58,11.7,11.4,11.44,11.44,0.14,1.2238,1.4694,1560488,18046676.0,4234806000.0,1229796000.0
2017-04-28,'603318,派思股份,11.44,11.48,11.22,11.36,11.42,0.02,0.1751,1.4877,1579917,18020058.0,4183608000.0,1214928000.0
2017-04-27,'603318,派思股份,11.42,11.46,10.92,11.31,11.33,0.09,0.7944,2.2083,2345182,26213829.0,4176294000.0,1212804000.0
2017-04-26,'603318,派思股份,11.33,11.43,11.27,11.39,11.39,-0.06,-0.5268,1.2021,1276627,14481441.0,4143381000.0,1203246000.0
2017-04-25,'603318,派思股份,11.39,11.49,11.21,11.32,11.32,0.07,0.6184,1.2557,1333542,15192993.0,4165323000.0,1209618000.0
2017-04-24,'603318,派思股份,11.32,12.07,11.28,12.07,12.08,-0.76,-6.2914,2.1254,2257201,25934706.0,4139724000.0,1202184000.0
2017-04-21,'603318,派思股份,12.08,12.22,12.0,12.05,12.03,0.05,0.4156,1.5459,1641700,19793088.0,4417656000.0,1282896000.0
2017-04-20,'603318,派思股份,12.03,12.45,11.93,12.4,12.44,-0.41,-3.2958,3.1041,3296525,39911188.0,4399371000.0,1277586000.0
2017-04-19,'603318,派思股份,12.44,13.0,12.21,13.0,13.4,-0.96,-7.1642,5.0658,5379875,67137620.0,4549308000.0,1321128000.0
2017-04-18,'603318,派思股份,13.4,14.0,13.1,13.59,13.26,0.14,1.0558,10.0892,10714692,144935415.0,4900380000.0,1423080000.0
2017-04-17,'603318,派思股份,13.26,13.37,12.95,13.18,13.23,0.03,0.2268,1.9079,2026224,26494833.0,4849182000.0,1408212000.0
2017-04-14,'603318,派思股份,13.23,13.55,13.16,13.5,13.46,-0.23,-1.7088,2.0983,2228381,29541922.0,4838211000.0,1405026000.0
2017-04-13,'603318,派思股份,13.46,13.61,13.28,13.46,13.38,0.08,0.5979,1.6994,1804716,24328055.0,4922322000.0,1429452000.0
2017-04-12,'603318,派思股份,13.38,13.64,13.13,13.28,13.19,0.19,1.4405,2.5836,2743761,36879654.0,4893066000.0,1420956000.0
2017-04-11,'603318,派思股份,13.19,13.35,13.03,13.18,13.2,-0.01,-0.0758,2.0489,2175919,28673400.0,4823583000.0,1400778000.0
2017-04-10,'603318,派思股份,13.2,13.58,13.17,13.5,13.5,-0.3,-2.2222,2.0139,2138742,28399450.0,4827240000.0,1401840000.0
2017-04-07,'603318,派思股份,13.5,13.86,13.45,13.65,13.77,-0.27,-1.9608,3.0733,3263842,44449759.0,4936950000.0,1433700000.0
2017-04-06,'603318,派思股份,13.77,13.98,13.28,13.28,13.34,0.43,3.2234,4.7781,5074317,69417822.0,5035689000.0,1462374000.0
2017-04-05,'603318,派思股份,13.34,13.38,13.0,13.0,13.05,0.29,2.2222,1.8685,1984300,26295798.0,4878438000.0,1416708000.0
2017-03-31,'603318,派思股份,13.05,13.17,12.79,12.79,12.91,0.14,1.0844,1.5425,1638170,21406739.0,4772385000.0,1385910000.0
2017-03-30,'603318,派思股份,12.91,13.44,12.82,13.3,13.35,-0.44,-3.2959,2.4485,2600358,33932247.0,4721187000.0,1371042000.0
2017-03-29,'603318,派思股份,13.35,13.6,13.32,13.55,13.51,-0.16,-1.1843,1.6042,1703620,22922922.0,4882095000.0,1417770000.0
2017-03-28,'603318,派思股份,13.51,13.69,13.42,13.69,13.66,-0.15,-1.0981,1.8409,1954995,26497390.0,4940607000.0,1434762000.0
2017-03-27,'603318,派思股份,13.66,13.8,13.58,13.72,13.72,-0.06,-0.4373,1.5379,1633231,22300758.0,4995462000.0,1450692000.0
2017-03-24,'603318,派思股份,13.72,13.79,13.58,13.58,13.63,0.09,0.6603,1.7942,1905397,26127955.0,5017404000.0,1457064000.0
2017-03-23,'603318,派思股份,13.63,13.87,13.56,13.74,13.74,-0.11,-0.8006,1.8711,1987062,27256466.0,4984491000.0,1447506000.0
2017-03-22,'603318,派思股份,13.74,13.93,13.68,13.86,13.93,-0.19,-1.364,1.8917,2008942,27640206.0,5024718000.0,1459188000.0
2017-03-21,'603318,派思股份,13.93,14.05,13.89,13.89,13.95,-0.02,-0.1434,1.8073,1919330,26814478.0,5094201000.0,1479366000.0
2017-03-20,'603318,派思股份,13.95,14.0,13.75,13.84,13.84,0.11,0.7948,1.6104,1710200,23789024.0,5101515000.0,1481490000.0
2017-03-17,'603318,派思股份,13.84,14.06,13.81,13.94,13.91,-0.07,-0.5032,1.9213,2040409,28469985.0,5061288000.0,1469808000.0
2017-03-16,'603318,派思股份,13.91,14.01,13.79,13.79,13.83,0.08,0.5785,2.5924,2753175,38391667.0,5086887000.0,1477242000.0
2017-03-15,'603318,派思股份,13.83,13.91,13.63,13.81,13.88,-0.05,-0.3602,2.7768,2948930,40626002.0,5057631000.0,1468746000.0
2017-03-14,'603318,派思股份,13.88,14.05,13.8,13.83,13.83,0.05,0.3615,1.9218,2041001,28477417.0,5075916000.0,1474056000.0
2017-03-13,'603318,派思股份,13.83,13.94,13.7,13.88,13.98,-0.15,-1.073,2.2381,2376901,32792833.0,5057631000.0,1468746000.0
2017-03-10,'603318,派思股份,13.98,14.19,13.74,13.74,13.72,0.26,1.895,2.4041,2553103,35859258.0,5112486000.0,1484676000.0
2017-03-09,'603318,派思股份,13.72,13.98,13.71,13.98,14.01,-0.29,-2.07,2.1363,2268800,31267529.0,5017404000.0,1457064000.0
2017-03-08,'603318,派思股份,14.01,14.23,13.99,14.22,14.17,-0.16,-1.1291,2.0055,2129800,30000766.0,5123457000.0,1487862000.0
2017-03-07,'603318,派思股份,14.17,14.23,14.08,14.18,14.16,0.01,0.0706,1.8034,1915203,27098840.0,5181969000.0,1504854000.0
2017-03-06,'603318,派思股份,14.16,14.23,14.08,14.12,14.12,0.04,0.2833,1.328,1410368,19967944.0,5178312000.0,1503792000.0
2017-03-03,'603318,派思股份,14.12,14.14,14.0,14.03,14.04,0.08,0.5698,1.4259,1514335,21272683.0,5163684000.0,1499544000.0
2017-03-02,'603318,派思股份,14.04,14.19,14.01,14.14,14.13,-0.09,-0.6369,2.2346,2373181,33388256.0,5134428000.0,1491048000.0
2017-03-01,'603318,派思股份,14.13,14.14,13.84,13.88,13.89,0.24,1.7279,2.7823,2954762,41388204.0,5167341000.0,1500606000.0
2017-02-28,'603318,派思股份,13.89,14.17,13.8,14.0,14.04,-0.15,-1.0684,3.5071,3724573,51817841.0,5079573000.0,1475118000.0
2017-02-27,'603318,派思股份,14.04,14.4,14.02,14.4,14.51,-0.47,-3.2391,8.0188,8515971,120794871.0,5134428000.0,1491048000.0
2017-02-24,'603318,派思股份,14.51,14.57,14.18,14.39,14.29,0.22,1.5395,6.9541,7385244,106566614.0,5306307000.0,1540962000.0
2017-02-23,'603318,派思股份,14.29,14.4,14.15,14.3,14.39,-0.1,-0.6949,2.781,2953468,42049281.0,5225853000.0,1517598000.0
2017-02-22,'603318,派思股份,14.39,14.57,14.31,14.44,14.45,-0.06,-0.4152,2.6677,2833106,40785576.0,5262423000.0,1528218000.0
2017-02-21,'603318,派思股份,14.45,14.68,14.37,14.44,14.47,-0.02,-0.1382,2.5845,2744709,39746446.0,5284365000.0,1534590000.0
2017-02-20,'603318,派思股份,14.47,14.49,14.02,14.48,14.48,-0.01,-0.0691,3.0806,3271553,46548899.0,5291679000.0,1536714000.0
2017-02-17,'603318,派思股份,14.48,14.73,14.4,14.62,14.62,-0.14,-0.9576,4.1169,4372153,63269935.0,5295336000.0,1537776000.0
2017-02-16,'603318,派思股份,14.62,14.7,14.32,14.47,14.61,0.01,0.0684,4.2668,4531362,65943806.0,5346534000.0,1552644000.0
2017-02-15,'603318,派思股份,14.61,14.77,14.31,14.48,14.59,0.02,0.1371,6.8247,7247837,105663907.0,5342877000.0,1551582000.0
2017-02-14,'603318,派思股份,14.59,14.61,14.09,14.23,14.21,0.38,2.6742,3.8787,4119226,59077047.0,5335563000.0,1549458000.0
2017-02-13,'603318,派思股份,14.21,14.28,13.9,13.93,13.99,0.22,1.5726,3.0398,3228261,45706270.0,5196597000.0,1509102000.0
2017-02-10,'603318,派思股份,13.99,14.29,13.68,13.76,13.75,0.24,1.7455,3.8398,4077816,56908347.0,5116143000.0,1485738000.0
2017-02-09,'603318,派思股份,13.75,13.86,13.66,13.78,13.76,-0.01,-0.0727,1.6391,1740701,23946915.0,5028375000.0,1460250000.0
2017-02-08,'603318,派思股份,13.76,13.9,13.51,13.58,13.65,0.11,0.8059,1.6312,1732328,23732708.0,5032032000.0,1461312000.0
2017-02-07,'603318,派思股份,13.65,13.68,13.36,13.36,13.44,0.21,1.5625,1.8965,2014114,27346215.0,4991805000.0,1449630000.0
2017-02-06,'603318,派思股份,13.44,13.44,13.26,13.3,13.33,0.11,0.8252,1.202,1276514,17092635.0,4915008000.0,1427328000.0
2017-02-03,'603318,派思股份,13.33,13.44,13.22,13.22,13.33,0.0,0.0,0.8021,851850,11353502.0,4874781000.0,1415646000.0
2017-01-26,'603318,派思股份,13.33,13.48,13.22,13.39,13.31,0.02,0.1503,1.0025,1064657,14202022.0,4874781000.0,1415646000.0
2017-01-25,'603318,派思股份,13.31,13.58,12.91,12.98,13.03,0.28,2.1489,2.3059,2448906,32600945.0,4867467000.0,1413522000.0
2017-01-24,'603318,派思股份,13.03,13.13,12.86,13.05,13.0,0.03,0.2308,2.3537,2499585,32574660.0,4765071000.0,1383786000.0
2017-01-23,'603318,派思股份,13.0,13.06,12.72,12.72,12.72,0.28,2.2013,1.8203,1933200,25048776.0,4754100000.0,1380600000.0
2017-01-20,'603318,派思股份,12.72,12.84,12.4,12.41,12.41,0.31,2.498,2.2249,2362814,30058220.0,4651704000.0,1350864000.0
2017-01-19,'603318,派思股份,12.41,12.68,12.3,12.58,12.62,-0.21,-1.664,1.646,1748080,21810013.0,4538337000.0,1317942000.0
2017-01-18,'603318,派思股份,12.62,12.86,12.6,12.79,12.79,-0.17,-1.3292,1.4839,1575916,20013989.0,4615134000.0,1340244000.0
2017-01-17,'603318,派思股份,12.79,12.96,12.15,12.79,12.79,0.0,0.0,2.6442,2808091,35303684.0,4677303000.0,1358298000.0
2017-01-16,'603318,派思股份,12.79,13.67,12.31,13.6,13.66,-0.87,-6.369,3.1116,3304510,43233448.0,4677303000.0,1358298000.0
2017-01-13,'603318,派思股份,13.66,13.92,13.6,13.86,13.87,-0.21,-1.5141,2.5545,2712912,37104757.0,4995462000.0,1450692000.0
2017-01-12,'603318,派思股份,13.87,14.3,13.8,14.3,14.27,-0.4,-2.8031,2.7883,2961194,41475446.0,5072259000.0,1472994000.0
2017-01-11,'603318,派思股份,14.27,14.68,14.23,14.59,14.47,-0.2,-1.3822,2.7728,2944722,42396099.0,5218539000.0,1515474000.0
2017-01-10,'603318,派思股份,14.47,14.53,14.25,14.31,14.31,0.16,1.1181,2.4858,2639959,38131823.0,5291679000.0,1536714000.0
2017-01-09,'603318,派思股份,14.31,14.39,14.22,14.3,14.3,0.01,0.0699,2.2232,2361077,33730422.0,5233167000.0,1519722000.0
2017-01-06,'603318,派思股份,14.3,14.44,14.15,14.33,14.33,-0.03,-0.2094,2.705,2872740,41115568.0,5229510000.0,1518660000.0
2017-01-05,'603318,派思股份,14.33,14.47,14.25,14.3,14.3,0.03,0.2098,3.9985,4246413,60825817.0,5240481000.0,1521846000.0
2017-01-04,'603318,派思股份,14.3,14.36,14.04,14.1,14.01,0.29,2.07,3.178,3375047,48007772.0,5229510000.0,1518660000.0
2017-01-03,'603318,派思股份,14.01,14.03,13.78,13.8,13.81,0.2,1.4482,2.2282,2366377,33008436.0,5123457000.0,1487862000.0
2016-12-30,'603318,派思股份,13.81,14.1,13.6,14.1,14.05,-0.24,-1.7082,3.076,3266670,45117284.0,5050317000.0,1466622000.0
2016-12-29,'603318,派思股份,14.05,14.14,14.01,14.12,14.06,-0.01,-0.0711,1.5548,1651190,23229129.0,5138085000.0,1492110000.0
2016-12-28,'603318,派思股份,14.06,14.13,14.01,14.12,14.11,-0.05,-0.3544,1.5605,1657262,23320746.0,5141742000.0,1493172000.0
2016-12-27,'603318,派思股份,14.11,14.18,14.01,14.1,14.1,0.01,0.0709,2.1805,2315700,32657091.0,5160027000.0,1498482000.0
2016-12-26,'603318,派思股份,14.1,14.15,13.69,14.06,14.09,0.01,0.071,2.153,2286463,31852402.0,5156370000.0,1497420000.0
2016-12-23,'603318,派思股份,14.09,14.6,14.0,14.5,14.5,-0.41,-2.8276,3.6011,3824367,54190121.0,5152713000.0,1496358000.0
2016-12-22,'603318,派思股份,14.5,14.65,14.34,14.5,14.58,-0.08,-0.5487,3.056,3245419,47077103.0,5302650000.0,1539900000.0
2016-12-21,'603318,派思股份,14.58,14.66,14.16,14.2,14.13,0.45,3.1847,5.0182,5329377,76958435.0,5331906000.0,1548396000.0
2016-12-20,'603318,派思股份,14.13,14.24,14.06,14.18,14.18,-0.05,-0.3526,2.1753,2310200,32664801.0,5167341000.0,1500606000.0
2016-12-19,'603318,派思股份,14.18,14.29,13.95,14.09,14.09,0.09,0.6388,2.9273,3108800,43957936.0,5185626000.0,1505916000.0
2016-12-16,'603318,派思股份,14.09,14.15,13.91,14.08,13.99,0.1,0.7148,2.8285,3003910,42149936.0,5152713000.0,1496358000.0
2016-12-15,'603318,派思股份,13.99,14.18,13.73,13.83,13.83,0.16,1.1569,4.0113,4260047,59386021.0,5116143000.0,1485738000.0
2016-12-14,'603318,派思股份,13.83,13.96,13.71,13.95,13.81,0.02,0.1448,4.6958,4986894,69156388.0,5057631000.0,1468746000.0
2016-12-13,'603318,派思股份,13.81,13.99,13.45,13.86,13.9,-0.09,-0.6475,5.3818,5715436,78341370.0,5050317000.0,1466622000.0
2016-12-12,'603318,派思股份,13.9,14.79,13.58,14.7,14.71,-0.81,-5.5065,5.8597,6222958,87581650.0,5083230000.0,1476180000.0
2016-12-09,'603318,派思股份,14.71,14.94,14.63,14.79,14.79,-0.08,-0.5409,2.8767,3055085,45249766.0,5379447000.0,1562202000.0
2016-12-08,'603318,派思股份,14.79,15.11,14.76,15.11,15.09,-0.3,-1.9881,2.9751,3159573,47081870.0,5408703000.0,1570698000.0
2016-12-07,'603318,派思股份,15.09,15.14,14.75,15.07,15.06,0.03,0.1992,3.3968,3607350,53873607.0,5518413000.0,1602558000.0
2016-12-06,'603318,派思股份,15.06,15.22,14.92,15.09,14.99,0.07,0.467,3.2007,3399170,51119523.0,5507442000.0,1599372000.0
2016-12-05,'603318,派思股份,14.99,16.05,14.8,16.05,16.2,-1.21,-7.4691,7.3873,7845335,120478667.0,5481843000.0,1591938000.0
2016-12-02,'603318,派思股份,16.2,16.93,16.17,16.7,16.71,-0.51,-3.0521,5.9814,6352243,105771570.0,5924340000.0,1720440000.0
2016-12-01,'603318,派思股份,16.71,16.8,16.42,16.44,16.44,0.27,1.6423,5.2612,5587376,93062128.0,6110847000.0,1774602000.0
2016-11-30,'603318,派思股份,16.44,16.56,16.13,16.37,16.37,0.07,0.4276,3.7896,4024595,65940349.0,6012108000.0,1745928000.0
2016-11-29,'603318,派思股份,16.37,16.94,16.26,16.85,16.89,-0.52,-3.0787,6.086,6463313,107314985.0,5986509000.0,1738494000.0
2016-11-28,'603318,派思股份,16.89,16.96,16.36,16.57,16.45,0.44,2.6748,6.5296,6934478,115924071.0,6176673000.0,1793718000.0
2016-11-25,'603318,派思股份,16.45,16.68,16.02,16.5,16.49,-0.04,-0.2426,4.8112,5109454,83352225.0,6015765000.0,1746990000.0
2016-11-24,'603318,派思股份,16.49,16.84,16.43,16.71,16.71,-0.22,-1.3166,6.194,6578078,109265759.0,6030393000.0,1751238000.0
2016-11-23,'603318,派思股份,16.71,17.37,16.69,17.19,17.19,-0.48,-2.7923,9.1729,9741583,165396254.0,6110847000.0,1774602000.0
2016-11-22,'603318,派思股份,17.19,17.57,17.0,17.23,17.34,-0.15,-0.8651,8.6821,9220417,158635444.0,6286383000.0,1825578000.0
2016-11-21,'603318,派思股份,17.34,17.65,16.85,17.11,17.28,0.06,0.3472,15.888,16873046,290780819.0,6341238000.0,1841508000.0
2016-11-18,'603318,派思股份,17.28,17.63,15.92,16.11,16.03,1.25,7.7979,18.8095,19975699,341525939.0,6319296000.0,1835136000.0
2016-11-17,'603318,派思股份,16.03,16.52,15.89,16.52,16.52,-0.49,-2.9661,8.5808,9112791,146625153.0,5862171000.0,1702386000.0
2016-11-16,'603318,派思股份,16.52,16.83,16.47,16.72,16.85,-0.33,-1.9585,6.9326,7362456,122162934.0,6041364000.0,1754424000.0
2016-11-15,'603318,派思股份,16.85,17.16,16.22,16.55,16.58,0.27,1.6285,10.9004,11576273,193905227.0,6162045000.0,1789470000.0
2016-11-14,'603318,派思股份,16.58,17.27,16.55,17.01,17.24,-0.66,-3.8283,13.2666,14089132,236015687.0,6063306000.0,1760796000.0
2016-11-11,'603318,派思股份,17.24,17.63,16.9,17.02,17.37,-0.13,-0.7484,20.7069,21990692,379911328.0,6304668000.0,1830888000.0
2016-11-10,'603318,派思股份,17.37,17.77,16.25,16.46,16.4,0.97,5.9146,28.3734,30132551,512200518.0,6352209000.0,1844694000.0
2016-11-09,'603318,派思股份,16.4,16.7,16.0,16.7,16.79,-0.39,-2.3228,17.8965,19006038,310701129.0,5997480000.0,1741680000.0
2016-11-08,'603318,派思股份,16.79,17.18,16.14,16.99,16.43,0.36,2.1911,35.7368,37952471,634055722.0,6140103000.0,1783098000.0
2016-11-07,'603318,派思股份,16.43,16.43,14.99,14.99,14.94,1.49,9.9732,13.7658,14619315,234564227.0,6008451000.0,1744866000.0
2016-11-04,'603318,派思股份,14.94,14.96,14.7,14.7,14.81,0.13,0.8778,5.8383,6200255,92109720.0,5463558000.0,1586628000.0
2016-11-03,'603318,派思股份,14.81,14.98,14.46,14.57,14.56,0.25,1.717,7.1722,7616836,112628687.0,5416017000.0,1572822000.0
2016-11-02,'603318,派思股份,14.56,14.73,14.5,14.68,14.68,-0.12,-0.8174,2.8338,3009453,43908549.0,5324592000.0,1546272000.0
2016-11-01,'603318,派思股份,14.68,14.71,14.48,14.53,14.55,0.13,0.8935,3.2757,3478751,50803311.0,5368476000.0,1559016000.0
2016-10-31,'603318,派思股份,14.55,14.6,14.3,14.51,14.49,0.06,0.4141,2.4193,2569302,37237058.0,5320935000.0,1545210000.0
2016-10-28,'603318,派思股份,14.49,14.74,14.47,14.7,14.68,-0.19,-1.2943,2.7688,2940496,42892250.0,5298993000.0,1538838000.0
2016-10-27,'603318,派思股份,14.68,14.76,14.57,14.65,14.65,0.03,0.2048,2.652,2816417,41283910.0,5368476000.0,1559016000.0
2016-10-26,'603318,派思股份,14.65,14.84,14.57,14.84,14.77,-0.12,-0.8125,2.9164,3097269,45433644.0,5357505000.0,1555830000.0
2016-10-25,'603318,派思股份,14.77,14.79,14.55,14.75,14.71,0.06,0.4079,4.3341,4602840,67604066.0,5401389000.0,1568574000.0
2016-10-24,'603318,派思股份,14.71,14.8,14.52,14.65,14.65,0.06,0.4096,3.3324,3538991,51974104.0,5379447000.0,1562202000.0
2016-10-21,'603318,派思股份,14.65,15.07,14.46,14.92,14.79,-0.14,-0.9466,5.9136,6280230,92763942.0,5357505000.0,1555830000.0
2016-10-20,'603318,派思股份,14.79,14.8,14.39,14.49,14.48,0.31,2.1409,6.3165,6708078,98445733.0,5408703000.0,1570698000.0
2016-10-19,'603318,派思股份,14.48,14.59,14.38,14.59,14.48,0.0,0.0,2.988,3173300,45950693.0,5295336000.0,1537776000.0
2016-10-18,'603318,派思股份,14.48,14.49,14.25,14.31,14.3,0.18,1.2587,2.9201,3101096,44654806.0,5295336000.0,1537776000.0
2016-10-17,'603318,派思股份,14.3,14.78,14.26,14.78,14.7,-0.4,-2.7211,5.7743,6132267,88325851.0,5229510000.0,1518660000.0
2016-10-14,'603318,派思股份,14.7,15.1,14.3,14.4,14.44,0.26,1.8006,7.7114,8189500,120756427.0,5375790000.0,1561140000.0
2016-10-13,'603318,派思股份,14.44,14.5,14.3,14.4,14.42,0.02,0.1387,2.8689,3046791,43913224.0,5280708000.0,1533528000.0
2016-10-12,'603318,派思股份,14.42,14.59,14.25,14.34,14.45,-0.03,-0.2076,4.1888,4448518,64314399.0,5273394000.0,1531404000.0
2016-10-11,'603318,派思股份,14.45,14.5,14.11,14.15,14.15,0.3,2.1201,5.1913,5513126,78822259.0,5284365000.0,1534590000.0
2016-10-10,'603318,派思股份,14.15,14.16,13.89,13.92,13.84,0.31,2.2399,3.3465,3554020,49745774.0,5174655000.0,1502730000.0
2016-09-30,'603318,派思股份,13.84,13.92,13.81,13.89,13.82,0.02,0.1447,1.1242,1193900,16538051.0,5061288000.0,1469808000.0
2016-09-29,'603318,派思股份,13.82,13.9,13.8,13.85,13.82,0.0,0.0,1.66,1762900,24401225.0,5053974000.0,1467684000.0
2016-09-28,'603318,派思股份,13.82,13.97,13.78,13.86,13.87,-0.05,-0.3605,1.5332,1628300,22581726.0,5053974000.0,1467684000.0
2016-09-27,'603318,派思股份,13.87,13.88,13.52,13.52,13.7,0.17,1.2409,2.0077,2132200,29359629.0,5072259000.0,1472994000.0
2016-09-26,'603318,派思股份,13.7,14.23,13.68,14.11,14.27,-0.57,-3.9944,4.5216,4801964,66541316.0,5010090000.0,1454940000.0
2016-09-23,'603318,派思股份,14.27,14.69,14.2,14.6,14.7,-0.43,-2.9252,3.9421,4186541,60579248.0,5218539000.0,1515474000.0
2016-09-22,'603318,派思股份,14.7,14.75,14.25,14.38,14.37,0.33,2.2965,6.526,6930572,101222457.0,5375790000.0,1561140000.0
2016-09-21,'603318,派思股份,14.37,14.55,13.86,13.91,13.93,0.44,3.1587,5.6853,6037805,86090389.0,5255109000.0,1526094000.0
2016-09-20,'603318,派思股份,13.93,14.04,13.86,14.04,13.9,0.03,0.2158,1.4229,1511100,21038110.0,5094201000.0,1479366000.0
2016-09-19,'603318,派思股份,13.9,14.07,13.7,13.72,13.68,0.22,1.6082,2.2254,2363426,32941957.0,5083230000.0,1476180000.0
2016-09-14,'603318,派思股份,13.68,13.88,13.5,13.8,13.8,-0.12,-0.8696,1.9125,2031095,27855919.0,5002776000.0,1452816000.0
2016-09-13,'603318,派思股份,13.8,13.86,13.72,13.75,13.71,0.09,0.6565,1.969,2091059,28824930.0,5046660000.0,1465560000.0
2016-09-12,'603318,派思股份,13.71,14.1,13.66,14.1,14.39,-0.68,-4.7255,4.3314,4599900,63801066.0,5013747000.0,1456002000.0
2016-09-09,'603318,派思股份,14.39,14.7,14.36,14.62,14.61,-0.22,-1.5058,3.2283,3428503,49786001.0,5262423000.0,1528218000.0
2016-09-08,'603318,派思股份,14.61,14.64,14.45,14.53,14.49,0.12,0.8282,2.776,2948165,42834427.0,5342877000.0,1551582000.0
2016-09-07,'603318,派思股份,14.49,14.68,14.45,14.49,14.48,0.01,0.0691,3.425,3637402,52935611.0,5298993000.0,1538838000.0
2016-09-06,'603318,派思股份,14.48,14.5,14.14,14.29,14.29,0.19,1.3296,3.5419,3761458,53889302.0,5295336000.0,1537776000.0
2016-09-05,'603318,派思股份,14.29,14.45,14.24,14.42,14.29,0.0,0.0,2.2311,2369400,33966432.0,5225853000.0,1517598000.0
2016-09-02,'603318,派思股份,14.29,14.58,14.21,14.51,14.51,-0.22,-1.5162,3.2567,3458626,49744773.0,5225853000.0,1517598000.0
2016-09-01,'603318,派思股份,14.51,14.75,14.5,14.62,14.62,-0.11,-0.7524,2.7108,2878843,42044115.0,5306307000.0,1540962000.0
2016-08-31,'603318,派思股份,14.62,14.87,14.51,14.83,14.77,-0.15,-1.0156,3.4559,3670145,53616338.0,5346534000.0,1552644000.0
2016-08-30,'603318,派思股份,14.77,15.0,14.72,14.89,14.91,-0.14,-0.939,3.0974,3289399,48683458.0,5401389000.0,1568574000.0
2016-08-29,'603318,派思股份,14.91,15.25,14.8,14.85,14.79,0.12,0.8114,5.3385,5669455,84996767.0,5452587000.0,1583442000.0
2016-08-26,'603318,派思股份,14.79,14.85,14.6,14.74,14.69,0.1,0.6807,4.257,4520946,66694910.0,5408703000.0,1570698000.0
2016-08-25,'603318,派思股份,14.69,14.8,14.5,14.66,14.98,-0.29,-1.9359,6.6113,7021215,102664280.0,5372133000.0,1560078000.0
2016-08-24,'603318,派思股份,14.98,15.7,14.33,14.33,14.41,0.57,3.9556,12.3694,13136330,198281643.0,5478186000.0,1590876000.0
2016-08-23,'603318,派思股份,14.41,14.51,14.33,14.47,14.53,-0.12,-0.8259,2.9562,3139474,45252335.0,5269737000.0,1530342000.0
2016-08-22,'603318,派思股份,14.53,14.7,14.32,14.52,14.47,0.06,0.4147,4.821,5119900,74395480.0,5313621000.0,1543086000.0
2016-08-19,'603318,派思股份,14.47,14.71,14.4,14.64,14.59,-0.12,-0.8225,3.3897,3599862,52118102.0,5291679000.0,1536714000.0
2016-08-18,'603318,派思股份,14.59,14.91,14.52,14.74,14.78,-0.19,-1.2855,5.1898,5511590,80889673.0,5335563000.0,1549458000.0
2016-08-17,'603318,派思股份,14.78,14.89,14.54,14.76,14.72,0.06,0.4076,4.8419,5142094,75853105.0,5405046000.0,1569636000.0
2016-08-16,'603318,派思股份,14.72,14.88,14.54,14.71,14.67,0.05,0.3408,5.2588,5584824,82207785.0,5383104000.0,1563264000.0
2016-08-15,'603318,派思股份,14.67,14.77,14.22,14.4,14.44,0.23,1.5928,6.4191,6817128,99170448.0,5364819000.0,1557954000.0
2016-08-12,'603318,派思股份,14.44,14.63,14.2,14.45,14.42,0.02,0.1387,3.4474,3661175,52745488.0,5280708000.0,1533528000.0
2016-08-11,'603318,派思股份,14.42,14.88,14.41,14.81,15.01,-0.59,-3.9307,5.3691,5701949,83281440.0,5273394000.0,1531404000.0
2016-08-10,'603318,派思股份,15.01,15.38,14.27,14.34,14.32,0.69,4.8184,9.0152,9574117,143365472.0,5489157000.0,1594062000.0
2016-08-09,'603318,派思股份,14.32,14.34,14.02,14.09,14.12,0.2,1.4164,3.7194,3950045,56257784.0,5236824000.0,1520784000.0
2016-08-08,'603318,派思股份,14.12,14.2,13.68,14.2,14.27,-0.15,-1.0512,4.9729,5281182,73533606.0,5163684000.0,1499544000.0
2016-08-05,'603318,派思股份,14.27,14.5,14.25,14.49,14.45,-0.18,-1.2457,3.3639,3572500,51210520.0,5218539000.0,1515474000.0
2016-08-04,'603318,派思股份,14.45,14.54,14.24,14.32,14.29,0.16,1.1197,3.6829,3911195,56372801.0,5284365000.0,1534590000.0
2016-08-03,'603318,派思股份,14.29,14.47,14.21,14.47,14.44,-0.15,-1.0388,3.7008,3930259,56227541.0,5225853000.0,1517598000.0
2016-08-02,'603318,派思股份,14.44,14.53,14.3,14.3,14.28,0.16,1.1204,3.2904,3494447,50351325.0,5280708000.0,1533528000.0
2016-08-01,'603318,派思股份,14.28,14.97,14.21,14.82,15.07,-0.79,-5.2422,5.4753,5814742,83755624.0,5222196000.0,1516536000.0
2016-07-29,'603318,派思股份,15.07,15.69,15.03,15.61,15.71,-0.64,-4.0738,6.57,6977303,106506856.0,5511099000.0,1600434000.0
2016-07-28,'603318,派思股份,15.71,16.48,15.5,16.0,17.01,-1.3,-7.6426,8.8347,9382480,148639183.0,5745147000.0,1668402000.0
2016-07-27,'603318,派思股份,0.0,0.0,0.0,0.0,17.01,None,None,0.0,0,0.0,6220557000.0,1806462000.0
2016-07-26,'603318,派思股份,17.01,18.0,16.9,17.25,16.55,0.46,2.7795,15.7681,16745753,289803063.0,6220557000.0,1806462000.0
2016-07-25,'603318,派思股份,0.0,0.0,0.0,0.0,16.55,None,None,0.0,0,0.0,6052335000.0,1757610000.0
2016-07-22,'603318,派思股份,0.0,0.0,0.0,0.0,16.55,None,None,0.0,0,0.0,6052335000.0,1757610000.0
2016-07-21,'603318,派思股份,0.0,0.0,0.0,0.0,16.55,None,None,0.0,0,0.0,6052335000.0,1757610000.0
2016-07-20,'603318,派思股份,0.0,0.0,0.0,0.0,16.55,None,None,0.0,0,0.0,6052335000.0,1757610000.0
2016-07-19,'603318,派思股份,0.0,0.0,0.0,0.0,16.55,None,None,0.0,0,0.0,6052335000.0,1757610000.0
2016-07-18,'603318,派思股份,0.0,0.0,0.0,0.0,16.55,None,None,0.0,0,0.0,6052335000.0,1757610000.0
2016-07-15,'603318,派思股份,16.55,16.67,16.42,16.5,16.5,0.05,0.303,5.0886,5404100,89432643.0,6052335000.0,1757610000.0
2016-07-14,'603318,派思股份,16.5,16.67,16.41,16.5,16.64,-0.14,-0.8413,4.9218,5226957,86393848.0,6034050000.0,1752300000.0
2016-07-13,'603318,派思股份,16.64,16.77,16.41,16.59,16.58,0.06,0.3619,7.1325,7574674,125908089.0,6085248000.0,1767168000.0
2016-07-12,'603318,派思股份,16.58,16.81,16.11,16.48,16.7,-0.12,-0.7186,8.0914,8593026,141234579.0,6063306000.0,1760796000.0
2016-07-11,'603318,派思股份,16.7,17.09,16.6,17.0,17.01,-0.31,-1.8225,7.9526,8445613,141879552.0,6107190000.0,1773540000.0
2016-07-08,'603318,派思股份,17.01,17.39,16.95,17.27,17.26,-0.25,-1.4484,7.726,8204966,139969183.0,6220557000.0,1806462000.0
2016-07-07,'603318,派思股份,17.26,17.3,16.75,16.79,16.86,0.4,2.3725,12.9302,13731845,234582051.0,6311982000.0,1833012000.0
2016-07-06,'603318,派思股份,16.86,17.15,16.53,17.15,17.23,-0.37,-2.1474,15.1321,16070328,269298853.0,6165702000.0,1790532000.0
2016-07-05,'603318,派思股份,17.23,17.63,17.12,17.56,17.55,-0.32,-1.8234,14.4184,15312328,264733628.0,6301011000.0,1829826000.0
2016-07-04,'603318,派思股份,17.55,17.8,17.12,17.3,17.33,0.22,1.2695,12.8122,13606599,237656185.0,6418035000.0,1863810000.0
2016-07-01,'603318,派思股份,17.33,17.77,17.28,17.57,17.82,-0.49,-2.7497,12.8722,13670300,239149945.0,6337581000.0,1840446000.0
2016-06-30,'603318,派思股份,17.82,18.36,17.31,18.15,19.23,-1.41,-7.3323,31.9784,33961085,599694516.0,6516774000.0,1892484000.0
2016-06-29,'603318,DR派思股,19.23,20.21,19.2,19.28,18.38,0.85,4.6246,14.4045,15297602,303579132.0,7032411000.0,2042226000.0
2016-06-28,'603318,派思股份,55.38,56.75,53.6,55.5,55.01,0.37,0.6726,15.9656,5651815,310197862.0,6750822000.0,1960452000.0
2016-06-27,'603318,派思股份,55.01,56.35,54.0,54.0,53.98,1.03,1.9081,14.8462,5255538,290956598.0,6705719000.0,1947354000.0
2016-06-24,'603318,派思股份,53.98,56.9,51.3,55.05,55.64,-1.66,-2.9835,15.2716,5406144,291679950.0,6580162000.0,1910892000.0
2016-06-23,'603318,派思股份,55.64,59.6,54.4,59.4,57.97,-2.33,-4.0193,16.5777,5868508,330852703.0,6782516000.0,1969656000.0
2016-06-22,'603318,派思股份,57.97,58.71,53.36,53.37,53.37,4.6,8.6191,21.8138,7722082,439174783.0,7066543000.0,2052138000.0
2016-06-21,'603318,派思股份,53.37,58.6,52.8,57.71,58.26,-4.89,-8.3934,18.6473,6601146,369188494.0,6505803000.0,1889298000.0
2016-06-20,'603318,派思股份,58.26,59.9,54.11,55.1,55.27,2.99,5.4098,17.3064,6126475,347942359.0,7101894000.0,2062404000.0
2016-06-17,'603318,派思股份,55.27,56.2,53.15,53.2,54.24,1.03,1.899,18.1562,6427293,352044693.0,6737413000.0,1956558000.0
2016-06-16,'603318,派思股份,54.24,55.4,50.36,50.48,50.36,3.88,7.7045,25.7396,9111829,485233524.0,6611856000.0,1920096000.0
2016-06-15,'603318,派思股份,50.36,50.36,44.6,45.28,45.78,4.58,10.0044,17.3399,6138308,299803597.0,6138884000.0,1782744000.0
2016-06-14,'603318,派思股份,45.78,46.34,43.68,45.0,46.81,-1.03,-2.2004,15.2487,5398047,243669654.0,5580582000.0,1620612000.0
2016-06-13,'603318,派思股份,46.81,54.77,46.7,52.0,51.28,-4.47,-8.7168,34.8937,12352371,636839511.0,5706139000.0,1657074000.0
2016-06-08,'603318,派思股份,51.28,51.28,51.28,51.28,46.62,4.66,9.9957,28.9128,10235134,524857672.0,6251032000.0,1815312000.0
2016-06-07,'603318,派思股份,0.0,0.0,0.0,0.0,46.62,None,None,0.0,0,0.0,5682978000.0,1650348000.0
2016-06-06,'603318,派思股份,0.0,0.0,0.0,0.0,46.62,None,None,0.0,0,0.0,5682978000.0,1650348000.0
2016-06-03,'603318,派思股份,0.0,0.0,0.0,0.0,46.62,None,None,0.0,0,0.0,5682978000.0,1650348000.0
2016-06-02,'603318,派思股份,0.0,0.0,0.0,0.0,46.62,None,None,0.0,0,0.0,5682978000.0,1650348000.0
2016-06-01,'603318,派思股份,0.0,0.0,0.0,0.0,46.62,None,None,0.0,0,0.0,5682978000.0,1650348000.0
2016-05-31,'603318,派思股份,0.0,0.0,0.0,0.0,46.62,None,None,0.0,0,0.0,5682978000.0,1650348000.0
2016-05-30,'603318,派思股份,0.0,0.0,0.0,0.0,46.62,None,None,0.0,0,0.0,5682978000.0,1650348000.0
2016-05-27,'603318,派思股份,0.0,0.0,0.0,0.0,46.62,None,None,0.0,0,0.0,5682978000.0,1650348000.0
2016-05-26,'603318,派思股份,0.0,0.0,0.0,0.0,46.62,None,None,0.0,0,0.0,5682978000.0,1650348000.0
2016-05-25,'603318,派思股份,0.0,0.0,0.0,0.0,46.62,None,None,0.0,0,0.0,5682978000.0,1650348000.0
2016-05-24,'603318,派思股份,0.0,0.0,0.0,0.0,46.62,None,None,0.0,0,0.0,5682978000.0,1650348000.0
2016-05-23,'603318,派思股份,0.0,0.0,0.0,0.0,46.62,None,None,0.0,0,0.0,5682978000.0,1650348000.0
2016-05-20,'603318,派思股份,0.0,0.0,0.0,0.0,46.62,None,None,0.0,0,0.0,5682978000.0,1650348000.0
2016-05-19,'603318,派思股份,0.0,0.0,0.0,0.0,46.62,None,None,0.0,0,0.0,5682978000.0,1650348000.0
2016-05-18,'603318,派思股份,0.0,0.0,0.0,0.0,46.62,None,None,0.0,0,0.0,5682978000.0,1650348000.0
2016-05-17,'603318,派思股份,0.0,0.0,0.0,0.0,46.62,None,None,0.0,0,0.0,5682978000.0,1650348000.0
2016-05-16,'603318,派思股份,0.0,0.0,0.0,0.0,46.62,None,None,0.0,0,0.0,5682978000.0,1650348000.0
2016-05-13,'603318,派思股份,0.0,0.0,0.0,0.0,46.62,None,None,0.0,0,0.0,5682978000.0,1650348000.0
2016-05-12,'603318,派思股份,0.0,0.0,0.0,0.0,46.62,None,None,0.0,0,0.0,5682978000.0,1650348000.0
2016-05-11,'603318,派思股份,0.0,0.0,0.0,0.0,46.62,None,None,0.0,0,0.0,5613048000.0,1650348000.0
2016-05-10,'603318,派思股份,0.0,0.0,0.0,0.0,46.62,None,None,0.0,0,0.0,5613048000.0,1650348000.0
2016-05-09,'603318,派思股份,0.0,0.0,0.0,0.0,46.62,None,None,0.0,0,0.0,5613048000.0,1650348000.0
2016-05-06,'603318,派思股份,0.0,0.0,0.0,0.0,46.62,None,None,0.0,0,0.0,5613048000.0,1650348000.0
2016-05-05,'603318,派思股份,0.0,0.0,0.0,0.0,46.62,None,None,0.0,0,0.0,5613048000.0,1650348000.0
2016-05-04,'603318,派思股份,0.0,0.0,0.0,0.0,46.62,None,None,0.0,0,0.0,5613048000.0,1650348000.0
2016-05-03,'603318,派思股份,0.0,0.0,0.0,0.0,46.62,None,None,0.0,0,0.0,5613048000.0,1650348000.0
2016-04-29,'603318,派思股份,0.0,0.0,0.0,0.0,46.62,None,None,0.0,0,0.0,5613048000.0,1650348000.0
2016-04-28,'603318,派思股份,0.0,0.0,0.0,0.0,46.62,None,None,0.0,0,0.0,5613048000.0,1650348000.0
2016-04-27,'603318,派思股份,0.0,0.0,0.0,0.0,46.62,None,None,0.0,0,0.0,5613048000.0,1650348000.0
2016-04-26,'603318,派思股份,0.0,0.0,0.0,0.0,46.62,None,None,0.0,0,0.0,5613048000.0,1403262000.0
2016-04-25,'603318,派思股份,0.0,0.0,0.0,0.0,46.62,None,None,0.0,0,0.0,5613048000.0,1403262000.0
2016-04-22,'603318,派思股份,0.0,0.0,0.0,0.0,46.62,None,None,0.0,0,0.0,5613048000.0,1403262000.0
2016-04-21,'603318,派思股份,0.0,0.0,0.0,0.0,46.62,None,None,0.0,0,0.0,5613048000.0,1403262000.0
2016-04-20,'603318,派思股份,0.0,0.0,0.0,0.0,46.62,None,None,0.0,0,0.0,5613048000.0,1403262000.0
2016-04-19,'603318,派思股份,0.0,0.0,0.0,0.0,46.62,None,None,0.0,0,0.0,5613048000.0,1403262000.0
2016-04-18,'603318,派思股份,0.0,0.0,0.0,0.0,46.62,None,None,0.0,0,0.0,5613048000.0,1403262000.0
2016-04-15,'603318,派思股份,0.0,0.0,0.0,0.0,46.62,None,None,0.0,0,0.0,5613048000.0,1403262000.0
2016-04-14,'603318,派思股份,0.0,0.0,0.0,0.0,46.62,None,None,0.0,0,0.0,5613048000.0,1403262000.0
2016-04-13,'603318,派思股份,0.0,0.0,0.0,0.0,46.62,None,None,0.0,0,0.0,5613048000.0,1403262000.0
2016-04-12,'603318,派思股份,0.0,0.0,0.0,0.0,46.62,None,None,0.0,0,0.0,5613048000.0,1403262000.0
2016-04-11,'603318,派思股份,0.0,0.0,0.0,0.0,46.62,None,None,0.0,0,0.0,5613048000.0,1403262000.0
2016-04-08,'603318,派思股份,0.0,0.0,0.0,0.0,46.62,None,None,0.0,0,0.0,5613048000.0,1403262000.0
2016-04-07,'603318,派思股份,0.0,0.0,0.0,0.0,46.62,None,None,0.0,0,0.0,5613048000.0,1403262000.0
2016-04-06,'603318,派思股份,0.0,0.0,0.0,0.0,46.62,None,None,0.0,0,0.0,5613048000.0,1403262000.0
2016-04-05,'603318,派思股份,0.0,0.0,0.0,0.0,46.62,None,None,0.0,0,0.0,5613048000.0,1403262000.0
2016-04-01,'603318,派思股份,0.0,0.0,0.0,0.0,46.62,None,None,0.0,0,0.0,5613048000.0,1403262000.0
2016-03-31,'603318,派思股份,0.0,0.0,0.0,0.0,46.62,None,None,0.0,0,0.0,5613048000.0,1403262000.0
2016-03-30,'603318,派思股份,0.0,0.0,0.0,0.0,46.62,None,None,0.0,0,0.0,5613048000.0,1403262000.0
2016-03-29,'603318,派思股份,0.0,0.0,0.0,0.0,46.62,None,None,0.0,0,0.0,5613048000.0,1403262000.0
2016-03-28,'603318,派思股份,0.0,0.0,0.0,0.0,46.62,None,None,0.0,0,0.0,5613048000.0,1403262000.0
2016-03-25,'603318,派思股份,0.0,0.0,0.0,0.0,46.62,None,None,0.0,0,0.0,5613048000.0,1403262000.0
2016-03-24,'603318,派思股份,0.0,0.0,0.0,0.0,46.62,None,None,0.0,0,0.0,5613048000.0,1403262000.0
2016-03-23,'603318,派思股份,0.0,0.0,0.0,0.0,46.62,None,None,0.0,0,0.0,5613048000.0,1403262000.0
2016-03-22,'603318,派思股份,0.0,0.0,0.0,0.0,46.62,None,None,0.0,0,0.0,5613048000.0,1403262000.0
2016-03-21,'603318,派思股份,0.0,0.0,0.0,0.0,46.62,None,None,0.0,0,0.0,5613048000.0,1403262000.0
2016-03-18,'603318,派思股份,0.0,0.0,0.0,0.0,46.62,None,None,0.0,0,0.0,5613048000.0,1403262000.0
2016-03-17,'603318,派思股份,0.0,0.0,0.0,0.0,46.62,None,None,0.0,0,0.0,5613048000.0,1403262000.0
2016-03-16,'603318,派思股份,0.0,0.0,0.0,0.0,46.62,None,None,0.0,0,0.0,5613048000.0,1403262000.0
2016-03-15,'603318,派思股份,0.0,0.0,0.0,0.0,46.62,None,None,0.0,0,0.0,5613048000.0,1403262000.0
2016-03-14,'603318,派思股份,0.0,0.0,0.0,0.0,46.62,None,None,0.0,0,0.0,5613048000.0,1403262000.0
2016-03-11,'603318,派思股份,0.0,0.0,0.0,0.0,46.62,None,None,0.0,0,0.0,5613048000.0,1403262000.0
2016-03-10,'603318,派思股份,46.62,49.36,46.51,48.77,48.82,-2.2,-4.5063,5.939,1787648,85107792.0,5613048000.0,1403262000.0
2016-03-09,'603318,派思股份,48.82,50.39,46.82,47.33,48.89,-0.07,-0.1432,6.015,1810510,88794992.0,5877928000.0,1469482000.0
2016-03-08,'603318,派思股份,48.89,50.0,46.4,49.6,50.45,-1.56,-3.0922,8.6297,2597540,125941362.0,5886356000.0,1471589000.0
2016-03-07,'603318,派思股份,50.45,50.91,48.0,48.28,47.44,3.01,6.3449,9.3577,2816655,140864380.0,6074180000.0,1518545000.0
2016-03-04,'603318,派思股份,47.44,50.85,47.01,50.0,51.02,-3.58,-7.0169,12.4549,3748931,183334400.0,5711776000.0,1427944000.0
2016-03-03,'603318,派思股份,51.02,54.88,50.69,52.5,53.34,-2.32,-4.3495,20.6503,6215751,326145571.0,6142808000.0,1535702000.0
2016-03-02,'603318,派思股份,53.34,53.34,46.5,48.1,48.49,4.85,10.0021,20.7498,6245685,310798827.0,6422136000.0,1605534000.0
2016-03-01,'603318,派思股份,48.49,49.09,43.35,44.43,44.67,3.82,8.5516,15.6567,4712661,220536264.0,5838196000.0,1459549000.0
2016-02-29,'603318,派思股份,44.67,47.4,41.67,44.16,45.97,-1.3,-2.8279,14.2624,4292990,190938863.0,5378268000.0,1344567000.0
2016-02-26,'603318,派思股份,45.97,47.5,41.6,42.91,43.74,2.23,5.0983,18.2569,5495333,248042533.0,5534788000.0,1383697000.0
2016-02-25,'603318,派思股份,43.74,48.6,43.74,48.55,48.6,-4.86,-10.0,14.6989,4424382,200211634.0,5266296000.0,1316574000.0
2016-02-24,'603318,派思股份,48.6,50.8,47.35,50.15,52.45,-3.85,-7.3403,17.8193,5363603,263102334.0,5851440000.0,1462860000.0
2016-02-23,'603318,派思股份,52.45,52.53,48.9,52.53,47.75,4.7,9.8429,29.8924,8997610,462825652.0,6314980000.0,1578745000.0
2016-02-22,'603318,派思股份,47.75,47.75,47.75,47.75,43.41,4.34,9.9977,2.222,668814,31935869.0,5749100000.0,1437275000.0
2016-02-19,'603318,派思股份,43.41,45.36,40.8,41.24,41.24,2.17,5.2619,14.315,4308813,186407809.0,5226564000.0,1306641000.0
2016-02-18,'603318,派思股份,41.24,42.93,40.97,41.3,41.99,-0.75,-1.7861,12.0588,3629699,150807239.0,4965296000.0,1241324000.0
2016-02-17,'603318,派思股份,41.99,42.0,39.88,40.79,39.88,2.11,5.2909,18.3057,5510009,226231712.0,5055596000.0,1263899000.0
2016-02-16,'603318,派思股份,39.88,39.88,36.5,36.5,36.25,3.63,10.0138,7.7528,2333604,91687792.0,4801552000.0,1200388000.0
2016-02-15,'603318,派思股份,36.25,36.57,34.12,34.13,36.11,0.14,0.3877,3.6376,1094920,38652303.0,4364500000.0,1091125000.0
2016-02-05,'603318,派思股份,36.11,37.92,36.03,37.92,37.15,-1.04,-2.7995,4.6128,1388451,51051465.0,4347644000.0,1086911000.0
2016-02-04,'603318,派思股份,37.15,37.8,35.83,36.52,35.74,1.41,3.9452,5.2565,1582220,58595645.0,4472860000.0,1118215000.0
2016-02-03,'603318,派思股份,35.74,36.09,34.05,35.21,35.95,-0.21,-0.5841,3.9868,1200013,42209869.0,4303096000.0,1075774000.0
2016-02-02,'603318,派思股份,35.95,36.21,34.0,34.0,34.49,1.46,4.2331,4.409,1327114,47309322.0,4328380000.0,1082095000.0
2016-02-01,'603318,派思股份,34.49,36.43,33.8,36.09,36.11,-1.62,-4.4863,4.9448,1488385,52433474.0,4152596000.0,1038149000.0
2016-01-29,'603318,派思股份,36.11,36.84,34.3,34.3,34.82,1.29,3.7048,6.5953,1985177,71607035.0,4347644000.0,1086911000.0
2016-01-28,'603318,派思股份,34.82,38.2,34.76,37.71,38.24,-3.42,-8.9435,5.5053,1657085,60568837.0,4192328000.0,1048082000.0
2016-01-27,'603318,派思股份,38.24,39.35,34.5,38.2,38.09,0.15,0.3938,9.1702,2760242,101005046.0,4604096000.0,1151024000.0
2016-01-26,'603318,派思股份,38.09,42.47,38.09,42.01,42.32,-4.23,-9.9953,9.7138,2923860,117238842.0,4586036000.0,1146509000.0
2016-01-25,'603318,派思股份,42.32,43.55,39.5,40.64,39.7,2.62,6.5995,11.2576,3388523,141628384.0,5095328000.0,1273832000.0
2016-01-22,'603318,派思股份,39.7,40.1,37.87,38.44,38.43,1.27,3.3047,7.9719,2399535,93506836.0,4779880000.0,1194970000.0
2016-01-21,'603318,派思股份,38.43,42.49,38.43,42.35,42.7,-4.27,-10.0,10.7813,3245168,132000968.0,4626972000.0,1156743000.0
2016-01-20,'603318,派思股份,42.7,44.7,42.13,42.13,41.79,0.91,2.1776,16.3571,4923497,212723179.0,5141080000.0,1285270000.0
2016-01-19,'603318,派思股份,41.79,41.79,37.99,38.0,37.99,3.8,10.0026,10.5048,3161942,127931300.0,5031516000.0,1257879000.0
2016-01-18,'603318,派思股份,37.99,39.38,36.0,36.5,38.05,-0.06,-0.1577,7.2088,2169863,82271472.0,4573996000.0,1143499000.0
2016-01-15,'603318,派思股份,38.05,41.97,38.05,41.11,42.28,-4.23,-10.0047,9.866,2969658,119724409.0,4581220000.0,1145305000.0
2016-01-14,'603318,派思股份,42.28,43.34,39.1,40.0,41.78,0.5,1.1967,10.3013,3100687,127632680.0,5090512000.0,1272628000.0
2016-01-13,'603318,派思股份,41.78,43.99,40.92,42.92,42.92,-1.14,-2.6561,7.8102,2350875,98964819.0,5030312000.0,1257578000.0
2016-01-12,'603318,派思股份,42.92,44.01,40.7,41.5,42.95,-0.03,-0.0698,8.3885,2524936,107729418.0,5167568000.0,1291892000.0
2016-01-11,'603318,派思股份,42.95,47.0,42.7,47.0,47.44,-4.49,-9.4646,11.2009,3371468,146924968.0,5171180000.0,1292795000.0
2016-01-08,'603318,派思股份,47.44,52.5,45.5,51.6,50.08,-2.64,-5.2716,11.1984,3370732,164161565.0,5711776000.0,1427944000.0
2016-01-07,'603318,派思股份,50.08,54.47,50.06,53.8,55.62,-5.54,-9.9604,2.6565,799600,41751640.0,6029632000.0,1507408000.0
2016-01-06,'603318,派思股份,55.62,57.35,53.4,55.01,56.14,-0.52,-0.9263,14.0697,4234973,234441346.0,6696648000.0,1674162000.0
2016-01-05,'603318,派思股份,56.14,56.4,48.38,50.0,53.26,2.88,5.4074,19.4862,5865357,304400128.0,6759256000.0,1689814000.0
2016-01-04,'603318,派思股份,53.26,56.82,52.3,55.0,54.91,-1.65,-3.0049,9.9461,2993768,161839099.0,6412504000.0,1603126000.0
2015-12-31,'603318,派思股份,54.91,57.63,54.85,57.59,57.2,-2.29,-4.0035,8.4761,2551315,142907139.0,6611164000.0,1652791000.0
2015-12-30,'603318,派思股份,57.2,60.48,57.0,57.82,59.05,-1.85,-3.1329,13.1206,3949304,228975708.0,6886880000.0,1721720000.0
2015-12-29,'603318,派思股份,59.05,61.5,57.81,59.95,60.63,-1.58,-2.606,10.7927,3248614,192460733.0,7109620000.0,1777405000.0
2015-12-28,'603318,派思股份,60.63,62.05,57.0,58.9,59.11,1.52,2.5715,18.0706,5439264,323429238.0,7299852000.0,1824963000.0
2015-12-25,'603318,派思股份,59.11,63.5,58.18,61.98,60.92,-1.81,-2.9711,15.1235,4552161,274842075.0,7116844000.0,1779211000.0
2015-12-24,'603318,派思股份,60.92,61.0,54.02,55.2,57.74,3.18,5.5074,18.746,5642532,325708092.0,7334768000.0,1833692000.0
2015-12-23,'603318,派思股份,57.74,62.5,57.6,58.2,57.67,0.07,0.1214,21.1783,6374674,380825403.0,6951896000.0,1737974000.0
2015-12-22,'603318,派思股份,57.67,60.0,57.6,59.2,60.61,-2.94,-4.8507,16.2989,4905980,286696998.0,6943468000.0,1735867000.0
2015-12-21,'603318,派思股份,60.61,61.5,56.09,59.08,59.17,1.44,2.4337,26.566,7996357,470994457.0,7297444000.0,1824361000.0
2015-12-18,'603318,派思股份,59.17,63.67,58.7,60.78,57.88,1.29,2.2287,44.7163,13459616,832655956.0,7124068000.0,1781017000.0
2015-12-17,'603318,派思股份,57.88,57.88,53.67,55.88,52.62,5.26,9.9962,16.8544,5073188,284205538.0,6968752000.0,1742188000.0
2015-12-16,'603318,派思股份,52.62,52.62,48.5,48.5,47.84,4.78,9.9916,30.1945,9088538,462684791.0,6335448000.0,1583862000.0
2015-12-15,'603318,派思股份,47.84,47.84,42.63,43.97,43.49,4.35,10.0023,23.1919,6980748,315721077.0,5759936000.0,1439984000.0
2015-12-14,'603318,派思股份,43.49,43.9,41.1,43.0,43.89,-0.4,-0.9114,13.2217,3979736,170491118.0,5236196000.0,1309049000.0
2015-12-11,'603318,派思股份,43.89,46.52,43.3,45.01,46.8,-2.91,-6.2179,21.4046,6442774,288044203.0,5284356000.0,1321089000.0
2015-12-10,'603318,派思股份,46.8,52.0,46.46,51.99,51.62,-4.82,-9.3375,37.9951,11436540,556626703.0,5634720000.0,1408680000.0
2015-12-09,'603318,派思股份,51.62,51.62,50.0,51.0,46.93,4.69,9.9936,24.1414,7266560,373534236.0,6215048000.0,1553762000.0
2015-12-08,'603318,派思股份,46.93,46.93,44.23,45.0,42.66,4.27,10.0094,9.0689,2729731,125919160.0,5650372000.0,1412593000.0
2015-12-07,'603318,派思股份,0.0,0.0,0.0,0.0,42.66,None,None,0.0,0,0.0,5136264000.0,1284066000.0
2015-12-04,'603318,派思股份,0.0,0.0,0.0,0.0,42.66,None,None,0.0,0,0.0,5136264000.0,1284066000.0
2015-12-03,'603318,派思股份,0.0,0.0,0.0,0.0,42.66,None,None,0.0,0,0.0,5136264000.0,1284066000.0
2015-12-02,'603318,派思股份,0.0,0.0,0.0,0.0,42.66,None,None,0.0,0,0.0,5136264000.0,1284066000.0
2015-12-01,'603318,派思股份,0.0,0.0,0.0,0.0,42.66,None,None,0.0,0,0.0,5136264000.0,1284066000.0
2015-11-30,'603318,派思股份,0.0,0.0,0.0,0.0,42.66,None,None,0.0,0,0.0,5136264000.0,1284066000.0
2015-11-27,'603318,派思股份,0.0,0.0,0.0,0.0,42.66,None,None,0.0,0,0.0,5136264000.0,1284066000.0
2015-11-26,'603318,派思股份,0.0,0.0,0.0,0.0,42.66,None,None,0.0,0,0.0,5136264000.0,1284066000.0
2015-11-25,'603318,派思股份,0.0,0.0,0.0,0.0,42.66,None,None,0.0,0,0.0,5136264000.0,1284066000.0
2015-11-24,'603318,派思股份,0.0,0.0,0.0,0.0,42.66,None,None,0.0,0,0.0,5136264000.0,1284066000.0
2015-11-23,'603318,派思股份,0.0,0.0,0.0,0.0,42.66,None,None,0.0,0,0.0,5136264000.0,1284066000.0
2015-11-20,'603318,派思股份,0.0,0.0,0.0,0.0,42.66,None,None,0.0,0,0.0,5136264000.0,1284066000.0
2015-11-19,'603318,派思股份,0.0,0.0,0.0,0.0,42.66,None,None,0.0,0,0.0,5136264000.0,1284066000.0
2015-11-18,'603318,派思股份,0.0,0.0,0.0,0.0,42.66,None,None,0.0,0,0.0,5136264000.0,1284066000.0
2015-11-17,'603318,派思股份,0.0,0.0,0.0,0.0,42.66,None,None,0.0,0,0.0,5136264000.0,1284066000.0
2015-11-16,'603318,派思股份,0.0,0.0,0.0,0.0,42.66,None,None,0.0,0,0.0,5136264000.0,1284066000.0
2015-11-13,'603318,派思股份,0.0,0.0,0.0,0.0,42.66,None,None,0.0,0,0.0,5136264000.0,1284066000.0
2015-11-12,'603318,派思股份,0.0,0.0,0.0,0.0,42.66,None,None,0.0,0,0.0,5136264000.0,1284066000.0
2015-11-11,'603318,派思股份,0.0,0.0,0.0,0.0,42.66,None,None,0.0,0,0.0,5136264000.0,1284066000.0
2015-11-10,'603318,派思股份,0.0,0.0,0.0,0.0,42.66,None,None,0.0,0,0.0,5136264000.0,1284066000.0
2015-11-09,'603318,派思股份,0.0,0.0,0.0,0.0,42.66,None,None,0.0,0,0.0,5136264000.0,1284066000.0
2015-11-06,'603318,派思股份,42.66,43.37,39.55,39.8,40.02,2.64,6.5967,20.355,6126852,256648142.0,5136264000.0,1284066000.0
2015-11-05,'603318,派思股份,40.02,44.01,39.7,39.7,40.37,-0.35,-0.867,27.6407,8319853,344941206.0,4818408000.0,1204602000.0
2015-11-04,'603318,派思股份,40.37,40.59,37.0,38.0,38.13,2.24,5.8746,22.9894,6919807,267526029.0,4860548000.0,1215137000.0
2015-11-03,'603318,派思股份,38.13,38.5,35.12,35.15,35.47,2.66,7.4993,21.4491,6456167,238422079.0,4590852000.0,1147713000.0
2015-11-02,'603318,派思股份,35.47,37.53,33.28,33.75,34.71,0.76,2.1896,17.9049,5389385,191808954.0,4270588000.0,1067647000.0
2015-10-30,'603318,派思股份,34.71,35.39,33.8,35.25,35.25,-0.54,-1.5319,11.3308,3410581,118476179.0,4179084000.0,1044771000.0
2015-10-29,'603318,派思股份,35.25,36.16,34.57,34.98,34.61,0.64,1.8492,11.807,3553901,125483141.0,4244100000.0,1061025000.0
2015-10-28,'603318,派思股份,34.61,36.5,34.33,34.41,34.85,-0.24,-0.6887,14.3253,4311911,152970876.0,4167044000.0,1041761000.0
2015-10-27,'603318,派思股份,34.85,35.31,33.01,35.13,35.42,-0.57,-1.6093,13.6495,4108492,140580452.0,4195940000.0,1048985000.0
2015-10-26,'603318,派思股份,35.42,35.89,33.61,34.12,33.9,1.52,4.4838,16.218,4881612,170114909.0,4264568000.0,1066142000.0
2015-10-23,'603318,派思股份,33.9,34.21,32.91,33.09,33.09,0.81,2.4479,14.3875,4330633,145674546.0,4081560000.0,1020390000.0
2015-10-22,'603318,派思股份,33.09,33.28,31.21,31.94,32.65,0.44,1.3476,13.8991,4183627,135954205.0,3984036000.0,996009000.0
2015-10-21,'603318,派思股份,32.65,36.59,32.65,36.3,36.28,-3.63,-10.0055,17.9504,5403061,186011774.0,3931060000.0,982765000.0
2015-10-20,'603318,派思股份,36.28,36.9,35.08,35.5,35.71,0.57,1.5962,14.2221,4280852,154279572.0,4368112000.0,1092028000.0
2015-10-19,'603318,派思股份,35.71,36.56,35.06,36.0,36.57,-0.86,-2.3517,16.9339,5097108,181939996.0,4299484000.0,1074871000.0
2015-10-16,'603318,派思股份,36.57,37.2,33.35,34.38,34.29,2.28,6.6492,26.0344,7836359,275035894.0,4403028000.0,1100757000.0
2015-10-15,'603318,派思股份,34.29,35.0,31.81,31.81,32.38,1.91,5.8987,16.8943,5085178,171241511.0,4128516000.0,1032129000.0
2015-10-14,'603318,派思股份,32.38,33.79,32.31,33.43,33.43,-1.05,-3.1409,11.1731,3363109,110732747.0,3898552000.0,974638000.0
2015-10-13,'603318,派思股份,33.43,33.78,32.51,32.98,33.61,-0.18,-0.5356,14.9681,4505409,149221270.0,4024972000.0,1006243000.0
2015-10-12,'603318,派思股份,33.61,33.8,31.0,31.0,30.8,2.81,9.1234,20.9924,6318722,205969266.0,4046644000.0,1011661000.0
2015-10-09,'603318,派思股份,30.8,30.88,29.5,29.74,30.08,0.72,2.3936,14.8517,4470373,135900249.0,3708320000.0,927080000.0
2015-10-08,'603318,派思股份,30.08,30.55,28.62,29.0,27.85,2.23,8.0072,12.5318,3772067,111627004.0,3621632000.0,905408000.0
2015-09-30,'603318,派思股份,27.85,28.58,27.66,27.92,27.5,0.35,1.2727,5.4743,1647769,46168014.0,3353140000.0,838285000.0
2015-09-29,'603318,派思股份,27.5,28.6,27.3,28.15,28.93,-1.43,-4.943,8.0209,2414284,67398059.0,3311000000.0,827750000.0
2015-09-28,'603318,派思股份,28.93,28.98,27.5,28.41,28.41,0.52,1.8303,8.7234,2625748,74730948.0,3483172000.0,870793000.0
2015-09-25,'603318,派思股份,28.41,31.57,28.4,31.56,31.56,-3.15,-9.981,17.056,5133846,151089170.0,3420564000.0,855141000.0
2015-09-24,'603318,派思股份,31.56,31.98,30.79,31.65,31.14,0.42,1.3487,14.7529,4440611,139615327.0,3799824000.0,949956000.0
2015-09-23,'603318,派思股份,31.14,32.37,30.7,31.7,32.47,-1.33,-4.0961,23.302,7013917,220809832.0,3749256000.0,937314000.0
2015-09-22,'603318,派思股份,32.47,32.65,29.51,29.84,29.81,2.66,8.9232,27.5132,8281484,259601901.0,3909388000.0,977347000.0
2015-09-21,'603318,派思股份,29.81,30.07,27.28,27.83,28.48,1.33,4.6699,17.9408,5400170,156288340.0,3589124000.0,897281000.0
2015-09-18,'603318,派思股份,28.48,29.88,28.0,29.27,29.27,-0.79,-2.699,16.2309,4885488,140991876.0,3428992000.0,857248000.0
2015-09-17,'603318,派思股份,29.27,33.02,28.5,29.8,30.5,-1.23,-4.0328,28.8484,8683366,262442763.0,3524108000.0,881027000.0
2015-09-16,'603318,派思股份,30.5,30.56,26.03,26.05,27.78,2.72,9.7912,28.8934,8696908,241989638.0,3672200000.0,918050000.0
2015-09-15,'603318,派思股份,27.78,32.5,27.41,30.4,30.46,-2.68,-8.7984,33.7162,10148584,312710365.0,3344712000.0,836178000.0
2015-09-14,'603318,派思股份,30.46,30.46,27.58,27.66,27.69,2.77,10.0036,18.9036,5689971,169548306.0,3667384000.0,916846000.0
2015-09-11,'603318,派思股份,27.69,28.26,27.15,27.93,27.65,0.04,0.1447,9.9028,2980732,82916481.0,3333876000.0,833469000.0
2015-09-10,'603318,派思股份,27.65,29.0,27.6,28.5,29.14,-1.49,-5.1132,8.394,2526609,71928979.0,3329060000.0,832265000.0
2015-09-09,'603318,派思股份,29.14,29.45,28.0,28.5,27.69,1.45,5.2365,12.7069,3824785,110112940.0,3508456000.0,877114000.0
2015-09-08,'603318,派思股份,27.69,28.0,25.75,26.07,26.25,1.44,5.4857,8.4165,2533363,68198457.0,3333876000.0,833469000.0
2015-09-07,'603318,派思股份,26.25,27.49,25.9,26.14,25.71,0.54,2.1004,7.8065,2349761,62366464.0,3160500000.0,790125000.0
2015-09-02,'603318,派思股份,25.71,29.0,25.51,26.0,28.34,-2.63,-9.2802,11.2035,3372249,90460465.0,3095484000.0,773871000.0
2015-09-01,'603318,派思股份,28.34,30.0,28.34,30.0,31.49,-3.15,-10.0032,9.5163,2864399,82267364.0,3412136000.0,853034000.0
2015-08-31,'603318,派思股份,31.49,33.86,31.49,33.0,34.99,-3.5,-10.0029,11.5439,3474714,112807170.0,3791396000.0,947849000.0
2015-08-28,'603318,派思股份,34.99,35.16,32.26,33.6,33.72,1.27,3.7663,26.1688,7876813,265997505.0,4212796000.0,1053199000.0
2015-08-27,'603318,派思股份,33.72,35.63,32.4,32.59,32.41,1.31,4.042,22.2611,6700596,228052458.0,4059888000.0,1014972000.0
2015-08-26,'603318,派思股份,32.41,32.44,27.0,29.53,29.49,2.92,9.9017,22.0452,6635614,203437036.0,3902164000.0,975541000.0
2015-08-25,'603318,派思股份,29.49,30.5,29.49,29.53,32.77,-3.28,-10.0092,6.6935,2014741,59685787.0,3550596000.0,887649000.0
2015-08-24,'603318,派思股份,32.77,35.23,32.77,35.02,36.41,-3.64,-9.9973,6.1425,1848878,61180885.0,3945508000.0,986377000.0
2015-08-21,'603318,派思股份,36.41,39.25,35.9,38.0,39.64,-3.23,-8.1483,9.129,2747837,103980696.0,4383764000.0,1095941000.0
2015-08-20,'603318,派思股份,39.64,42.2,37.8,39.56,39.67,-0.03,-0.0756,13.1647,3962562,160073983.0,4772656000.0,1193164000.0
2015-08-19,'603318,派思股份,39.67,40.66,35.77,38.0,39.74,-0.07,-0.1761,12.2811,3696621,140163432.0,4776268000.0,1194067000.0
2015-08-18,'603318,派思股份,39.74,44.14,39.74,43.7,44.16,-4.42,-10.0091,13.4554,4050087,170000267.0,4784696000.0,1196174000.0
2015-08-17,'603318,派思股份,44.16,44.7,41.6,42.5,42.81,1.35,3.1535,15.6943,4723978,206372377.0,5316864000.0,1329216000.0
2015-08-14,'603318,派思股份,42.81,43.68,42.1,42.6,42.6,0.21,0.493,14.5472,4378706,187489106.0,5154324000.0,1288581000.0
2015-08-13,'603318,派思股份,42.6,43.28,39.9,40.4,40.52,2.08,5.1333,10.5544,3176873,130880011.0,5129040000.0,1282260000.0
2015-08-12,'603318,派思股份,40.52,42.89,40.41,42.15,43.08,-2.56,-5.9424,11.7331,3531675,147024969.0,4878608000.0,1219652000.0
2015-08-11,'603318,派思股份,43.08,44.3,42.12,43.0,43.06,0.02,0.0464,16.8254,5064438,218386235.0,5186832000.0,1296708000.0
2015-08-10,'603318,派思股份,43.06,43.95,40.69,40.7,40.21,2.85,7.0878,17.5405,5279679,221913510.0,5184424000.0,1296106000.0
2015-08-07,'603318,派思股份,40.21,40.5,38.88,39.08,38.57,1.64,4.252,10.9713,3302351,131838186.0,4841284000.0,1210321000.0
2015-08-06,'603318,派思股份,38.57,39.9,38.25,39.51,40.45,-1.88,-4.6477,9.7665,2939719,115062971.0,4643828000.0,1160957000.0
2015-08-05,'603318,派思股份,40.45,41.94,39.51,40.2,40.36,0.09,0.223,15.5585,4683118,191437947.0,4870180000.0,1217545000.0
2015-08-04,'603318,派思股份,40.36,40.36,37.5,37.5,36.69,3.67,10.0027,14.3234,4311346,168502637.0,4859344000.0,1214836000.0
2015-08-03,'603318,派思股份,36.69,40.6,36.47,39.0,40.02,-3.33,-8.3208,11.6979,3521062,135499043.0,4417476000.0,1104369000.0
2015-07-31,'603318,派思股份,40.02,43.2,39.01,39.98,41.99,-1.97,-4.6916,13.9905,4211136,171295481.0,4818408000.0,1204602000.0
2015-07-30,'603318,派思股份,41.99,45.65,41.0,45.4,45.56,-3.57,-7.8358,18.2531,5494180,243029454.0,5055596000.0,1263899000.0
2015-07-29,'603318,派思股份,45.56,45.56,40.01,42.0,41.42,4.14,9.9952,19.1769,5772254,245424546.0,5485424000.0,1371356000.0
2015-07-28,'603318,派思股份,41.42,44.3,41.42,41.43,46.02,-4.6,-9.9957,17.8663,5377765,224843607.0,4986968000.0,1246742000.0
2015-07-27,'603318,派思股份,46.02,50.0,46.02,48.0,51.13,-5.11,-9.9941,17.9139,5392096,258718699.0,5540808000.0,1385202000.0
2015-07-24,'603318,派思股份,51.13,56.5,50.0,55.58,55.1,-3.97,-7.2051,27.8749,8390347,451421527.0,6156052000.0,1539013000.0
2015-07-23,'603318,派思股份,55.1,56.65,50.61,51.88,52.65,2.45,4.6534,29.1333,8769125,473536186.0,6634040000.0,1658510000.0
2015-07-22,'603318,派思股份,52.65,54.12,49.5,52.09,51.19,1.46,2.8521,27.1041,8158322,427163448.0,6339060000.0,1584765000.0
2015-07-21,'603318,派思股份,51.19,51.35,46.38,47.0,48.47,2.72,5.6117,23.2421,6995864,341073911.0,6163276000.0,1540819000.0
2015-07-20,'603318,派思股份,48.47,51.79,47.0,48.0,49.09,-0.62,-1.263,25.1536,7571241,372956872.0,5835788000.0,1458947000.0
2015-07-17,'603318,派思股份,49.09,51.0,45.0,45.9,48.08,1.01,2.1007,36.626,11024422,526053657.0,5910436000.0,1477609000.0
2015-07-16,'603318,派思股份,48.08,53.42,48.08,48.08,53.42,-5.34,-9.9963,37.9926,11435786,557957388.0,5788832000.0,1447208000.0
2015-07-15,'603318,派思股份,53.42,54.75,53.42,53.42,59.36,-5.94,-10.0067,7.3442,2210600,118251252.0,6431768000.0,1607942000.0
2015-07-14,'603318,派思股份,59.36,66.58,59.36,62.0,65.95,-6.59,-9.9924,35.0531,10550998,659150998.0,7146944000.0,1786736000.0
2015-07-13,'603318,派思股份,65.95,65.95,53.96,60.4,59.95,6.0,10.0083,57.9849,17453443,1059145651.0,7940380000.0,1985095000.0
2015-07-10,'603318,派思股份,0.0,0.0,0.0,0.0,59.95,None,None,0.0,0,0.0,7217980000.0,1804495000.0
2015-07-09,'603318,派思股份,0.0,0.0,0.0,0.0,59.95,None,None,0.0,0,0.0,7217980000.0,1804495000.0
2015-07-08,'603318,派思股份,0.0,0.0,0.0,0.0,59.95,None,None,0.0,0,0.0,7217980000.0,1804495000.0
2015-07-07,'603318,派思股份,59.95,59.95,59.95,59.95,66.61,-6.66,-9.9985,1.888,568300,34069585.0,7217980000.0,1804495000.0
2015-07-06,'603318,派思股份,66.61,81.0,66.61,81.0,74.01,-7.4,-9.9986,22.0805,6646218,471592792.0,8019844000.0,2004961000.0
2015-07-03,'603318,派思股份,74.01,74.01,74.01,74.01,82.23,-8.22,-9.9964,1.7322,521400,38588814.0,8910804000.0,2227701000.0
2015-07-02,'603318,派思股份,82.23,89.99,82.04,87.0,91.16,-8.93,-9.796,13.9495,4198788,349568864.0,9900492000.0,2475123000.0
2015-07-01,'603318,派思股份,91.16,91.16,84.0,87.0,82.87,8.29,10.0036,30.073,9051980,805048422.0,10975664000.0,2743916000.0
2015-06-30,'603318,派思股份,82.87,82.87,71.7,75.8,75.34,7.53,9.9947,21.8566,6578830,518803532.0,9977548000.0,2494387000.0
2015-06-29,'603318,派思股份,75.34,75.34,70.0,73.9,68.49,6.85,10.0015,24.831,7474120,550369057.0,9070936000.0,2267734000.0
2015-06-26,'603318,派思股份,68.49,70.2,61.3,64.99,65.12,3.37,5.1751,22.5882,6799052,457894431.0,8246196000.0,2061549000.0
2015-06-25,'603318,派思股份,65.12,67.48,63.0,63.58,65.24,-0.12,-0.1839,12.6074,3794838,247218756.0,7840448000.0,1960112000.0
2015-06-24,'603318,派思股份,65.24,67.32,61.26,63.8,61.2,4.04,6.6013,22.2508,6697495,428053387.0,7854896000.0,1963724000.0
2015-06-23,'603318,派思股份,61.2,61.2,55.64,56.38,55.64,5.56,9.9928,10.6968,3219735,188474976.0,7368480000.0,1842120000.0
2015-06-19,'603318,派思股份,55.64,58.0,52.3,58.0,58.08,-2.44,-4.2011,11.1232,3348087,182573512.0,6699056000.0,1674764000.0
2015-06-18,'603318,派思股份,58.08,64.0,56.9,64.0,63.22,-5.14,-8.1303,10.9437,3294047,197012540.0,6992832000.0,1748208000.0
2015-06-17,'603318,派思股份,63.22,64.5,60.5,61.65,62.18,1.04,1.6726,7.9336,2388028,150268680.0,7611688000.0,1902922000.0
2015-06-16,'603318,派思股份,62.18,66.3,60.1,60.11,64.88,-2.7,-4.1615,11.898,3581294,226022502.0,7486472000.0,1871618000.0
2015-06-15,'603318,派思股份,64.88,71.06,64.88,65.02,72.09,-7.21,-10.0014,16.1719,4867742,319505752.0,7811552000.0,1952888000.0
2015-06-12,'603318,派思股份,72.09,78.09,68.1,77.0,71.64,0.45,0.6281,31.9032,9602866,706162649.0,8679636000.0,2169909000.0
2015-06-11,'603318,派思股份,71.64,71.64,64.22,66.0,65.13,6.51,9.9954,22.6242,6809894,473441517.0,8625456000.0,2156364000.0
2015-06-10,'603318,派思股份,65.13,65.13,57.52,58.49,59.21,5.92,9.9983,27.9775,8421231,531367330.0,7841652000.0,1960413000.0
2015-06-09,'603318,派思股份,59.21,61.0,57.67,58.48,59.45,-0.24,-0.4037,14.5399,4376495,259989298.0,7128884000.0,1782221000.0
2015-06-08,'603318,派思股份,59.45,63.86,59.2,63.78,64.37,-4.92,-7.6433,22.3569,6729427,408345864.0,7157780000.0,1789445000.0
2015-06-05,'603318,派思股份,64.37,68.88,62.96,66.2,67.09,-2.72,-4.0543,24.864,7484049,490426572.0,7750148000.0,1937537000.0
2015-06-04,'603318,派思股份,67.09,72.48,67.09,70.88,74.54,-7.45,-9.9946,18.5824,5593313,382097431.0,8077636000.0,2019409000.0
2015-06-03,'603318,派思股份,74.54,83.0,71.31,71.31,79.23,-4.69,-5.9195,34.6339,10424812,785080677.0,8974616000.0,2243654000.0
2015-06-02,'603318,派思股份,79.23,83.0,79.23,80.0,88.03,-8.8,-9.9966,14.5628,4383400,350256717.0,9539292000.0,2384823000.0
2015-06-01,'603318,派思股份,88.03,101.73,86.08,101.7,92.48,-4.45,-4.8119,54.1266,16292105,1569626160.0,10598812000.0,2649703000.0
2015-05-29,'603318,派思股份,92.48,92.48,75.71,83.5,84.07,8.41,10.0036,47.229,14215920,1235465134.0,11134592000.0,2783648000.0
2015-05-28,'603318,派思股份,84.07,84.1,83.56,84.1,76.45,7.62,9.9673,10.3585,3117900,262198826.0,10122028000.0,2530507000.0
2015-05-27,'603318,派思股份,76.45,76.45,76.45,76.45,69.5,6.95,10.0,0.1213,36500,2790425.0,9204580000.0,2301145000.0
2015-05-26,'603318,派思股份,69.5,69.5,69.5,69.5,63.18,6.32,10.0032,0.1708,51400,3572300.0,8367800000.0,2091950000.0
2015-05-25,'603318,派思股份,63.18,63.18,63.18,63.18,57.44,5.74,9.993,0.4289,129100,8156538.0,7606872000.0,1901718000.0
2015-05-22,'603318,派思股份,57.44,57.44,57.44,57.44,52.22,5.22,9.9962,0.2922,87963,5052595.0,6915776000.0,1728944000.0
2015-05-21,'603318,派思股份,52.22,52.22,52.22,52.22,47.47,4.75,10.0063,0.1764,53100,2772882.0,6287288000.0,1571822000.0
2015-05-20,'603318,派思股份,47.47,47.47,47.47,47.47,43.15,4.32,10.0116,0.3372,101500,4818205.0,5715388000.0,1428847000.0
2015-05-19,'603318,派思股份,43.15,43.15,43.15,43.15,39.23,3.92,9.9924,0.1724,51900,2239485.0,5195260000.0,1298815000.0
2015-05-18,'603318,派思股份,39.23,39.23,39.23,39.23,35.66,3.57,10.0112,0.2721,81900,3212937.0,4723292000.0,1180823000.0
2015-05-15,'603318,派思股份,35.66,35.66,35.66,35.66,32.42,3.24,9.9938,0.5402,162600,5798316.0,4293464000.0,1073366000.0
2015-05-14,'603318,派思股份,32.42,32.42,32.42,32.42,29.47,2.95,10.0102,0.2867,86300,2797846.0,3903368000.0,975842000.0
2015-05-13,'603318,派思股份,29.47,29.47,29.47,29.47,26.79,2.68,10.0037,0.3971,119515,3522107.0,3548188000.0,887047000.0
2015-05-12,'603318,派思股份,26.79,26.79,26.79,26.79,24.35,2.44,10.0205,0.2304,69350,1857887.0,3225516000.0,806379000.0
2015-05-11,'603318,派思股份,24.35,24.35,24.35,24.35,22.14,2.21,9.9819,0.2404,72350,1761723.0,2931740000.0,732935000.0
2015-05-08,'603318,派思股份,22.14,22.14,22.14,22.14,20.13,2.01,9.9851,0.9555,287615,6367796.0,2665656000.0,666414000.0
2015-05-07,'603318,派思股份,20.13,20.13,20.13,20.13,18.3,1.83,10.0,1.5934,479599,9654328.0,2423652000.0,605913000.0
2015-05-06,'603318,派思股份,18.3,18.3,18.3,18.3,16.64,1.66,9.976,0.6153,185200,3389160.0,2203320000.0,550830000.0
2015-05-05,'603318,派思股份,16.64,16.64,16.64,16.64,15.13,1.51,9.9802,0.4738,142600,2372864.0,2003456000.0,500864000.0
2015-05-04,'603318,派思股份,15.13,15.13,15.13,15.13,13.75,1.38,10.0364,0.1096,33000,499290.0,1821652000.0,455413000.0
2015-04-30,'603318,派思股份,13.75,13.75,13.75,13.75,12.5,1.25,10.0,0.0807,24300,334125.0,1655500000.0,413875000.0
2015-04-29,'603318,派思股份,12.5,12.5,12.5,12.5,11.36,1.14,10.0352,0.0551,16600,207500.0,1505000000.0,376250000.0
2015-04-28,'603318,派思股份,11.36,11.36,11.36,11.36,10.33,1.03,9.971,0.1412,42500,482800.0,1367744000.0,341936000.0
2015-04-27,'603318,派思股份,10.33,10.33,10.33,10.33,9.39,0.94,10.0106,0.0262,7900,81607.0,1243732000.0,310933000.0
2015-04-24,'603318,N派思,9.39,9.39,9.39,9.39,6.52,2.87,44.0184,0.11,33100,310809.0,1130556000.0,282639000.0
