日期,股票代码,名称,收盘价,最高价,最低价,开盘价,前收盘,涨跌额,涨跌幅,换手率,成交量,成交金额,总市值,流通市值
2017-05-15,'603377,东方时尚,36.72,37.0,35.92,35.92,36.27,0.45,1.2407,0.7257,854610,31315040.0,15422400000.0,4324009500.0
2017-05-12,'603377,东方时尚,36.27,36.47,35.82,36.47,36.43,-0.16,-0.4392,0.4857,571901,20615905.0,15233400000.0,4271019187.5
2017-05-11,'603377,东方时尚,36.43,36.48,35.3,35.8,36.36,0.07,0.1925,0.6961,819700,29372421.0,15300600000.0,4289860187.5
2017-05-10,'603377,东方时尚,36.36,36.66,36.23,36.48,36.48,-0.12,-0.3289,0.2778,327118,11920677.0,15271200000.0,4281617250.0
2017-05-09,'603377,东方时尚,36.48,36.5,35.8,36.38,36.27,0.21,0.579,1.0724,1262856,45643965.0,15321600000.0,4295748000.0
2017-05-08,'603377,东方时尚,36.27,37.23,36.22,36.89,37.01,-0.74,-1.9995,0.6902,812772,29878815.0,15233400000.0,4271019187.5
2017-05-05,'603377,东方时尚,37.01,37.19,36.6,36.92,37.17,-0.16,-0.4305,0.5242,617285,22805220.0,15544200000.0,4358158812.5
2017-05-04,'603377,东方时尚,37.17,37.55,36.88,37.32,37.3,-0.13,-0.3485,0.9871,1162321,43268908.0,15611400000.0,4376999812.5
2017-05-03,'603377,东方时尚,37.3,37.48,36.75,37.02,37.1,0.2,0.5391,0.607,714794,26484831.0,15666000000.0,4392308125.0
2017-05-02,'603377,东方时尚,37.1,37.88,37.07,37.44,37.52,-0.42,-1.1194,1.0699,1259907,47375845.0,15582000000.0,4368756875.0
2017-04-28,'603377,东方时尚,37.52,37.57,36.01,36.51,36.19,1.33,3.675,1.5576,1834200,67997276.0,15758400000.0,4418214500.0
2017-04-27,'603377,东方时尚,36.19,36.37,35.8,36.0,36.1,0.09,0.2493,3.2738,3855112,139321181.0,15199800000.0,4261598687.5
2017-04-26,'603377,东方时尚,36.1,36.28,35.61,35.83,36.16,-0.06,-0.1659,0.6001,706700,25406328.0,15162000000.0,4251000625.0
2017-04-25,'603377,东方时尚,36.16,36.5,35.6,36.04,36.04,0.12,0.333,0.8828,1039600,37666232.0,15187200000.0,4258066000.0
2017-04-24,'603377,东方时尚,36.04,36.29,35.12,36.29,36.09,-0.05,-0.1385,1.441,1696832,60961589.0,15136800000.0,4243935250.0
2017-04-21,'603377,东方时尚,36.09,37.31,35.9,37.31,37.31,-1.22,-3.2699,1.6405,1931847,70341718.0,15157800000.0,4249823062.5
2017-04-20,'603377,东方时尚,37.31,37.97,36.1,37.5,37.68,-0.37,-0.982,1.385,1630961,60125419.0,15670200000.0,4393485687.5
2017-04-19,'603377,东方时尚,37.68,38.15,37.56,38.12,38.09,-0.41,-1.0764,0.8334,981400,37082356.0,15825600000.0,4437055500.0
2017-04-18,'603377,东方时尚,38.09,38.93,37.11,37.47,36.9,1.19,3.2249,1.8223,2145892,82164879.0,15997800000.0,4485335562.5
2017-04-17,'603377,东方时尚,36.9,37.88,36.34,37.08,37.1,-0.2,-0.5391,1.4137,1664707,61485718.0,15498000000.0,4345205625.0
2017-04-14,'603377,东方时尚,37.1,37.73,36.61,37.5,37.74,-0.64,-1.6958,1.077,1268201,47010588.0,15582000000.0,4368756875.0
2017-04-13,'603377,东方时尚,37.74,38.38,37.41,37.44,37.73,0.01,0.0265,1.1256,1325467,50212351.0,15850800000.0,4444120875.0
2017-04-12,'603377,东方时尚,37.73,38.55,37.27,38.07,38.0,-0.27,-0.7105,1.7772,2092800,78886400.0,15846600000.0,4442943312.5
2017-04-11,'603377,东方时尚,38.0,38.69,37.61,38.57,38.68,-0.68,-1.758,2.6201,3085385,117519632.0,15960000000.0,4474737500.0
2017-04-10,'603377,东方时尚,38.68,39.35,37.9,38.8,39.01,-0.33,-0.8459,2.2378,2635174,101637767.0,16245600000.0,4554811750.0
2017-04-07,'603377,东方时尚,39.01,39.33,38.65,39.3,39.31,-0.3,-0.7632,1.9856,2338224,91038671.0,16384200000.0,4593671312.5
2017-04-06,'603377,东方时尚,39.31,39.9,39.0,39.55,39.53,-0.22,-0.5565,2.9325,3453247,135893065.0,16510200000.0,4628998187.5
2017-04-05,'603377,东方时尚,39.53,40.1,38.08,38.9,38.96,0.57,1.463,4.8059,5659278,223143054.0,16602600000.0,4654904562.5
2017-03-31,'603377,东方时尚,38.96,39.18,37.25,37.3,37.4,1.56,4.1711,7.4414,8762672,339855713.0,16363200000.0,4587783500.0
2017-03-30,'603377,东方时尚,37.4,37.79,35.67,36.77,36.13,1.27,3.5151,5.3824,6338104,233614953.0,15708000000.0,4404083750.0
2017-03-29,'603377,东方时尚,36.13,36.95,36.02,36.95,37.28,-1.15,-3.0848,5.6305,6630281,241660159.0,15174600000.0,4254533312.5
2017-03-28,'603377,东方时尚,37.28,38.4,37.2,38.38,38.61,-1.33,-3.4447,3.81,4486461,169016100.0,15657600000.0,4389953000.0
2017-03-27,'603377,东方时尚,38.61,38.9,37.8,38.8,39.17,-0.56,-1.4297,2.9045,3420233,131353072.0,16216200000.0,4546568812.5
2017-03-24,'603377,东方时尚,39.17,39.48,38.67,38.96,38.96,0.21,0.539,1.7624,2075284,81371043.0,16451400000.0,4612512312.5
2017-03-23,'603377,东方时尚,38.96,39.11,37.96,38.05,37.93,1.03,2.7155,2.6564,3128106,120643259.0,16363200000.0,4587783500.0
2017-03-22,'603377,东方时尚,37.93,38.38,37.7,37.79,38.0,-0.07,-0.1842,1.0013,1179053,44700628.0,15930600000.0,4466494562.5
2017-03-21,'603377,东方时尚,38.0,39.08,37.8,38.16,38.15,-0.15,-0.3932,2.8388,3342808,127487957.0,15960000000.0,4474737500.0
2017-03-20,'603377,东方时尚,38.15,38.8,36.83,36.97,36.9,1.25,3.3875,3.0036,3536952,134456939.0,16023000000.0,4492400937.5
2017-03-17,'603377,东方时尚,36.9,37.3,36.6,36.78,36.82,0.08,0.2173,1.5051,1772365,65728143.0,15498000000.0,4345205625.0
2017-03-16,'603377,东方时尚,36.82,37.1,36.44,36.44,36.43,0.39,1.0705,1.6487,1941486,71533406.0,15464400000.0,4335785125.0
2017-03-15,'603377,东方时尚,36.43,36.79,36.4,36.7,36.8,-0.37,-1.0054,1.2436,1464399,53478936.0,15300600000.0,4289860187.5
2017-03-14,'603377,东方时尚,36.8,37.1,36.38,36.78,36.78,0.02,0.0544,1.1785,1387805,50941340.0,15456000000.0,4333430000.0
2017-03-13,'603377,东方时尚,36.78,36.87,36.12,36.4,36.69,0.09,0.2453,1.4047,1654163,60460347.0,15447600000.0,4331074875.0
2017-03-10,'603377,东方时尚,36.69,37.01,36.25,36.96,37.0,-0.31,-0.8378,1.6321,1921917,70278503.0,15409800000.0,4320476812.5
2017-03-09,'603377,东方时尚,37.0,37.1,36.07,36.8,36.88,0.12,0.3254,1.5611,1838343,67470701.0,15540000000.0,4356981250.0
2017-03-08,'603377,东方时尚,36.88,37.5,36.36,36.63,36.65,0.23,0.6276,2.2598,2661097,98526967.0,15489600000.0,4342850500.0
2017-03-07,'603377,东方时尚,36.65,36.77,36.1,36.52,36.67,-0.02,-0.0545,2.1711,2556608,93155838.0,15393000000.0,4315766562.5
2017-03-06,'603377,东方时尚,36.67,36.78,35.62,35.95,35.96,0.71,1.9744,3.4421,4053324,146791931.0,15401400000.0,4318121687.5
2017-03-03,'603377,东方时尚,35.96,36.19,35.3,35.41,35.34,0.62,1.7544,4.4513,5241741,187613076.0,15103200000.0,4234514750.0
2017-03-02,'603377,东方时尚,35.34,35.47,35.23,35.23,35.34,0.0,0.0,1.4365,1691571,59807349.0,14842800000.0,4161505875.0
2017-03-01,'603377,东方时尚,35.34,35.5,35.21,35.4,35.41,-0.07,-0.1977,2.4307,2862329,101237627.0,14842800000.0,4161505875.0
2017-02-28,'603377,东方时尚,35.41,35.59,35.28,35.43,35.44,-0.03,-0.0847,1.6269,1915791,67848443.0,14872200000.0,4169748812.5
2017-02-27,'603377,东方时尚,35.44,35.95,35.4,35.65,35.67,-0.23,-0.6448,3.213,3783534,134807729.0,14884800000.0,4173281500.0
2017-02-24,'603377,东方时尚,35.67,35.77,34.96,34.96,35.07,0.6,1.7109,4.3826,5160787,182794541.0,14981400000.0,4200365437.5
2017-02-23,'603377,东方时尚,35.07,35.16,34.81,34.82,34.87,0.2,0.5736,1.9421,2286953,79976936.0,14729400000.0,4129711687.5
2017-02-22,'603377,东方时尚,34.87,35.1,34.66,34.89,34.83,0.04,0.1148,2.0954,2467464,86006439.0,14645400000.0,4106160437.5
2017-02-21,'603377,东方时尚,34.83,35.15,34.7,34.98,35.03,-0.2,-0.5709,3.008,3542060,123731212.0,14628600000.0,4101450187.5
2017-02-20,'603377,东方时尚,35.03,35.21,34.75,34.85,35.02,0.01,0.0286,1.6506,1943710,68148119.0,14712600000.0,4125001437.5
2017-02-17,'603377,东方时尚,35.02,35.45,34.94,35.3,35.36,-0.34,-0.9615,2.1975,2587661,91110769.0,14708400000.0,4123823875.0
2017-02-16,'603377,东方时尚,35.36,35.45,35.04,35.29,35.31,0.05,0.1416,1.1036,1299604,45826754.0,14851200000.0,4163861000.0
2017-02-15,'603377,东方时尚,35.31,36.0,35.15,35.92,35.92,-0.61,-1.6982,2.001,2356350,83915933.0,14830200000.0,4157973187.5
2017-02-14,'603377,东方时尚,35.92,36.23,35.67,35.85,35.84,0.08,0.2232,2.2434,2641700,94975724.0,15086400000.0,4229804500.0
2017-02-13,'603377,东方时尚,35.84,35.93,35.52,35.78,35.86,-0.02,-0.0558,1.5627,1840188,65694825.0,15052800000.0,4220384000.0
2017-02-10,'603377,东方时尚,35.86,36.12,35.81,35.93,35.93,-0.07,-0.1948,2.2946,2702061,97197574.0,15061200000.0,4222739125.0
2017-02-09,'603377,东方时尚,35.93,36.1,35.51,35.83,35.9,0.03,0.0836,2.4609,2897887,104064175.0,15090600000.0,4230982062.5
2017-02-08,'603377,东方时尚,35.9,36.31,35.5,36.16,36.37,-0.47,-1.2923,2.9407,3462902,124134414.0,15078000000.0,4227449375.0
2017-02-07,'603377,东方时尚,36.37,38.65,36.09,38.65,38.66,-2.29,-5.9234,6.0026,7068400,261113373.0,15275400000.0,4282794812.5
2017-02-06,'603377,东方时尚,38.66,39.97,38.5,39.6,39.61,-0.95,-2.3984,1.1273,1327523,51577415.0,16237200000.0,4552456625.0
2017-02-03,'603377,东方时尚,39.61,40.9,39.5,40.1,40.47,-0.86,-2.125,0.7364,368200,14778091.0,16636200000.0,1980500000.0
2017-01-26,'603377,东方时尚,40.47,40.51,39.57,39.6,39.81,0.66,1.6579,1.5026,751304,30096687.0,16997400000.0,2023500000.0
2017-01-25,'603377,东方时尚,39.81,40.35,39.7,40.03,40.4,-0.59,-1.4604,1.2612,630603,25194747.0,16720200000.0,1990500000.0
2017-01-24,'603377,东方时尚,40.4,41.35,40.2,40.73,40.73,-0.33,-0.8102,0.8628,431402,17530465.0,16968000000.0,2020000000.0
2017-01-23,'603377,东方时尚,40.73,40.8,40.2,40.2,40.77,-0.04,-0.0981,1.0641,532038,21608184.0,17106600000.0,2036500000.0
2017-01-20,'603377,东方时尚,40.77,40.98,39.31,39.55,39.28,1.49,3.7933,1.3945,697260,28372727.0,17123400000.0,2038500000.0
2017-01-19,'603377,东方时尚,39.28,40.11,39.2,40.0,40.0,-0.72,-1.8,0.5554,277677,11015321.0,16497600000.0,1964000000.0
2017-01-18,'603377,东方时尚,40.0,40.15,39.66,39.9,39.97,0.03,0.0751,0.6021,301044,12010601.0,16800000000.0,2000000000.0
2017-01-17,'603377,东方时尚,39.97,40.49,39.51,40.26,40.26,-0.29,-0.7203,1.446,722985,28853026.0,16787400000.0,1998500000.0
2017-01-16,'603377,东方时尚,40.26,40.99,38.01,40.6,40.62,-0.36,-0.8863,2.0844,1042195,41036639.0,16909200000.0,2013000000.0
2017-01-13,'603377,东方时尚,40.62,41.75,40.43,40.49,40.56,0.06,0.1479,1.6582,829098,34088659.0,17060400000.0,2031000000.0
2017-01-12,'603377,东方时尚,40.56,41.41,40.22,41.41,40.81,-0.25,-0.6126,1.1855,592736,24189395.0,17035200000.0,2028000000.0
2017-01-11,'603377,东方时尚,40.81,42.1,40.8,41.8,41.97,-1.16,-2.7639,1.371,685499,28511499.0,17140200000.0,2040500000.0
2017-01-10,'603377,东方时尚,41.97,42.14,41.04,41.41,41.74,0.23,0.551,1.9846,992313,41546746.0,17627400000.0,2098500000.0
2017-01-09,'603377,东方时尚,41.74,42.22,41.0,41.4,41.51,0.23,0.5541,2.193,1096503,45725644.0,17530800000.0,2087000000.0
2017-01-06,'603377,东方时尚,41.51,41.77,40.36,40.36,40.33,1.18,2.9259,3.6464,1823202,75135437.0,17434200000.0,2075500000.0
2017-01-05,'603377,东方时尚,40.33,40.53,39.72,40.09,40.1,0.23,0.5736,1.5679,783972,31461574.0,16938600000.0,2016500000.0
2017-01-04,'603377,东方时尚,40.1,40.22,39.65,39.68,39.92,0.18,0.4509,1.9172,958598,38373256.0,16842000000.0,2005000000.0
2017-01-03,'603377,东方时尚,39.92,40.25,39.43,40.19,40.37,-0.45,-1.1147,0.8897,444857,17752747.0,16766400000.0,1996000000.0
2016-12-30,'603377,东方时尚,40.37,40.53,39.8,39.92,40.06,0.31,0.7738,1.6865,843235,33931424.0,16955400000.0,2018500000.0
2016-12-29,'603377,东方时尚,40.06,40.6,39.83,40.6,40.52,-0.46,-1.1352,1.2697,634847,25509489.0,16825200000.0,2003000000.0
2016-12-28,'603377,东方时尚,40.52,41.06,39.65,40.05,40.23,0.29,0.7209,2.8205,1410239,56961041.0,17018400000.0,2026000000.0
2016-12-27,'603377,东方时尚,40.23,40.28,39.49,39.5,39.75,0.48,1.2075,2.0183,1009170,40230219.0,16896600000.0,2011500000.0
2016-12-26,'603377,东方时尚,39.75,39.86,38.16,38.59,38.64,1.11,2.8727,1.9526,976305,38319864.0,16695000000.0,1987500000.0
2016-12-23,'603377,东方时尚,38.64,39.3,38.2,38.45,38.47,0.17,0.4419,2.5151,1257535,48865561.0,16228800000.0,1932000000.0
2016-12-22,'603377,东方时尚,38.47,38.6,37.88,38.1,38.4,0.07,0.1823,1.514,757010,28956216.0,16157400000.0,1923500000.0
2016-12-21,'603377,东方时尚,38.4,38.5,37.85,38.38,38.2,0.2,0.5236,1.4655,732768,28006953.0,16128000000.0,1920000000.0
2016-12-20,'603377,东方时尚,38.2,38.42,37.71,37.71,37.94,0.26,0.6853,0.9541,477059,18191612.0,16044000000.0,1910000000.0
2016-12-19,'603377,东方时尚,37.94,38.08,37.5,38.0,38.1,-0.16,-0.4199,1.0449,522450,19748799.0,15934800000.0,1897000000.0
2016-12-16,'603377,东方时尚,38.1,38.18,37.4,37.61,37.76,0.34,0.9004,1.3245,662257,25093570.0,16002000000.0,1905000000.0
2016-12-15,'603377,东方时尚,37.76,38.2,37.31,37.48,37.49,0.27,0.7202,1.8683,934163,35274208.0,15859200000.0,1888000000.0
2016-12-14,'603377,东方时尚,37.49,38.22,37.38,37.86,38.04,-0.55,-1.4458,0.9672,483600,18292653.0,15745800000.0,1874500000.0
2016-12-13,'603377,东方时尚,38.04,38.4,37.12,37.98,38.2,-0.16,-0.4188,1.3694,684683,25774927.0,15976800000.0,1902000000.0
2016-12-12,'603377,东方时尚,38.2,39.86,37.12,39.86,39.86,-1.66,-4.1646,3.11,1554992,59574016.0,16044000000.0,1910000000.0
2016-12-09,'603377,东方时尚,39.86,40.22,39.47,40.01,40.0,-0.14,-0.35,1.8334,916713,36407534.0,16741200000.0,1993000000.0
2016-12-08,'603377,东方时尚,40.0,40.43,39.98,40.19,40.05,-0.05,-0.1248,1.5144,757210,30412036.0,16800000000.0,2000000000.0
2016-12-07,'603377,东方时尚,40.05,40.23,39.42,40.01,40.01,0.04,0.1,1.2848,642396,25580957.0,16821000000.0,2002500000.0
2016-12-06,'603377,东方时尚,40.01,40.45,39.8,40.15,39.84,0.17,0.4267,1.4875,743771,29770965.0,16804200000.0,2000500000.0
2016-12-05,'603377,东方时尚,39.84,40.2,38.62,38.7,39.79,0.05,0.1257,3.1644,1582219,62529482.0,16732800000.0,1992000000.0
2016-12-02,'603377,东方时尚,39.79,42.86,39.71,42.6,42.52,-2.73,-6.4205,5.7798,2889879,118189634.0,16711800000.0,1989500000.0
2016-12-01,'603377,东方时尚,42.52,42.77,41.98,42.15,42.21,0.31,0.7344,1.9627,981369,41486233.0,17858400000.0,2126000000.0
2016-11-30,'603377,东方时尚,42.21,42.62,41.83,42.17,42.59,-0.38,-0.8922,3.1018,1550913,65361326.0,17728200000.0,2110500000.0
2016-11-29,'603377,东方时尚,42.59,43.87,42.4,43.02,43.45,-0.86,-1.9793,3.2501,1625036,69833732.0,17887800000.0,2129500000.0
2016-11-28,'603377,东方时尚,43.45,43.94,42.52,43.32,43.24,0.21,0.4857,3.6513,1825644,78847264.0,18249000000.0,2172500000.0
2016-11-25,'603377,东方时尚,43.24,43.88,42.16,43.88,43.88,-0.64,-1.4585,4.1688,2084392,89529301.0,18160800000.0,2162000000.0
2016-11-24,'603377,东方时尚,43.88,44.8,43.4,43.55,43.87,0.01,0.0228,4.9398,2469883,109103016.0,18429600000.0,2194000000.0
2016-11-23,'603377,东方时尚,43.87,45.0,43.54,45.0,45.74,-1.87,-4.0883,9.1508,4575390,203056828.0,18425400000.0,2193500000.0
2016-11-22,'603377,东方时尚,45.74,46.6,43.13,44.13,43.49,2.25,5.1736,14.1989,7099442,318508074.0,19210800000.0,2287000000.0
2016-11-21,'603377,东方时尚,43.49,45.0,41.9,41.92,41.9,1.59,3.7947,9.3771,4688571,204424880.0,18265800000.0,2174500000.0
2016-11-18,'603377,东方时尚,41.9,42.38,41.58,41.64,41.54,0.36,0.8666,2.4088,1204379,50487353.0,17598000000.0,2095000000.0
2016-11-17,'603377,东方时尚,41.54,42.28,41.36,42.0,42.21,-0.67,-1.5873,2.53,1264978,52629800.0,17446800000.0,2077000000.0
2016-11-16,'603377,东方时尚,42.21,42.95,42.0,42.73,42.47,-0.26,-0.6122,3.6582,1829121,77547336.0,17728200000.0,2110500000.0
2016-11-15,'603377,东方时尚,42.47,42.91,42.16,42.91,42.92,-0.45,-1.0485,3.0764,1538191,65160793.0,17837400000.0,2123500000.0
2016-11-14,'603377,东方时尚,42.92,43.58,42.28,42.9,43.2,-0.28,-0.6481,3.7809,1890460,80777490.0,18026400000.0,2146000000.0
2016-11-11,'603377,东方时尚,43.2,43.94,42.67,43.23,43.43,-0.23,-0.5296,5.1397,2569852,111213539.0,18144000000.0,2160000000.0
2016-11-10,'603377,东方时尚,43.43,44.0,41.75,42.06,41.72,1.71,4.0988,7.4534,3726690,160487353.0,18240600000.0,2171500000.0
2016-11-09,'603377,东方时尚,41.72,42.6,41.0,42.32,42.54,-0.82,-1.9276,3.9729,1986425,82951751.0,17522400000.0,2086000000.0
2016-11-08,'603377,东方时尚,42.54,42.8,41.5,41.87,41.86,0.68,1.6245,3.8691,1934541,81557693.0,17866800000.0,2127000000.0
2016-11-07,'603377,东方时尚,41.86,43.2,41.45,42.3,41.88,-0.02,-0.0478,5.0007,2500334,105837525.0,17581200000.0,2093000000.0
2016-11-04,'603377,东方时尚,41.88,42.07,40.48,40.59,40.58,1.3,3.2035,4.9822,2491084,103280679.0,17589600000.0,2094000000.0
2016-11-03,'603377,东方时尚,40.58,41.3,40.3,40.65,40.66,-0.08,-0.1968,2.8771,1438563,58597018.0,17043600000.0,2029000000.0
2016-11-02,'603377,东方时尚,40.66,41.95,40.5,41.65,41.64,-0.98,-2.3535,3.4054,1702712,69772129.0,17077200000.0,2033000000.0
2016-11-01,'603377,东方时尚,41.64,41.98,40.72,40.72,40.87,0.77,1.884,3.7082,1854112,76817950.0,17488800000.0,2082000000.0
2016-10-31,'603377,东方时尚,40.87,41.15,40.49,40.5,40.49,0.38,0.9385,3.1901,1595038,65128217.0,17165400000.0,2043500000.0
2016-10-28,'603377,东方时尚,40.49,40.69,40.13,40.38,40.38,0.11,0.2724,1.7886,894284,36170807.0,17005800000.0,2024500000.0
2016-10-27,'603377,东方时尚,40.38,40.6,40.21,40.6,40.62,-0.24,-0.5908,1.4388,719396,29048299.0,16959600000.0,2019000000.0
2016-10-26,'603377,东方时尚,40.62,40.94,40.11,40.94,40.94,-0.32,-0.7816,3.3255,1662744,67111356.0,17060400000.0,2031000000.0
2016-10-25,'603377,东方时尚,40.94,41.39,40.61,41.16,41.1,-0.16,-0.3893,2.279,1139514,46676249.0,17194800000.0,2047000000.0
2016-10-24,'603377,东方时尚,41.1,41.35,40.73,41.2,40.91,0.19,0.4644,2.1634,1081691,44393698.0,17262000000.0,2055000000.0
2016-10-21,'603377,东方时尚,40.91,41.15,40.11,41.15,40.93,-0.02,-0.0489,2.0194,1009701,40942003.0,17182200000.0,2045500000.0
2016-10-20,'603377,东方时尚,40.93,41.14,40.7,40.77,40.89,0.04,0.0978,1.0975,548748,22481159.0,17190600000.0,2046500000.0
2016-10-19,'603377,东方时尚,40.89,41.58,40.8,41.58,41.28,-0.39,-0.9448,1.2697,634850,26013823.0,17173800000.0,2044500000.0
2016-10-18,'603377,东方时尚,41.28,41.4,40.7,41.07,41.05,0.23,0.5603,1.8906,945323,38793395.0,17337600000.0,2064000000.0
2016-10-17,'603377,东方时尚,41.05,42.48,41.0,42.25,42.31,-1.26,-2.978,1.6715,835758,34806901.0,17241000000.0,2052500000.0
2016-10-14,'603377,东方时尚,42.31,42.52,42.0,42.2,42.58,-0.27,-0.6341,0.7633,381656,16112507.0,17770200000.0,2115500000.0
2016-10-13,'603377,东方时尚,42.58,42.9,42.06,42.9,42.97,-0.39,-0.9076,1.5125,756242,32069430.0,17883600000.0,2129000000.0
2016-10-12,'603377,东方时尚,42.97,43.62,42.78,42.98,43.04,-0.07,-0.1626,1.3604,680208,29317889.0,18047400000.0,2148500000.0
2016-10-11,'603377,东方时尚,43.04,43.48,42.66,43.03,43.03,0.01,0.0232,2.1232,1061576,45661183.0,18076800000.0,2152000000.0
2016-10-10,'603377,东方时尚,43.03,43.26,41.74,42.35,42.17,0.86,2.0394,2.0863,1043129,44271712.0,18072600000.0,2151500000.0
2016-09-30,'603377,东方时尚,42.17,42.59,41.6,42.35,42.31,-0.14,-0.3309,1.6717,835857,35082933.0,17711400000.0,2108500000.0
2016-09-29,'603377,东方时尚,42.31,42.93,42.1,42.5,42.5,-0.19,-0.4471,0.9598,479900,20400032.0,17770200000.0,2115500000.0
2016-09-28,'603377,东方时尚,42.5,42.65,42.0,42.65,42.64,-0.14,-0.3283,1.1314,565720,23975584.0,17850000000.0,2125000000.0
2016-09-27,'603377,东方时尚,42.64,42.68,42.0,42.05,42.36,0.28,0.661,1.8985,949235,40259717.0,17908800000.0,2132000000.0
2016-09-26,'603377,东方时尚,42.36,42.9,41.26,42.73,42.92,-0.56,-1.3048,1.8419,920957,38871659.0,17791200000.0,2118000000.0
2016-09-23,'603377,东方时尚,42.92,43.2,42.22,42.87,42.96,-0.04,-0.0931,2.2241,1112058,47489717.0,18026400000.0,2146000000.0
2016-09-22,'603377,东方时尚,42.96,43.35,42.2,43.1,42.68,0.28,0.656,3.4389,1719439,73520110.0,18043200000.0,2148000000.0
2016-09-21,'603377,东方时尚,42.68,43.98,40.8,41.06,41.03,1.65,4.0214,5.3839,2691938,113985235.0,17925600000.0,2134000000.0
2016-09-20,'603377,东方时尚,41.03,41.7,40.55,41.7,40.88,0.15,0.3669,1.9273,963629,39629264.0,17232600000.0,2051500000.0
2016-09-19,'603377,东方时尚,40.88,41.1,40.51,40.96,40.68,0.2,0.4916,1.8547,927339,37859566.0,17169600000.0,2044000000.0
2016-09-14,'603377,东方时尚,40.68,41.0,39.5,39.6,40.07,0.61,1.5223,2.3428,1171393,47406882.0,17085600000.0,2034000000.0
2016-09-13,'603377,东方时尚,40.07,40.29,38.95,39.88,39.88,0.19,0.4764,2.4383,1219128,48348035.0,16829400000.0,2003500000.0
2016-09-12,'603377,东方时尚,39.88,40.31,38.9,40.0,40.77,-0.89,-2.183,3.1987,1599372,63187533.0,16749600000.0,1994000000.0
2016-09-09,'603377,东方时尚,40.77,41.35,40.5,40.85,40.96,-0.19,-0.4639,1.7756,887807,36480733.0,17123400000.0,2038500000.0
2016-09-08,'603377,东方时尚,40.96,41.05,40.21,40.4,40.64,0.32,0.7874,1.8788,939385,38207918.0,17203200000.0,2048000000.0
2016-09-07,'603377,东方时尚,40.64,41.6,40.51,41.5,41.07,-0.43,-1.047,2.1791,1089567,44636380.0,17068800000.0,2032000000.0
2016-09-06,'603377,东方时尚,41.07,41.14,39.7,40.21,40.22,0.85,2.1134,2.441,1220514,49519487.0,17249400000.0,2053500000.0
2016-09-05,'603377,东方时尚,40.22,40.6,40.15,40.28,40.25,-0.03,-0.0745,1.2889,644449,26033906.0,16892400000.0,2011000000.0
2016-09-02,'603377,东方时尚,40.25,40.27,39.5,39.5,39.71,0.54,1.3599,1.6566,828316,33143119.0,16905000000.0,2012500000.0
2016-09-01,'603377,东方时尚,39.71,40.77,39.69,40.64,40.49,-0.78,-1.9264,1.8117,905862,36282932.0,16678200000.0,1985500000.0
2016-08-31,'603377,东方时尚,40.49,40.81,40.14,40.14,40.3,0.19,0.4715,1.8701,935062,37857569.0,17005800000.0,2024500000.0
2016-08-30,'603377,东方时尚,40.3,40.33,39.62,40.23,40.03,0.27,0.6745,1.7606,880305,35189292.0,16926000000.0,2015000000.0
2016-08-29,'603377,东方时尚,40.03,40.55,39.81,40.21,40.44,-0.41,-1.0138,1.4304,715183,28672373.0,16812600000.0,2001500000.0
2016-08-26,'603377,东方时尚,40.44,40.58,39.9,40.4,40.03,0.41,1.0242,1.7516,875800,35267464.0,16984800000.0,2022000000.0
2016-08-25,'603377,东方时尚,40.03,40.1,39.19,40.0,40.14,-0.11,-0.274,1.524,761976,30164940.0,16812600000.0,2001500000.0
2016-08-24,'603377,东方时尚,40.14,40.4,39.89,40.02,40.16,-0.02,-0.0498,1.9147,957339,38369068.0,16858800000.0,2007000000.0
2016-08-23,'603377,东方时尚,40.16,40.42,39.6,39.95,40.02,0.14,0.3498,1.2397,619869,24826277.0,16867200000.0,2008000000.0
2016-08-22,'603377,东方时尚,40.02,41.78,40.0,41.78,41.87,-1.85,-4.4184,2.508,1254016,51014598.0,16808400000.0,2001000000.0
2016-08-19,'603377,东方时尚,41.87,42.0,41.01,41.43,41.61,0.26,0.6248,1.3688,684379,28545107.0,17585400000.0,2093500000.0
2016-08-18,'603377,东方时尚,41.61,42.46,41.5,42.16,42.04,-0.43,-1.0228,1.8991,949545,39840988.0,17476200000.0,2080500000.0
2016-08-17,'603377,东方时尚,42.04,42.32,41.8,42.2,42.15,-0.11,-0.261,2.1074,1053703,44314449.0,17656800000.0,2102000000.0
2016-08-16,'603377,东方时尚,42.15,42.7,41.83,42.32,42.32,-0.17,-0.4017,2.8712,1435619,60606175.0,17703000000.0,2107500000.0
2016-08-15,'603377,东方时尚,42.32,42.51,40.45,40.53,40.35,1.97,4.8823,5.9268,2963417,123811728.0,17774400000.0,2116000000.0
2016-08-12,'603377,东方时尚,40.35,40.36,39.01,39.41,39.47,0.88,2.2295,2.1904,1095188,43842268.0,16947000000.0,2017500000.0
2016-08-11,'603377,东方时尚,39.47,40.5,39.41,40.2,40.52,-1.05,-2.5913,2.6403,1320129,52547710.0,16577400000.0,1973500000.0
2016-08-10,'603377,东方时尚,40.52,40.86,40.0,40.51,40.5,0.02,0.0494,1.9264,963206,38931049.0,17018400000.0,2026000000.0
2016-08-09,'603377,东方时尚,40.5,40.64,39.88,40.19,40.19,0.31,0.7713,2.2829,1141442,45998148.0,17010000000.0,2025000000.0
2016-08-08,'603377,东方时尚,40.19,40.29,38.88,39.11,39.84,0.35,0.8785,1.9647,982340,38891391.0,16879800000.0,2009500000.0
2016-08-05,'603377,东方时尚,39.84,40.4,39.12,40.22,40.22,-0.38,-0.9448,2.1854,1092699,43414122.0,16732800000.0,1992000000.0
2016-08-04,'603377,东方时尚,40.22,40.77,40.16,40.7,40.61,-0.39,-0.9604,1.6052,802597,32359609.0,16892400000.0,2011000000.0
2016-08-03,'603377,东方时尚,40.61,41.18,39.82,40.22,40.2,0.41,1.0199,2.7865,1393262,56575450.0,17056200000.0,2030500000.0
2016-08-02,'603377,东方时尚,40.2,40.49,39.64,39.84,40.02,0.18,0.4498,1.8776,938814,37709206.0,16884000000.0,2010000000.0
2016-08-01,'603377,东方时尚,40.02,40.57,38.0,39.58,39.56,0.46,1.1628,3.8414,1920683,75677651.0,16808400000.0,2001000000.0
2016-07-29,'603377,东方时尚,39.56,39.9,39.17,39.85,39.59,-0.03,-0.0758,3.1733,1586670,62794398.0,16615200000.0,1978000000.0
2016-07-28,'603377,东方时尚,39.59,40.95,38.7,40.94,40.88,-1.29,-3.1556,7.6217,3810874,150418239.0,16627800000.0,1979500000.0
2016-07-27,'603377,东方时尚,40.88,43.7,39.51,43.7,43.65,-2.77,-6.3459,7.059,3529491,146551884.0,17169600000.0,2044000000.0
2016-07-26,'603377,东方时尚,43.65,43.8,42.2,42.74,42.8,0.85,1.986,3.0976,1548786,67279231.0,18333000000.0,2182500000.0
2016-07-25,'603377,东方时尚,42.8,43.47,42.6,42.9,42.75,0.05,0.117,2.4718,1235900,53089637.0,17976000000.0,2140000000.0
2016-07-22,'603377,东方时尚,42.75,43.7,42.0,43.7,43.62,-0.87,-1.9945,4.1656,2082820,89142571.0,17955000000.0,2137500000.0
2016-07-21,'603377,东方时尚,43.62,44.8,43.41,44.09,44.01,-0.39,-0.8862,4.7029,2351459,103330783.0,18320400000.0,2181000000.0
2016-07-20,'603377,东方时尚,44.01,44.44,43.35,43.35,44.5,-0.49,-1.1011,4.5472,2273615,99642815.0,18484200000.0,2200500000.0
2016-07-19,'603377,东方时尚,44.5,44.94,43.22,44.8,45.15,-0.65,-1.4396,6.4194,3209688,141084662.0,18690000000.0,2225000000.0
2016-07-18,'603377,东方时尚,45.15,46.8,45.1,46.8,47.04,-1.89,-4.0179,5.5373,2768651,126604872.0,18963000000.0,2257500000.0
2016-07-15,'603377,东方时尚,47.04,47.76,46.74,47.22,47.07,-0.03,-0.0637,3.9939,1996942,94372909.0,19756800000.0,2352000000.0
2016-07-14,'603377,东方时尚,47.07,47.5,46.5,46.9,47.08,-0.01,-0.0212,3.9033,1951673,91742019.0,19769400000.0,2353500000.0
2016-07-13,'603377,东方时尚,47.08,49.69,45.81,47.4,47.36,-0.28,-0.5912,4.8063,2403167,113000082.0,19773600000.0,2354000000.0
2016-07-12,'603377,东方时尚,47.36,47.5,44.8,47.27,47.26,0.1,0.2116,7.3554,3677714,170668647.0,19891200000.0,2368000000.0
2016-07-11,'603377,东方时尚,47.26,49.6,46.6,48.05,48.28,-1.02,-2.1127,10.3723,5186162,248764138.0,19849200000.0,2363000000.0
2016-07-08,'603377,东方时尚,48.28,49.68,47.01,47.6,47.3,0.98,2.0719,11.2455,5622763,272952622.0,20277600000.0,2414000000.0
2016-07-07,'603377,东方时尚,47.3,48.73,46.42,48.1,49.03,-1.73,-3.5285,13.1401,6570040,312086398.0,19866000000.0,2365000000.0
2016-07-06,'603377,东方时尚,49.03,50.45,44.5,45.7,45.86,3.17,6.9123,21.0745,10537245,508564652.0,20592600000.0,2451500000.0
2016-07-05,'603377,东方时尚,45.86,45.89,43.42,43.43,43.67,2.19,5.0149,9.5502,4775101,214134496.0,19261200000.0,2293000000.0
2016-07-04,'603377,东方时尚,43.67,44.25,42.02,43.38,43.52,0.15,0.3447,7.5147,3757330,161674557.0,18341400000.0,2183500000.0
2016-07-01,'603377,东方时尚,43.52,45.98,43.05,44.88,45.49,-1.97,-4.3306,7.4883,3744165,165651094.0,18278400000.0,2176000000.0
2016-06-30,'603377,东方时尚,45.49,46.58,43.0,46.0,47.2,-1.71,-3.6229,7.7418,3870916,175202220.0,19105800000.0,2274500000.0
2016-06-29,'603377,东方时尚,47.2,47.5,45.08,46.4,46.12,1.08,2.3417,7.4747,3737345,173415875.0,19824000000.0,2360000000.0
2016-06-28,'603377,东方时尚,46.12,47.0,45.5,46.6,46.71,-0.59,-1.2631,3.8228,1911416,88441419.0,19370400000.0,2306000000.0
2016-06-27,'603377,东方时尚,46.71,47.6,43.65,43.98,44.07,2.64,5.9905,6.0429,3021435,138291477.0,19618200000.0,2335500000.0
2016-06-24,'603377,东方时尚,44.07,45.95,41.66,45.32,45.36,-1.29,-2.8439,6.0963,3048156,134827145.0,18509400000.0,2203500000.0
2016-06-23,'603377,东方时尚,45.36,47.27,45.1,46.29,46.29,-0.93,-2.0091,4.215,2107477,96508934.0,19051200000.0,2268000000.0
2016-06-22,'603377,东方时尚,46.29,46.7,45.0,45.29,45.29,1.0,2.208,4.1638,2081883,96087485.0,19441800000.0,2314500000.0
2016-06-21,'603377,东方时尚,45.29,47.27,44.96,47.0,47.24,-1.95,-4.1279,7.6028,3801403,175092712.0,19021800000.0,2264500000.0
2016-06-20,'603377,东方时尚,47.24,48.5,46.01,47.17,47.19,0.05,0.106,7.3678,3683879,174382120.0,19840800000.0,2362000000.0
2016-06-17,'603377,东方时尚,47.19,47.7,45.5,46.3,45.91,1.28,2.7881,6.4385,3219273,150065825.0,19819800000.0,2359500000.0
2016-06-16,'603377,东方时尚,45.91,48.86,45.41,46.37,46.15,-0.24,-0.52,11.0839,5541951,261845364.0,19282200000.0,2295500000.0
2016-06-15,'603377,东方时尚,46.15,47.5,42.43,42.43,43.65,2.5,5.7274,9.7574,4878690,221216688.0,19383000000.0,2307500000.0
2016-06-14,'603377,东方时尚,43.65,44.87,40.55,40.56,40.82,2.83,6.9329,9.0372,4518584,194457623.0,18333000000.0,2182500000.0
2016-06-13,'603377,东方时尚,40.82,43.99,40.55,41.72,43.15,-2.33,-5.3998,9.3817,4690858,198303431.0,17144400000.0,2041000000.0
2016-06-08,'603377,东方时尚,43.15,44.68,42.41,44.1,44.78,-1.63,-3.64,8.1019,4050936,175834522.0,18123000000.0,2157500000.0
2016-06-07,'603377,东方时尚,44.78,45.96,42.2,42.26,42.41,2.37,5.5883,13.1655,6582743,289238759.0,18807600000.0,2239000000.0
2016-06-06,'603377,东方时尚,42.41,43.3,41.45,43.3,42.84,-0.43,-1.0037,7.8762,3938093,167278221.0,17812200000.0,2120500000.0
2016-06-03,'603377,东方时尚,42.84,43.49,41.03,42.6,42.96,-0.12,-0.2793,12.9367,6468325,274959673.0,17992800000.0,2142000000.0
2016-06-02,'603377,东方时尚,42.96,43.56,40.89,41.33,41.33,1.63,3.9439,11.8598,5929900,252565708.0,18043200000.0,2148000000.0
2016-06-01,'603377,东方时尚,41.33,42.98,39.52,39.95,39.77,1.56,3.9226,16.7184,8359197,347155503.0,17358600000.0,2066500000.0
2016-05-31,'603377,东方时尚,39.77,39.99,37.65,37.68,37.77,2.0,5.2952,13.9677,6983828,272948056.0,16703400000.0,1988500000.0
2016-05-30,'603377,东方时尚,37.77,38.28,37.19,37.89,38.52,-0.75,-1.947,4.358,2179008,82334754.0,15863400000.0,1888500000.0
2016-05-27,'603377,东方时尚,38.52,39.39,38.03,38.21,38.56,-0.04,-0.1037,10.7088,5354390,207158095.0,16178400000.0,1926000000.0
2016-05-26,'603377,东方时尚,38.56,38.78,36.5,37.9,38.39,0.17,0.4428,9.7492,4874587,184463847.0,16195200000.0,1928000000.0
2016-05-25,'603377,东方时尚,38.39,39.33,38.05,38.77,37.88,0.51,1.3464,12.4853,6242648,241572226.0,16123800000.0,1919500000.0
2016-05-24,'603377,东方时尚,37.88,38.99,37.58,37.59,37.84,0.04,0.1057,9.1156,4557807,174169728.0,15909600000.0,1894000000.0
2016-05-23,'603377,东方时尚,37.84,38.7,37.54,38.25,37.84,0.0,0.0,13.9529,6976454,266102154.0,15892800000.0,1892000000.0
2016-05-20,'603377,东方时尚,37.84,37.98,36.36,36.6,37.1,0.74,1.9946,13.0215,6510734,243785834.0,15892800000.0,1892000000.0
2016-05-19,'603377,东方时尚,37.1,37.97,35.51,35.8,36.37,0.73,2.0071,16.0849,8042448,296255428.0,15582000000.0,1855000000.0
2016-05-18,'603377,东方时尚,36.37,36.88,34.01,34.01,34.58,1.79,5.1764,17.1956,8597810,304800356.0,15275400000.0,1818500000.0
2016-05-17,'603377,东方时尚,34.58,34.9,34.3,34.9,34.8,-0.22,-0.6322,4.9051,2452539,84842189.0,14523600000.0,1729000000.0
2016-05-16,'603377,东方时尚,34.8,34.84,33.4,34.15,33.97,0.83,2.4433,7.2088,3604388,124138796.0,14616000000.0,1740000000.0
2016-05-13,'603377,东方时尚,33.97,34.88,33.61,34.5,34.68,-0.71,-2.0473,6.0617,3030839,103552705.0,14267400000.0,1698500000.0
2016-05-12,'603377,东方时尚,34.68,34.99,32.56,33.0,33.77,0.91,2.6947,9.3518,4675900,159739177.0,14565600000.0,1734000000.0
2016-05-11,'603377,XD东方时,33.77,35.09,33.56,34.19,33.74,0.03,0.0889,7.9411,3970532,136312279.0,14183400000.0,1688500000.0
2016-05-10,'603377,东方时尚,34.04,34.25,33.1,33.51,33.37,0.67,2.0078,7.1544,3577213,120457957.0,14296800000.0,1702000000.0
2016-05-09,'603377,东方时尚,33.37,36.16,33.04,36.1,36.71,-3.34,-9.0983,9.8298,4914878,168687510.0,14015400000.0,1668500000.0
2016-05-06,'603377,东方时尚,36.71,38.58,36.63,37.36,37.36,-0.65,-1.7398,12.9946,6497313,244282097.0,15418200000.0,1835500000.0
2016-05-05,'603377,东方时尚,37.36,37.76,36.7,37.76,37.5,-0.14,-0.3733,6.9,3449994,128160080.0,15691200000.0,1868000000.0
2016-05-04,'603377,东方时尚,37.5,37.85,37.18,37.49,37.49,0.01,0.0267,6.7085,3354236,125527286.0,15750000000.0,1875000000.0
2016-05-03,'603377,东方时尚,37.49,37.5,36.31,36.88,36.42,1.07,2.9379,7.8337,3916872,144909600.0,15745800000.0,1874500000.0
2016-04-29,'603377,东方时尚,36.42,36.9,36.11,36.11,36.91,-0.49,-1.3276,5.0168,2508399,91287629.0,15296400000.0,1821000000.0
2016-04-28,'603377,东方时尚,36.91,37.61,36.01,37.34,37.32,-0.41,-1.0986,6.6496,3324819,121744394.0,15502200000.0,1845500000.0
2016-04-27,'603377,东方时尚,37.32,38.5,37.08,38.31,38.31,-0.99,-2.5842,6.1645,3082246,116402145.0,15674400000.0,1866000000.0
2016-04-26,'603377,东方时尚,38.31,38.66,37.75,38.0,38.47,-0.16,-0.4159,6.2765,3138265,119713636.0,16090200000.0,1915500000.0
2016-04-25,'603377,东方时尚,38.47,38.87,36.58,37.0,37.29,1.18,3.1644,11.8375,5918774,223306020.0,16157400000.0,1923500000.0
2016-04-22,'603377,东方时尚,37.29,37.31,36.08,36.09,36.29,1.0,2.7556,6.7447,3372339,123515917.0,15661800000.0,1864500000.0
2016-04-21,'603377,东方时尚,36.29,37.7,36.16,37.31,37.35,-1.06,-2.838,10.1034,5051713,187026342.0,15241800000.0,1814500000.0
2016-04-20,'603377,东方时尚,37.35,40.61,36.8,40.3,40.26,-2.91,-7.228,15.0114,7505701,286314753.0,15687000000.0,1867500000.0
2016-04-19,'603377,东方时尚,40.26,40.95,39.6,40.5,39.84,0.42,1.0542,8.6753,4337629,174377956.0,16909200000.0,2013000000.0
2016-04-18,'603377,东方时尚,39.84,41.4,39.57,41.1,41.9,-2.06,-4.9165,10.6857,5342865,215032847.0,16732800000.0,1992000000.0
2016-04-15,'603377,东方时尚,41.9,42.98,41.47,42.75,43.5,-1.6,-3.6782,18.9081,9454027,398868839.0,17598000000.0,2095000000.0
2016-04-14,'603377,东方时尚,43.5,44.44,40.5,40.77,40.63,2.87,7.0637,25.7024,12851178,541971117.0,18270000000.0,2175000000.0
2016-04-13,'603377,东方时尚,40.63,40.78,39.38,40.3,40.22,0.41,1.0194,15.0781,7539036,302824177.0,17064600000.0,2031500000.0
2016-04-12,'603377,东方时尚,40.22,41.22,39.18,39.44,39.24,0.98,2.4975,18.2567,9128359,368132579.0,16892400000.0,2011000000.0
2016-04-11,'603377,东方时尚,39.24,39.31,38.19,38.19,37.92,1.32,3.481,9.4964,4748187,184727864.0,16480800000.0,1962000000.0
2016-04-08,'603377,东方时尚,37.92,37.99,37.1,37.89,38.43,-0.51,-1.3271,8.4054,4202688,157735965.0,15926400000.0,1896000000.0
2016-04-07,'603377,东方时尚,38.43,39.57,38.38,39.01,38.99,-0.56,-1.4363,9.4784,4739202,185156417.0,16140600000.0,1921500000.0
2016-04-06,'603377,东方时尚,38.99,39.5,38.7,39.5,39.75,-0.76,-1.9119,9.0871,4543553,177795393.0,16375800000.0,1949500000.0
2016-04-05,'603377,东方时尚,39.75,39.93,38.05,38.78,38.93,0.82,2.1063,12.3006,6150293,239848247.0,16695000000.0,1987500000.0
2016-04-01,'603377,东方时尚,38.93,39.7,38.3,39.52,40.0,-1.07,-2.675,9.8204,4910200,191646899.0,16350600000.0,1946500000.0
2016-03-31,'603377,东方时尚,40.0,40.46,39.15,39.46,39.45,0.55,1.3942,14.4226,7211284,286569411.0,16800000000.0,2000000000.0
2016-03-30,'603377,东方时尚,39.45,39.48,38.08,38.08,37.8,1.65,4.3651,12.0375,6018739,233272063.0,16569000000.0,1972500000.0
2016-03-29,'603377,东方时尚,37.8,39.35,37.22,39.18,38.86,-1.06,-2.7277,9.3778,4688906,178165443.0,15876000000.0,1890000000.0
2016-03-28,'603377,东方时尚,38.86,40.4,38.45,39.48,39.35,-0.49,-1.2452,10.4605,5230245,206886740.0,16321200000.0,1943000000.0
2016-03-25,'603377,东方时尚,39.35,41.27,38.34,40.6,40.9,-1.55,-3.7897,15.1075,7553764,299670782.0,16527000000.0,1967500000.0
2016-03-24,'603377,东方时尚,40.9,41.92,40.5,41.21,42.1,-1.2,-2.8504,16.0275,8013734,328932439.0,17178000000.0,2045000000.0
2016-03-23,'603377,东方时尚,42.1,42.58,41.05,41.64,41.61,0.49,1.1776,15.3374,7668694,321467815.0,17682000000.0,2105000000.0
2016-03-22,'603377,东方时尚,41.61,42.69,41.5,42.4,43.22,-1.61,-3.7251,17.6073,8803633,370048590.0,17476200000.0,2080500000.0
2016-03-21,'603377,东方时尚,43.22,45.6,42.8,43.5,42.19,1.03,2.4413,23.996,11998015,526361151.0,18152400000.0,2161000000.0
2016-03-18,'603377,东方时尚,42.19,43.62,39.8,39.82,39.94,2.25,5.6335,25.77,12885007,538940937.0,17719800000.0,2109500000.0
2016-03-17,'603377,东方时尚,39.94,41.13,37.92,38.51,38.59,1.35,3.4983,20.7872,10393579,410171136.0,16774800000.0,1997000000.0
2016-03-16,'603377,东方时尚,38.59,41.09,38.5,40.07,39.4,-0.81,-2.0558,15.1429,7571441,300537662.0,16207800000.0,1929500000.0
2016-03-15,'603377,东方时尚,39.4,41.69,39.1,41.0,41.15,-1.75,-4.2527,20.6035,10301727,415245928.0,16548000000.0,1970000000.0
2016-03-14,'603377,东方时尚,41.15,41.15,37.93,37.93,37.41,3.74,9.9973,13.7351,6867565,274323642.0,17283000000.0,2057500000.0
2016-03-11,'603377,东方时尚,37.41,38.31,36.37,37.5,38.1,-0.69,-1.811,13.076,6537975,244228101.0,15712200000.0,1870500000.0
2016-03-10,'603377,东方时尚,38.1,39.5,37.51,38.19,38.19,-0.09,-0.2357,17.7014,8850683,342670896.0,16002000000.0,1905000000.0
2016-03-09,'603377,东方时尚,38.19,39.42,36.2,37.32,38.28,-0.09,-0.2351,19.5407,9770367,374523105.0,16039800000.0,1909500000.0
2016-03-08,'603377,东方时尚,38.28,38.48,36.06,37.5,38.84,-0.56,-1.4418,18.0751,9037531,337734967.0,16077600000.0,1914000000.0
2016-03-07,'603377,东方时尚,38.84,40.5,38.37,39.08,37.58,1.26,3.3528,19.0223,9511167,373701385.0,16312800000.0,1942000000.0
2016-03-04,'603377,东方时尚,37.58,40.0,37.23,39.09,41.31,-3.73,-9.0293,27.8976,13948818,540583598.0,15783600000.0,1879000000.0
2016-03-03,'603377,东方时尚,41.31,45.5,41.0,43.4,44.28,-2.97,-6.7073,36.4486,18224315,788756272.0,17350200000.0,2065500000.0
2016-03-02,'603377,东方时尚,44.28,45.98,40.33,42.5,42.21,2.07,4.9041,36.9431,18471528,800347643.0,18597600000.0,2214000000.0
2016-03-01,'603377,东方时尚,42.21,44.66,40.59,40.59,45.1,-2.89,-6.408,44.1698,22084918,916116506.0,17728200000.0,2110500000.0
2016-02-29,'603377,东方时尚,45.1,45.1,45.1,45.1,50.11,-5.01,-9.998,2.7016,1350800,60921080.0,18942000000.0,2255000000.0
2016-02-26,'603377,东方时尚,50.11,53.2,50.11,52.33,55.68,-5.57,-10.0036,33.1477,16573873,840518763.0,21046200000.0,2505500000.0
2016-02-25,'603377,东方时尚,55.68,55.68,50.8,52.5,50.62,5.06,9.996,63.3756,31687806,1705220620.0,23385600000.0,2784000000.0
2016-02-24,'603377,东方时尚,50.62,50.62,47.57,50.62,46.02,4.6,9.9957,61.4906,30745291,1523747079.0,21260400000.0,2531000000.0
2016-02-23,'603377,东方时尚,46.02,46.02,46.02,46.02,41.84,4.18,9.9904,1.5482,774113,35624680.0,19328400000.0,2301000000.0
2016-02-22,'603377,东方时尚,41.84,41.84,41.84,41.84,38.04,3.8,9.9895,0.7778,388890,16271158.0,17572800000.0,2092000000.0
2016-02-19,'603377,东方时尚,38.04,38.04,38.04,38.04,34.58,3.46,10.0058,1.3667,683330,25993873.0,15976800000.0,1902000000.0
2016-02-18,'603377,东方时尚,34.58,34.58,34.58,34.58,31.44,3.14,9.9873,0.4758,237905,8226755.0,14523600000.0,1729000000.0
2016-02-17,'603377,东方时尚,31.44,31.44,31.44,31.44,28.58,2.86,10.007,0.1213,60638,1906459.0,13204800000.0,1572000000.0
2016-02-16,'603377,东方时尚,28.58,28.58,28.58,28.58,25.98,2.6,10.0077,0.0566,28317,809300.0,12003600000.0,1429000000.0
2016-02-15,'603377,东方时尚,25.98,25.98,25.98,25.98,23.62,2.36,9.9915,0.1693,84637,2198869.0,10911600000.0,1299000000.0
2016-02-05,'603377,N东方,23.62,23.62,19.68,19.68,16.4,7.22,44.0244,0.2635,131738,3103772.0,9920400000.0,1181000000.0
