日期,股票代码,名称,收盘价,最高价,最低价,开盘价,前收盘,涨跌额,涨跌幅,换手率,成交量,成交金额,总市值,流通市值
2017-05-15,'603308,应流股份,15.51,15.78,15.48,15.62,15.61,-0.1,-0.6406,0.6423,2569382,40092388.0,6727529828.91,6204155100.0
2017-05-12,'603308,应流股份,15.61,15.78,15.43,15.6,15.6,0.01,0.0641,0.7283,2913300,45309235.0,6770905263.01,6244156100.0
2017-05-11,'603308,应流股份,15.6,15.73,15.1,15.73,15.82,-0.22,-1.3906,1.177,4707955,72727316.0,6766567719.6,6240156000.0
2017-05-10,'603308,应流股份,15.82,16.21,15.76,15.8,15.69,0.13,0.8286,1.5562,6225063,99604434.0,6861993674.62,6328158200.0
2017-05-09,'603308,应流股份,15.69,15.72,15.5,15.57,15.56,0.13,0.8355,0.6594,2637616,41219938.0,6805605610.29,6276156900.0
2017-05-08,'603308,应流股份,15.56,15.75,15.45,15.69,15.68,-0.12,-0.7653,0.6147,2459008,38358490.0,6749217545.96,6224155600.0
2017-05-05,'603308,应流股份,15.68,16.06,15.67,16.06,16.1,-0.42,-2.6087,0.8454,3381593,53816169.0,6801268066.88,6272156800.0
2017-05-04,'603308,应流股份,16.1,16.28,16.02,16.19,16.22,-0.12,-0.7398,0.6252,2501029,40369895.0,6983444890.1,6440161000.0
2017-05-03,'603308,应流股份,16.22,16.26,15.91,16.11,16.1,0.12,0.7453,0.8181,3272524,52749590.0,7035495411.02,6488162200.0
2017-05-02,'603308,应流股份,16.1,16.19,15.96,16.0,16.18,-0.08,-0.4944,0.6006,2402306,38613538.0,6983444890.1,6440161000.0
2017-04-28,'603308,应流股份,16.18,16.49,16.08,16.13,15.82,0.36,2.2756,1.5541,6216480,101217420.0,7018145237.38,6472161800.0
2017-04-27,'603308,应流股份,15.82,15.89,15.12,15.32,15.34,0.48,3.1291,1.3405,5362055,83703572.0,6861993674.62,6328158200.0
2017-04-26,'603308,应流股份,15.34,15.47,15.15,15.23,15.22,0.12,0.7884,0.761,3044139,46541018.0,6653791590.94,6136153400.0
2017-04-25,'603308,应流股份,15.22,15.46,15.1,15.28,15.22,0.0,0.0,0.7648,3059129,46820583.0,6601741070.02,6088152200.0
2017-04-24,'603308,应流股份,15.22,16.16,15.18,16.16,16.03,-0.81,-5.053,1.1602,4640754,72088351.0,6601741070.02,6088152200.0
2017-04-21,'603308,应流股份,16.03,16.22,16.0,16.2,16.13,-0.1,-0.62,0.7071,2828319,45537796.0,6953082086.23,6412160300.0
2017-04-20,'603308,应流股份,16.13,16.27,15.91,16.07,16.13,0.0,0.0,0.9142,3656965,58718159.0,6996457520.33,6452161300.0
2017-04-19,'603308,应流股份,16.13,16.87,15.82,16.87,16.91,-0.78,-4.6127,2.4806,9922549,160622867.0,6996457520.33,6452161300.0
2017-04-18,'603308,应流股份,16.91,17.44,16.88,17.22,17.18,-0.27,-1.5716,0.9384,3753509,64397774.0,7334785906.31,6764169100.0
2017-04-17,'603308,应流股份,17.18,17.74,17.0,17.74,17.85,-0.67,-3.7535,1.4107,5642886,97824047.0,7451899578.38,6872171800.0
2017-04-14,'603308,应流股份,17.85,18.31,17.75,18.26,18.19,-0.34,-1.8692,1.4577,5830985,104774862.0,7742514986.85,7140178500.0
2017-04-13,'603308,应流股份,18.19,18.53,18.17,18.5,18.4,-0.21,-1.1413,1.0962,4384944,80220145.0,7889991462.79,7276181900.0
2017-04-12,'603308,应流股份,18.4,18.65,18.4,18.65,18.65,-0.25,-1.3405,0.771,3083884,56923929.0,7981079874.4,7360184000.0
2017-04-11,'603308,应流股份,18.65,18.73,18.15,18.51,18.51,0.14,0.7563,1.524,6096253,112329657.0,8089518459.65,7460186500.0
2017-04-10,'603308,应流股份,18.51,19.0,18.5,19.0,18.94,-0.43,-2.2703,1.5472,6188796,115098099.0,8028792851.91,7404185100.0
2017-04-07,'603308,应流股份,18.94,19.15,18.8,18.84,18.84,0.1,0.5308,1.2907,5162979,98075369.0,8215307218.54,7576189400.0
2017-04-06,'603308,应流股份,18.84,18.87,18.75,18.87,18.89,-0.05,-0.2647,1.3053,5221470,98156620.0,8171931784.44,7536188400.0
2017-04-05,'603308,应流股份,18.89,18.9,18.71,18.76,18.73,0.16,0.8542,1.674,6696041,125986381.0,8193619501.49,7556188900.0
2017-03-31,'603308,应流股份,18.73,18.94,18.62,18.62,18.72,0.01,0.0534,0.8302,3321068,62247564.0,8124218806.93,7492187300.0
2017-03-30,'603308,应流股份,18.72,19.36,18.69,19.27,19.27,-0.55,-2.8542,1.5811,6324514,119876471.0,8119881263.52,7488187200.0
2017-03-29,'603308,应流股份,19.27,19.38,19.2,19.22,19.26,0.01,0.0519,0.848,3392124,65407174.0,8358446151.07,7708192700.0
2017-03-28,'603308,应流股份,19.26,19.64,19.25,19.57,19.57,-0.31,-1.5841,1.5222,6088913,118269381.0,8354108607.66,7704192600.0
2017-03-27,'603308,应流股份,19.57,19.68,19.52,19.68,19.62,-0.05,-0.2548,0.9863,3945438,77217760.0,8488572453.37,7828195700.0
2017-03-24,'603308,应流股份,19.62,19.77,19.5,19.77,19.8,-0.18,-0.9091,1.4909,5963700,116810999.0,8510260170.42,7848196200.0
2017-03-23,'603308,应流股份,19.8,19.93,19.54,19.64,19.64,0.16,0.8147,1.4302,5721021,112728673.0,8588335951.8,7920198000.0
2017-03-22,'603308,应流股份,19.64,19.78,19.47,19.78,19.84,-0.2,-1.0081,1.2031,4812373,94377567.0,8518935257.24,7856196400.0
2017-03-21,'603308,应流股份,19.84,20.04,19.75,20.04,19.93,-0.09,-0.4516,1.6202,6481016,128557794.0,8605686125.44,7936198400.0
2017-03-20,'603308,应流股份,19.93,20.37,19.9,19.95,19.79,0.14,0.7074,2.7095,10838467,218108149.0,8644724016.13,7972199300.0
2017-03-17,'603308,应流股份,19.79,19.92,19.72,19.72,19.69,0.1,0.5079,1.8021,7208623,142763590.0,8583998408.39,7916197900.0
2017-03-16,'603308,应流股份,19.69,19.79,19.46,19.79,19.51,0.18,0.9226,1.0761,4304308,84561645.0,8540622974.29,7876196900.0
2017-03-15,'603308,应流股份,19.51,19.65,19.47,19.6,19.67,-0.16,-0.8134,0.7573,3029369,59110373.0,8462547192.91,7804195100.0
2017-03-14,'603308,应流股份,19.67,19.89,19.64,19.85,19.8,-0.13,-0.6566,0.8546,3418349,67491379.0,8531947887.47,7868196700.0
2017-03-13,'603308,应流股份,19.8,19.94,19.7,19.71,19.75,0.05,0.2532,1.5001,6000364,119048204.0,8588335951.8,7920198000.0
2017-03-10,'603308,应流股份,19.75,19.79,19.38,19.56,19.55,0.2,1.023,1.2323,4929345,96643830.0,8566648234.75,7900197500.0
2017-03-09,'603308,应流股份,19.55,19.78,19.5,19.73,19.72,-0.17,-0.8621,0.9297,3718983,72876939.0,8479897366.55,7820195500.0
2017-03-08,'603308,应流股份,19.72,19.89,19.6,19.85,19.83,-0.11,-0.5547,0.896,3583977,70687439.0,8553635604.52,7888197200.0
2017-03-07,'603308,应流股份,19.83,19.94,19.7,19.84,19.82,0.01,0.0505,1.172,4688036,92852325.0,8601348582.03,7932198300.0
2017-03-06,'603308,应流股份,19.82,19.97,19.45,19.45,19.39,0.43,2.2176,1.8551,7420685,146923189.0,8597011038.62,7928198200.0
2017-03-03,'603308,应流股份,19.39,19.45,19.25,19.45,19.46,-0.07,-0.3597,0.7216,2886339,55837385.0,8410496671.99,7756193900.0
2017-03-02,'603308,应流股份,19.46,19.6,19.42,19.57,19.57,-0.11,-0.5621,1.0573,4229452,82456060.0,8440859475.86,7784194600.0
2017-03-01,'603308,应流股份,19.57,19.69,19.49,19.5,19.56,0.01,0.0511,0.9524,3809610,74660375.0,8488572453.37,7828195700.0
2017-02-28,'603308,应流股份,19.56,19.63,19.47,19.63,19.6,-0.04,-0.2041,1.0,3999917,78105275.0,8484234909.96,7824195600.0
2017-02-27,'603308,应流股份,19.6,19.81,19.54,19.72,19.78,-0.18,-0.91,1.0748,4299272,84387535.0,8501585083.6,7840196000.0
2017-02-24,'603308,应流股份,19.78,19.85,19.48,19.77,19.82,-0.04,-0.2018,1.4162,5665096,111341855.0,8579660864.98,7912197800.0
2017-02-23,'603308,应流股份,19.82,19.95,19.57,19.72,19.66,0.16,0.8138,2.0669,8267966,163600985.0,8597011038.62,7928198200.0
2017-02-22,'603308,应流股份,19.66,19.68,19.42,19.56,19.57,0.09,0.4599,1.7508,7003493,137022778.0,8527610344.06,7864196600.0
2017-02-21,'603308,应流股份,19.57,19.63,19.2,19.31,19.15,0.42,2.1932,2.6414,10565913,205602985.0,8488572453.37,7828195700.0
2017-02-20,'603308,应流股份,19.15,19.74,18.9,19.61,19.82,-0.67,-3.3804,4.1393,16557542,317865675.0,8306395630.15,7660191500.0
2017-02-17,'603308,应流股份,19.82,20.17,19.8,20.11,20.16,-0.34,-1.6865,1.7274,6909684,137816312.0,8597011038.62,7928198200.0
2017-02-16,'603308,应流股份,20.16,20.27,19.84,20.23,20.26,-0.1,-0.4936,2.4036,9614483,192897938.0,8744487514.56,8064201600.0
2017-02-15,'603308,应流股份,20.26,20.45,20.02,20.1,20.28,-0.02,-0.0986,3.3967,13587099,274793120.0,8787862948.66,8104202600.0
2017-02-14,'603308,应流股份,20.28,21.92,20.21,21.92,21.92,-1.64,-7.4818,6.8214,27286284,559875848.0,8796538035.48,8112202800.0
2017-02-13,'603308,应流股份,0.0,0.0,0.0,0.0,21.92,None,None,0.0,0,0.0,9507895154.72,8768219200.0
2017-02-10,'603308,应流股份,0.0,0.0,0.0,0.0,21.92,None,None,0.0,0,0.0,9507895154.72,8768219200.0
2017-02-09,'603308,应流股份,0.0,0.0,0.0,0.0,21.92,None,None,0.0,0,0.0,9507895154.72,8768219200.0
2017-02-08,'603308,应流股份,0.0,0.0,0.0,0.0,21.92,None,None,0.0,0,0.0,9507895154.72,8768219200.0
2017-02-07,'603308,应流股份,0.0,0.0,0.0,0.0,21.92,None,None,0.0,0,0.0,9507895154.72,8768219200.0
2017-02-06,'603308,应流股份,0.0,0.0,0.0,0.0,21.92,None,None,0.0,0,0.0,9507895154.72,8768219200.0
2017-02-03,'603308,应流股份,0.0,0.0,0.0,0.0,21.92,None,None,0.0,0,0.0,9507895154.72,8768219200.0
2017-01-26,'603308,应流股份,0.0,0.0,0.0,0.0,21.92,None,None,0.0,0,0.0,9507895154.72,8768219200.0
2017-01-25,'603308,应流股份,0.0,0.0,0.0,0.0,21.92,None,None,0.0,0,0.0,9507895154.72,8768219200.0
2017-01-24,'603308,应流股份,0.0,0.0,0.0,0.0,21.92,None,None,0.0,0,0.0,9507895154.72,8768219200.0
2017-01-23,'603308,应流股份,0.0,0.0,0.0,0.0,21.92,None,None,0.0,0,0.0,9507895154.72,8768219200.0
2017-01-20,'603308,应流股份,0.0,0.0,0.0,0.0,21.92,None,None,0.0,0,0.0,9507895154.72,5256880528.64
2017-01-19,'603308,应流股份,0.0,0.0,0.0,0.0,21.92,None,None,0.0,0,0.0,9507895154.72,5256880528.64
2017-01-18,'603308,应流股份,0.0,0.0,0.0,0.0,21.92,None,None,0.0,0,0.0,9507895154.72,5256880528.64
2017-01-17,'603308,应流股份,0.0,0.0,0.0,0.0,21.92,None,None,0.0,0,0.0,9507895154.72,5256880528.64
2017-01-16,'603308,应流股份,0.0,0.0,0.0,0.0,21.92,None,None,0.0,0,0.0,9507895154.72,5256880528.64
2017-01-13,'603308,应流股份,0.0,0.0,0.0,0.0,21.92,None,None,0.0,0,0.0,9507895154.72,5256880528.64
2017-01-12,'603308,应流股份,0.0,0.0,0.0,0.0,21.92,None,None,0.0,0,0.0,9507895154.72,5256880528.64
2017-01-11,'603308,应流股份,0.0,0.0,0.0,0.0,21.92,None,None,0.0,0,0.0,9507895154.72,5256880528.64
2017-01-10,'603308,应流股份,0.0,0.0,0.0,0.0,21.92,None,None,0.0,0,0.0,9507895154.72,5256880528.64
2017-01-09,'603308,应流股份,0.0,0.0,0.0,0.0,21.92,None,None,0.0,0,0.0,9507895154.72,5256880528.64
2017-01-06,'603308,应流股份,0.0,0.0,0.0,0.0,21.92,None,None,0.0,0,0.0,9507895154.72,5256880528.64
2017-01-05,'603308,应流股份,0.0,0.0,0.0,0.0,21.92,None,None,0.0,0,0.0,9507895154.72,5256880528.64
2017-01-04,'603308,应流股份,0.0,0.0,0.0,0.0,21.92,None,None,0.0,0,0.0,9507895154.72,5256880528.64
2017-01-03,'603308,应流股份,0.0,0.0,0.0,0.0,21.92,None,None,0.0,0,0.0,9507895154.72,5256880528.64
2016-12-30,'603308,应流股份,0.0,0.0,0.0,0.0,21.92,None,None,0.0,0,0.0,9507895154.72,5256880528.64
2016-12-29,'603308,应流股份,0.0,0.0,0.0,0.0,21.92,None,None,0.0,0,0.0,9507895154.72,5256880528.64
2016-12-28,'603308,应流股份,0.0,0.0,0.0,0.0,21.92,None,None,0.0,0,0.0,9507895154.72,5256880528.64
2016-12-27,'603308,应流股份,0.0,0.0,0.0,0.0,21.92,None,None,0.0,0,0.0,9507895154.72,5256880528.64
2016-12-26,'603308,应流股份,0.0,0.0,0.0,0.0,21.92,None,None,0.0,0,0.0,9507895154.72,5256880528.64
2016-12-23,'603308,应流股份,0.0,0.0,0.0,0.0,21.92,None,None,0.0,0,0.0,9507895154.72,5256880528.64
2016-12-22,'603308,应流股份,0.0,0.0,0.0,0.0,21.92,None,None,0.0,0,0.0,9507895154.72,5256880528.64
2016-12-21,'603308,应流股份,0.0,0.0,0.0,0.0,21.92,None,None,0.0,0,0.0,9507895154.72,5256880528.64
2016-12-20,'603308,应流股份,0.0,0.0,0.0,0.0,21.92,None,None,0.0,0,0.0,9507895154.72,5256880528.64
2016-12-19,'603308,应流股份,0.0,0.0,0.0,0.0,21.92,None,None,0.0,0,0.0,9507895154.72,5256880528.64
2016-12-16,'603308,应流股份,0.0,0.0,0.0,0.0,21.92,None,None,0.0,0,0.0,9507895154.72,5256880528.64
2016-12-15,'603308,应流股份,0.0,0.0,0.0,0.0,21.92,None,None,0.0,0,0.0,9507895154.72,5256880528.64
2016-12-14,'603308,应流股份,0.0,0.0,0.0,0.0,21.92,None,None,0.0,0,0.0,9507895154.72,5256880528.64
2016-12-13,'603308,应流股份,0.0,0.0,0.0,0.0,21.92,None,None,0.0,0,0.0,9507895154.72,5256880528.64
2016-12-12,'603308,应流股份,0.0,0.0,0.0,0.0,21.92,None,None,0.0,0,0.0,9507895154.72,5256880528.64
2016-12-09,'603308,应流股份,0.0,0.0,0.0,0.0,21.92,None,None,0.0,0,0.0,9507895154.72,5256880528.64
2016-12-08,'603308,应流股份,0.0,0.0,0.0,0.0,21.92,None,None,0.0,0,0.0,9507895154.72,5256880528.64
2016-12-07,'603308,应流股份,0.0,0.0,0.0,0.0,21.92,None,None,0.0,0,0.0,9507895154.72,5256880528.64
2016-12-06,'603308,应流股份,0.0,0.0,0.0,0.0,21.92,None,None,0.0,0,0.0,9507895154.72,5256880528.64
2016-12-05,'603308,应流股份,0.0,0.0,0.0,0.0,21.92,None,None,0.0,0,0.0,9507895154.72,5256880528.64
2016-12-02,'603308,应流股份,0.0,0.0,0.0,0.0,21.92,None,None,0.0,0,0.0,9507895154.72,5256880528.64
2016-12-01,'603308,应流股份,0.0,0.0,0.0,0.0,21.92,None,None,0.0,0,0.0,9507895154.72,5256880528.64
2016-11-30,'603308,应流股份,0.0,0.0,0.0,0.0,21.92,None,None,0.0,0,0.0,9507895154.72,5256880528.64
2016-11-29,'603308,应流股份,0.0,0.0,0.0,0.0,21.92,None,None,0.0,0,0.0,9507895154.72,5256880528.64
2016-11-28,'603308,应流股份,0.0,0.0,0.0,0.0,21.92,None,None,0.0,0,0.0,9507895154.72,5256880528.64
2016-11-25,'603308,应流股份,0.0,0.0,0.0,0.0,21.92,None,None,0.0,0,0.0,9507895154.72,5256880528.64
2016-11-24,'603308,应流股份,0.0,0.0,0.0,0.0,21.92,None,None,0.0,0,0.0,9507895154.72,5256880528.64
2016-11-23,'603308,应流股份,21.92,22.47,21.78,22.46,22.3,-0.38,-1.704,2.7597,6618238,146169981.0,9507895154.72,5256880528.64
2016-11-22,'603308,应流股份,22.3,22.34,22.01,22.11,22.11,0.19,0.8593,2.9045,6965536,155059292.0,9672721804.3,5348012581.6
2016-11-21,'603308,应流股份,22.11,22.13,21.92,21.94,21.92,0.19,0.8668,2.843,6818018,150042577.0,9590308479.51,5302446555.12
2016-11-18,'603308,应流股份,21.92,22.05,21.7,21.89,21.8,0.12,0.5505,2.4759,5937617,130143743.0,9507895154.72,5256880528.64
2016-11-17,'603308,应流股份,21.8,22.0,21.61,22.0,21.96,-0.16,-0.7286,2.7075,6493048,141414642.0,9455844633.8,5228101985.6
2016-11-16,'603308,应流股份,21.96,22.33,21.85,22.29,22.22,-0.26,-1.1701,4.3326,10390374,228584550.0,9525245328.36,5266473376.32
2016-11-15,'603308,应流股份,22.22,22.45,22.1,22.17,22.27,-0.05,-0.2245,3.638,8724679,194254965.0,9638021457.02,5328826886.24
2016-11-14,'603308,应流股份,22.27,22.48,21.84,21.88,21.95,0.32,1.4579,4.1683,9996357,222346823.0,9659709174.07,5340817945.84
2016-11-11,'603308,应流股份,21.95,21.98,21.63,21.74,21.8,0.15,0.6881,3.4546,8284884,180940231.0,9520907784.95,5264075164.4
2016-11-10,'603308,应流股份,21.8,21.9,21.3,21.3,21.15,0.65,3.0733,4.134,9914265,214720168.0,9455844633.8,5228101985.6
2016-11-09,'603308,应流股份,21.15,21.7,21.1,21.62,21.61,-0.46,-2.1286,2.8064,6730353,143662564.0,9173904312.15,5072218210.8
2016-11-08,'603308,应流股份,21.61,21.75,21.42,21.75,21.76,-0.15,-0.6893,3.5582,8533429,183981301.0,9373431309.01,5182535959.12
2016-11-07,'603308,应流股份,21.76,21.79,21.1,21.25,21.25,0.51,2.4,4.125,9892653,213926390.0,9438494460.16,5218509137.92
2016-11-04,'603308,应流股份,21.25,21.36,21.01,21.32,21.31,-0.06,-0.2816,1.9462,4667300,99019740.0,9217279746.25,5096200330.0
2016-11-03,'603308,应流股份,21.31,21.34,20.86,21.0,21.1,0.21,0.9953,2.586,6201894,130972131.0,9243305006.71,5110589601.52
2016-11-02,'603308,应流股份,21.1,21.28,20.96,20.97,21.11,-0.01,-0.0474,2.6241,6293233,133116726.0,9152216595.1,5060227151.2
2016-11-01,'603308,应流股份,21.11,21.38,20.88,20.88,20.82,0.29,1.3929,3.6611,8779997,185496972.0,9156554138.51,5062625363.12
2016-10-31,'603308,应流股份,20.82,20.89,20.5,20.73,20.82,0.0,0.0,1.3125,3147704,65024626.0,9030765379.62,4993077217.44
2016-10-28,'603308,应流股份,20.82,20.87,20.65,20.79,20.91,-0.09,-0.4304,2.138,5127440,106412970.0,9030765379.62,4993077217.44
2016-10-27,'603308,应流股份,20.91,21.01,20.55,20.6,20.61,0.3,1.4556,2.4892,5969656,124454986.0,9069803270.31,5014661124.72
2016-10-26,'603308,应流股份,20.61,20.9,20.58,20.81,20.81,-0.2,-0.9611,1.8601,4460943,92220992.0,8939676968.01,4942714767.12
2016-10-25,'603308,应流股份,20.81,21.08,20.65,20.8,20.84,-0.03,-0.144,2.2948,5503426,114458186.0,9026427836.21,4990679005.52
2016-10-24,'603308,应流股份,20.84,20.98,20.64,20.7,20.68,0.16,0.7737,2.71,6499149,135405529.0,9039440466.44,4997873641.28
2016-10-21,'603308,应流股份,20.68,20.9,20.52,20.52,20.6,0.08,0.3883,3.0713,7365550,152466392.0,8970039771.88,4959502250.56
2016-10-20,'603308,应流股份,20.6,20.66,20.43,20.58,20.49,0.11,0.5368,1.7431,4180307,85844178.0,8935339424.6,4940316555.2
2016-10-19,'603308,应流股份,20.49,20.74,20.45,20.67,20.67,-0.18,-0.8708,2.7792,6665055,136958249.0,8887626447.09,4913936224.08
2016-10-18,'603308,应流股份,20.67,20.79,19.87,19.91,19.91,0.76,3.8172,4.1333,9912644,201389911.0,8965702228.47,4957104038.64
2016-10-17,'603308,应流股份,19.91,20.23,19.88,20.09,20.07,-0.16,-0.7972,2.3474,5629487,112987222.0,8636048929.31,4774839932.72
2016-10-14,'603308,应流股份,20.07,20.28,19.95,20.23,20.23,-0.16,-0.7909,1.7418,4177211,83753243.0,8705449623.87,4813211323.44
2016-10-13,'603308,应流股份,20.23,20.33,20.11,20.12,20.19,0.04,0.1981,1.4762,3540239,71589754.0,8774850318.43,4851582714.16
2016-10-12,'603308,应流股份,20.19,20.34,20.12,20.27,20.37,-0.18,-0.8837,2.0794,4986747,100840435.0,8757500144.79,4841989866.48
2016-10-11,'603308,应流股份,20.37,20.42,20.24,20.3,20.38,-0.01,-0.0491,2.2693,5442168,110562942.0,8835575926.17,4885157681.04
2016-10-10,'603308,应流股份,20.38,20.43,20.09,20.1,20.03,0.35,1.7474,3.3028,7920831,160613131.0,8839913469.58,4887555892.96
2016-09-30,'603308,应流股份,20.03,20.08,19.75,19.88,19.77,0.26,1.3151,2.597,6228230,124094180.0,8688099450.23,4803618475.76
2016-09-29,'603308,应流股份,19.77,20.04,19.76,19.91,19.96,-0.19,-0.9519,1.5877,3807600,75605208.0,8575323321.57,4741264965.84
2016-09-28,'603308,应流股份,19.96,20.11,19.67,19.77,19.69,0.27,1.3713,2.7884,6687249,133381258.0,8657736646.36,4786830992.32
2016-09-27,'603308,应流股份,19.69,19.85,19.44,19.54,19.46,0.23,1.1819,2.3971,5748748,112996412.0,8540622974.29,4722079270.48
2016-09-26,'603308,应流股份,19.46,19.74,19.41,19.74,19.83,-0.37,-1.8659,1.7209,4127003,80571542.0,8440859475.86,4666920396.32
2016-09-23,'603308,应流股份,19.83,19.98,19.62,19.98,19.91,-0.08,-0.4018,2.093,5019504,99235239.0,8601348582.03,4755654237.36
2016-09-22,'603308,应流股份,19.91,20.24,19.84,20.23,19.99,-0.08,-0.4002,2.0044,4806907,96146135.0,8636048929.31,4774839932.72
2016-09-21,'603308,应流股份,19.99,20.26,19.92,19.92,19.95,0.04,0.2005,1.8532,4444295,89139666.0,8670749276.59,4794025628.08
2016-09-20,'603308,应流股份,19.95,20.47,19.88,20.46,20.46,-0.51,-2.4927,2.7552,6607557,132463437.0,8653399102.95,4784432780.4
2016-09-19,'603308,应流股份,20.46,20.89,19.95,19.95,19.72,0.74,3.7525,4.1275,9898693,203114231.0,8874613816.86,4906741588.32
2016-09-14,'603308,应流股份,19.72,19.9,19.29,19.5,19.59,0.13,0.6636,2.2472,5389308,105455197.0,8553635604.52,4729273906.24
2016-09-13,'603308,应流股份,19.59,19.84,19.42,19.75,19.69,-0.1,-0.5079,2.0566,4932200,96764877.0,8497247540.19,4698097151.28
2016-09-12,'603308,应流股份,19.69,20.11,19.54,20.11,20.48,-0.79,-3.8574,2.6674,6397058,127142079.0,8540622974.29,4722079270.48
2016-09-09,'603308,XD应流股,20.48,20.91,20.38,20.87,20.89,-0.41,-1.9627,2.5545,6126125,126526057.0,8883288903.68,4911538012.16
2016-09-08,'603308,应流股份,20.95,21.15,20.79,21.15,21.04,-0.09,-0.4278,1.743,4180014,87386724.0,9087153443.95,5024253972.4
2016-09-07,'603308,应流股份,21.04,21.32,20.9,21.08,21.1,-0.06,-0.2844,2.6615,6382829,134707333.0,9126191334.64,5045837879.68
2016-09-06,'603308,应流股份,21.1,21.15,20.67,21.06,20.97,0.13,0.6199,2.631,6309719,131892115.0,9152216595.1,5060227151.2
2016-09-05,'603308,应流股份,20.97,21.15,20.9,21.0,20.96,0.01,0.0477,1.0074,2416074,50831616.0,9095828530.77,5029050396.24
2016-09-02,'603308,应流股份,20.96,21.33,20.88,21.25,21.25,-0.29,-1.3647,1.7968,4309210,90693689.0,9091490987.36,5026652184.32
2016-09-01,'603308,应流股份,21.25,21.68,21.15,21.67,21.6,-0.35,-1.6204,2.2496,5395118,115478249.0,9217279746.25,5096200330.0
2016-08-31,'603308,应流股份,21.6,21.68,21.38,21.66,21.66,-0.06,-0.277,1.962,4705347,101180355.0,9369093765.6,5180137747.2
2016-08-30,'603308,应流股份,21.66,21.84,21.27,21.38,21.32,0.34,1.5947,2.9083,6974650,150461717.0,9395119026.06,5194527018.72
2016-08-29,'603308,应流股份,21.32,21.64,21.24,21.53,21.28,0.04,0.188,1.9468,4668731,99948625.0,9247642550.12,5112987813.44
2016-08-26,'603308,应流股份,21.28,21.4,21.16,21.24,21.1,0.18,0.8531,1.7441,4182741,89078763.0,9230292376.48,5103394965.76
2016-08-25,'603308,应流股份,21.1,21.36,21.07,21.36,21.41,-0.31,-1.4479,1.7298,4148519,87813088.0,9152216595.1,5060227151.2
2016-08-24,'603308,应流股份,21.41,21.53,21.16,21.36,21.38,0.03,0.1403,1.9463,4667690,99467598.0,9286680440.81,5134571720.72
2016-08-23,'603308,应流股份,21.38,21.74,21.03,21.7,21.58,-0.2,-0.9268,2.4772,5940834,126890658.0,9273667810.58,5127377084.96
2016-08-22,'603308,应流股份,21.58,22.02,21.56,22.02,21.96,-0.38,-1.7304,1.8082,4336330,94545348.0,9360418678.78,5175341323.36
2016-08-19,'603308,应流股份,21.96,22.15,21.73,21.8,21.84,0.12,0.5495,1.9412,4655404,102285213.0,9525245328.36,5266473376.32
2016-08-18,'603308,应流股份,21.84,22.14,21.76,22.07,22.11,-0.27,-1.2212,2.2742,5453972,119466861.0,9473194807.44,5237694833.28
2016-08-17,'603308,应流股份,22.11,22.32,22.1,22.18,22.29,-0.18,-0.8075,1.5492,3715284,82375396.0,9590308479.51,5302446555.12
2016-08-16,'603308,应流股份,22.29,22.31,22.06,22.19,22.14,0.15,0.6775,2.4895,5970437,132196276.0,9668384260.89,5345614369.68
2016-08-15,'603308,应流股份,22.14,22.23,21.69,21.82,21.82,0.32,1.4665,1.8868,4524985,99675403.0,9603321109.74,5309641190.88
2016-08-12,'603308,应流股份,21.82,21.86,21.6,21.68,21.68,0.14,0.6458,0.9221,2211421,48036003.0,9464519720.62,5232898409.44
2016-08-11,'603308,应流股份,21.68,22.0,21.64,21.96,22.04,-0.36,-1.6334,1.4295,3428341,74765568.0,9403794112.88,5199323442.56
2016-08-10,'603308,应流股份,22.04,22.33,21.86,22.33,22.61,-0.57,-2.521,3.0895,7409324,163209691.0,9559945675.64,5285659071.68
2016-08-09,'603308,应流股份,22.61,22.66,22.17,22.33,22.34,0.27,1.2086,1.2286,2946401,66329240.0,9807185650.01,5422357151.12
2016-08-08,'603308,应流股份,22.34,22.37,21.76,22.36,22.34,0.0,0.0,1.4742,3535375,77736327.0,9690071977.94,5357605429.28
2016-08-05,'603308,应流股份,22.34,22.59,22.24,22.59,22.52,-0.18,-0.7993,0.8601,2062771,46097254.0,9690071977.94,5357605429.28
2016-08-04,'603308,应流股份,22.52,22.67,22.32,22.32,22.47,0.05,0.2225,0.7358,1764590,39665507.0,9768147759.32,5400773243.84
2016-08-03,'603308,应流股份,22.47,22.5,22.12,22.18,22.17,0.3,1.3532,1.2843,3079912,68973017.0,9746460042.27,5388782184.24
2016-08-02,'603308,应流股份,22.17,22.18,21.76,21.76,21.7,0.47,2.1659,1.2078,2896618,63799377.0,9616333739.97,5316835826.64
2016-08-01,'603308,应流股份,21.7,22.14,21.48,22.1,22.29,-0.59,-2.6469,1.5095,3620016,78558926.0,9412469199.7,5204119866.4
2016-07-29,'603308,应流股份,22.29,22.85,22.1,22.67,22.72,-0.43,-1.8926,1.5507,3718942,83226556.0,9668384260.89,5345614369.68
2016-07-28,'603308,应流股份,22.72,23.3,22.31,23.0,22.96,-0.24,-1.0453,1.7267,4140992,94330386.0,9854898627.52,5448737482.24
2016-07-27,'603308,应流股份,22.96,24.4,22.7,24.21,24.22,-1.26,-5.2023,2.9512,7077669,166029928.0,9958999669.36,5506294568.32
2016-07-26,'603308,应流股份,24.22,24.27,23.82,23.97,23.97,0.25,1.043,2.461,5901974,141884653.0,10505530139.0,5808469270.24
2016-07-25,'603308,应流股份,23.97,24.08,23.5,23.81,23.8,0.17,0.7143,2.4204,5804630,138256216.0,10397091553.8,5748513972.24
2016-07-22,'603308,应流股份,23.8,24.65,23.72,24.39,24.38,-0.58,-2.379,3.5576,8531899,204755174.0,10323353315.8,5707744369.6
2016-07-21,'603308,应流股份,24.38,24.66,24.27,24.28,24.35,0.03,0.1232,1.9929,4779277,117106222.0,10574930833.6,5846840660.96
2016-07-20,'603308,应流股份,24.35,24.48,24.12,24.22,24.36,-0.01,-0.0411,1.7523,4202363,102357501.0,10561918203.4,5839646025.2
2016-07-19,'603308,应流股份,24.36,24.77,23.9,24.77,24.77,-0.41,-1.6552,4.1645,9987470,241040998.0,10566255746.8,5842044237.12
2016-07-18,'603308,应流股份,24.77,25.53,24.6,25.52,25.55,-0.78,-3.0528,3.1054,7447380,186154644.0,10744095026.6,5940370925.84
2016-07-15,'603308,应流股份,25.55,25.8,25.06,25.06,25.05,0.5,1.996,4.2654,10229359,260790950.0,11082423412.5,6127431455.6
2016-07-14,'603308,应流股份,25.05,25.17,24.75,24.96,24.82,0.23,0.9267,2.8183,6758981,168871444.0,10865546242.0,6007520859.6
2016-07-13,'603308,应流股份,24.82,25.04,24.71,24.97,24.92,-0.1,-0.4013,2.1532,5163792,128296127.0,10765782743.6,5952361985.44
2016-07-12,'603308,应流股份,24.92,24.95,24.35,24.68,24.69,0.23,0.9316,2.7641,6628790,163955668.0,10809158177.7,5976344104.64
2016-07-11,'603308,应流股份,24.69,25.0,24.1,24.18,24.19,0.5,2.067,3.4886,8366314,206747319.0,10709394679.3,5921185230.48
2016-07-08,'603308,应流股份,24.19,24.32,24.07,24.32,24.4,-0.21,-0.8607,2.1286,5104873,123517141.0,10492517508.8,5801274634.48
2016-07-07,'603308,应流股份,24.4,24.47,24.0,24.3,24.3,0.1,0.4115,2.9032,6962386,168968411.0,10583605920.4,5851637084.8
2016-07-06,'603308,应流股份,24.3,24.36,23.76,23.76,24.08,0.22,0.9136,3.8997,9352197,225940009.0,10540230486.3,5827654965.6
2016-07-05,'603308,应流股份,24.08,24.71,24.01,24.68,25.2,-1.12,-4.4444,8.7235,20920852,508579804.0,10444804531.3,5774894303.36
2016-07-04,'603308,应流股份,25.2,25.28,24.66,24.89,24.9,0.3,1.2048,2.4106,5781236,145041681.0,10930609393.2,6043494038.4
2016-07-01,'603308,应流股份,24.9,25.29,24.8,25.2,25.14,-0.24,-0.9547,2.1054,5049225,125903732.0,10800483090.9,5971547680.8
2016-06-30,'603308,应流股份,25.14,25.25,24.8,25.01,25.07,0.07,0.2792,2.0128,4827222,120673676.0,10904584132.7,6029104766.88
2016-06-29,'603308,应流股份,25.07,26.2,24.9,26.2,25.92,-0.85,-3.2793,5.9822,14346623,362060289.0,10874221328.9,6012317283.44
2016-06-28,'603308,应流股份,25.92,26.2,25.65,25.66,25.92,0.0,0.0,2.5399,6091113,158028538.0,10368259200.0,6216165296.64
2016-06-27,'603308,应流股份,25.92,25.94,24.82,24.88,24.99,0.93,3.7215,2.8812,6909669,176218944.0,10368259200.0,6216165296.64
2016-06-24,'603308,应流股份,24.99,25.7,24.13,25.5,25.68,-0.69,-2.6869,3.6504,8754545,220067467.0,9996249900.0,5993131588.08
2016-06-23,'603308,应流股份,25.68,26.16,25.22,26.16,26.15,-0.47,-1.7973,3.0836,7395051,188981755.0,10272256800.0,6158608210.56
2016-06-22,'603308,应流股份,26.15,26.58,25.67,25.91,25.94,0.21,0.8096,2.0352,4880799,127217001.0,10460261500.0,6271324170.8
2016-06-21,'603308,应流股份,25.94,27.33,25.65,26.96,26.73,-0.79,-2.9555,3.6154,8670378,230080089.0,10376259400.0,6220961720.48
2016-06-20,'603308,应流股份,26.73,27.19,26.5,26.99,26.96,-0.23,-0.8531,2.3704,5684615,151821520.0,10692267300.0,6410420462.16
2016-06-17,'603308,应流股份,26.96,27.27,26.48,26.82,26.91,0.05,0.1858,4.6327,11110265,298016835.0,10784269600.0,6465579336.32
2016-06-16,'603308,应流股份,26.91,27.44,26.0,26.0,26.06,0.85,3.2617,6.9376,16637803,445945447.0,10764269100.0,6453588276.72
2016-06-15,'603308,应流股份,26.06,26.27,24.35,24.5,24.94,1.12,4.4908,4.4135,10584622,272786788.0,10424260600.0,6249740263.52
2016-06-14,'603308,应流股份,24.94,24.96,24.01,24.49,24.6,0.34,1.3821,2.9381,7046146,172536873.0,9976249400.0,5981140528.48
2016-06-13,'603308,应流股份,24.6,26.78,24.35,25.2,25.56,-0.96,-3.7559,6.9138,16580659,428574543.0,9840246000.0,5899601323.2
2016-06-08,'603308,应流股份,25.56,25.88,24.55,24.61,24.7,0.86,3.4818,6.1429,14731858,374181760.0,10224255600.0,6129829667.52
2016-06-07,'603308,应流股份,24.7,25.24,24.61,25.05,25.02,-0.32,-1.279,2.2963,5507049,137000066.0,9880247000.0,5923583442.4
2016-06-06,'603308,应流股份,25.02,25.24,24.7,24.99,24.9,0.12,0.4819,3.0978,7429153,185368136.0,10008250200.0,6000326223.84
2016-06-03,'603308,应流股份,24.9,25.05,24.6,24.73,24.75,0.15,0.6061,3.6481,8748841,217924787.0,9960249000.0,5971547680.8
2016-06-02,'603308,应流股份,24.75,25.02,24.35,25.0,24.66,0.09,0.365,2.9928,7177401,176995912.0,9900247500.0,5935574502.0
2016-06-01,'603308,应流股份,24.66,25.12,24.5,24.56,24.56,0.1,0.4072,4.7607,11417156,283902299.0,9864246600.0,5913990594.72
2016-05-31,'603308,应流股份,24.56,24.6,23.53,23.53,23.52,1.04,4.4218,3.6269,8698123,210923880.0,9824245600.0,5890008475.52
2016-05-30,'603308,应流股份,23.52,23.88,23.1,23.5,23.64,-0.12,-0.5076,1.5411,3695960,86933629.0,9408235200.0,5640594435.84
2016-05-27,'603308,应流股份,23.64,24.19,23.35,23.45,23.55,0.09,0.3822,2.071,4966717,117890922.0,9456236400.0,5669372978.88
2016-05-26,'603308,应流股份,23.55,23.92,22.97,23.65,23.95,-0.4,-1.6701,2.2913,5495033,128307282.0,9420235500.0,5647789071.6
2016-05-25,'603308,应流股份,23.95,24.12,23.2,23.9,23.65,0.3,1.2685,2.8041,6724741,159389093.0,9580239500.0,5743717548.4
2016-05-24,'603308,应流股份,23.65,24.5,23.51,23.8,24.08,-0.43,-1.7857,2.629,6304834,150786256.0,9460236500.0,5671771190.8
2016-05-23,'603308,应流股份,24.08,24.13,22.6,22.6,22.67,1.41,6.2197,3.0641,7348461,173284629.0,9632240800.0,5774894303.36
2016-05-20,'603308,应流股份,22.67,22.84,22.15,22.38,22.6,0.07,0.3097,1.4558,3491342,78696430.0,9068226700.0,5436746422.64
2016-05-19,'603308,应流股份,22.6,22.64,22.21,22.21,22.21,0.39,1.756,1.6018,3841396,86313945.0,9040226000.0,5419958939.2
2016-05-18,'603308,应流股份,22.21,23.0,22.03,22.41,22.73,-0.52,-2.2877,2.2609,5422019,122278207.0,8884222100.0,5326428674.32
2016-05-17,'603308,应流股份,22.73,23.28,22.6,22.62,22.68,0.05,0.2205,1.5932,3820718,87649657.0,9092227300.0,5451135694.16
2016-05-16,'603308,应流股份,22.68,22.7,21.93,21.95,22.17,0.51,2.3004,1.6324,3914731,87876109.0,9072226800.0,5439144634.56
2016-05-13,'603308,应流股份,22.17,22.98,21.95,22.2,21.96,0.21,0.9563,2.1671,5197077,116600241.0,8868221700.0,5316835826.64
2016-05-12,'603308,应流股份,21.96,22.21,20.71,21.15,21.56,0.4,1.8553,2.2729,5450836,118197995.0,8784219600.0,5266473376.32
2016-05-11,'603308,应流股份,21.56,22.66,21.5,22.49,22.36,-0.8,-3.5778,1.9907,4774060,105621764.0,8624215600.0,5170544899.52
2016-05-10,'603308,应流股份,22.36,22.65,22.01,22.41,22.41,-0.05,-0.2231,2.1672,5197485,116357308.0,8944223600.0,5362401853.12
2016-05-09,'603308,应流股份,22.41,23.8,22.3,23.5,23.98,-1.57,-6.5471,3.5401,8489822,194373208.0,8964224100.0,5374392912.72
2016-05-06,'603308,应流股份,23.98,25.5,23.96,25.1,25.01,-1.03,-4.1184,4.3325,10390266,257078944.0,9592239800.0,5750912184.16
2016-05-05,'603308,应流股份,25.01,25.75,24.65,24.78,24.9,0.11,0.4418,4.815,11547280,292500180.0,10004250100.0,5997928011.92
2016-05-04,'603308,应流股份,24.9,25.1,23.8,24.02,24.01,0.89,3.7068,4.622,11084479,274818695.0,9960249000.0,5971547680.8
2016-05-03,'603308,应流股份,24.01,24.02,23.13,23.18,23.11,0.9,3.8944,2.7741,6652965,157949800.0,9604240100.0,5758106819.92
2016-04-29,'603308,应流股份,23.11,23.4,22.98,23.39,23.3,-0.19,-0.8155,1.1713,2809077,65107162.0,9244231100.0,5542267747.12
2016-04-28,'603308,应流股份,23.3,23.96,23.14,23.23,23.22,0.08,0.3445,3.0678,7357296,172878209.0,9320233000.0,5587833773.6
2016-04-27,'603308,应流股份,23.22,23.39,22.55,22.68,22.65,0.57,2.5166,2.4088,5776903,132514136.0,9288232200.0,5568648078.24
2016-04-26,'603308,应流股份,22.65,22.74,22.32,22.52,22.52,0.13,0.5773,1.2217,2929996,66010451.0,9060226500.0,5431949998.8
2016-04-25,'603308,应流股份,22.52,22.7,21.92,22.39,22.33,0.19,0.8509,1.4695,3524250,78512045.0,9008225200.0,5400773243.84
2016-04-22,'603308,应流股份,22.33,22.42,21.98,22.05,22.22,0.11,0.495,1.2366,2965554,65929191.0,8932223300.0,5355207217.36
2016-04-21,'603308,应流股份,22.22,22.5,22.1,22.37,22.37,-0.15,-0.6705,1.4624,3507040,78201209.0,8888222200.0,5328826886.24
2016-04-20,'603308,应流股份,22.37,23.49,22.16,23.38,23.26,-0.89,-3.8263,2.8141,6748833,152658547.0,8948223700.0,5364800065.04
2016-04-19,'603308,应流股份,23.26,23.4,22.9,23.35,23.09,0.17,0.7362,1.5952,3825578,88563423.0,9304232600.0,5578240925.92
2016-04-18,'603308,应流股份,23.09,23.79,23.04,23.78,23.88,-0.79,-3.3082,1.9679,4719542,109729892.0,9236230900.0,5537471323.28
2016-04-15,'603308,应流股份,23.88,24.17,23.66,23.85,23.83,0.05,0.2098,1.8165,4356264,104084425.0,9552238800.0,5726930064.96
2016-04-14,'603308,应流股份,23.83,24.0,23.4,23.82,23.79,0.04,0.1681,2.3506,5637285,133593984.0,9532238300.0,5714939005.36
2016-04-13,'603308,应流股份,23.79,24.09,23.68,23.78,23.5,0.29,1.234,3.6943,8859810,211291120.0,9516237900.0,5705346157.68
2016-04-12,'603308,应流股份,23.5,24.99,23.4,24.8,24.85,-1.35,-5.4326,3.6685,8797909,210179731.0,9400235000.0,5635798012.0
2016-04-11,'603308,应流股份,24.85,25.08,24.25,24.25,24.12,0.73,3.0265,2.7388,6568124,162244994.0,9940248500.0,5959556621.2
2016-04-08,'603308,应流股份,24.12,25.0,23.78,25.0,24.52,-0.4,-1.6313,2.6652,6391706,154199946.0,9648241200.0,5784487151.04
2016-04-07,'603308,应流股份,24.52,25.8,24.47,25.75,24.98,-0.46,-1.8415,2.61,6259297,155442139.0,9808245200.0,5880415627.84
2016-04-06,'603308,应流股份,24.98,25.59,24.53,25.59,24.79,0.19,0.7664,3.3371,8003167,198839457.0,9992249800.0,5990733376.16
2016-04-05,'603308,应流股份,24.79,25.0,23.88,24.48,24.14,0.65,2.6926,3.2341,7755959,189016151.0,9916247900.0,5945167349.68
2016-04-01,'603308,应流股份,24.14,24.7,23.6,24.59,24.64,-0.5,-2.0292,3.3712,8084746,193866595.0,9656241400.0,5789283574.88
2016-03-31,'603308,应流股份,24.64,25.28,24.45,24.78,24.59,0.05,0.2033,3.8874,9322691,231650171.0,9856246400.0,5909194170.88
2016-03-30,'603308,应流股份,24.59,24.79,23.23,23.3,22.87,1.72,7.5208,3.7378,8963941,215528254.0,9836245900.0,5897203111.28
2016-03-29,'603308,应流股份,22.87,24.3,22.67,24.29,24.12,-1.25,-5.1824,3.4558,8287725,193185634.0,9148228700.0,5484710661.04
2016-03-28,'603308,应流股份,24.12,25.33,24.06,25.0,24.3,-0.18,-0.7407,5.2162,12509483,307484454.0,9648241200.0,5784487151.04
2016-03-25,'603308,应流股份,24.3,24.36,22.4,22.7,22.87,1.43,6.2527,5.0896,12205932,289284761.0,9720243000.0,5827654965.6
2016-03-24,'603308,应流股份,22.87,24.2,22.8,23.2,22.95,-0.08,-0.3486,5.4854,13155084,310645502.0,9148228700.0,5484710661.04
2016-03-23,'603308,应流股份,22.95,23.2,22.6,22.82,22.7,0.25,1.1013,3.0486,7311298,167214456.0,9180229500.0,5503896356.4
2016-03-22,'603308,应流股份,22.7,23.61,22.28,22.52,22.71,-0.01,-0.044,3.2412,7773197,178939601.0,9080227000.0,5443941058.4
2016-03-21,'603308,应流股份,22.71,23.09,22.11,22.7,22.42,0.29,1.2935,3.4515,8277512,186763924.0,9084227100.0,5446339270.32
2016-03-18,'603308,应流股份,22.42,23.11,21.1,21.3,21.01,1.41,6.7111,4.5889,11005108,246022131.0,8968224200.0,5376791124.64
2016-03-17,'603308,应流股份,21.01,21.07,19.6,19.6,19.62,1.39,7.0846,3.6892,8847412,182390414.0,8404210100.0,5038643243.92
2016-03-16,'603308,应流股份,19.62,20.26,19.41,20.26,19.64,-0.02,-0.1018,1.7935,4301206,85193360.0,7848196200.0,4705291787.04
2016-03-15,'603308,应流股份,19.64,20.13,19.58,20.0,20.0,-0.36,-1.8,1.6993,4075179,80757656.0,7856196400.0,4710088210.88
2016-03-14,'603308,应流股份,20.0,20.36,19.55,19.59,19.29,0.71,3.6807,2.3144,5550501,110868910.0,8000200000.0,4796423840.0
2016-03-11,'603308,应流股份,19.29,19.5,18.8,19.5,19.57,-0.28,-1.4308,1.7413,4175917,79934137.0,7716192900.0,4626150793.68
2016-03-10,'603308,应流股份,19.57,20.08,19.3,19.5,19.55,0.02,0.1023,2.2301,5348323,105233591.0,7828195700.0,4693300727.44
2016-03-09,'603308,应流股份,19.55,20.39,18.78,19.07,19.07,0.48,2.517,2.8577,6853401,135183716.0,7820195500.0,4688504303.6
2016-03-08,'603308,应流股份,19.07,19.1,18.0,18.96,18.95,0.12,0.6332,2.2338,5357009,99112643.0,7628190700.0,4573390131.44
2016-03-07,'603308,应流股份,18.95,19.28,18.56,18.76,18.56,0.39,2.1013,1.645,3945018,74781888.0,7580189500.0,4544611588.4
2016-03-04,'603308,应流股份,18.56,19.78,18.13,19.76,19.69,-1.13,-5.739,2.3307,5589488,105995927.0,7424185600.0,4451081323.52
2016-03-03,'603308,应流股份,19.69,20.22,19.54,19.8,19.48,0.21,1.078,2.4842,5957683,118414481.0,7876196900.0,4722079270.48
2016-03-02,'603308,应流股份,19.48,19.79,18.48,18.5,18.66,0.82,4.3944,3.1091,7456372,141803465.0,7792194800.0,4671716820.16
2016-03-01,'603308,应流股份,18.66,18.9,17.33,18.64,18.55,0.11,0.593,2.8602,6859410,125059519.0,7464186600.0,4475063442.72
2016-02-29,'603308,应流股份,18.55,20.6,18.55,20.6,20.61,-2.06,-9.9951,2.9484,7070829,134372924.0,7420185500.0,4448683111.6
2016-02-26,'603308,应流股份,20.61,21.48,19.9,20.88,20.88,-0.27,-1.2931,1.6957,4066562,84326819.0,8244206100.0,4942714767.12
2016-02-25,'603308,应流股份,20.88,22.92,20.6,22.57,22.78,-1.9,-8.3406,2.8627,6865291,149383742.0,8352208800.0,5007466488.96
2016-02-24,'603308,应流股份,22.78,23.1,21.9,22.78,22.92,-0.14,-0.6108,2.0539,4925771,110817896.0,9112227800.0,5463126753.76
2016-02-23,'603308,应流股份,22.92,23.53,22.68,23.48,23.35,-0.43,-1.8415,1.7068,4093201,94439319.0,9168229200.0,5496701720.64
2016-02-22,'603308,应流股份,23.35,23.74,23.09,23.35,23.0,0.35,1.5217,1.7349,4160568,97283108.0,9340233500.0,5599824833.2
2016-02-19,'603308,应流股份,23.0,23.28,22.65,22.9,22.9,0.1,0.4367,1.948,4671770,107172807.0,9200230000.0,5515887416.0
2016-02-18,'603308,应流股份,22.9,23.8,22.82,23.15,23.17,-0.27,-1.1653,2.968,7117943,165682966.0,9160229000.0,5491905296.8
2016-02-17,'603308,应流股份,23.17,23.51,22.6,22.69,22.68,0.49,2.1605,2.5091,6017373,139172559.0,9268231700.0,5556657018.64
2016-02-16,'603308,应流股份,22.68,23.03,21.41,21.41,21.44,1.24,5.7836,2.7785,6663386,150164586.0,9072226800.0,5439144634.56
2016-02-15,'603308,应流股份,21.44,21.54,20.0,20.2,20.8,0.64,3.0769,1.9624,4706256,98166274.0,8576214400.0,5141766356.48
2016-02-05,'603308,应流股份,20.8,21.53,20.68,21.33,21.33,-0.53,-2.4848,1.8521,4441627,93351083.0,8320208000.0,4988280793.6
2016-02-04,'603308,应流股份,21.33,21.5,20.13,20.15,19.88,1.45,7.2938,3.2295,7744923,161639632.0,8532213300.0,5115386025.36
2016-02-03,'603308,应流股份,19.88,20.08,19.15,19.52,19.95,-0.07,-0.3509,3.0151,7230771,140967784.0,7952198800.0,4767645296.96
2016-02-02,'603308,应流股份,19.95,20.58,19.28,19.29,19.47,0.48,2.4653,2.9697,7121858,141988082.0,7980199500.0,4784432780.4
2016-02-01,'603308,应流股份,19.47,21.81,19.47,21.58,21.63,-2.16,-9.9861,3.6741,8811349,178737365.0,7788194700.0,4669318608.24
2016-01-29,'603308,应流股份,21.63,22.08,20.18,20.59,20.84,0.79,3.7908,2.6182,6279070,133021657.0,8652216300.0,5187332382.96
2016-01-28,'603308,应流股份,20.84,22.3,20.51,21.79,21.79,-0.95,-4.3598,2.1863,5243264,112463011.0,8336208400.0,4997873641.28
2016-01-27,'603308,应流股份,21.79,22.85,20.55,22.85,22.45,-0.66,-2.9399,3.6922,8854662,191016742.0,8716217900.0,5225703773.68
2016-01-26,'603308,应流股份,22.45,24.5,22.25,24.5,24.7,-2.25,-9.1093,2.952,7079472,166066039.0,8980224500.0,5383985760.4
2016-01-25,'603308,应流股份,24.7,25.49,24.48,25.0,24.59,0.11,0.4473,2.1352,5120726,127859381.0,9880247000.0,5923583442.4
2016-01-22,'603308,应流股份,24.59,24.7,23.5,24.5,23.73,0.86,3.6241,2.8607,6860572,165923642.0,9836245900.0,5897203111.28
2016-01-21,'603308,应流股份,23.73,25.67,23.6,24.42,25.11,-1.38,-5.4958,2.5561,6130133,152823379.0,9492237300.0,5690956886.16
2016-01-20,'603308,应流股份,25.11,26.19,24.55,24.65,24.86,0.25,1.0056,3.3649,8069691,205249064.0,10044251100.0,6021910131.12
2016-01-19,'603308,应流股份,24.86,25.19,23.35,23.68,23.55,1.31,5.5626,3.0376,7284723,179291323.0,9944248600.0,5961954833.12
2016-01-18,'603308,应流股份,23.55,24.17,21.87,21.94,22.86,0.69,3.0184,2.3262,5578671,130086793.0,9420235500.0,5647789071.6
2016-01-15,'603308,应流股份,22.86,24.49,22.5,24.16,24.18,-1.32,-5.4591,2.9603,7099491,167867229.0,9144228600.0,5482312449.12
2016-01-14,'603308,应流股份,24.18,24.59,21.97,22.01,23.26,0.92,3.9553,2.8413,6814075,160050010.0,9672241800.0,5798876422.56
2016-01-13,'603308,应流股份,23.26,26.29,23.0,25.72,25.55,-2.29,-8.9628,3.4536,8282431,208674906.0,9304232600.0,5578240925.92
2016-01-12,'603308,应流股份,25.55,26.18,24.5,24.91,24.7,0.85,3.4413,2.6829,6434244,162626920.0,10220255500.0,6127431455.6
2016-01-11,'603308,应流股份,24.7,26.47,23.7,24.98,25.92,-1.22,-4.7068,3.2782,7861926,199842093.0,9880247000.0,5923583442.4
2016-01-08,'603308,应流股份,25.92,27.24,24.8,27.16,26.03,-0.11,-0.4226,4.5381,10883319,283568485.0,10368259200.0,6216165296.64
2016-01-07,'603308,应流股份,26.03,28.13,26.03,28.0,28.92,-2.89,-9.9931,0.9417,2258344,60271736.0,10412260300.0,6242545627.76
2016-01-06,'603308,应流股份,28.92,29.2,27.35,28.4,28.35,0.57,2.0106,3.6317,8709605,246492326.0,11568289200.0,6935628872.64
2016-01-05,'603308,应流股份,28.35,28.66,25.41,25.41,28.19,0.16,0.5676,4.5887,11004695,304590756.0,11340283500.0,6798930793.2
2016-01-04,'603308,应流股份,28.19,31.96,28.19,30.9,31.32,-3.13,-9.9936,3.9868,9561229,280572543.0,11276281900.0,6760559402.48
2015-12-31,'603308,应流股份,31.32,31.96,30.42,30.42,30.42,0.9,2.9586,3.5343,8476086,265314037.0,12528313200.0,7511199733.44
2015-12-30,'603308,应流股份,30.42,30.78,30.0,30.63,30.49,-0.07,-0.2296,2.6679,6398271,194907244.0,12168304200.0,7295360660.64
2015-12-29,'603308,应流股份,30.49,30.7,28.9,30.2,30.41,0.08,0.2631,3.5613,8540767,254484944.0,12196304900.0,7312148144.08
2015-12-28,'603308,应流股份,30.41,32.28,30.22,31.07,31.07,-0.66,-2.1242,4.7987,11508198,358113522.0,12164304100.0,7292962448.72
2015-12-25,'603308,应流股份,31.07,32.3,29.7,30.0,29.99,1.08,3.6012,5.2462,12581448,391689172.0,12428310700.0,7451244435.44
2015-12-24,'603308,应流股份,29.99,30.6,28.8,29.92,29.99,0.0,0.0,4.3354,10397212,309052426.0,11996299900.0,7192237548.08
2015-12-23,'603308,应流股份,29.99,30.99,28.57,29.39,28.93,1.06,3.664,6.3161,15147436,450084956.0,11996299900.0,7192237548.08
2015-12-22,'603308,应流股份,28.93,28.98,28.21,28.97,28.76,0.17,0.5911,3.246,7784643,223102005.0,11572289300.0,6938027084.56
2015-12-21,'603308,应流股份,28.76,28.95,28.15,28.45,28.42,0.34,1.1963,3.7026,8879513,254170710.0,11504287600.0,6897257481.92
2015-12-18,'603308,应流股份,28.42,29.76,28.31,29.04,29.27,-0.85,-2.904,5.2623,12620022,365470328.0,11368284200.0,6815718276.64
2015-12-17,'603308,应流股份,29.27,30.26,29.02,29.8,28.89,0.38,1.3153,6.197,14861678,436085545.0,11708292700.0,7019566289.84
2015-12-16,'603308,应流股份,28.89,30.13,28.55,29.33,29.17,-0.28,-0.9599,6.5248,15647761,457049304.0,11556288900.0,6928434236.88
2015-12-15,'603308,应流股份,29.17,29.58,27.78,28.66,28.15,1.02,3.6234,8.6387,20717390,591821306.0,11668291700.0,6995584170.64
2015-12-14,'603308,应流股份,28.15,28.15,25.1,25.21,25.59,2.56,10.0039,9.6914,23241939,639220790.0,11260281500.0,6750966554.8
2015-12-11,'603308,应流股份,25.59,26.88,25.42,26.58,26.85,-1.26,-4.6927,5.6469,13542552,353217257.0,10236255900.0,6137024303.28
2015-12-10,'603308,应流股份,26.85,27.44,26.2,26.21,26.16,0.69,2.6376,8.8012,21107205,565332681.0,10740268500.0,6439199005.2
2015-12-09,'603308,应流股份,26.16,26.6,25.37,25.7,25.89,0.27,1.0429,7.3399,17602718,460951914.0,10464261600.0,6273722382.72
2015-12-08,'603308,应流股份,25.89,26.38,24.61,24.69,25.32,0.57,2.2512,8.2417,19765251,508106924.0,10356258900.0,6208970660.88
2015-12-07,'603308,应流股份,25.32,26.5,24.31,24.31,24.09,1.23,5.1059,7.9043,18956221,487763951.0,10128253200.0,6072272581.44
2015-12-04,'603308,应流股份,24.09,24.33,23.8,23.9,23.94,0.15,0.6266,3.2664,7833500,188126046.0,9636240900.0,5777292515.28
2015-12-03,'603308,应流股份,23.94,23.96,23.05,23.06,23.04,0.9,3.9063,2.7581,6614554,156145292.0,9576239400.0,5741319336.48
2015-12-02,'603308,应流股份,23.04,23.25,22.06,22.71,22.78,0.26,1.1414,2.965,7110718,161105393.0,9216230400.0,5525480263.68
2015-12-01,'603308,应流股份,22.78,23.22,22.57,23.01,23.23,-0.45,-1.9372,2.144,5141748,117723799.0,9112227800.0,5463126753.76
2015-11-30,'603308,应流股份,23.23,23.4,21.49,22.9,22.87,0.36,1.5741,4.4834,10752131,243310649.0,9292232300.0,5571046290.16
2015-11-27,'603308,应流股份,22.87,25.18,22.87,25.02,25.41,-2.54,-9.9961,4.5301,10864083,261348195.0,9148228700.0,5484710661.04
2015-11-26,'603308,应流股份,25.41,25.97,24.75,25.82,25.79,-0.38,-1.4734,4.311,10338734,262433928.0,10164254100.0,6093856488.72
2015-11-25,'603308,应流股份,25.79,25.94,25.0,25.2,25.24,0.55,2.1791,4.1724,10006274,255817405.0,10316257900.0,6184988541.68
2015-11-24,'603308,应流股份,25.24,25.26,24.7,24.83,24.9,0.34,1.3655,2.8382,6806618,170641477.0,10096252400.0,6053086886.08
2015-11-23,'603308,应流股份,24.9,25.84,24.61,25.56,25.45,-0.55,-2.1611,4.0692,9758717,245988874.0,9960249000.0,5971547680.8
2015-11-20,'603308,应流股份,25.45,25.47,24.51,24.51,24.29,1.16,4.7756,5.6573,13567338,340666377.0,10180254500.0,6103449336.4
2015-11-19,'603308,应流股份,24.29,24.36,23.66,23.8,23.64,0.65,2.7496,3.3741,8091733,194586171.0,9716242900.0,5825256753.68
2015-11-18,'603308,应流股份,23.64,24.74,23.53,24.15,24.18,-0.54,-2.2333,3.4308,8227758,199545716.0,9456236400.0,5669372978.88
2015-11-17,'603308,应流股份,24.18,25.9,24.0,25.6,25.08,-0.9,-3.5885,6.5259,15650574,389946825.0,9672241800.0,5798876422.56
2015-11-16,'603308,应流股份,25.08,25.3,24.35,24.5,25.13,-0.05,-0.199,4.0752,9773309,242998806.0,10032250800.0,6014715495.36
2015-11-13,'603308,应流股份,25.13,26.58,25.08,26.2,26.77,-1.64,-6.1263,5.196,12461013,321094062.0,10052251300.0,6026706554.96
2015-11-12,'603308,应流股份,26.77,27.5,25.01,26.5,26.62,0.15,0.5635,9.1808,22017505,578052462.0,10708267700.0,6420013309.84
2015-11-11,'603308,应流股份,26.62,27.1,25.4,25.55,25.57,1.05,4.1064,8.3945,20131694,532340583.0,10648266200.0,6384040131.04
2015-11-10,'603308,应流股份,25.57,25.74,24.6,25.06,25.04,0.53,2.1166,6.6011,15830944,400188270.0,10228255700.0,6132227879.44
2015-11-09,'603308,应流股份,25.04,25.42,24.65,24.65,25.01,0.03,0.12,6.3428,15211493,381373505.0,10016250400.0,6005122647.68
2015-11-06,'603308,应流股份,25.01,25.08,24.35,24.4,24.55,0.46,1.8737,6.7216,16119857,399257367.0,10004250100.0,5997928011.92
2015-11-05,'603308,应流股份,24.55,25.18,24.0,24.3,24.26,0.29,1.1954,8.7412,20963133,514438009.0,9820245500.0,5887610263.6
2015-11-04,'603308,应流股份,24.26,24.3,23.06,23.28,22.94,1.32,5.7541,6.1199,14676809,350382665.0,9704242600.0,5818062117.92
2015-11-03,'603308,应流股份,22.94,23.69,22.7,22.92,23.01,-0.07,-0.3042,4.49,10767979,249426294.0,9176229400.0,5501498144.48
2015-11-02,'603308,应流股份,23.01,24.5,22.9,23.45,23.9,-0.89,-3.7238,6.2895,15083596,358975510.0,9204230100.0,5518285627.92
2015-10-30,'603308,应流股份,23.9,24.5,22.9,23.28,23.58,0.32,1.3571,6.2534,14996974,355933122.0,9560239000.0,5731726488.8
2015-10-29,'603308,应流股份,23.58,24.06,22.53,22.85,22.99,0.59,2.5663,6.7997,16307180,382582056.0,9432235800.0,5654983707.36
2015-10-28,'603308,应流股份,22.99,24.27,22.8,23.48,23.66,-0.67,-2.8318,6.1705,14798081,350743293.0,9196229900.0,5513489204.08
2015-10-27,'603308,应流股份,23.66,24.15,22.65,24.15,24.15,-0.49,-2.029,6.9314,16623037,390809416.0,9464236600.0,5674169402.72
2015-10-26,'603308,应流股份,24.15,24.35,23.01,23.46,23.43,0.72,3.073,8.7668,21024588,497647886.0,9660241500.0,5791681786.8
2015-10-23,'603308,应流股份,23.43,23.79,22.3,23.0,23.36,0.07,0.2997,9.8404,23599327,542329221.0,9372234300.0,5619010528.56
2015-10-22,'603308,应流股份,23.36,23.65,21.71,22.58,22.67,0.69,3.0437,9.2055,22076853,500630974.0,9344233600.0,5602223045.12
2015-10-21,'603308,应流股份,22.67,24.99,22.67,24.6,25.19,-2.52,-10.004,8.5617,20532874,487565269.0,9068226700.0,5436746422.64
2015-10-20,'603308,应流股份,25.19,25.26,23.65,24.13,24.51,0.68,2.7744,7.3185,17551304,427556326.0,10076251900.0,6041095826.48
2015-10-19,'603308,应流股份,24.51,26.5,24.0,26.08,25.24,-0.73,-2.8922,10.5241,25238910,634786266.0,9804245100.0,5878017415.92
2015-10-16,'603308,应流股份,25.24,26.3,24.5,25.25,24.86,0.38,1.5286,9.2159,22101701,556441021.0,10096252400.0,6053086886.08
2015-10-15,'603308,应流股份,24.86,25.07,23.98,24.04,24.56,0.3,1.2215,7.9597,19089068,469229905.0,9944248600.0,5961954833.12
2015-10-14,'603308,应流股份,24.56,25.88,23.79,24.8,24.9,-0.34,-1.3655,12.149,29135948,716039714.0,9824245600.0,5890008475.52
2015-10-13,'603308,应流股份,24.9,24.9,22.13,22.3,22.64,2.26,9.9823,13.3195,31943038,759739156.0,9960249000.0,5971547680.8
2015-10-12,'603308,应流股份,22.64,24.09,22.5,23.0,22.55,0.09,0.3991,14.7987,35490534,818332094.0,9056226400.0,5429551786.88
2015-10-09,'603308,应流股份,22.55,22.55,21.13,21.27,20.5,2.05,10.0,11.2287,26928732,595073357.0,9020225500.0,5407967879.6
2015-10-08,'603308,应流股份,20.5,20.5,19.7,20.0,18.64,1.86,9.9785,5.0397,12086193,244061506.0,8200205000.0,4916334436.0
2015-09-30,'603308,应流股份,18.64,18.7,17.81,17.81,17.71,0.93,5.2513,4.2936,10296908,188004514.0,7456186400.0,4470267018.88
2015-09-29,'603308,应流股份,17.71,18.19,17.58,17.99,18.18,-0.47,-2.5853,2.2948,5503395,97951498.0,7084177100.0,4247233310.32
2015-09-28,'603308,应流股份,18.18,18.6,17.8,18.18,17.87,0.31,1.7348,3.2868,7882373,142222156.0,7272181800.0,4359949270.56
2015-09-25,'603308,应流股份,17.87,19.15,17.68,19.15,19.49,-1.62,-8.312,4.1907,10050150,184806581.0,7148178700.0,4285604701.04
2015-09-24,'603308,应流股份,19.49,19.5,18.31,18.68,18.43,1.06,5.7515,4.4964,10783397,203516758.0,7796194900.0,4674115032.08
2015-09-23,'603308,应流股份,18.43,19.32,18.0,18.11,18.81,-0.38,-2.0202,5.1689,12396002,231064882.0,7372184300.0,4419904568.56
2015-09-22,'603308,应流股份,18.81,19.88,18.3,19.8,19.01,-0.2,-1.0521,6.7893,16282181,311137503.0,7524188100.0,4511036621.52
2015-09-21,'603308,应流股份,19.01,19.01,17.24,17.3,17.28,1.73,10.0116,9.0294,21654374,395505273.0,7604190100.0,4559000859.92
2015-09-18,'603308,应流股份,17.28,17.57,16.69,17.14,16.82,0.46,2.7348,5.1662,12389727,211955346.0,6912172800.0,4144110197.76
2015-09-17,'603308,应流股份,16.82,17.66,15.8,16.0,16.23,0.59,3.6352,7.9758,19127772,320945904.0,6728168200.0,4033792449.44
2015-09-16,'603308,应流股份,16.23,16.29,14.5,15.01,14.81,1.42,9.5881,5.4465,13061897,201765985.0,6492162300.0,3892297946.16
2015-09-15,'603308,应流股份,14.81,16.55,14.79,15.73,16.43,-1.62,-9.86,3.9069,9369540,145759488.0,5924148100.0,3551751853.52
2015-09-14,'603308,应流股份,16.43,18.68,16.43,18.35,18.25,-1.82,-9.9726,3.4729,8328682,144127284.0,6572164300.0,3940262184.56
2015-09-11,'603308,应流股份,18.25,18.94,17.75,18.0,18.2,0.05,0.2747,3.5613,8540691,156105789.0,7300182500.0,4376736754.0
2015-09-10,'603308,应流股份,18.2,19.15,17.22,17.4,17.73,0.47,2.6509,5.1566,12366517,225284852.0,7280182000.0,4364745694.4
2015-09-09,'603308,应流股份,17.73,18.09,17.14,17.14,16.98,0.75,4.417,4.3718,10484527,184464305.0,7092177300.0,4252029734.16
2015-09-08,'603308,应流股份,16.98,17.2,15.53,15.9,15.92,1.06,6.6583,2.9139,6988115,113993615.0,6792169800.0,4072163840.16
2015-09-07,'603308,应流股份,15.92,16.49,15.5,16.0,15.61,0.31,1.9859,4.0343,9675020,154986314.0,6368159200.0,3817953376.64
2015-09-02,'603308,应流股份,15.61,17.76,15.54,16.1,17.27,-1.66,-9.612,5.1426,12332943,199034703.0,6244156100.0,3743608807.12
2015-09-01,'603308,应流股份,17.27,19.18,17.27,18.73,19.19,-1.92,-10.0052,4.2737,10249336,181637868.0,6908172700.0,4141711985.84
2015-08-31,'603308,应流股份,19.19,20.2,18.69,20.2,20.16,-0.97,-4.8115,4.6498,11151113,216965917.0,7676191900.0,4602168674.48
2015-08-28,'603308,应流股份,20.16,20.16,18.33,18.61,18.33,1.83,9.9836,5.7365,13757444,272829249.0,8064201600.0,4834795230.72
2015-08-27,'603308,应流股份,18.33,18.36,16.8,17.95,17.15,1.18,6.8805,3.0342,7276556,128636715.0,7332183300.0,4395922449.36
2015-08-26,'603308,应流股份,17.15,19.35,17.0,18.47,18.33,-1.18,-6.4375,4.9051,11763515,218563992.0,6860171500.0,4112933442.8
2015-08-25,'603308,应流股份,18.33,19.74,18.33,18.33,20.37,-2.04,-10.0147,2.9387,7047554,131689410.0,7332183300.0,4395922449.36
2015-08-24,'603308,应流股份,20.37,22.0,20.37,21.9,22.63,-2.26,-9.9867,5.0941,12216673,251416303.0,8148203700.0,4885157681.04
2015-08-21,'603308,应流股份,22.63,24.29,22.26,23.35,23.88,-1.25,-5.2345,3.4048,8165466,190197899.0,9052226300.0,5427153574.96
2015-08-20,'603308,应流股份,23.88,25.13,23.65,24.83,25.27,-1.39,-5.5006,2.8338,6796087,166922147.0,9552238800.0,5726930064.96
2015-08-19,'603308,应流股份,25.27,25.36,22.51,22.8,23.68,1.59,6.7145,4.7224,11325226,270341552.0,10108252700.0,6060281521.84
2015-08-18,'603308,应流股份,23.68,27.5,23.68,26.64,26.31,-2.63,-9.9962,6.0985,14625479,378281828.0,9472236800.0,5678965826.56
2015-08-17,'603308,应流股份,26.31,26.6,25.3,26.2,26.7,-0.39,-1.4607,3.8157,9150877,237573629.0,10524263100.0,6309695561.52
2015-08-14,'603308,应流股份,26.7,27.97,26.21,27.68,26.87,-0.17,-0.6327,6.038,14480445,392830215.0,10680267000.0,6403225826.4
2015-08-13,'603308,应流股份,26.87,26.99,25.5,25.81,25.74,1.13,4.3901,5.7708,13839596,367960287.0,10748268700.0,6443995429.04
2015-08-12,'603308,应流股份,25.74,26.5,25.34,25.5,26.1,-0.36,-1.3793,4.1817,10028659,261697607.0,10296257400.0,6172997482.08
2015-08-11,'603308,应流股份,26.1,27.3,25.89,26.05,25.99,0.11,0.4232,6.4428,15451136,409341091.0,10440261000.0,6259333111.2
2015-08-10,'603308,应流股份,25.99,26.2,24.5,24.5,24.18,1.81,7.4855,6.2554,15001668,386018423.0,10396259900.0,6232952780.08
2015-08-07,'603308,应流股份,24.18,24.45,23.45,23.88,23.39,0.79,3.3775,4.8149,11547169,277086216.0,9672241800.0,5798876422.56
2015-08-06,'603308,应流股份,23.39,24.0,21.88,22.37,22.79,0.6,2.6327,4.1331,9912051,229852483.0,9356233900.0,5609417680.88
2015-08-05,'603308,应流股份,22.79,23.98,22.58,23.3,22.9,-0.11,-0.4803,4.0798,9784264,226816946.0,9116227900.0,5465524965.68
2015-08-04,'603308,应流股份,22.9,22.99,21.16,21.16,20.99,1.91,9.0996,3.5003,8394381,185107795.0,9160229000.0,5491905296.8
2015-08-03,'603308,应流股份,20.99,23.39,20.55,22.22,22.82,-1.83,-8.0193,4.1202,9881065,214549437.0,8396209900.0,5033846820.08
2015-07-31,'603308,应流股份,22.82,24.18,22.46,23.38,23.99,-1.17,-4.877,3.7147,8908749,209005923.0,9128228200.0,5472719601.44
2015-07-30,'603308,应流股份,23.99,25.15,23.3,23.35,22.97,1.02,4.4406,7.1805,17220259,418580222.0,9596239900.0,5753310396.08
2015-07-29,'603308,应流股份,22.97,22.97,21.38,21.4,20.88,2.09,10.0096,7.0042,16797492,370925043.0,9188229700.0,5508692780.24
2015-07-28,'603308,应流股份,20.88,23.15,20.53,20.81,22.81,-1.93,-8.4612,6.278,15055923,320120928.0,8352208800.0,5007466488.96
2015-07-27,'603308,应流股份,22.81,25.28,22.81,24.3,25.34,-2.53,-9.9842,5.9632,14300901,346240655.0,9124228100.0,5470321389.52
2015-07-24,'603308,应流股份,25.34,27.1,24.98,26.75,26.73,-1.39,-5.2001,7.9704,19114799,499630126.0,10136253400.0,6077069005.28
2015-07-23,'603308,应流股份,26.73,27.12,25.61,26.25,26.29,0.44,1.6736,7.4519,17871342,473883396.0,10692267300.0,6410420462.16
2015-07-22,'603308,应流股份,26.29,26.7,25.1,25.45,25.54,0.75,2.9366,7.3692,17672851,460917707.0,10516262900.0,6304899137.68
2015-07-21,'603308,应流股份,25.54,26.18,24.96,26.18,26.28,-0.74,-2.8158,9.2641,22217221,564633798.0,10216255400.0,6125033243.68
2015-07-20,'603308,应流股份,26.28,26.28,24.3,24.35,23.89,2.39,10.0042,12.1531,29145602,752856397.0,10512262800.0,6302500925.76
2015-07-17,'603308,XD应流股,23.89,24.19,22.18,22.5,22.15,1.74,7.8555,6.1177,14671470,341651718.0,9556238900.0,5729328276.88
2015-07-16,'603308,应流股份,22.2,22.48,19.58,19.58,21.75,0.45,2.069,5.7764,13853024,295526356.0,8880222000.0,5324030462.4
2015-07-15,'603308,应流股份,21.75,23.79,21.75,23.2,24.17,-2.42,-10.0124,5.3387,12803387,286639301.0,8700217500.0,5216110926.0
2015-07-14,'603308,应流股份,24.17,27.08,23.82,25.43,26.47,-2.3,-8.6891,12.4074,29755584,748266945.0,9668241700.0,5796478210.64
2015-07-13,'603308,应流股份,26.47,26.49,23.5,24.88,24.08,2.39,9.9252,11.2633,27011889,684259687.0,10588264700.0,6348066952.24
2015-07-10,'603308,应流股份,24.08,24.08,22.51,22.51,21.89,2.19,10.0046,7.0718,16959563,404227549.0,9632240800.0,5774894303.36
2015-07-09,'603308,应流股份,21.89,21.89,17.91,17.91,19.9,1.99,10.0,9.4402,22639577,460643138.0,8756218900.0,5249685892.88
2015-07-08,'603308,应流股份,0.0,0.0,0.0,0.0,19.9,None,None,0.0,0,0.0,7960199000.0,4772441720.8
2015-07-07,'603308,应流股份,19.9,21.02,19.9,21.01,22.11,-2.21,-9.9955,2.18,5228144,105063638.0,7960199000.0,4772441720.8
2015-07-06,'603308,应流股份,22.11,27.03,22.11,27.03,24.57,-2.46,-10.0122,6.7053,16080678,389817108.0,8844221100.0,5302446555.12
2015-07-03,'603308,应流股份,24.57,27.46,23.34,24.3,25.89,-1.32,-5.0985,5.8825,14107412,351271881.0,9828245700.0,5892406687.44
2015-07-02,'603308,应流股份,25.89,29.05,25.61,28.4,28.31,-2.42,-8.5482,5.2245,12529430,343384646.0,10356258900.0,6208970660.88
2015-07-01,'603308,应流股份,28.31,30.97,26.69,29.34,29.24,-0.93,-3.1806,7.9994,19184182,569971263.0,11324283100.0,6789337945.52
2015-06-30,'603308,应流股份,29.24,29.24,25.41,26.0,26.58,2.66,10.0075,8.4594,20287368,557664847.0,11696292400.0,7012371654.08
2015-06-29,'603308,应流股份,26.58,27.31,23.3,26.9,25.61,0.97,3.7876,9.6805,23215851,604006678.0,10632265800.0,6374447283.36
2015-06-26,'603308,应流股份,25.61,27.85,25.61,27.85,28.45,-2.84,-9.9824,6.5321,15665315,413642731.0,10244256100.0,6141820727.12
2015-06-25,'603308,应流股份,28.45,31.21,28.05,31.2,31.17,-2.72,-8.7263,6.2422,14970161,443664800.0,11380284500.0,6822912912.4
2015-06-24,'603308,应流股份,31.17,32.56,30.48,32.0,31.72,-0.55,-1.7339,6.9094,16570198,523283083.0,12468311700.0,7475226554.64
2015-06-23,'603308,应流股份,31.72,32.27,29.13,30.5,30.44,1.28,4.205,6.0537,14517952,452872155.0,12688317200.0,7607128210.24
2015-06-19,'603308,应流股份,30.44,32.69,30.35,31.68,33.7,-3.26,-9.6736,6.5842,15790346,496995979.0,12176304400.0,7300157084.48
2015-06-18,'603308,应流股份,33.7,37.4,33.7,36.12,37.44,-3.74,-9.9893,7.4936,17971245,640103868.0,13480337000.0,8081974170.4
2015-06-17,'603308,应流股份,37.44,38.78,34.5,36.46,35.96,1.48,4.1157,15.3075,36710580,1336753567.0,14976374400.0,8978905428.48
2015-06-16,'603308,应流股份,35.96,35.96,34.0,35.96,32.69,3.27,10.0031,3.5745,8572293,306407556.0,14384359600.0,8623970064.32
2015-06-15,'603308,应流股份,0.0,0.0,0.0,0.0,32.69,None,None,0.0,0,0.0,13076326900.0,7839754766.48
2015-06-12,'603308,应流股份,0.0,0.0,0.0,0.0,32.69,None,None,0.0,0,0.0,13076326900.0,7839754766.48
2015-06-11,'603308,应流股份,0.0,0.0,0.0,0.0,32.69,None,None,0.0,0,0.0,13076326900.0,7839754766.48
2015-06-10,'603308,应流股份,0.0,0.0,0.0,0.0,32.69,None,None,0.0,0,0.0,13076326900.0,7839754766.48
2015-06-09,'603308,应流股份,0.0,0.0,0.0,0.0,32.69,None,None,0.0,0,0.0,13076326900.0,7839754766.48
2015-06-08,'603308,应流股份,0.0,0.0,0.0,0.0,32.69,None,None,0.0,0,0.0,13076326900.0,7839754766.48
2015-06-05,'603308,应流股份,0.0,0.0,0.0,0.0,32.69,None,None,0.0,0,0.0,13076326900.0,7839754766.48
2015-06-04,'603308,应流股份,0.0,0.0,0.0,0.0,32.69,None,None,0.0,0,0.0,13076326900.0,7839754766.48
2015-06-03,'603308,应流股份,0.0,0.0,0.0,0.0,32.69,None,None,0.0,0,0.0,13076326900.0,7839754766.48
2015-06-02,'603308,应流股份,0.0,0.0,0.0,0.0,32.69,None,None,0.0,0,0.0,13076326900.0,7839754766.48
2015-06-01,'603308,应流股份,0.0,0.0,0.0,0.0,32.69,None,None,0.0,0,0.0,13076326900.0,7839754766.48
2015-05-29,'603308,应流股份,0.0,0.0,0.0,0.0,32.69,None,None,0.0,0,0.0,13076326900.0,7839754766.48
2015-05-28,'603308,应流股份,32.69,36.5,32.0,33.55,33.5,-0.81,-2.4179,14.2799,34246136,1193358489.0,13076326900.0,7839754766.48
2015-05-27,'603308,应流股份,33.5,34.59,31.0,32.58,32.49,1.01,3.1086,12.8303,30769818,1011054883.0,13400335000.0,8034009932.0
2015-05-26,'603308,应流股份,32.49,32.85,29.8,30.08,30.09,2.4,7.9761,12.0629,28929355,902645752.0,12996324900.0,7791790528.08
2015-05-25,'603308,应流股份,30.09,31.0,28.48,28.71,28.89,1.2,4.1537,12.6799,30409019,905492639.0,12036300900.0,7216219667.28
2015-05-22,'603308,应流股份,28.89,30.19,28.41,29.67,29.41,-0.52,-1.7681,9.6373,23112376,671835024.0,11556288900.0,6928434236.88
2015-05-21,'603308,应流股份,29.41,29.55,27.81,28.56,28.47,0.94,3.3017,8.9823,21541475,616986063.0,11764294100.0,7053141256.72
2015-05-20,'603308,应流股份,28.47,29.35,27.78,28.05,27.94,0.53,1.8969,9.7343,23344856,663731946.0,11388284700.0,6827709336.24
2015-05-19,'603308,应流股份,27.94,27.95,26.61,26.62,27.0,0.94,3.4815,9.1672,21984942,600673015.0,11176279400.0,6700604104.48
2015-05-18,'603308,应流股份,27.0,27.3,26.14,26.43,26.58,0.42,1.5801,6.9494,16666116,448186044.0,10800270000.0,6475172184.0
2015-05-15,'603308,应流股份,26.58,27.3,25.9,27.3,27.18,-0.6,-2.2075,6.4258,15410393,407527923.0,10632265800.0,6374447283.36
2015-05-14,'603308,应流股份,27.18,27.75,26.32,26.43,26.38,0.8,3.0326,7.6578,18365139,497250223.0,10872271800.0,6518339998.56
2015-05-13,'603308,应流股份,26.38,27.49,26.26,27.41,27.37,-0.99,-3.6171,6.8554,16440817,438456934.0,10552263800.0,6326483044.96
2015-05-12,'603308,应流股份,27.37,27.71,25.91,25.91,25.81,1.56,6.0442,9.6705,23191951,627035194.0,10948273700.0,6563906025.04
2015-05-11,'603308,应流股份,25.81,25.84,24.01,24.78,24.24,1.57,6.4769,6.114,14662729,362167437.0,10324258100.0,6189784965.52
2015-05-08,'603308,应流股份,24.24,24.4,23.6,23.8,23.6,0.64,2.7119,3.5245,8452601,202360294.0,9696242400.0,5813265694.08
2015-05-07,'603308,应流股份,23.6,24.05,23.38,23.5,23.35,0.25,1.0707,3.2451,7782553,184526026.0,9440236000.0,5659780131.2
2015-05-06,'603308,应流股份,23.35,24.88,23.01,24.48,24.48,-1.13,-4.616,4.3869,10520822,254145429.0,9340233500.0,5599824833.2
2015-05-05,'603308,应流股份,24.48,26.4,24.39,26.39,26.28,-1.8,-6.8493,5.6054,13442911,338202378.0,9792244800.0,5870822780.16
2015-05-04,'603308,应流股份,26.28,26.84,26.1,26.26,26.23,0.05,0.1906,3.545,8501546,224658355.0,10512262800.0,6302500925.76
2015-04-30,'603308,应流股份,26.23,26.9,25.52,25.68,25.77,0.46,1.785,4.7643,11425752,300612612.0,10492262300.0,6290509866.16
2015-04-29,'603308,应流股份,25.77,25.97,24.6,24.83,25.51,0.26,1.0192,4.5857,10997411,280286527.0,10308257700.0,6180192117.84
2015-04-28,'603308,应流股份,25.51,26.78,25.35,26.7,27.09,-1.58,-5.8324,6.5453,15697130,407361980.0,10204255100.0,6117838607.92
2015-04-27,'603308,应流股份,27.09,27.84,26.68,27.8,27.41,-0.32,-1.1675,6.2867,15076902,408827874.0,10836270900.0,6496756091.28
2015-04-24,'603308,应流股份,27.41,27.99,27.0,27.36,28.35,-0.94,-3.3157,5.8529,14036433,385083469.0,10964274100.0,6573498872.72
2015-04-23,'603308,应流股份,28.35,29.8,28.11,29.0,28.0,0.35,1.25,9.9601,23886525,691613742.0,11340283500.0,6798930793.2
2015-04-22,'603308,应流股份,28.0,29.0,27.72,28.4,27.15,0.85,3.1308,7.6709,18396473,518916615.0,11200280000.0,6714993376.0
2015-04-21,'603308,应流股份,27.15,27.19,26.08,26.5,27.0,0.15,0.5556,6.0513,14512225,386168543.0,10860271500.0,6511145362.8
2015-04-20,'603308,应流股份,27.0,28.99,25.45,27.37,28.28,-1.28,-4.5262,10.0107,24007706,651924313.0,10800270000.0,6475172184.0
2015-04-17,'603308,应流股份,28.28,31.04,28.25,30.49,28.22,0.06,0.2126,18.6761,44789324,1329051315.0,11312282800.0,6782143309.76
2015-04-16,'603308,应流股份,28.22,28.22,25.95,26.1,25.65,2.57,10.0195,10.1003,24222546,667141398.0,11288282200.0,6767754038.24
2015-04-15,'603308,应流股份,25.65,29.67,24.91,26.99,27.3,-1.65,-6.044,9.8153,23539099,617652600.0,10260256500.0,6151413574.8
2015-04-14,'603308,应流股份,27.3,27.71,25.3,25.8,25.82,1.48,5.732,8.2552,19797769,529611044.0,10920273000.0,6547118541.6
2015-04-13,'603308,应流股份,25.82,26.59,24.6,25.62,25.59,0.23,0.8988,6.0751,14569428,373155789.0,10328258200.0,6192183177.44
2015-04-10,'603308,应流股份,25.59,25.98,24.51,24.78,25.1,0.49,1.9522,5.3547,12841620,327409179.0,10236255900.0,6137024303.28
2015-04-09,'603308,应流股份,25.1,26.14,23.5,26.11,26.08,-0.98,-3.7577,8.3404,20002059,496840269.0,10040251000.0,6019511919.2
2015-04-08,'603308,应流股份,26.08,27.99,25.29,27.29,25.97,0.11,0.4236,13.6624,32765411,870750324.0,10432260800.0,6254536687.36
2015-04-07,'603308,应流股份,25.97,25.97,24.0,24.0,23.61,2.36,9.9958,7.5804,18179304,460600481.0,10388259700.0,6228156356.24
2015-04-03,'603308,应流股份,23.61,23.96,22.35,22.35,22.3,1.31,5.8744,8.8817,21300108,495337291.0,9444236100.0,5662178343.12
2015-04-02,'603308,应流股份,22.3,22.99,21.7,21.9,21.95,0.35,1.5945,7.9372,19035059,423732447.0,8920223000.0,5348012581.6
2015-04-01,'603308,应流股份,21.95,22.2,20.61,20.61,20.71,1.24,5.9874,9.0951,21812026,467448026.0,8780219500.0,5264075164.4
2015-03-31,'603308,应流股份,20.71,21.28,20.45,20.93,20.83,-0.12,-0.5761,5.5178,13232872,274666557.0,8284207100.0,4966696886.32
2015-03-30,'603308,应流股份,20.83,20.99,20.0,20.15,19.95,0.88,4.411,8.5092,20406833,420519168.0,8332208300.0,4995475429.36
2015-03-27,'603308,应流股份,19.95,20.39,19.77,20.08,19.96,-0.01,-0.0501,4.6189,11077028,220311197.0,7980199500.0,4784432780.4
2015-03-26,'603308,应流股份,19.96,20.99,19.85,20.38,20.39,-0.43,-2.1089,5.8815,14104991,287897293.0,7984199600.0,4786830992.32
2015-03-25,'603308,应流股份,20.39,20.45,19.5,19.78,19.8,0.59,2.9798,7.0224,16841098,336804562.0,8156203900.0,4889954104.88
2015-03-24,'603308,应流股份,19.8,20.2,19.35,20.2,20.23,-0.43,-2.1256,7.5108,18012504,356602559.0,7920198000.0,4748459601.6
2015-03-23,'603308,应流股份,20.23,20.28,19.91,20.17,20.01,0.22,1.0995,6.6908,16045975,322445227.0,8092202300.0,4851582714.16
2015-03-20,'603308,应流股份,20.01,20.18,19.65,19.99,19.76,0.25,1.2652,6.9921,16768646,333981795.0,8004200100.0,4798822051.92
2015-03-19,'603308,应流股份,19.76,19.99,19.24,19.32,19.4,0.36,1.8557,6.5268,15652717,308236303.0,7904197600.0,4738866753.92
2015-03-18,'603308,应流股份,19.4,19.45,19.0,19.34,19.25,0.15,0.7792,6.1705,14798254,284020752.0,7760194000.0,4652531124.8
2015-03-17,'603308,应流股份,19.25,19.3,18.9,19.0,18.9,0.35,1.8519,5.7188,13714783,261955531.0,7700192500.0,4616557946.0
2015-03-16,'603308,应流股份,18.9,18.94,18.63,18.69,18.63,0.27,1.4493,3.4506,8275174,155719680.0,7560189000.0,4532620528.8
2015-03-13,'603308,应流股份,18.63,18.66,18.33,18.34,18.43,0.2,1.0852,2.1789,5225413,96758861.0,7452186300.0,4467868806.96
2015-03-12,'603308,应流股份,18.43,19.1,18.3,19.1,18.96,-0.53,-2.7954,3.218,7717430,143817908.0,7372184300.0,4419904568.56
2015-03-11,'603308,应流股份,18.96,19.14,18.73,18.92,18.79,0.17,0.9047,3.4846,8356704,158580342.0,7584189600.0,4547009800.32
2015-03-10,'603308,应流股份,18.79,18.93,18.37,18.58,18.58,0.21,1.1302,2.3732,5691506,106538141.0,7516187900.0,4506240197.68
2015-03-09,'603308,应流股份,18.58,18.6,18.06,18.5,18.52,0.06,0.324,1.7826,4274981,78499313.0,7432185800.0,4455877747.36
2015-03-06,'603308,应流股份,18.52,19.35,18.5,19.35,19.07,-0.55,-2.8841,2.8917,6934836,130893041.0,7408185200.0,4441488475.84
2015-03-05,'603308,应流股份,19.07,19.1,18.8,19.09,18.85,0.22,1.1671,4.5647,10947231,207495912.0,7628190700.0,4573390131.44
2015-03-04,'603308,应流股份,18.85,19.19,18.62,19.0,18.64,0.21,1.1266,4.5085,10812320,203782666.0,7540188500.0,4520629469.2
2015-03-03,'603308,应流股份,18.64,19.36,18.32,18.45,18.52,0.12,0.6479,6.8946,16534714,311275511.0,7456186400.0,4470267018.88
2015-03-02,'603308,应流股份,18.52,18.58,18.14,18.32,18.3,0.22,1.2022,3.4938,8378890,154268640.0,7408185200.0,4441488475.84
2015-02-27,'603308,应流股份,18.3,18.44,18.18,18.38,18.28,0.02,0.1094,1.683,4036176,73859474.0,7320183000.0,4388727813.6
2015-02-26,'603308,应流股份,18.28,18.31,18.07,18.2,18.26,0.02,0.1095,1.3332,3197371,58250082.0,7312182800.0,4383931389.76
2015-02-25,'603308,应流股份,18.26,18.45,17.91,18.17,18.11,0.15,0.8283,1.6813,4032207,73334467.0,7304182600.0,4379134965.92
2015-02-17,'603308,应流股份,18.11,18.16,17.9,18.09,18.06,0.05,0.2769,1.1982,2873420,51881690.0,7244181100.0,4343161787.12
2015-02-16,'603308,应流股份,18.06,18.18,17.83,18.0,17.86,0.2,1.1198,1.4009,3359734,60419856.0,7224180600.0,4331170727.52
2015-02-13,'603308,应流股份,17.86,18.07,17.71,17.71,17.68,0.18,1.0181,1.7685,4241281,75860893.0,7144178600.0,4283206489.12
2015-02-12,'603308,应流股份,17.68,17.7,17.3,17.59,17.51,0.17,0.9709,1.5554,3730118,65555194.0,7072176800.0,4240038674.56
2015-02-11,'603308,应流股份,17.51,17.62,17.43,17.55,17.52,-0.01,-0.0571,1.0043,2408414,42187703.0,7004175100.0,4199269071.92
2015-02-10,'603308,应流股份,17.52,17.7,17.18,17.31,17.38,0.14,0.8055,0.8793,2108801,36695131.0,7008175200.0,4201667283.84
2015-02-09,'603308,应流股份,17.38,17.99,17.3,17.76,17.72,-0.34,-1.9187,1.031,2472590,43432196.0,6952173800.0,4168092316.96
2015-02-06,'603308,应流股份,17.72,18.1,17.5,17.54,17.75,-0.03,-0.169,1.7031,4084418,72745623.0,7088177200.0,4249631522.24
2015-02-05,'603308,应流股份,17.75,18.32,17.41,17.6,17.49,0.26,1.4866,2.2707,5445684,97317937.0,7100177500.0,4256826158.0
2015-02-04,'603308,应流股份,17.49,17.89,17.34,17.55,17.69,-0.2,-1.1306,1.445,3465512,61090829.0,6996174900.0,4194472648.08
2015-02-03,'603308,应流股份,17.69,17.72,17.35,17.42,17.35,0.34,1.9597,1.1321,2714910,47531417.0,7076176900.0,4242436886.48
2015-02-02,'603308,应流股份,17.35,17.47,17.11,17.4,17.76,-0.41,-2.3086,1.8158,4354632,75215465.0,6940173500.0,4160897681.2
2015-01-30,'603308,应流股份,17.76,18.43,17.75,18.43,18.31,-0.55,-3.0038,2.0267,4860397,87466470.0,7104177600.0,4259224369.92
2015-01-29,'603308,应流股份,18.31,18.59,18.16,18.16,18.18,0.13,0.7151,2.5783,6183366,113707151.0,7324183100.0,4391126025.52
2015-01-28,'603308,应流股份,18.18,18.56,18.16,18.56,18.83,-0.65,-3.4519,2.8286,6783593,124378858.0,7272181800.0,4359949270.56
2015-01-27,'603308,应流股份,18.83,18.96,18.31,18.63,18.87,-0.04,-0.212,5.582,13386860,249592325.0,7532188300.0,4515833045.36
2015-01-26,'603308,应流股份,18.87,18.98,18.1,18.3,18.39,0.48,2.6101,5.2029,12477584,232138722.0,7548188700.0,4525425893.04
2015-01-23,'603308,应流股份,18.39,18.88,18.23,18.33,18.29,0.1,0.5467,5.4177,12992786,240549346.0,7356183900.0,4410311720.88
2015-01-22,'603308,应流股份,18.29,18.4,17.96,18.29,18.36,-0.07,-0.3813,3.5109,8419805,153138234.0,7316182900.0,4386329601.68
2015-01-21,'603308,应流股份,18.36,18.45,17.7,17.88,17.82,0.54,3.0303,10.1321,8106687,147078195.0,7344183600.0,1468983600.0
2015-01-20,'603308,应流股份,17.82,17.94,17.39,17.5,17.31,0.51,2.9463,7.8835,6307620,111600733.0,7128178200.0,1425778200.0
2015-01-19,'603308,应流股份,17.31,18.39,17.24,18.21,19.15,-1.84,-9.6084,13.1687,10536257,188021409.0,6924173100.0,1384973100.0
2015-01-16,'603308,应流股份,19.15,20.25,18.8,19.9,19.2,-0.05,-0.2604,15.9187,12736518,249301527.0,7660191500.0,1532191500.0
2015-01-15,'603308,应流股份,19.2,19.3,18.8,19.3,19.33,-0.13,-0.6725,7.5763,6061782,115445520.0,7680192000.0,1536192000.0
2015-01-14,'603308,应流股份,19.33,19.9,19.02,19.9,19.94,-0.61,-3.0592,9.6982,7759554,150299571.0,7732193300.0,1546593300.0
2015-01-13,'603308,应流股份,19.94,20.35,19.53,19.99,20.04,-0.1,-0.499,13.2011,10562235,209468092.0,7976199400.0,1595399400.0
2015-01-12,'603308,应流股份,20.04,20.09,18.87,18.99,19.27,0.77,3.9958,18.3101,14649895,286999306.0,8016200400.0,1603400400.0
2015-01-09,'603308,应流股份,19.27,19.9,18.48,18.88,19.16,0.11,0.5741,16.181,12946412,250698318.0,7708192700.0,1541792700.0
2015-01-08,'603308,应流股份,19.16,19.99,18.46,18.89,18.89,0.27,1.4293,19.5073,15607772,302873714.0,7664191600.0,1532991600.0
2015-01-07,'603308,应流股份,18.89,19.44,17.55,17.55,17.77,1.12,6.3028,17.782,14227371,267936796.0,7556188900.0,1511388900.0
2015-01-06,'603308,应流股份,17.77,17.88,17.0,17.39,17.47,0.3,1.7172,5.2232,4179122,73133244.0,7108177700.0,1421777700.0
2015-01-05,'603308,应流股份,17.47,17.9,17.0,17.85,17.92,-0.45,-2.5112,5.7099,4568473,79390503.0,6988174700.0,1397774700.0
2014-12-31,'603308,应流股份,17.92,18.44,17.3,17.39,17.26,0.66,3.8239,5.7994,4640083,83749253.0,7168179200.0,1433779200.0
2014-12-30,'603308,应流股份,17.26,18.39,17.11,18.22,18.21,-0.95,-5.2169,6.4029,5122950,90115418.0,6904172600.0,1380972600.0
2014-12-29,'603308,应流股份,18.21,18.74,18.08,18.72,18.73,-0.52,-2.7763,4.9262,3941467,72055028.0,7284182100.0,1456982100.0
2014-12-26,'603308,应流股份,18.73,18.91,18.5,18.9,18.92,-0.19,-1.0042,5.3694,4296036,80164235.0,7492187300.0,1498587300.0
2014-12-25,'603308,应流股份,18.92,18.94,18.2,18.4,18.33,0.59,3.2188,7.0325,5626700,105119003.0,7568189200.0,1513789200.0
2014-12-24,'603308,应流股份,18.33,18.35,17.88,17.88,17.87,0.46,2.5741,4.3909,3513177,63806651.0,7332183300.0,1466583300.0
2014-12-23,'603308,应流股份,17.87,18.85,17.75,18.2,18.12,-0.25,-1.3797,5.4888,4391608,80382452.0,7148178700.0,1429778700.0
2014-12-22,'603308,应流股份,18.12,19.13,17.76,18.76,18.75,-0.63,-3.36,7.787,6230341,115392622.0,7248181200.0,1449781200.0
2014-12-19,'603308,应流股份,18.75,19.28,18.4,19.28,19.28,-0.53,-2.749,7.5353,6028971,113401595.0,7500187500.0,1500187500.0
2014-12-18,'603308,应流股份,19.28,19.49,18.6,18.85,18.17,1.11,6.109,15.0889,12072636,230564505.0,7712192800.0,1542592800.0
2014-12-17,'603308,应流股份,18.17,18.94,17.97,18.79,18.76,-0.59,-3.145,7.1358,5709378,104388364.0,7268181700.0,1453781700.0
2014-12-16,'603308,应流股份,18.76,19.1,18.5,18.66,18.79,-0.03,-0.1597,6.488,5191010,97374107.0,7504187600.0,1500987600.0
2014-12-15,'603308,应流股份,18.79,18.86,18.1,18.2,18.41,0.38,2.0641,6.8591,5487991,102243745.0,7516187900.0,1503387900.0
2014-12-12,'603308,应流股份,18.41,18.49,18.15,18.21,17.96,0.45,2.5056,5.4949,4396452,80514333.0,7364184100.0,1472984100.0
2014-12-11,'603308,应流股份,17.96,18.28,17.72,18.23,18.03,-0.07,-0.3882,6.3769,5102172,91722205.0,7184179600.0,1436979600.0
2014-12-10,'603308,应流股份,18.03,18.15,17.11,17.11,17.23,0.8,4.6431,8.1934,6555527,116196134.0,7212180300.0,1442580300.0
2014-12-09,'603308,应流股份,17.23,18.8,17.11,18.8,19.01,-1.78,-9.3635,15.3824,12307478,222392682.0,6892172300.0,1378572300.0
2014-12-08,'603308,应流股份,19.01,19.8,18.63,19.38,19.71,-0.7,-3.5515,15.2476,12199574,232920815.0,7604190100.0,1520990100.0
2014-12-05,'603308,应流股份,19.71,21.1,19.06,20.63,20.42,-0.71,-3.477,18.0916,14475100,291959784.0,7884197100.0,1576997100.0
2014-12-04,'603308,应流股份,20.42,20.83,19.52,19.87,19.85,0.57,2.8715,17.3818,13907192,280854196.0,8168204200.0,1633804200.0
2014-12-03,'603308,应流股份,19.85,20.17,19.35,19.96,19.96,-0.11,-0.5511,12.29,9833254,193707906.0,7940198500.0,1588198500.0
2014-12-02,'603308,应流股份,19.96,20.23,19.28,19.28,19.22,0.74,3.8502,15.0163,12014557,238571718.0,7984199600.0,1596999600.0
2014-12-01,'603308,应流股份,19.22,19.4,18.9,19.39,19.58,-0.36,-1.8386,9.8374,7870870,150483515.0,7688192200.0,1537792200.0
2014-11-28,'603308,应流股份,19.58,19.99,19.08,19.85,20.07,-0.49,-2.4415,12.8598,10289102,200644497.0,7832195800.0,1566595800.0
2014-11-27,'603308,应流股份,20.07,20.93,19.67,20.57,20.4,-0.33,-1.6176,13.7924,11035296,222798574.0,8028200700.0,1605800700.0
2014-11-26,'603308,应流股份,20.4,20.6,19.93,20.25,20.75,-0.35,-1.6867,16.9322,13547419,274883715.0,8160204000.0,1632204000.0
2014-11-25,'603308,应流股份,20.75,21.6,20.35,20.51,20.51,0.24,1.1702,24.5759,19663185,412898386.0,8300207500.0,1660207500.0
2014-11-24,'603308,应流股份,20.51,21.14,18.9,19.38,19.33,1.18,6.1045,27.439,21953922,440806186.0,8204205100.0,1641005100.0
2014-11-21,'603308,应流股份,19.33,19.75,18.8,18.83,19.12,0.21,1.0983,16.7856,13430168,259996561.0,7732193300.0,1546593300.0
2014-11-20,'603308,应流股份,19.12,19.58,18.49,18.6,18.84,0.28,1.4862,17.5574,14047699,270953308.0,7648191200.0,1529791200.0
2014-11-19,'603308,应流股份,18.84,19.68,18.81,19.4,19.7,-0.86,-4.3655,18.8696,15097553,289684562.0,7536188400.0,1507388400.0
2014-11-18,'603308,应流股份,19.7,19.87,18.47,18.78,18.8,0.9,4.7872,23.7897,19034099,368771825.0,7880197000.0,1576197000.0
2014-11-17,'603308,应流股份,18.8,19.88,18.15,18.19,18.19,0.61,3.3535,20.8031,16644576,316668789.0,7520188000.0,1504188000.0
2014-11-14,'603308,应流股份,18.19,19.28,18.14,18.75,19.35,-1.16,-5.9948,22.1623,17732091,329390646.0,7276181900.0,1455381900.0
2014-11-13,'603308,应流股份,19.35,20.61,18.63,18.94,19.48,-0.13,-0.6674,32.3283,25865911,509929006.0,7740193500.0,1548193500.0
2014-11-12,'603308,应流股份,19.48,19.98,18.3,18.9,19.1,0.38,1.9895,29.3108,23451585,452421578.0,7792194800.0,1558594800.0
2014-11-11,'603308,应流股份,19.1,20.15,18.68,20.0,20.64,-1.54,-7.4612,36.2052,28967779,562830951.0,7640191000.0,1528191000.0
2014-11-10,'603308,应流股份,20.64,20.64,18.5,18.7,18.76,1.88,10.0213,48.6427,38919026,759496194.0,8256206400.0,1651406400.0
2014-11-07,'603308,应流股份,18.76,19.32,18.19,18.6,17.56,1.2,6.8337,55.204,44168709,830138570.0,7504187600.0,1500987600.0
2014-11-06,'603308,应流股份,17.56,17.56,15.82,15.95,15.96,1.6,10.0251,26.8328,21468948,360887300.0,7024175600.0,1404975600.0
2014-11-05,'603308,应流股份,15.96,16.55,15.55,15.55,15.54,0.42,2.7027,16.7594,13409204,215074244.0,6384159600.0,1276959600.0
2014-11-04,'603308,应流股份,15.54,15.65,15.06,15.1,15.1,0.44,2.9139,7.1148,5692533,87707532.0,6216155400.0,1243355400.0
2014-11-03,'603308,应流股份,15.1,15.27,15.0,15.0,14.97,0.13,0.8684,3.9604,3168730,47975729.0,6040151000.0,1208151000.0
2014-10-31,'603308,应流股份,14.97,15.05,14.84,14.99,14.93,0.04,0.2679,3.7873,3030213,45253890.0,5988149700.0,1197749700.0
2014-10-30,'603308,应流股份,14.93,15.1,14.82,15.1,15.18,-0.25,-1.6469,5.2562,4205449,62842571.0,5972149300.0,1194549300.0
2014-10-29,'603308,应流股份,15.18,15.37,14.97,14.97,14.88,0.3,2.0161,6.5753,5260904,80053506.0,6072151800.0,1214551800.0
2014-10-28,'603308,应流股份,14.88,14.94,14.41,14.41,14.4,0.48,3.3333,4.6937,3755437,55546057.0,5952148800.0,1190548800.0
2014-10-27,'603308,应流股份,14.4,14.49,14.28,14.3,14.25,0.15,1.0526,2.0999,1680095,24167930.0,5760144000.0,1152144000.0
2014-10-24,'603308,应流股份,14.25,14.56,14.19,14.49,14.49,-0.24,-1.6563,3.095,2476347,35569050.0,5700142500.0,1140142500.0
2014-10-23,'603308,应流股份,14.49,15.17,14.4,15.17,15.25,-0.76,-4.9836,6.1249,4900561,71996105.0,5796144900.0,1159344900.0
2014-10-22,'603308,应流股份,15.25,15.62,15.22,15.31,15.31,-0.06,-0.3919,4.7229,3778769,58345572.0,6100152500.0,1220152500.0
2014-10-21,'603308,应流股份,15.31,15.68,15.28,15.49,15.53,-0.22,-1.4166,3.8462,3077309,47642148.0,6124153100.0,1224953100.0
2014-10-20,'603308,应流股份,15.53,15.62,15.21,15.43,15.43,0.1,0.6481,3.6666,2933637,45325550.0,6212155300.0,1242555300.0
2014-10-17,'603308,应流股份,15.43,15.54,14.81,15.27,15.3,0.13,0.8497,5.7251,4580668,69569044.0,6172154300.0,1234554300.0
2014-10-16,'603308,应流股份,15.3,15.73,15.28,15.58,15.63,-0.33,-2.1113,3.9294,3143939,48815535.0,6120153000.0,1224153000.0
2014-10-15,'603308,应流股份,15.63,15.72,15.41,15.59,15.59,0.04,0.2566,2.8903,2312535,36144755.0,6252156300.0,1250556300.0
2014-10-14,'603308,应流股份,15.59,15.71,15.37,15.46,15.48,0.11,0.7106,3.901,3121154,48568818.0,6236155900.0,1247355900.0
2014-10-13,'603308,应流股份,15.48,15.58,15.2,15.58,15.74,-0.26,-1.6518,5.683,4546956,69842198.0,6192154800.0,1238554800.0
2014-10-10,'603308,应流股份,15.74,16.24,15.71,16.2,16.19,-0.45,-2.7795,7.6889,6151871,97911875.0,6296157400.0,1259357400.0
2014-10-09,'603308,应流股份,16.19,16.43,16.07,16.26,16.26,-0.07,-0.4305,5.9284,4743323,76963200.0,6476161900.0,1295361900.0
2014-10-08,'603308,应流股份,16.26,16.34,16.07,16.34,16.24,0.02,0.1232,4.0339,3227548,52319284.0,6504162600.0,1300962600.0
2014-09-30,'603308,应流股份,16.24,16.26,16.09,16.09,16.12,0.12,0.7444,4.6355,3708897,59942003.0,6496162400.0,1299362400.0
2014-09-29,'603308,应流股份,16.12,16.29,16.02,16.1,16.17,-0.05,-0.3092,6.6562,5325642,85763771.0,6448161200.0,1289761200.0
2014-09-26,'603308,应流股份,16.17,16.4,16.0,16.38,16.44,-0.27,-1.6423,5.8583,4687247,75886865.0,6468161700.0,1293761700.0
2014-09-25,'603308,应流股份,16.44,16.98,16.2,16.29,16.16,0.28,1.7327,13.8551,11085501,184174705.0,6576164400.0,1315364400.0
2014-09-24,'603308,应流股份,16.16,16.25,15.81,16.04,16.26,-0.1,-0.615,7.2056,5765233,92681999.0,6464161600.0,1292961600.0
2014-09-23,'603308,应流股份,16.26,16.5,15.9,15.99,16.17,0.09,0.5566,6.5797,5264395,85421818.0,6504162600.0,1300962600.0
2014-09-22,'603308,应流股份,16.17,17.04,16.11,16.6,16.09,0.08,0.4972,11.9584,9567929,158054171.0,6468161700.0,1293761700.0
2014-09-19,'603308,应流股份,16.09,16.1,15.64,15.74,15.75,0.34,2.1587,4.1812,3345351,53269442.0,6436160900.0,1287360900.0
2014-09-18,'603308,应流股份,15.75,15.79,15.57,15.68,15.66,0.09,0.5747,3.1367,2509641,39377158.0,6300157500.0,1260157500.0
2014-09-17,'603308,应流股份,15.66,15.85,15.46,15.67,15.53,0.13,0.8371,3.5905,2872728,44966184.0,6264156600.0,1252956600.0
2014-09-16,'603308,应流股份,15.53,16.46,15.5,16.44,16.41,-0.88,-5.3626,8.635,6908850,110060976.0,6212155300.0,1242555300.0
2014-09-15,'603308,应流股份,16.41,16.46,16.2,16.3,16.3,0.11,0.6748,5.1022,4082295,66786543.0,6564164100.0,1312964100.0
2014-09-12,'603308,应流股份,16.3,16.5,16.1,16.1,16.2,0.1,0.6173,5.7384,4591327,74887348.0,6520163000.0,1304163000.0
2014-09-11,'603308,应流股份,16.2,16.64,16.05,16.5,16.46,-0.26,-1.5796,8.4889,6791948,110638883.0,6480162000.0,1296162000.0
2014-09-10,'603308,应流股份,16.46,16.8,16.11,16.3,16.35,0.11,0.6728,11.703,9363538,155120429.0,6584164600.0,1316964600.0
2014-09-09,'603308,应流股份,16.35,16.64,15.58,15.59,15.57,0.78,5.0096,15.2647,12213318,198402394.0,6540163500.0,1308163500.0
2014-09-05,'603308,应流股份,15.57,15.73,15.42,15.71,15.76,-0.19,-1.2056,8.4253,6741079,104948894.0,6228155700.0,1245755700.0
2014-09-04,'603308,应流股份,15.76,15.99,15.55,15.71,15.75,0.01,0.0635,11.9458,9557871,150986382.0,6304157600.0,1260957600.0
2014-09-03,'603308,应流股份,15.75,15.76,15.32,15.57,15.5,0.25,1.6129,10.6818,8546537,132970316.0,6300157500.0,1260157500.0
2014-09-02,'603308,应流股份,15.5,15.59,15.3,15.45,15.34,0.16,1.043,10.0125,8010993,123663896.0,6200155000.0,1240155000.0
2014-09-01,'603308,应流股份,15.34,15.39,14.96,15.23,15.16,0.18,1.1873,7.9384,6351548,96778425.0,6136153400.0,1227353400.0
2014-08-29,'603308,应流股份,15.16,15.19,14.77,14.94,15.18,-0.02,-0.1318,7.9998,6400651,95858568.0,6064151600.0,1212951600.0
2014-08-28,'603308,应流股份,15.18,15.8,15.14,15.52,15.36,-0.18,-1.1719,14.1643,11332866,175625492.0,6072151800.0,1214551800.0
2014-08-27,'603308,应流股份,15.36,15.93,15.21,15.75,16.06,-0.7,-4.3587,17.9647,14373554,222373102.0,6144153600.0,1228953600.0
2014-08-26,'603308,应流股份,16.06,16.8,15.6,16.8,17.02,-0.96,-5.6404,34.3691,27498690,443292670.0,6424160600.0,1284960600.0
2014-08-25,'603308,应流股份,17.02,17.02,15.35,15.52,15.47,1.55,10.0194,32.572,26060843,427130689.0,6808170200.0,1361770200.0
2014-08-22,'603308,应流股份,15.47,15.91,14.22,14.43,14.46,1.01,6.9848,21.8089,17449282,263293198.0,6188154700.0,1237754700.0
2014-08-21,'603308,应流股份,14.46,14.88,14.35,14.69,14.7,-0.24,-1.6327,9.0801,7264968,105836086.0,5784144600.0,1156944600.0
2014-08-20,'603308,应流股份,14.7,14.71,14.11,14.25,14.27,0.43,3.0133,12.9127,10331473,149626906.0,5880147000.0,1176147000.0
2014-08-19,'603308,应流股份,14.27,14.48,14.17,14.4,14.4,-0.13,-0.9028,6.7758,5421285,77659560.0,5708142700.0,1141742700.0
2014-08-18,'603308,应流股份,14.4,14.44,14.15,14.23,14.19,0.21,1.4799,5.7361,4589443,65645786.0,5760144000.0,1152144000.0
2014-08-15,'603308,应流股份,14.19,14.23,14.02,14.11,14.1,0.09,0.6383,4.2899,3432354,48555371.0,5676141900.0,1135341900.0
2014-08-14,'603308,应流股份,14.1,14.42,14.05,14.25,14.27,-0.17,-1.1913,5.3594,4288048,61058546.0,5640141000.0,1128141000.0
2014-08-13,'603308,应流股份,14.27,14.53,14.05,14.53,14.53,-0.26,-1.7894,7.2927,5834902,83066318.0,5708142700.0,1141742700.0
2014-08-12,'603308,应流股份,14.53,14.64,14.31,14.6,14.66,-0.13,-0.8868,6.4288,5143712,74347118.0,5812145300.0,1162545300.0
2014-08-11,'603308,应流股份,14.66,14.96,14.3,14.35,14.35,0.31,2.1603,13.1868,10550747,155026233.0,5864146600.0,1172946600.0
2014-08-08,'603308,应流股份,14.35,14.37,13.85,13.91,13.89,0.46,3.3117,11.6731,9339633,132628424.0,5740143500.0,1148143500.0
2014-08-07,'603308,应流股份,13.89,13.96,13.75,13.85,13.86,0.03,0.2165,4.8628,3890707,53946502.0,5556138900.0,1111338900.0
2014-08-06,'603308,应流股份,13.86,13.91,13.68,13.9,13.91,-0.05,-0.3595,5.3061,4245403,58541735.0,5544138600.0,1108938600.0
2014-08-05,'603308,应流股份,13.91,13.92,13.57,13.58,13.6,0.31,2.2794,6.2401,4992675,68954719.0,5564139100.0,1112939100.0
2014-08-04,'603308,应流股份,13.6,13.62,13.36,13.4,13.43,0.17,1.2658,4.2161,3373290,45655468.0,5440136000.0,1088136000.0
2014-08-01,'603308,应流股份,13.43,13.92,13.4,13.87,13.92,-0.49,-3.5201,6.3483,5079312,69519900.0,5372134300.0,1074534300.0
2014-07-31,'603308,应流股份,13.92,13.96,13.7,13.9,13.98,-0.06,-0.4292,5.4496,4360231,60465805.0,5568139200.0,1113739200.0
2014-07-30,'603308,应流股份,13.98,14.06,13.44,13.56,13.57,0.41,3.0214,9.4011,7521781,103563719.0,5592139800.0,1118539800.0
2014-07-29,'603308,应流股份,13.57,13.74,13.48,13.59,13.58,-0.01,-0.0736,6.2227,4978753,67727286.0,5428135700.0,1085735700.0
2014-07-28,'603308,应流股份,13.58,13.67,13.33,13.42,13.39,0.19,1.419,5.9013,4721592,63921517.0,5432135800.0,1086535800.0
2014-07-25,'603308,应流股份,13.39,13.41,13.12,13.3,13.3,0.09,0.6767,3.9132,3130944,41639127.0,5356133900.0,1071333900.0
2014-07-24,'603308,应流股份,13.3,13.58,12.93,13.51,13.51,-0.21,-1.5544,7.2848,5828568,76879919.0,5320133000.0,1064133000.0
2014-07-23,'603308,应流股份,13.51,14.25,13.45,14.1,14.26,-0.75,-5.2595,7.5156,6013241,82994635.0,5404135100.0,1080935100.0
2014-07-22,'603308,应流股份,14.26,14.38,14.08,14.38,14.21,0.05,0.3519,5.8956,4717109,66984907.0,5704142600.0,1140942600.0
2014-07-21,'603308,应流股份,14.21,14.39,14.07,14.18,14.06,0.15,1.0669,4.7432,3795069,54166367.0,5684142100.0,1136942100.0
2014-07-18,'603308,应流股份,14.06,14.35,14.01,14.1,14.23,-0.17,-1.1947,5.1433,4115131,58379682.0,5624140600.0,1124940600.0
2014-07-17,'603308,应流股份,14.23,14.25,13.67,13.71,13.78,0.45,3.2656,6.5667,5253998,73799425.0,5692142300.0,1138542300.0
2014-07-16,'603308,应流股份,13.78,14.16,13.66,14.02,14.0,-0.22,-1.5714,4.6263,3701463,51389671.0,5512137800.0,1102537800.0
2014-07-15,'603308,应流股份,14.0,14.49,13.86,14.38,14.42,-0.42,-2.9126,7.5181,6015220,85062782.0,5600140000.0,1120140000.0
2014-07-14,'603308,应流股份,14.42,14.43,14.07,14.07,14.06,0.36,2.5605,6.1639,4931733,70348602.0,5768144200.0,1153744200.0
2014-07-11,'603308,应流股份,14.06,14.42,14.0,14.27,14.27,-0.21,-1.4716,6.7644,5412198,76759405.0,5624140600.0,1124940600.0
2014-07-10,'603308,应流股份,14.27,14.56,14.17,14.21,14.37,-0.1,-0.6959,7.3143,5852211,83861450.0,5708142700.0,1141742700.0
2014-07-09,'603308,应流股份,14.37,15.24,14.3,14.8,14.91,-0.54,-3.6217,15.5674,12455466,184191223.0,5748143700.0,1149743700.0
2014-07-08,'603308,应流股份,14.91,14.95,14.13,14.3,14.4,0.51,3.5417,19.4718,15579388,227797981.0,5964149100.0,1192949100.0
2014-07-07,'603308,应流股份,14.4,14.79,14.05,14.73,14.62,-0.22,-1.5048,16.425,13141609,187711312.0,5760144000.0,1152144000.0
2014-07-04,'603308,XD应流股,14.62,15.04,14.55,14.79,14.85,-0.23,-1.5488,12.192,9754852,144386038.0,5848146200.0,1169746200.0
2014-07-03,'603308,应流股份,14.93,15.27,14.83,15.0,15.15,-0.22,-1.4521,13.3689,10696472,161033670.0,5972149300.0,1194549300.0
2014-07-02,'603308,应流股份,15.15,15.6,14.79,15.44,15.61,-0.46,-2.9468,19.8846,15909668,240247969.0,6060151500.0,1212151500.0
2014-07-01,'603308,应流股份,15.61,15.93,15.12,15.45,15.62,-0.01,-0.064,21.6055,17286568,267312851.0,6244156100.0,1248956100.0
2014-06-30,'603308,应流股份,15.62,16.66,15.38,16.4,15.95,-0.33,-2.069,33.1996,26563039,422617451.0,6248156200.0,1249756200.0
2014-06-27,'603308,应流股份,15.95,15.95,14.5,14.88,14.5,1.45,10.0,41.9531,33566674,514715823.0,6380159500.0,1276159500.0
2014-06-26,'603308,应流股份,14.5,15.15,13.65,13.77,13.96,0.54,3.8682,30.104,24086225,349087258.0,5800145000.0,1160145000.0
2014-06-25,'603308,应流股份,13.96,14.21,13.4,13.48,13.56,0.4,2.9499,24.0169,19215948,266334023.0,5584139600.0,1116939600.0
2014-06-24,'603308,应流股份,13.56,13.92,13.32,13.82,13.81,-0.25,-1.8103,18.2284,14584524,196836517.0,5424135600.0,1084935600.0
2014-06-23,'603308,应流股份,13.81,14.29,13.6,13.71,13.9,-0.09,-0.6475,22.5771,18063907,250507488.0,5524138100.0,1104938100.0
2014-06-20,'603308,应流股份,13.9,14.39,13.54,13.86,13.97,-0.07,-0.5011,25.5846,20470215,285080630.0,5560139000.0,1112139000.0
2014-06-19,'603308,应流股份,13.97,14.33,12.91,13.22,13.04,0.93,7.1319,39.5218,31621412,435202708.0,5588139700.0,1117739700.0
2014-06-18,'603308,应流股份,13.04,13.51,12.5,12.62,12.67,0.37,2.9203,25.4667,20375878,268077321.0,5216130400.0,1043330400.0
2014-06-17,'603308,应流股份,12.67,13.18,12.52,13.18,12.97,-0.3,-2.313,19.9552,15966148,204517721.0,5068126700.0,1013726700.0
2014-06-16,'603308,应流股份,12.97,12.97,11.94,11.94,11.79,1.18,10.0085,19.5351,15630058,195857542.0,5188129700.0,1037729700.0
2014-06-13,'603308,应流股份,11.79,11.83,11.45,11.48,11.44,0.35,3.0594,6.4923,5194475,60656980.0,4716117900.0,943317900.0
2014-06-12,'603308,应流股份,11.44,11.55,11.42,11.48,11.55,-0.11,-0.9524,1.9377,1550354,17775353.0,4576114400.0,915314400.0
2014-06-11,'603308,应流股份,11.55,11.61,11.41,11.61,11.6,-0.05,-0.431,3.0001,2400351,27631383.0,4620115500.0,924115500.0
2014-06-10,'603308,应流股份,11.6,11.64,11.43,11.43,11.37,0.23,2.0229,3.0087,2407298,27749555.0,4640116000.0,928116000.0
2014-06-09,'603308,应流股份,11.37,11.58,11.37,11.45,11.55,-0.18,-1.5584,2.2403,1792501,20553279.0,4548113700.0,909713700.0
2014-06-06,'603308,应流股份,11.55,11.78,11.49,11.6,11.62,-0.07,-0.6024,2.4909,1993003,23101983.0,4620115500.0,924115500.0
2014-06-05,'603308,应流股份,11.62,11.64,11.45,11.54,11.52,0.1,0.8681,2.2476,1798288,20787900.0,4648116200.0,929716200.0
2014-06-04,'603308,应流股份,11.52,11.73,11.5,11.72,11.8,-0.28,-2.3729,3.724,2979580,34551145.0,4608115200.0,921715200.0
2014-06-03,'603308,应流股份,11.8,12.16,11.78,11.87,11.75,0.05,0.4255,7.5498,6040573,71876641.0,4720118000.0,944118000.0
2014-05-30,'603308,应流股份,11.75,11.85,11.33,11.64,11.68,0.07,0.5993,6.7656,5413196,62856671.0,4700117500.0,940117500.0
2014-05-29,'603308,应流股份,11.68,11.88,11.63,11.82,11.82,-0.14,-1.1844,3.1596,2528035,29713278.0,4672116800.0,934516800.0
2014-05-28,'603308,应流股份,11.82,11.88,11.56,11.65,11.7,0.12,1.0256,5.2161,4173426,49084729.0,4728118200.0,945718200.0
2014-05-27,'603308,应流股份,11.7,11.89,11.6,11.86,11.88,-0.18,-1.5152,4.0604,3248696,38099862.0,4680117000.0,936117000.0
2014-05-26,'603308,应流股份,11.88,11.89,11.67,11.81,11.79,0.09,0.7634,4.02,3216442,37895467.0,4752118800.0,950518800.0
2014-05-23,'603308,应流股份,11.79,11.81,11.52,11.62,11.56,0.23,1.9896,3.2539,2603477,30472488.0,4716117900.0,943317900.0
2014-05-22,'603308,应流股份,11.56,11.87,11.5,11.66,11.67,-0.11,-0.9426,4.3821,3506107,41029271.0,4624115600.0,924915600.0
2014-05-21,'603308,应流股份,11.67,11.72,11.35,11.45,11.71,-0.04,-0.3416,5.0614,4049587,46624360.0,4668116700.0,933716700.0
2014-05-20,'603308,应流股份,11.71,12.31,11.3,11.3,11.19,0.52,4.647,10.5179,8415375,100038724.0,4684117100.0,936917100.0
2014-05-19,'603308,应流股份,11.19,11.22,11.05,11.19,11.19,0.0,0.0,1.5078,1206401,13449180.0,4476111900.0,895311900.0
2014-05-16,'603308,应流股份,11.19,11.33,11.02,11.2,11.29,-0.1,-0.8857,2.6551,2124340,23732070.0,4476111900.0,895311900.0
2014-05-15,'603308,应流股份,11.29,11.62,11.28,11.58,11.62,-0.33,-2.8399,3.2075,2566288,29446719.0,4516112900.0,903312900.0
2014-05-14,'603308,应流股份,11.62,11.65,11.45,11.57,11.55,0.07,0.6061,2.7987,2239266,25856539.0,4648116200.0,929716200.0
2014-05-13,'603308,应流股份,11.55,11.84,11.48,11.68,11.68,-0.13,-1.113,3.7623,3010247,35060322.0,4620115500.0,924115500.0
2014-05-12,'603308,应流股份,11.68,11.73,11.27,11.46,11.26,0.42,3.73,3.9422,3154158,36432847.0,4672116800.0,934516800.0
2014-05-09,'603308,应流股份,11.26,11.69,11.1,11.5,11.53,-0.27,-2.3417,3.1313,2505365,28553441.0,4504112600.0,900912600.0
2014-05-08,'603308,应流股份,11.53,11.85,11.51,11.68,11.89,-0.36,-3.0278,5.7012,4561546,53211334.0,4612115300.0,922515300.0
2014-05-07,'603308,应流股份,11.89,12.2,11.44,11.66,11.75,0.14,1.1915,8.4653,6773058,80354826.0,4756118900.0,951318900.0
2014-05-06,'603308,应流股份,11.75,11.96,11.42,11.47,11.54,0.21,1.8198,5.3318,4266008,50248382.0,4700117500.0,940117500.0
2014-05-05,'603308,应流股份,11.54,11.62,11.12,11.18,11.18,0.36,3.22,3.8805,3104821,35375180.0,4616115400.0,923315400.0
2014-04-30,'603308,应流股份,11.18,11.35,11.1,11.24,11.24,-0.06,-0.5338,2.3375,1870259,20960281.0,4472111800.0,894511800.0
2014-04-29,'603308,应流股份,11.24,11.4,10.88,10.9,11.01,0.23,2.089,3.7965,3037617,34078988.0,4496112400.0,899312400.0
2014-04-28,'603308,应流股份,11.01,11.49,10.8,11.46,11.51,-0.5,-4.344,3.9319,3145891,34730658.0,4404110100.0,880910100.0
2014-04-25,'603308,应流股份,11.51,11.88,11.5,11.78,11.74,-0.23,-1.9591,2.8798,2304088,26966250.0,4604115100.0,920915100.0
2014-04-24,'603308,应流股份,11.74,12.31,11.72,12.22,12.26,-0.52,-4.2414,5.5357,4429085,52952091.0,4696117400.0,939317400.0
2014-04-23,'603308,应流股份,12.26,12.45,12.2,12.35,12.4,-0.14,-1.129,2.9952,2396460,29519297.0,4904122600.0,980922600.0
2014-04-22,'603308,应流股份,12.4,12.84,12.13,12.72,12.81,-0.41,-3.2006,7.8341,6268098,78093688.0,4960124000.0,992124000.0
2014-04-21,'603308,应流股份,12.81,13.17,12.58,12.59,12.55,0.26,2.0717,11.6119,9290673,119958583.0,5124128100.0,1024928100.0
2014-04-18,'603308,应流股份,12.55,12.6,12.36,12.49,12.48,0.07,0.5609,2.627,2101850,26349699.0,5020125500.0,1004125500.0
2014-04-17,'603308,应流股份,12.48,12.66,12.35,12.45,12.42,0.06,0.4831,4.1522,3322153,41630482.0,4992124800.0,998524800.0
2014-04-16,'603308,应流股份,12.42,12.59,12.31,12.46,12.49,-0.07,-0.5604,3.74,2992340,37126798.0,4968124200.0,993724200.0
2014-04-15,'603308,应流股份,12.49,12.74,12.47,12.7,12.68,-0.19,-1.4984,4.7926,3834584,48046270.0,4996124900.0,999324900.0
2014-04-14,'603308,应流股份,12.68,12.79,12.55,12.59,12.69,-0.01,-0.0788,4.2199,3376351,42717979.0,5072126800.0,1014526800.0
2014-04-11,'603308,应流股份,12.69,12.98,12.57,12.87,13.02,-0.33,-2.5346,6.7924,5434620,69255146.0,5076126900.0,1015326900.0
2014-04-10,'603308,应流股份,13.02,13.3,12.92,13.17,13.25,-0.23,-1.7358,10.2659,8213712,107678110.0,5208130200.0,1041730200.0
2014-04-09,'603308,应流股份,13.25,13.4,12.9,13.07,13.12,0.13,0.9909,11.7633,9411828,123602184.0,5300132500.0,1060132500.0
2014-04-08,'603308,应流股份,13.12,13.25,12.55,12.63,12.63,0.49,3.8797,11.3712,9098091,118183863.0,5248131200.0,1049731200.0
2014-04-04,'603308,应流股份,12.63,12.78,12.4,12.51,12.71,-0.08,-0.6294,5.8868,4709991,59194288.0,5052126300.0,1010526300.0
2014-04-03,'603308,应流股份,12.71,13.15,12.51,12.6,12.78,-0.07,-0.5477,9.8248,7860861,100976444.0,5084127100.0,1016927100.0
2014-04-02,'603308,应流股份,12.78,12.86,12.22,12.51,12.43,0.35,2.8158,9.0937,7275843,91207768.0,5112127800.0,1022527800.0
2014-04-01,'603308,应流股份,12.43,12.59,12.2,12.2,12.29,0.14,1.1391,5.5561,4445427,55351980.0,4972124300.0,994524300.0
2014-03-31,'603308,应流股份,12.29,12.95,12.16,12.81,12.93,-0.64,-4.9497,8.9267,7142290,88692282.0,4916122900.0,983322900.0
2014-03-28,'603308,应流股份,12.93,13.39,12.71,12.83,12.79,0.14,1.0946,10.2133,8171656,107058817.0,5172129300.0,1034529300.0
2014-03-27,'603308,应流股份,12.79,13.44,12.75,13.38,13.45,-0.66,-4.9071,10.2425,8195062,106965237.0,5116127900.0,1023327900.0
2014-03-26,'603308,应流股份,13.45,13.6,13.23,13.38,13.41,0.04,0.2983,6.6567,5326029,71423223.0,5380134500.0,1076134500.0
2014-03-25,'603308,应流股份,13.41,13.57,13.07,13.5,13.62,-0.21,-1.5419,11.1062,8886051,118121430.0,5364134100.0,1072934100.0
2014-03-24,'603308,应流股份,13.62,14.16,13.45,13.81,13.76,-0.14,-1.0174,15.0821,12067154,166418363.0,5448136200.0,1089736200.0
2014-03-21,'603308,应流股份,13.76,13.99,12.65,12.73,12.9,0.86,6.6667,17.8943,14317250,192124801.0,5504137600.0,1100937600.0
2014-03-20,'603308,应流股份,12.9,13.76,12.82,13.59,13.62,-0.72,-5.2863,12.4601,9969354,132943497.0,5160129000.0,1032129000.0
2014-03-19,'603308,应流股份,13.62,13.8,13.38,13.7,13.92,-0.3,-2.1552,14.2768,11422876,154861563.0,5448136200.0,1089736200.0
2014-03-18,'603308,应流股份,13.92,14.56,13.7,13.81,13.95,-0.03,-0.2151,20.9009,16722799,236652085.0,5568139200.0,1113739200.0
2014-03-17,'603308,应流股份,13.95,13.96,13.21,13.5,13.65,0.3,2.1978,15.9665,12774824,173475757.0,5580139500.0,1116139500.0
2014-03-14,'603308,应流股份,13.65,14.27,13.5,13.55,13.9,-0.25,-1.7986,17.1193,13697191,189697773.0,5460136500.0,1092136500.0
2014-03-13,'603308,应流股份,13.9,14.84,13.51,14.63,14.78,-0.88,-5.954,26.791,21435472,301850465.0,5560139000.0,1112139000.0
2014-03-12,'603308,应流股份,14.78,15.32,14.01,14.6,15.29,-0.51,-3.3355,33.5081,26809856,395341180.0,5912147800.0,1182547800.0
2014-03-11,'603308,应流股份,15.29,15.65,13.91,14.08,14.28,1.01,7.0728,43.9633,35175018,526643733.0,6116152900.0,1223352900.0
2014-03-10,'603308,应流股份,14.28,15.23,13.31,13.62,14.11,0.17,1.2048,34.5895,27675093,396470254.0,5712142800.0,1142542800.0
2014-03-07,'603308,应流股份,14.11,15.23,13.77,14.85,15.02,-0.91,-6.0586,38.5108,30812460,447594465.0,5644141100.0,1128941100.0
2014-03-06,'603308,应流股份,15.02,15.02,13.31,13.32,13.65,1.37,10.0366,45.4842,36391931,526286218.0,6008150200.0,1201750200.0
2014-03-05,'603308,应流股份,13.65,15.0,13.6,15.0,15.09,-1.44,-9.5427,40.6032,32486658,460324080.0,5460136500.0,1092136500.0
2014-03-04,'603308,应流股份,15.09,15.09,13.85,14.2,13.72,1.37,9.9854,57.9396,46357489,680560162.0,6036150900.0,1207350900.0
2014-03-03,'603308,应流股份,13.72,13.72,12.29,12.35,12.47,1.25,10.0241,26.9097,21530420,286046418.0,5488137200.0,1097737200.0
2014-02-28,'603308,应流股份,12.47,12.56,11.38,11.59,11.63,0.84,7.2227,16.8428,13475906,162597250.0,4988124700.0,997724700.0
2014-02-27,'603308,应流股份,11.63,12.39,11.54,11.88,11.89,-0.26,-2.1867,13.6477,10919507,131571601.0,4652116300.0,930516300.0
2014-02-26,'603308,应流股份,11.89,11.95,11.27,11.73,12.01,-0.12,-0.9992,11.1083,8887787,103865432.0,4756118900.0,951318900.0
2014-02-25,'603308,应流股份,12.01,13.4,11.91,13.4,13.23,-1.22,-9.2215,22.1804,17746520,225662890.0,4804120100.0,960920100.0
2014-02-24,'603308,应流股份,13.23,13.47,12.94,13.1,13.23,0.0,0.0,11.4534,9163901,121711545.0,5292132300.0,1058532300.0
2014-02-21,'603308,应流股份,13.23,13.7,12.93,13.51,13.65,-0.42,-3.0769,16.2663,13014664,173065952.0,5292132300.0,1058532300.0
2014-02-20,'603308,应流股份,13.65,14.34,13.51,13.8,13.8,-0.15,-1.087,24.4566,19567752,273179320.0,5460136500.0,1092136500.0
2014-02-19,'603308,应流股份,13.8,14.45,13.41,14.13,14.35,-0.55,-3.8328,21.4799,17186035,238441647.0,5520138000.0,1104138000.0
2014-02-18,'603308,应流股份,14.35,14.98,13.41,13.74,13.8,0.55,3.9855,34.6715,27740636,395830137.0,5740143500.0,1148143500.0
2014-02-17,'603308,应流股份,13.8,14.4,13.31,13.73,13.73,0.07,0.5098,29.9825,23988972,330953136.0,5520138000.0,1104138000.0
2014-02-14,'603308,应流股份,13.73,13.84,12.48,12.58,12.71,1.02,8.0252,28.2871,22632527,300196024.0,5492137300.0,1098537300.0
2014-02-13,'603308,应流股份,12.71,13.29,12.48,13.19,13.19,-0.48,-3.6391,29.8254,23863326,305240412.0,5084127100.0,1016927100.0
2014-02-12,'603308,应流股份,13.19,13.19,12.04,12.05,11.99,1.2,10.0083,36.2952,29039807,373946010.0,5276131900.0,1055331900.0
2014-02-11,'603308,应流股份,11.99,12.1,11.36,11.67,11.66,0.33,2.8302,23.6444,18917884,222427618.0,4796119900.0,959319900.0
2014-02-10,'603308,应流股份,11.66,11.69,10.85,11.0,10.93,0.73,6.6789,20.378,16304417,185045296.0,4664116600.0,932916600.0
2014-02-07,'603308,应流股份,10.93,10.96,10.38,10.48,10.5,0.43,4.0952,11.1405,8913520,96022149.0,4372109300.0,874509300.0
2014-01-30,'603308,应流股份,10.5,10.85,10.23,10.69,10.93,-0.43,-3.9341,11.932,9546800,100772150.0,4200105000.0,840105000.0
2014-01-29,'603308,应流股份,10.93,11.76,10.73,11.61,11.92,-0.99,-8.3054,29.5497,23642705,262800729.0,4372109300.0,874509300.0
2014-01-28,'603308,应流股份,11.92,12.47,11.9,12.1,11.85,0.07,0.5907,21.3014,17043271,207237789.0,4768119200.0,953719200.0
2014-01-27,'603308,应流股份,11.85,12.42,11.77,12.11,12.47,-0.62,-4.9719,30.3938,24318048,291721029.0,4740118500.0,948118500.0
2014-01-24,'603308,应流股份,12.47,12.86,11.23,11.42,11.69,0.78,6.6724,51.1532,40927668,497366831.0,4988124700.0,997724700.0
2014-01-23,'603308,应流股份,11.69,12.08,10.9,11.01,11.1,0.59,5.3153,46.0982,36883189,428951557.0,4676116900.0,935316900.0
2014-01-22,'603308,N应流,11.1,11.92,9.94,9.94,8.28,2.82,34.058,62.1023,49688059,558016516.0,4440111000.0,888111000.0
