日期,股票代码,名称,收盘价,最高价,最低价,开盘价,前收盘,涨跌额,涨跌幅,换手率,成交量,成交金额,总市值,流通市值
2017-05-15,'603568,伟明环保,21.45,21.6,21.28,21.34,21.45,0.0,0.0,1.4063,1837223,39361037.0,14740654500.0,2802185100.0
2017-05-12,'603568,伟明环保,21.45,21.48,20.58,21.01,20.86,0.59,2.8284,2.2331,2917235,61639924.0,14740654500.0,2802185100.0
2017-05-11,'603568,伟明环保,20.86,20.97,20.0,20.81,20.94,-0.08,-0.382,2.2002,2874232,59033396.0,14335200600.0,2725108680.0
2017-05-10,'603568,伟明环保,20.94,21.7,20.83,21.7,21.59,-0.65,-3.0107,1.8426,2407152,51303501.0,14390177400.0,2735559720.0
2017-05-09,'603568,伟明环保,21.59,21.87,21.29,21.35,21.04,0.55,2.6141,1.6818,2197124,47477497.0,14836863900.0,2820474420.0
2017-05-08,'603568,伟明环保,21.04,21.66,21.0,21.46,21.5,-0.46,-2.1395,1.2664,1654454,35399789.0,14458898400.0,2748623520.0
2017-05-05,'603568,伟明环保,21.5,21.99,21.5,21.99,22.02,-0.52,-2.3615,1.8476,2413662,52388896.0,14775015000.0,2808717000.0
2017-05-04,'603568,伟明环保,22.02,22.49,21.71,21.8,21.88,0.14,0.6399,2.2009,2875231,63577956.0,15132364200.0,2876648760.0
2017-05-03,'603568,伟明环保,21.88,22.33,21.81,22.11,22.18,-0.3,-1.3526,2.1892,2859940,62947381.0,15036154800.0,2858359440.0
2017-05-02,'603568,伟明环保,22.18,22.75,22.02,22.02,21.91,0.27,1.2323,2.4675,3223460,71836306.0,15242317800.0,2897550840.0
2017-04-28,'603568,伟明环保,21.91,22.11,21.85,21.9,22.16,-0.25,-1.1282,2.2619,2954922,64896759.0,15056771100.0,2862278580.0
2017-04-27,'603568,伟明环保,22.16,22.55,20.8,21.72,21.98,0.18,0.8189,4.6722,6103709,131994086.0,15228573600.0,2894938080.0
2017-04-26,'603568,伟明环保,21.98,22.06,21.33,21.74,21.73,0.25,1.1505,3.8578,5039701,109431388.0,15104875800.0,2871423240.0
2017-04-25,'603568,伟明环保,21.73,22.68,21.32,22.15,23.08,-1.35,-5.8492,6.4007,8361770,182922807.0,14933073300.0,2838763740.0
2017-04-24,'603568,伟明环保,23.08,25.6,23.08,25.58,25.64,-2.56,-9.9844,8.0545,10522184,248134289.0,15860806800.0,3015125040.0
2017-04-21,'603568,伟明环保,25.64,26.3,24.7,25.0,25.2,0.44,1.746,11.0845,14480504,374535246.0,17620064400.0,3349558320.0
2017-04-20,'603568,伟明环保,25.2,25.25,24.38,24.38,24.89,0.31,1.2455,4.4912,5867200,145531713.0,17317692000.0,3292077600.0
2017-04-19,'603568,伟明环保,24.89,25.3,24.35,25.3,25.54,-0.65,-2.545,5.6789,7418738,184437961.0,17104656900.0,3251579820.0
2017-04-18,'603568,伟明环保,25.54,25.57,24.61,24.7,24.88,0.66,2.6527,7.7099,10072103,253098926.0,17551343400.0,3336494520.0
2017-04-17,'603568,伟明环保,24.88,25.16,24.33,24.7,24.63,0.25,1.015,5.2586,6869755,170092547.0,17097784800.0,3250273440.0
2017-04-14,'603568,伟明环保,24.63,25.2,24.44,25.2,25.36,-0.73,-2.8785,7.5017,9800009,242399295.0,16925982300.0,3217613940.0
2017-04-13,'603568,伟明环保,25.36,25.36,23.01,23.07,23.05,2.31,10.0217,12.9134,16869757,421484085.0,17427645600.0,3312979680.0
2017-04-12,'603568,伟明环保,23.05,23.52,22.98,23.52,23.52,-0.47,-1.9983,1.6168,2112093,49092862.0,15840190500.0,3011205900.0
2017-04-11,'603568,伟明环保,23.52,24.0,23.05,24.0,24.09,-0.57,-2.3661,2.778,3629175,85429428.0,16163179200.0,3072605760.0
2017-04-10,'603568,伟明环保,24.09,24.45,23.92,24.45,24.24,-0.15,-0.6188,2.9249,3821061,92319139.0,16554888900.0,3147069420.0
2017-04-07,'603568,伟明环保,24.24,24.37,23.15,23.36,23.36,0.88,3.7671,3.6306,4742947,113308836.0,16500168000.0,3166665120.0
2017-04-06,'603568,伟明环保,23.36,23.81,23.34,23.49,23.59,-0.23,-0.975,1.6706,2182494,51470431.0,15901152000.0,3051703680.0
2017-04-05,'603568,伟明环保,23.59,23.88,22.85,22.85,22.72,0.87,3.8292,1.6919,2210250,51963607.0,16057713000.0,3081750420.0
2017-03-31,'603568,伟明环保,22.72,22.93,22.56,22.93,22.83,-0.11,-0.4818,1.0723,1400821,31864428.0,15465504000.0,2968095360.0
2017-03-30,'603568,伟明环保,22.83,23.1,22.35,23.1,23.13,-0.3,-1.297,2.323,3034673,68961730.0,15540381000.0,2982465540.0
2017-03-29,'603568,伟明环保,23.13,24.21,23.1,24.12,24.11,-0.98,-4.0647,2.0383,2662822,63249315.0,15744591000.0,3021656940.0
2017-03-28,'603568,伟明环保,24.11,24.39,24.01,24.31,24.34,-0.23,-0.9449,1.2569,1642022,39638784.0,16411677000.0,3149682180.0
2017-03-27,'603568,伟明环保,24.34,24.4,23.9,23.9,23.96,0.38,1.586,2.072,2706837,65611535.0,16568238000.0,3179728920.0
2017-03-24,'603568,伟明环保,23.96,24.19,23.85,24.13,24.11,-0.15,-0.6221,1.3238,1729336,41433800.0,16309572000.0,3130086480.0
2017-03-23,'603568,伟明环保,24.11,24.2,23.84,23.84,23.89,0.22,0.9209,1.8963,2477320,59521686.0,16411677000.0,3149682180.0
2017-03-22,'603568,伟明环保,23.89,24.31,23.86,24.23,24.4,-0.51,-2.0902,1.92,2508308,60189157.0,16261923000.0,3120941820.0
2017-03-21,'603568,伟明环保,24.4,24.43,24.19,24.4,24.37,0.03,0.1231,1.4329,1871918,45508823.0,16609080000.0,3187567200.0
2017-03-20,'603568,伟明环保,24.37,24.61,24.02,24.56,24.65,-0.28,-1.1359,2.2655,2959544,71785117.0,16588659000.0,3183648060.0
2017-03-17,'603568,伟明环保,24.65,25.15,24.6,24.83,24.93,-0.28,-1.1231,2.7716,3620765,90118508.0,16779255000.0,3220226700.0
2017-03-16,'603568,伟明环保,24.93,25.08,24.74,24.88,24.86,0.07,0.2816,3.005,3925686,97841690.0,16969851000.0,3256805340.0
2017-03-15,'603568,伟明环保,24.86,24.89,24.13,24.13,24.27,0.59,2.431,3.012,3934824,97040348.0,16922202000.0,3247660680.0
2017-03-14,'603568,伟明环保,24.27,24.84,24.26,24.49,24.54,-0.27,-1.1002,1.6979,2218044,54385974.0,16520589000.0,3170584260.0
2017-03-13,'603568,伟明环保,24.54,24.56,24.12,24.35,24.47,0.07,0.2861,1.7752,2319067,56416280.0,16704378000.0,3205856520.0
2017-03-10,'603568,伟明环保,24.47,24.6,24.05,24.05,24.28,0.19,0.7825,1.6878,2204954,53813305.0,16656729000.0,3196711860.0
2017-03-09,'603568,伟明环保,24.28,24.62,24.25,24.54,24.48,-0.2,-0.817,1.6963,2215964,54121078.0,16527396000.0,3171890640.0
2017-03-08,'603568,伟明环保,24.48,25.06,24.42,25.06,25.05,-0.57,-2.2754,3.0748,4016897,98809597.0,16663536000.0,3198018240.0
2017-03-07,'603568,伟明环保,25.05,25.34,24.88,25.33,25.32,-0.27,-1.0664,2.4098,3148156,78872091.0,17051535000.0,3272481900.0
2017-03-06,'603568,伟明环保,25.32,25.48,25.05,25.22,25.18,0.14,0.556,2.3649,3089498,77722418.0,17235324000.0,3307754160.0
2017-03-03,'603568,伟明环保,25.18,25.28,24.8,25.05,25.24,-0.06,-0.2377,2.2392,2925252,73224194.0,17140026000.0,3289464840.0
2017-03-02,'603568,伟明环保,25.24,25.59,25.19,25.54,25.42,-0.18,-0.7081,3.1619,4130689,104781185.0,17180868000.0,3297303120.0
2017-03-01,'603568,伟明环保,25.42,25.6,25.2,25.6,25.58,-0.16,-0.6255,3.2207,4207513,106712089.0,17303394000.0,3320817960.0
2017-02-28,'603568,伟明环保,25.58,25.76,25.18,25.7,25.61,-0.03,-0.1171,4.1264,5390583,136882854.0,17412306000.0,3341720040.0
2017-02-27,'603568,伟明环保,25.61,26.2,24.78,24.78,24.8,0.81,3.2661,7.1284,9312457,239303557.0,17432727000.0,3345639180.0
2017-02-24,'603568,伟明环保,24.8,24.92,24.59,24.59,24.5,0.3,1.2245,2.0506,2678869,66315663.0,16881360000.0,3239822400.0
2017-02-23,'603568,伟明环保,24.5,25.21,24.36,25.19,25.19,-0.69,-2.7392,3.6751,4801040,118460571.0,16677150000.0,3200631000.0
2017-02-22,'603568,伟明环保,25.19,25.45,24.97,25.4,25.44,-0.25,-0.9827,2.7185,3551410,89355291.0,17146833000.0,3290771220.0
2017-02-21,'603568,伟明环保,25.44,25.6,24.91,25.26,25.26,0.18,0.7126,3.36,4389463,110790445.0,17317008000.0,3323430720.0
2017-02-20,'603568,伟明环保,25.26,25.56,24.94,24.95,24.85,0.41,1.6499,2.9428,3844384,96893536.0,17194482000.0,3299915880.0
2017-02-17,'603568,伟明环保,24.85,25.45,24.59,25.2,25.68,-0.83,-3.2321,4.9757,6500101,162537091.0,16915395000.0,3246354300.0
2017-02-16,'603568,伟明环保,25.68,26.08,24.74,24.96,24.97,0.71,2.8434,7.0413,9198576,234718325.0,17480376000.0,3354783840.0
2017-02-15,'603568,伟明环保,24.97,26.61,24.13,24.15,24.19,0.78,3.2245,8.2606,10791545,274765107.0,16997079000.0,3262030860.0
2017-02-14,'603568,伟明环保,24.19,24.7,24.14,24.7,24.59,-0.4,-1.6267,3.1381,4099505,99659842.0,16466133000.0,3160133220.0
2017-02-13,'603568,伟明环保,24.59,24.79,24.04,24.11,24.58,0.01,0.0407,4.5728,5973762,145829564.0,16738413000.0,3212388420.0
2017-02-10,'603568,伟明环保,24.58,25.5,24.48,25.33,24.52,0.06,0.2447,9.8083,12813353,318772001.0,16731606000.0,3211082040.0
2017-02-09,'603568,伟明环保,24.52,24.52,22.45,22.48,22.29,2.23,10.0045,2.6718,3490350,84165088.0,16690764000.0,3203243760.0
2017-02-08,'603568,伟明环保,22.29,22.3,21.87,22.01,22.09,0.2,0.9054,1.0723,1400888,30919027.0,15172803000.0,2911921020.0
2017-02-07,'603568,伟明环保,22.09,22.3,22.02,22.3,22.32,-0.23,-1.0305,0.9273,1211400,26795165.0,15036663000.0,2885793420.0
2017-02-06,'603568,伟明环保,22.32,22.5,21.97,21.97,21.96,0.36,1.6393,1.0548,1377933,30674784.0,15193224000.0,2915840160.0
2017-02-03,'603568,伟明环保,21.96,22.31,21.94,22.23,22.23,-0.27,-1.2146,0.5753,751554,16540792.0,14948172000.0,2868810480.0
2017-01-26,'603568,伟明环保,22.23,22.34,22.14,22.32,22.2,0.03,0.1351,0.6284,820894,18248559.0,15131961000.0,2904082740.0
2017-01-25,'603568,伟明环保,22.2,22.3,21.66,21.9,21.97,0.23,1.0469,0.835,1090858,24067041.0,15111540000.0,2900163600.0
2017-01-24,'603568,伟明环保,21.97,22.16,21.9,22.13,22.05,-0.08,-0.3628,0.5174,675862,14878912.0,14954979000.0,2870116860.0
2017-01-23,'603568,伟明环保,22.05,22.21,21.83,21.86,21.83,0.22,1.0078,0.9036,1180433,26022180.0,15009435000.0,2880567900.0
2017-01-20,'603568,伟明环保,21.83,21.99,21.37,21.4,21.62,0.21,0.9713,1.2423,1622935,35329884.0,14859681000.0,2851827540.0
2017-01-19,'603568,伟明环保,21.62,21.99,21.2,21.47,21.47,0.15,0.6986,1.3135,1715876,37017719.0,14716734000.0,2824393560.0
2017-01-18,'603568,伟明环保,21.47,21.87,21.4,21.87,21.82,-0.35,-1.604,0.7297,953251,20605936.0,14614629000.0,2804797860.0
2017-01-17,'603568,伟明环保,21.82,21.99,21.15,21.63,21.63,0.19,0.8784,1.1923,1557629,33677958.0,14852874000.0,2850521160.0
2017-01-16,'603568,伟明环保,21.63,22.62,20.2,22.42,22.35,-0.72,-3.2215,1.8902,2469305,54145760.0,14723541000.0,2825699940.0
2017-01-13,'603568,伟明环保,22.35,22.83,22.26,22.8,22.7,-0.35,-1.5419,1.4039,1834036,41362325.0,15213645000.0,2919759300.0
2017-01-12,'603568,伟明环保,22.7,23.61,22.6,23.4,23.47,-0.77,-3.2808,1.6849,2201101,50786000.0,15451890000.0,2965482600.0
2017-01-11,'603568,伟明环保,23.47,23.89,23.46,23.71,23.81,-0.34,-1.428,1.1803,1541922,36458260.0,15976029000.0,3066073860.0
2017-01-10,'603568,伟明环保,23.81,24.15,23.8,23.98,24.07,-0.26,-1.0802,1.204,1572907,37676951.0,16207467000.0,3110490780.0
2017-01-09,'603568,伟明环保,24.07,24.38,23.95,23.99,24.21,-0.14,-0.5783,1.9788,2585075,62319392.0,16384449000.0,3144456660.0
2017-01-06,'603568,伟明环保,24.21,25.2,23.27,23.45,23.51,0.7,2.9775,4.069,5315656,129081541.0,16479747000.0,3162745980.0
2017-01-05,'603568,伟明环保,23.51,23.68,23.45,23.68,23.68,-0.17,-0.7179,1.1646,1521406,35760787.0,16003257000.0,3071299380.0
2017-01-04,'603568,伟明环保,23.68,23.76,23.35,23.48,23.48,0.2,0.8518,1.245,1626413,38408738.0,16118976000.0,3093507840.0
2017-01-03,'603568,伟明环保,23.48,23.54,23.3,23.3,23.3,0.18,0.7725,1.0229,1336279,31370536.0,15982836000.0,3067380240.0
2016-12-30,'603568,伟明环保,23.3,23.45,23.2,23.2,23.2,0.1,0.431,1.0129,1323191,30894209.0,15860310000.0,3043865400.0
2016-12-29,'603568,伟明环保,23.2,23.61,23.19,23.55,23.6,-0.4,-1.6949,1.2313,1608577,37569708.0,15792240000.0,3030801600.0
2016-12-28,'603568,伟明环保,23.6,23.8,23.02,23.49,23.49,0.11,0.4683,1.8373,2400222,56290903.0,16064520000.0,3083056800.0
2016-12-27,'603568,伟明环保,23.49,24.39,23.43,23.58,23.33,0.16,0.6858,3.0105,3932830,93997870.0,15989643000.0,3068686620.0
2016-12-26,'603568,伟明环保,23.33,23.34,22.35,22.8,22.79,0.54,2.3695,1.7088,2232407,51121901.0,15880731000.0,3047784540.0
2016-12-23,'603568,伟明环保,22.79,23.5,22.73,23.17,23.51,-0.72,-3.0625,1.8374,2400326,55329195.0,15513153000.0,2977240020.0
2016-12-22,'603568,伟明环保,23.51,23.65,22.9,23.07,23.07,0.44,1.9072,2.4136,3153066,73722830.0,16003257000.0,3071299380.0
2016-12-21,'603568,伟明环保,23.07,23.1,22.8,22.8,22.99,0.08,0.348,1.1412,1490797,34252040.0,15703749000.0,3013818660.0
2016-12-20,'603568,伟明环保,22.99,23.05,22.7,22.8,22.87,0.12,0.5247,1.1504,1502890,34377689.0,15649293000.0,3003367620.0
2016-12-19,'603568,伟明环保,22.87,23.25,22.75,23.08,23.08,-0.21,-0.9099,1.2783,1669967,38268122.0,15567609000.0,2987691060.0
2016-12-16,'603568,伟明环保,23.08,23.1,22.77,22.98,22.75,0.33,1.4505,1.7639,2304388,52923574.0,15710556000.0,3015125040.0
2016-12-15,'603568,伟明环保,22.75,23.08,22.21,22.53,22.58,0.17,0.7529,1.6932,2211908,50408574.0,15485925000.0,2972014500.0
2016-12-14,'603568,伟明环保,22.58,22.67,22.16,22.55,22.54,0.04,0.1775,1.466,1915158,43033485.0,15370206000.0,2949806040.0
2016-12-13,'603568,伟明环保,22.54,22.79,22.23,22.58,22.44,0.1,0.4456,2.2995,3004056,67726067.0,15342978000.0,2944580520.0
2016-12-12,'603568,伟明环保,22.44,24.23,22.3,24.16,24.16,-1.72,-7.1192,2.5258,3299671,77091921.0,15274908000.0,2931516720.0
2016-12-09,'603568,伟明环保,24.16,24.6,24.05,24.6,24.66,-0.5,-2.0276,2.069,2702921,65715930.0,16445712000.0,3156214080.0
2016-12-08,'603568,伟明环保,24.66,25.23,24.6,25.1,24.93,-0.27,-1.083,1.4463,1889391,47095669.0,16786062000.0,3221533080.0
2016-12-07,'603568,伟明环保,24.93,24.94,24.58,24.78,24.59,0.34,1.3827,1.046,1366513,33851476.0,16969851000.0,3256805340.0
2016-12-06,'603568,伟明环保,24.59,24.79,24.56,24.78,24.54,0.05,0.2037,0.8211,1072715,26456142.0,16738413000.0,3212388420.0
2016-12-05,'603568,伟明环保,24.54,24.89,24.03,24.32,24.67,-0.13,-0.527,1.2279,1604056,39505623.0,16704378000.0,3205856520.0
2016-12-02,'603568,伟明环保,24.67,25.58,24.66,25.41,25.49,-0.82,-3.2169,2.2064,2882397,72408014.0,16792869000.0,3222839460.0
2016-12-01,'603568,伟明环保,25.49,25.67,25.35,25.35,25.51,-0.02,-0.0784,1.1666,1524021,38867615.0,17351043000.0,3329962620.0
2016-11-30,'603568,伟明环保,25.51,25.64,25.31,25.43,25.55,-0.04,-0.1566,1.3072,1707758,43524084.0,17364657000.0,3332575380.0
2016-11-29,'603568,伟明环保,25.55,26.03,25.53,25.81,25.81,-0.26,-1.0074,1.7037,2225678,57490919.0,17391885000.0,3337800900.0
2016-11-28,'603568,伟明环保,25.81,26.04,25.72,25.72,25.8,0.01,0.0388,1.4902,1946825,50310123.0,17568867000.0,3371766780.0
2016-11-25,'603568,伟明环保,25.8,26.2,25.2,26.2,26.14,-0.34,-1.3007,2.6992,3526197,90328385.0,17562060000.0,3370460400.0
2016-11-24,'603568,伟明环保,26.14,26.38,26.01,26.38,26.34,-0.2,-0.7593,2.195,2867564,74973751.0,17793498000.0,3414877320.0
2016-11-23,'603568,伟明环保,26.34,27.15,26.12,27.14,27.04,-0.7,-2.5888,4.1586,5432737,144275768.0,17929638000.0,3441004920.0
2016-11-22,'603568,伟明环保,27.04,27.2,26.68,26.7,26.68,0.36,1.3493,3.0849,4030109,108625284.0,18406128000.0,3532451520.0
2016-11-21,'603568,伟明环保,26.68,26.85,26.56,26.66,26.64,0.04,0.1502,2.4663,3221967,86031954.0,18161076000.0,3485421840.0
2016-11-18,'603568,伟明环保,26.64,27.15,26.6,26.88,26.91,-0.27,-1.0033,2.9194,3813899,102052050.0,18133848000.0,3480196320.0
2016-11-17,'603568,伟明环保,26.91,27.49,26.72,27.49,27.63,-0.72,-2.6059,4.0628,5307516,143129118.0,18317637000.0,3515468580.0
2016-11-16,'603568,伟明环保,27.63,27.94,27.16,27.43,27.3,0.33,1.2088,6.0086,7849498,216582751.0,18807741000.0,3609527940.0
2016-11-15,'603568,伟明环保,27.3,27.6,27.17,27.58,27.66,-0.36,-1.3015,3.2495,4245082,116014606.0,18583110000.0,3566417400.0
2016-11-14,'603568,伟明环保,27.66,27.68,27.1,27.4,27.46,0.2,0.7283,4.5553,5950926,163025723.0,18828162000.0,3613447080.0
2016-11-11,'603568,伟明环保,27.46,27.98,27.27,27.66,27.63,-0.17,-0.6153,5.0374,6580736,180962466.0,18692022000.0,3587319480.0
2016-11-10,'603568,伟明环保,27.63,27.68,26.7,26.7,26.57,1.06,3.9895,6.5893,8608150,235367577.0,18807741000.0,3609527940.0
2016-11-09,'603568,伟明环保,26.57,27.42,26.06,27.39,27.34,-0.77,-2.8164,5.1489,6726428,179598851.0,18086199000.0,3471051660.0
2016-11-08,'603568,伟明环保,27.34,27.75,27.14,27.53,27.46,-0.12,-0.437,4.6823,6116915,167127415.0,18610338000.0,3571642920.0
2016-11-07,'603568,伟明环保,27.46,27.49,26.52,26.55,26.4,1.06,4.0152,7.6974,10055743,273967719.0,18692022000.0,3587319480.0
2016-11-04,'603568,伟明环保,26.4,26.75,26.15,26.43,26.6,-0.2,-0.7519,2.6855,3508296,92724494.0,17970480000.0,3448843200.0
2016-11-03,'603568,伟明环保,26.6,26.79,25.88,26.01,26.2,0.4,1.5267,3.6347,4748285,125800609.0,18106620000.0,3474970800.0
2016-11-02,'603568,伟明环保,26.2,26.85,26.16,26.75,26.9,-0.7,-2.6022,3.3126,4327500,114348973.0,17834340000.0,3422715600.0
2016-11-01,'603568,伟明环保,26.9,27.19,26.1,26.36,26.37,0.53,2.0099,3.6608,4782406,127841667.0,18310830000.0,3514162200.0
2016-10-31,'603568,伟明环保,26.37,26.38,25.63,26.22,26.23,0.14,0.5337,2.6014,3398405,88423416.0,17950059000.0,3444924060.0
2016-10-28,'603568,伟明环保,26.23,26.98,26.21,26.88,26.92,-0.69,-2.5632,3.4939,4564363,120893517.0,17854761000.0,3426634740.0
2016-10-27,'603568,伟明环保,26.92,27.05,26.56,26.79,26.78,0.14,0.5228,2.6001,3396778,91143857.0,18324444000.0,3516774960.0
2016-10-26,'603568,伟明环保,26.78,27.78,26.75,27.78,27.81,-1.03,-3.7037,5.1396,6714218,182201407.0,18229146000.0,3498485640.0
2016-10-25,'603568,伟明环保,27.81,28.23,27.5,28.0,28.06,-0.25,-0.8909,4.9058,6408793,178137773.0,18930267000.0,3633042780.0
2016-10-24,'603568,伟明环保,28.06,28.12,27.32,27.52,27.67,0.39,1.4095,5.8975,7704325,213997886.0,19100442000.0,3665702280.0
2016-10-21,'603568,伟明环保,27.67,27.98,26.9,27.9,28.24,-0.57,-2.0184,8.4255,11006882,302202314.0,18834969000.0,3614753460.0
2016-10-20,'603568,伟明环保,28.24,29.12,26.33,26.5,26.47,1.77,6.6868,12.6961,16585900,460346113.0,19222968000.0,3689217120.0
2016-10-19,'603568,伟明环保,26.47,26.71,26.2,26.6,26.54,-0.07,-0.2638,3.5844,4682586,123751697.0,18018129000.0,3457987860.0
2016-10-18,'603568,伟明环保,26.54,26.56,26.0,26.01,26.15,0.39,1.4914,4.3348,5662906,149082477.0,18065778000.0,3467132520.0
2016-10-17,'603568,伟明环保,26.15,27.44,26.11,27.41,27.41,-1.26,-4.5969,6.8002,8883656,237336831.0,17800305000.0,3416183700.0
2016-10-14,'603568,伟明环保,27.41,28.07,27.29,27.95,27.87,-0.46,-1.6505,5.9954,7832264,215819754.0,18657987000.0,3580787580.0
2016-10-13,'603568,伟明环保,27.87,28.52,27.33,27.4,27.33,0.54,1.9759,10.75,14043627,394422718.0,18971109000.0,3640881060.0
2016-10-12,'603568,伟明环保,27.33,27.62,27.16,27.62,27.74,-0.41,-1.478,4.3808,5722943,156447076.0,18603531000.0,3570336540.0
2016-10-11,'603568,伟明环保,27.74,27.83,27.4,27.82,27.85,-0.11,-0.395,5.5126,7201583,198650615.0,18882618000.0,3623898120.0
2016-10-10,'603568,伟明环保,27.85,27.88,26.85,27.09,26.73,1.12,4.19,6.5244,8523333,233089577.0,18957495000.0,3638268300.0
2016-09-30,'603568,伟明环保,26.73,26.95,26.42,26.65,26.61,0.12,0.451,3.454,4512291,120395462.0,18195111000.0,3491953740.0
2016-09-29,'603568,伟明环保,26.61,27.02,26.58,26.8,26.93,-0.32,-1.1883,3.8429,5020260,134438523.0,18113427000.0,3476277180.0
2016-09-28,'603568,伟明环保,26.93,26.98,26.22,26.4,26.63,0.3,1.1265,5.3426,6979443,185953978.0,18331251000.0,3518081340.0
2016-09-27,'603568,伟明环保,26.63,26.8,25.81,26.66,26.74,-0.11,-0.4114,6.5722,8585741,225797076.0,18127041000.0,3478889940.0
2016-09-26,'603568,伟明环保,26.74,27.73,26.52,27.51,27.55,-0.81,-2.9401,7.9264,10354941,281210866.0,18201918000.0,3493260120.0
2016-09-23,'603568,伟明环保,27.55,28.39,27.2,27.58,27.53,0.02,0.0726,9.6911,12660244,352050275.0,18753285000.0,3599076900.0
2016-09-22,'603568,伟明环保,27.53,27.71,27.1,27.5,27.25,0.28,1.0275,7.8551,10261802,281312453.0,18739671000.0,3596464140.0
2016-09-21,'603568,伟明环保,27.25,28.19,26.92,27.45,28.19,-0.94,-3.3345,10.0963,13189558,359509275.0,18549075000.0,3559885500.0
2016-09-20,'603568,伟明环保,28.19,30.2,28.15,28.97,28.96,-0.77,-2.6588,13.0894,17099708,500779749.0,19188933000.0,3682685220.0
2016-09-19,'603568,伟明环保,28.96,29.59,28.5,28.79,28.8,0.16,0.5556,9.5131,12427681,360781540.0,19713072000.0,3783276480.0
2016-09-14,'603568,伟明环保,28.8,29.2,28.4,28.6,29.56,-0.76,-2.571,7.7917,10178937,293044857.0,19604160000.0,3762374400.0
2016-09-13,'603568,伟明环保,29.56,29.6,28.4,29.14,29.06,0.5,1.7206,13.0672,17070771,495764779.0,20121492000.0,3861659280.0
2016-09-12,'603568,伟明环保,29.06,30.39,29.01,29.38,30.13,-1.07,-3.5513,15.9989,20900687,620435669.0,19781142000.0,3796340280.0
2016-09-09,'603568,伟明环保,30.13,30.79,29.65,30.29,30.96,-0.83,-2.6809,18.6733,24394476,736907159.0,20509491000.0,3936122940.0
2016-09-08,'603568,伟明环保,30.96,31.75,29.61,29.99,29.02,1.94,6.685,28.2097,36852641,1117892456.0,21074472000.0,4044552480.0
2016-09-07,'603568,伟明环保,29.02,29.02,27.8,28.9,26.38,2.64,10.0076,12.5654,16415122,469446562.0,19753914000.0,3791114760.0
2016-09-06,'603568,伟明环保,26.38,26.38,23.61,24.2,23.98,2.4,10.0083,9.9418,12987800,327499697.0,17956866000.0,3446230440.0
2016-09-05,'603568,伟明环保,23.98,24.51,23.55,23.9,23.81,0.17,0.714,4.8365,6318311,152529158.0,16323186000.0,3132699240.0
2016-09-02,'603568,伟明环保,23.81,23.97,23.34,23.43,23.43,0.38,1.6219,4.6088,6020819,142613613.0,16207467000.0,3110490780.0
2016-09-01,'603568,伟明环保,23.43,24.1,23.38,24.09,24.17,-0.74,-3.0616,5.6554,7388163,175689807.0,15948801000.0,3060848340.0
2016-08-31,'603568,伟明环保,24.17,24.34,23.76,24.25,24.43,-0.26,-1.0643,6.4651,8445852,203135889.0,16452519000.0,3157520460.0
2016-08-30,'603568,伟明环保,24.43,26.07,24.22,25.39,24.56,-0.13,-0.5293,13.7753,17995717,453867698.0,16629501000.0,3191486340.0
2016-08-29,'603568,伟明环保,24.56,24.56,22.19,22.33,22.33,2.23,9.9866,7.3986,9665353,232507687.0,16717992000.0,3208469280.0
2016-08-26,'603568,伟明环保,22.33,22.51,22.2,22.3,22.22,0.11,0.495,1.1987,1565987,35009013.0,15200031000.0,2917146540.0
2016-08-25,'603568,伟明环保,22.22,22.6,22.02,22.6,22.64,-0.42,-1.8551,1.7166,2242579,49801709.0,15125154000.0,2902776360.0
2016-08-24,'603568,伟明环保,22.64,22.87,22.25,22.25,22.25,0.39,1.7528,1.9416,2536499,57444078.0,15411048000.0,2957644320.0
2016-08-23,'603568,伟明环保,22.25,22.38,22.06,22.06,22.2,0.05,0.2252,0.6865,896893,19952842.0,15145575000.0,2906695500.0
2016-08-22,'603568,伟明环保,22.2,22.55,22.18,22.34,22.48,-0.28,-1.2456,0.9404,1228464,27425371.0,15111540000.0,2900163600.0
2016-08-19,'603568,伟明环保,22.48,22.49,22.16,22.3,22.28,0.2,0.8977,0.9883,1291134,28815214.0,15302136000.0,2936742240.0
2016-08-18,'603568,伟明环保,22.28,22.46,22.22,22.29,22.4,-0.12,-0.5357,0.8848,1155924,25772157.0,15165996000.0,2910614640.0
2016-08-17,'603568,伟明环保,22.4,22.58,22.18,22.42,22.41,-0.01,-0.0446,1.038,1356021,30308597.0,15247680000.0,2926291200.0
2016-08-16,'603568,伟明环保,22.41,22.66,22.39,22.39,22.36,0.05,0.2236,1.2548,1639208,36865091.0,15254487000.0,2927597580.0
2016-08-15,'603568,伟明环保,22.36,22.43,21.8,21.98,21.92,0.44,2.0073,1.4377,1878138,41768977.0,15220452000.0,2921065680.0
2016-08-12,'603568,伟明环保,21.92,21.95,21.5,21.66,21.68,0.24,1.107,0.7688,1004300,21843026.0,14920944000.0,2863584960.0
2016-08-11,'603568,伟明环保,21.68,22.19,21.66,22.1,22.11,-0.43,-1.9448,0.8347,1090400,23816472.0,14757576000.0,2832231840.0
2016-08-10,'603568,伟明环保,22.11,22.45,22.08,22.24,22.19,-0.08,-0.3605,0.8091,1056978,23520761.0,15050277000.0,2888406180.0
2016-08-09,'603568,伟明环保,22.19,22.22,21.91,21.91,22.07,0.12,0.5437,0.8453,1104222,24461868.0,15104733000.0,2898857220.0
2016-08-08,'603568,伟明环保,22.07,22.18,21.66,21.86,21.79,0.28,1.285,0.7192,939559,20683867.0,15023049000.0,2883180660.0
2016-08-05,'603568,伟明环保,21.79,22.29,21.77,22.29,22.0,-0.21,-0.9545,0.7256,947850,20797984.0,14832453000.0,2846602020.0
2016-08-04,'603568,伟明环保,22.0,22.1,21.67,21.76,21.79,0.21,0.9637,1.0261,1340501,29403447.0,14975400000.0,2874036000.0
2016-08-03,'603568,伟明环保,21.79,21.97,21.55,21.58,21.58,0.21,0.9731,1.0491,1370465,29895709.0,14832453000.0,2846602020.0
2016-08-02,'603568,伟明环保,21.58,21.7,21.3,21.3,21.35,0.23,1.0773,0.7717,1008125,21727069.0,14689506000.0,2819168040.0
2016-08-01,'603568,伟明环保,21.35,21.88,21.06,21.7,21.88,-0.53,-2.4223,1.2656,1653365,35240464.0,14532945000.0,2789121300.0
2016-07-29,'603568,伟明环保,21.88,22.15,21.81,21.9,21.87,0.01,0.0457,1.1971,1563814,34332032.0,14893716000.0,2858359440.0
2016-07-28,'603568,伟明环保,21.87,22.4,21.6,22.4,22.45,-0.58,-2.5835,2.4641,3219000,70744005.0,14886909000.0,2857053060.0
2016-07-27,'603568,伟明环保,22.45,23.9,21.92,23.84,23.57,-1.12,-4.7518,3.0037,3924006,89484116.0,15281715000.0,2932823100.0
2016-07-26,'603568,伟明环保,23.57,23.59,23.28,23.28,23.29,0.28,1.2022,1.3024,1701435,39974449.0,16044099000.0,3079137660.0
2016-07-25,'603568,伟明环保,23.29,23.42,22.99,22.99,23.13,0.16,0.6917,1.0198,1332227,30980101.0,15853503000.0,3042559020.0
2016-07-22,'603568,伟明环保,23.13,23.86,23.04,23.79,23.78,-0.65,-2.7334,2.3883,3120022,72770388.0,15744591000.0,3021656940.0
2016-07-21,'603568,伟明环保,23.78,24.08,23.72,23.85,23.85,-0.07,-0.2935,1.4915,1948454,46545400.0,16187046000.0,3106571640.0
2016-07-20,'603568,伟明环保,23.85,24.14,23.82,24.04,24.04,-0.19,-0.7903,1.3024,1701494,40709656.0,16234695000.0,3115716300.0
2016-07-19,'603568,伟明环保,24.04,24.23,23.64,23.66,23.73,0.31,1.3064,1.3783,1800534,43042906.0,16364028000.0,3140537520.0
2016-07-18,'603568,伟明环保,23.73,24.13,23.6,24.13,24.13,-0.4,-1.6577,1.6854,2201778,52428364.0,16153011000.0,3100039740.0
2016-07-15,'603568,伟明环保,24.13,24.56,24.08,24.56,24.54,-0.41,-1.6707,1.981,2587991,62794451.0,16425291000.0,3152294940.0
2016-07-14,'603568,伟明环保,24.54,24.73,24.35,24.47,24.48,0.06,0.2451,2.3984,3133264,76812849.0,16704378000.0,3205856520.0
2016-07-13,'603568,伟明环保,24.48,24.72,24.2,24.38,24.43,0.05,0.2047,3.1978,4177602,102391380.0,16663536000.0,3198018240.0
2016-07-12,'603568,伟明环保,24.43,24.5,23.58,24.22,24.19,0.24,0.9921,3.4889,4557872,109591265.0,16629501000.0,3191486340.0
2016-07-11,'603568,伟明环保,24.19,24.9,24.11,24.46,24.42,-0.23,-0.9419,3.7801,4938264,121172976.0,16466133000.0,3160133220.0
2016-07-08,'603568,伟明环保,24.42,24.5,24.08,24.4,24.54,-0.12,-0.489,3.3972,4437988,107843309.0,16622694000.0,3190179960.0
2016-07-07,'603568,伟明环保,24.54,24.98,23.55,23.65,23.51,1.03,4.3811,6.5298,8530406,206661893.0,16704378000.0,3205856520.0
2016-07-06,'603568,伟明环保,23.51,23.57,23.2,23.45,23.56,-0.05,-0.2122,1.9565,2555964,59791397.0,16003257000.0,3071299380.0
2016-07-05,'603568,伟明环保,23.56,23.79,23.44,23.72,23.64,-0.08,-0.3384,2.5113,3280715,77399437.0,16037292000.0,3077831280.0
2016-07-04,'603568,伟明环保,23.64,23.92,22.9,22.9,23.03,0.61,2.6487,3.2594,4257966,99943697.0,16091748000.0,3088282320.0
2016-07-01,'603568,伟明环保,23.03,23.34,22.94,23.14,23.1,-0.07,-0.303,1.4967,1955294,45152362.0,15676521000.0,3008593140.0
2016-06-30,'603568,伟明环保,23.1,23.58,22.9,23.45,23.31,-0.21,-0.9009,2.3397,3056541,70791384.0,15724170000.0,3017737800.0
2016-06-29,'603568,伟明环保,23.31,23.98,23.2,23.61,23.47,-0.16,-0.6817,2.8053,3664848,86080538.0,15867117000.0,3045171780.0
2016-06-28,'603568,伟明环保,23.47,23.68,22.82,22.95,23.11,0.36,1.5578,2.7762,3626730,84572867.0,15976029000.0,3066073860.0
2016-06-27,'603568,伟明环保,23.11,23.2,22.5,22.65,22.67,0.44,1.9409,2.3909,3123415,71633655.0,15730977000.0,3019044180.0
2016-06-24,'603568,伟明环保,22.67,23.65,21.61,23.4,23.47,-0.8,-3.4086,3.157,4124237,94219417.0,15431469000.0,2961563460.0
2016-06-23,'603568,伟明环保,23.47,23.88,23.33,23.33,23.49,-0.02,-0.0851,2.5336,3309909,77854109.0,15976029000.0,3066073860.0
2016-06-22,'603568,伟明环保,23.49,23.56,22.68,23.0,23.11,0.38,1.6443,2.4483,3198363,74201231.0,15989643000.0,3068686620.0
2016-06-21,'603568,伟明环保,23.11,23.93,23.0,23.24,23.01,0.1,0.4346,3.7571,4908147,115074103.0,15730977000.0,3019044180.0
2016-06-20,'603568,伟明环保,23.01,23.44,22.68,23.44,23.26,-0.25,-1.0748,3.1268,4084732,93342703.0,15662907000.0,3005980380.0
2016-06-17,'603568,伟明环保,23.26,23.97,23.23,23.6,23.71,-0.45,-1.8979,3.4501,4507161,106011265.0,15833082000.0,3038639880.0
2016-06-16,'603568,伟明环保,23.71,24.28,23.31,24.12,24.58,-0.87,-3.5395,4.656,6082441,144586471.0,16139397000.0,3097426980.0
2016-06-15,'603568,DR伟明环,24.58,25.07,22.83,22.83,23.25,1.33,5.7204,2.5439,3323354,80998293.0,16731606000.0,3211082040.0
2016-06-14,'603568,伟明环保,35.08,35.1,33.39,33.39,33.93,1.15,3.3893,3.9359,3427862,118570337.0,15919304000.0,3055187360.0
2016-06-13,'603568,伟明环保,33.93,37.18,33.93,37.18,37.7,-3.77,-10.0,6.9408,6044881,216736633.0,15397434000.0,2955031560.0
2016-06-08,'603568,伟明环保,37.7,37.7,34.05,34.15,34.27,3.43,10.0088,7.0703,6157648,223629904.0,17108260000.0,3283368400.0
2016-06-07,'603568,伟明环保,34.27,34.98,34.02,34.98,34.35,-0.08,-0.2329,2.6628,2319057,79704606.0,15551726000.0,2984642840.0
2016-06-06,'603568,伟明环保,34.35,35.0,33.81,34.13,34.02,0.33,0.97,3.0357,2643887,91094101.0,15588030000.0,2991610200.0
2016-06-03,'603568,伟明环保,34.02,34.36,33.12,33.51,33.44,0.58,1.7344,3.2362,2818491,95273702.0,15438276000.0,2962869840.0
2016-06-02,'603568,伟明环保,33.44,33.5,32.6,32.87,32.84,0.6,1.827,2.4019,2091838,69411562.0,15175072000.0,2912356480.0
2016-06-01,'603568,伟明环保,32.84,33.59,32.55,32.55,32.46,0.38,1.1707,2.8822,2510175,83115678.0,14902792000.0,2860101280.0
2016-05-31,'603568,伟明环保,32.46,32.48,30.82,30.82,30.89,1.57,5.0826,2.476,2156439,68920488.0,14730348000.0,2827006320.0
2016-05-30,'603568,伟明环保,30.89,31.18,30.4,31.18,31.23,-0.34,-1.0887,0.9961,867514,26818706.0,14017882000.0,2690271880.0
2016-05-27,'603568,伟明环保,31.23,31.49,31.0,31.3,31.44,-0.21,-0.6679,2.7924,1278910,39913454.0,14172174000.0,1430334000.0
2016-05-26,'603568,伟明环保,31.44,31.85,30.63,31.65,31.65,-0.21,-0.6635,2.7887,1277242,39688422.0,14267472000.0,1439952000.0
2016-05-25,'603568,伟明环保,31.65,32.13,31.41,31.85,31.73,-0.08,-0.2521,2.3704,1085657,34563613.0,14362770000.0,1449570000.0
2016-05-24,'603568,伟明环保,31.73,32.22,31.62,32.2,32.45,-0.72,-2.2188,2.498,1144095,36486119.0,14399074000.0,1453234000.0
2016-05-23,'603568,伟明环保,32.45,32.55,31.95,32.33,32.32,0.13,0.4022,3.6771,1684129,54409812.0,14725810000.0,1486210000.0
2016-05-20,'603568,伟明环保,32.32,32.66,31.24,31.69,31.15,1.17,3.756,4.4215,2025066,65148966.0,14666816000.0,1480256000.0
2016-05-19,'603568,伟明环保,31.15,31.59,30.83,30.91,30.81,0.34,1.1035,2.7112,1241713,38852359.0,14135870000.0,1426670000.0
2016-05-18,'603568,伟明环保,30.81,31.68,30.65,31.68,31.84,-1.03,-3.2349,2.7689,1268140,39351284.0,13981578000.0,1411098000.0
2016-05-17,'603568,伟明环保,31.84,32.27,31.5,32.25,32.17,-0.33,-1.0258,2.3901,1094663,34917035.0,14448992000.0,1458272000.0
2016-05-16,'603568,伟明环保,32.17,32.29,31.4,32.2,32.1,0.07,0.2181,1.9912,911956,29124383.0,14598746000.0,1473386000.0
2016-05-13,'603568,伟明环保,32.1,32.3,31.63,31.63,31.69,0.41,1.2938,2.4608,1127068,36148419.0,14566980000.0,1470180000.0
2016-05-12,'603568,伟明环保,31.69,31.75,30.8,31.23,31.96,-0.27,-0.8448,2.2829,1045553,32747490.0,14380922000.0,1451402000.0
2016-05-11,'603568,伟明环保,31.96,32.49,31.89,32.44,32.25,-0.29,-0.8992,2.2106,1012454,32551191.0,14503448000.0,1463768000.0
2016-05-10,'603568,伟明环保,32.25,32.45,32.03,32.1,32.12,0.13,0.4047,2.0131,921977,29710234.0,14635050000.0,1477050000.0
2016-05-09,'603568,伟明环保,32.12,33.3,31.98,33.3,33.52,-1.4,-4.1766,4.1424,1897232,61350669.0,14576056000.0,1471096000.0
2016-05-06,'603568,伟明环保,33.52,35.43,33.5,35.43,35.24,-1.72,-4.8808,5.6506,2587995,89200640.0,15211376000.0,1535216000.0
2016-05-05,'603568,伟明环保,35.24,35.35,34.76,34.79,34.9,0.34,0.9742,3.5496,1625700,56979575.0,15991912000.0,1613992000.0
2016-05-04,'603568,伟明环保,34.9,35.28,34.71,35.15,35.12,-0.22,-0.6264,4.0295,1845530,64557985.0,15837620000.0,1598420000.0
2016-05-03,'603568,伟明环保,35.12,35.15,33.5,33.78,33.78,1.34,3.9668,4.1321,1892504,65190315.0,15937456000.0,1608496000.0
2016-04-29,'603568,伟明环保,33.78,34.0,33.38,33.46,33.68,0.1,0.2969,2.6216,1200709,40500363.0,15329364000.0,1547124000.0
2016-04-28,'603568,伟明环保,33.68,34.15,33.1,34.0,34.04,-0.36,-1.0576,2.9071,1331473,44670882.0,15283984000.0,1542544000.0
2016-04-27,'603568,伟明环保,34.04,34.49,33.83,33.95,33.96,0.08,0.2356,3.381,1548481,52841314.0,15447352000.0,1559032000.0
2016-04-26,'603568,伟明环保,33.96,33.99,33.23,33.59,33.53,0.43,1.2824,3.8708,1772842,59623425.0,15411048000.0,1555368000.0
2016-04-25,'603568,伟明环保,33.53,34.5,33.09,34.06,34.29,-0.76,-2.2164,3.4881,1597533,53751125.0,15215914000.0,1535674000.0
2016-04-22,'603568,伟明环保,34.29,34.3,33.4,33.97,34.03,0.26,0.764,3.7969,1738983,59029814.0,15560802000.0,1570482000.0
2016-04-21,'603568,伟明环保,34.03,35.32,33.81,34.72,34.72,-0.69,-1.9873,4.995,2287716,79651497.0,15442814000.0,1558574000.0
2016-04-20,'603568,伟明环保,34.72,38.09,34.15,37.7,37.71,-2.99,-7.9289,8.5342,3908647,140542494.0,15755936000.0,1590176000.0
2016-04-19,'603568,伟明环保,37.71,38.5,37.41,38.1,38.12,-0.41,-1.0756,6.1626,2822489,106833584.0,17112798000.0,1727118000.0
2016-04-18,'603568,伟明环保,38.12,38.29,36.75,38.07,38.02,0.1,0.263,8.3748,3835652,143359783.0,17298856000.0,1745896000.0
2016-04-15,'603568,伟明环保,38.02,38.83,37.68,38.4,38.6,-0.58,-1.5026,7.9525,3642251,138840950.0,17253476000.0,1741316000.0
2016-04-14,'603568,伟明环保,38.6,38.88,37.33,37.4,37.28,1.32,3.5408,11.4719,5254147,200655925.0,17516680000.0,1767880000.0
2016-04-13,'603568,伟明环保,37.28,37.83,36.95,36.95,37.08,0.2,0.5394,11.1194,5092696,190868156.0,16917664000.0,1707424000.0
2016-04-12,'603568,伟明环保,37.08,37.79,36.02,36.02,36.31,0.77,2.1206,12.708,5820269,214893010.0,16826904000.0,1698264000.0
2016-04-11,'603568,伟明环保,36.31,36.45,35.2,35.4,34.98,1.33,3.8022,6.6762,3057683,109823571.0,16477478000.0,1662998000.0
2016-04-08,'603568,伟明环保,34.98,35.1,34.56,34.99,35.48,-0.5,-1.4092,5.2341,2397196,83501840.0,15873924000.0,1602084000.0
2016-04-07,'603568,伟明环保,35.48,36.78,35.41,36.61,36.31,-0.83,-2.2859,6.3958,2929279,105631447.0,16100824000.0,1624984000.0
2016-04-06,'603568,伟明环保,36.31,36.56,35.82,36.56,36.56,-0.25,-0.6838,5.9483,2724302,98724813.0,16477478000.0,1662998000.0
2016-04-05,'603568,伟明环保,36.56,36.73,35.49,35.59,35.72,0.84,2.3516,6.7748,3102862,112348916.0,16590928000.0,1674448000.0
2016-04-01,'603568,伟明环保,35.72,36.28,35.14,36.28,36.45,-0.73,-2.0027,6.5438,2997075,106575305.0,16209736000.0,1635976000.0
2016-03-31,'603568,伟明环保,36.45,36.98,35.5,35.51,35.46,0.99,2.7919,11.5528,5291188,191917796.0,16541010000.0,1669410000.0
2016-03-30,'603568,伟明环保,35.46,35.48,34.4,34.4,34.14,1.32,3.8664,5.6157,2572002,89758190.0,16091748000.0,1624068000.0
2016-03-29,'603568,伟明环保,34.14,34.79,33.65,34.58,34.56,-0.42,-1.2153,4.7976,2197321,74969342.0,15492732000.0,1563612000.0
2016-03-28,'603568,伟明环保,34.56,35.83,34.3,35.16,34.88,-0.32,-0.9174,5.6882,2605193,91557661.0,15683328000.0,1582848000.0
2016-03-25,'603568,伟明环保,34.88,35.24,34.34,34.8,35.01,-0.13,-0.3713,5.1396,2353935,81887329.0,15828544000.0,1597504000.0
2016-03-24,'603568,伟明环保,35.01,35.79,35.0,35.54,35.84,-0.83,-2.3158,8.2575,3781947,133555591.0,15887538000.0,1603458000.0
2016-03-23,'603568,伟明环保,35.84,35.95,34.71,34.71,35.16,0.68,1.934,8.1443,3730098,131717187.0,16264192000.0,1641472000.0
2016-03-22,'603568,伟明环保,35.16,36.0,34.2,34.75,34.9,0.26,0.745,9.1711,4200377,148361883.0,15955608000.0,1610328000.0
2016-03-21,'603568,伟明环保,34.9,35.24,34.47,34.47,33.96,0.94,2.768,10.1884,4666304,162501373.0,15837620000.0,1598420000.0
2016-03-18,'603568,伟明环保,33.96,34.3,32.66,32.98,32.73,1.23,3.758,10.008,4583658,154289717.0,15411048000.0,1555368000.0
2016-03-17,'603568,伟明环保,32.73,32.97,31.56,31.78,31.74,0.99,3.1191,5.7056,2613181,84720576.0,14852874000.0,1499034000.0
2016-03-16,'603568,伟明环保,31.74,32.78,31.51,32.5,32.36,-0.62,-1.9159,3.3196,1520381,48626844.0,14403612000.0,1453692000.0
2016-03-15,'603568,伟明环保,32.36,33.11,32.25,32.9,33.14,-0.78,-2.3537,4.1444,1898128,61903948.0,14684968000.0,1482088000.0
2016-03-14,'603568,伟明环保,33.14,33.47,32.09,32.48,31.9,1.24,3.8871,7.4093,3393445,111870880.0,15038932000.0,1517812000.0
2016-03-11,'603568,伟明环保,31.9,32.48,30.48,30.57,30.87,1.03,3.3366,5.4571,2499342,79165887.0,14476220000.0,1461020000.0
2016-03-10,'603568,伟明环保,30.87,31.75,30.81,31.57,31.38,-0.51,-1.6252,2.9761,1363057,42563068.0,14008806000.0,1413846000.0
2016-03-09,'603568,伟明环保,31.38,32.2,31.05,32.01,32.45,-1.07,-3.2974,3.2502,1488594,47131171.0,14240244000.0,1437204000.0
2016-03-08,'603568,伟明环保,32.45,32.48,30.4,32.31,32.3,0.15,0.4644,4.3489,1991796,62770931.0,14725810000.0,1486210000.0
2016-03-07,'603568,伟明环保,32.3,33.1,31.7,31.78,31.42,0.88,2.8008,4.5025,2062166,66940500.0,14657740000.0,1479340000.0
2016-03-04,'603568,伟明环保,31.42,33.42,31.05,33.01,33.27,-1.85,-5.5606,5.5487,2541324,81910234.0,14258396000.0,1439036000.0
2016-03-03,'603568,伟明环保,33.27,34.23,32.8,33.18,33.11,0.16,0.4832,6.3652,2915264,97349871.0,15097926000.0,1523766000.0
2016-03-02,'603568,伟明环保,33.11,33.26,31.41,31.41,31.48,1.63,5.1779,5.7275,2623188,84771896.0,15025318000.0,1516438000.0
2016-03-01,'603568,伟明环保,31.48,31.7,30.33,30.97,30.81,0.67,2.1746,4.4664,2045622,63746108.0,14285624000.0,1441784000.0
2016-02-29,'603568,伟明环保,30.81,33.93,30.77,33.4,34.19,-3.38,-9.8859,7.8435,3592325,113174437.0,13981578000.0,1411098000.0
2016-02-26,'603568,伟明环保,34.19,34.84,32.88,33.83,33.83,0.36,1.0641,6.6357,3039162,103203372.0,15515422000.0,1565902000.0
2016-02-25,'603568,伟明环保,33.83,37.6,33.82,37.6,37.58,-3.75,-9.9787,9.7348,4458541,158281059.0,15352054000.0,1549414000.0
2016-02-24,'603568,伟明环保,37.58,38.12,36.4,37.61,37.85,-0.27,-0.7133,8.2132,3761664,140485833.0,17053804000.0,1721164000.0
2016-02-23,'603568,伟明环保,37.85,38.77,37.14,38.34,38.79,-0.94,-2.4233,9.8212,4498127,170257961.0,17176330000.0,1733530000.0
2016-02-22,'603568,伟明环保,38.79,39.5,36.77,36.8,36.37,2.42,6.6538,12.0484,5518176,211343554.0,17602902000.0,1776582000.0
2016-02-19,'603568,伟明环保,36.37,36.58,35.49,35.79,35.9,0.47,1.3092,7.5118,3440383,124215543.0,16504706000.0,1665746000.0
2016-02-18,'603568,伟明环保,35.9,36.42,35.35,35.93,35.71,0.19,0.5321,8.1581,3736432,134189334.0,16291420000.0,1644220000.0
2016-02-17,'603568,伟明环保,35.71,35.85,34.74,34.91,35.2,0.51,1.4489,7.9191,3626965,127950661.0,16205198000.0,1635518000.0
2016-02-16,'603568,伟明环保,35.2,35.35,33.71,33.71,33.49,1.71,5.106,6.8808,3151396,109376257.0,15973760000.0,1612160000.0
2016-02-15,'603568,伟明环保,33.49,33.98,32.41,33.06,34.51,-1.02,-2.9557,3.7403,1713040,56875896.0,15197762000.0,1533842000.0
2016-02-05,'603568,伟明环保,34.51,35.34,34.4,35.1,35.05,-0.54,-1.5407,5.3414,2446352,85117696.0,15660638000.0,1580558000.0
2016-02-04,'603568,伟明环保,35.05,35.4,34.65,34.76,34.44,0.61,1.7712,7.8765,3607419,126267664.0,15905690000.0,1605290000.0
2016-02-03,'603568,伟明环保,34.44,34.97,33.39,33.8,34.4,0.04,0.1163,4.2442,1943851,66059385.0,15628872000.0,1577352000.0
2016-02-02,'603568,伟明环保,34.4,34.93,33.22,33.5,33.23,1.17,3.5209,5.3394,2445450,84086858.0,15610720000.0,1575520000.0
2016-02-01,'603568,伟明环保,33.23,34.5,32.81,33.31,33.72,-0.49,-1.4531,5.339,2445245,82093047.0,15079774000.0,1521934000.0
2016-01-29,'603568,伟明环保,33.72,34.5,31.2,31.59,31.6,2.12,6.7089,6.2156,2846729,94140992.0,15302136000.0,1544376000.0
2016-01-28,'603568,伟明环保,31.6,32.63,31.23,32.08,32.9,-1.3,-3.9514,5.4638,2502435,80069242.0,14340080000.0,1447280000.0
2016-01-27,'603568,伟明环保,32.9,33.5,30.22,33.0,33.12,-0.22,-0.6643,7.1983,3296835,105910793.0,14930020000.0,1506820000.0
2016-01-26,'603568,伟明环保,33.12,36.11,33.12,36.11,36.8,-3.68,-10.0,8.5611,3920977,135234030.0,15029856000.0,1516896000.0
2016-01-25,'603568,伟明环保,36.8,37.44,36.1,36.6,36.2,0.6,1.6575,8.5115,3898254,143410785.0,16699840000.0,1685440000.0
2016-01-22,'603568,伟明环保,36.2,36.3,33.98,35.3,34.69,1.51,4.3528,9.6852,4435822,157199265.0,16427560000.0,1657960000.0
2016-01-21,'603568,伟明环保,34.69,37.39,34.17,36.1,36.71,-2.02,-5.5026,11.1213,5093577,184684057.0,15742322000.0,1588802000.0
2016-01-20,'603568,伟明环保,36.71,37.4,36.03,37.0,37.73,-1.02,-2.7034,12.1387,5559512,204362554.0,16658998000.0,1681318000.0
2016-01-19,'603568,伟明环保,37.73,38.5,34.98,35.18,35.18,2.55,7.2484,17.8491,8174886,295577840.0,17121874000.0,1728034000.0
2016-01-18,'603568,伟明环保,35.18,35.18,30.51,30.9,31.98,3.2,10.0063,12.6005,5771018,196716545.0,15964684000.0,1611244000.0
2016-01-15,'603568,伟明环保,31.98,34.3,31.8,34.02,34.56,-2.58,-7.4653,6.5905,3018433,100491399.0,14512524000.0,1464684000.0
2016-01-14,'603568,伟明环保,34.56,34.81,31.8,32.5,33.69,0.87,2.5824,9.6387,4414511,147836855.0,15683328000.0,1582848000.0
2016-01-13,'603568,伟明环保,33.69,36.58,33.61,36.45,36.18,-2.49,-6.8823,5.5468,2540412,90227874.0,15288522000.0,1543002000.0
2016-01-12,'603568,伟明环保,36.18,36.7,35.0,36.1,36.04,0.14,0.3885,5.5654,2548944,91659927.0,16418484000.0,1657044000.0
2016-01-11,'603568,伟明环保,36.04,39.25,36.04,38.23,40.04,-4.0,-9.99,6.6098,3027308,113762452.0,16354952000.0,1650632000.0
2016-01-08,'603568,伟明环保,40.04,41.85,38.05,41.6,40.27,-0.23,-0.5711,6.8746,3148575,127501104.0,18170152000.0,1833832000.0
2016-01-07,'603568,伟明环保,40.27,42.9,38.73,42.45,43.03,-2.76,-6.4141,3.4426,1576700,63364944.0,18274526000.0,1844366000.0
2016-01-06,'603568,伟明环保,43.03,43.6,42.03,42.83,42.45,0.58,1.3663,6.1198,2802870,119992619.0,19527014000.0,1970774000.0
2016-01-05,'603568,伟明环保,42.45,45.14,41.18,42.04,45.63,-3.18,-6.9691,6.3224,2895679,123992396.0,19263810000.0,1944210000.0
2016-01-04,'603568,伟明环保,45.63,50.53,45.63,50.3,50.7,-5.07,-10.0,4.6998,2152515,102345896.0,20706894000.0,2089854000.0
2015-12-31,'603568,伟明环保,50.7,52.28,50.68,52.15,51.99,-1.29,-2.4812,3.8885,1780922,91520345.0,23007660000.0,2322060000.0
2015-12-30,'603568,伟明环保,51.99,52.9,51.72,52.57,52.51,-0.52,-0.9903,3.5571,1629170,84759274.0,23593062000.0,2381142000.0
2015-12-29,'603568,伟明环保,52.51,53.35,51.25,53.0,52.59,-0.08,-0.1521,4.0446,1852449,96683885.0,23829038000.0,2404958000.0
2015-12-28,'603568,伟明环保,52.59,53.4,52.46,53.0,52.09,0.5,0.9599,6.7333,3083868,163431582.0,23865342000.0,2408622000.0
2015-12-25,'603568,伟明环保,52.09,52.5,51.46,52.16,52.09,0.0,0.0,7.1018,3252617,169060733.0,23638442000.0,2385722000.0
2015-12-24,'603568,伟明环保,52.09,52.5,51.5,52.48,52.55,-0.46,-0.8754,3.7528,1718799,89228205.0,23638442000.0,2385722000.0
2015-12-23,'603568,伟明环保,52.55,53.26,52.4,53.03,52.92,-0.37,-0.6992,4.6953,2150457,113542530.0,23847190000.0,2406790000.0
2015-12-22,'603568,伟明环保,52.92,53.87,52.54,53.62,53.45,-0.53,-0.9916,4.8077,2201948,116594988.0,24015096000.0,2423736000.0
2015-12-21,'603568,伟明环保,53.45,54.3,52.14,52.96,53.49,-0.04,-0.0748,4.0114,1837214,98294449.0,24255610000.0,2448010000.0
2015-12-18,'603568,伟明环保,53.49,55.19,53.0,54.85,55.23,-1.74,-3.1505,6.8571,3140542,169148715.0,24273762000.0,2449842000.0
2015-12-17,'603568,伟明环保,55.23,55.4,54.0,54.01,53.81,1.42,2.6389,8.8355,4046648,221292989.0,25063374000.0,2529534000.0
2015-12-16,'603568,伟明环保,53.81,54.5,53.07,53.67,53.24,0.57,1.0706,5.5547,2544066,136682813.0,24418978000.0,2464498000.0
2015-12-15,'603568,伟明环保,53.24,53.98,53.0,53.95,53.6,-0.36,-0.6716,4.3441,1989577,105820823.0,24160312000.0,2438392000.0
2015-12-14,'603568,伟明环保,53.6,53.97,52.8,52.85,52.83,0.77,1.4575,4.105,1880077,100575285.0,24323680000.0,2454880000.0
2015-12-11,'603568,伟明环保,52.83,53.83,52.23,52.78,52.83,0.0,0.0,2.9536,1352769,71626765.0,23974254000.0,2419614000.0
2015-12-10,'603568,伟明环保,52.83,53.99,52.4,53.99,53.79,-0.96,-1.7847,3.799,1739926,92104909.0,23974254000.0,2419614000.0
2015-12-09,'603568,伟明环保,53.79,55.45,52.55,54.93,54.79,-1.0,-1.8252,4.6402,2125206,114126388.0,24409902000.0,2463582000.0
2015-12-08,'603568,伟明环保,54.79,55.6,54.0,54.51,54.78,0.01,0.0183,5.7647,2640227,145373492.0,24863702000.0,2509382000.0
2015-12-07,'603568,伟明环保,54.78,55.4,53.22,55.4,54.86,-0.08,-0.1458,4.2119,1929035,104420889.0,24859164000.0,2508924000.0
2015-12-04,'603568,伟明环保,54.86,56.39,54.51,56.39,56.02,-1.16,-2.0707,5.3449,2447962,135484988.0,24895468000.0,2512588000.0
2015-12-03,'603568,伟明环保,56.02,57.8,53.8,54.1,53.02,3.0,5.6582,8.0133,3670085,206033987.0,25421876000.0,2565716000.0
2015-12-02,'603568,伟明环保,53.02,55.1,50.5,54.79,54.71,-1.69,-3.089,6.2235,2850355,148957020.0,24060476000.0,2428316000.0
2015-12-01,'603568,伟明环保,54.71,56.98,53.3,55.0,55.66,-0.95,-1.7068,6.9878,3200397,176288847.0,24827398000.0,2505718000.0
2015-11-30,'603568,伟明环保,55.66,58.3,52.0,58.0,57.72,-2.06,-3.569,7.2597,3324939,182500018.0,25258508000.0,2549228000.0
2015-11-27,'603568,伟明环保,57.72,62.75,56.22,62.68,62.47,-4.75,-7.6036,10.3963,4761519,280056396.0,26193336000.0,2643576000.0
2015-11-26,'603568,伟明环保,62.47,63.99,61.68,61.99,61.62,0.85,1.3794,10.2953,4715230,297349439.0,28348886000.0,2861126000.0
2015-11-25,'603568,伟明环保,61.62,61.99,61.13,61.5,61.37,0.25,0.4074,5.7887,2651236,163148092.0,27963156000.0,2822196000.0
2015-11-24,'603568,伟明环保,61.37,61.49,60.5,60.94,60.93,0.44,0.7221,4.3921,2011580,122861884.0,27849706000.0,2810746000.0
2015-11-23,'603568,伟明环保,60.93,62.74,60.55,61.89,61.93,-1.0,-1.6147,5.6508,2588049,159506389.0,27650034000.0,2790594000.0
2015-11-20,'603568,伟明环保,61.93,62.77,60.88,62.31,62.69,-0.76,-1.2123,6.3758,2920094,180164592.0,28103834000.0,2836394000.0
2015-11-19,'603568,伟明环保,62.69,62.78,60.85,61.41,61.71,0.98,1.5881,5.8357,2672728,164914560.0,28448722000.0,2871202000.0
2015-11-18,'603568,伟明环保,61.71,65.1,60.12,64.89,64.76,-3.05,-4.7097,7.5643,3464472,217013772.0,28003998000.0,2826318000.0
2015-11-17,'603568,伟明环保,64.76,65.16,61.85,62.68,62.36,2.4,3.8486,11.3969,5219762,333275252.0,29388088000.0,2966008000.0
2015-11-16,'603568,伟明环保,62.36,62.75,60.0,60.5,63.38,-1.02,-1.6093,6.6259,3034658,187098156.0,28298968000.0,2856088000.0
2015-11-13,'603568,伟明环保,63.38,68.76,63.18,65.8,65.89,-2.51,-3.8094,13.0858,5993285,392758045.0,28761844000.0,2902804000.0
2015-11-12,'603568,伟明环保,65.89,66.49,62.31,64.77,63.99,1.9,2.9692,13.2922,6087836,392048991.0,29900882000.0,3017762000.0
2015-11-11,'603568,伟明环保,63.99,65.2,63.11,63.5,63.39,0.6,0.9465,8.3124,3807095,244496543.0,29038662000.0,2930742000.0
2015-11-10,'603568,伟明环保,63.39,65.32,63.01,65.32,65.79,-2.4,-3.648,8.3167,3809064,244879483.0,28766382000.0,2903262000.0
2015-11-09,'603568,伟明环保,65.79,68.0,64.8,67.47,67.41,-1.62,-2.4032,11.5191,5275750,349434312.0,29855502000.0,3013182000.0
2015-11-06,'603568,伟明环保,67.41,67.8,64.08,64.5,64.16,3.25,5.0655,10.4281,4776060,312392588.0,30590658000.0,3087378000.0
2015-11-05,'603568,伟明环保,64.16,64.49,61.57,63.1,63.18,0.98,1.5511,14.7922,6774824,425117495.0,29115808000.0,2938528000.0
2015-11-04,'603568,伟明环保,63.18,63.95,61.0,62.0,61.95,1.23,1.9855,8.6046,3940886,246292949.0,28671084000.0,2893644000.0
2015-11-03,'603568,伟明环保,61.95,62.0,58.89,60.0,60.2,1.75,2.907,7.7461,3547721,214678761.0,28112910000.0,2837310000.0
2015-11-02,'603568,伟明环保,60.2,61.58,56.9,57.8,59.42,0.78,1.3127,7.3814,3380664,202538303.0,27318760000.0,2757160000.0
2015-10-30,'603568,伟明环保,59.42,61.04,58.5,60.3,60.93,-1.51,-2.4783,5.1078,2339386,139670760.0,26964796000.0,2721436000.0
2015-10-29,'603568,伟明环保,60.93,62.0,59.5,61.0,62.19,-1.26,-2.026,6.3159,2892698,174988292.0,27650034000.0,2790594000.0
2015-10-28,'603568,伟明环保,62.19,63.0,57.8,63.0,63.46,-1.27,-2.0013,12.1986,5586967,338071711.0,28221822000.0,2848302000.0
2015-10-27,'603568,伟明环保,63.46,64.31,60.38,61.8,62.68,0.78,1.2444,8.9017,4076981,255199747.0,28798148000.0,2906468000.0
2015-10-26,'603568,伟明环保,62.68,65.7,60.0,65.0,66.47,-3.79,-5.7018,14.1733,6491377,405305535.0,28444184000.0,2870744000.0
2015-10-23,'603568,伟明环保,66.47,71.2,65.5,69.01,67.85,-1.38,-2.0339,18.3587,8408298,575348515.0,30164086000.0,3044326000.0
2015-10-22,'603568,伟明环保,67.85,67.85,61.9,63.0,61.68,6.17,10.0032,17.6255,8072463,532343038.0,30790330000.0,3107530000.0
2015-10-21,'603568,伟明环保,61.68,61.72,56.11,56.18,56.11,5.57,9.9269,14.1896,6498855,383483946.0,27990384000.0,2824944000.0
2015-10-20,'603568,伟明环保,56.11,56.52,55.1,56.5,56.51,-0.4,-0.7078,3.5174,1610987,89883031.0,25462718000.0,2569838000.0
2015-10-19,'603568,伟明环保,56.51,57.35,54.95,57.35,57.34,-0.83,-1.4475,4.2601,1951125,109700529.0,25644238000.0,2588158000.0
2015-10-16,'603568,伟明环保,57.34,57.98,56.03,57.1,57.17,0.17,0.2974,5.2029,2382939,136102337.0,26020892000.0,2626172000.0
2015-10-15,'603568,伟明环保,57.17,58.15,55.25,55.75,55.71,1.46,2.6207,5.9639,2731468,154777053.0,25943746000.0,2618386000.0
2015-10-14,'603568,伟明环保,55.71,55.95,54.08,55.0,55.17,0.54,0.9788,4.0613,1860077,102354397.0,25281198000.0,2551518000.0
2015-10-13,'603568,伟明环保,55.17,55.5,53.53,54.05,55.01,0.16,0.2909,4.383,2007424,109065714.0,25036146000.0,2526786000.0
2015-10-12,'603568,伟明环保,55.01,55.98,53.29,53.63,53.63,1.38,2.5732,6.0226,2758347,150513640.0,24963538000.0,2519458000.0
2015-10-09,'603568,伟明环保,53.63,54.0,52.01,53.8,54.42,-0.79,-1.4517,3.4064,1560110,82862218.0,24337294000.0,2456254000.0
2015-10-08,'603568,伟明环保,54.42,55.33,53.5,53.5,53.18,1.24,2.3317,4.1046,1879898,102891792.0,24695796000.0,2492436000.0
2015-09-30,'603568,伟明环保,53.18,53.4,50.61,51.01,51.27,1.91,3.7254,4.3421,1988699,103209122.0,24133084000.0,2435644000.0
2015-09-29,'603568,伟明环保,51.27,52.3,49.01,49.5,51.92,-0.65,-1.2519,3.7567,1720554,86528503.0,23266326000.0,2348166000.0
2015-09-28,'603568,伟明环保,51.92,52.1,47.0,50.44,50.44,1.48,2.9342,5.7147,2617337,129476293.0,23561296000.0,2377936000.0
2015-09-25,'603568,伟明环保,50.44,56.0,50.44,56.0,56.04,-5.6,-9.9929,5.3583,2454101,129445839.0,22889672000.0,2310152000.0
2015-09-24,'603568,伟明环保,56.04,58.0,55.81,57.32,57.24,-1.2,-2.0964,3.9512,1809635,102547904.0,25430952000.0,2566632000.0
2015-09-23,'603568,伟明环保,57.24,57.49,55.1,56.1,56.12,1.12,1.9957,8.4965,3891409,220771346.0,25975512000.0,2621592000.0
2015-09-22,'603568,伟明环保,56.12,59.0,55.5,57.51,58.22,-2.1,-3.607,7.9066,3621204,206357243.0,25467256000.0,2570296000.0
2015-09-21,'603568,伟明环保,58.22,59.84,56.7,58.2,59.49,-1.27,-2.1348,7.1232,3262447,190660981.0,26420236000.0,2666476000.0
2015-09-18,'603568,伟明环保,59.49,59.55,55.1,57.0,56.74,2.75,4.8467,13.3389,6109217,350641853.0,26996562000.0,2724642000.0
2015-09-17,'603568,伟明环保,56.74,58.62,55.55,58.6,59.75,-3.01,-5.0377,13.0136,5960218,339055465.0,25748612000.0,2598692000.0
2015-09-16,'603568,伟明环保,59.75,62.0,54.75,56.8,56.99,2.76,4.843,15.7683,7221862,421024703.0,27114550000.0,2736550000.0
2015-09-15,'603568,伟明环保,56.99,57.04,54.02,55.07,54.4,2.59,4.761,13.4278,6149953,344999734.0,25862062000.0,2610142000.0
2015-09-14,'603568,伟明环保,54.4,57.1,52.9,57.1,56.77,-2.37,-4.1747,10.2127,4677430,255996924.0,24686720000.0,2491520000.0
2015-09-11,'603568,伟明环保,56.77,58.2,55.11,57.02,59.37,-2.6,-4.3793,8.0267,3676206,208694669.0,25762226000.0,2600066000.0
2015-09-10,'603568,伟明环保,59.37,61.0,56.04,60.76,62.27,-2.9,-4.6571,19.7762,9057481,525879944.0,26942106000.0,2719146000.0
2015-09-09,'603568,伟明环保,62.27,64.76,60.85,62.05,61.93,0.34,0.549,15.0867,6909712,429160133.0,28258126000.0,2851966000.0
2015-09-08,'603568,伟明环保,61.93,62.4,59.11,60.37,61.36,0.57,0.9289,12.0934,5538771,338544347.0,28103834000.0,2836394000.0
2015-09-07,'603568,伟明环保,61.36,62.58,58.2,59.88,59.65,1.71,2.8667,14.063,6440853,388886368.0,27845168000.0,2810288000.0
2015-09-02,'603568,伟明环保,59.65,60.25,53.31,56.88,59.23,0.42,0.7091,20.4457,9364113,536790669.0,27069170000.0,2731970000.0
2015-09-01,'603568,伟明环保,59.23,60.77,54.02,56.9,56.78,2.45,4.3149,24.5833,11259153,661013551.0,26878574000.0,2712734000.0
2015-08-31,'603568,伟明环保,56.78,59.96,55.0,57.98,60.97,-4.19,-6.8722,21.7297,9952198,576475815.0,25766764000.0,2600524000.0
2015-08-28,'603568,伟明环保,60.97,61.0,53.5,55.0,58.0,2.97,5.1207,37.4106,17134063,974685089.0,27668186000.0,2792426000.0
2015-08-27,'603568,伟明环保,58.0,58.03,47.48,51.5,52.75,5.25,9.9526,37.1514,17015359,861189084.0,26320400000.0,2656400000.0
2015-08-26,'603568,伟明环保,52.75,52.75,46.26,47.77,47.95,4.8,10.0104,33.7364,15451291,793259589.0,23937950000.0,2415950000.0
2015-08-25,'603568,伟明环保,47.95,47.95,39.23,43.88,43.59,4.36,10.0023,31.7025,14519726,661589566.0,21759710000.0,2196110000.0
2015-08-24,'603568,伟明环保,43.59,44.2,39.88,43.0,43.81,-0.22,-0.5022,21.7642,9967982,424281339.0,19781142000.0,1996422000.0
2015-08-21,'603568,伟明环保,43.81,44.31,41.21,42.1,43.38,0.43,0.9912,19.139,8765684,379391586.0,19880978000.0,2006498000.0
2015-08-20,'603568,伟明环保,43.38,43.51,40.51,41.0,41.52,1.86,4.4798,19.6369,8993686,384998095.0,19685844000.0,1986804000.0
2015-08-19,'603568,伟明环保,41.52,42.18,37.62,39.98,41.79,-0.27,-0.6461,12.3931,5676035,226005738.0,18841776000.0,1901616000.0
2015-08-18,'603568,伟明环保,41.79,46.7,41.79,45.69,46.43,-4.64,-9.9935,9.0734,4155597,184360148.0,18964302000.0,1913982000.0
2015-08-17,'603568,伟明环保,46.43,48.12,43.72,45.97,46.76,-0.33,-0.7057,15.8371,7253385,326962188.0,21069934000.0,2126494000.0
2015-08-14,'603568,伟明环保,46.76,49.32,46.5,48.06,47.76,-1.0,-2.0938,12.399,5678750,273484927.0,21219688000.0,2141608000.0
2015-08-13,'603568,伟明环保,47.76,49.5,46.19,46.96,47.85,-0.09,-0.1881,13.6803,6265571,296587059.0,21673488000.0,2187408000.0
2015-08-12,'603568,伟明环保,47.85,49.78,45.5,46.52,48.01,-0.16,-0.3333,21.5722,9880050,470306041.0,21714330000.0,2191530000.0
2015-08-11,'603568,伟明环保,48.01,50.85,45.0,45.5,46.32,1.69,3.6485,29.4372,13482247,638954300.0,21786938000.0,2198858000.0
2015-08-10,'603568,伟明环保,46.32,46.32,41.65,42.07,42.11,4.21,9.9976,35.5623,16287556,722389187.0,21020016000.0,2121456000.0
2015-08-07,'603568,伟明环保,42.11,42.88,40.22,40.6,40.93,1.18,2.883,17.1676,7862767,327471104.0,19109518000.0,1928638000.0
2015-08-06,'603568,伟明环保,40.93,42.5,39.13,41.21,42.98,-2.05,-4.7697,18.2003,8335750,340629250.0,18574034000.0,1874594000.0
2015-08-05,'603568,伟明环保,42.98,45.39,41.0,41.38,43.41,-0.43,-0.9906,28.8902,13231702,573874112.0,19504324000.0,1968484000.0
2015-08-04,'603568,伟明环保,43.41,43.99,37.73,42.18,41.92,1.49,3.5544,32.7231,14987191,612233904.0,19699458000.0,1988178000.0
2015-08-03,'603568,伟明环保,41.92,42.05,38.28,39.01,39.6,2.32,5.8586,28.7646,13174183,531194411.0,19023296000.0,1919936000.0
2015-07-31,'603568,伟明环保,39.6,41.3,36.18,37.09,37.91,1.69,4.4579,24.364,11158732,437150000.0,17970480000.0,1813680000.0
2015-07-30,'603568,伟明环保,37.91,40.62,37.5,38.39,38.27,-0.36,-0.9407,22.5287,10318147,403925428.0,17203558000.0,1736278000.0
2015-07-29,'603568,伟明环保,38.27,38.27,34.16,35.65,34.79,3.48,10.0029,14.885,6817321,246416315.0,17366926000.0,1752766000.0
2015-07-28,'603568,伟明环保,34.79,37.7,32.88,33.5,36.5,-1.71,-4.6849,17.2145,7884230,275597870.0,15787702000.0,1593382000.0
2015-07-27,'603568,伟明环保,36.5,42.91,35.74,39.01,39.71,-3.21,-8.0836,25.7548,11795697,476658798.0,16563700000.0,1671700000.0
2015-07-24,'603568,伟明环保,39.71,40.7,38.0,39.42,39.64,0.07,0.1766,24.4602,11202773,441245118.0,18020398000.0,1818718000.0
2015-07-23,'603568,伟明环保,39.64,40.68,36.17,36.8,37.0,2.64,7.1351,24.7305,11326582,438983481.0,17988632000.0,1815512000.0
2015-07-22,'603568,伟明环保,37.0,37.65,34.0,35.2,36.12,0.88,2.4363,17.9515,8221784,294681029.0,16790600000.0,1694600000.0
2015-07-21,'603568,伟明环保,36.12,36.5,32.12,33.0,33.42,2.7,8.079,15.0105,6874796,236641772.0,16391256000.0,1654296000.0
2015-07-20,'603568,伟明环保,33.42,34.49,32.6,33.7,33.7,-0.28,-0.8309,10.4136,4769429,159554779.0,15165996000.0,1530636000.0
2015-07-17,'603568,伟明环保,33.7,34.2,31.51,31.86,31.63,2.07,6.5444,9.3757,4294088,141717893.0,15293060000.0,1543460000.0
2015-07-16,'603568,伟明环保,31.63,33.49,29.5,29.5,32.24,-0.61,-1.8921,9.2436,4233585,133959422.0,14353694000.0,1448654000.0
2015-07-15,'603568,伟明环保,32.24,34.94,32.24,34.02,35.82,-3.58,-9.9944,13.5646,6212580,205417910.0,14630512000.0,1476592000.0
2015-07-14,'603568,伟明环保,35.82,38.8,34.51,36.02,36.18,-0.36,-0.995,24.8467,11379806,417257144.0,16255116000.0,1640556000.0
2015-07-13,'603568,伟明环保,36.18,36.18,33.6,35.44,32.89,3.29,10.003,17.9883,8238655,290820474.0,16418484000.0,1657044000.0
2015-07-10,'603568,伟明环保,32.89,32.89,30.12,30.77,29.9,2.99,10.0,9.9782,4570033,148254242.0,14925482000.0,1506362000.0
2015-07-09,'603568,伟明环保,29.9,29.9,24.46,24.46,27.18,2.72,10.0074,15.8048,7238614,200740131.0,13568620000.0,1369420000.0
2015-07-08,'603568,伟明环保,27.18,27.18,27.18,27.18,30.2,-3.02,-10.0,0.7504,343700,9341766.0,12334284000.0,1244844000.0
2015-07-07,'603568,伟明环保,30.2,32.4,30.2,32.0,33.56,-3.36,-10.0119,7.2089,3301685,101885987.0,13704760000.0,1383160000.0
2015-07-06,'603568,伟明环保,33.56,36.6,30.68,36.6,33.27,0.29,0.8717,16.0146,7334676,253447312.0,15229528000.0,1537048000.0
2015-07-03,'603568,伟明环保,33.27,37.06,32.0,33.18,35.55,-2.28,-6.4135,14.5548,6666088,226125164.0,15097926000.0,1523766000.0
2015-07-02,'603568,伟明环保,35.55,38.68,34.7,35.4,36.97,-1.42,-3.841,16.2672,7450385,274041103.0,16132590000.0,1628190000.0
2015-07-01,'603568,伟明环保,36.97,40.51,36.85,38.31,36.83,0.14,0.3801,25.967,11892904,463058171.0,16776986000.0,1693226000.0
2015-06-30,'603568,伟明环保,36.83,36.83,32.34,32.65,33.48,3.35,10.006,13.4756,6171805,217169186.0,16713454000.0,1686814000.0
2015-06-29,'603568,伟明环保,33.48,35.35,30.96,35.0,34.07,-0.59,-1.7317,15.1892,6956663,233039031.0,15193224000.0,1533384000.0
2015-06-26,'603568,伟明环保,34.07,37.5,34.07,37.5,37.86,-3.79,-10.0106,13.2645,6075131,214149161.0,15460966000.0,1560406000.0
2015-06-25,'603568,伟明环保,37.86,41.75,37.6,41.75,41.77,-3.91,-9.3608,15.5945,7142261,285538782.0,17180868000.0,1733988000.0
2015-06-24,'603568,伟明环保,41.77,43.88,41.02,43.51,43.05,-1.28,-2.9733,18.3466,8402738,357289701.0,18955226000.0,1913066000.0
2015-06-23,'603568,伟明环保,43.05,43.8,40.0,40.41,40.85,2.2,5.3856,18.4616,8455433,352992912.0,19536090000.0,1971690000.0
2015-06-19,'603568,伟明环保,40.85,43.35,40.85,41.61,45.39,-4.54,-10.0022,18.2782,8371437,347346403.0,18537730000.0,1870930000.0
2015-06-18,'603568,伟明环保,45.39,49.66,45.39,48.14,50.43,-5.04,-9.9941,24.2695,11115435,516742436.0,20597982000.0,2078862000.0
2015-06-17,'603568,伟明环保,50.43,54.0,50.43,54.0,56.03,-5.6,-9.9946,31.1555,14269241,730791090.0,22885134000.0,2309694000.0
2015-06-16,'603568,伟明环保,56.03,56.03,52.3,56.03,50.94,5.09,9.9921,23.5761,10797869,601672506.0,25426414000.0,2566174000.0
2015-06-15,'603568,伟明环保,50.94,50.94,50.94,50.94,46.31,4.63,9.9978,0.224,102600,5226444.0,23116572000.0,2333052000.0
2015-06-12,'603568,伟明环保,46.31,46.31,46.31,46.31,42.1,4.21,10.0,0.0557,25500,1180905.0,21015478000.0,2120998000.0
2015-06-11,'603568,伟明环保,42.1,42.1,42.1,42.1,38.27,3.83,10.0078,0.0463,21200,892520.0,19104980000.0,1928180000.0
2015-06-10,'603568,伟明环保,38.27,38.27,38.27,38.27,34.79,3.48,10.0029,0.0803,36800,1408336.0,17366926000.0,1752766000.0
2015-06-09,'603568,伟明环保,34.79,34.79,34.79,34.79,31.63,3.16,9.9905,0.0386,17700,615783.0,15787702000.0,1593382000.0
2015-06-08,'603568,伟明环保,31.63,31.63,31.63,31.63,28.75,2.88,10.0174,0.0341,15600,493428.0,14353694000.0,1448654000.0
2015-06-05,'603568,伟明环保,28.75,28.75,28.75,28.75,26.14,2.61,9.9847,0.0169,7733,222324.0,13046750000.0,1316750000.0
2015-06-04,'603568,伟明环保,26.14,26.14,26.14,26.14,23.76,2.38,10.0168,0.0234,10700,279698.0,11862332000.0,1197212000.0
2015-06-03,'603568,伟明环保,23.76,23.76,23.76,23.76,21.6,2.16,10.0,0.0098,4500,106920.0,10782288000.0,1088208000.0
2015-06-02,'603568,伟明环保,21.6,21.6,21.6,21.6,19.64,1.96,9.9796,0.0098,4500,97200.0,9802080000.0,989280000.0
2015-06-01,'603568,伟明环保,19.64,19.64,19.64,19.64,17.85,1.79,10.028,0.0098,4501,88400.0,8912632000.0,899512000.0
2015-05-29,'603568,伟明环保,17.85,17.85,17.85,17.85,16.23,1.62,9.9815,0.0197,9000,160650.0,8100330000.0,817530000.0
2015-05-28,'603568,N伟明,16.23,16.23,16.23,16.23,11.27,4.96,44.0106,0.0376,17200,279156.0,7365174000.0,743334000.0
