日期,股票代码,名称,收盘价,最高价,最低价,开盘价,前收盘,涨跌额,涨跌幅,换手率,成交量,成交金额,总市值,流通市值
2017-05-15,'603508,思维列控,52.93,53.9,52.87,53.0,52.89,0.04,0.0756,0.5387,351248,18702397.0,8468800000.0,3451036000.0
2017-05-12,'603508,思维列控,52.89,53.67,52.45,53.45,53.75,-0.86,-1.6,0.9461,616841,32641618.0,8462400000.0,3448428000.0
2017-05-11,'603508,思维列控,53.75,54.0,52.31,53.39,54.5,-0.75,-1.3761,1.0773,702398,37467324.0,8600000000.0,3504500000.0
2017-05-10,'603508,思维列控,54.5,56.46,54.2,55.85,55.85,-1.35,-2.4172,0.8293,540690,30059137.0,8720000000.0,3553400000.0
2017-05-09,'603508,思维列控,55.85,55.93,54.6,55.55,54.81,1.04,1.8975,0.7644,498407,27685694.0,8936000000.0,3641420000.0
2017-05-08,'603508,思维列控,54.81,55.27,54.45,54.85,55.07,-0.26,-0.4721,0.6701,436937,23981297.0,8769600000.0,3573612000.0
2017-05-05,'603508,思维列控,55.07,55.93,54.83,55.53,55.58,-0.51,-0.9176,0.6211,404960,22428851.0,8811200000.0,3590564000.0
2017-05-04,'603508,思维列控,55.58,56.52,55.51,56.52,56.68,-1.1,-1.9407,0.9016,587823,32945948.0,8892800000.0,3623816000.0
2017-05-03,'603508,思维列控,56.68,56.78,55.64,56.16,56.16,0.52,0.9259,0.888,578963,32500120.0,9068800000.0,3695536000.0
2017-05-02,'603508,思维列控,56.16,56.86,55.23,55.69,55.69,0.47,0.844,0.9648,629059,35248212.0,8985600000.0,3661632000.0
2017-04-28,'603508,思维列控,55.69,55.88,54.91,55.1,55.33,0.36,0.6506,0.8701,567287,31515229.0,8910400000.0,3630988000.0
2017-04-27,'603508,思维列控,55.33,55.49,53.12,54.75,54.62,0.71,1.2999,1.4567,949777,51736731.0,8852800000.0,3607516000.0
2017-04-26,'603508,思维列控,54.62,55.2,54.5,54.6,54.37,0.25,0.4598,0.8273,539390,29567224.0,8739200000.0,3561224000.0
2017-04-25,'603508,思维列控,54.37,54.87,54.21,54.3,54.1,0.27,0.4991,0.7724,503610,27476612.0,8699200000.0,3544924000.0
2017-04-24,'603508,思维列控,54.1,56.3,54.0,56.3,57.14,-3.04,-5.3203,1.6494,1075400,58697115.0,8656000000.0,3527320000.0
2017-04-21,'603508,思维列控,57.14,57.63,57.01,57.3,57.05,0.09,0.1578,0.7074,461207,26369882.0,9142400000.0,3725528000.0
2017-04-20,'603508,思维列控,57.05,57.38,56.45,56.5,56.74,0.31,0.5464,0.9311,607100,34602630.0,9128000000.0,3719660000.0
2017-04-19,'603508,思维列控,56.74,57.4,56.02,57.28,57.58,-0.84,-1.4588,1.502,979300,55378503.0,9078400000.0,3699448000.0
2017-04-18,'603508,思维列控,57.58,59.0,57.51,58.41,58.43,-0.85,-1.4547,1.4322,933785,54325241.0,9212800000.0,3754216000.0
2017-04-17,'603508,思维列控,58.43,60.4,58.31,60.4,60.54,-2.11,-3.4853,1.2818,835750,49204139.0,9348800000.0,3809636000.0
2017-04-14,'603508,思维列控,60.54,62.2,60.3,61.73,61.95,-1.41,-2.276,1.0328,673400,41208164.0,9686400000.0,3947208000.0
2017-04-13,'603508,思维列控,61.95,62.45,61.61,61.86,61.87,0.08,0.1293,0.7669,500032,31075963.0,9912000000.0,4039140000.0
2017-04-12,'603508,思维列控,61.87,62.53,61.64,62.53,62.54,-0.67,-1.0713,0.7774,506863,31408857.0,9899200000.0,4033924000.0
2017-04-11,'603508,思维列控,62.54,62.75,61.36,62.4,62.37,0.17,0.2726,1.4307,932834,57976526.0,10006400000.0,4077608000.0
2017-04-10,'603508,思维列控,62.37,64.47,62.35,64.47,64.25,-1.88,-2.9261,1.9221,1253197,78869507.0,9979200000.0,4066524000.0
2017-04-07,'603508,思维列控,64.25,65.4,64.21,65.2,65.88,-1.63,-2.4742,2.5733,1677796,108272707.0,10280000000.0,4189100000.0
2017-04-06,'603508,思维列控,65.88,67.98,62.09,62.09,62.22,3.66,5.8824,3.7748,2461189,161558473.0,10540800000.0,4295376000.0
2017-04-05,'603508,思维列控,62.22,62.49,61.2,61.3,61.12,1.1,1.7997,1.0001,652066,40478982.0,9955200000.0,4056744000.0
2017-03-31,'603508,思维列控,61.12,61.56,60.9,61.07,60.95,0.17,0.2789,0.9633,628103,38423643.0,9779200000.0,3985024000.0
2017-03-30,'603508,思维列控,60.95,62.8,60.9,62.49,63.1,-2.15,-3.4073,1.8654,1216261,74954080.0,9752000000.0,3973940000.0
2017-03-29,'603508,思维列控,63.1,65.98,63.0,65.29,65.62,-2.52,-3.8403,2.1231,1384240,89108671.0,10096000000.0,4114120000.0
2017-03-28,'603508,思维列控,65.62,66.7,65.6,66.6,66.76,-1.14,-1.7076,1.405,916046,60443280.0,10499200000.0,4278424000.0
2017-03-27,'603508,思维列控,66.76,67.83,66.52,67.83,67.77,-1.01,-1.4903,1.9936,1299839,87090115.0,10681600000.0,4352752000.0
2017-03-24,'603508,思维列控,67.77,67.78,66.52,67.06,67.06,0.71,1.0588,2.8251,1841956,124068556.0,10843200000.0,4418604000.0
2017-03-23,'603508,思维列控,67.06,67.48,65.63,65.88,65.8,1.26,1.9149,3.3517,2185283,145929610.0,10729600000.0,4372312000.0
2017-03-22,'603508,思维列控,65.8,66.06,64.76,65.64,66.3,-0.5,-0.7541,1.7138,1117380,73178065.0,10528000000.0,4290160000.0
2017-03-21,'603508,思维列控,66.3,66.35,65.48,65.98,65.99,0.31,0.4698,1.2031,784435,51743443.0,10608000000.0,4322760000.0
2017-03-20,'603508,思维列控,65.99,66.04,65.14,65.62,65.78,0.21,0.3192,1.5023,979494,64153352.0,10558400000.0,4302548000.0
2017-03-17,'603508,思维列控,65.78,67.55,65.58,67.21,67.19,-1.41,-2.0985,2.4258,1581622,105464705.0,10524800000.0,4288856000.0
2017-03-16,'603508,思维列控,67.19,67.57,66.65,66.7,66.45,0.74,1.1136,2.1833,1423542,95580415.0,10750400000.0,4380788000.0
2017-03-15,'603508,思维列控,66.45,67.07,66.37,66.71,67.02,-0.57,-0.8505,1.393,908239,60532567.0,10632000000.0,4332540000.0
2017-03-14,'603508,思维列控,67.02,67.6,65.85,66.12,66.41,0.61,0.9185,3.0297,1975358,131926457.0,10723200000.0,4369704000.0
2017-03-13,'603508,思维列控,66.41,66.47,65.06,66.23,66.23,0.18,0.2718,1.6583,1081223,71087509.0,10625600000.0,4329932000.0
2017-03-10,'603508,思维列控,66.23,66.66,65.38,65.65,65.55,0.68,1.0374,1.6991,1107791,73156953.0,10596800000.0,4318196000.0
2017-03-09,'603508,思维列控,65.55,65.93,65.05,65.92,66.02,-0.47,-0.7119,1.3482,879040,57460881.0,10488000000.0,4273860000.0
2017-03-08,'603508,思维列控,66.02,67.2,65.6,66.88,67.22,-1.2,-1.7852,2.3307,1519617,101181561.0,10563200000.0,4304504000.0
2017-03-07,'603508,思维列控,67.22,68.35,64.87,65.3,65.27,1.95,2.9876,3.9516,2576454,171743371.0,10755200000.0,4382744000.0
2017-03-06,'603508,思维列控,65.27,65.8,64.59,64.6,64.48,0.79,1.2252,1.8483,1205076,78820855.0,10443200000.0,4255604000.0
2017-03-03,'603508,思维列控,64.48,64.85,63.5,64.13,64.24,0.24,0.3736,1.2755,831601,53346616.0,10316800000.0,4204096000.0
2017-03-02,'603508,思维列控,64.24,65.3,64.1,65.04,65.11,-0.87,-1.3362,1.5882,1035530,66819961.0,10278400000.0,4188448000.0
2017-03-01,'603508,思维列控,65.11,66.14,64.85,65.16,65.14,-0.03,-0.0461,2.3929,1560143,102048697.0,10417600000.0,4245172000.0
2017-02-28,'603508,思维列控,65.14,66.1,62.93,63.02,63.16,1.98,3.1349,2.9513,1924259,124819538.0,10422400000.0,4247128000.0
2017-02-27,'603508,思维列控,63.16,64.0,63.03,63.99,63.99,-0.83,-1.2971,1.4895,971149,61587812.0,10105600000.0,4118032000.0
2017-02-24,'603508,思维列控,63.99,64.32,62.82,62.82,62.64,1.35,2.1552,2.5941,1691380,107632197.0,10238400000.0,4172148000.0
2017-02-23,'603508,思维列控,62.64,62.85,62.0,62.7,62.64,0.0,0.0,1.1746,765844,47772727.0,10022400000.0,4084128000.0
2017-02-22,'603508,思维列控,62.64,62.97,62.25,62.56,62.49,0.15,0.24,1.1384,742255,46451194.0,10022400000.0,4084128000.0
2017-02-21,'603508,思维列控,62.49,62.5,61.08,61.08,61.3,1.19,1.9413,1.5375,1002475,62260752.0,9998400000.0,4074348000.0
2017-02-20,'603508,思维列控,61.3,61.67,60.56,61.23,61.59,-0.29,-0.4709,1.196,779814,47546052.0,9808000000.0,3996760000.0
2017-02-17,'603508,思维列控,61.59,62.74,61.55,62.41,62.44,-0.85,-1.3613,1.308,852840,52952805.0,9854400000.0,4015668000.0
2017-02-16,'603508,思维列控,62.44,62.8,62.02,62.34,62.75,-0.31,-0.494,1.3726,894955,55820607.0,9990400000.0,4071088000.0
2017-02-15,'603508,思维列控,62.75,63.43,62.6,63.43,63.41,-0.66,-1.0408,1.3392,873151,54978855.0,10040000000.0,4091300000.0
2017-02-14,'603508,思维列控,63.41,63.77,63.01,63.2,63.17,0.24,0.3799,1.1393,742811,47080230.0,10145600000.0,4134332000.0
2017-02-13,'603508,思维列控,63.17,63.56,62.32,62.71,62.71,0.46,0.7335,1.504,980615,61969302.0,10107200000.0,4118684000.0
2017-02-10,'603508,思维列控,62.71,63.54,62.51,63.54,63.42,-0.71,-1.1195,1.2028,784222,49303859.0,10033600000.0,4088692000.0
2017-02-09,'603508,思维列控,63.42,63.78,62.5,62.61,62.61,0.81,1.2937,1.5528,1012396,64123841.0,10147200000.0,4134984000.0
2017-02-08,'603508,思维列控,62.61,62.63,61.43,62.2,62.23,0.38,0.6106,1.0674,695913,43243379.0,10017600000.0,4082172000.0
2017-02-07,'603508,思维列控,62.23,62.75,61.85,62.75,62.75,-0.52,-0.8287,0.902,588100,36620717.0,9956800000.0,4057396000.0
2017-02-06,'603508,思维列控,62.75,62.85,61.9,61.93,61.9,0.85,1.3732,0.8069,526091,32912237.0,10040000000.0,4091300000.0
2017-02-03,'603508,思维列控,61.9,62.86,61.7,62.19,62.19,-0.29,-0.4663,0.5405,352420,21849754.0,9904000000.0,4035880000.0
2017-01-26,'603508,思维列控,62.19,62.56,61.88,61.88,62.08,0.11,0.1772,0.7347,479031,29812943.0,9950400000.0,4054788000.0
2017-01-25,'603508,思维列控,62.08,62.35,60.5,60.99,61.16,0.92,1.5043,1.1517,750931,46507194.0,9932800000.0,4047616000.0
2017-01-24,'603508,思维列控,61.16,62.2,60.88,61.86,61.87,-0.71,-1.1476,0.7928,516900,31760109.0,9785600000.0,3987632000.0
2017-01-23,'603508,思维列控,61.87,62.34,61.58,61.76,61.71,0.16,0.2593,1.2061,786399,48728108.0,9899200000.0,4033924000.0
2017-01-20,'603508,思维列控,61.71,62.23,60.41,60.6,60.67,1.04,1.7142,1.3061,851600,52514170.0,9873600000.0,4023492000.0
2017-01-19,'603508,思维列控,60.67,61.74,59.0,60.49,60.65,0.02,0.033,1.0564,688796,41798532.0,9707200000.0,3955684000.0
2017-01-18,'603508,思维列控,60.65,61.29,60.4,60.69,61.02,-0.37,-0.6064,1.0327,673308,40999655.0,9704000000.0,3954380000.0
2017-01-17,'603508,思维列控,61.02,62.46,58.4,59.0,59.37,1.65,2.7792,1.9388,1264101,75850114.0,9763200000.0,3978504000.0
2017-01-16,'603508,思维列控,59.37,63.87,57.77,63.87,63.9,-4.53,-7.0892,2.3764,1549402,94170813.0,9499200000.0,3870924000.0
2017-01-13,'603508,思维列控,63.9,66.5,63.88,66.01,66.24,-2.34,-3.5326,1.7406,1134880,73939301.0,10224000000.0,4166280000.0
2017-01-12,'603508,思维列控,66.24,67.4,66.17,66.88,66.88,-0.64,-0.9569,0.9584,624900,41701761.0,10598400000.0,4318848000.0
2017-01-11,'603508,思维列控,66.88,68.45,66.79,68.45,68.54,-1.66,-2.4219,1.5922,1038100,70077806.0,10700800000.0,4360576000.0
2017-01-10,'603508,思维列控,68.54,69.45,68.44,69.08,69.06,-0.52,-0.753,1.1213,731100,50434428.0,10966400000.0,4468808000.0
2017-01-09,'603508,思维列控,69.06,69.15,68.4,68.5,68.83,0.23,0.3342,0.9,586770,40361298.0,11049600000.0,4502712000.0
2017-01-06,'603508,思维列控,68.83,70.48,68.7,70.44,70.44,-1.61,-2.2856,1.5964,1040875,72027517.0,11012800000.0,4487716000.0
2017-01-05,'603508,思维列控,70.44,71.28,70.11,70.98,70.98,-0.54,-0.7608,1.3715,894200,63107318.0,11270400000.0,4592688000.0
2017-01-04,'603508,思维列控,70.98,71.49,69.04,69.21,69.11,1.87,2.7058,2.4507,1597886,112764704.0,11356800000.0,4627896000.0
2017-01-03,'603508,思维列控,69.11,69.15,68.52,68.93,68.52,0.59,0.8611,1.0742,700400,48310757.0,11057600000.0,4505972000.0
2016-12-30,'603508,思维列控,68.52,69.13,68.41,68.55,68.84,-0.32,-0.4648,1.1968,780335,53552711.0,10963200000.0,4467504000.0
2016-12-29,'603508,思维列控,68.84,69.94,68.68,69.8,69.78,-0.94,-1.3471,1.4628,953776,65874244.0,11014400000.0,4488368000.0
2016-12-28,'603508,思维列控,69.78,70.18,69.57,69.8,69.86,-0.08,-0.1145,1.0078,657074,45926141.0,11164800000.0,4549656000.0
2016-12-27,'603508,思维列控,69.86,70.21,69.31,69.9,70.15,-0.29,-0.4134,1.3378,872225,60836381.0,11177600000.0,4554872000.0
2016-12-26,'603508,思维列控,70.15,70.19,67.82,68.99,69.93,0.22,0.3146,2.5677,1674144,115035950.0,11224000000.0,4573780000.0
2016-12-23,'603508,思维列控,69.93,71.15,69.69,70.61,71.19,-1.26,-1.7699,5.0218,2008701,140970770.0,11188800000.0,2797200000.0
2016-12-22,'603508,思维列控,71.19,75.0,70.13,75.0,77.38,-6.19,-7.9995,10.9057,4362277,313429768.0,11390400000.0,2847600000.0
2016-12-21,'603508,思维列控,77.38,77.51,76.51,76.57,76.57,0.81,1.0579,1.8627,745081,57526694.0,12380800000.0,3095200000.0
2016-12-20,'603508,思维列控,76.57,76.96,76.16,76.63,76.6,-0.03,-0.0392,1.8579,743175,56871207.0,12251200000.0,3062800000.0
2016-12-19,'603508,思维列控,76.6,77.66,76.26,77.57,77.57,-0.97,-1.2505,1.9368,774728,59436806.0,12256000000.0,3064000000.0
2016-12-16,'603508,思维列控,77.57,78.5,77.33,77.84,77.94,-0.37,-0.4747,2.8039,1121540,87145454.0,12411200000.0,3102800000.0
2016-12-15,'603508,思维列控,77.94,78.66,76.3,76.34,76.3,1.64,2.1494,2.8506,1140247,88435607.0,12470400000.0,3117600000.0
2016-12-14,'603508,思维列控,76.3,77.42,76.0,77.2,76.98,-0.68,-0.8833,2.3389,935568,71704396.0,12208000000.0,3052000000.0
2016-12-13,'603508,思维列控,76.98,77.45,76.2,76.6,76.77,0.21,0.2735,2.774,1109580,85291444.0,12316800000.0,3079200000.0
2016-12-12,'603508,思维列控,76.77,82.39,76.51,82.38,81.82,-5.05,-6.1721,4.8674,1946942,153962934.0,12283200000.0,3070800000.0
2016-12-09,'603508,思维列控,81.82,82.38,81.48,81.8,81.8,0.02,0.0244,2.1568,862705,70622652.0,13091200000.0,3272800000.0
2016-12-08,'603508,思维列控,81.8,83.25,81.69,83.25,83.2,-1.4,-1.6827,2.7091,1083626,89317342.0,13088000000.0,3272000000.0
2016-12-07,'603508,思维列控,83.2,83.57,81.39,83.57,84.52,-1.32,-1.5618,4.5146,1805829,148913808.0,13312000000.0,3328000000.0
2016-12-06,'603508,思维列控,84.52,85.88,84.5,85.4,85.46,-0.94,-1.0999,2.4726,989036,84095217.0,13523200000.0,3380800000.0
2016-12-05,'603508,思维列控,85.46,86.98,83.33,83.9,85.1,0.36,0.423,3.3467,1338695,113242973.0,13673600000.0,3418400000.0
2016-12-02,'603508,思维列控,85.1,89.75,85.02,88.89,89.12,-4.02,-4.5108,4.9524,1980956,171895528.0,13616000000.0,3404000000.0
2016-12-01,'603508,思维列控,89.12,90.3,88.2,88.74,88.74,0.38,0.4282,3.3163,1326529,118087345.0,14259200000.0,3564800000.0
2016-11-30,'603508,思维列控,88.74,88.76,87.41,88.09,88.11,0.63,0.715,3.989,1595583,140436137.0,14198400000.0,3549600000.0
2016-11-29,'603508,思维列控,88.11,90.49,88.06,89.57,89.57,-1.46,-1.63,4.5713,1828522,162647845.0,14097600000.0,3524400000.0
2016-11-28,'603508,思维列控,89.57,91.5,89.5,91.5,92.08,-2.51,-2.7259,5.4125,2165015,195813090.0,14331200000.0,3582800000.0
2016-11-25,'603508,思维列控,92.08,92.5,89.78,92.5,93.64,-1.56,-1.666,7.7093,3083705,280771948.0,14732800000.0,3683200000.0
2016-11-24,'603508,思维列控,93.64,94.59,92.01,92.32,92.55,1.09,1.1777,7.3956,2958236,276822232.0,14982400000.0,3745600000.0
2016-11-23,'603508,思维列控,92.55,94.3,91.96,94.0,94.89,-2.34,-2.466,7.2629,2905149,270863083.0,14808000000.0,3702000000.0
2016-11-22,'603508,思维列控,94.89,96.79,93.51,94.5,94.47,0.42,0.4446,11.4756,4590232,434929817.0,15182400000.0,3795600000.0
2016-11-21,'603508,思维列控,94.47,94.99,90.0,90.0,90.26,4.21,4.6643,12.6325,5052988,473855552.0,15115200000.0,3778800000.0
2016-11-18,'603508,思维列控,90.26,92.63,88.97,88.97,87.39,2.87,3.2841,10.2277,4091097,372116326.0,14441600000.0,3610400000.0
2016-11-17,'603508,思维列控,87.39,87.69,86.88,87.3,87.67,-0.28,-0.3194,3.2986,1319459,115094682.0,13982400000.0,3495600000.0
2016-11-16,'603508,思维列控,87.67,88.8,87.52,88.7,88.6,-0.93,-1.0497,3.958,1583196,139089806.0,14027200000.0,3506800000.0
2016-11-15,'603508,思维列控,88.6,89.79,87.7,89.79,89.83,-1.23,-1.3693,4.5449,1817977,160662160.0,14176000000.0,3544000000.0
2016-11-14,'603508,思维列控,89.83,90.7,89.1,89.8,89.82,0.01,0.0111,4.2451,1698027,152593583.0,14372800000.0,3593200000.0
2016-11-11,'603508,思维列控,89.82,91.5,89.18,90.5,90.86,-1.04,-1.1446,6.4174,2566946,231454719.0,14371200000.0,3592800000.0
2016-11-10,'603508,思维列控,90.86,91.31,89.56,90.1,88.98,1.88,2.1128,7.2427,2897062,262308441.0,14537600000.0,3634400000.0
2016-11-09,'603508,思维列控,88.98,90.95,87.01,89.95,90.44,-1.46,-1.6143,6.4568,2582700,230670003.0,14236800000.0,3559200000.0
2016-11-08,'603508,思维列控,90.44,91.18,89.33,90.92,90.92,-0.48,-0.5279,6.9127,2765088,248613182.0,14470400000.0,3617600000.0
2016-11-07,'603508,思维列控,90.92,92.8,89.46,92.8,91.11,-0.19,-0.2085,7.3081,2923224,265951621.0,14547200000.0,3636800000.0
2016-11-04,'603508,思维列控,91.11,95.12,85.95,85.95,86.47,4.64,5.366,14.0293,5611707,516530948.0,14577600000.0,3644400000.0
2016-11-03,'603508,思维列控,86.47,88.47,85.55,85.9,86.13,0.34,0.3948,7.3796,2951841,257807278.0,13835200000.0,3458800000.0
2016-11-02,'603508,思维列控,86.13,87.98,86.08,86.4,87.33,-1.2,-1.3741,6.9274,2770973,240651246.0,13780800000.0,3445200000.0
2016-11-01,'603508,思维列控,87.33,90.0,82.19,82.19,82.43,4.9,5.9444,12.2984,4919368,424604404.0,13972800000.0,3493200000.0
2016-10-31,'603508,思维列控,82.43,82.85,80.98,81.27,81.74,0.69,0.8441,2.9565,1182600,96752297.0,13188800000.0,3297200000.0
2016-10-28,'603508,思维列控,81.74,82.7,81.66,82.65,82.33,-0.59,-0.7166,2.4003,960121,78831151.0,13078400000.0,3269600000.0
2016-10-27,'603508,思维列控,82.33,82.62,81.88,82.58,82.52,-0.19,-0.2302,2.406,962393,79074940.0,13172800000.0,3293200000.0
2016-10-26,'603508,思维列控,82.52,83.54,82.04,83.05,83.62,-1.1,-1.3155,2.7465,1098598,90648845.0,13203200000.0,3300800000.0
2016-10-25,'603508,思维列控,83.62,84.39,82.71,82.94,82.88,0.74,0.8929,3.6732,1469299,123174612.0,13379200000.0,3344800000.0
2016-10-24,'603508,思维列控,82.88,83.2,81.8,83.0,83.39,-0.51,-0.6116,3.6844,1473777,121664348.0,13260800000.0,3315200000.0
2016-10-21,'603508,思维列控,83.39,84.28,82.38,83.74,83.75,-0.36,-0.4299,3.639,1455605,121451948.0,13342400000.0,3335600000.0
2016-10-20,'603508,思维列控,83.75,84.48,82.48,82.7,82.78,0.97,1.1718,4.142,1656788,138665111.0,13400000000.0,3350000000.0
2016-10-19,'603508,思维列控,82.78,83.66,82.38,83.11,83.37,-0.59,-0.7077,2.797,1118808,92772301.0,13244800000.0,3311200000.0
2016-10-18,'603508,思维列控,83.37,83.79,81.02,81.04,81.0,2.37,2.9259,3.8622,1544869,127763278.0,13339200000.0,3334800000.0
2016-10-17,'603508,思维列控,81.0,83.59,80.9,82.87,83.21,-2.21,-2.6559,2.9522,1180864,96960870.0,12960000000.0,3240000000.0
2016-10-14,'603508,思维列控,83.21,83.38,82.02,82.6,82.78,0.43,0.5194,2.4623,984905,81529432.0,13313600000.0,3328400000.0
2016-10-13,'603508,思维列控,82.78,83.98,82.7,82.77,83.04,-0.26,-0.3131,2.4963,998527,83011027.0,13244800000.0,3311200000.0
2016-10-12,'603508,思维列控,83.04,83.75,81.41,81.83,82.11,0.93,1.1326,3.5149,1405942,116466675.0,13286400000.0,3321600000.0
2016-10-11,'603508,思维列控,82.11,82.22,81.51,82.22,82.27,-0.16,-0.1945,2.0544,821741,67257192.0,13137600000.0,3284400000.0
2016-10-10,'603508,思维列控,82.27,82.3,80.1,80.1,79.62,2.65,3.3283,3.7374,1494944,122002768.0,13163200000.0,3290800000.0
2016-09-30,'603508,思维列控,79.62,79.79,79.3,79.46,79.47,0.15,0.1888,1.2884,515373,41013577.0,12739200000.0,3184800000.0
2016-09-29,'603508,思维列控,79.47,79.93,79.18,79.41,79.38,0.09,0.1134,1.8518,740736,58924993.0,12715200000.0,3178800000.0
2016-09-28,'603508,思维列控,79.38,79.9,79.1,79.75,79.74,-0.36,-0.4515,1.39,556000,44111438.0,12700800000.0,3175200000.0
2016-09-27,'603508,思维列控,79.74,79.78,78.27,78.45,78.52,1.22,1.5537,1.7971,718851,56648510.0,12758400000.0,3189600000.0
2016-09-26,'603508,思维列控,78.52,80.58,78.4,80.55,80.49,-1.97,-2.4475,2.6518,1060711,84273676.0,12563200000.0,3140800000.0
2016-09-23,'603508,思维列控,80.49,80.9,79.88,80.58,80.53,-0.04,-0.0497,2.1528,861101,69097254.0,12878400000.0,3219600000.0
2016-09-22,'603508,思维列控,80.53,81.57,79.7,79.7,79.44,1.09,1.3721,3.1587,1263471,102001286.0,12884800000.0,3221200000.0
2016-09-21,'603508,思维列控,79.44,79.65,78.8,79.27,79.15,0.29,0.3664,2.0665,826601,65594396.0,12710400000.0,3177600000.0
2016-09-20,'603508,思维列控,79.15,79.7,78.98,79.5,79.47,-0.32,-0.4027,1.7447,697864,55333211.0,12664000000.0,3166000000.0
2016-09-19,'603508,思维列控,79.47,79.5,78.55,78.55,78.56,0.91,1.1584,1.9539,781546,61874898.0,12715200000.0,3178800000.0
2016-09-14,'603508,思维列控,78.56,79.39,78.18,78.5,79.02,-0.46,-0.5821,2.2482,899288,70816550.0,12569600000.0,3142400000.0
2016-09-13,'603508,思维列控,79.02,79.86,78.88,79.62,79.02,0.0,0.0,2.4092,963660,76324712.0,12643200000.0,3160800000.0
2016-09-12,'603508,思维列控,79.02,81.78,78.93,81.7,83.35,-4.33,-5.195,5.4573,2182921,175272256.0,12643200000.0,3160800000.0
2016-09-09,'603508,思维列控,83.35,84.35,82.67,83.0,82.96,0.39,0.4701,4.8565,1942606,162626147.0,13336000000.0,3334000000.0
2016-09-08,'603508,思维列控,82.96,83.2,82.19,82.49,82.45,0.51,0.6186,2.429,971611,80468703.0,13273600000.0,3318400000.0
2016-09-07,'603508,思维列控,82.45,83.33,82.36,83.18,83.18,-0.73,-0.8776,2.9449,1177974,97566445.0,13192000000.0,3298000000.0
2016-09-06,'603508,思维列控,83.18,83.28,81.23,82.87,82.76,0.42,0.5075,3.9532,1581299,129957523.0,13308800000.0,3327200000.0
2016-09-05,'603508,思维列控,82.76,83.28,82.51,83.25,82.69,0.07,0.0847,2.0461,818423,67830504.0,13241600000.0,3310400000.0
2016-09-02,'603508,思维列控,82.69,84.2,82.58,83.41,83.48,-0.79,-0.9463,2.6661,1066455,88730114.0,13230400000.0,3307600000.0
2016-09-01,'603508,思维列控,83.48,84.49,83.44,83.91,84.38,-0.9,-1.0666,2.5083,1003329,84285812.0,13356800000.0,3339200000.0
2016-08-31,'603508,思维列控,84.38,84.95,83.56,84.9,84.68,-0.3,-0.3543,2.9917,1196692,100644403.0,13500800000.0,3375200000.0
2016-08-30,'603508,思维列控,84.68,85.0,83.81,84.02,83.89,0.79,0.9417,2.909,1163586,98214499.0,13548800000.0,3387200000.0
2016-08-29,'603508,思维列控,83.89,84.6,83.6,83.98,84.1,-0.21,-0.2497,2.7479,1099152,92368207.0,13422400000.0,3355600000.0
2016-08-26,'603508,思维列控,84.1,85.6,83.8,84.0,84.29,-0.19,-0.2254,4.2073,1682930,142254411.0,13456000000.0,3364000000.0
2016-08-25,'603508,思维列控,84.29,84.75,82.01,84.11,84.9,-0.61,-0.7185,6.8144,2725760,226655113.0,13486400000.0,3371600000.0
2016-08-24,'603508,思维列控,84.9,86.14,84.08,85.68,86.61,-1.71,-1.9744,7.9568,3182739,270336249.0,13584000000.0,3396000000.0
2016-08-23,'603508,思维列控,86.61,87.29,84.02,84.02,93.31,-6.7,-7.1804,15.3334,6133344,525635422.0,13857600000.0,3464400000.0
2016-08-22,'603508,思维列控,93.31,101.5,92.71,99.04,98.49,-5.18,-5.2594,6.8574,2742880,264044886.0,14929600000.0,3732306690.0
2016-08-19,'603508,思维列控,98.49,99.1,95.8,96.89,96.52,1.97,2.041,5.6829,2273121,221953652.0,15758400000.0,3939501510.0
2016-08-18,'603508,思维列控,96.52,98.87,95.81,96.35,97.02,-0.5,-0.5154,5.548,2219150,215512562.0,15443200000.0,3860703480.0
2016-08-17,'603508,思维列控,97.02,99.2,92.54,92.55,93.22,3.8,4.0764,7.882,3152740,303771379.0,15523200000.0,3880702980.0
2016-08-16,'603508,思维列控,93.22,94.85,92.15,92.15,92.79,0.43,0.4634,5.0764,2030506,190711626.0,14915200000.0,3728706780.0
2016-08-15,'603508,思维列控,92.79,93.51,89.02,89.93,89.56,3.23,3.6065,5.9149,2365884,215956372.0,14846400000.0,3711507210.0
2016-08-12,'603508,思维列控,89.56,89.68,87.25,87.26,87.44,2.12,2.4245,2.9902,1196034,105941140.0,14329600000.0,3582310440.0
2016-08-11,'603508,思维列控,87.44,89.99,87.27,89.22,89.98,-2.54,-2.8228,3.1099,1243935,110456973.0,13990400000.0,3497512560.0
2016-08-10,'603508,思维列控,89.98,90.9,89.47,89.85,90.1,-0.12,-0.1332,3.3698,1347899,121363295.0,14396800000.0,3599110020.0
2016-08-09,'603508,思维列控,90.1,90.2,87.52,88.0,88.09,2.01,2.2818,4.7709,1908314,170679650.0,14416000000.0,3603909900.0
2016-08-08,'603508,思维列控,88.09,88.2,85.2,86.8,87.49,0.6,0.6858,3.6148,1445872,125189231.0,14094400000.0,3523511910.0
2016-08-05,'603508,思维列控,87.49,89.19,87.4,89.06,89.04,-1.55,-1.7408,3.2104,1284129,113374100.0,13998400000.0,3499512510.0
2016-08-04,'603508,思维列控,89.04,89.58,87.62,89.03,89.23,-0.19,-0.2129,3.8043,1521692,134635518.0,14246400000.0,3561510960.0
2016-08-03,'603508,思维列控,89.23,90.17,86.4,87.2,87.36,1.87,2.1406,5.2778,2111087,187026285.0,14276800000.0,3569110770.0
2016-08-02,'603508,思维列控,87.36,87.38,86.39,86.93,86.6,0.76,0.8776,2.9928,1197077,104128912.0,13977600000.0,3494312640.0
2016-08-01,'603508,思维列控,86.6,90.27,85.0,89.44,90.28,-3.68,-4.0762,4.9714,1988514,171712787.0,13856000000.0,3463913400.0
2016-07-29,'603508,思维列控,90.28,92.1,89.7,91.0,91.22,-0.94,-1.0305,3.3294,1331744,121045071.0,14444800000.0,3611109720.0
2016-07-28,'603508,思维列控,91.22,91.97,89.0,90.6,90.77,0.45,0.4958,4.4624,1784934,161544883.0,14595200000.0,3648708780.0
2016-07-27,'603508,思维列控,90.77,97.42,89.21,96.36,96.54,-5.77,-5.9768,7.4119,2964703,275249797.0,14523200000.0,3630709230.0
2016-07-26,'603508,思维列控,96.54,96.9,94.6,94.93,94.8,1.74,1.8354,3.7045,1481777,142445127.0,15446400000.0,3861503460.0
2016-07-25,'603508,思维列控,94.8,97.36,93.48,96.3,96.39,-1.59,-1.6495,5.6456,2258200,215271904.0,15168000000.0,3791905200.0
2016-07-22,'603508,思维列控,96.39,99.9,96.2,99.04,100.71,-4.32,-4.2895,8.6938,3477434,340854047.0,15422400000.0,3855503610.0
2016-07-21,'603508,思维列控,100.71,105.42,100.57,103.53,103.17,-2.46,-2.3844,7.5739,3029487,311566318.0,16113600000.0,4028299290.0
2016-07-20,'603508,思维列控,103.17,104.07,101.5,102.8,102.78,0.39,0.3795,5.0073,2002870,205942654.0,16507200000.0,4126696830.0
2016-07-19,'603508,思维列控,102.78,102.82,100.21,100.5,101.08,1.7,1.6818,3.7564,1502540,153025750.0,16444800000.0,4111097220.0
2016-07-18,'603508,思维列控,101.08,105.0,101.0,104.01,104.73,-3.65,-3.4852,6.2687,2507423,257107246.0,16172800000.0,4043098920.0
2016-07-15,'603508,思维列控,104.73,106.25,104.0,105.74,105.01,-0.28,-0.2666,6.4043,2561636,269862985.0,16756800000.0,4189095270.0
2016-07-14,'603508,思维列控,105.01,105.2,101.6,101.99,102.51,2.5,2.4388,6.1263,2450447,253765113.0,16801600000.0,4200294990.0
2016-07-13,'603508,思维列控,102.51,104.45,101.58,102.9,103.53,-1.02,-0.9852,6.0355,2414132,248687356.0,16401600000.0,4100297490.0
2016-07-12,'603508,思维列控,103.53,103.58,98.28,102.0,102.17,1.36,1.3311,9.2545,3701693,373565205.0,16564800000.0,4141096470.0
2016-07-11,'603508,思维列控,102.17,106.0,100.21,105.78,106.85,-4.68,-4.38,11.7491,4699522,484248658.0,16347200000.0,4086697830.0
2016-07-08,'603508,思维列控,106.85,111.88,106.6,108.43,108.01,-1.16,-1.074,10.7125,4284907,469700078.0,17096000000.0,4273893150.0
2016-07-07,'603508,思维列控,108.01,110.57,106.0,106.11,106.5,1.51,1.4178,8.4068,3362638,362960600.0,17281600000.0,4320291990.0
2016-07-06,'603508,思维列控,106.5,108.95,104.17,108.0,108.68,-2.18,-2.0059,9.7102,3883978,412445648.0,17040000000.0,4259893500.0
2016-07-05,'603508,思维列控,108.68,112.0,106.66,107.04,108.03,0.65,0.6017,12.7506,5100110,558419490.0,17388800000.0,4347091320.0
2016-07-04,'603508,思维列控,108.03,108.74,101.38,102.0,102.41,5.62,5.4877,12.2841,4913529,517259942.0,17284800000.0,4321091970.0
2016-07-01,'603508,思维列控,102.41,103.5,100.0,100.0,99.41,3.0,3.0178,9.305,3721925,380265143.0,16385600000.0,4096297590.0
2016-06-30,'603508,思维列控,99.41,104.5,99.0,103.4,105.92,-6.51,-6.1461,14.1478,5658987,573159407.0,15905600000.0,3976300590.0
2016-06-29,'603508,思维列控,105.92,107.36,102.36,106.99,105.97,-0.05,-0.0472,12.5301,5011932,526048635.0,16947200000.0,4236694080.0
2016-06-28,'603508,思维列控,105.97,107.4,104.13,106.0,107.9,-1.93,-1.7887,11.5488,4619419,488393815.0,16955200000.0,4238694030.0
2016-06-27,'603508,思维列控,107.9,109.8,100.0,101.89,101.43,6.47,6.3788,15.1342,6053522,641516277.0,17264000000.0,4315892100.0
2016-06-24,'603508,思维列控,101.43,104.94,95.17,101.99,101.83,-0.4,-0.3928,15.9195,6367627,647112207.0,16228800000.0,4057098570.0
2016-06-23,'603508,XD思维列,101.83,104.28,100.1,103.51,104.84,-3.01,-2.871,12.2613,4904387,499742682.0,16292800000.0,4073098170.0
2016-06-22,'603508,思维列控,105.01,106.5,100.0,102.15,102.13,2.88,2.8199,17.7685,7107231,739651082.0,16801600000.0,4200294990.0
2016-06-21,'603508,思维列控,102.13,106.7,100.0,101.0,99.54,2.59,2.602,25.2105,10083965,1040364922.0,16340800000.0,4085097870.0
2016-06-20,'603508,思维列控,99.54,99.54,91.1,91.1,90.49,9.05,10.0011,19.3578,7742911,753109097.0,15926400000.0,3981500460.0
2016-06-17,'603508,思维列控,90.49,91.16,88.24,89.0,88.89,1.6,1.8,6.5255,2610128,235027400.0,14478400000.0,3619509510.0
2016-06-16,'603508,思维列控,88.89,91.16,88.0,88.48,88.42,0.47,0.5316,7.8966,3158567,283522035.0,14222400000.0,3555511110.0
2016-06-15,'603508,思维列控,88.42,89.18,82.0,82.1,83.31,5.11,6.1337,9.4126,3764943,326855856.0,14147200000.0,3536711580.0
2016-06-14,'603508,思维列控,83.31,83.62,81.92,82.28,82.42,0.89,1.0798,5.161,2064353,171141354.0,13329600000.0,3332316690.0
2016-06-13,'603508,思维列控,82.42,88.4,82.41,87.7,91.57,-9.15,-9.9924,11.902,4760668,409819378.0,13187200000.0,3296717580.0
2016-06-08,'603508,思维列控,91.57,95.7,91.5,95.0,95.51,-3.94,-4.1252,10.6617,4264590,396157819.0,14651200000.0,3662708430.0
2016-06-07,'603508,思维列控,95.51,96.15,91.0,92.33,93.1,2.41,2.5886,11.4043,4561587,427046483.0,15281600000.0,3820304490.0
2016-06-06,'603508,思维列控,93.1,96.03,90.4,90.5,90.38,2.72,3.0095,10.3545,4141709,388033358.0,14896000000.0,3723906900.0
2016-06-03,'603508,思维列控,90.38,93.2,90.2,93.0,91.48,-1.1,-1.2024,10.2882,4115178,376465260.0,14460800000.0,3615109620.0
2016-06-02,'603508,思维列控,91.48,91.87,89.2,89.51,89.98,1.5,1.667,9.7034,3881265,350606032.0,14636800000.0,3659108520.0
2016-06-01,'603508,思维列控,89.98,91.7,86.61,86.95,86.99,2.99,3.4372,13.7442,5497523,495532046.0,14396800000.0,3599110020.0
2016-05-31,'603508,思维列控,86.99,87.35,83.4,83.4,83.46,3.53,4.2296,11.2118,4484598,385361537.0,13918400000.0,3479513010.0
2016-05-30,'603508,思维列控,83.46,85.65,82.5,82.95,84.29,-0.83,-0.9847,7.8028,3121039,262228635.0,13353600000.0,3338316540.0
2016-05-27,'603508,思维列控,84.29,86.0,80.3,80.6,80.94,3.35,4.1389,12.1115,4844466,406444931.0,13486400000.0,3371515710.0
2016-05-26,'603508,思维列控,80.94,81.29,77.1,79.5,80.07,0.87,1.0865,5.9467,2378602,188412158.0,12950400000.0,3237519060.0
2016-05-25,'603508,思维列控,80.07,81.46,78.81,79.53,78.81,1.26,1.5988,6.4254,2570077,206466188.0,12811200000.0,3202719930.0
2016-05-24,'603508,思维列控,78.81,80.0,78.02,80.0,80.32,-1.51,-1.88,4.0574,1622905,127883549.0,12609600000.0,3152321190.0
2016-05-23,'603508,思维列控,80.32,81.26,78.2,78.2,77.84,2.48,3.186,6.1816,2472596,198106882.0,12851200000.0,3212719680.0
2016-05-20,'603508,思维列控,77.84,77.99,75.18,75.5,76.35,1.49,1.9515,3.6239,1449512,110910352.0,12454400000.0,3113522160.0
2016-05-19,'603508,思维列控,76.35,77.65,74.8,74.9,74.93,1.42,1.8951,4.8205,1928136,147671920.0,12216000000.0,3053923650.0
2016-05-18,'603508,思维列控,74.93,77.01,74.3,77.01,77.91,-2.98,-3.8249,4.1557,1662226,125300217.0,11988800000.0,2997125070.0
2016-05-17,'603508,思维列控,77.91,78.65,77.22,78.28,78.22,-0.31,-0.3963,3.7354,1494123,116398100.0,12465600000.0,3116322090.0
2016-05-16,'603508,思维列控,78.22,78.27,75.85,76.56,76.57,1.65,2.1549,3.4072,1362860,105186623.0,12515200000.0,3128721780.0
2016-05-13,'603508,思维列控,76.57,77.27,75.82,76.69,76.47,0.1,0.1308,2.7609,1104318,84519520.0,12251200000.0,3062723430.0
2016-05-12,'603508,思维列控,76.47,76.69,74.12,75.77,76.74,-0.27,-0.3518,3.5174,1406909,106274543.0,12235200000.0,3058723530.0
2016-05-11,'603508,思维列控,76.74,79.09,76.5,78.9,78.15,-1.41,-1.8042,4.5945,1837763,142736696.0,12278400000.0,3069523260.0
2016-05-10,'603508,思维列控,78.15,78.95,76.88,76.88,77.26,0.89,1.152,3.7445,1497744,117315307.0,12504000000.0,3125921850.0
2016-05-09,'603508,思维列控,77.26,80.0,77.02,80.0,80.41,-3.15,-3.9174,6.3614,2544498,198692041.0,12361600000.0,3090322740.0
2016-05-06,'603508,思维列控,80.41,85.79,80.25,85.0,84.92,-4.51,-5.3109,8.6611,3464350,287594914.0,12865600000.0,3216319590.0
2016-05-05,'603508,思维列控,84.92,84.98,83.27,83.85,83.85,1.07,1.2761,5.1889,2075520,174699094.0,13587200000.0,3396715080.0
2016-05-04,'603508,思维列控,83.85,84.58,82.61,83.0,83.15,0.7,0.8419,6.3439,2537487,212101856.0,13416000000.0,3353916150.0
2016-05-03,'603508,思维列控,83.15,83.2,80.26,80.26,80.24,2.91,3.6266,5.6066,2242567,184623564.0,13304000000.0,3325916850.0
2016-04-29,'603508,思维列控,80.24,80.95,79.51,79.97,80.74,-0.5,-0.6193,3.2278,1291076,103815242.0,12838400000.0,3209519760.0
2016-04-28,'603508,思维列控,80.74,82.0,79.2,82.0,81.67,-0.93,-1.1387,5.3198,2127855,171023851.0,12918400000.0,3229519260.0
2016-04-27,'603508,思维列控,81.67,82.67,81.3,82.28,82.01,-0.34,-0.4146,5.0276,2010975,164761252.0,13067200000.0,3266718330.0
2016-04-26,'603508,思维列控,82.01,82.1,80.13,80.29,81.1,0.91,1.1221,5.0646,2025773,164513134.0,13121600000.0,3280317990.0
2016-04-25,'603508,思维列控,81.1,81.59,79.31,80.46,81.52,-0.42,-0.5152,4.3012,1720420,138277194.0,12976000000.0,3243918900.0
2016-04-22,'603508,思维列控,81.52,81.85,79.06,79.5,80.47,1.05,1.3048,5.4411,2176395,175389336.0,13043200000.0,3260718480.0
2016-04-21,'603508,思维列控,80.47,82.59,80.1,80.48,80.94,-0.47,-0.5807,6.2133,2485272,202622412.0,12875200000.0,3218719530.0
2016-04-20,'603508,思维列控,80.94,87.56,80.03,87.3,86.89,-5.95,-6.8477,13.0761,5230318,434755340.0,12950400000.0,3237519060.0
2016-04-19,'603508,思维列控,86.89,88.42,86.02,87.42,87.15,-0.26,-0.2983,8.7777,3510993,305943859.0,13902400000.0,3475513110.0
2016-04-18,'603508,思维列控,87.15,88.69,85.1,88.69,94.0,-6.85,-7.2872,15.059,6023449,525039902.0,13944000000.0,3485912850.0
2016-04-15,'603508,思维列控,94.0,97.8,93.72,97.5,97.85,-3.85,-3.9346,13.1573,5262900,501324036.0,15040000000.0,3760000000.0
2016-04-14,'603508,思维列控,97.85,98.94,91.91,92.0,91.54,6.31,6.8932,15.5329,6213165,590641241.0,15656000000.0,3914000000.0
2016-04-13,'603508,思维列控,91.54,94.06,91.27,91.88,91.53,0.01,0.0109,9.702,3880795,359931472.0,14646400000.0,3661600000.0
2016-04-12,'603508,思维列控,91.53,94.5,89.38,94.5,94.64,-3.11,-3.2861,11.2481,4499227,414079277.0,14644800000.0,3661200000.0
2016-04-11,'603508,思维列控,94.64,96.68,94.0,95.8,93.57,1.07,1.1435,10.8239,4329566,411495083.0,15142400000.0,3785600000.0
2016-04-08,'603508,思维列控,93.57,93.7,86.98,88.0,88.92,4.65,5.2294,11.8852,4754067,428786666.0,14971200000.0,3742800000.0
2016-04-07,'603508,思维列控,88.92,92.5,88.85,92.5,92.41,-3.49,-3.7766,9.6084,3843347,347427222.0,14227200000.0,3556800000.0
2016-04-06,'603508,思维列控,92.41,93.5,87.3,87.8,88.37,4.04,4.5717,13.086,5234400,479032505.0,14785600000.0,3696400000.0
2016-04-05,'603508,思维列控,88.37,88.68,84.68,84.97,84.98,3.39,3.9892,8.6503,3460113,302559899.0,14139200000.0,3534800000.0
2016-04-01,'603508,思维列控,84.98,85.8,83.21,85.32,86.05,-1.07,-1.2435,6.5714,2628542,221932664.0,13596800000.0,3399200000.0
2016-03-31,'603508,思维列控,86.05,88.19,84.21,84.7,84.14,1.91,2.27,11.0307,4412285,381644388.0,13768000000.0,3442000000.0
2016-03-30,'603508,思维列控,84.14,84.2,80.25,80.58,79.54,4.6,5.7833,6.9197,2767878,227486567.0,13462400000.0,3365600000.0
2016-03-29,'603508,思维列控,79.54,83.29,79.0,82.81,83.24,-3.7,-4.445,7.2148,2885910,233310589.0,12726400000.0,3181600000.0
2016-03-28,'603508,思维列控,83.24,86.5,82.99,85.15,84.38,-1.14,-1.351,6.1006,2440245,207519085.0,13318400000.0,3329600000.0
2016-03-25,'603508,思维列控,84.38,85.88,83.0,84.75,85.21,-0.83,-0.9741,7.6293,3051711,257568322.0,13500800000.0,3375200000.0
2016-03-24,'603508,思维列控,85.21,89.62,85.0,87.0,87.98,-2.77,-3.1484,10.7479,4299142,375902418.0,13633600000.0,3408400000.0
2016-03-23,'603508,思维列控,87.98,88.0,83.61,83.99,84.0,3.98,4.7381,11.0631,4425235,381433569.0,14076800000.0,3519200000.0
2016-03-22,'603508,思维列控,84.0,84.8,83.6,84.29,85.01,-1.01,-1.1881,6.6575,2662980,224499260.0,13440000000.0,3360000000.0
2016-03-21,'603508,思维列控,85.01,86.4,83.57,86.0,84.26,0.75,0.8901,11.1316,4452627,377744845.0,13601600000.0,3400400000.0
2016-03-18,'603508,思维列控,84.26,84.95,79.73,80.0,80.01,4.25,5.3118,12.6077,5043068,417254065.0,13481600000.0,3370400000.0
2016-03-17,'603508,思维列控,80.01,81.1,76.4,77.28,76.94,3.07,3.9901,11.1051,4442020,351111066.0,12801600000.0,3200400000.0
2016-03-16,'603508,思维列控,76.94,79.4,76.01,77.21,76.21,0.73,0.9579,7.5262,3010485,234306854.0,12310400000.0,3077600000.0
2016-03-15,'603508,思维列控,76.21,77.88,76.01,77.78,77.99,-1.78,-2.2823,5.4243,2169722,166867503.0,12193600000.0,3048400000.0
2016-03-14,'603508,思维列控,77.99,79.46,75.39,75.52,74.28,3.71,4.9946,9.3017,3720682,289634378.0,12478400000.0,3119600000.0
2016-03-11,'603508,思维列控,74.28,75.1,72.52,73.0,74.11,0.17,0.2294,5.1579,2063175,152833489.0,11884800000.0,2971200000.0
2016-03-10,'603508,思维列控,74.11,76.66,74.01,75.75,76.14,-2.03,-2.6661,6.1121,2444833,183249366.0,11857600000.0,2964400000.0
2016-03-09,'603508,思维列控,76.14,78.58,73.8,74.95,76.8,-0.66,-0.8594,8.7533,3501334,266694653.0,12182400000.0,3045600000.0
2016-03-08,'603508,思维列控,76.8,76.95,72.9,75.99,77.33,-0.53,-0.6854,7.3567,2942679,220191795.0,12288000000.0,3072000000.0
2016-03-07,'603508,思维列控,77.33,79.9,76.35,78.02,75.56,1.77,2.3425,6.513,2605184,203410703.0,12372800000.0,3093200000.0
2016-03-04,'603508,思维列控,75.56,80.4,75.05,79.99,79.82,-4.26,-5.337,7.445,2977988,231428906.0,12089600000.0,3022400000.0
2016-03-03,'603508,思维列控,79.82,82.58,79.79,81.0,81.33,-1.51,-1.8566,8.5105,3404194,276392911.0,12771200000.0,3192800000.0
2016-03-02,'603508,思维列控,81.33,81.67,77.1,77.47,78.21,3.12,3.9893,8.7625,3505002,278674176.0,13012800000.0,3253200000.0
2016-03-01,'603508,思维列控,78.21,79.78,74.0,76.0,76.41,1.8,2.3557,7.979,3191600,244913291.0,12513600000.0,3128400000.0
2016-02-29,'603508,思维列控,76.41,81.39,74.12,80.5,81.48,-5.07,-6.2224,7.8508,3140336,241303466.0,12225600000.0,3056400000.0
2016-02-26,'603508,思维列控,81.48,81.94,77.02,81.0,80.12,1.36,1.6975,8.6409,3456340,274885225.0,13036800000.0,3259200000.0
2016-02-25,'603508,思维列控,80.12,88.6,80.12,88.18,89.02,-8.9,-9.9978,13.9575,5582981,465909752.0,12819200000.0,3204800000.0
2016-02-24,'603508,思维列控,89.02,94.93,86.78,94.03,95.09,-6.07,-6.3834,15.281,6112405,551828213.0,14243200000.0,3560800000.0
2016-02-23,'603508,思维列控,95.09,96.8,93.5,94.41,94.19,0.9,0.9555,11.4685,4587382,435814961.0,15214400000.0,3803600000.0
2016-02-22,'603508,思维列控,94.19,95.96,93.31,95.0,93.52,0.67,0.7164,11.7674,4706941,444873564.0,15070400000.0,3767600000.0
2016-02-19,'603508,思维列控,93.52,93.77,89.85,90.81,91.82,1.7,1.8514,12.1494,4859755,445085400.0,14963200000.0,3740800000.0
2016-02-18,'603508,思维列控,91.82,93.48,89.6,92.4,91.12,0.7,0.7682,12.6808,5072301,465272685.0,14691200000.0,3672800000.0
2016-02-17,'603508,思维列控,91.12,93.35,89.14,89.8,89.8,1.32,1.4699,10.6427,4257084,388108556.0,14579200000.0,3644800000.0
2016-02-16,'603508,思维列控,89.8,91.11,86.6,86.6,86.25,3.55,4.1159,10.0458,4018327,359673961.0,14368000000.0,3592000000.0
2016-02-15,'603508,思维列控,86.25,87.27,83.5,84.0,88.66,-2.41,-2.7182,7.8562,3142492,267217818.0,13800000000.0,3450000000.0
2016-02-05,'603508,思维列控,88.66,93.48,88.59,93.0,93.0,-4.34,-4.6667,10.2495,4099789,370570621.0,14185600000.0,3546400000.0
2016-02-04,'603508,思维列控,93.0,94.48,90.01,90.01,89.71,3.29,3.6674,13.986,5594387,519099432.0,14880000000.0,3720000000.0
2016-02-03,'603508,思维列控,89.71,90.55,87.15,89.84,91.91,-2.2,-2.3936,10.6873,4274929,380690513.0,14353600000.0,3588400000.0
2016-02-02,'603508,思维列控,91.91,94.36,89.01,89.51,90.26,1.65,1.8281,14.0468,5618733,518458558.0,14705600000.0,3676400000.0
2016-02-01,'603508,思维列控,90.26,92.3,86.01,87.5,89.19,1.07,1.1997,15.0638,6025524,537130142.0,14441600000.0,3610400000.0
2016-01-29,'603508,思维列控,89.19,90.7,83.01,83.01,82.52,6.67,8.0829,15.7571,6302849,554933754.0,14270400000.0,3567600000.0
2016-01-28,'603508,思维列控,82.52,87.88,81.05,86.31,88.95,-6.43,-7.2288,15.3698,6147927,520648702.0,13203200000.0,3300800000.0
2016-01-27,'603508,思维列控,88.95,88.95,80.0,80.86,80.86,8.09,10.0049,21.3173,8526933,735731594.0,14232000000.0,3558000000.0
2016-01-26,'603508,思维列控,80.86,87.99,80.86,87.99,89.84,-8.98,-9.9955,14.8736,5949443,497840814.0,12937600000.0,3234400000.0
2016-01-25,'603508,思维列控,89.84,90.89,88.0,90.2,89.48,0.36,0.4023,12.2895,4915795,440499765.0,14374400000.0,3593600000.0
2016-01-22,'603508,思维列控,89.48,90.66,84.23,86.67,84.54,4.94,5.8434,15.7291,6291632,553534811.0,14316800000.0,3579200000.0
2016-01-21,'603508,思维列控,84.54,92.86,84.11,90.0,92.04,-7.5,-8.1486,16.0112,6404474,570826674.0,13526400000.0,3381600000.0
2016-01-20,'603508,思维列控,92.04,99.88,91.31,98.48,100.2,-8.16,-8.1437,20.1169,8046778,771085294.0,14726400000.0,3681600000.0
2016-01-19,'603508,思维列控,100.2,102.15,96.04,96.18,97.57,2.63,2.6955,19.2792,7711665,767703399.0,16032000000.0,4008000000.0
2016-01-18,'603508,思维列控,97.57,101.47,90.1,93.0,97.3,0.27,0.2775,19.884,7953594,761903773.0,15611200000.0,3902800000.0
2016-01-15,'603508,思维列控,97.3,110.99,96.99,109.24,107.71,-10.41,-9.6648,26.566,10626416,1109066403.0,15568000000.0,3892000000.0
2016-01-14,'603508,思维列控,107.71,112.49,102.88,105.1,111.7,-3.99,-3.5721,23.7764,9510571,1019034112.0,17233600000.0,4308400000.0
2016-01-13,'603508,思维列控,111.7,116.7,111.7,111.88,124.11,-12.41,-9.9992,31.6918,12676726,1425515535.0,17872000000.0,4468000000.0
2016-01-12,'603508,思维列控,124.11,130.0,124.11,129.98,137.9,-13.79,-10.0,29.8214,11928549,1497823741.0,19857600000.0,4964400000.0
2016-01-11,'603508,思维列控,137.9,137.9,137.9,137.9,125.36,12.54,10.0032,5.7277,2291077,315939518.0,22064000000.0,5516000000.0
2016-01-08,'603508,思维列控,125.36,125.36,125.36,125.36,113.96,11.4,10.0035,0.6391,255650,32048284.0,20057600000.0,5014400000.0
2016-01-07,'603508,思维列控,113.96,113.96,113.96,113.96,103.6,10.36,10.0,0.2873,114900,13094004.0,18233600000.0,4558400000.0
2016-01-06,'603508,思维列控,103.6,103.6,103.6,103.6,94.18,9.42,10.0021,0.3553,142133,14724979.0,16576000000.0,4144000000.0
2016-01-05,'603508,思维列控,94.18,94.18,94.18,94.18,85.62,8.56,9.9977,0.292,116800,11000224.0,15068800000.0,3767200000.0
2016-01-04,'603508,思维列控,85.62,85.62,85.62,85.62,77.84,7.78,9.9949,0.1285,51400,4400868.0,13699200000.0,3424800000.0
2015-12-31,'603508,思维列控,77.84,77.84,77.84,77.84,70.76,7.08,10.0057,0.061,24400,1899296.0,12454400000.0,3113600000.0
2015-12-30,'603508,思维列控,70.76,70.76,70.76,70.76,64.33,6.43,9.9953,0.0313,12500,884500.0,11321600000.0,2830400000.0
2015-12-29,'603508,思维列控,64.33,64.33,64.33,64.33,58.48,5.85,10.0034,0.0178,7100,456743.0,10292800000.0,2573200000.0
2015-12-28,'603508,思维列控,58.48,58.48,58.48,58.48,53.16,5.32,10.0075,0.022,8800,514624.0,9356800000.0,2339200000.0
2015-12-25,'603508,思维列控,53.16,53.16,53.16,53.16,48.33,4.83,9.9938,0.0175,7000,372120.0,8505600000.0,2126400000.0
2015-12-24,'603508,N思维,48.33,48.33,48.33,48.33,33.56,14.77,44.0107,0.041,16401,792660.0,7732800000.0,1933200000.0
