日期,股票代码,名称,收盘价,最高价,最低价,开盘价,前收盘,涨跌额,涨跌幅,换手率,成交量,成交金额,总市值,流通市值
2017-05-15,'603578,三星新材,38.92,40.3,38.88,40.0,39.86,-0.94,-2.3583,10.0314,2206904,87005874.0,3424960000.0,856240000.0
2017-05-12,'603578,三星新材,39.86,40.65,39.52,40.65,39.76,0.1,0.2515,11.947,2628340,105371750.0,3507680000.0,876920000.0
2017-05-11,'603578,三星新材,39.76,39.89,37.0,38.4,39.03,0.73,1.8704,11.1395,2450690,94326241.0,3498880000.0,874720000.0
2017-05-10,'603578,三星新材,39.03,40.96,38.84,39.0,38.71,0.32,0.8267,15.9116,3500544,139873664.0,3434640000.0,858660000.0
2017-05-09,'603578,三星新材,38.71,39.11,37.55,37.89,37.87,0.84,2.2181,9.5812,2107862,81324822.0,3406480000.0,851620000.0
2017-05-08,'603578,三星新材,37.87,39.88,37.5,39.61,40.0,-2.13,-5.325,12.1113,2664480,103490621.0,3332560000.0,833140000.0
2017-05-05,'603578,三星新材,40.0,41.47,39.7,39.99,41.29,-1.29,-3.1242,16.7198,3678355,148775178.0,3520000000.0,880000000.0
2017-05-04,'603578,三星新材,41.29,43.5,40.12,40.12,44.05,-2.76,-6.2656,26.7687,5889119,242812712.0,3633520000.0,908380000.0
2017-05-03,'603578,三星新材,44.05,44.05,44.05,44.05,48.94,-4.89,-9.9918,2.9668,652700,28751435.0,3876400000.0,969100000.0
2017-05-02,'603578,三星新材,48.94,54.58,48.94,54.38,54.38,-5.44,-10.0037,12.4764,2744800,138256559.0,4306720000.0,1076680000.0
2017-04-28,'603578,三星新材,54.38,55.15,54.06,54.65,54.65,-0.27,-0.4941,3.3995,747879,40753914.0,4785440000.0,1196360000.0
2017-04-27,'603578,三星新材,54.65,55.3,53.01,54.18,54.18,0.47,0.8675,6.5312,1436865,78051071.0,4809200000.0,1202300000.0
2017-04-26,'603578,三星新材,54.18,55.3,52.5,53.07,54.82,-0.64,-1.1675,5.3046,1167005,63117662.0,4767840000.0,1191960000.0
2017-04-25,'603578,三星新材,54.82,57.3,51.22,56.5,56.91,-2.09,-3.6725,12.373,2722060,147831055.0,4824160000.0,1206040000.0
2017-04-24,'603578,三星新材,56.91,57.38,55.55,56.92,57.38,-0.47,-0.8191,6.3659,1400487,79177575.0,5008080000.0,1252020000.0
2017-04-21,'603578,三星新材,57.38,57.93,55.21,56.01,56.13,1.25,2.227,6.5692,1445219,81856650.0,5049440000.0,1262360000.0
2017-04-20,'603578,三星新材,56.13,56.9,54.18,54.46,54.84,1.29,2.3523,8.4668,1862698,103113572.0,4939440000.0,1234860000.0
2017-04-19,'603578,三星新材,54.84,55.46,52.6,53.5,53.4,1.44,2.6966,7.0788,1557337,84077049.0,4825920000.0,1206480000.0
2017-04-18,'603578,三星新材,53.4,54.18,51.87,53.64,53.27,0.13,0.244,8.0227,1764988,93411733.0,4699200000.0,1174800000.0
2017-04-17,'603578,三星新材,53.27,54.0,50.64,53.4,54.33,-1.06,-1.951,8.3499,1836977,97118932.0,4687760000.0,1171940000.0
2017-04-14,'603578,三星新材,54.33,55.33,53.66,55.2,55.3,-0.97,-1.7541,6.225,1369503,74533825.0,4781040000.0,1195260000.0
2017-04-13,'603578,三星新材,55.3,55.97,54.25,54.25,54.9,0.4,0.7286,6.9864,1537007,84654486.0,4866400000.0,1216600000.0
2017-04-12,'603578,三星新材,54.9,55.93,53.3,55.93,56.82,-1.92,-3.3791,9.9312,2184866,119362946.0,4831200000.0,1207800000.0
2017-04-11,'603578,三星新材,56.82,58.0,52.14,56.8,56.8,0.02,0.0352,16.9904,3737877,207233931.0,5000160000.0,1250040000.0
2017-04-10,'603578,三星新材,56.8,60.93,56.5,60.04,60.93,-4.13,-6.7783,14.1533,3113717,182195303.0,4998400000.0,1249600000.0
2017-04-07,'603578,三星新材,60.93,61.39,58.3,59.9,60.55,0.38,0.6276,16.1688,3557144,212404855.0,5361840000.0,1340460000.0
2017-04-06,'603578,三星新材,60.55,63.49,59.21,60.4,60.45,0.1,0.1654,16.7216,3678748,227610906.0,5328400000.0,1332100000.0
2017-04-05,'603578,三星新材,60.45,60.65,55.08,59.2,61.03,-0.58,-0.9504,16.6245,3657396,216149838.0,5319600000.0,1329900000.0
2017-03-31,'603578,三星新材,61.03,61.48,59.08,59.47,60.37,0.66,1.0933,22.4928,4948409,297861738.0,5370640000.0,1342660000.0
2017-03-30,'603578,三星新材,60.37,63.55,59.0,61.76,64.48,-4.11,-6.3741,28.8327,6343184,385770856.0,5312560000.0,1328140000.0
2017-03-29,'603578,三星新材,64.48,70.6,63.87,70.6,70.97,-6.49,-9.1447,38.627,8497946,554943278.0,5674240000.0,1418560000.0
2017-03-28,'603578,三星新材,70.97,73.58,70.0,70.78,73.77,-2.8,-3.7956,39.3741,8662307,620793342.0,6245360000.0,1561340000.0
2017-03-27,'603578,三星新材,73.77,73.77,65.06,67.0,67.06,6.71,10.006,71.5877,15749284,1118101565.0,6491760000.0,1622940000.0
2017-03-24,'603578,三星新材,67.06,67.06,67.0,67.06,60.96,6.1,10.0066,21.5952,4750938,318597742.0,5901280000.0,1475320000.0
2017-03-23,'603578,三星新材,60.96,60.96,60.96,60.96,55.42,5.54,9.9964,0.7347,161634,9853209.0,5364480000.0,1341120000.0
2017-03-22,'603578,三星新材,55.42,55.42,55.42,55.42,50.38,5.04,10.004,0.5812,127871,7086611.0,4876960000.0,1219240000.0
2017-03-21,'603578,三星新材,50.38,50.38,50.38,50.38,45.8,4.58,10.0,0.4177,91890,4629418.0,4433440000.0,1108360000.0
2017-03-20,'603578,三星新材,45.8,45.8,45.8,45.8,41.64,4.16,9.9904,0.5078,111710,5116318.0,4030400000.0,1007600000.0
2017-03-17,'603578,三星新材,41.64,41.64,41.64,41.64,37.85,3.79,10.0132,0.4184,92048,3832879.0,3664320000.0,916080000.0
2017-03-16,'603578,三星新材,37.85,37.85,37.85,37.85,34.41,3.44,9.9971,0.0805,17700,669945.0,3330800000.0,832700000.0
2017-03-15,'603578,三星新材,34.41,34.41,34.41,34.41,31.28,3.13,10.0064,0.0695,15300,526473.0,3028080000.0,757020000.0
2017-03-14,'603578,三星新材,31.28,31.28,31.28,31.28,28.44,2.84,9.9859,0.0757,16644,520624.0,2752640000.0,688160000.0
2017-03-13,'603578,三星新材,28.44,28.44,28.44,28.44,25.85,2.59,10.0193,0.0751,16532,470170.0,2502720000.0,625680000.0
2017-03-10,'603578,三星新材,25.85,25.85,25.85,25.85,23.5,2.35,10.0,0.0513,11290,291847.0,2274800000.0,568700000.0
2017-03-09,'603578,三星新材,23.5,23.5,23.5,23.5,21.36,2.14,10.0187,0.035,7690,180715.0,2068000000.0,517000000.0
2017-03-08,'603578,三星新材,21.36,21.36,21.36,21.36,19.42,1.94,9.9897,0.0113,2480,52973.0,1879680000.0,469920000.0
2017-03-07,'603578,三星新材,19.42,19.42,19.42,19.42,17.65,1.77,10.0283,0.0036,800,15536.0,1708960000.0,427240000.0
2017-03-06,'603578,N三星,17.65,17.65,17.65,17.65,12.26,5.39,43.9641,0.0423,9300,164145.0,1553200000.0,388300000.0
