日期,股票代码,名称,收盘价,最高价,最低价,开盘价,前收盘,涨跌额,涨跌幅,换手率,成交量,成交金额,总市值,流通市值
2017-05-15,'603528,多伦科技,40.29,40.95,39.7,40.5,40.48,-0.19,-0.4694,2.9501,1844697,74134870.0,8327137200.0,2519333700.0
2017-05-12,'603528,多伦科技,40.48,41.06,39.72,40.64,40.53,-0.05,-0.1234,2.3437,1465533,59175212.0,8366406400.0,2531214400.0
2017-05-11,'603528,多伦科技,40.53,41.2,39.2,41.04,41.32,-0.79,-1.9119,3.1236,1953170,78805786.0,8376740400.0,2534340900.0
2017-05-10,'603528,多伦科技,41.32,42.98,41.28,42.22,42.42,-1.1,-2.5931,2.5928,1621308,68476897.0,8540017600.0,2583739600.0
2017-05-09,'603528,多伦科技,42.42,42.81,40.69,41.0,41.42,1.0,2.4143,2.9284,1831158,76658672.0,8767365600.0,2652522600.0
2017-05-08,'603528,多伦科技,41.42,44.27,41.11,43.75,44.06,-2.64,-5.9918,3.5887,2244041,96759703.0,8560685600.0,2589992600.0
2017-05-05,'603528,多伦科技,44.06,44.99,43.5,43.52,43.79,0.27,0.6166,4.2918,2683653,118778036.0,9106320800.0,2755071800.0
2017-05-04,'603528,多伦科技,43.79,44.39,43.0,43.8,44.64,-0.85,-1.9041,5.4635,3416319,149071174.0,9050517200.0,2738188700.0
2017-05-03,'603528,多伦科技,44.64,46.9,43.54,43.54,48.38,-3.74,-7.7305,9.6148,6012112,267851680.0,9226195200.0,2791339200.0
2017-05-02,'603528,多伦科技,48.38,48.38,48.38,48.38,53.75,-5.37,-9.9907,0.6064,313400,15162292.0,9999178400.0,2500278400.0
2017-04-28,'603528,多伦科技,53.75,53.75,53.75,53.75,59.72,-5.97,-9.9967,0.6012,310700,16700125.0,11109050000.0,2777800000.0
2017-04-27,'603528,多伦科技,0.0,0.0,0.0,0.0,59.72,None,None,0.0,0,0.0,12342929600.0,3086329600.0
2017-04-26,'603528,多伦科技,0.0,0.0,0.0,0.0,59.72,None,None,0.0,0,0.0,12342929600.0,3086329600.0
2017-04-25,'603528,多伦科技,59.72,59.88,58.33,58.63,59.28,0.44,0.7422,2.712,1401540,82644135.0,12342929600.0,3086329600.0
2017-04-24,'603528,多伦科技,59.28,59.93,57.5,59.93,58.67,0.61,1.0397,2.7555,1424042,83877396.0,12251990400.0,3063590400.0
2017-04-21,'603528,多伦科技,58.67,58.89,57.73,57.97,57.66,1.01,1.7516,2.8066,1450472,84982202.0,12125915600.0,3032065600.0
2017-04-20,'603528,多伦科技,57.66,58.8,57.0,57.1,57.06,0.6,1.0515,2.5383,1311776,75983459.0,11917168800.0,2979868800.0
2017-04-19,'603528,多伦科技,57.06,57.15,55.46,55.5,55.97,1.09,1.9475,2.1149,1092990,61616630.0,11793160800.0,2948860800.0
2017-04-18,'603528,多伦科技,55.97,56.95,55.72,55.98,55.61,0.36,0.6474,1.8115,936204,52789237.0,11567879600.0,2892529600.0
2017-04-17,'603528,多伦科技,55.61,56.39,55.41,55.8,56.47,-0.86,-1.5229,2.9299,1514172,84385291.0,11493474800.0,2873924800.0
2017-04-14,'603528,多伦科技,56.47,58.65,56.0,58.65,58.55,-2.08,-3.5525,2.8179,1456270,83217771.0,11671219600.0,2918369600.0
2017-04-13,'603528,多伦科技,58.55,59.24,58.38,58.5,58.37,0.18,0.3084,1.5307,791054,46540367.0,12101114000.0,3025864000.0
2017-04-12,'603528,多伦科技,58.37,59.01,58.0,58.4,58.47,-0.1,-0.171,1.7613,910231,53334127.0,12063911600.0,3016561600.0
2017-04-11,'603528,多伦科技,58.47,58.72,56.8,57.22,57.24,1.23,2.1488,2.9173,1507656,87367711.0,12084579600.0,3021729600.0
2017-04-10,'603528,多伦科技,57.24,61.01,57.11,61.0,61.94,-4.7,-7.588,5.8614,3029163,177518751.0,11830363200.0,2958163200.0
2017-04-07,'603528,多伦科技,61.94,63.12,61.8,63.0,62.86,-0.92,-1.4636,2.4372,1259531,78472015.0,12801759200.0,3201059200.0
2017-04-06,'603528,多伦科技,62.86,63.95,62.62,63.0,63.33,-0.47,-0.7421,2.9387,1518730,95970899.0,12991904800.0,3248604800.0
2017-04-05,'603528,多伦科技,63.33,63.58,61.6,61.9,62.19,1.14,1.8331,2.7388,1415400,89041515.0,13089044400.0,3272894400.0
2017-03-31,'603528,多伦科技,62.19,63.82,60.91,62.29,62.58,-0.39,-0.6232,4.1181,2128213,132125955.0,12853429200.0,3213979200.0
2017-03-30,'603528,多伦科技,62.58,64.8,62.05,64.8,65.32,-2.74,-4.1947,5.2667,2721818,172154730.0,12934034400.0,3234134400.0
2017-03-29,'603528,多伦科技,65.32,70.49,65.08,70.25,70.22,-4.9,-6.9781,7.4177,3833460,257818661.0,13500337600.0,3375737600.0
2017-03-28,'603528,多伦科技,70.22,70.7,68.88,69.25,69.25,0.97,1.4007,5.3155,2747029,191769225.0,14513069600.0,3628969600.0
2017-03-27,'603528,多伦科技,69.25,70.35,68.73,69.69,69.94,-0.69,-0.9866,3.7836,1955348,135612565.0,14312590000.0,3578840000.0
2017-03-24,'603528,多伦科技,69.94,70.77,69.53,70.2,70.92,-0.98,-1.3818,6.0892,3146874,220382946.0,14455199200.0,3614499200.0
2017-03-23,'603528,多伦科技,70.92,72.17,68.25,68.25,67.98,2.94,4.3248,12.5535,6487641,456573214.0,14657745600.0,3665145600.0
2017-03-22,'603528,多伦科技,67.98,68.46,67.24,67.85,68.4,-0.42,-0.614,3.5606,1840100,124776243.0,14050106400.0,3513206400.0
2017-03-21,'603528,多伦科技,68.4,68.57,67.6,68.38,68.61,-0.21,-0.3061,5.2612,2718968,185300360.0,14136912000.0,3534912000.0
2017-03-20,'603528,多伦科技,68.61,68.79,67.6,67.9,68.6,0.01,0.0146,3.9243,2028090,138203985.0,14180314800.0,3545764800.0
2017-03-17,'603528,多伦科技,68.6,70.07,68.55,69.9,69.91,-1.31,-1.8738,5.5307,2858287,198222395.0,14178248000.0,3545248000.0
2017-03-16,'603528,多伦科技,69.91,70.08,68.76,69.0,68.66,1.25,1.8206,5.6009,2894528,200790303.0,14448998800.0,3612948800.0
2017-03-15,'603528,多伦科技,68.66,69.32,68.04,68.74,69.03,-0.37,-0.536,4.1015,2119679,145448431.0,14190648800.0,3548348800.0
2017-03-14,'603528,多伦科技,69.03,70.36,68.86,69.82,69.9,-0.87,-1.2446,5.1677,2670644,185412516.0,14267120400.0,3567470400.0
2017-03-13,'603528,多伦科技,69.9,69.94,68.17,68.89,69.31,0.59,0.8512,5.8413,3018782,208817881.0,14446932000.0,3612432000.0
2017-03-10,'603528,多伦科技,69.31,69.56,66.74,66.74,66.69,2.62,3.9286,7.724,3991773,273606278.0,14324990800.0,3581940800.0
2017-03-09,'603528,多伦科技,66.69,67.19,66.36,66.9,67.19,-0.5,-0.7442,3.5915,1856065,123753369.0,13783489200.0,3446539200.0
2017-03-08,'603528,多伦科技,67.19,67.98,66.5,67.27,67.32,-0.13,-0.1931,3.8881,2009359,135097598.0,13886829200.0,3472379200.0
2017-03-07,'603528,多伦科技,67.32,68.18,66.67,67.7,67.98,-0.66,-0.9709,4.6517,2403987,161605079.0,13913697600.0,3479097600.0
2017-03-06,'603528,多伦科技,67.98,68.45,66.82,66.82,66.98,1.0,1.493,5.6981,2944762,199308614.0,14050106400.0,3513206400.0
2017-03-03,'603528,多伦科技,66.98,67.25,65.03,65.38,66.01,0.97,1.4695,6.5385,3379071,224815432.0,13843426400.0,3461526400.0
2017-03-02,'603528,多伦科技,66.01,66.46,64.52,64.8,64.83,1.18,1.8201,8.0868,4179267,275007634.0,13642946800.0,3411396800.0
2017-03-01,'603528,多伦科技,64.83,65.5,64.2,64.2,64.57,0.26,0.4027,3.9276,2029806,131997730.0,13399064400.0,3350414400.0
2017-02-28,'603528,多伦科技,64.57,64.78,63.6,64.07,64.01,0.56,0.8749,2.6559,1372568,88165907.0,13345327600.0,3336977600.0
2017-02-27,'603528,多伦科技,64.01,65.4,63.96,65.19,65.17,-1.16,-1.78,3.5179,1818057,117642901.0,13229586800.0,3308036800.0
2017-02-24,'603528,多伦科技,65.17,65.44,63.73,64.15,64.01,1.16,1.8122,4.1318,2135325,138210340.0,13469335600.0,3367985600.0
2017-02-23,'603528,多伦科技,64.01,64.27,63.31,63.88,63.72,0.29,0.4551,2.6882,1389244,88564134.0,13229586800.0,3308036800.0
2017-02-22,'603528,多伦科技,63.72,64.09,63.02,63.95,63.94,-0.22,-0.3441,2.7434,1417764,90169632.0,13169649600.0,3293049600.0
2017-02-21,'603528,多伦科技,63.94,64.38,62.4,62.4,62.54,1.4,2.2386,4.296,2220198,140989632.0,13215119200.0,3304419200.0
2017-02-20,'603528,多伦科技,62.54,62.81,60.9,62.38,62.54,0.0,0.0,3.3205,1716021,106168842.0,12925767200.0,3232067200.0
2017-02-17,'603528,多伦科技,62.54,64.99,62.32,64.2,64.45,-1.91,-2.9635,4.1812,2160835,137285675.0,12925767200.0,3232067200.0
2017-02-16,'603528,多伦科技,64.45,65.14,64.01,64.65,65.05,-0.6,-0.9224,3.0604,1581630,102211232.0,13320526000.0,3330776000.0
2017-02-15,'603528,多伦科技,65.05,66.5,64.93,65.85,66.06,-1.01,-1.5289,5.0796,2625112,172480393.0,13444534000.0,3361784000.0
2017-02-14,'603528,多伦科技,66.06,66.95,65.81,66.3,66.32,-0.26,-0.392,3.5797,1849975,122525485.0,13653280800.0,3413980800.0
2017-02-13,'603528,多伦科技,66.32,66.56,64.56,64.6,64.92,1.4,2.1565,4.8276,2494919,164340938.0,13707017600.0,3427417600.0
2017-02-10,'603528,多伦科技,64.92,66.39,64.8,66.15,66.17,-1.25,-1.8891,4.1255,2132084,139486595.0,13417665600.0,3355065600.0
2017-02-09,'603528,多伦科技,66.17,67.25,65.28,65.41,65.64,0.53,0.8074,6.2518,3230910,214223027.0,13676015600.0,3419665600.0
2017-02-08,'603528,多伦科技,65.64,65.76,64.28,64.6,64.95,0.69,1.0624,3.7696,1948133,126761337.0,13566475200.0,3392275200.0
2017-02-07,'603528,多伦科技,64.95,65.79,64.41,65.79,65.87,-0.92,-1.3967,3.8076,1967784,127920184.0,13423866000.0,3356616000.0
2017-02-06,'603528,多伦科技,65.87,65.95,64.45,64.58,64.77,1.1,1.6983,3.9404,2036382,132926096.0,13614011600.0,3404161600.0
2017-02-03,'603528,多伦科技,64.77,66.61,64.07,64.54,64.53,0.24,0.3719,5.253,2714737,177158101.0,13386663600.0,3347313600.0
2017-01-26,'603528,多伦科技,64.53,64.66,63.15,63.99,64.09,0.44,0.6865,4.0596,2097993,134165829.0,13337060400.0,3334910400.0
2017-01-25,'603528,多伦科技,64.09,64.78,60.6,60.78,61.21,2.88,4.7051,8.0475,4158945,264073445.0,13246121200.0,3312171200.0
2017-01-24,'603528,多伦科技,61.21,63.0,60.88,63.0,63.15,-1.94,-3.0721,4.1577,2148713,132970996.0,12650882800.0,3163332800.0
2017-01-23,'603528,多伦科技,63.15,64.2,62.62,62.9,63.35,-0.2,-0.3157,5.1809,2677468,169307649.0,13051842000.0,3263592000.0
2017-01-20,'603528,多伦科技,63.35,64.13,61.54,62.5,62.9,0.45,0.7154,9.5077,4913580,308329860.0,13093178000.0,3273928000.0
2017-01-19,'603528,多伦科技,62.9,64.54,57.91,59.11,60.76,2.14,3.5221,9.8594,5095362,313068347.0,13000172000.0,3250672000.0
2017-01-18,'603528,多伦科技,60.76,64.49,60.28,64.49,58.89,1.87,3.1754,14.2783,7379027,462399781.0,12557876800.0,3140076800.0
2017-01-17,'603528,多伦科技,58.89,59.47,56.3,57.01,57.25,1.64,2.8646,2.6813,1385679,79943318.0,12171385200.0,3043435200.0
2017-01-16,'603528,多伦科技,57.25,60.0,55.22,59.99,61.06,-3.81,-6.2398,3.767,1946787,111965172.0,11832430000.0,2958680000.0
2017-01-13,'603528,多伦科技,61.06,65.25,60.88,64.58,64.56,-3.5,-5.4213,2.2954,1186260,74672368.0,12619880800.0,3155580800.0
2017-01-12,'603528,多伦科技,64.56,65.48,64.02,64.02,64.71,-0.15,-0.2318,1.3876,717112,46459448.0,13343260800.0,3336460800.0
2017-01-11,'603528,多伦科技,64.71,67.68,64.7,67.68,67.7,-2.99,-4.4165,2.203,1138499,75296125.0,13374262800.0,3344212800.0
2017-01-10,'603528,多伦科技,67.7,68.16,67.08,68.16,68.04,-0.34,-0.4997,1.2235,632315,42749225.0,13992236000.0,3498736000.0
2017-01-09,'603528,多伦科技,68.04,68.37,67.2,67.5,67.55,0.49,0.7254,1.4229,735364,49873366.0,14062507200.0,3516307200.0
2017-01-06,'603528,多伦科技,67.55,69.17,67.1,67.62,67.55,0.0,0.0,2.6763,1383134,94340041.0,13961234000.0,3490984000.0
2017-01-05,'603528,多伦科技,67.55,68.64,67.33,68.64,68.42,-0.87,-1.2716,1.6983,877701,59572090.0,13961234000.0,3490984000.0
2017-01-04,'603528,多伦科技,68.42,68.44,66.6,66.8,66.73,1.69,2.5326,2.1502,1111209,75036707.0,14141045600.0,3535945600.0
2017-01-03,'603528,多伦科技,66.73,67.5,65.6,65.93,65.35,1.38,2.1117,1.4786,764133,50904237.0,13791756400.0,3448606400.0
2016-12-30,'603528,多伦科技,65.35,66.99,65.2,66.52,66.52,-1.17,-1.7589,1.4001,723593,47595728.0,13506538000.0,3377288000.0
2016-12-29,'603528,多伦科技,66.52,67.42,66.4,67.06,67.16,-0.64,-0.9529,1.0391,537000,35959090.0,13748353600.0,3437753600.0
2016-12-28,'603528,多伦科技,67.16,67.77,66.5,66.99,66.93,0.23,0.3436,1.3578,701727,47235416.0,13880628800.0,3470828800.0
2016-12-27,'603528,多伦科技,66.93,67.94,66.7,66.97,66.97,-0.04,-0.0597,1.4532,750998,50540999.0,13833092400.0,3458942400.0
2016-12-26,'603528,多伦科技,66.97,66.98,64.1,66.0,66.39,0.58,0.8736,2.6015,1344462,88198671.0,13841359600.0,3461009600.0
2016-12-23,'603528,多伦科技,66.39,71.38,66.21,71.35,70.99,-4.6,-6.4798,4.8519,2507447,171552721.0,13721485200.0,3431035200.0
2016-12-22,'603528,多伦科技,70.99,71.45,70.75,71.38,71.19,-0.2,-0.2809,1.5203,785702,55846462.0,14672213200.0,3668763200.0
2016-12-21,'603528,多伦科技,71.19,72.36,70.98,71.16,71.0,0.19,0.2676,2.1533,1112804,79343988.0,14713549200.0,3679099200.0
2016-12-20,'603528,多伦科技,71.0,71.49,70.4,70.76,70.43,0.57,0.8093,1.2442,643000,45554765.0,14674280000.0,3669280000.0
2016-12-19,'603528,多伦科技,70.43,71.68,70.36,71.39,71.39,-0.96,-1.3447,1.4376,742962,52756219.0,14556472400.0,3639822400.0
2016-12-16,'603528,多伦科技,71.39,71.49,70.8,71.06,71.06,0.33,0.4644,2.7846,1439069,102451254.0,14754885200.0,3689435200.0
2016-12-15,'603528,多伦科技,71.06,71.9,70.25,70.96,70.91,0.15,0.2115,2.5311,1308083,93246021.0,14686680800.0,3672380800.0
2016-12-14,'603528,多伦科技,70.91,72.15,70.81,71.0,71.95,-1.04,-1.4454,1.4416,745005,53202301.0,14655678800.0,3664628800.0
2016-12-13,'603528,多伦科技,71.95,72.47,70.04,71.0,71.66,0.29,0.4047,2.0806,1075273,76830338.0,14870626000.0,3718376000.0
2016-12-12,'603528,多伦科技,71.66,78.19,71.5,78.19,78.01,-6.35,-8.14,3.9081,2019703,149480801.0,14810688800.0,3703388800.0
2016-12-09,'603528,多伦科技,78.01,80.0,78.0,80.0,79.98,-1.97,-2.4631,2.8765,1486563,116531609.0,16123106800.0,4031556800.0
2016-12-08,'603528,多伦科技,79.98,80.58,79.3,80.5,80.49,-0.51,-0.6336,2.3008,1189035,94972860.0,16530266400.0,4133366400.0
2016-12-07,'603528,多伦科技,80.49,80.9,79.95,80.0,80.5,-0.01,-0.0124,2.3357,1207111,96885925.0,16635673200.0,4159723200.0
2016-12-06,'603528,多伦科技,80.5,81.6,79.9,80.55,80.42,0.08,0.0995,2.0206,1044234,84054741.0,16637740000.0,4160240000.0
2016-12-05,'603528,多伦科技,80.42,80.93,79.71,80.1,80.98,-0.56,-0.6915,2.2641,1170100,93741087.0,16621205600.0,4156105600.0
2016-12-02,'603528,多伦科技,80.98,84.29,80.3,84.16,84.16,-3.18,-3.7785,4.684,2420708,199280174.0,16736946400.0,4185046400.0
2016-12-01,'603528,多伦科技,84.16,85.88,83.6,84.87,84.53,-0.37,-0.4377,2.9909,1545712,131023966.0,17394188800.0,4349388800.0
2016-11-30,'603528,多伦科技,84.53,85.16,83.5,83.66,84.24,0.29,0.3443,2.5521,1318942,111404222.0,17470660400.0,4368510400.0
2016-11-29,'603528,多伦科技,84.24,85.54,83.5,84.16,84.14,0.1,0.1188,3.3273,1719569,145373877.0,17410723200.0,4353523200.0
2016-11-28,'603528,多伦科技,84.14,85.6,83.4,85.6,85.77,-1.63,-1.9004,3.3604,1736674,146126322.0,17390055200.0,4348355200.0
2016-11-25,'603528,多伦科技,85.77,85.86,82.8,84.99,85.09,0.68,0.7992,4.717,2437733,205743309.0,17726943600.0,4432593600.0
2016-11-24,'603528,多伦科技,85.09,86.95,84.6,86.5,86.1,-1.01,-1.1731,4.6596,2408107,205933456.0,17586401200.0,4397451200.0
2016-11-23,'603528,多伦科技,86.1,88.18,85.69,87.8,87.11,-1.01,-1.1595,4.837,2499781,216630103.0,17795148000.0,4449648000.0
2016-11-22,'603528,多伦科技,87.11,88.85,85.97,87.88,88.1,-0.99,-1.1237,7.5185,3885535,338484434.0,18003894800.0,4501844800.0
2016-11-21,'603528,多伦科技,88.1,89.59,84.06,84.21,84.77,3.33,3.9283,9.979,5157125,449721601.0,18208508000.0,4553008000.0
2016-11-18,'603528,多伦科技,84.77,86.28,82.88,82.88,81.37,3.4,4.1784,11.3883,5885474,498667013.0,17520263600.0,4380913600.0
2016-11-17,'603528,多伦科技,81.37,82.49,80.5,81.12,81.69,-0.32,-0.3917,3.6512,1886951,152680526.0,16817551600.0,4205201600.0
2016-11-16,'603528,多伦科技,81.69,83.58,81.25,81.25,81.2,0.49,0.6034,5.8358,3015966,249052049.0,16883689200.0,4221739200.0
2016-11-15,'603528,多伦科技,81.2,82.08,80.6,82.08,82.19,-0.99,-1.2045,3.4014,1757845,142595846.0,16782416000.0,4196416000.0
2016-11-14,'603528,多伦科技,82.19,82.49,81.21,82.1,81.98,0.21,0.2562,3.6167,1869114,153353579.0,16987029200.0,4247579200.0
2016-11-11,'603528,多伦科技,81.98,83.75,81.5,83.6,83.59,-1.61,-1.9261,6.8998,3565792,293799243.0,16943626400.0,4236726400.0
2016-11-10,'603528,多伦科技,83.59,83.77,81.23,81.55,80.98,2.61,3.223,7.9325,4099534,339395476.0,17276381200.0,4319931200.0
2016-11-09,'603528,多伦科技,80.98,81.79,80.1,81.67,81.92,-0.94,-1.1475,5.4482,2815630,227993276.0,16736946400.0,4185046400.0
2016-11-08,'603528,多伦科技,81.92,82.62,81.3,81.3,81.49,0.43,0.5277,3.6449,1883698,154192830.0,16931225600.0,4233625600.0
2016-11-07,'603528,多伦科技,81.49,83.88,80.98,83.88,82.27,-0.78,-0.9481,5.5622,2874565,235069428.0,16842353200.0,4211403200.0
2016-11-04,'603528,多伦科技,82.27,83.17,79.3,79.4,79.38,2.89,3.6407,9.6165,4969819,407187993.0,17003563600.0,4251713600.0
2016-11-03,'603528,多伦科技,79.38,81.94,78.9,80.3,80.21,-0.83,-1.0348,7.0641,3650720,294401287.0,16406258400.0,4102358400.0
2016-11-02,'603528,多伦科技,80.21,82.3,79.82,79.83,80.15,0.06,0.0749,7.4128,3830943,310168789.0,16577802800.0,4145252800.0
2016-11-01,'603528,多伦科技,80.15,80.55,77.38,77.4,77.38,2.77,3.5797,6.1177,3161612,251019445.0,16565402000.0,4142152000.0
2016-10-31,'603528,多伦科技,77.38,77.8,76.5,77.2,77.07,0.31,0.4022,2.059,1064069,82145795.0,15992898400.0,3998998400.0
2016-10-28,'603528,多伦科技,77.07,78.6,76.86,77.8,78.07,-1.0,-1.2809,3.5221,1820228,141133037.0,15928827600.0,3982977600.0
2016-10-27,'603528,多伦科技,78.07,78.66,77.63,78.64,78.26,-0.19,-0.2428,2.4595,1271090,99188151.0,16135507600.0,4034657600.0
2016-10-26,'603528,多伦科技,78.26,80.23,77.8,80.2,80.09,-1.83,-2.2849,3.6426,1882515,147870132.0,16174776800.0,4044476800.0
2016-10-25,'603528,多伦科技,80.09,81.33,79.31,79.87,79.39,0.7,0.8817,4.9754,2571284,206324543.0,16553001200.0,4139051200.0
2016-10-24,'603528,多伦科技,79.39,80.49,79.0,80.1,79.81,-0.42,-0.5262,4.1276,2133138,169511301.0,16408325200.0,4102875200.0
2016-10-21,'603528,多伦科技,79.81,80.33,77.4,78.0,77.83,1.98,2.544,7.4647,3857782,305444055.0,16495130800.0,4124580800.0
2016-10-20,'603528,多伦科技,77.83,78.64,77.5,77.8,78.2,-0.37,-0.4731,2.1538,1113093,86675177.0,16085904400.0,4022254400.0
2016-10-19,'603528,多伦科技,78.2,78.99,77.5,77.7,77.55,0.65,0.8382,3.2468,1677956,131247337.0,16162376000.0,4041376000.0
2016-10-18,'603528,多伦科技,77.55,77.8,76.04,76.09,76.17,1.38,1.8117,2.6842,1387208,106681903.0,16028034000.0,4007784000.0
2016-10-17,'603528,多伦科技,76.17,78.99,76.01,77.95,78.13,-1.96,-2.5086,3.2981,1704471,131243270.0,15742815600.0,3936465600.0
2016-10-14,'603528,多伦科技,78.13,79.18,77.02,77.02,77.32,0.81,1.0476,3.1198,1612300,126291241.0,16147908400.0,4037758400.0
2016-10-13,'603528,多伦科技,77.32,79.2,77.28,78.59,78.51,-1.19,-1.5157,3.2069,1657302,129256785.0,15980497600.0,3995897600.0
2016-10-12,'603528,多伦科技,78.51,79.75,77.5,77.8,78.73,-0.22,-0.2794,4.6813,2419319,190568389.0,16226446800.0,4057396800.0
2016-10-11,'603528,多伦科技,78.73,79.19,77.0,77.65,77.06,1.67,2.1671,5.1809,2677514,208830454.0,16271916400.0,4068766400.0
2016-10-10,'603528,多伦科技,77.06,77.56,73.16,73.16,72.99,4.07,5.5761,4.6233,2389343,181625502.0,15926760800.0,3982460800.0
2016-09-30,'603528,多伦科技,72.99,73.33,72.0,72.0,72.34,0.65,0.8985,1.4811,765444,55724914.0,15085573200.0,3772123200.0
2016-09-29,'603528,多伦科技,72.34,73.1,72.2,72.9,72.88,-0.54,-0.7409,1.8497,955908,69530981.0,14951231200.0,3738531200.0
2016-09-28,'603528,多伦科技,72.88,73.66,71.4,72.46,72.47,0.41,0.5658,3.1503,1628097,118367309.0,15062838400.0,3766438400.0
2016-09-27,'603528,多伦科技,72.47,72.55,70.5,70.5,71.2,1.27,1.7837,3.2971,1703956,121662849.0,14978099600.0,3745249600.0
2016-09-26,'603528,多伦科技,71.2,76.0,71.12,76.0,76.23,-5.03,-6.5985,5.6604,2925299,213837156.0,14715616000.0,3679616000.0
2016-09-23,'603528,多伦科技,76.23,78.12,76.1,77.84,77.85,-1.62,-2.0809,3.1035,1603908,123299646.0,15755216400.0,3939566400.0
2016-09-22,'603528,多伦科技,77.85,78.2,76.8,77.03,76.6,1.25,1.6319,3.6521,1887418,146055190.0,16090038000.0,4023288000.0
2016-09-21,'603528,多伦科技,76.6,77.48,75.56,75.99,75.94,0.66,0.8691,3.149,1627407,124770403.0,15831688000.0,3958688000.0
2016-09-20,'603528,多伦科技,75.94,76.69,75.69,76.3,75.94,0.0,0.0,2.0619,1065582,81104463.0,15695279200.0,3924579200.0
2016-09-19,'603528,多伦科技,75.94,76.45,75.31,75.9,75.01,0.93,1.2398,2.3565,1217855,92528820.0,15695279200.0,3924579200.0
2016-09-14,'603528,多伦科技,75.01,76.55,74.89,75.06,75.72,-0.71,-0.9377,3.1612,1633683,123503906.0,15503066800.0,3876516800.0
2016-09-13,'603528,多伦科技,75.72,76.98,75.27,76.5,75.91,-0.19,-0.2503,3.0162,1558788,118409896.0,15649809600.0,3913209600.0
2016-09-12,'603528,多伦科技,75.91,78.35,75.88,77.5,79.95,-4.04,-5.0532,5.8512,3023901,233706123.0,15689078800.0,3923028800.0
2016-09-09,'603528,多伦科技,79.95,81.57,79.76,81.01,81.08,-1.13,-1.3937,3.493,1805180,145495209.0,16524066000.0,4131816000.0
2016-09-08,'603528,多伦科技,81.08,81.38,80.51,80.6,80.77,0.31,0.3838,2.5008,1292425,104567831.0,16757614400.0,4190214400.0
2016-09-07,'603528,多伦科技,80.77,82.25,80.7,81.85,82.18,-1.41,-1.7157,3.5244,1821423,148378798.0,16693543600.0,4174193600.0
2016-09-06,'603528,多伦科技,82.18,83.01,79.0,80.55,80.6,1.58,1.9603,5.1829,2678536,216343231.0,16984962400.0,4247062400.0
2016-09-05,'603528,多伦科技,80.6,81.87,80.19,81.7,81.03,-0.43,-0.5307,3.7844,1955756,158346869.0,16658408000.0,4165408000.0
2016-09-02,'603528,多伦科技,81.03,82.9,80.8,82.5,83.3,-2.27,-2.7251,5.3059,2742082,224219816.0,16747280400.0,4187630400.0
2016-09-01,'603528,多伦科技,83.3,85.68,83.06,84.8,85.24,-1.94,-2.2759,5.7475,2970328,251297100.0,17216444000.0,4304944000.0
2016-08-31,'603528,多伦科技,85.24,85.98,83.63,85.4,85.17,0.07,0.0822,7.172,3706489,314329844.0,17617403200.0,4405203200.0
2016-08-30,'603528,多伦科技,85.17,85.49,81.27,81.48,81.21,3.96,4.8762,8.5713,4429672,372040643.0,17602935600.0,4401585600.0
2016-08-29,'603528,多伦科技,81.21,82.7,80.6,80.89,81.76,-0.55,-0.6727,3.3252,1718441,140202757.0,16784482800.0,4196932800.0
2016-08-26,'603528,多伦科技,81.76,84.38,81.4,83.88,83.12,-1.36,-1.6362,5.9834,3092213,254780934.0,16898156800.0,4225356800.0
2016-08-25,'603528,多伦科技,83.12,83.21,79.0,81.02,81.82,1.3,1.5889,6.7236,3474754,284990913.0,17179241600.0,4295641600.0
2016-08-24,'603528,多伦科技,81.82,82.73,80.7,82.5,82.37,-0.55,-0.6677,4.3191,2232134,182147424.0,16910557600.0,4228457600.0
2016-08-23,'603528,多伦科技,82.37,83.3,81.02,81.05,80.86,1.51,1.8674,5.5334,2859669,234883971.0,17024231600.0,4256881600.0
2016-08-22,'603528,多伦科技,80.86,87.7,80.44,87.7,87.03,-6.17,-7.0895,8.0755,4173443,349434108.0,16712144800.0,4178844800.0
2016-08-19,'603528,多伦科技,87.03,89.0,86.5,87.23,87.29,-0.26,-0.2979,6.483,3350394,292798383.0,17987360400.0,4497710400.0
2016-08-18,'603528,多伦科技,87.29,90.36,86.56,89.5,89.27,-1.98,-2.218,8.946,4623280,408109622.0,18041097200.0,4511147200.0
2016-08-17,'603528,多伦科技,89.27,90.8,87.05,87.06,87.98,1.29,1.4662,10.963,5665674,506472789.0,18450323600.0,4613473600.0
2016-08-16,'603528,多伦科技,87.98,92.1,84.3,84.3,83.82,4.16,4.963,14.313,7396984,657145009.0,18183706400.0,4546806400.0
2016-08-15,'603528,多伦科技,83.82,84.3,80.5,81.1,81.3,2.52,3.0996,8.5261,4406303,365669956.0,17323917600.0,4331817600.0
2016-08-12,'603528,多伦科技,81.3,81.5,79.51,80.0,80.41,0.89,1.1068,4.4917,2321316,187327886.0,16803084000.0,4201584000.0
2016-08-11,'603528,多伦科技,80.41,82.86,80.3,82.0,82.96,-2.55,-3.0738,6.4527,3334778,271065528.0,16619138800.0,4155588800.0
2016-08-10,'603528,多伦科技,82.96,84.68,81.03,81.32,81.34,1.62,1.9916,8.7118,4502262,374486903.0,17146172800.0,4287372800.0
2016-08-09,'603528,多伦科技,81.34,81.88,80.01,80.1,80.5,0.84,1.0435,7.1762,3708675,300308152.0,16811351200.0,4203651200.0
2016-08-08,'603528,多伦科技,80.5,80.58,77.1,80.0,81.36,-0.86,-1.057,7.3706,3809124,300348556.0,16637740000.0,4160240000.0
2016-08-05,'603528,多伦科技,81.36,84.47,81.2,82.9,82.73,-1.37,-1.656,6.4439,3330192,276229888.0,16815484800.0,4204684800.0
2016-08-04,'603528,多伦科技,82.73,83.68,81.8,83.58,83.51,-0.78,-0.934,6.378,3296154,272568836.0,17098636400.0,4275486400.0
2016-08-03,'603528,多伦科技,83.51,84.5,80.55,81.01,81.32,2.19,2.6931,9.4106,4863385,403614122.0,17259846800.0,4315796800.0
2016-08-02,'603528,多伦科技,81.32,81.6,79.81,80.55,80.29,1.03,1.2828,5.1205,2646269,213864170.0,16807217600.0,4202617600.0
2016-08-01,'603528,多伦科技,80.29,83.02,78.08,83.02,84.05,-3.76,-4.4735,6.9844,3609519,290480530.0,16594337200.0,4149387200.0
2016-07-29,'603528,多伦科技,84.05,85.58,81.18,83.19,83.18,0.87,1.0459,8.8725,4585313,384605658.0,17371454000.0,4343704000.0
2016-07-28,'603528,多伦科技,83.18,85.88,79.77,84.8,84.44,-1.26,-1.4922,10.4165,5383261,445720327.0,17191642400.0,4298742400.0
2016-07-27,'603528,多伦科技,84.44,88.98,82.0,87.0,86.68,-2.24,-2.5842,11.6378,6014424,516813889.0,17452059200.0,4363859200.0
2016-07-26,'603528,多伦科技,86.68,88.8,84.2,84.2,84.14,2.54,3.0188,7.5705,3912428,340369883.0,17915022400.0,4479622400.0
2016-07-25,'603528,多伦科技,84.14,87.23,83.1,86.99,87.16,-3.02,-3.4649,8.6638,4477458,380787888.0,17390055200.0,4348355200.0
2016-07-22,'603528,多伦科技,87.16,90.37,86.11,90.33,90.24,-3.08,-3.4131,8.7044,4498435,395814716.0,18014228800.0,4504428800.0
2016-07-21,'603528,多伦科技,90.24,93.88,90.14,93.59,92.9,-2.66,-2.8633,8.5242,4405312,403073854.0,18650803200.0,4663603200.0
2016-07-20,'603528,多伦科技,92.9,94.8,92.3,94.3,94.26,-1.36,-1.4428,6.5235,3371339,316087393.0,19200572000.0,4801072000.0
2016-07-19,'603528,多伦科技,94.26,94.32,90.18,91.0,91.99,2.27,2.4677,8.2633,4270482,396874227.0,19481656800.0,4871356800.0
2016-07-18,'603528,多伦科技,91.99,96.0,91.9,95.05,97.59,-5.6,-5.7383,12.6655,6545529,611649789.0,19012493200.0,4754043200.0
2016-07-15,'603528,多伦科技,97.59,99.8,95.0,95.23,95.23,2.36,2.4782,14.8842,7692150,753112095.0,20169901200.0,5043451200.0
2016-07-14,'603528,多伦科技,95.23,95.28,91.51,92.58,92.34,2.89,3.1297,9.9735,5154281,481529612.0,19682136400.0,4921486400.0
2016-07-13,'603528,多伦科技,92.34,95.25,91.0,93.08,93.86,-1.52,-1.6194,11.3475,5864413,545063262.0,19084831200.0,4772131200.0
2016-07-12,'603528,多伦科技,93.86,94.28,86.0,92.76,92.55,1.31,1.4155,16.1363,8339243,758616434.0,19398984800.0,4850684800.0
2016-07-11,'603528,多伦科技,92.55,100.56,90.3,98.01,99.9,-7.35,-7.3574,19.724,10193368,967945063.0,19128234000.0,4782984000.0
2016-07-08,'603528,多伦科技,99.9,103.5,99.5,100.99,99.93,-0.03,-0.03,12.607,6515309,662271629.0,20647332000.0,5162832000.0
2016-07-07,'603528,多伦科技,99.93,102.98,97.08,101.9,101.67,-1.74,-1.7114,14.2137,7345643,730760897.0,20653532400.0,5164382400.0
2016-07-06,'603528,多伦科技,101.67,108.2,100.98,106.48,105.85,-4.18,-3.949,16.7042,8632741,891422426.0,21013155600.0,5254305600.0
2016-07-05,'603528,多伦科技,105.85,106.98,102.02,102.28,101.46,4.39,4.3268,20.1899,10434149,1092340714.0,21877078000.0,5470328000.0
2016-07-04,'603528,多伦科技,101.46,102.8,96.68,97.89,98.15,3.31,3.3724,16.2978,8422691,837710335.0,20969752800.0,5243452800.0
2016-07-01,'603528,多伦科技,98.15,101.5,95.3,98.0,97.99,0.16,0.1633,17.1752,8876164,876395528.0,20285642000.0,5072392000.0
2016-06-30,'603528,多伦科技,97.99,104.68,97.99,102.5,108.88,-10.89,-10.0018,26.0706,13473299,1353050369.0,20252573200.0,5064123200.0
2016-06-29,'603528,多伦科技,108.88,110.65,104.5,108.0,107.25,1.63,1.5198,20.215,10447099,1126385962.0,22503318400.0,5626918400.0
2016-06-28,'603528,多伦科技,107.25,108.95,103.19,105.01,106.97,0.28,0.2618,21.3244,11020466,1164807624.0,22166430000.0,5542680000.0
2016-06-27,'603528,多伦科技,106.97,113.88,101.69,103.63,103.69,3.28,3.1633,28.3773,14665377,1576274665.0,22108559600.0,5528209600.0
2016-06-24,'603528,多伦科技,103.69,105.25,95.7,96.0,95.68,8.01,8.3717,32.1532,16616774,1674604308.0,21430649200.0,5358699200.0
2016-06-23,'603528,多伦科技,95.68,98.78,93.32,97.5,98.97,-3.29,-3.3242,19.8852,10276691,984210113.0,19775142400.0,4944742400.0
2016-06-22,'603528,多伦科技,98.97,101.48,93.5,95.36,94.9,4.07,4.2887,25.4909,13173682,1288195046.0,20455119600.0,5114769600.0
2016-06-21,'603528,多伦科技,94.9,100.9,92.66,95.48,91.73,3.17,3.4558,34.2551,17703050,1707761288.0,19613932000.0,4904432000.0
2016-06-20,'603528,多伦科技,91.73,91.73,83.41,84.4,83.39,8.34,10.0012,17.6466,9119766,803064706.0,18958756400.0,4740606400.0
2016-06-17,'603528,多伦科技,83.39,84.73,80.88,80.88,79.86,3.53,4.4202,17.7469,9171611,760215624.0,17235045200.0,4309595200.0
2016-06-16,'603528,多伦科技,79.86,81.19,78.7,79.05,79.91,-0.05,-0.0626,14.4449,7465145,595447772.0,16505464800.0,4127164800.0
2016-06-15,'603528,多伦科技,79.91,82.3,73.89,74.0,75.1,4.81,6.4048,20.9936,10849507,854930518.0,16515798800.0,4129748800.0
2016-06-14,'603528,多伦科技,75.1,76.68,73.0,74.1,74.02,1.08,1.4591,15.54,8031066,602341372.0,15521668000.0,3881168000.0
2016-06-13,'603528,多伦科技,74.02,80.29,74.02,78.9,82.24,-8.22,-9.9951,21.3976,11058290,851700021.0,15298453600.0,3825353600.0
2016-06-08,'603528,多伦科技,82.24,86.86,82.0,86.55,88.35,-6.11,-6.9157,28.4035,14678945,1229739173.0,16997363200.0,4250163200.0
2016-06-07,'603528,多伦科技,88.35,89.8,85.5,87.79,87.8,0.55,0.6264,25.2419,13045006,1147593137.0,18260178000.0,4565928000.0
2016-06-06,'603528,多伦科技,87.8,90.9,86.01,86.01,86.71,1.09,1.2571,18.308,9461551,834356461.0,18146504000.0,4537504000.0
2016-06-03,'603528,多伦科技,86.71,89.51,85.3,86.8,88.53,-1.82,-2.0558,22.7519,11758176,1024183321.0,17921222800.0,4481172800.0
2016-06-02,'603528,多伦科技,88.53,89.66,80.8,81.6,82.66,5.87,7.1014,27.6999,14315318,1208901165.0,18297380400.0,4575230400.0
2016-06-01,'603528,多伦科技,82.66,85.58,80.5,83.0,80.04,2.62,3.2734,36.3057,18762806,1560553320.0,17084168800.0,4271868800.0
2016-05-31,'603528,多伦科技,80.04,80.04,72.76,73.69,72.76,7.28,10.0055,30.9761,16008433,1218077145.0,16542667200.0,4136467200.0
2016-05-30,'603528,多伦科技,72.76,75.68,70.0,71.3,69.5,3.26,4.6906,39.2106,20264028,1470857866.0,15038036800.0,3760236800.0
2016-05-27,'603528,多伦科技,69.5,75.3,68.88,72.99,68.79,0.71,1.0321,56.9018,29406863,2119692731.0,14364260000.0,3591760000.0
2016-05-26,'603528,多伦科技,68.79,68.79,66.4,67.98,62.54,6.25,9.9936,49.3417,25499804,1739311230.0,14217517200.0,3555067200.0
2016-05-25,'603528,多伦科技,62.54,62.54,62.54,62.54,56.85,5.69,10.0088,1.2511,646590,40437739.0,12925767200.0,3232067200.0
2016-05-24,'603528,多伦科技,56.85,56.85,56.85,56.85,51.68,5.17,10.0039,0.5997,309930,17619521.0,11749758000.0,2938008000.0
2016-05-23,'603528,多伦科技,51.68,51.68,51.68,51.68,46.98,4.7,10.0043,1.1761,607813,31411776.0,10681222400.0,2670822400.0
2016-05-20,'603528,多伦科技,46.98,46.98,46.98,46.98,42.71,4.27,9.9977,1.5873,820297,38537553.0,9709826400.0,2427926400.0
2016-05-19,'603528,多伦科技,42.71,42.71,42.71,42.71,38.83,3.88,9.9923,0.9884,510815,21816909.0,8827302800.0,2207252800.0
2016-05-18,'603528,多伦科技,38.83,38.83,38.83,38.83,35.3,3.53,10.0,0.3628,187482,7279926.0,8025384400.0,2006734400.0
2016-05-17,'603528,多伦科技,35.3,35.3,35.3,35.3,32.09,3.21,10.0031,0.4739,244892,8644688.0,7295804000.0,1824304000.0
2016-05-16,'603528,多伦科技,32.09,32.09,32.09,32.09,29.17,2.92,10.0103,0.4316,223061,7158027.0,6632361200.0,1658411200.0
2016-05-13,'603528,多伦科技,29.17,29.17,29.17,29.17,26.52,2.65,9.9925,0.2137,110419,3220922.0,6028855600.0,1507505600.0
2016-05-12,'603528,多伦科技,26.52,26.52,26.52,26.52,24.11,2.41,9.9959,0.2361,121992,3235228.0,5481153600.0,1370553600.0
2016-05-11,'603528,多伦科技,24.11,24.11,24.11,24.11,21.92,2.19,9.9909,0.0519,26801,646172.0,4983054800.0,1246004800.0
2016-05-10,'603528,多伦科技,21.92,21.92,21.92,21.92,19.93,1.99,9.9849,0.0597,30855,676342.0,4530425600.0,1132825600.0
2016-05-09,'603528,多伦科技,19.93,19.93,19.93,19.93,18.12,1.81,9.989,0.0859,44385,884593.0,4119132400.0,1029982400.0
2016-05-06,'603528,多伦科技,18.12,18.12,18.12,18.12,16.47,1.65,10.0182,0.0213,11030,199864.0,3745041600.0,936441600.0
2016-05-05,'603528,多伦科技,16.47,16.47,16.47,16.47,14.97,1.5,10.02,0.0157,8100,133407.0,3404019600.0,851169600.0
2016-05-04,'603528,多伦科技,14.97,14.97,14.97,14.97,13.61,1.36,9.9927,0.0195,10103,151242.0,3093999600.0,773649600.0
2016-05-03,'603528,N多伦,13.61,13.61,13.61,13.61,9.45,4.16,44.0212,0.0569,29416,400352.0,2812914800.0,703364800.0
