日期,股票代码,名称,收盘价,最高价,最低价,开盘价,前收盘,涨跌额,涨跌幅,换手率,成交量,成交金额,总市值,流通市值
2017-05-15,'603519,立霸股份,26.13,26.8,26.09,26.78,26.65,-0.52,-1.9512,0.5159,396629,10443541.0,4180800000.0,2008863948.0
2017-05-12,'603519,立霸股份,26.65,27.24,26.35,27.17,27.25,-0.6,-2.2018,0.7346,564757,15066232.0,4264000000.0,2048841340.0
2017-05-11,'603519,立霸股份,27.25,28.5,26.15,26.69,26.53,0.72,2.7139,1.0153,780535,21209221.0,4360000000.0,2094969100.0
2017-05-10,'603519,立霸股份,26.53,26.87,26.42,26.42,26.8,-0.27,-1.0075,0.2684,206335,5504233.0,4244800000.0,2039615788.0
2017-05-09,'603519,立霸股份,26.8,27.18,26.0,27.14,27.15,-0.35,-1.2891,0.4494,345482,9242554.0,4288000000.0,2060373280.0
2017-05-08,'603519,立霸股份,27.15,27.19,26.5,26.81,26.94,0.21,0.7795,0.4693,360807,9728148.0,4344000000.0,2087281140.0
2017-05-05,'603519,立霸股份,26.94,27.2,26.02,26.91,27.02,-0.08,-0.2961,0.334,256753,6904502.0,4310400000.0,2071136424.0
2017-05-04,'603519,立霸股份,27.02,27.29,26.81,27.18,26.95,0.07,0.2597,0.6655,511606,13840502.0,4323200000.0,2077286792.0
2017-05-03,'603519,立霸股份,26.95,27.39,26.72,26.88,26.83,0.12,0.4473,0.7067,543325,14722886.0,4312000000.0,2071905220.0
2017-05-02,'603519,立霸股份,26.83,26.99,26.11,26.11,26.32,0.51,1.9377,0.6556,504013,13455566.0,4292800000.0,2062679668.0
2017-04-28,'603519,立霸股份,26.32,26.8,26.0,26.15,26.13,0.19,0.7271,0.6074,466973,12253961.0,4211200000.0,2023471072.0
2017-04-27,'603519,立霸股份,26.13,26.51,25.84,26.33,26.33,-0.2,-0.7596,0.9324,716794,18728935.0,4180800000.0,2008863948.0
2017-04-26,'603519,立霸股份,26.33,26.5,25.28,26.5,26.03,0.3,1.1525,0.5516,424096,11081720.0,4212800000.0,2024239868.0
2017-04-25,'603519,立霸股份,26.03,26.87,25.5,26.52,26.51,-0.48,-1.8106,0.7154,550021,14346630.0,4164800000.0,2001175988.0
2017-04-24,'603519,立霸股份,26.51,28.0,26.37,28.0,27.9,-1.39,-4.9821,0.8666,666244,17753890.0,4241600000.0,2038078196.0
2017-04-21,'603519,立霸股份,27.9,28.42,27.5,28.35,28.5,-0.6,-2.1053,0.7164,550760,15366555.0,4464000000.0,2144940840.0
2017-04-20,'603519,立霸股份,28.5,28.78,28.03,28.3,28.31,0.19,0.6711,0.4753,365433,10390166.0,4560000000.0,2191068600.0
2017-04-19,'603519,立霸股份,28.31,29.46,27.78,29.46,29.46,-1.15,-3.9036,0.8887,683214,19442626.0,4529600000.0,2176461476.0
2017-04-18,'603519,立霸股份,29.46,30.09,29.35,30.09,29.66,-0.2,-0.6743,0.5731,440580,13047325.0,4713600000.0,2264873016.0
2017-04-17,'603519,立霸股份,29.66,30.77,29.66,29.71,30.14,-0.48,-1.5926,0.6482,498300,14901615.0,4745600000.0,2280248936.0
2017-04-14,'603519,立霸股份,30.14,30.65,30.01,30.55,30.6,-0.46,-1.5033,0.6073,466903,14103917.0,4822400000.0,2317151144.0
2017-04-13,'603519,立霸股份,30.6,31.13,30.25,30.78,30.78,-0.18,-0.5848,0.869,668105,20459357.0,4896000000.0,2352515760.0
2017-04-12,'603519,立霸股份,30.78,31.77,30.5,31.05,31.16,-0.38,-1.2195,0.9213,708275,22041990.0,4924800000.0,2366354088.0
2017-04-11,'603519,立霸股份,31.16,31.78,30.84,31.41,31.4,-0.24,-0.7643,1.0529,809482,25282484.0,4985600000.0,2395568336.0
2017-04-10,'603519,立霸股份,31.4,32.33,31.31,32.0,32.04,-0.64,-1.9975,1.529,1175515,37428901.0,5024000000.0,2414019440.0
2017-04-07,'603519,立霸股份,32.04,32.35,31.7,32.35,32.04,0.0,0.0,1.1723,901242,28831065.0,5126400000.0,2463222384.0
2017-04-06,'603519,立霸股份,32.04,32.62,31.03,31.19,31.2,0.84,2.6923,2.1023,1616246,51928119.0,5126400000.0,2463222384.0
2017-04-05,'603519,立霸股份,31.2,31.5,30.25,30.25,30.23,0.97,3.2087,1.1953,918960,28521972.0,4992000000.0,2398643520.0
2017-03-31,'603519,立霸股份,30.23,30.75,29.84,30.18,29.99,0.24,0.8003,0.5546,426407,12899845.0,4836800000.0,2324070308.0
2017-03-30,'603519,立霸股份,29.99,31.09,29.5,31.0,31.07,-1.08,-3.476,1.3162,1011927,30687732.0,4798400000.0,2305619204.0
2017-03-29,'603519,立霸股份,31.07,31.97,31.0,31.77,31.76,-0.69,-2.1725,1.0794,829855,26045435.0,4971200000.0,2388649172.0
2017-03-28,'603519,立霸股份,31.76,32.78,31.67,31.82,31.81,-0.05,-0.1572,1.1605,892190,28500261.0,5081600000.0,2441696096.0
2017-03-27,'603519,立霸股份,31.81,31.99,31.6,31.6,31.6,0.21,0.6646,1.3421,1031790,32853484.0,5089600000.0,2445540076.0
2017-03-24,'603519,立霸股份,31.6,31.76,31.02,31.3,31.48,0.12,0.3812,1.2737,979180,30896761.0,5056000000.0,2429395360.0
2017-03-23,'603519,立霸股份,31.48,31.98,31.2,31.38,31.38,0.1,0.3187,1.6953,1303305,41172406.0,5036800000.0,2420169808.0
2017-03-22,'603519,立霸股份,31.38,31.97,31.25,31.78,31.78,-0.4,-1.2587,1.284,987156,31094536.0,5020800000.0,2412481848.0
2017-03-21,'603519,立霸股份,31.78,32.48,31.58,32.0,32.07,-0.29,-0.9043,1.7518,1346784,42991191.0,5084800000.0,2443233688.0
2017-03-20,'603519,立霸股份,32.07,32.29,31.0,31.0,31.01,1.06,3.4183,1.8927,1455091,46473285.0,5131200000.0,2465528772.0
2017-03-17,'603519,立霸股份,31.01,31.56,30.98,31.46,31.42,-0.41,-1.3049,0.9463,727520,22697552.0,4961600000.0,2384036396.0
2017-03-16,'603519,立霸股份,31.42,31.8,31.31,31.31,31.36,0.06,0.1913,0.782,601179,18934746.0,5027200000.0,2415557032.0
2017-03-15,'603519,立霸股份,31.36,31.97,31.06,31.36,31.6,-0.24,-0.7595,1.0306,792296,24939374.0,5017600000.0,2410944256.0
2017-03-14,'603519,立霸股份,31.6,31.65,31.29,31.48,31.42,0.18,0.5729,0.8121,624334,19635175.0,5056000000.0,2429395360.0
2017-03-13,'603519,立霸股份,31.42,31.7,31.3,31.7,31.42,0.0,0.0,1.0457,803941,25295805.0,5027200000.0,2415557032.0
2017-03-10,'603519,立霸股份,31.42,31.53,31.31,31.38,31.32,0.1,0.3193,0.7117,547157,17201848.0,5027200000.0,2415557032.0
2017-03-09,'603519,立霸股份,31.32,31.88,30.91,31.83,31.82,-0.5,-1.5713,1.0289,791021,24752704.0,5011200000.0,2407869072.0
2017-03-08,'603519,立霸股份,31.82,32.5,31.73,32.5,31.73,0.09,0.2836,0.7356,565501,18084384.0,5091200000.0,2446308872.0
2017-03-07,'603519,立霸股份,31.73,32.1,31.69,32.1,32.11,-0.38,-1.1834,1.2883,990404,31480398.0,5076800000.0,2439389708.0
2017-03-06,'603519,立霸股份,32.11,32.44,31.53,31.8,31.92,0.19,0.5952,1.5283,1174918,37812584.0,5137600000.0,2468603956.0
2017-03-03,'603519,立霸股份,31.92,32.2,31.58,31.58,31.96,-0.04,-0.1252,0.9322,716665,22880778.0,5107200000.0,2453996832.0
2017-03-02,'603519,立霸股份,31.96,32.77,31.51,32.32,32.98,-1.02,-3.0928,2.6713,2053673,66377430.0,5113600000.0,2457072016.0
2017-03-01,'603519,立霸股份,32.98,34.24,30.85,31.11,31.13,1.85,5.9428,3.1785,2443647,80020649.0,5276800000.0,2535489208.0
2017-02-28,'603519,立霸股份,31.13,31.19,30.51,30.76,30.56,0.57,1.8652,1.024,787245,24369339.0,4980800000.0,2393261948.0
2017-02-27,'603519,立霸股份,30.56,30.97,30.54,30.7,30.8,-0.24,-0.7792,0.8109,623441,19127101.0,4889600000.0,2349440576.0
2017-02-24,'603519,立霸股份,30.8,31.3,30.41,30.74,30.58,0.22,0.7194,1.353,1040199,32182798.0,4928000000.0,2367891680.0
2017-02-23,'603519,立霸股份,30.58,30.63,30.13,30.45,30.26,0.32,1.0575,0.9011,692743,21046988.0,4892800000.0,2350978168.0
2017-02-22,'603519,立霸股份,30.26,30.73,30.0,30.5,30.73,-0.47,-1.5295,1.1967,919990,27857629.0,4841600000.0,2326376696.0
2017-02-21,'603519,立霸股份,30.73,30.92,30.28,30.66,30.75,-0.02,-0.065,1.2549,964757,29470157.0,4916800000.0,2362510108.0
2017-02-20,'603519,立霸股份,30.75,30.76,29.62,29.8,29.83,0.92,3.0841,1.4861,1142482,34556930.0,4920000000.0,2364047700.0
2017-02-17,'603519,立霸股份,29.83,29.99,29.65,29.77,29.81,0.02,0.0671,0.6476,497900,14825751.0,4772800000.0,2293318468.0
2017-02-16,'603519,立霸股份,29.81,30.0,29.71,29.94,29.94,-0.13,-0.4342,0.7549,580393,17329256.0,4769600000.0,2291780876.0
2017-02-15,'603519,立霸股份,29.94,30.15,29.6,30.02,30.0,-0.06,-0.2,0.7226,555536,16613645.0,4790400000.0,2301775224.0
2017-02-14,'603519,立霸股份,30.0,30.5,29.83,30.3,30.09,-0.09,-0.2991,0.8862,681338,20443949.0,4800000000.0,2306388000.0
2017-02-13,'603519,立霸股份,30.09,30.19,29.51,29.61,29.76,0.33,1.1089,1.2247,941543,28230632.0,4814400000.0,2313307164.0
2017-02-10,'603519,立霸股份,29.76,30.83,29.74,30.5,30.29,-0.53,-1.7498,0.9629,740300,22221440.0,4761600000.0,2287936896.0
2017-02-09,'603519,立霸股份,30.29,30.8,30.0,30.19,30.07,0.22,0.7316,0.8679,667213,20265510.0,4846400000.0,2328683084.0
2017-02-08,'603519,立霸股份,30.07,30.23,29.56,30.15,30.0,0.07,0.2333,0.6564,504600,15116067.0,4811200000.0,2311769572.0
2017-02-07,'603519,立霸股份,30.0,30.49,29.85,30.48,30.48,-0.48,-1.5748,0.5075,390185,11747143.0,4800000000.0,2306388000.0
2017-02-06,'603519,立霸股份,30.48,31.0,30.03,30.03,30.07,0.41,1.3635,0.5819,447354,13586243.0,4876800000.0,2343290208.0
2017-02-03,'603519,立霸股份,30.07,31.01,29.94,30.43,30.43,-0.36,-1.183,0.6228,478785,14522744.0,4811200000.0,2311769572.0
2017-01-26,'603519,立霸股份,30.43,30.87,30.05,30.13,30.22,0.21,0.6949,0.9411,723541,22071650.0,4868800000.0,2339446228.0
2017-01-25,'603519,立霸股份,30.22,30.63,30.12,30.35,30.35,-0.13,-0.4283,0.4105,315590,9552131.0,4835200000.0,2323301512.0
2017-01-24,'603519,立霸股份,30.35,30.97,30.14,30.4,30.28,0.07,0.2312,0.5731,440615,13482110.0,4856000000.0,2333295860.0
2017-01-23,'603519,立霸股份,30.28,30.65,29.96,30.05,30.05,0.23,0.7654,0.4619,355100,10731482.0,4844800000.0,2327914288.0
2017-01-20,'603519,立霸股份,30.05,30.57,29.33,29.33,29.95,0.1,0.3339,0.6162,473700,14246596.0,4808000000.0,2310231980.0
2017-01-19,'603519,立霸股份,29.95,30.0,29.25,29.95,29.75,0.2,0.6723,0.705,542000,16115436.0,4792000000.0,2302544020.0
2017-01-18,'603519,立霸股份,29.75,30.1,28.94,29.8,29.34,0.41,1.3974,1.254,964064,28557450.0,4760000000.0,2287168100.0
2017-01-17,'603519,立霸股份,29.34,29.82,26.84,26.84,29.82,-0.48,-1.6097,1.5222,1170285,33664994.0,4694400000.0,2255647464.0
2017-01-16,'603519,立霸股份,29.82,32.9,29.2,32.9,32.31,-2.49,-7.7066,1.7492,1344744,41140212.0,4771200000.0,2292549672.0
2017-01-13,'603519,立霸股份,32.31,32.49,31.8,31.82,31.82,0.49,1.5399,1.5756,1211325,39042566.0,5169600000.0,2483979876.0
2017-01-12,'603519,立霸股份,31.82,32.39,31.7,31.91,32.02,-0.2,-0.6246,1.0566,812348,25921880.0,5091200000.0,2446308872.0
2017-01-11,'603519,立霸股份,32.02,32.86,31.99,32.69,32.59,-0.57,-1.749,1.4257,1096048,35393006.0,5123200000.0,2461684792.0
2017-01-10,'603519,立霸股份,32.59,32.65,30.79,30.79,31.13,1.46,4.69,2.7381,2105063,67518487.0,5214400000.0,2505506164.0
2017-01-09,'603519,立霸股份,31.13,31.22,30.23,30.69,30.63,0.5,1.6324,0.7408,569550,17558340.0,4980800000.0,2393261948.0
2017-01-06,'603519,立霸股份,30.63,31.18,30.4,31.18,30.95,-0.32,-1.0339,0.751,577362,17862323.0,4900800000.0,2354822148.0
2017-01-05,'603519,立霸股份,30.95,30.98,30.62,30.62,30.64,0.31,1.0117,0.6899,530400,16350648.0,4952000000.0,2379423620.0
2017-01-04,'603519,立霸股份,30.64,30.91,29.8,30.2,30.59,0.05,0.1635,1.1975,920637,28176354.0,4902400000.0,2355590944.0
2017-01-03,'603519,立霸股份,30.59,31.05,30.35,31.0,30.03,0.56,1.8648,0.794,610444,18781937.0,4894400000.0,2351746964.0
2016-12-30,'603519,立霸股份,30.03,30.6,29.74,29.74,30.08,-0.05,-0.1662,1.0999,845615,25520402.0,4804800000.0,2308694388.0
2016-12-29,'603519,立霸股份,30.08,31.7,30.04,31.25,31.23,-1.15,-3.6824,1.6158,1242220,38127452.0,4812800000.0,2312538368.0
2016-12-28,'603519,立霸股份,31.23,31.84,31.1,31.1,31.34,-0.11,-0.351,0.9957,765507,24044590.0,4996800000.0,2400949908.0
2016-12-27,'603519,立霸股份,31.34,31.5,31.02,31.35,31.29,0.05,0.1598,0.8183,629100,19679848.0,5014400000.0,2409406664.0
2016-12-26,'603519,立霸股份,31.29,31.48,30.5,31.0,31.0,0.29,0.9355,0.8483,652200,20280016.0,5006400000.0,2405562684.0
2016-12-23,'603519,立霸股份,31.0,32.1,30.65,31.51,31.86,-0.86,-2.6993,1.2127,932300,29175412.0,4960000000.0,2383267600.0
2016-12-22,'603519,立霸股份,31.86,32.5,31.6,31.87,31.9,-0.04,-0.1254,0.714,548900,17571969.0,5097600000.0,2449384056.0
2016-12-21,'603519,立霸股份,31.9,31.99,31.36,31.68,31.68,0.22,0.6944,1.1124,855207,27088689.0,5104000000.0,2452459240.0
2016-12-20,'603519,立霸股份,31.68,32.47,31.47,32.0,32.18,-0.5,-1.5538,1.0947,841637,26689488.0,5068800000.0,2435545728.0
2016-12-19,'603519,立霸股份,32.18,32.48,31.48,32.0,31.51,0.67,2.1263,1.4547,1118402,35820042.0,5148800000.0,2473985528.0
2016-12-16,'603519,立霸股份,31.51,33.44,31.2,32.97,33.49,-1.98,-5.9122,3.0891,2374902,76941040.0,5041600000.0,2422476196.0
2016-12-15,'603519,立霸股份,33.49,34.38,32.6,33.75,33.77,-0.28,-0.8291,2.5645,1971586,65957011.0,5358400000.0,2574697804.0
2016-12-14,'603519,立霸股份,33.77,34.53,32.13,32.19,32.13,1.64,5.1043,3.3041,2540202,84691530.0,5403200000.0,2596224092.0
2016-12-13,'603519,立霸股份,32.13,32.35,31.65,31.65,32.02,0.11,0.3435,1.4766,1135202,36363853.0,5140800000.0,2470141548.0
2016-12-12,'603519,立霸股份,32.02,34.61,31.8,32.2,32.92,-0.9,-2.7339,2.3356,1795600,59340088.0,5123200000.0,2461684792.0
2016-12-09,'603519,立霸股份,32.92,33.28,32.0,32.05,32.18,0.74,2.2996,1.7062,1311706,43199714.0,5267200000.0,2530876432.0
2016-12-08,'603519,立霸股份,32.18,32.65,32.0,32.57,32.56,-0.38,-1.1671,1.1454,880600,28348156.0,5148800000.0,2473985528.0
2016-12-07,'603519,立霸股份,32.56,33.0,31.89,33.0,32.66,-0.1,-0.3062,1.2223,939711,30400462.0,5209600000.0,2503199776.0
2016-12-06,'603519,立霸股份,32.66,33.86,32.5,32.55,32.45,0.21,0.6471,1.5187,1167600,38650744.0,5225600000.0,2510887736.0
2016-12-05,'603519,立霸股份,32.45,33.19,32.05,33.0,33.2,-0.75,-2.259,1.7104,1314971,42844065.0,5192000000.0,2494743020.0
2016-12-02,'603519,立霸股份,33.2,35.18,32.96,35.0,34.71,-1.51,-4.3503,3.3214,2553511,85836466.0,5312000000.0,2552402720.0
2016-12-01,'603519,立霸股份,34.71,34.94,32.5,32.83,32.48,2.23,6.8658,4.0119,3084324,105225803.0,5553600000.0,2668490916.0
2016-11-30,'603519,立霸股份,32.48,32.75,31.88,32.51,32.58,-0.1,-0.3069,2.4368,1873369,60184279.0,5196800000.0,2497049408.0
2016-11-29,'603519,立霸股份,32.58,34.7,32.27,33.79,34.04,-1.46,-4.2891,2.9717,2284602,76094008.0,5212800000.0,2504737368.0
2016-11-28,'603519,立霸股份,34.04,35.01,33.54,34.98,34.91,-0.87,-2.4921,4.1096,3159462,107509132.0,5446400000.0,2616981584.0
2016-11-25,'603519,立霸股份,34.91,37.02,34.0,37.02,37.2,-2.29,-6.1559,6.0831,4676625,164714437.0,5585600000.0,2683866836.0
2016-11-24,'603519,立霸股份,37.2,37.99,34.4,34.4,34.75,2.45,7.0504,7.8427,6029410,219065065.0,5952000000.0,2859921120.0
2016-11-23,'603519,立霸股份,34.75,35.55,33.55,33.6,33.95,0.8,2.3564,5.3715,4129556,142934904.0,5560000000.0,2671566100.0
2016-11-22,'603519,立霸股份,33.95,34.46,32.99,32.99,34.15,-0.2,-0.5857,4.9593,3812701,128283512.0,5432000000.0,2610062420.0
2016-11-21,'603519,立霸股份,34.15,35.45,32.61,33.78,33.77,0.38,1.1253,7.0998,5458261,184722281.0,5464000000.0,2625438340.0
2016-11-18,'603519,立霸股份,33.77,34.68,30.8,30.98,31.7,2.07,6.53,9.6902,7449796,247708437.0,5403200000.0,2596224092.0
2016-11-17,'603519,立霸股份,31.7,32.9,29.55,29.68,29.91,1.79,5.9846,6.9655,5355086,169171483.0,5072000000.0,2437083320.0
2016-11-16,'603519,立霸股份,29.91,30.28,29.73,29.9,30.01,-0.1,-0.3332,2.2249,1710500,51372563.0,4785600000.0,2299468836.0
2016-11-15,'603519,立霸股份,30.01,30.08,29.5,29.85,29.89,0.12,0.4015,1.6921,1300900,38729423.0,4801600000.0,2307156796.0
2016-11-14,'603519,立霸股份,29.89,30.1,29.46,29.46,29.46,0.43,1.4596,2.3182,1782256,53118356.0,4782400000.0,2297931244.0
2016-11-11,'603519,立霸股份,29.46,29.95,29.15,29.49,29.61,-0.15,-0.5066,1.5346,1179800,34805869.0,4713600000.0,2264873016.0
2016-11-10,'603519,立霸股份,29.61,29.74,29.02,29.35,29.09,0.52,1.7876,2.1934,1686300,49612518.0,4737600000.0,2276404956.0
2016-11-09,'603519,立霸股份,29.09,29.44,28.7,29.03,29.05,0.04,0.1377,1.726,1326966,38571697.0,4654400000.0,2236427564.0
2016-11-08,'603519,立霸股份,29.05,29.12,28.43,28.84,28.83,0.22,0.7631,1.3229,1017044,29204261.0,4648000000.0,2233352380.0
2016-11-07,'603519,立霸股份,28.83,29.28,28.8,28.85,28.85,-0.02,-0.0693,1.0051,772700,22391163.0,4612800000.0,2216438868.0
2016-11-04,'603519,立霸股份,28.85,28.98,28.1,28.34,28.34,0.51,1.7996,2.3185,1782450,51067577.0,4616000000.0,2217976460.0
2016-11-03,'603519,立霸股份,28.34,28.89,28.31,28.67,28.66,-0.32,-1.1165,1.2166,935300,26754347.0,4534400000.0,2178767864.0
2016-11-02,'603519,立霸股份,28.66,29.1,28.56,28.8,28.9,-0.24,-0.8304,1.0063,773620,22265748.0,4585600000.0,2203369336.0
2016-11-01,'603519,立霸股份,28.9,29.2,28.4,29.03,28.32,0.58,2.048,0.9482,728984,20974811.0,4624000000.0,2221820440.0
2016-10-31,'603519,立霸股份,28.32,28.51,27.6,28.0,28.1,0.22,0.7829,1.0394,799100,22446508.0,4531200000.0,2177230272.0
2016-10-28,'603519,立霸股份,28.1,28.95,28.08,28.84,28.99,-0.89,-3.07,1.7909,1376800,39209578.0,4496000000.0,2160316760.0
2016-10-27,'603519,立霸股份,28.99,29.7,28.78,29.28,29.26,-0.27,-0.9228,1.2928,993900,28849935.0,4638400000.0,2228739604.0
2016-10-26,'603519,立霸股份,29.26,29.8,29.02,29.12,29.12,0.14,0.4808,1.4955,1149700,33757935.0,4681600000.0,2249497096.0
2016-10-25,'603519,立霸股份,29.12,29.72,29.07,29.71,29.48,-0.36,-1.2212,1.4018,1077700,31539135.0,4659200000.0,2238733952.0
2016-10-24,'603519,立霸股份,29.48,29.75,29.0,29.2,29.39,0.09,0.3062,1.507,1158580,34193212.0,4716800000.0,2266410608.0
2016-10-21,'603519,立霸股份,29.39,30.16,28.81,29.61,29.79,-0.4,-1.3427,2.3892,1836794,54126656.0,4702400000.0,2259491444.0
2016-10-20,'603519,立霸股份,29.79,30.29,29.68,30.29,30.35,-0.56,-1.8451,2.905,2233356,66848921.0,4766400000.0,2290243284.0
2016-10-19,'603519,立霸股份,30.35,30.7,28.63,28.69,28.83,1.52,5.2723,5.0418,3876124,115974340.0,4856000000.0,2333295860.0
2016-10-18,'603519,立霸股份,28.83,28.9,28.24,28.57,28.9,-0.07,-0.2422,2.179,1675200,47918484.0,4612800000.0,2216438868.0
2016-10-17,'603519,立霸股份,28.9,29.22,28.47,28.6,28.73,0.17,0.5917,2.0005,1538000,44404211.0,4624000000.0,2221820440.0
2016-10-14,'603519,立霸股份,28.73,29.0,28.38,28.8,28.98,-0.25,-0.8627,1.9572,1504676,43023569.0,4596800000.0,2208750908.0
2016-10-13,'603519,立霸股份,28.98,29.48,28.7,29.46,29.86,-0.88,-2.9471,4.4042,3385900,98082896.0,4636800000.0,2227970808.0
2016-10-12,'603519,立霸股份,29.86,30.1,29.32,29.81,29.81,0.05,0.1677,2.9593,2275124,67658839.0,4777600000.0,2295624856.0
2016-10-11,'603519,立霸股份,29.81,30.25,29.62,29.8,30.13,-0.32,-1.0621,3.7148,2855900,85378099.0,4769600000.0,2291780876.0
2016-10-10,'603519,立霸股份,30.13,30.26,28.2,29.29,28.85,1.28,4.4367,6.2904,4836066,141851650.0,4820800000.0,2316382348.0
2016-09-30,'603519,立霸股份,28.85,29.38,28.41,29.3,29.06,-0.21,-0.7226,4.4796,3443864,99535384.0,4616000000.0,2217976460.0
2016-09-29,'603519,立霸股份,29.06,30.79,28.86,29.9,28.39,0.67,2.36,8.4841,6522525,192711514.0,4649600000.0,2234121176.0
2016-09-28,'603519,立霸股份,28.39,28.87,26.95,26.95,27.11,1.28,4.7215,5.1471,3957062,111390061.0,4542400000.0,2182611844.0
2016-09-27,'603519,立霸股份,27.11,27.5,26.0,27.0,26.8,0.31,1.1567,3.2716,2515190,67478859.0,4337600000.0,2084205956.0
2016-09-26,'603519,立霸股份,26.8,28.0,26.5,27.7,27.81,-1.01,-3.6318,3.7754,2902534,78760725.0,4288000000.0,2060373280.0
2016-09-23,'603519,立霸股份,27.81,28.77,27.62,28.34,28.6,-0.79,-2.7622,3.5039,2693756,75448327.0,4449600000.0,2138021676.0
2016-09-22,'603519,立霸股份,28.6,29.59,28.15,28.15,28.09,0.51,1.8156,4.0831,3139053,90216197.0,4576000000.0,2198756560.0
2016-09-21,'603519,立霸股份,28.09,28.91,27.85,28.91,28.97,-0.88,-3.0376,4.4572,3426693,97231265.0,4494400000.0,2159547964.0
2016-09-20,'603519,立霸股份,28.97,29.0,26.83,27.12,27.23,1.74,6.39,7.0907,5451268,153847658.0,4635200000.0,2227202012.0
2016-09-19,'603519,立霸股份,27.23,28.6,26.51,26.78,26.84,0.39,1.4531,6.7447,5185282,143538444.0,4356800000.0,2093431508.0
2016-09-14,'603519,立霸股份,26.84,26.88,25.8,26.47,26.47,0.37,1.3978,4.8867,3756860,99479712.0,4294400000.0,2063448464.0
2016-09-13,'603519,立霸股份,26.47,26.5,25.22,25.49,25.12,1.35,5.3742,5.4709,4206040,109989427.0,4235200000.0,2035003012.0
2016-09-12,'603519,立霸股份,25.12,25.84,25.05,25.1,26.0,-0.88,-3.3846,3.9191,3012982,76608283.0,4019200000.0,1931215552.0
2016-09-09,'603519,立霸股份,26.0,26.15,25.61,26.06,26.36,-0.36,-1.3657,6.3756,4901514,126621351.0,4160000000.0,1998869600.0
2016-09-08,'603519,立霸股份,26.36,26.88,24.51,24.7,24.48,1.88,7.6797,9.1726,7051836,181821358.0,4217600000.0,2026546256.0
2016-09-07,'603519,立霸股份,24.48,24.97,23.79,23.98,23.92,0.56,2.3411,4.5893,3528222,86553498.0,3916800000.0,1882012608.0
2016-09-06,'603519,立霸股份,23.92,24.04,23.24,23.78,23.65,0.27,1.1416,2.1559,1657440,39368059.0,3827200000.0,1838960032.0
2016-09-05,'603519,立霸股份,23.65,24.0,23.6,23.67,23.67,-0.02,-0.0845,1.5385,1182800,28086821.0,3784000000.0,1818202540.0
2016-09-02,'603519,立霸股份,23.67,23.98,23.55,23.79,23.73,-0.06,-0.2528,1.6996,1306612,31072590.0,3787200000.0,1819740132.0
2016-09-01,'603519,立霸股份,23.73,23.97,23.67,23.79,23.75,-0.02,-0.0842,1.9127,1470500,34976767.0,3796800000.0,1824352908.0
2016-08-31,'603519,立霸股份,23.75,24.37,23.57,24.37,24.37,-0.62,-2.5441,3.3918,2607580,62302137.0,3800000000.0,1825890500.0
2016-08-30,'603519,立霸股份,24.37,24.7,24.1,24.42,24.39,-0.02,-0.082,2.2821,1754462,42688896.0,3899200000.0,1873555852.0
2016-08-29,'603519,立霸股份,24.39,25.28,24.35,24.69,24.3,0.09,0.3704,3.8574,2965582,73559557.0,3902400000.0,1875093444.0
2016-08-26,'603519,立霸股份,24.3,24.8,23.9,23.9,24.01,0.29,1.2078,4.1718,3207284,78591737.0,3888000000.0,1868174280.0
2016-08-25,'603519,立霸股份,24.01,24.3,23.44,24.3,24.39,-0.38,-1.558,3.7359,2872122,68339742.0,3841600000.0,1845879196.0
2016-08-24,'603519,立霸股份,24.39,24.83,23.83,23.83,23.88,0.51,2.1357,5.4048,4155166,101614234.0,3902400000.0,1875093444.0
2016-08-23,'603519,立霸股份,23.88,23.94,23.35,23.62,23.74,0.14,0.5897,2.5383,1951442,46041460.0,3820800000.0,1835884848.0
2016-08-22,'603519,立霸股份,23.74,24.76,23.62,24.08,24.27,-0.53,-2.1838,4.1149,3163500,76642118.0,3798400000.0,1825121704.0
2016-08-19,'603519,立霸股份,24.27,24.78,23.98,24.5,24.53,-0.26,-1.0599,5.8231,4476796,108653165.0,3883200000.0,1865867892.0
2016-08-18,'603519,立霸股份,24.53,24.96,22.73,22.8,22.79,1.74,7.6349,9.9518,7650872,183587295.0,3924800000.0,1885856588.0
2016-08-17,'603519,立霸股份,22.79,22.98,22.59,22.75,22.74,0.05,0.2199,3.8371,2949924,67213085.0,3646400000.0,1752086084.0
2016-08-16,'603519,立霸股份,22.74,23.38,22.71,22.73,22.86,-0.12,-0.5249,5.3399,4105264,94292060.0,3638400000.0,1748242104.0
2016-08-15,'603519,立霸股份,22.86,23.0,22.23,22.55,22.67,0.19,0.8381,5.1781,3980870,90281565.0,3657600000.0,1757467656.0
2016-08-12,'603519,立霸股份,22.67,22.75,21.65,21.91,21.97,0.7,3.1862,4.6116,3545372,78701320.0,3627200000.0,1742860532.0
2016-08-11,'603519,立霸股份,21.97,22.65,21.91,22.41,22.82,-0.85,-3.7248,4.3087,3312488,73748775.0,3515200000.0,1689044812.0
2016-08-10,'603519,立霸股份,22.82,23.4,22.57,22.57,22.67,0.15,0.6617,6.3491,4881152,112147071.0,3651200000.0,1754392472.0
2016-08-09,'603519,立霸股份,22.67,22.7,22.1,22.66,22.68,-0.01,-0.0441,5.2624,4045696,90735528.0,3627200000.0,1742860532.0
2016-08-08,'603519,立霸股份,22.68,22.71,21.73,22.7,23.03,-0.35,-1.5198,7.258,5579946,124362498.0,3628800000.0,1743629328.0
2016-08-05,'603519,立霸股份,23.03,24.26,22.58,24.09,24.09,-1.06,-4.4002,12.3887,9524384,222283304.0,3684800000.0,1770537188.0
2016-08-04,'603519,立霸股份,24.09,24.09,23.09,23.44,21.9,2.19,10.0,8.3369,6409396,153464707.0,3854400000.0,1852029564.0
2016-08-03,'603519,立霸股份,0.0,0.0,0.0,0.0,21.9,None,None,0.0,0,0.0,3504000000.0,1683663240.0
2016-08-02,'603519,立霸股份,0.0,0.0,0.0,0.0,21.9,None,None,0.0,0,0.0,3504000000.0,1683663240.0
2016-08-01,'603519,立霸股份,0.0,0.0,0.0,0.0,21.9,None,None,0.0,0,0.0,3504000000.0,1683663240.0
2016-07-29,'603519,立霸股份,0.0,0.0,0.0,0.0,21.9,None,None,0.0,0,0.0,3504000000.0,1683663240.0
2016-07-28,'603519,立霸股份,0.0,0.0,0.0,0.0,21.9,None,None,0.0,0,0.0,3504000000.0,1683663240.0
2016-07-27,'603519,立霸股份,0.0,0.0,0.0,0.0,21.9,None,None,0.0,0,0.0,3504000000.0,1683663240.0
2016-07-26,'603519,立霸股份,0.0,0.0,0.0,0.0,21.9,None,None,0.0,0,0.0,3504000000.0,1683663240.0
2016-07-25,'603519,立霸股份,0.0,0.0,0.0,0.0,21.9,None,None,0.0,0,0.0,3504000000.0,1683663240.0
2016-07-22,'603519,立霸股份,0.0,0.0,0.0,0.0,21.9,None,None,0.0,0,0.0,3504000000.0,1683663240.0
2016-07-21,'603519,立霸股份,0.0,0.0,0.0,0.0,21.9,None,None,0.0,0,0.0,3504000000.0,1683663240.0
2016-07-20,'603519,立霸股份,0.0,0.0,0.0,0.0,21.9,None,None,0.0,0,0.0,3504000000.0,1683663240.0
2016-07-19,'603519,立霸股份,0.0,0.0,0.0,0.0,21.9,None,None,0.0,0,0.0,3504000000.0,1683663240.0
2016-07-18,'603519,立霸股份,0.0,0.0,0.0,0.0,21.9,None,None,0.0,0,0.0,3504000000.0,1683663240.0
2016-07-15,'603519,立霸股份,0.0,0.0,0.0,0.0,21.9,None,None,0.0,0,0.0,3504000000.0,1683663240.0
2016-07-14,'603519,立霸股份,0.0,0.0,0.0,0.0,21.9,None,None,0.0,0,0.0,3504000000.0,1683663240.0
2016-07-13,'603519,立霸股份,0.0,0.0,0.0,0.0,21.9,None,None,0.0,0,0.0,3504000000.0,1683663240.0
2016-07-12,'603519,立霸股份,0.0,0.0,0.0,0.0,21.9,None,None,0.0,0,0.0,3504000000.0,1683663240.0
2016-07-11,'603519,立霸股份,0.0,0.0,0.0,0.0,21.9,None,None,0.0,0,0.0,3504000000.0,1683663240.0
2016-07-08,'603519,立霸股份,0.0,0.0,0.0,0.0,21.9,None,None,0.0,0,0.0,3504000000.0,1683663240.0
2016-07-07,'603519,立霸股份,0.0,0.0,0.0,0.0,21.9,None,None,0.0,0,0.0,3504000000.0,1683663240.0
2016-07-06,'603519,立霸股份,0.0,0.0,0.0,0.0,21.9,None,None,0.0,0,0.0,3504000000.0,1683663240.0
2016-07-05,'603519,立霸股份,0.0,0.0,0.0,0.0,21.9,None,None,0.0,0,0.0,3504000000.0,1683663240.0
2016-07-04,'603519,立霸股份,0.0,0.0,0.0,0.0,21.9,None,None,0.0,0,0.0,3504000000.0,1683663240.0
2016-07-01,'603519,立霸股份,0.0,0.0,0.0,0.0,21.9,None,None,0.0,0,0.0,3504000000.0,1683663240.0
2016-06-30,'603519,立霸股份,0.0,0.0,0.0,0.0,21.9,None,None,0.0,0,0.0,3504000000.0,1683663240.0
2016-06-29,'603519,立霸股份,0.0,0.0,0.0,0.0,21.9,None,None,0.0,0,0.0,3504000000.0,1683663240.0
2016-06-28,'603519,立霸股份,0.0,0.0,0.0,0.0,21.9,None,None,0.0,0,0.0,3504000000.0,1683663240.0
2016-06-27,'603519,立霸股份,0.0,0.0,0.0,0.0,21.9,None,None,0.0,0,0.0,3504000000.0,1683663240.0
2016-06-24,'603519,立霸股份,0.0,0.0,0.0,0.0,21.9,None,None,0.0,0,0.0,3504000000.0,1683663240.0
2016-06-23,'603519,立霸股份,0.0,0.0,0.0,0.0,21.9,None,None,0.0,0,0.0,3504000000.0,1683663240.0
2016-06-22,'603519,立霸股份,0.0,0.0,0.0,0.0,21.9,None,None,0.0,0,0.0,3504000000.0,1683663240.0
2016-06-21,'603519,立霸股份,0.0,0.0,0.0,0.0,21.9,None,None,0.0,0,0.0,3504000000.0,1683663240.0
2016-06-20,'603519,立霸股份,0.0,0.0,0.0,0.0,21.9,None,None,0.0,0,0.0,3504000000.0,1683663240.0
2016-06-17,'603519,立霸股份,0.0,0.0,0.0,0.0,21.9,None,None,0.0,0,0.0,3504000000.0,1683663240.0
2016-06-16,'603519,立霸股份,0.0,0.0,0.0,0.0,21.9,None,None,0.0,0,0.0,3504000000.0,1683663240.0
2016-06-15,'603519,立霸股份,0.0,0.0,0.0,0.0,21.9,None,None,0.0,0,0.0,3504000000.0,1683663240.0
2016-06-14,'603519,立霸股份,0.0,0.0,0.0,0.0,21.9,None,None,0.0,0,0.0,3504000000.0,1683663240.0
2016-06-13,'603519,立霸股份,0.0,0.0,0.0,0.0,21.9,None,None,0.0,0,0.0,3504000000.0,1683663240.0
2016-06-08,'603519,立霸股份,0.0,0.0,0.0,0.0,21.9,None,None,0.0,0,0.0,3504000000.0,1683663240.0
2016-06-07,'603519,立霸股份,0.0,0.0,0.0,0.0,21.9,None,None,0.0,0,0.0,3504000000.0,1683663240.0
2016-06-06,'603519,立霸股份,0.0,0.0,0.0,0.0,21.9,None,None,0.0,0,0.0,3504000000.0,1683663240.0
2016-06-03,'603519,立霸股份,0.0,0.0,0.0,0.0,21.9,None,None,0.0,0,0.0,3504000000.0,1683663240.0
2016-06-02,'603519,立霸股份,0.0,0.0,0.0,0.0,21.9,None,None,0.0,0,0.0,3504000000.0,1683663240.0
2016-06-01,'603519,立霸股份,0.0,0.0,0.0,0.0,21.9,None,None,0.0,0,0.0,3504000000.0,1683663240.0
2016-05-31,'603519,立霸股份,0.0,0.0,0.0,0.0,21.9,None,None,0.0,0,0.0,3504000000.0,1683663240.0
2016-05-30,'603519,立霸股份,0.0,0.0,0.0,0.0,21.9,None,None,0.0,0,0.0,3504000000.0,1683663240.0
2016-05-27,'603519,立霸股份,0.0,0.0,0.0,0.0,21.9,None,None,0.0,0,0.0,3504000000.0,1683663240.0
2016-05-26,'603519,立霸股份,0.0,0.0,0.0,0.0,21.9,None,None,0.0,0,0.0,3504000000.0,1683663240.0
2016-05-25,'603519,立霸股份,0.0,0.0,0.0,0.0,21.9,None,None,0.0,0,0.0,3504000000.0,1683663240.0
2016-05-24,'603519,立霸股份,0.0,0.0,0.0,0.0,21.9,None,None,0.0,0,0.0,3504000000.0,1683663240.0
2016-05-23,'603519,DR立霸股,0.0,0.0,0.0,0.0,21.9,None,None,0.0,0,0.0,3504000000.0,1683663240.0
2016-05-20,'603519,立霸股份,0.0,0.0,0.0,0.0,44.29,None,None,0.0,0,0.0,3543200000.0,1702498742.0
2016-05-19,'603519,立霸股份,0.0,0.0,0.0,0.0,44.29,None,None,0.0,0,0.0,3543200000.0,1702498742.0
2016-05-18,'603519,立霸股份,0.0,0.0,0.0,0.0,44.29,None,None,0.0,0,0.0,3543200000.0,1702498742.0
2016-05-17,'603519,立霸股份,0.0,0.0,0.0,0.0,44.29,None,None,0.0,0,0.0,3543200000.0,1702498742.0
2016-05-16,'603519,立霸股份,0.0,0.0,0.0,0.0,44.29,None,None,0.0,0,0.0,3543200000.0,1702498742.0
2016-05-13,'603519,立霸股份,0.0,0.0,0.0,0.0,44.29,None,None,0.0,0,0.0,3543200000.0,1702498742.0
2016-05-12,'603519,立霸股份,0.0,0.0,0.0,0.0,44.29,None,None,0.0,0,0.0,3543200000.0,1702498742.0
2016-05-11,'603519,立霸股份,0.0,0.0,0.0,0.0,44.29,None,None,0.0,0,0.0,3543200000.0,1702498742.0
2016-05-10,'603519,立霸股份,0.0,0.0,0.0,0.0,44.29,None,None,0.0,0,0.0,3543200000.0,1702498742.0
2016-05-09,'603519,立霸股份,0.0,0.0,0.0,0.0,44.29,None,None,0.0,0,0.0,3543200000.0,1702498742.0
2016-05-06,'603519,立霸股份,0.0,0.0,0.0,0.0,44.29,None,None,0.0,0,0.0,3543200000.0,1702498742.0
2016-05-05,'603519,立霸股份,0.0,0.0,0.0,0.0,44.29,None,None,0.0,0,0.0,3543200000.0,1702498742.0
2016-05-04,'603519,立霸股份,0.0,0.0,0.0,0.0,44.29,None,None,0.0,0,0.0,3543200000.0,1702498742.0
2016-05-03,'603519,立霸股份,0.0,0.0,0.0,0.0,44.29,None,None,0.0,0,0.0,3543200000.0,1702498742.0
2016-04-29,'603519,立霸股份,0.0,0.0,0.0,0.0,44.29,None,None,0.0,0,0.0,3543200000.0,1702498742.0
2016-04-28,'603519,立霸股份,0.0,0.0,0.0,0.0,44.29,None,None,0.0,0,0.0,3543200000.0,1702498742.0
2016-04-27,'603519,立霸股份,0.0,0.0,0.0,0.0,44.29,None,None,0.0,0,0.0,3543200000.0,1702498742.0
2016-04-26,'603519,立霸股份,0.0,0.0,0.0,0.0,44.29,None,None,0.0,0,0.0,3543200000.0,1702498742.0
2016-04-25,'603519,立霸股份,0.0,0.0,0.0,0.0,44.29,None,None,0.0,0,0.0,3543200000.0,1702498742.0
2016-04-22,'603519,立霸股份,0.0,0.0,0.0,0.0,44.29,None,None,0.0,0,0.0,3543200000.0,1702498742.0
2016-04-21,'603519,立霸股份,0.0,0.0,0.0,0.0,44.29,None,None,0.0,0,0.0,3543200000.0,1702498742.0
2016-04-20,'603519,立霸股份,0.0,0.0,0.0,0.0,44.29,None,None,0.0,0,0.0,3543200000.0,1702498742.0
2016-04-19,'603519,立霸股份,0.0,0.0,0.0,0.0,44.29,None,None,0.0,0,0.0,3543200000.0,1702498742.0
2016-04-18,'603519,立霸股份,0.0,0.0,0.0,0.0,44.29,None,None,0.0,0,0.0,3543200000.0,1702498742.0
2016-04-15,'603519,立霸股份,0.0,0.0,0.0,0.0,44.29,None,None,0.0,0,0.0,3543200000.0,1702498742.0
2016-04-14,'603519,立霸股份,0.0,0.0,0.0,0.0,44.29,None,None,0.0,0,0.0,3543200000.0,1702498742.0
2016-04-13,'603519,立霸股份,0.0,0.0,0.0,0.0,44.29,None,None,0.0,0,0.0,3543200000.0,1702498742.0
2016-04-12,'603519,立霸股份,0.0,0.0,0.0,0.0,44.29,None,None,0.0,0,0.0,3543200000.0,1702498742.0
2016-04-11,'603519,立霸股份,0.0,0.0,0.0,0.0,44.29,None,None,0.0,0,0.0,3543200000.0,1702498742.0
2016-04-08,'603519,立霸股份,0.0,0.0,0.0,0.0,44.29,None,None,0.0,0,0.0,3543200000.0,1702498742.0
2016-04-07,'603519,立霸股份,0.0,0.0,0.0,0.0,44.29,None,None,0.0,0,0.0,3543200000.0,1702498742.0
2016-04-06,'603519,立霸股份,0.0,0.0,0.0,0.0,44.29,None,None,0.0,0,0.0,3543200000.0,1702498742.0
2016-04-05,'603519,立霸股份,0.0,0.0,0.0,0.0,44.29,None,None,0.0,0,0.0,3543200000.0,1702498742.0
2016-04-01,'603519,立霸股份,0.0,0.0,0.0,0.0,44.29,None,None,0.0,0,0.0,3543200000.0,1702498742.0
2016-03-31,'603519,立霸股份,0.0,0.0,0.0,0.0,44.29,None,None,0.0,0,0.0,3543200000.0,1702498742.0
2016-03-30,'603519,立霸股份,0.0,0.0,0.0,0.0,44.29,None,None,0.0,0,0.0,3543200000.0,1702498742.0
2016-03-29,'603519,立霸股份,0.0,0.0,0.0,0.0,44.29,None,None,0.0,0,0.0,3543200000.0,1702498742.0
2016-03-28,'603519,立霸股份,0.0,0.0,0.0,0.0,44.29,None,None,0.0,0,0.0,3543200000.0,1702498742.0
2016-03-25,'603519,立霸股份,0.0,0.0,0.0,0.0,44.29,None,None,0.0,0,0.0,3543200000.0,1702498742.0
2016-03-24,'603519,立霸股份,0.0,0.0,0.0,0.0,44.29,None,None,0.0,0,0.0,3543200000.0,1702498742.0
2016-03-23,'603519,立霸股份,0.0,0.0,0.0,0.0,44.29,None,None,0.0,0,0.0,3543200000.0,1702498742.0
2016-03-22,'603519,立霸股份,0.0,0.0,0.0,0.0,44.29,None,None,0.0,0,0.0,3543200000.0,1702498742.0
2016-03-21,'603519,立霸股份,0.0,0.0,0.0,0.0,44.29,None,None,0.0,0,0.0,3543200000.0,1702498742.0
2016-03-18,'603519,立霸股份,44.29,45.4,43.76,44.8,43.76,0.53,1.2112,12.4009,2480180,110497411.0,3543200000.0,885800000.0
2016-03-17,'603519,立霸股份,43.76,44.5,40.52,40.83,40.77,2.99,7.3338,10.1319,2026381,86120269.0,3500800000.0,875200000.0
2016-03-16,'603519,立霸股份,40.77,41.44,39.88,41.0,40.98,-0.21,-0.5124,3.1951,639019,25955380.0,3261600000.0,815400000.0
2016-03-15,'603519,立霸股份,40.98,41.37,40.0,40.0,40.83,0.15,0.3674,3.8138,762751,31266864.0,3278400000.0,819600000.0
2016-03-14,'603519,立霸股份,40.83,41.72,39.01,40.1,38.95,1.88,4.8267,5.3074,1061485,43387285.0,3266400000.0,816600000.0
2016-03-11,'603519,立霸股份,38.95,39.44,38.1,38.1,38.74,0.21,0.5421,1.3974,279476,10888234.0,3116000000.0,779000000.0
2016-03-10,'603519,立霸股份,38.74,39.78,38.5,39.78,39.12,-0.38,-0.9714,1.6579,331586,12941071.0,3099200000.0,774800000.0
2016-03-09,'603519,立霸股份,39.12,39.24,37.82,38.34,39.42,-0.3,-0.761,2.8975,579490,22517433.0,3129600000.0,782400000.0
2016-03-08,'603519,立霸股份,39.42,40.14,37.69,39.54,39.87,-0.45,-1.1287,4.498,899600,34953517.0,3153600000.0,788400000.0
2016-03-07,'603519,立霸股份,39.87,40.32,39.1,39.75,39.17,0.7,1.7871,3.42,684000,27255901.0,3189600000.0,797400000.0
2016-03-04,'603519,立霸股份,39.17,41.0,38.38,40.71,41.04,-1.87,-4.5565,4.3092,861835,34139122.0,3133600000.0,783400000.0
2016-03-03,'603519,立霸股份,41.04,42.38,41.0,41.98,41.97,-0.93,-2.2159,4.3073,861450,35928188.0,3283200000.0,820800000.0
2016-03-02,'603519,立霸股份,41.97,42.37,39.0,40.0,39.39,2.58,6.5499,5.1482,1029635,41674681.0,3357600000.0,839400000.0
2016-03-01,'603519,立霸股份,39.39,39.67,37.16,38.1,37.98,1.41,3.7125,2.6839,536782,20677512.0,3151200000.0,787800000.0
2016-02-29,'603519,立霸股份,37.98,40.7,37.3,40.6,40.82,-2.84,-6.9574,2.8205,564107,21595746.0,3038400000.0,759600000.0
2016-02-26,'603519,立霸股份,40.82,41.4,39.5,40.98,40.38,0.44,1.0896,3.4692,693847,28190569.0,3265600000.0,816400000.0
2016-02-25,'603519,立霸股份,40.38,44.57,39.61,44.28,43.97,-3.59,-8.1647,4.912,982390,41757518.0,3230400000.0,807600000.0
2016-02-24,'603519,立霸股份,43.97,45.2,43.2,44.8,44.81,-0.84,-1.8746,3.9907,798140,35232852.0,3517600000.0,879400000.0
2016-02-23,'603519,立霸股份,44.81,46.31,44.56,46.1,46.31,-1.5,-3.239,3.8375,767500,34791741.0,3584800000.0,896200000.0
2016-02-22,'603519,立霸股份,46.31,46.88,45.7,46.5,45.94,0.37,0.8054,4.1899,837979,38589920.0,3704800000.0,926200000.0
2016-02-19,'603519,立霸股份,45.94,46.91,45.5,46.01,46.45,-0.51,-1.098,4.707,941400,43546430.0,3675200000.0,918800000.0
2016-02-18,'603519,立霸股份,46.45,46.6,44.68,45.32,45.35,1.1,2.4256,6.3051,1261016,57725436.0,3716000000.0,929000000.0
2016-02-17,'603519,立霸股份,45.35,45.94,44.05,45.31,45.33,0.02,0.0441,3.0794,615887,27756877.0,3628000000.0,907000000.0
2016-02-16,'603519,立霸股份,45.33,45.8,43.25,43.72,43.76,1.57,3.5878,3.2171,643412,28988243.0,3626400000.0,906600000.0
2016-02-15,'603519,立霸股份,43.76,44.28,41.52,42.6,44.32,-0.56,-1.2635,2.368,473600,20509475.0,3500800000.0,875200000.0
2016-02-05,'603519,立霸股份,44.32,45.7,44.21,45.7,45.65,-1.33,-2.9135,3.095,619000,27835530.0,3545600000.0,886400000.0
2016-02-04,'603519,立霸股份,45.65,45.89,43.33,43.58,43.77,1.88,4.2952,6.3506,1270114,56291997.0,3652000000.0,913000000.0
2016-02-03,'603519,立霸股份,43.77,43.98,41.4,41.81,42.69,1.08,2.5299,5.7617,1152333,49404032.0,3501600000.0,875400000.0
2016-02-02,'603519,立霸股份,42.69,42.8,40.99,40.99,41.48,1.21,2.9171,6.6869,1337385,56424558.0,3415200000.0,853800000.0
2016-02-01,'603519,立霸股份,41.48,41.58,40.8,41.3,41.68,-0.2,-0.4798,4.2796,855925,35145665.0,3318400000.0,829600000.0
2016-01-29,'603519,立霸股份,41.68,41.85,39.2,40.88,39.69,1.99,5.0139,6.9037,1380742,56476870.0,3334400000.0,833600000.0
2016-01-28,'603519,立霸股份,39.69,39.95,38.31,38.31,39.37,0.32,0.8128,7.0426,1408510,55192076.0,3175200000.0,793800000.0
2016-01-27,'603519,立霸股份,39.37,39.58,36.25,39.32,39.42,-0.05,-0.1268,5.9196,1183919,45240323.0,3149600000.0,787400000.0
2016-01-26,'603519,立霸股份,39.42,41.0,38.01,41.0,41.38,-1.96,-4.7366,6.3475,1269502,50001472.0,3153600000.0,788400000.0
2016-01-25,'603519,立霸股份,41.38,41.65,40.72,41.21,40.81,0.57,1.3967,4.3246,864923,35672705.0,3310400000.0,827600000.0
2016-01-22,'603519,立霸股份,40.81,40.88,39.01,40.05,39.42,1.39,3.5261,3.5554,711078,28519947.0,3264800000.0,816200000.0
2016-01-21,'603519,立霸股份,39.42,42.35,39.02,40.7,41.46,-2.04,-4.9204,4.4205,884106,36350691.0,3153600000.0,788400000.0
2016-01-20,'603519,立霸股份,41.46,42.28,40.85,40.97,41.16,0.3,0.7289,6.2407,1248146,51824177.0,3316800000.0,829200000.0
2016-01-19,'603519,立霸股份,41.16,41.48,39.0,39.03,39.23,1.93,4.9197,4.8899,977973,39406733.0,3292800000.0,823200000.0
2016-01-18,'603519,立霸股份,39.23,39.67,36.52,36.7,37.6,1.63,4.3351,4.8793,975864,37734257.0,3138400000.0,784600000.0
2016-01-15,'603519,立霸股份,37.6,40.48,36.89,40.0,40.37,-2.77,-6.8615,3.9658,793158,30867418.0,3008000000.0,752000000.0
2016-01-14,'603519,立霸股份,40.37,40.7,36.0,36.0,38.45,1.92,4.9935,5.2207,1044130,40235919.0,3229600000.0,807400000.0
2016-01-13,'603519,立霸股份,38.45,41.5,38.03,41.36,40.95,-2.5,-6.105,5.111,1022205,41176905.0,3076000000.0,769000000.0
2016-01-12,'603519,立霸股份,40.95,41.88,39.52,40.7,40.73,0.22,0.5401,4.9032,980643,40155160.0,3276000000.0,819000000.0
2016-01-11,'603519,立霸股份,40.73,45.7,40.73,45.15,45.25,-4.52,-9.989,6.3479,1269584,54731741.0,3258400000.0,814600000.0
2016-01-08,'603519,立霸股份,45.25,46.97,42.0,46.97,44.88,0.37,0.8244,5.413,1082605,49038540.0,3620000000.0,905000000.0
2016-01-07,'603519,立霸股份,44.88,48.97,44.87,48.97,49.85,-4.97,-9.9699,1.4595,291900,13541961.0,3590400000.0,897600000.0
2016-01-06,'603519,立霸股份,49.85,50.17,47.7,48.99,48.19,1.66,3.4447,5.7667,1153336,56381757.0,3988000000.0,997000000.0
2016-01-05,'603519,立霸股份,48.19,49.3,45.35,45.35,47.92,0.27,0.5634,6.5952,1319038,62650589.0,3855200000.0,963800000.0
2016-01-04,'603519,立霸股份,47.92,53.78,47.92,53.1,53.24,-5.32,-9.9925,4.6978,939550,47103523.0,3833600000.0,958400000.0
2015-12-31,'603519,立霸股份,53.24,56.77,53.01,56.0,56.0,-2.76,-4.9286,4.6104,922088,50559125.0,4259200000.0,1064800000.0
2015-12-30,'603519,立霸股份,56.0,56.26,55.01,55.69,55.89,0.11,0.1968,3.8516,770327,42953565.0,4480000000.0,1120000000.0
2015-12-29,'603519,立霸股份,55.89,55.98,54.4,55.18,55.12,0.77,1.397,4.6987,939746,51991477.0,4471200000.0,1117800000.0
2015-12-28,'603519,立霸股份,55.12,59.0,55.08,58.8,58.59,-3.47,-5.9225,10.9663,2193254,124580242.0,4409600000.0,1102400000.0
2015-12-25,'603519,立霸股份,58.59,60.5,57.15,59.1,59.53,-0.94,-1.579,10.3998,2079968,122543914.0,4687200000.0,1171800000.0
2015-12-24,'603519,立霸股份,59.53,60.5,56.2,57.2,56.52,3.01,5.3255,12.5508,2510164,146978785.0,4762400000.0,1190600000.0
2015-12-23,'603519,立霸股份,56.52,58.87,55.4,55.77,55.49,1.03,1.8562,11.2694,2253880,128932260.0,4521600000.0,1130400000.0
2015-12-22,'603519,立霸股份,55.49,55.79,54.82,54.82,54.94,0.55,1.0011,4.4347,886930,49068764.0,4439200000.0,1109800000.0
2015-12-21,'603519,立霸股份,54.94,55.3,54.01,54.31,54.73,0.21,0.3837,5.1531,1030620,56217742.0,4395200000.0,1098800000.0
2015-12-18,'603519,立霸股份,54.73,56.76,53.9,55.41,55.71,-0.98,-1.7591,7.4435,1488709,82114718.0,4378400000.0,1094600000.0
2015-12-17,'603519,立霸股份,55.71,56.05,54.5,54.5,53.9,1.81,3.3581,8.8915,1778308,98481583.0,4456800000.0,1114200000.0
2015-12-16,'603519,立霸股份,53.9,54.45,53.0,53.3,52.9,1.0,1.8904,7.8139,1562781,84471808.0,4312000000.0,1078000000.0
2015-12-15,'603519,立霸股份,52.9,53.96,52.8,53.01,52.87,0.03,0.0567,4.7304,946080,50434436.0,4232000000.0,1058000000.0
2015-12-14,'603519,立霸股份,52.87,53.09,51.0,51.24,52.06,0.81,1.5559,4.2783,855667,44324308.0,4229600000.0,1057400000.0
2015-12-11,'603519,立霸股份,52.06,53.53,52.01,52.68,52.81,-0.75,-1.4202,4.6516,930327,48955189.0,4164800000.0,1041200000.0
2015-12-10,'603519,立霸股份,52.81,53.95,51.63,52.61,52.98,-0.17,-0.3209,6.6603,1332050,70016229.0,4224800000.0,1056200000.0
2015-12-09,'603519,立霸股份,52.98,54.8,52.0,54.23,54.82,-1.84,-3.3564,8.9489,1789778,94702646.0,4238400000.0,1059600000.0
2015-12-08,'603519,立霸股份,54.82,55.85,54.2,54.45,54.85,-0.03,-0.0547,8.9934,1798674,99168571.0,4385600000.0,1096400000.0
2015-12-07,'603519,立霸股份,54.85,55.45,53.88,55.45,55.12,-0.27,-0.4898,7.3053,1461060,79784816.0,4388000000.0,1097000000.0
2015-12-04,'603519,立霸股份,55.12,57.09,54.01,55.8,56.31,-1.19,-2.1133,9.2496,1849916,102887095.0,4409600000.0,1102400000.0
2015-12-03,'603519,立霸股份,56.31,56.5,53.6,53.6,53.08,3.23,6.0852,9.0582,1811636,100304505.0,4504800000.0,1126200000.0
2015-12-02,'603519,立霸股份,53.08,55.69,50.0,54.68,55.27,-2.19,-3.9624,8.6078,1721560,90493772.0,4246400000.0,1061600000.0
2015-12-01,'603519,立霸股份,55.27,58.38,52.68,56.44,56.88,-1.61,-2.8305,14.0958,2819154,159203457.0,4421600000.0,1105400000.0
2015-11-30,'603519,立霸股份,56.88,57.0,51.0,52.55,51.83,5.05,9.7434,13.413,2682591,144954907.0,4550400000.0,1137600000.0
2015-11-27,'603519,立霸股份,51.83,56.13,51.02,53.88,54.77,-2.94,-5.3679,11.0267,2205332,118862930.0,4146400000.0,1036600000.0
2015-11-26,'603519,立霸股份,54.77,57.87,54.1,54.33,54.97,-0.2,-0.3638,12.7338,2546763,142571128.0,4381600000.0,1095400000.0
2015-11-25,'603519,立霸股份,54.97,56.2,53.2,56.2,54.79,0.18,0.3285,14.0426,2808516,153954258.0,4397600000.0,1099400000.0
2015-11-24,'603519,立霸股份,54.79,54.79,49.31,50.2,49.81,4.98,9.998,12.8025,2560509,134539615.0,4383200000.0,1095800000.0
2015-11-23,'603519,立霸股份,49.81,51.8,49.18,50.0,50.19,-0.38,-0.7571,6.7669,1353387,68195635.0,3984800000.0,996200000.0
2015-11-20,'603519,立霸股份,50.19,50.99,49.02,49.68,49.44,0.75,1.517,6.8371,1367417,68391343.0,4015200000.0,1003800000.0
2015-11-19,'603519,立霸股份,49.44,49.68,46.9,46.98,46.5,2.94,6.3226,5.7415,1148305,55103442.0,3955200000.0,988800000.0
2015-11-18,'603519,立霸股份,46.5,49.7,46.32,48.95,48.86,-2.36,-4.8301,6.5022,1300430,62406654.0,3720000000.0,930000000.0
2015-11-17,'603519,立霸股份,48.86,51.33,48.73,49.9,49.59,-0.73,-1.4721,7.8512,1570237,78756114.0,3908800000.0,977200000.0
2015-11-16,'603519,立霸股份,49.59,49.98,47.01,47.13,49.58,0.01,0.0202,8.1017,1620336,79074629.0,3967200000.0,991800000.0
2015-11-13,'603519,立霸股份,49.58,54.3,49.58,54.0,55.09,-5.51,-10.0018,14.3915,2878295,147530686.0,3966400000.0,991600000.0
2015-11-12,'603519,立霸股份,55.09,56.3,52.8,53.38,53.04,2.05,3.865,15.2523,3050462,166865584.0,4407200000.0,1101800000.0
2015-11-11,'603519,立霸股份,53.04,54.1,48.71,49.4,49.38,3.66,7.4119,11.3553,2271063,117240455.0,4243200000.0,1060800000.0
2015-11-10,'603519,立霸股份,49.38,49.56,47.66,48.88,48.94,0.44,0.8991,9.9876,1997518,97454327.0,3950400000.0,987600000.0
2015-11-09,'603519,立霸股份,48.94,49.99,45.6,45.7,46.02,2.92,6.3451,10.5681,2113626,102017986.0,3915200000.0,978800000.0
2015-11-06,'603519,立霸股份,46.02,46.37,44.19,44.49,44.14,1.88,4.2592,8.25,1650009,75030264.0,3681600000.0,920400000.0
2015-11-05,'603519,立霸股份,44.14,46.0,43.7,44.8,44.91,-0.77,-1.7145,7.9742,1594833,71029268.0,3531200000.0,882800000.0
2015-11-04,'603519,立霸股份,44.91,45.23,42.8,43.59,43.57,1.34,3.0755,10.1357,2027146,89606742.0,3592800000.0,898200000.0
2015-11-03,'603519,立霸股份,43.57,43.59,41.02,41.37,41.55,2.02,4.8616,10.3409,2068189,88199815.0,3485600000.0,871400000.0
2015-11-02,'603519,立霸股份,41.55,43.5,38.81,39.0,40.02,1.53,3.8231,10.8045,2160901,90092665.0,3324000000.0,831000000.0
2015-10-30,'603519,立霸股份,40.02,41.03,39.2,40.01,40.63,-0.61,-1.5014,6.6125,1322500,53125641.0,3201600000.0,800400000.0
2015-10-29,'603519,立霸股份,40.63,42.16,39.99,40.86,39.99,0.64,1.6004,7.6624,1532474,62827810.0,3250400000.0,812600000.0
2015-10-28,'603519,立霸股份,39.99,40.5,39.5,39.5,39.95,0.04,0.1001,7.0144,1402875,56167865.0,3199200000.0,799800000.0
2015-10-27,'603519,立霸股份,39.95,40.2,37.87,39.51,40.14,-0.19,-0.4733,6.9362,1387240,54118056.0,3196000000.0,799000000.0
2015-10-26,'603519,立霸股份,40.14,40.99,38.51,39.29,39.04,1.1,2.8176,9.4545,1890908,75467324.0,3211200000.0,802800000.0
2015-10-23,'603519,立霸股份,39.04,39.28,37.2,37.2,37.28,1.76,4.721,7.6695,1533895,59345804.0,3123200000.0,780800000.0
2015-10-22,'603519,立霸股份,37.28,37.36,35.85,35.88,35.99,1.29,3.5843,5.0741,1014829,37220408.0,2982400000.0,745600000.0
2015-10-21,'603519,立霸股份,35.99,39.48,35.74,39.23,39.48,-3.49,-8.8399,10.021,2004196,76074581.0,2879200000.0,719800000.0
2015-10-20,'603519,立霸股份,39.48,39.6,37.78,38.14,38.14,1.34,3.5134,8.3473,1669465,64605766.0,3158400000.0,789600000.0
2015-10-19,'603519,立霸股份,38.14,38.4,37.41,38.13,37.89,0.25,0.6598,8.1356,1627114,61645659.0,3051200000.0,762800000.0
2015-10-16,'603519,立霸股份,37.89,39.36,37.6,38.0,37.6,0.29,0.7713,9.648,1929609,73941967.0,3031200000.0,757800000.0
2015-10-15,'603519,立霸股份,37.6,37.92,36.11,36.11,36.08,1.52,4.2129,9.4838,1896768,70637479.0,3008000000.0,752000000.0
2015-10-14,'603519,立霸股份,36.08,37.38,36.02,37.24,37.4,-1.32,-3.5294,6.785,1356991,49955930.0,2886400000.0,721600000.0
2015-10-13,'603519,立霸股份,37.4,37.46,36.58,37.1,37.39,0.01,0.0267,6.9991,1399818,51858413.0,2992000000.0,748000000.0
2015-10-12,'603519,立霸股份,37.39,37.99,35.38,35.38,35.52,1.87,5.2646,11.847,2369399,87548186.0,2991200000.0,747800000.0
2015-10-09,'603519,立霸股份,35.52,35.65,34.8,35.5,35.68,-0.16,-0.4484,7.8471,1569428,55332589.0,2841600000.0,710400000.0
2015-10-08,'603519,立霸股份,35.68,36.36,35.0,35.82,34.92,0.76,2.1764,14.5062,2901236,103660465.0,2854400000.0,713600000.0
2015-09-30,'603519,立霸股份,34.92,36.66,34.8,35.6,35.99,-1.07,-2.973,10.0362,2007238,71274748.0,2793600000.0,698400000.0
2015-09-29,'603519,立霸股份,35.99,36.53,34.38,35.0,36.49,-0.5,-1.3702,14.81,2962000,104515801.0,2879200000.0,719800000.0
2015-09-28,'603519,立霸股份,36.49,36.7,33.25,33.3,33.74,2.75,8.1506,14.7357,2947148,103123737.0,2919200000.0,729800000.0
2015-09-25,'603519,立霸股份,33.74,34.36,32.12,32.92,33.4,0.34,1.018,14.025,2805009,93978987.0,2699200000.0,674800000.0
2015-09-24,'603519,立霸股份,33.4,33.9,32.39,32.39,32.25,1.15,3.5659,7.8116,1562327,51590432.0,2672000000.0,668000000.0
2015-09-23,'603519,立霸股份,32.25,32.32,31.62,31.8,32.45,-0.2,-0.6163,5.4509,1090186,34881221.0,2580000000.0,645000000.0
2015-09-22,'603519,立霸股份,32.45,32.79,31.71,32.0,31.84,0.61,1.9158,5.991,1198199,38771900.0,2596000000.0,649000000.0
2015-09-21,'603519,立霸股份,31.84,31.88,30.11,30.7,30.74,1.1,3.5784,5.2174,1043484,32712230.0,2547200000.0,636800000.0
2015-09-18,'603519,立霸股份,30.74,31.05,30.02,30.39,30.26,0.48,1.5863,4.3323,866465,26466320.0,2459200000.0,614800000.0
2015-09-17,'603519,立霸股份,30.26,32.0,30.15,30.99,31.02,-0.76,-2.45,7.1757,1435146,44733171.0,2420800000.0,605200000.0
2015-09-16,'603519,立霸股份,31.02,31.22,28.6,28.98,28.38,2.64,9.3023,5.9419,1188371,35342639.0,2481600000.0,620400000.0
2015-09-15,'603519,立霸股份,28.38,30.98,28.28,29.25,30.47,-2.09,-6.8592,4.5005,900109,26649505.0,2270400000.0,567600000.0
2015-09-14,'603519,立霸股份,30.47,33.98,30.47,33.83,33.86,-3.39,-10.0118,6.9184,1383688,43913406.0,2437600000.0,609400000.0
2015-09-11,'603519,立霸股份,33.86,34.17,32.89,33.15,33.65,0.21,0.6241,5.6355,1127099,37824452.0,2708800000.0,677200000.0
2015-09-10,'603519,立霸股份,33.65,35.47,33.52,35.0,35.81,-2.16,-6.0318,7.7317,1546332,53551276.0,2692000000.0,673000000.0
2015-09-09,'603519,立霸股份,35.81,36.57,34.82,35.0,35.04,0.77,2.1975,12.102,2420402,86544543.0,2864800000.0,716200000.0
2015-09-08,'603519,立霸股份,35.04,35.69,32.58,33.8,34.73,0.31,0.8926,9.1978,1839563,62799065.0,2803200000.0,700800000.0
2015-09-07,'603519,立霸股份,34.73,36.5,33.51,35.8,36.12,-1.39,-3.8483,14.7626,2952511,104568986.0,2778400000.0,694600000.0
2015-09-02,'603519,立霸股份,36.12,37.88,32.23,33.55,35.14,0.98,2.7888,22.7608,4552166,163672456.0,2889600000.0,722400000.0
2015-09-01,'603519,立霸股份,35.14,35.3,30.05,33.08,33.32,1.82,5.4622,13.1978,2639563,87583975.0,2811200000.0,702800000.0
2015-08-31,'603519,立霸股份,33.32,34.36,32.23,34.0,34.6,-1.28,-3.6994,8.1537,1630735,54559139.0,2665600000.0,666400000.0
2015-08-28,'603519,立霸股份,34.6,35.0,31.89,32.9,32.81,1.79,5.4557,13.5848,2716961,90194968.0,2768000000.0,692000000.0
2015-08-27,'603519,立霸股份,32.81,33.78,29.8,33.13,32.5,0.31,0.9538,12.9022,2580441,82593579.0,2624800000.0,656200000.0
2015-08-26,'603519,立霸股份,32.5,33.08,28.0,30.59,30.07,2.43,8.0811,18.7218,3744356,120345827.0,2600000000.0,650000000.0
2015-08-25,'603519,立霸股份,30.07,32.0,30.07,30.07,33.41,-3.34,-9.997,8.4044,1680872,51210068.0,2405600000.0,601400000.0
2015-08-24,'603519,立霸股份,33.41,36.66,33.41,36.66,37.12,-3.71,-9.9946,6.5444,1308876,44203281.0,2672800000.0,668200000.0
2015-08-21,'603519,立霸股份,37.12,40.3,36.0,39.65,39.78,-2.66,-6.6868,6.434,1286801,50193667.0,2969600000.0,742400000.0
2015-08-20,'603519,立霸股份,39.78,41.93,39.5,41.49,42.28,-2.5,-5.913,7.4593,1491868,61031112.0,3182400000.0,795600000.0
2015-08-19,'603519,立霸股份,42.28,42.96,39.01,39.01,41.99,0.29,0.6906,9.0892,1817849,74445683.0,3382400000.0,845600000.0
2015-08-18,'603519,立霸股份,41.99,46.93,41.99,46.58,46.66,-4.67,-10.0086,11.1603,2232065,99433081.0,3359200000.0,839800000.0
2015-08-17,'603519,立霸股份,46.66,47.59,46.2,46.9,47.46,-0.8,-1.6856,7.3595,1471891,68734720.0,3732800000.0,933200000.0
2015-08-14,'603519,立霸股份,47.46,47.8,46.34,46.63,46.22,1.24,2.6828,13.5203,2704054,127923872.0,3796800000.0,949200000.0
2015-08-13,'603519,立霸股份,46.22,46.38,44.61,45.7,45.75,0.47,1.0273,7.2426,1448526,65973894.0,3697600000.0,924400000.0
2015-08-12,'603519,立霸股份,45.75,47.46,45.69,46.31,46.84,-1.09,-2.3271,9.0471,1809413,84155477.0,3660000000.0,915000000.0
2015-08-11,'603519,立霸股份,46.84,47.78,46.36,46.36,46.92,-0.08,-0.1705,12.4041,2480816,116834436.0,3747200000.0,936800000.0
2015-08-10,'603519,立霸股份,46.92,47.62,45.08,46.0,44.9,2.02,4.4989,13.4827,2696537,125972363.0,3753600000.0,938400000.0
2015-08-07,'603519,立霸股份,44.9,45.2,43.7,43.8,43.65,1.25,2.8637,7.8218,1564367,70009249.0,3592000000.0,898000000.0
2015-08-06,'603519,立霸股份,43.65,44.44,43.02,43.92,44.9,-1.25,-2.784,7.3003,1460068,64003429.0,3492000000.0,873000000.0
2015-08-05,'603519,立霸股份,44.9,46.53,44.41,46.46,45.83,-0.93,-2.0292,13.349,2669798,121732061.0,3592000000.0,898000000.0
2015-08-04,'603519,立霸股份,45.83,46.0,43.2,44.0,44.04,1.79,4.0645,14.8684,2973682,133944525.0,3666400000.0,916600000.0
2015-08-03,'603519,立霸股份,44.04,44.8,41.1,42.01,42.53,1.51,3.5504,11.424,2284801,99053497.0,3523200000.0,880800000.0
2015-07-31,'603519,立霸股份,42.53,44.4,42.0,42.5,43.75,-1.22,-2.7886,9.2018,1840355,79038338.0,3402400000.0,850600000.0
2015-07-30,'603519,立霸股份,43.75,46.5,42.1,43.84,43.84,-0.09,-0.2053,15.0482,3009641,136207505.0,3500000000.0,875000000.0
2015-07-29,'603519,立霸股份,43.84,43.92,39.51,41.97,40.48,3.36,8.3004,10.009,2001797,83180893.0,3507200000.0,876800000.0
2015-07-28,'603519,立霸股份,40.48,44.17,40.15,40.25,44.61,-4.13,-9.258,14.2508,2850156,117179604.0,3238400000.0,809600000.0
2015-07-27,'603519,立霸股份,44.61,49.9,44.61,49.2,49.57,-4.96,-10.0061,11.4064,2281281,107576147.0,3568800000.0,892200000.0
2015-07-24,'603519,立霸股份,49.57,52.99,49.1,51.5,51.21,-1.64,-3.2025,16.3691,3273824,167761500.0,3965600000.0,991400000.0
2015-07-23,'603519,立霸股份,51.21,52.2,48.0,48.75,48.9,2.31,4.7239,16.3466,3269326,165926894.0,4096800000.0,1024200000.0
2015-07-22,'603519,立霸股份,48.9,52.5,48.6,51.0,49.7,-0.8,-1.6097,15.2402,3048039,153280205.0,3912000000.0,978000000.0
2015-07-21,'603519,立霸股份,49.7,49.7,44.45,45.18,45.18,4.52,10.0044,17.4287,3485733,166899486.0,3976000000.0,994000000.0
2015-07-20,'603519,立霸股份,45.18,47.39,44.88,46.0,46.0,-0.82,-1.7826,11.4182,2283639,104689840.0,3614400000.0,903600000.0
2015-07-17,'603519,XD立霸股,46.0,47.34,44.0,45.05,44.49,1.51,3.394,11.5353,2307069,105905816.0,3680000000.0,920000000.0
2015-07-16,'603519,立霸股份,44.63,48.7,42.62,42.62,47.36,-2.73,-5.7644,13.5238,2704759,121875476.0,3570400000.0,892600000.0
2015-07-15,'603519,立霸股份,47.36,50.5,47.36,50.5,52.62,-5.26,-9.9962,12.2414,2448283,118405121.0,3788800000.0,947200000.0
2015-07-14,'603519,立霸股份,52.62,57.85,52.5,54.0,56.28,-3.66,-6.5032,29.1571,5831419,316598869.0,4209600000.0,1052400000.0
2015-07-13,'603519,立霸股份,56.28,58.84,52.0,53.6,54.66,1.62,2.9638,46.1948,9238954,512619707.0,4502400000.0,1125600000.0
2015-07-10,'603519,立霸股份,54.66,54.66,46.7,48.01,49.69,4.97,10.002,50.501,10100193,531597154.0,4372800000.0,1093200000.0
2015-07-09,'603519,立霸股份,49.69,49.69,40.65,40.65,45.17,4.52,10.0066,46.5118,9302358,406090660.0,3975200000.0,993800000.0
2015-07-08,'603519,立霸股份,45.17,45.17,45.17,45.17,50.19,-5.02,-10.002,0.3335,66700,3012839.0,3613600000.0,903400000.0
2015-07-07,'603519,立霸股份,50.19,55.2,50.19,53.52,55.77,-5.58,-10.0054,8.978,1795598,92717603.0,4015200000.0,1003800000.0
2015-07-06,'603519,立霸股份,55.77,56.06,47.0,55.67,50.96,4.81,9.4388,20.1805,4036097,210146556.0,4461600000.0,1115400000.0
2015-07-03,'603519,立霸股份,50.96,55.1,46.55,48.31,51.72,-0.76,-1.4695,29.1646,5832916,300360466.0,4076800000.0,1019200000.0
2015-07-02,'603519,立霸股份,51.72,63.22,51.72,53.5,57.47,-5.75,-10.0052,24.1701,4834026,268216195.0,4137600000.0,1034400000.0
2015-07-01,'603519,立霸股份,57.47,64.0,57.47,62.0,63.85,-6.38,-9.9922,13.0952,2619031,159581755.0,4597600000.0,1149400000.0
2015-06-30,'603519,立霸股份,63.85,66.66,57.08,58.0,63.42,0.43,0.678,22.4014,4480275,272487621.0,5108000000.0,1277000000.0
2015-06-29,'603519,立霸股份,63.42,72.18,63.42,72.18,70.47,-7.05,-10.0043,15.5458,3109159,201332148.0,5073600000.0,1268400000.0
2015-06-26,'603519,立霸股份,70.47,75.0,70.47,72.72,78.3,-7.83,-10.0,23.2762,4655249,335104613.0,5637600000.0,1409400000.0
2015-06-25,'603519,立霸股份,78.3,78.7,66.66,73.4,74.07,4.23,5.7108,48.9913,9798265,689308023.0,6264000000.0,1566000000.0
2015-06-24,'603519,立霸股份,74.07,74.44,67.91,70.5,67.84,6.23,9.1834,32.2197,6443930,457463255.0,5925600000.0,1481400000.0
2015-06-23,'603519,立霸股份,67.84,67.84,62.38,63.2,61.67,6.17,10.0049,33.2279,6645589,437074626.0,5427200000.0,1356800000.0
2015-06-19,'603519,立霸股份,61.67,61.67,51.8,55.7,56.06,5.61,10.0071,21.2046,4240921,248449098.0,4933600000.0,1233400000.0
2015-06-18,'603519,立霸股份,56.06,58.8,55.0,57.6,58.0,-1.94,-3.3448,7.8703,1574065,90926191.0,4484800000.0,1121200000.0
2015-06-17,'603519,立霸股份,58.0,58.1,54.89,55.22,56.1,1.9,3.3868,7.8012,1560241,88298445.0,4640000000.0,1160000000.0
2015-06-16,'603519,立霸股份,56.1,57.46,53.0,55.7,56.06,0.04,0.0714,8.9221,1784421,99379414.0,4488000000.0,1122000000.0
2015-06-15,'603519,立霸股份,56.06,61.8,56.05,61.78,62.28,-6.22,-9.9872,10.4459,2089180,122407456.0,4484800000.0,1121200000.0
2015-06-12,'603519,立霸股份,62.28,65.55,62.0,64.35,64.29,-2.01,-3.1265,10.8664,2173286,137614941.0,4982400000.0,1245600000.0
2015-06-11,'603519,立霸股份,64.29,65.49,61.5,62.03,62.34,1.95,3.128,11.477,2295392,146503343.0,5143200000.0,1285800000.0
2015-06-10,'603519,立霸股份,62.34,63.16,57.72,58.0,58.81,3.53,6.0024,11.2745,2254908,138710053.0,4987200000.0,1246800000.0
2015-06-09,'603519,立霸股份,58.81,59.85,56.77,57.25,57.75,1.06,1.8355,7.3016,1460318,85963927.0,4704800000.0,1176200000.0
2015-06-08,'603519,立霸股份,57.75,61.88,57.21,61.88,61.33,-3.58,-5.8373,12.8955,2579102,151980442.0,4620000000.0,1155000000.0
2015-06-05,'603519,立霸股份,61.33,64.5,60.0,63.99,63.37,-2.04,-3.2192,13.5086,2701725,168784971.0,4906400000.0,1226600000.0
2015-06-04,'603519,立霸股份,63.37,68.99,61.58,68.6,68.42,-5.05,-7.3809,19.2928,3858556,245225157.0,5069600000.0,1267400000.0
2015-06-03,'603519,立霸股份,68.42,70.91,66.8,67.98,67.43,0.99,1.4682,14.7984,2959685,203487833.0,5473600000.0,1368400000.0
2015-06-02,'603519,立霸股份,67.43,67.99,65.06,67.0,68.11,-0.68,-0.9984,20.0975,4019497,266097832.0,5394400000.0,1348600000.0
2015-06-01,'603519,立霸股份,68.11,71.93,65.02,71.93,71.93,-3.82,-5.3107,24.064,4812806,328166744.0,5448800000.0,1362200000.0
2015-05-29,'603519,立霸股份,71.93,74.49,62.19,68.0,69.1,2.83,4.0955,35.5227,7104532,482648750.0,5754400000.0,1438600000.0
2015-05-28,'603519,立霸股份,69.1,78.78,65.05,78.74,71.62,-2.52,-3.5186,23.8274,4765480,367290258.0,5528000000.0,1382000000.0
2015-05-27,'603519,立霸股份,71.62,71.62,67.0,69.33,65.11,6.51,9.9985,15.5276,3105516,216582131.0,5729600000.0,1432400000.0
2015-05-26,'603519,立霸股份,65.11,65.11,58.75,58.75,59.19,5.92,10.0017,25.7474,5149473,324123698.0,5208800000.0,1302200000.0
2015-05-25,'603519,立霸股份,59.19,61.38,54.5,55.9,56.06,3.13,5.5833,28.7771,5755415,335984794.0,4735200000.0,1183800000.0
2015-05-22,'603519,立霸股份,56.06,56.06,50.06,51.61,50.96,5.1,10.0078,26.6299,5325987,282482873.0,4484800000.0,1121200000.0
2015-05-21,'603519,立霸股份,50.96,51.78,49.2,50.32,50.99,-0.03,-0.0588,16.1505,3230093,162736585.0,4076800000.0,1019200000.0
2015-05-20,'603519,立霸股份,50.99,55.3,50.81,51.6,52.24,-1.25,-2.3928,19.3721,3874416,204553558.0,4079200000.0,1019800000.0
2015-05-19,'603519,立霸股份,52.24,55.0,49.51,51.8,52.25,-0.01,-0.0191,21.1382,4227645,218410498.0,4179200000.0,1044800000.0
2015-05-18,'603519,立霸股份,52.25,53.29,47.91,48.01,48.64,3.61,7.4219,24.0202,4804038,246756196.0,4180000000.0,1045000000.0
2015-05-15,'603519,立霸股份,48.64,51.43,46.03,49.69,48.65,-0.01,-0.0206,29.9296,5985923,291598410.0,3891200000.0,972800000.0
2015-05-14,'603519,立霸股份,48.65,48.65,43.58,43.95,44.23,4.42,9.9932,30.4491,6089814,283921595.0,3892000000.0,973000000.0
2015-05-13,'603519,立霸股份,44.23,44.7,42.0,44.0,44.76,-0.53,-1.1841,26.8896,5377914,234096348.0,3538400000.0,884600000.0
2015-05-12,'603519,立霸股份,44.76,47.5,43.36,45.0,43.37,1.39,3.205,38.4485,7689705,345250169.0,3580800000.0,895200000.0
2015-05-11,'603519,立霸股份,43.37,43.37,39.4,39.89,39.43,3.94,9.9924,23.7082,4741631,198630464.0,3469600000.0,867400000.0
2015-05-08,'603519,立霸股份,39.43,39.66,36.85,37.06,36.57,2.86,7.8206,13.9879,2797584,105988611.0,3154400000.0,788600000.0
2015-05-07,'603519,立霸股份,36.57,38.48,35.51,38.18,38.94,-2.37,-6.0863,11.8615,2372300,88592829.0,2925600000.0,731400000.0
2015-05-06,'603519,立霸股份,38.94,41.41,38.0,40.0,40.37,-1.43,-3.5422,21.2476,4249511,172006884.0,3115200000.0,778800000.0
2015-05-05,'603519,立霸股份,40.37,41.6,38.6,40.0,40.46,-0.09,-0.2224,22.5465,4509303,180174062.0,3229600000.0,807400000.0
2015-05-04,'603519,立霸股份,40.46,40.7,37.51,39.0,38.5,1.96,5.0909,24.4032,4880640,191928304.0,3236800000.0,809200000.0
2015-04-30,'603519,立霸股份,38.5,40.18,37.62,37.64,37.64,0.86,2.2848,24.6458,4929167,192242959.0,3080000000.0,770000000.0
2015-04-29,'603519,立霸股份,37.64,37.75,35.53,35.89,36.26,1.38,3.8058,12.2285,2445704,90600608.0,3011200000.0,752800000.0
2015-04-28,'603519,立霸股份,36.26,38.0,36.21,38.0,37.61,-1.35,-3.5895,10.5157,2103136,77367062.0,2900800000.0,725200000.0
2015-04-27,'603519,立霸股份,37.61,38.03,36.81,36.98,36.52,1.09,2.9847,12.7209,2544182,95229266.0,3008800000.0,752200000.0
2015-04-24,'603519,立霸股份,36.52,36.7,35.8,36.1,36.71,-0.19,-0.5176,9.1181,1823624,66100899.0,2921600000.0,730400000.0
2015-04-23,'603519,立霸股份,36.71,37.08,36.31,36.66,36.69,0.02,0.0545,10.2354,2047079,74996017.0,2936800000.0,734200000.0
2015-04-22,'603519,立霸股份,36.69,36.95,35.95,35.95,36.0,0.69,1.9167,10.5496,2109913,77000532.0,2935200000.0,733800000.0
2015-04-21,'603519,立霸股份,36.0,36.05,34.4,34.5,34.54,1.46,4.227,8.1602,1632038,57875966.0,2880000000.0,720000000.0
2015-04-20,'603519,立霸股份,34.54,35.86,34.34,35.86,35.94,-1.4,-3.8954,9.5722,1914443,66927500.0,2763200000.0,690800000.0
2015-04-17,'603519,立霸股份,35.94,36.77,35.8,35.99,35.59,0.35,0.9834,9.1015,1820296,65910040.0,2875200000.0,718800000.0
2015-04-16,'603519,立霸股份,35.59,36.16,34.2,35.46,35.47,0.12,0.3383,9.1536,1830713,64760766.0,2847200000.0,711800000.0
2015-04-15,'603519,立霸股份,35.47,38.1,35.0,38.03,38.1,-2.63,-6.9029,12.6119,2522388,92147069.0,2837600000.0,709400000.0
2015-04-14,'603519,立霸股份,38.1,39.15,38.03,38.58,38.73,-0.63,-1.6266,13.0229,2604587,100308238.0,3048000000.0,762000000.0
2015-04-13,'603519,立霸股份,38.73,39.26,37.81,38.82,38.82,-0.09,-0.2318,18.3015,3660306,140845384.0,3098400000.0,774600000.0
2015-04-10,'603519,立霸股份,38.82,40.6,37.0,37.88,38.8,0.02,0.0515,16.3337,3266737,127088524.0,3105600000.0,776400000.0
2015-04-09,'603519,立霸股份,38.8,41.9,38.6,39.6,40.18,-1.38,-3.4345,29.3728,5874559,233398746.0,3104000000.0,776000000.0
2015-04-08,'603519,立霸股份,40.18,40.18,34.5,36.3,36.53,3.65,9.9918,29.3066,5861328,213338947.0,3214400000.0,803600000.0
2015-04-07,'603519,立霸股份,36.53,38.35,35.01,35.33,35.6,0.93,2.6124,24.7367,4947337,181105328.0,2922400000.0,730600000.0
2015-04-03,'603519,立霸股份,35.6,36.0,32.9,33.02,33.39,2.21,6.6187,29.2099,5841984,200991260.0,2848000000.0,712000000.0
2015-04-02,'603519,立霸股份,33.39,33.9,32.21,32.53,32.23,1.16,3.5991,25.8316,5166327,171212116.0,2671200000.0,667800000.0
2015-04-01,'603519,立霸股份,32.23,32.46,31.52,31.67,31.75,0.48,1.5118,15.6374,3127489,100371476.0,2578400000.0,644600000.0
2015-03-31,'603519,立霸股份,31.75,32.33,31.38,31.63,31.86,-0.11,-0.3453,17.8978,3579558,113599876.0,2540000000.0,635000000.0
2015-03-30,'603519,立霸股份,31.86,32.27,31.3,31.36,32.45,-0.59,-1.8182,28.9672,5793432,183245424.0,2548800000.0,637200000.0
2015-03-27,'603519,立霸股份,32.45,34.93,31.81,34.93,31.75,0.7,2.2047,54.8695,10973903,360469287.0,2596000000.0,649000000.0
2015-03-26,'603519,立霸股份,31.75,31.75,31.75,31.75,28.86,2.89,10.0139,0.8815,176300,5597525.0,2540000000.0,635000000.0
2015-03-25,'603519,立霸股份,28.86,28.86,28.86,28.86,26.24,2.62,9.9848,0.372,74400,2147184.0,2308800000.0,577200000.0
2015-03-24,'603519,立霸股份,26.24,26.24,26.24,26.24,23.85,2.39,10.021,0.202,40400,1060096.0,2099200000.0,524800000.0
2015-03-23,'603519,立霸股份,23.85,23.85,23.85,23.85,21.68,2.17,10.0092,0.067,13400,319590.0,1908000000.0,477000000.0
2015-03-20,'603519,立霸股份,21.68,21.68,21.68,21.68,19.71,1.97,9.9949,0.0235,4700,101896.0,1734400000.0,433600000.0
2015-03-19,'603519,N立霸,19.71,19.71,16.43,16.43,13.69,6.02,43.9737,0.097,19400,379094.0,1576800000.0,394200000.0
