日期,股票代码,名称,收盘价,最高价,最低价,开盘价,前收盘,涨跌额,涨跌幅,换手率,成交量,成交金额,总市值,流通市值
2017-05-15,'603606,东方电缆,12.19,12.23,12.06,12.23,12.1,0.09,0.7438,0.6986,972663,11801445.0,3790724300.0,1697311220.0
2017-05-12,'603606,东方电缆,12.1,12.2,12.03,12.2,12.14,-0.04,-0.3295,0.9429,1312899,15929846.0,3762737000.0,1684779800.0
2017-05-11,'603606,东方电缆,12.14,12.16,11.71,12.0,12.1,0.04,0.3306,1.4381,2002416,23880646.0,3775175800.0,1690349320.0
2017-05-10,'603606,东方电缆,12.1,12.39,12.03,12.29,12.22,-0.12,-0.982,1.1883,1654595,20276459.0,3762737000.0,1684779800.0
2017-05-09,'603606,东方电缆,12.22,12.26,11.9,11.95,11.94,0.28,2.3451,0.9363,1303731,15740807.0,3800053400.0,1701488360.0
2017-05-08,'603606,东方电缆,11.94,12.34,11.89,12.34,12.34,-0.4,-3.2415,1.3222,1840992,22113365.0,3712981800.0,1662501720.0
2017-05-05,'603606,东方电缆,12.34,12.54,12.3,12.36,12.44,-0.1,-0.8039,1.2509,1741671,21561023.0,3837369800.0,1718196920.0
2017-05-04,'603606,东方电缆,12.44,12.7,12.38,12.67,12.7,-0.26,-2.0472,1.1106,1546361,19387955.0,3868466800.0,1732120720.0
2017-05-03,'603606,东方电缆,12.7,12.75,12.52,12.6,12.66,0.04,0.316,1.201,1672216,21174305.0,3949319000.0,1768322600.0
2017-05-02,'603606,东方电缆,12.66,12.83,12.51,12.65,12.66,0.0,0.0,1.3158,1832144,23218236.0,3936880200.0,1762753080.0
2017-04-28,'603606,东方电缆,12.66,12.69,12.32,12.44,12.39,0.27,2.1792,1.7239,2400308,30123345.0,3936880200.0,1762753080.0
2017-04-27,'603606,东方电缆,12.39,12.47,11.75,12.45,12.4,-0.01,-0.0806,2.1471,2989582,36287836.0,3852918300.0,1725158820.0
2017-04-26,'603606,东方电缆,12.4,12.55,12.3,12.35,12.35,0.05,0.4049,1.3371,1861809,23173769.0,3856028000.0,1726551200.0
2017-04-25,'603606,东方电缆,12.35,12.43,12.23,12.34,12.3,0.05,0.4065,1.5957,2221883,27436105.0,3840479500.0,1719589300.0
2017-04-24,'603606,东方电缆,12.3,13.57,12.3,13.5,13.67,-1.37,-10.0219,4.8565,6762125,84744663.0,3824931000.0,1712627400.0
2017-04-21,'603606,东方电缆,13.67,14.18,13.45,14.16,14.22,-0.55,-3.8678,2.4588,3423533,47196749.0,4250959900.0,1903383460.0
2017-04-20,'603606,东方电缆,14.22,14.4,13.92,14.0,14.2,0.02,0.1408,1.9337,2692463,37920601.0,4421993400.0,1979964360.0
2017-04-19,'603606,东方电缆,14.2,14.31,13.7,14.31,14.31,-0.11,-0.7687,2.2036,3068300,42758047.0,4415774000.0,1977179600.0
2017-04-18,'603606,东方电缆,14.31,14.73,14.3,14.55,14.53,-0.22,-1.5141,1.6778,2336115,34010885.0,4449980700.0,1992495780.0
2017-04-17,'603606,东方电缆,14.53,15.03,14.4,15.03,15.13,-0.6,-3.9656,2.1741,3027171,44419012.0,4518394100.0,2023128140.0
2017-04-14,'603606,东方电缆,15.13,15.72,14.95,15.69,15.73,-0.6,-3.8144,3.6515,5084290,77155712.0,4704976100.0,2106670940.0
2017-04-13,'603606,东方电缆,15.73,15.86,15.63,15.68,15.73,0.0,0.0,1.492,2077460,32764684.0,4891558100.0,2190213740.0
2017-04-12,'603606,东方电缆,15.73,16.0,15.63,16.0,15.92,-0.19,-1.1935,3.456,4812000,75882529.0,4891558100.0,2190213740.0
2017-04-11,'603606,东方电缆,15.92,16.4,15.6,16.23,16.21,-0.29,-1.789,5.2863,7360543,117581997.0,4950642400.0,2216668960.0
2017-04-10,'603606,东方电缆,16.21,16.7,16.02,16.49,16.49,-0.28,-1.698,5.0488,7029783,115836588.0,5040823700.0,2257047980.0
2017-04-07,'603606,东方电缆,16.49,16.92,16.3,16.7,16.52,-0.03,-0.1816,7.8079,10871521,180530468.0,5127895300.0,2296034620.0
2017-04-06,'603606,东方电缆,16.52,16.57,16.37,16.43,16.43,0.09,0.5478,4.1235,5741451,94631943.0,5137224400.0,2300211760.0
2017-04-05,'603606,东方电缆,16.43,16.45,15.7,16.09,16.15,0.28,1.7337,4.4857,6245760,100699346.0,5109237100.0,2287680340.0
2017-03-31,'603606,东方电缆,16.15,16.23,15.61,15.75,15.91,0.24,1.5085,4.8284,6722960,106311137.0,5022165500.0,2248693700.0
2017-03-30,'603606,东方电缆,15.91,16.99,15.9,16.66,16.65,-0.74,-4.4444,5.7724,8037397,131084272.0,4947532700.0,2215276580.0
2017-03-29,'603606,东方电缆,16.65,16.75,16.34,16.34,16.34,0.31,1.8972,5.6841,7914448,131344119.0,5177650500.0,2318312700.0
2017-03-28,'603606,东方电缆,16.34,16.65,16.28,16.6,16.51,-0.17,-1.0297,2.4429,3401419,55802355.0,5081249800.0,2275148920.0
2017-03-27,'603606,东方电缆,16.51,16.85,16.44,16.7,16.56,-0.05,-0.3019,3.3992,4732928,78669581.0,5134114700.0,2298819380.0
2017-03-24,'603606,东方电缆,16.56,16.7,16.46,16.47,16.59,-0.03,-0.1808,4.2304,5890272,97623795.0,5149663200.0,2305781280.0
2017-03-23,'603606,东方电缆,16.59,16.66,16.07,16.11,16.13,0.46,2.8518,6.0397,8409585,137725166.0,5158992300.0,2309958420.0
2017-03-22,'603606,东方电缆,16.13,16.21,15.91,16.2,16.24,-0.11,-0.6773,2.0786,2894191,46515161.0,5015946100.0,2245908940.0
2017-03-21,'603606,东方电缆,16.24,16.25,15.86,16.05,16.05,0.19,1.1838,2.2185,3088939,49835230.0,5050152800.0,2261225120.0
2017-03-20,'603606,东方电缆,16.05,16.1,15.86,15.9,15.91,0.14,0.8799,1.7993,2505346,40145039.0,4991068500.0,2234769900.0
2017-03-17,'603606,东方电缆,15.91,16.38,15.85,16.21,16.2,-0.29,-1.7901,2.1372,2975810,47860259.0,4947532700.0,2215276580.0
2017-03-16,'603606,东方电缆,16.2,16.24,15.92,15.92,15.95,0.25,1.5674,2.5899,3606082,58250873.0,5037714000.0,2255655600.0
2017-03-15,'603606,东方电缆,15.95,16.02,15.8,15.93,15.92,0.03,0.1884,1.2702,1768555,28131447.0,4959971500.0,2220846100.0
2017-03-14,'603606,东方电缆,15.92,16.15,15.83,15.92,15.98,-0.06,-0.3755,1.9303,2687642,43041224.0,4950642400.0,2216668960.0
2017-03-13,'603606,东方电缆,15.98,16.03,15.71,15.8,15.94,0.04,0.2509,1.6062,2236426,35541920.0,4969300600.0,2225023240.0
2017-03-10,'603606,东方电缆,15.94,16.08,15.72,15.75,15.87,0.07,0.4411,1.7666,2459817,39103768.0,4956861800.0,2219453720.0
2017-03-09,'603606,东方电缆,15.87,16.29,15.85,16.19,16.3,-0.43,-2.638,2.3834,3318659,53027880.0,4935093900.0,2209707060.0
2017-03-08,'603606,东方电缆,16.3,16.42,16.18,16.29,16.27,0.03,0.1844,3.1092,4329249,70552622.0,5068811000.0,2269579400.0
2017-03-07,'603606,东方电缆,16.27,16.35,16.13,16.17,16.2,0.07,0.4321,2.8155,3920200,63684745.0,5059481900.0,2265402260.0
2017-03-06,'603606,东方电缆,16.2,16.25,15.99,16.13,16.05,0.15,0.9346,3.0467,4242160,68399763.0,5037714000.0,2255655600.0
2017-03-03,'603606,东方电缆,16.05,16.15,15.63,15.76,15.77,0.28,1.7755,3.5465,4938115,78699505.0,4991068500.0,2234769900.0
2017-03-02,'603606,东方电缆,15.77,16.04,15.76,15.89,15.91,-0.14,-0.8799,2.4799,3452900,54844067.0,4903996900.0,2195783260.0
2017-03-01,'603606,东方电缆,15.91,16.2,15.89,16.0,16.1,-0.19,-1.1801,3.3897,4719681,75666552.0,4947532700.0,2215276580.0
2017-02-28,'603606,东方电缆,16.1,16.55,16.05,16.33,16.44,-0.34,-2.0681,3.9383,5483641,89095814.0,5006617000.0,2241731800.0
2017-02-27,'603606,东方电缆,16.44,16.76,16.3,16.43,16.59,-0.15,-0.9042,3.6958,5145902,84978155.0,5112346800.0,2289072720.0
2017-02-24,'603606,东方电缆,16.59,16.64,16.19,16.44,16.46,0.13,0.7898,4.03,5611261,92021666.0,5158992300.0,2309958420.0
2017-02-23,'603606,东方电缆,16.46,16.65,16.31,16.35,16.53,-0.07,-0.4235,5.0798,7073009,116416418.0,5118566200.0,2291857480.0
2017-02-22,'603606,东方电缆,16.53,17.38,16.41,16.9,16.87,-0.34,-2.0154,11.0731,15418017,259897907.0,5140334100.0,2301604140.0
2017-02-21,'603606,东方电缆,16.87,17.24,16.65,16.9,16.96,-0.09,-0.5307,7.3989,10302102,173850517.0,5246063900.0,2348945060.0
2017-02-20,'603606,东方电缆,16.96,17.0,16.21,16.22,16.39,0.57,3.4777,9.9502,13854462,232554246.0,5274051200.0,2361476480.0
2017-02-17,'603606,东方电缆,16.39,16.56,16.15,16.36,16.42,-0.03,-0.1827,7.1557,9963485,163312763.0,5096798300.0,2282110820.0
2017-02-16,'603606,东方电缆,16.42,16.48,15.61,15.76,15.91,0.51,3.2055,8.7412,12171022,196901770.0,5106127400.0,2286287960.0
2017-02-15,'603606,东方电缆,15.91,16.09,15.73,16.03,16.05,-0.14,-0.8723,4.5701,6363379,101057736.0,4947532700.0,2215276580.0
2017-02-14,'603606,东方电缆,16.05,16.17,15.62,15.9,15.84,0.21,1.3258,4.7891,6668254,105789320.0,4991068500.0,2234769900.0
2017-02-13,'603606,东方电缆,15.84,16.0,15.6,15.62,16.02,-0.18,-1.1236,4.9914,6949902,109433448.0,4925764800.0,2205529920.0
2017-02-10,'603606,东方电缆,16.02,16.65,16.0,16.1,16.15,-0.13,-0.805,7.4662,10395765,169574021.0,4981739400.0,2230592760.0
2017-02-09,'603606,东方电缆,16.15,16.3,15.91,16.0,16.09,0.06,0.3729,5.5907,7784391,125347262.0,5022165500.0,2248693700.0
2017-02-08,'603606,东方电缆,16.09,16.61,15.44,15.6,15.77,0.32,2.0292,7.1071,9895732,157943179.0,5003507300.0,2240339420.0
2017-02-07,'603606,东方电缆,15.77,16.09,15.73,15.97,15.97,-0.2,-1.2523,3.4532,4808109,76276019.0,4903996900.0,2195783260.0
2017-02-06,'603606,东方电缆,15.97,16.08,15.66,15.87,15.86,0.11,0.6936,4.0865,5689911,90062185.0,4966190900.0,2223630860.0
2017-02-03,'603606,东方电缆,15.86,16.03,15.55,15.8,15.72,0.14,0.8906,3.319,4621289,72723555.0,4931984200.0,2208314680.0
2017-01-26,'603606,东方电缆,15.72,15.9,15.49,15.5,15.6,0.12,0.7692,3.6021,5015554,78701897.0,4888448400.0,2188821360.0
2017-01-25,'603606,东方电缆,15.6,15.82,15.37,15.82,15.82,-0.22,-1.3906,4.7301,6586124,102394161.0,4851132000.0,2172112800.0
2017-01-24,'603606,东方电缆,15.82,16.64,15.09,15.1,15.13,0.69,4.5605,8.1345,11326384,180298625.0,4919545400.0,2202745160.0
2017-01-23,'603606,东方电缆,15.13,15.35,14.94,15.18,15.11,0.02,0.1324,2.8138,3917948,59079115.0,4704976100.0,2106670940.0
2017-01-20,'603606,东方电缆,15.11,15.19,14.69,14.85,14.88,0.23,1.5457,2.7679,3854033,57823069.0,4698756700.0,2103886180.0
2017-01-19,'603606,东方电缆,14.88,15.2,14.66,14.87,14.85,0.03,0.202,1.5283,2127935,31526893.0,4627233600.0,2071861440.0
2017-01-18,'603606,东方电缆,14.85,14.96,14.65,14.91,14.94,-0.09,-0.6024,1.9692,2741889,40547221.0,4617904500.0,2067684300.0
2017-01-17,'603606,东方电缆,14.94,15.0,14.5,15.0,14.9,0.04,0.2685,2.0361,2835001,41796218.0,4645891800.0,2080215720.0
2017-01-16,'603606,东方电缆,14.9,15.33,14.0,15.33,15.35,-0.45,-2.9316,3.1143,4336332,63988395.0,4633453000.0,2074646200.0
2017-01-13,'603606,东方电缆,15.35,15.49,15.2,15.35,15.48,-0.13,-0.8398,1.9532,2719560,41693601.0,4773389500.0,2137303300.0
2017-01-12,'603606,东方电缆,15.48,15.58,15.28,15.49,15.52,-0.04,-0.2577,1.9169,2669089,41138734.0,4813815600.0,2155404240.0
2017-01-11,'603606,东方电缆,15.52,15.89,15.3,15.88,15.84,-0.32,-2.0202,3.2706,4553880,70947607.0,4826254400.0,2160973760.0
2017-01-10,'603606,东方电缆,15.84,15.95,15.46,15.55,15.62,0.22,1.4085,5.1619,7187381,113085845.0,4925764800.0,2205529920.0
2017-01-09,'603606,东方电缆,15.62,15.63,15.2,15.37,15.41,0.21,1.3628,3.207,4465375,69063631.0,4857351400.0,2174897560.0
2017-01-06,'603606,东方电缆,15.41,15.45,15.16,15.3,15.47,-0.06,-0.3878,2.9261,4074300,62196113.0,4792047700.0,2145657580.0
2017-01-05,'603606,东方电缆,15.47,15.69,15.31,15.41,15.28,0.19,1.2435,2.9545,4113777,63680925.0,4810705900.0,2154011860.0
2017-01-04,'603606,东方电缆,15.28,15.36,15.1,15.33,15.33,-0.05,-0.3262,1.7788,2476753,37761975.0,4751621600.0,2127556640.0
2017-01-03,'603606,东方电缆,15.33,15.5,15.0,15.4,15.38,-0.05,-0.3251,1.3715,1909695,29219654.0,4767170100.0,2134518540.0
2016-12-30,'603606,东方电缆,15.38,15.48,15.26,15.33,15.4,-0.02,-0.1299,2.4447,3404001,52314629.0,4782718600.0,2141480440.0
2016-12-29,'603606,东方电缆,15.4,15.49,15.07,15.35,15.31,0.09,0.5879,2.4231,3373813,51328088.0,4788938000.0,2144265200.0
2016-12-28,'603606,东方电缆,15.31,15.55,15.05,15.1,15.2,0.11,0.7237,2.7047,3766017,57415611.0,4760950700.0,2131733780.0
2016-12-27,'603606,东方电缆,15.2,15.29,14.89,15.11,15.12,0.08,0.5291,2.1788,3033697,45855823.0,4726744000.0,2116417600.0
2016-12-26,'603606,东方电缆,15.12,15.16,14.54,14.87,14.91,0.21,1.4085,1.4361,1999540,29735699.0,4701866400.0,2105278560.0
2016-12-23,'603606,东方电缆,14.91,15.28,14.86,15.25,15.25,-0.34,-2.2295,2.1543,2999552,45002098.0,4636562700.0,2076038580.0
2016-12-22,'603606,东方电缆,15.25,15.27,14.94,14.99,15.06,0.19,1.2616,2.3831,3318184,50221834.0,4742292500.0,2123379500.0
2016-12-21,'603606,东方电缆,15.06,15.13,14.82,14.92,14.92,0.14,0.9383,2.0691,2880975,43183539.0,4683208200.0,2096924280.0
2016-12-20,'603606,东方电缆,14.92,15.05,14.57,14.71,14.71,0.21,1.4276,1.7625,2454019,36143010.0,4639672400.0,2077430960.0
2016-12-19,'603606,东方电缆,14.71,14.95,14.61,14.95,14.92,-0.21,-1.4075,1.3916,1937568,28481290.0,4574368700.0,2048190980.0
2016-12-16,'603606,东方电缆,14.92,15.03,14.86,14.9,15.0,-0.08,-0.5333,1.8711,2605347,38907404.0,4639672400.0,2077430960.0
2016-12-15,'603606,东方电缆,15.0,15.06,14.51,14.71,14.86,0.14,0.9421,4.3377,6039746,89701851.0,4664550000.0,2088570000.0
2016-12-14,'603606,东方电缆,14.86,14.94,14.38,14.53,14.52,0.34,2.3416,4.8559,6761285,99212799.0,4621014200.0,2069076680.0
2016-12-13,'603606,东方电缆,14.52,14.55,13.94,14.44,14.52,0.0,0.0,1.8837,2622826,37303670.0,4515284400.0,2021735760.0
2016-12-12,'603606,东方电缆,14.52,14.85,13.7,14.84,14.79,-0.27,-1.8256,2.6146,3640511,51561415.0,4515284400.0,2021735760.0
2016-12-09,'603606,东方电缆,14.79,14.92,14.7,14.92,14.79,0.0,0.0,0.7872,1096144,16217683.0,4599246300.0,2059330020.0
2016-12-08,'603606,东方电缆,14.79,15.0,14.75,14.9,14.85,-0.06,-0.404,1.442,2007796,29852672.0,4599246300.0,2059330020.0
2016-12-07,'603606,东方电缆,14.85,14.93,14.66,14.76,14.77,0.08,0.5416,1.1173,1555772,23046915.0,4617904500.0,2067684300.0
2016-12-06,'603606,东方电缆,14.77,14.88,14.5,14.76,14.66,0.11,0.7503,1.3781,1918791,28281512.0,4593026900.0,2056545260.0
2016-12-05,'603606,东方电缆,14.66,14.67,14.32,14.42,14.52,0.14,0.9642,1.2436,1731632,25176822.0,4558820200.0,2041229080.0
2016-12-02,'603606,东方电缆,14.52,15.13,14.5,14.93,14.89,-0.37,-2.4849,1.8171,2530035,37393775.0,4515284400.0,2021735760.0
2016-12-01,'603606,东方电缆,14.89,15.05,14.85,14.96,14.95,-0.06,-0.4013,1.247,1736308,25889980.0,4630343300.0,2073253820.0
2016-11-30,'603606,东方电缆,14.95,14.96,14.7,14.7,14.78,0.17,1.1502,1.4199,1976972,29388703.0,4649001500.0,2081608100.0
2016-11-29,'603606,东方电缆,14.78,15.14,14.76,15.13,15.17,-0.39,-2.5709,3.2903,4581322,68352648.0,4596136600.0,2057937640.0
2016-11-28,'603606,东方电缆,15.17,15.68,15.15,15.58,15.68,-0.51,-3.2526,3.131,4359524,67178270.0,4717414900.0,2112240460.0
2016-11-25,'603606,东方电缆,15.68,15.76,15.33,15.62,15.66,0.02,0.1277,2.3435,3263062,50754190.0,4876009600.0,2183251840.0
2016-11-24,'603606,东方电缆,15.66,16.04,15.61,15.81,15.94,-0.28,-1.7566,2.6618,3706302,58608313.0,4869790200.0,2180467080.0
2016-11-23,'603606,东方电缆,15.94,16.5,15.75,16.18,16.16,-0.22,-1.3614,4.0958,5702961,91222302.0,4956861800.0,2219453720.0
2016-11-22,'603606,东方电缆,16.16,16.3,15.6,15.68,15.67,0.49,3.127,7.1924,10014576,160208268.0,5025275200.0,2250086080.0
2016-11-21,'603606,东方电缆,15.67,15.95,15.49,15.65,15.73,-0.06,-0.3814,3.7296,5193028,81222566.0,4872899900.0,2181859460.0
2016-11-18,'603606,东方电缆,15.73,15.98,15.4,15.89,15.83,-0.1,-0.6317,3.3003,4595226,71790447.0,4891558100.0,2190213740.0
2016-11-17,'603606,东方电缆,15.83,16.41,15.74,16.15,16.07,-0.24,-1.4935,3.4972,4869454,77612020.0,4922655100.0,2204137540.0
2016-11-16,'603606,东方电缆,16.07,16.34,15.83,16.02,15.94,0.13,0.8156,5.0982,7098580,114304448.0,4997287900.0,2237554660.0
2016-11-15,'603606,东方电缆,15.94,15.98,15.73,15.86,15.98,-0.04,-0.2503,2.8054,3906245,61864517.0,4956861800.0,2219453720.0
2016-11-14,'603606,东方电缆,15.98,16.1,15.64,15.76,15.65,0.33,2.1086,5.1694,7197705,114241779.0,4969300600.0,2225023240.0
2016-11-11,'603606,东方电缆,15.65,15.82,15.49,15.74,15.74,-0.09,-0.5718,3.1326,4361777,68078638.0,4866680500.0,2179074700.0
2016-11-10,'603606,东方电缆,15.74,15.97,15.52,15.63,15.49,0.25,1.6139,5.1798,7212299,113335947.0,4894667800.0,2191606120.0
2016-11-09,'603606,东方电缆,15.49,15.58,15.12,15.26,15.26,0.23,1.5072,3.9879,5552634,85180702.0,4816925300.0,2156796620.0
2016-11-08,'603606,东方电缆,15.26,15.48,15.12,15.12,15.17,0.09,0.5933,3.1901,4441830,67862863.0,4745402200.0,2124771880.0
2016-11-07,'603606,东方电缆,15.17,16.4,15.1,15.55,15.61,-0.44,-2.8187,5.5353,7707235,120312886.0,4717414900.0,2112240460.0
2016-11-04,'603606,东方电缆,15.61,15.77,15.37,15.56,15.58,0.03,0.1926,5.4861,7638775,118540207.0,4854241700.0,2173505180.0
2016-11-03,'603606,东方电缆,15.58,15.88,14.85,14.91,14.98,0.6,4.0053,9.4865,13208780,204373897.0,4844912600.0,2169328040.0
2016-11-02,'603606,东方电缆,14.98,15.26,14.95,15.26,15.27,-0.29,-1.8991,4.374,6090224,91891600.0,4658330600.0,2085785240.0
2016-11-01,'603606,东方电缆,15.27,15.3,14.62,14.7,14.7,0.57,3.8776,7.554,10518054,158357413.0,4748511900.0,2126164260.0
2016-10-31,'603606,东方电缆,14.7,14.84,14.46,14.84,14.81,-0.11,-0.7427,1.9114,2661375,38967515.0,4571259000.0,2046798600.0
2016-10-28,'603606,东方电缆,14.81,14.98,14.46,14.46,14.55,0.26,1.7869,3.9914,5557516,81918887.0,4605465700.0,2062114780.0
2016-10-27,'603606,东方电缆,14.55,14.64,14.4,14.41,14.46,0.09,0.6224,1.3905,1936108,28158665.0,4524613500.0,2025912900.0
2016-10-26,'603606,东方电缆,14.46,14.71,14.37,14.62,14.72,-0.26,-1.7663,3.406,4742500,68915923.0,4496626200.0,2013381480.0
2016-10-25,'603606,东方电缆,14.72,15.38,14.71,15.38,14.9,-0.18,-1.2081,4.4309,6169511,92205142.0,4577478400.0,2049583360.0
2016-10-24,'603606,东方电缆,14.9,15.24,14.56,14.72,14.75,0.15,1.0169,4.5593,6348267,94333681.0,4633453000.0,2074646200.0
2016-10-21,'603606,东方电缆,14.75,14.86,14.5,14.56,14.67,0.08,0.5453,3.3449,4657306,68444939.0,4586807500.0,2053760500.0
2016-10-20,'603606,东方电缆,14.67,14.82,14.58,14.79,14.8,-0.13,-0.8784,2.2373,3115160,45671032.0,4561929900.0,2042621460.0
2016-10-19,'603606,东方电缆,14.8,14.9,14.52,14.66,14.65,0.15,1.0239,4.4088,6138791,90463791.0,4602356000.0,2060722400.0
2016-10-18,'603606,东方电缆,14.65,14.74,14.36,14.36,14.47,0.18,1.244,4.2841,5965143,86957312.0,4555710500.0,2039836700.0
2016-10-17,'603606,东方电缆,14.47,14.7,14.2,14.6,14.68,-0.21,-1.4305,3.3069,4604479,66536686.0,4499735900.0,2014773860.0
2016-10-14,'603606,东方电缆,14.68,14.8,14.33,14.64,14.68,0.0,0.0,4.0565,5648153,82122797.0,4565039600.0,2044013840.0
2016-10-13,'603606,东方电缆,14.68,14.72,14.15,14.23,14.24,0.44,3.0899,4.032,5614014,81031536.0,4565039600.0,2044013840.0
2016-10-12,'603606,东方电缆,14.24,14.36,14.09,14.2,14.21,0.03,0.2111,1.4976,2085277,29691534.0,4428212800.0,1982749120.0
2016-10-11,'603606,东方电缆,14.21,14.33,13.98,14.04,14.03,0.18,1.283,2.5045,3487168,49400151.0,4418883700.0,1978571980.0
2016-10-10,'603606,东方电缆,14.03,14.03,13.76,13.82,13.75,0.28,2.0364,1.7076,2377687,33077459.0,4362909100.0,1953509140.0
2016-09-30,'603606,东方电缆,13.75,13.77,13.61,13.7,13.67,0.08,0.5852,0.9012,1254830,17176280.0,4275837500.0,1914522500.0
2016-09-29,'603606,东方电缆,13.67,13.75,13.63,13.65,13.65,0.02,0.1465,1.0577,1472752,20133020.0,4250959900.0,1903383460.0
2016-09-28,'603606,东方电缆,13.65,13.72,13.62,13.71,13.65,0.0,0.0,0.8606,1198324,16366753.0,4244740500.0,1900598700.0
2016-09-27,'603606,东方电缆,13.65,13.7,13.42,13.59,13.59,0.06,0.4415,0.8375,1166130,15815814.0,4244740500.0,1900598700.0
2016-09-26,'603606,东方电缆,13.59,13.87,13.58,13.7,13.76,-0.17,-1.2355,1.4322,1994119,27358935.0,4226082300.0,1892244420.0
2016-09-23,'603606,东方电缆,13.76,13.99,13.75,13.86,13.98,-0.22,-1.5737,1.35,1879661,25994760.0,4278947200.0,1915914880.0
2016-09-22,'603606,东方电缆,13.98,14.28,13.89,14.28,13.77,0.21,1.5251,2.1252,2959024,41535502.0,4347360600.0,1946547240.0
2016-09-21,'603606,东方电缆,13.77,13.85,13.62,13.7,13.7,0.07,0.5109,0.8841,1230936,16925182.0,4282056900.0,1917307260.0
2016-09-20,'603606,东方电缆,13.7,13.83,13.5,13.54,13.59,0.11,0.8094,1.6702,2325585,31887613.0,4260289000.0,1907560600.0
2016-09-19,'603606,东方电缆,13.59,13.63,13.33,13.48,13.4,0.19,1.4179,1.0007,1393339,18877304.0,4226082300.0,1892244420.0
2016-09-14,'603606,东方电缆,13.4,13.64,13.38,13.5,13.53,-0.13,-0.9608,1.3914,1937368,26156893.0,4166998000.0,1865789200.0
2016-09-13,'603606,东方电缆,13.53,13.55,13.39,13.41,13.35,0.18,1.3483,1.4612,2034547,27349314.0,4207424100.0,1883890140.0
2016-09-12,'603606,东方电缆,13.35,13.95,13.33,13.95,14.15,-0.8,-5.6537,3.453,4807877,65221322.0,4151449500.0,1858827300.0
2016-09-09,'603606,东方电缆,14.15,14.76,14.14,14.48,14.51,-0.36,-2.481,3.2675,4549614,65595844.0,4400225500.0,1970217700.0
2016-09-08,'603606,东方电缆,14.51,14.56,14.19,14.19,14.2,0.31,2.1831,3.0735,4279471,61735319.0,4512174700.0,2020343380.0
2016-09-07,'603606,东方电缆,14.2,14.54,14.19,14.45,14.46,-0.26,-1.7981,2.8512,3969936,57125808.0,4415774000.0,1977179600.0
2016-09-06,'603606,东方电缆,14.46,14.51,14.26,14.47,14.48,-0.02,-0.1381,2.5117,3497190,50378083.0,4496626200.0,2013381480.0
2016-09-05,'603606,东方电缆,14.48,14.51,14.29,14.47,14.4,0.08,0.5556,2.0214,2814562,40473516.0,4502845600.0,2016166240.0
2016-09-02,'603606,东方电缆,14.4,14.42,14.15,14.24,14.22,0.18,1.2658,2.0684,2879959,41069530.0,4477968000.0,2005027200.0
2016-09-01,'603606,东方电缆,14.22,14.55,14.21,14.47,14.5,-0.28,-1.931,2.7493,3828136,54894216.0,4421993400.0,1979964360.0
2016-08-31,'603606,东方电缆,14.5,14.91,14.44,14.8,14.72,-0.22,-1.4946,3.8718,5391066,78646567.0,4509065000.0,2018951000.0
2016-08-30,'603606,东方电缆,14.72,14.74,14.09,14.09,14.09,0.63,4.4713,6.0237,8387220,121893661.0,4577478400.0,2049583360.0
2016-08-29,'603606,东方电缆,14.09,14.3,14.0,14.01,14.14,-0.05,-0.3536,1.8514,2577875,36473772.0,4381567300.0,1961863420.0
2016-08-26,'603606,东方电缆,14.14,14.52,14.1,14.29,14.31,-0.17,-1.188,2.7246,3793648,54170393.0,4397115800.0,1968825320.0
2016-08-25,'603606,东方电缆,14.31,14.65,13.95,14.07,14.18,0.13,0.9168,5.4656,7610131,109340128.0,4449980700.0,1992495780.0
2016-08-24,'603606,东方电缆,14.18,14.28,13.6,13.6,13.62,0.56,4.1116,4.6088,6417198,90279595.0,4409554600.0,1974394840.0
2016-08-23,'603606,东方电缆,13.62,13.76,13.51,13.64,13.63,-0.01,-0.0734,0.8934,1243990,16976775.0,4235411400.0,1896421560.0
2016-08-22,'603606,东方电缆,13.63,13.93,13.61,13.8,13.84,-0.21,-1.5173,1.1468,1596740,21937124.0,4238521100.0,1897813940.0
2016-08-19,'603606,东方电缆,13.84,13.97,13.75,13.86,13.9,-0.06,-0.4317,1.4606,2033731,28119616.0,4303824800.0,1927053920.0
2016-08-18,'603606,东方电缆,13.9,13.97,13.75,13.75,13.79,0.11,0.7977,2.0479,2851496,39525363.0,4322483000.0,1935408200.0
2016-08-17,'603606,东方电缆,13.79,13.83,13.63,13.82,13.77,0.02,0.1452,1.5821,2202921,30268498.0,4288276300.0,1920092020.0
2016-08-16,'603606,东方电缆,13.77,13.8,13.62,13.69,13.7,0.07,0.5109,1.7416,2424999,33314540.0,4282056900.0,1917307260.0
2016-08-15,'603606,东方电缆,13.7,13.8,13.43,13.52,13.51,0.19,1.4064,2.2548,3139561,42895572.0,4260289000.0,1907560600.0
2016-08-12,'603606,东方电缆,13.51,13.52,13.28,13.35,13.32,0.19,1.4264,0.9791,1363264,18272669.0,4201204700.0,1881105380.0
2016-08-11,'603606,东方电缆,13.32,13.62,13.28,13.6,13.59,-0.27,-1.9868,1.3721,1910497,25632668.0,4142120400.0,1854650160.0
2016-08-10,'603606,东方电缆,13.59,13.69,13.55,13.63,13.63,-0.04,-0.2935,1.2188,1697081,23089925.0,4226082300.0,1892244420.0
2016-08-09,'603606,东方电缆,13.63,13.7,13.48,13.49,13.49,0.14,1.0378,1.5127,2106214,28665441.0,4238521100.0,1897813940.0
2016-08-08,'603606,东方电缆,13.49,13.54,13.23,13.45,13.42,0.07,0.5216,1.6974,2363486,31608971.0,4194985300.0,1878320620.0
2016-08-05,'603606,东方电缆,13.42,13.71,13.41,13.59,13.56,-0.14,-1.0324,1.0124,1409600,19068892.0,4173217400.0,1868573960.0
2016-08-04,'603606,东方电缆,13.56,13.65,13.39,13.48,13.48,0.08,0.5935,1.2928,1800072,24416296.0,4216753200.0,1888067280.0
2016-08-03,'603606,东方电缆,13.48,13.65,13.41,13.56,13.64,-0.16,-1.173,1.0244,1426331,19289348.0,4191875600.0,1876928240.0
2016-08-02,'603606,东方电缆,13.64,13.72,13.45,13.49,13.59,0.05,0.3679,1.1261,1567981,21286859.0,4241630800.0,1899206320.0
2016-08-01,'603606,东方电缆,13.59,13.69,13.07,13.46,13.4,0.19,1.4179,2.333,3248461,43501100.0,4226082300.0,1892244420.0
2016-07-29,'603606,东方电缆,13.4,13.56,13.23,13.52,13.51,-0.11,-0.8142,1.1246,1565820,20978624.0,4166998000.0,1865789200.0
2016-07-28,'603606,东方电缆,13.51,13.6,13.16,13.45,13.5,0.01,0.0741,1.8011,2507795,33660589.0,4201204700.0,1881105380.0
2016-07-27,'603606,东方电缆,13.5,14.44,13.31,14.39,14.35,-0.85,-5.9233,3.858,5371804,74266769.0,4198095000.0,1879713000.0
2016-07-26,'603606,东方电缆,14.35,14.36,14.12,14.22,14.2,0.15,1.0563,1.8905,2632260,37604226.0,4462419500.0,1998065300.0
2016-07-25,'603606,东方电缆,14.2,14.4,14.1,14.3,14.4,-0.2,-1.3889,3.1285,4356080,61862169.0,4415774000.0,1977179600.0
2016-07-22,'603606,东方电缆,14.4,14.86,14.32,14.79,14.87,-0.47,-3.1607,3.9431,5490323,79751074.0,4477968000.0,2005027200.0
2016-07-21,'603606,东方电缆,14.87,15.6,14.2,14.42,14.68,0.19,1.2943,8.3153,11578021,171587495.0,4624123900.0,2070469060.0
2016-07-20,'603606,东方电缆,14.68,14.98,14.28,14.52,14.46,0.22,1.5214,7.8981,10997191,161445778.0,4565039600.0,2044013840.0
2016-07-19,'603606,东方电缆,14.46,14.53,14.22,14.47,14.54,-0.08,-0.5502,2.1703,3021817,43413028.0,4496626200.0,2013381480.0
2016-07-18,'603606,东方电缆,14.54,14.6,14.14,14.25,14.49,0.05,0.3451,4.6117,6421189,92362208.0,4521503800.0,2024520520.0
2016-07-15,'603606,东方电缆,14.49,14.67,13.72,13.88,13.88,0.61,4.3948,6.603,9193819,131386230.0,4505955300.0,2017558620.0
2016-07-14,'603606,东方电缆,13.88,13.98,13.81,13.94,13.93,-0.05,-0.3589,1.5563,2166909,30122350.0,4316263600.0,1932623440.0
2016-07-13,'603606,东方电缆,13.93,13.98,13.74,13.8,13.82,0.11,0.7959,2.4879,3464125,47946961.0,4331812100.0,1939585340.0
2016-07-12,'603606,东方电缆,13.82,13.88,13.32,13.65,13.67,0.15,1.0973,2.4166,3364894,45900386.0,4297605400.0,1924269160.0
2016-07-11,'603606,东方电缆,13.67,13.99,13.64,13.77,13.88,-0.21,-1.513,2.1914,3051282,42207392.0,4250959900.0,1903383460.0
2016-07-08,'603606,东方电缆,13.88,13.97,13.5,13.58,13.68,0.2,1.462,2.8524,3971565,54665444.0,4316263600.0,1932623440.0
2016-07-07,'603606,东方电缆,13.68,13.97,13.38,13.83,13.97,-0.29,-2.0759,3.9617,5516180,75369459.0,4254069600.0,1904775840.0
2016-07-06,'603606,东方电缆,13.97,14.18,13.8,13.9,14.2,-0.23,-1.6197,4.3898,6112238,85273658.0,4344250900.0,1945154860.0
2016-07-05,'603606,东方电缆,14.2,15.13,14.01,15.13,13.85,0.35,2.5271,8.9414,12449769,178878062.0,4415774000.0,1977179600.0
2016-07-04,'603606,东方电缆,0.0,0.0,0.0,0.0,13.85,None,None,0.0,0,0.0,4306934500.0,1928446300.0
2016-07-01,'603606,东方电缆,0.0,0.0,0.0,0.0,13.85,None,None,0.0,0,0.0,4306934500.0,1928446300.0
2016-06-30,'603606,东方电缆,0.0,0.0,0.0,0.0,13.85,None,None,0.0,0,0.0,4306934500.0,1928446300.0
2016-06-29,'603606,东方电缆,0.0,0.0,0.0,0.0,13.85,None,None,0.0,0,0.0,4306934500.0,1928446300.0
2016-06-28,'603606,东方电缆,0.0,0.0,0.0,0.0,13.85,None,None,0.0,0,0.0,4306934500.0,1928446300.0
2016-06-27,'603606,东方电缆,0.0,0.0,0.0,0.0,13.85,None,None,0.0,0,0.0,4306934500.0,1928446300.0
2016-06-24,'603606,东方电缆,0.0,0.0,0.0,0.0,13.85,None,None,0.0,0,0.0,4306934500.0,1928446300.0
2016-06-23,'603606,东方电缆,0.0,0.0,0.0,0.0,13.85,None,None,0.0,0,0.0,4306934500.0,1928446300.0
2016-06-22,'603606,东方电缆,0.0,0.0,0.0,0.0,13.85,None,None,0.0,0,0.0,4306934500.0,1928446300.0
2016-06-21,'603606,东方电缆,13.85,13.9,13.16,13.34,13.33,0.52,3.901,6.2305,8675226,116673209.0,4306934500.0,1928446300.0
2016-06-20,'603606,东方电缆,13.33,13.39,12.7,12.83,12.84,0.49,3.8162,3.8977,5427077,71348961.0,4145230100.0,1856042540.0
2016-06-17,'603606,东方电缆,12.84,13.06,12.65,12.65,12.76,0.08,0.627,1.6665,2320341,29905573.0,3992854800.0,1787815920.0
2016-06-16,'603606,东方电缆,12.76,12.92,12.65,12.75,12.8,-0.04,-0.3125,1.7499,2436464,31213509.0,3967977200.0,1776676880.0
2016-06-15,'603606,东方电缆,12.8,12.82,12.16,12.29,12.4,0.4,3.2258,2.1089,2936420,37111677.0,3980416000.0,1782246400.0
2016-06-14,'603606,东方电缆,12.4,12.81,12.19,12.68,12.19,0.21,1.7227,1.3494,1878813,23207113.0,3856028000.0,1726551200.0
2016-06-13,'603606,东方电缆,12.19,12.81,12.15,12.77,13.01,-0.82,-6.3028,1.8648,2596470,32576393.0,3790724300.0,1697311220.0
2016-06-08,'603606,东方电缆,13.01,13.22,12.87,13.15,13.15,-0.14,-1.0646,1.8413,2563836,33357943.0,4045719700.0,1811486380.0
2016-06-07,'603606,东方电缆,13.15,13.18,12.85,12.86,12.9,0.25,1.938,1.6807,2340215,30374331.0,4089255500.0,1830979700.0
2016-06-06,'603606,东方电缆,12.9,13.13,12.82,13.06,13.0,-0.1,-0.7692,1.5923,2217062,28711316.0,4011513000.0,1796170200.0
2016-06-03,'603606,东方电缆,13.0,13.23,12.88,12.93,12.93,0.07,0.5414,2.4827,3456879,45054458.0,4042610000.0,1810094000.0
2016-06-02,'603606,东方电缆,12.93,12.94,12.75,12.76,12.82,0.11,0.858,1.9638,2734406,35145086.0,4020842100.0,1800347340.0
2016-06-01,'603606,东方电缆,12.82,12.97,12.67,12.87,12.81,0.01,0.0781,2.1958,3057435,39315256.0,3986635400.0,1785031160.0
2016-05-31,'603606,XD东方电,12.81,12.85,12.26,12.26,12.3,0.51,4.1463,2.5804,3592886,45503346.0,3983525700.0,1783638780.0
2016-05-30,'603606,东方电缆,12.32,12.43,12.15,12.42,12.47,-0.15,-1.2029,1.2455,1734250,21338228.0,3831150400.0,1715412160.0
2016-05-27,'603606,东方电缆,12.47,12.57,12.15,12.2,12.3,0.17,1.3821,1.8149,2527096,31317687.0,3877795900.0,1736297860.0
2016-05-26,'603606,东方电缆,12.3,12.31,11.93,12.25,12.28,0.02,0.1629,1.4219,1979803,23973489.0,3824931000.0,1712627400.0
2016-05-25,'603606,东方电缆,12.28,12.43,12.15,12.32,12.22,0.06,0.491,1.0831,1508024,18533743.0,3818711600.0,1709842640.0
2016-05-24,'603606,东方电缆,12.22,12.54,12.1,12.54,12.55,-0.33,-2.6295,1.1666,1624301,19959796.0,3800053400.0,1701488360.0
2016-05-23,'603606,东方电缆,12.55,12.58,12.28,12.34,12.4,0.15,1.2097,1.5673,2182281,27220608.0,3902673500.0,1747436900.0
2016-05-20,'603606,东方电缆,12.4,12.41,12.02,12.03,12.43,-0.03,-0.2414,1.633,2273810,27777018.0,3856028000.0,1726551200.0
2016-05-19,'603606,东方电缆,12.43,13.1,12.09,12.39,12.03,0.4,3.325,2.5352,3529949,44445904.0,3865357100.0,1730728340.0
2016-05-18,'603606,东方电缆,12.03,12.47,11.88,12.47,12.45,-0.42,-3.3735,1.5474,2154612,25981450.0,3740969100.0,1675033140.0
2016-05-17,'603606,东方电缆,12.45,12.6,12.36,12.6,12.54,-0.09,-0.7177,1.2283,1710235,21308052.0,3871576500.0,1733513100.0
2016-05-16,'603606,东方电缆,12.54,12.55,12.13,12.24,12.39,0.15,1.2107,1.216,1693069,20969735.0,3899563800.0,1746044520.0
2016-05-13,'603606,东方电缆,12.39,12.57,12.2,12.42,12.47,-0.08,-0.6415,1.2379,1723633,21339375.0,3852918300.0,1725158820.0
2016-05-12,'603606,东方电缆,12.47,12.57,12.0,12.26,12.52,-0.05,-0.3994,1.122,1562299,19254389.0,3877795900.0,1736297860.0
2016-05-11,'603606,东方电缆,12.52,12.89,12.45,12.78,12.72,-0.2,-1.5723,1.422,1979968,24943702.0,3893344400.0,1743259760.0
2016-05-10,'603606,东方电缆,12.72,12.79,12.61,12.67,12.67,0.05,0.3946,0.9625,1340126,17034817.0,3955538400.0,1771107360.0
2016-05-09,'603606,东方电缆,12.67,13.1,12.6,13.1,13.19,-0.52,-3.9424,1.9769,2752546,35034912.0,3939989900.0,1764145460.0
2016-05-06,'603606,东方电缆,13.19,14.11,13.18,13.9,13.99,-0.8,-5.7184,2.5053,3488386,47504739.0,4101694300.0,1836549220.0
2016-05-05,'603606,东方电缆,13.99,14.18,13.77,14.05,14.05,-0.06,-0.427,2.0018,2787265,38746756.0,4350470300.0,1947939620.0
2016-05-04,'603606,东方电缆,14.05,14.45,13.6,13.79,13.59,0.46,3.3848,3.7717,5251643,74233980.0,4369128500.0,1956293900.0
2016-05-03,'603606,东方电缆,13.59,13.64,13.25,13.29,13.26,0.33,2.4887,2.1623,3010731,40702346.0,4226082300.0,1892244420.0
2016-04-29,'603606,东方电缆,13.26,13.42,13.16,13.16,13.3,-0.04,-0.3008,1.2203,1699126,22595598.0,4123462200.0,1846295880.0
2016-04-28,'603606,东方电缆,13.3,13.35,12.73,13.2,13.11,0.19,1.4493,2.1477,2990396,39092273.0,4135901000.0,1851865400.0
2016-04-27,'603606,东方电缆,13.11,13.45,13.1,13.42,13.2,-0.09,-0.6818,1.6684,2323093,30836321.0,4076816700.0,1825410180.0
2016-04-26,'603606,东方电缆,13.2,13.21,12.84,12.92,12.92,0.28,2.1672,1.4705,2047542,26712609.0,4104804000.0,1837941600.0
2016-04-25,'603606,东方电缆,12.92,13.1,12.55,13.08,13.18,-0.26,-1.9727,1.669,2323936,29935121.0,4017732400.0,1798954960.0
2016-04-22,'603606,东方电缆,13.18,13.25,12.85,13.0,13.05,0.13,0.9962,1.37,1907533,24913151.0,4098584600.0,1835156840.0
2016-04-21,'603606,东方电缆,13.05,13.3,12.99,13.2,13.19,-0.14,-1.0614,2.0822,2899200,38102078.0,4058158500.0,1817055900.0
2016-04-20,'603606,东方电缆,13.19,14.2,12.92,14.19,14.18,-0.99,-6.9817,3.7036,5156822,69466788.0,4101694300.0,1836549220.0
2016-04-19,'603606,东方电缆,14.18,14.3,13.96,14.19,14.12,0.06,0.4249,1.9466,2710411,38221896.0,4409554600.0,1974394840.0
2016-04-18,'603606,东方电缆,14.12,14.57,14.1,14.55,14.81,-0.69,-4.659,3.6107,5027505,71940084.0,4390896400.0,1966040560.0
2016-04-15,'603606,东方电缆,14.81,14.85,14.4,14.47,14.43,0.38,2.6334,5.0483,7029115,102604567.0,4605465700.0,2062114780.0
2016-04-14,'603606,东方电缆,14.43,14.53,14.2,14.31,14.2,0.23,1.6197,2.6108,3635257,52107129.0,4487297100.0,2009204340.0
2016-04-13,'603606,东方电缆,14.2,14.49,14.12,14.12,14.1,0.1,0.7092,3.6764,5118877,73341665.0,4415774000.0,1977179600.0
2016-04-12,'603606,东方电缆,14.1,14.17,13.8,14.15,14.18,-0.08,-0.5642,2.5319,3525341,49336841.0,4384677000.0,1963255800.0
2016-04-11,'603606,东方电缆,14.18,14.2,13.93,13.93,13.88,0.3,2.1614,2.9381,4090902,57644806.0,4409554600.0,1974394840.0
2016-04-08,'603606,东方电缆,13.88,14.09,13.7,14.0,14.3,-0.42,-2.9371,2.6014,3622198,50204283.0,4316263600.0,1932623440.0
2016-04-07,'603606,东方电缆,14.3,14.6,14.2,14.21,14.23,0.07,0.4919,4.2532,5922080,85236949.0,4446871000.0,1991103400.0
2016-04-06,'603606,东方电缆,14.23,14.47,14.05,14.22,14.29,-0.06,-0.4199,2.884,4015657,57290111.0,4425103100.0,1981356740.0
2016-04-05,'603606,东方电缆,14.29,14.37,13.86,13.87,13.95,0.34,2.4373,3.1806,4428575,62949956.0,4443761300.0,1989711020.0
2016-04-01,'603606,东方电缆,13.95,14.25,13.77,14.24,14.3,-0.35,-2.4476,2.9423,4096768,57040381.0,4338031500.0,1942370100.0
2016-03-31,'603606,东方电缆,14.3,14.63,14.25,14.63,14.57,-0.27,-1.8531,4.0893,5693899,81851417.0,4446871000.0,1991103400.0
2016-03-30,'603606,东方电缆,14.57,14.58,14.04,14.18,14.17,0.4,2.8229,5.2985,7377527,105548825.0,4530832900.0,2028697660.0
2016-03-29,'603606,东方电缆,14.17,14.24,13.7,14.0,13.91,0.26,1.8692,4.2719,5948064,83403595.0,4406444900.0,1973002460.0
2016-03-28,'603606,东方电缆,13.91,14.48,13.8,14.24,14.24,-0.33,-2.3174,4.6288,6445042,91032770.0,4325592700.0,1936800580.0
2016-03-25,'603606,东方电缆,14.24,14.64,14.0,14.3,14.51,-0.27,-1.8608,4.8263,6719987,95613280.0,4428212800.0,1982749120.0
2016-03-24,'603606,东方电缆,14.51,15.3,14.45,14.9,15.3,-0.79,-5.1634,9.4256,13124028,195429170.0,4512174700.0,2020343380.0
2016-03-23,'603606,东方电缆,15.3,15.3,13.44,13.73,13.91,1.39,9.9928,11.3619,15820041,228017655.0,4757841000.0,2130341400.0
2016-03-22,'603606,东方电缆,13.91,14.39,13.75,14.39,13.72,0.19,1.3848,9.1045,12676965,177660539.0,4325592700.0,1936800580.0
2016-03-21,'603606,东方电缆,13.72,13.72,13.42,13.42,12.47,1.25,10.0241,2.0328,2830460,38725991.0,4266508400.0,1910345360.0
2016-03-18,'603606,东方电缆,12.47,12.6,12.07,12.07,12.05,0.42,3.4855,3.8358,5340894,66058529.0,3877795900.0,1736297860.0
2016-03-17,'603606,东方电缆,12.05,12.08,11.67,11.7,11.67,0.38,3.2562,2.9546,4113918,49116977.0,3747188500.0,1677817900.0
2016-03-16,'603606,东方电缆,11.67,11.97,11.56,11.79,11.76,-0.09,-0.7653,1.368,1904845,22344536.0,3629019900.0,1624907460.0
2016-03-15,'603606,东方电缆,11.76,11.95,11.72,11.86,11.89,-0.13,-1.0934,1.2298,1712321,20195531.0,3657007200.0,1637438880.0
2016-03-14,'603606,东方电缆,11.89,12.0,11.6,11.75,11.5,0.39,3.3913,1.6862,2347889,27885216.0,3697433300.0,1655539820.0
2016-03-11,'603606,东方电缆,11.5,11.5,11.26,11.3,11.43,0.07,0.6124,1.0666,1485089,16936122.0,3576155000.0,1601237000.0
2016-03-10,'603606,东方电缆,11.43,11.78,11.41,11.75,11.7,-0.27,-2.3077,1.0551,1469135,17009637.0,3554387100.0,1591490340.0
2016-03-09,'603606,东方电缆,11.7,11.78,11.54,11.78,11.94,-0.24,-2.0101,1.1547,1607765,18776884.0,3638349000.0,1629084600.0
2016-03-08,'603606,东方电缆,11.94,11.99,11.32,11.94,11.93,0.01,0.0838,1.9125,2662985,30961504.0,3712981800.0,1662501720.0
2016-03-07,'603606,东方电缆,11.93,12.12,11.68,11.68,11.67,0.26,2.2279,1.5013,2090376,24901275.0,3709872100.0,1661109340.0
2016-03-04,'603606,东方电缆,11.67,12.4,11.38,12.02,12.18,-0.51,-4.1872,2.211,3078545,36279845.0,3629019900.0,1624907460.0
2016-03-03,'603606,东方电缆,12.18,12.2,11.83,11.99,11.98,0.2,1.6694,2.4287,3381613,40761193.0,3787614600.0,1695918840.0
2016-03-02,'603606,东方电缆,11.98,12.12,11.25,11.25,11.41,0.57,4.9956,2.297,3198274,37479914.0,3725420600.0,1668071240.0
2016-03-01,'603606,东方电缆,11.41,11.57,11.06,11.3,11.09,0.32,2.8855,1.5262,2124982,23903239.0,3548167700.0,1588705580.0
2016-02-29,'603606,东方电缆,11.09,11.96,11.0,11.88,11.92,-0.83,-6.9631,1.8994,2644718,29701291.0,3448657300.0,1544149420.0
2016-02-26,'603606,东方电缆,11.92,12.45,11.6,12.15,12.08,-0.16,-1.3245,2.015,2805688,33690975.0,3706762400.0,1659716960.0
2016-02-25,'603606,东方电缆,12.08,13.42,12.08,13.42,13.42,-1.34,-9.9851,2.7287,3799349,47997680.0,3756517600.0,1681995040.0
2016-02-24,'603606,东方电缆,13.42,13.57,13.08,13.38,13.6,-0.18,-1.3235,2.4622,3428289,45709584.0,4173217400.0,1868573960.0
2016-02-23,'603606,东方电缆,13.6,13.99,13.32,13.5,13.48,0.12,0.8902,3.4892,4858254,66164140.0,4229192000.0,1893636800.0
2016-02-22,'603606,东方电缆,13.48,13.5,13.22,13.5,13.28,0.2,1.506,3.1099,4330109,57916354.0,4191875600.0,1876928240.0
2016-02-19,'603606,东方电缆,13.28,13.65,12.6,12.66,12.73,0.55,4.3205,3.8779,5399449,71746773.0,4129681600.0,1849080640.0
2016-02-18,'603606,东方电缆,12.73,13.3,12.6,13.3,12.77,-0.04,-0.3132,2.4869,3462690,44702967.0,3958648100.0,1772499740.0
2016-02-17,'603606,东方电缆,12.77,12.83,12.54,12.57,12.7,0.07,0.5512,2.0227,2816401,35738990.0,3971086900.0,1778069260.0
2016-02-16,'603606,东方电缆,12.7,12.96,11.95,11.95,11.93,0.77,6.4543,2.0979,2921057,36563109.0,3949319000.0,1768322600.0
2016-02-15,'603606,东方电缆,11.93,12.05,11.55,11.61,12.1,-0.17,-1.405,0.9721,1353481,15966587.0,3709872100.0,1661109340.0
2016-02-05,'603606,东方电缆,12.1,12.46,12.08,12.38,12.24,-0.14,-1.1438,1.3377,1862526,22757444.0,3762737000.0,1684779800.0
2016-02-04,'603606,东方电缆,12.24,12.33,12.01,12.01,11.97,0.27,2.2556,1.9193,2672401,32612886.0,3806272800.0,1704273120.0
2016-02-03,'603606,东方电缆,11.97,11.98,11.67,11.8,11.97,0.0,0.0,1.1473,1597517,18869954.0,3722310900.0,1666678860.0
2016-02-02,'603606,东方电缆,11.97,12.08,11.5,11.58,11.59,0.38,3.2787,1.5746,2192430,26024667.0,3722310900.0,1666678860.0
2016-02-01,'603606,东方电缆,11.59,11.69,11.31,11.55,11.45,0.14,1.2227,1.1373,1583518,18163986.0,3604142300.0,1613768420.0
2016-01-29,'603606,东方电缆,11.45,11.58,10.93,10.93,11.01,0.44,3.9964,1.2966,1805298,20445770.0,3560606500.0,1594275100.0
2016-01-28,'603606,东方电缆,11.01,11.58,10.98,11.3,11.54,-0.53,-4.5927,1.1895,1656172,18618355.0,3423779700.0,1533010380.0
2016-01-27,'603606,东方电缆,11.54,12.04,10.9,11.81,11.75,-0.21,-1.7872,1.5758,2194124,24872759.0,3588593800.0,1606806520.0
2016-01-26,'603606,东方电缆,11.75,12.99,11.75,12.99,13.06,-1.31,-10.0306,2.0082,2796189,34499810.0,3653897500.0,1636046500.0
2016-01-25,'603606,东方电缆,13.06,13.17,12.9,12.99,12.87,0.19,1.4763,1.4379,2002102,26095925.0,4061268200.0,1818448280.0
2016-01-22,'603606,东方电缆,12.87,12.9,12.46,12.72,12.59,0.28,2.224,1.5921,2216852,28157517.0,4002183900.0,1791993060.0
2016-01-21,'603606,东方电缆,12.59,13.33,12.56,12.95,13.21,-0.62,-4.6934,2.2945,3194880,41489711.0,3915112300.0,1753006420.0
2016-01-20,'603606,东方电缆,13.21,13.38,12.96,13.38,13.32,-0.11,-0.8258,2.473,3443380,45382657.0,4107913700.0,1839333980.0
2016-01-19,'603606,东方电缆,13.32,13.38,12.8,12.82,12.88,0.44,3.4161,2.2529,3136882,41131955.0,4142120400.0,1854650160.0
2016-01-18,'603606,东方电缆,12.88,13.07,12.25,12.3,12.58,0.3,2.3847,1.8834,2622373,33503187.0,4005293600.0,1793385440.0
2016-01-15,'603606,东方电缆,12.58,13.22,12.46,13.22,13.12,-0.54,-4.1159,2.1786,3033378,38847238.0,3912002600.0,1751614040.0
2016-01-14,'603606,东方电缆,13.12,13.2,12.01,12.4,12.63,0.49,3.8797,2.4024,3345031,42408426.0,4079926400.0,1826802560.0
2016-01-13,'603606,东方电缆,12.63,13.27,12.51,13.2,13.02,-0.39,-2.9954,1.8663,2598550,33804111.0,3927551100.0,1758575940.0
2016-01-12,'603606,东方电缆,13.02,13.09,12.4,12.6,12.55,0.47,3.745,2.9382,4091145,52345941.0,4048829400.0,1812878760.0
2016-01-11,'603606,东方电缆,12.55,13.7,12.54,13.7,13.93,-1.38,-9.9067,3.1922,4444791,58627842.0,3902673500.0,1747436900.0
2016-01-08,'603606,东方电缆,13.93,14.67,12.8,14.1,13.9,0.03,0.2158,3.5943,5004668,69663714.0,4331812100.0,1939585340.0
2016-01-07,'603606,东方电缆,13.9,15.26,13.87,15.06,15.41,-1.51,-9.7988,0.7878,1096900,15924905.0,4322483000.0,1935408200.0
2016-01-06,'603606,东方电缆,15.41,15.42,15.04,15.04,14.99,0.42,2.8019,2.6919,3748208,57124908.0,4792047700.0,2145657580.0
2016-01-05,'603606,东方电缆,14.99,15.85,14.55,15.0,15.85,-0.86,-5.4259,4.0575,5649578,85286018.0,4661440300.0,2087177620.0
2016-01-04,'603606,东方电缆,15.85,17.67,15.85,17.61,17.61,-1.76,-9.9943,2.7632,3847453,64212645.0,4928874500.0,2206922300.0
2015-12-31,'603606,东方电缆,17.61,18.05,17.6,17.93,17.98,-0.37,-2.0578,2.339,3256830,57805342.0,5476181700.0,2451981180.0
2015-12-30,'603606,东方电缆,17.98,18.0,17.6,17.72,17.71,0.27,1.5246,3.1927,4445449,78797685.0,5591240600.0,2503499240.0
2015-12-29,'603606,东方电缆,17.71,17.78,17.4,17.6,17.6,0.11,0.625,3.1743,4419765,77837578.0,5507278700.0,2465904980.0
2015-12-28,'603606,东方电缆,17.6,18.38,17.56,18.38,18.13,-0.53,-2.9233,4.6056,6412685,114837578.0,5473072000.0,2450588800.0
2015-12-25,'603606,东方电缆,18.13,18.43,17.99,18.13,18.14,-0.01,-0.0551,2.7062,3768034,68436533.0,5637886100.0,2524384940.0
2015-12-24,'603606,东方电缆,18.14,18.74,17.89,18.5,18.77,-0.63,-3.3564,3.7196,5179056,94121015.0,5640995800.0,2525777320.0
2015-12-23,'603606,东方电缆,18.77,19.27,18.74,19.18,19.15,-0.38,-1.9843,3.6864,5132871,97839648.0,5836906900.0,2613497260.0
2015-12-22,'603606,东方电缆,19.15,19.16,18.73,18.79,18.87,0.28,1.4838,3.3111,4610242,87413193.0,5955075500.0,2666407700.0
2015-12-21,'603606,东方电缆,18.87,18.97,18.46,18.56,18.73,0.14,0.7475,3.087,4298275,80448606.0,5868003900.0,2627421060.0
2015-12-18,'603606,东方电缆,18.73,19.35,18.53,19.33,19.3,-0.57,-2.9534,3.8136,5309980,100349605.0,5824468100.0,2607927740.0
2015-12-17,'603606,东方电缆,19.3,19.5,18.91,18.98,18.81,0.49,2.605,4.3194,6014274,115641669.0,6001721000.0,2687293400.0
2015-12-16,'603606,东方电缆,18.81,19.27,18.6,18.87,18.83,-0.02,-0.1062,3.0527,4250573,80762292.0,5849345700.0,2619066780.0
2015-12-15,'603606,东方电缆,18.83,18.95,18.51,18.69,18.73,0.1,0.5339,2.6365,3670974,68938028.0,5855565100.0,2621851540.0
2015-12-14,'603606,东方电缆,18.73,19.32,17.42,17.68,17.68,1.05,5.9389,2.6138,3639338,65825037.0,5824468100.0,2607927740.0
2015-12-11,'603606,东方电缆,17.68,17.89,17.43,17.89,17.9,-0.22,-1.2291,1.9698,2742690,48365481.0,5497949600.0,2461727840.0
2015-12-10,'603606,东方电缆,17.9,17.99,17.7,17.75,17.65,0.25,1.4164,2.2089,3075647,54901157.0,5566363000.0,2492360200.0
2015-12-09,'603606,东方电缆,17.65,18.15,17.46,17.9,18.08,-0.43,-2.3783,2.3461,3266620,58070209.0,5488620500.0,2457550700.0
2015-12-08,'603606,东方电缆,18.08,18.97,18.02,18.95,18.95,-0.87,-4.591,2.9812,4150902,76436664.0,5622337600.0,2517423040.0
2015-12-07,'603606,东方电缆,18.95,19.02,18.62,19.02,18.79,0.16,0.8515,2.5556,3558303,67106950.0,5892881500.0,2638560100.0
2015-12-04,'603606,东方电缆,18.79,19.19,18.41,18.8,18.78,0.01,0.0532,3.6421,5071248,95241070.0,5843126300.0,2616282020.0
2015-12-03,'603606,东方电缆,18.78,18.8,18.1,18.1,18.08,0.7,3.8717,3.2818,4569475,84773506.0,5840016600.0,2614889640.0
2015-12-02,'603606,东方电缆,18.08,18.6,17.03,18.6,18.51,-0.43,-2.3231,2.9731,4139720,74183699.0,5622337600.0,2517423040.0
2015-12-01,'603606,东方电缆,18.51,18.8,17.99,18.4,18.43,0.08,0.4341,3.8801,5402507,99359515.0,5756054700.0,2577295380.0
2015-11-30,'603606,东方电缆,18.43,18.85,17.01,18.53,18.55,-0.12,-0.6469,5.033,7007809,126728900.0,5731177100.0,2566156340.0
2015-11-27,'603606,东方电缆,18.55,20.9,18.52,20.45,20.58,-2.03,-9.8639,6.7874,9450632,186715377.0,5768493500.0,2582864900.0
2015-11-26,'603606,东方电缆,20.58,21.56,20.57,21.56,21.39,-0.81,-3.7868,6.1211,8522845,178496805.0,6399762600.0,2865518040.0
2015-11-25,'603606,东方电缆,21.39,21.72,21.25,21.36,21.57,-0.18,-0.8345,6.8276,9506659,203396349.0,6651648300.0,2978300820.0
2015-11-24,'603606,东方电缆,21.57,21.78,20.65,21.3,21.47,0.1,0.4658,7.0395,9801610,207535672.0,6707622900.0,3003363660.0
2015-11-23,'603606,东方电缆,21.47,21.99,20.5,21.16,21.33,0.14,0.6564,12.7192,17709951,375631959.0,6676525900.0,2989439860.0
2015-11-20,'603606,东方电缆,21.33,21.95,20.21,20.21,20.57,0.76,3.6947,15.3718,21403327,451226318.0,6632990100.0,2969946540.0
2015-11-19,'603606,东方电缆,20.57,20.57,18.7,18.7,18.7,1.87,10.0,10.1896,14187816,283622234.0,6396652900.0,2864125660.0
2015-11-18,'603606,东方电缆,18.7,19.83,18.51,19.4,19.45,-0.75,-3.856,4.3007,5988205,115432548.0,5815139000.0,2603750600.0
2015-11-17,'603606,东方电缆,19.45,20.4,19.31,20.33,20.03,-0.58,-2.8957,6.4391,8965660,178467249.0,6048366500.0,2708179100.0
2015-11-16,'603606,东方电缆,20.03,20.05,19.03,19.2,20.04,-0.01,-0.0499,5.8198,8103325,158798548.0,6228729100.0,2788937140.0
2015-11-13,'603606,东方电缆,20.04,22.0,19.76,22.0,21.56,-1.52,-7.0501,12.5799,17516020,364287884.0,6231838800.0,2790329520.0
2015-11-12,'603606,东方电缆,21.56,21.68,20.2,20.45,20.44,1.12,5.4795,15.6726,21822271,458873384.0,6704513200.0,3001971280.0
2015-11-11,'603606,东方电缆,20.44,20.55,19.46,19.5,20.09,0.35,1.7422,12.4552,17342409,345348802.0,6356226800.0,2846024720.0
2015-11-10,'603606,东方电缆,20.09,21.35,19.41,19.51,19.81,0.28,1.4134,16.1785,22526648,458490785.0,6247387300.0,2797291420.0
2015-11-09,'603606,东方电缆,19.81,20.47,19.01,20.4,18.79,1.02,5.4284,21.9209,30522179,604567258.0,6160315700.0,2758304780.0
2015-11-06,'603606,东方电缆,18.79,18.79,17.25,17.25,17.08,1.71,10.0117,6.5445,9112426,168433059.0,5843126300.0,2616282020.0
2015-11-05,'603606,东方电缆,17.08,17.19,16.61,16.98,16.85,0.23,1.365,7.2941,10156183,172141213.0,5311367600.0,2378185040.0
2015-11-04,'603606,东方电缆,16.85,16.97,16.03,16.03,15.97,0.88,5.5103,6.2941,8763782,144946894.0,5239844500.0,2346160300.0
2015-11-03,'603606,东方电缆,15.97,16.57,15.72,16.3,16.46,-0.49,-2.9769,3.9905,5556296,89187531.0,4966190900.0,2223630860.0
2015-11-02,'603606,东方电缆,16.46,16.69,15.76,15.9,16.34,0.12,0.7344,4.181,5821532,95337030.0,5118566200.0,2291857480.0
2015-10-30,'603606,东方电缆,16.34,16.75,16.07,16.48,16.45,-0.11,-0.6687,3.7871,5273140,86567825.0,5081249800.0,2275148920.0
2015-10-29,'603606,东方电缆,16.45,16.67,16.11,16.16,16.1,0.35,2.1739,4.2546,5924000,97564459.0,5115456500.0,2290465100.0
2015-10-28,'603606,东方电缆,16.1,16.83,16.0,16.66,16.74,-0.64,-3.8232,5.2104,7254926,118684697.0,5006617000.0,2241731800.0
2015-10-27,'603606,东方电缆,16.74,17.0,15.98,17.0,17.18,-0.44,-2.5611,5.3734,7481758,123199344.0,5205637800.0,2330844120.0
2015-10-26,'603606,东方电缆,17.18,17.5,16.8,17.04,16.96,0.22,1.2972,6.6451,9252536,158760815.0,5342464600.0,2392108840.0
2015-10-23,'603606,东方电缆,16.96,17.03,16.42,16.5,16.43,0.53,3.2258,6.6207,9218568,154236288.0,5274051200.0,2361476480.0
2015-10-22,'603606,东方电缆,16.43,16.5,15.73,15.9,16.08,0.35,2.1766,6.3159,8794067,142798991.0,5109237100.0,2287680340.0
2015-10-21,'603606,东方电缆,16.08,17.6,16.07,17.59,17.83,-1.75,-9.8149,8.4979,11832312,199481942.0,5000397600.0,2238947040.0
2015-10-20,'603606,东方电缆,17.83,18.0,16.82,17.4,17.6,0.23,1.3068,10.759,14980670,259374401.0,5544595100.0,2482613540.0
2015-10-19,'603606,东方电缆,17.6,19.47,17.54,19.47,19.48,-1.88,-9.6509,15.5056,21589647,399271203.0,5473072000.0,2450588800.0
2015-10-16,'603606,东方电缆,19.48,19.69,18.02,18.77,18.87,0.61,3.2326,10.4027,14484501,271045067.0,6057695600.0,2712356240.0
2015-10-15,'603606,东方电缆,18.87,18.99,17.56,17.87,18.23,0.64,3.5107,10.4911,14607641,270222723.0,5868003900.0,2627421060.0
2015-10-14,'603606,东方电缆,18.23,18.95,17.51,18.03,18.01,0.22,1.2215,13.7336,10680611,192826443.0,5668983100.0,1417747100.0
2015-10-13,'603606,东方电缆,18.01,18.3,17.58,18.3,18.25,-0.24,-1.3151,11.1772,8692515,155367057.0,5600569700.0,1400637700.0
2015-10-12,'603606,东方电缆,18.25,18.3,17.0,17.09,17.45,0.8,4.5845,16.2185,12613116,224854423.0,5675202500.0,1419302500.0
2015-10-09,'603606,东方电缆,17.45,18.0,17.18,17.65,18.05,-0.6,-3.3241,11.9627,9303392,162990213.0,5426426500.0,1357086500.0
2015-10-08,'603606,东方电缆,18.05,18.28,16.8,17.25,17.3,0.75,4.3353,16.0603,12490110,221798104.0,5613008500.0,1403748500.0
2015-09-30,'603606,东方电缆,17.3,18.9,16.6,17.98,17.47,-0.17,-0.9731,18.8465,14656931,257562876.0,5379781000.0,1345421000.0
2015-09-29,'603606,东方电缆,17.47,17.47,15.15,15.18,15.88,1.59,10.0126,19.8377,15427811,256241184.0,5432645900.0,1358641900.0
2015-09-28,'603606,东方电缆,15.88,16.0,13.88,15.0,15.19,0.69,4.5425,16.9781,13203865,197587777.0,4938203600.0,1234987600.0
2015-09-25,'603606,东方电缆,15.19,15.19,13.99,14.74,13.81,1.38,9.9928,18.6914,14536330,218767801.0,4723634300.0,1181326300.0
2015-09-24,'603606,东方电缆,13.81,13.81,12.59,12.68,12.55,1.26,10.0398,4.7109,3663698,49720745.0,4294495700.0,1074003700.0
2015-09-23,'603606,东方电缆,12.55,12.77,12.39,12.5,12.68,-0.13,-1.0252,2.8176,2191243,27475850.0,3902673500.0,976013500.0
2015-09-22,'603606,东方电缆,12.68,12.79,12.38,12.64,12.6,0.08,0.6349,3.9194,3048119,38488159.0,3943099600.0,986123600.0
2015-09-21,'603606,东方电缆,12.6,12.61,11.83,12.0,12.08,0.52,4.3046,3.8745,3013193,37184838.0,3918222000.0,979902000.0
2015-09-18,'603606,东方电缆,12.08,12.16,11.73,12.14,11.92,0.16,1.3423,3.0825,2397286,28700553.0,3756517600.0,939461600.0
2015-09-17,'603606,东方电缆,11.92,12.59,11.73,11.85,11.87,0.05,0.4212,4.6994,3654707,44734536.0,3706762400.0,927018400.0
2015-09-16,'603606,东方电缆,11.87,11.87,10.95,10.95,10.79,1.08,10.0093,2.6238,2040516,23230223.0,3691213900.0,923129900.0
2015-09-15,'603606,东方电缆,10.79,11.8,10.77,11.39,11.93,-1.14,-9.5557,2.7067,2105010,23667228.0,3355366300.0,839138300.0
2015-09-14,'603606,东方电缆,11.93,13.46,11.93,13.22,13.25,-1.32,-9.9623,3.3551,2609236,32910785.0,3709872100.0,927796100.0
2015-09-11,'603606,东方电缆,13.25,13.42,13.09,13.2,13.2,0.05,0.3788,1.9788,1538927,20389517.0,4120352500.0,1030452500.0
2015-09-10,'603606,东方电缆,13.2,13.7,13.13,13.7,13.68,-0.48,-3.5088,3.3478,2603619,34832311.0,4104804000.0,1026564000.0
2015-09-09,'603606,东方电缆,13.68,13.75,13.06,13.32,12.99,0.69,5.3118,4.7332,3680972,49426499.0,4254069600.0,1063893600.0
2015-09-08,'603606,东方电缆,12.99,13.08,11.85,11.93,11.89,1.1,9.2515,3.1122,2420334,29882545.0,4039500300.0,1010232300.0
2015-09-07,'603606,东方电缆,11.89,12.2,11.45,11.45,11.44,0.45,3.9336,2.3907,1859272,22304963.0,3697433300.0,924685300.0
2015-09-02,'603606,东方电缆,11.44,12.73,11.25,11.9,12.36,-0.92,-7.4434,2.9349,2282510,27307631.0,3557496800.0,889688800.0
2015-09-01,'603606,东方电缆,12.36,13.68,12.35,13.65,13.72,-1.36,-9.9125,3.2888,2557701,32775915.0,3843589200.0,961237200.0
2015-08-31,'603606,东方电缆,13.72,14.3,13.7,14.3,14.48,-0.76,-5.2486,3.3187,2580927,35922903.0,4266508400.0,1067004400.0
2015-08-28,'603606,东方电缆,14.48,14.5,13.52,13.63,13.46,1.02,7.578,5.1276,3987728,55591271.0,4502845600.0,1126109600.0
2015-08-27,'603606,东方电缆,13.46,13.88,12.51,13.15,12.98,0.48,3.698,3.5392,2752463,36461818.0,4185656200.0,1046784200.0
2015-08-26,'603606,东方电缆,12.98,14.19,12.35,13.78,13.56,-0.58,-4.2773,4.3042,3347399,45403288.0,4036390600.0,1009454600.0
2015-08-25,'603606,东方电缆,13.56,14.0,13.56,13.56,15.07,-1.51,-10.0199,2.8975,2253420,30805549.0,4216753200.0,1054561200.0
2015-08-24,'603606,东方电缆,15.07,16.26,15.07,16.26,16.74,-1.67,-9.9761,3.2934,2561289,38989208.0,4686317900.0,1171993900.0
2015-08-21,'603606,东方电缆,16.74,17.68,16.5,17.4,17.61,-0.87,-4.9404,4.3516,3001278,51270232.0,5205637800.0,1154557548.9
2015-08-20,'603606,东方电缆,17.61,18.5,17.4,18.49,18.49,-0.88,-4.7593,4.3735,3016420,54458284.0,5476181700.0,1214561435.85
2015-08-19,'603606,东方电缆,18.49,18.8,16.95,17.05,18.3,0.19,1.0383,6.1538,4244270,75270066.0,5749835300.0,1275255022.65
2015-08-18,'603606,东方电缆,18.3,20.39,18.3,20.33,20.33,-2.03,-9.9852,8.7594,6041391,117658526.0,5690751000.0,1262150725.5
2015-08-17,'603606,东方电缆,20.33,20.54,19.7,19.92,20.0,0.33,1.65,7.062,4870628,98765808.0,6322020100.0,1402159795.05
2015-08-14,'603606,东方电缆,20.0,20.8,19.88,20.7,20.39,-0.39,-1.9127,7.603,5243772,106246009.0,6219400000.0,1379399700.0
2015-08-13,'603606,东方电缆,20.39,20.4,19.39,19.45,19.45,0.94,4.8329,6.6995,4620614,92193706.0,6340678300.0,1406297994.15
2015-08-12,'603606,东方电缆,19.45,20.24,19.4,19.94,20.25,-0.8,-3.9506,6.1115,4215099,83709338.0,6048366500.0,1341466208.25
2015-08-11,'603606,东方电缆,20.25,20.7,19.71,20.37,20.2,0.05,0.2475,10.2483,7068233,142348104.0,6297142500.0,1396642196.25
2015-08-10,'603606,东方电缆,20.2,20.48,19.26,19.45,19.22,0.98,5.0989,8.7658,6045770,119850034.0,6281594000.0,1393193697.0
2015-08-07,'603606,东方电缆,19.22,19.29,18.36,18.36,18.35,0.87,4.7411,7.1559,4935421,93680355.0,5976843400.0,1325603111.7
2015-08-06,'603606,东方电缆,18.35,18.76,17.51,17.88,18.54,-0.19,-1.0248,4.3171,2977472,54579357.0,5706299500.0,1265599224.75
2015-08-05,'603606,东方电缆,18.54,19.02,18.05,18.5,18.45,0.09,0.4878,7.2464,4997815,93130266.0,5765383800.0,1278703521.9
2015-08-04,'603606,东方电缆,18.45,18.48,17.12,17.32,16.84,1.61,9.5606,5.997,4136099,73576327.0,5737396500.0,1272496223.25
2015-08-03,'603606,东方电缆,16.84,18.25,16.69,18.14,18.25,-1.41,-7.726,5.4009,3725018,65023896.0,5236734800.0,1161454547.4
2015-07-31,'603606,东方电缆,18.25,19.15,18.0,18.5,19.11,-0.86,-4.5003,6.56,4524440,83972674.0,5675202500.0,1258702226.25
2015-07-30,'603606,东方电缆,19.11,20.67,18.78,19.67,19.63,-0.52,-2.649,10.2186,7047751,140284374.0,5942636700.0,1318016413.35
2015-07-29,'603606,东方电缆,19.63,19.7,17.68,18.37,18.0,1.63,9.0556,7.8129,5388570,100711936.0,6104341100.0,1353880805.55
2015-07-28,'603606,东方电缆,18.0,20.19,17.25,17.27,19.17,-1.17,-6.1033,10.9826,7574705,136433400.0,5597460000.0,1241459730.0
2015-07-27,'603606,东方电缆,19.17,21.0,19.17,20.11,21.3,-2.13,-10.0,9.9935,6892548,139659446.0,5961294900.0,1322154612.45
2015-07-24,'603606,东方电缆,21.3,23.07,21.0,22.4,22.65,-1.35,-5.9603,16.8593,11627833,259714110.0,6623661000.0,1469060680.5
2015-07-23,'603606,东方电缆,22.65,22.9,21.25,21.99,21.54,1.11,5.1532,18.598,12827062,284185438.0,7043470500.0,1562170160.25
2015-07-22,'603606,东方电缆,21.54,21.54,19.46,19.7,19.58,1.96,10.0102,16.9411,11684299,239234479.0,6698293800.0,1485613476.9
2015-07-21,'603606,东方电缆,19.58,19.85,18.8,19.0,19.27,0.31,1.6087,8.8483,6102687,117809016.0,6088792600.0,1350432306.3
2015-07-20,'603606,东方电缆,19.27,19.98,18.9,19.26,19.31,-0.04,-0.2071,10.9677,7564441,146067300.0,5992391900.0,1329051610.95
2015-07-17,'603606,东方电缆,19.31,19.54,17.66,17.66,17.9,1.41,7.8771,9.0319,6229310,116783376.0,6004830700.0,1331810410.35
2015-07-16,'603606,东方电缆,17.9,19.0,16.33,16.33,18.14,-0.24,-1.323,9.7224,6705520,119775763.0,5566363000.0,1234562731.5
2015-07-15,'603606,东方电缆,18.14,19.85,18.14,19.01,20.15,-2.01,-9.9752,7.9278,5467818,102226062.0,5640995800.0,1251115527.9
2015-07-14,'603606,东方电缆,20.15,21.55,19.0,20.0,19.64,0.51,2.5967,19.1167,13184818,267445186.0,6266045500.0,1389745197.75
2015-07-13,'603606,东方电缆,19.64,19.64,18.47,19.0,17.85,1.79,10.028,12.3121,8491647,162804130.0,6107450800.0,1354570505.4
2015-07-10,'603606,东方电缆,17.85,17.85,16.3,16.95,16.23,1.62,9.9815,8.0671,5563849,97679421.0,5550814500.0,1231114232.25
2015-07-09,'603606,东方电缆,16.23,16.23,13.28,13.28,14.75,1.48,10.0339,11.7137,8078916,123697632.0,5047043100.0,1119382856.55
2015-07-08,'603606,东方电缆,14.75,14.75,14.75,14.75,16.39,-1.64,-10.0061,0.9174,632700,9332325.0,4586807500.0,1017307278.75
2015-07-07,'603606,东方电缆,16.39,18.2,16.39,18.0,18.21,-1.82,-9.9945,7.277,5018918,85378431.0,5096798300.0,1130418054.15
2015-07-06,'603606,东方电缆,18.21,18.8,16.25,18.8,17.09,1.12,6.5535,11.787,8129526,145083096.0,5662763700.0,1255943426.85
2015-07-03,'603606,东方电缆,17.09,18.18,15.21,16.05,16.81,0.28,1.6657,9.9473,6860677,114264377.0,5314477300.0,1178697043.65
2015-07-02,'603606,东方电缆,16.81,18.9,16.62,18.0,18.45,-1.64,-8.8889,7.7702,5359094,94687072.0,5227405700.0,1159385447.85
2015-07-01,'603606,东方电缆,18.45,20.88,18.4,20.4,20.36,-1.91,-9.3811,9.1788,6330618,127638255.0,5737396500.0,1272496223.25
2015-06-30,'603606,东方电缆,20.36,20.38,17.01,18.0,18.9,1.46,7.7249,11.1517,7691354,143935040.0,6331349200.0,1404228894.6
2015-06-29,'603606,东方电缆,18.9,21.9,18.9,21.52,21.0,-2.1,-10.0,7.9894,5510256,107968879.0,5877333000.0,1303532716.5
2015-06-26,'603606,东方电缆,21.0,22.8,21.0,22.8,23.33,-2.33,-9.9871,5.5354,3817755,82104380.0,6530370000.0,1448369685.0
2015-06-25,'603606,东方电缆,23.33,25.6,23.01,25.5,25.5,-2.17,-8.5098,7.1109,4904356,119668425.0,7254930100.0,1609069750.05
2015-06-24,'603606,东方电缆,25.5,25.88,24.68,25.02,24.51,0.99,4.0392,9.5665,6598030,167438913.0,7929735000.0,1758734617.5
2015-06-23,'603606,东方电缆,24.51,25.0,22.51,24.07,25.01,-0.5,-1.9992,9.4366,6508450,154164883.0,7621874700.0,1690454332.35
2015-06-19,'603606,东方电缆,25.01,27.3,25.01,27.3,27.79,-2.78,-10.0036,6.4194,4427460,112690318.0,7777359700.0,1724939324.85
2015-06-18,'603606,东方电缆,27.79,29.99,27.7,29.91,29.84,-2.05,-6.87,6.9545,4796535,138554042.0,8641856300.0,1916675883.15
2015-06-17,'603606,东方电缆,29.84,29.85,28.0,28.3,28.4,1.44,5.0704,8.1756,5638734,163487889.0,9279344800.0,2058064352.4
2015-06-16,'603606,东方电缆,28.4,31.0,28.25,31.0,31.39,-2.99,-9.5253,11.1373,7681405,224348031.0,8831548000.0,1958747574.0
2015-06-15,'603606,东方电缆,31.39,33.37,31.31,33.27,33.26,-1.87,-5.6224,11.3976,7860935,250533238.0,9761348300.0,2164967829.15
2015-06-12,'603606,东方电缆,33.26,34.25,33.2,33.46,33.4,-0.14,-0.4192,8.8538,6106471,204584392.0,10342862200.0,2293941701.1
2015-06-11,'603606,东方电缆,33.4,34.76,33.1,34.48,34.3,-0.9,-2.6239,10.2677,7081649,237516711.0,10386398000.0,2303597499.0
2015-06-10,'603606,东方电缆,34.3,35.0,33.01,33.8,34.48,-0.18,-0.522,9.5804,6607620,227525306.0,10666271000.0,2365670485.5
2015-06-09,'603606,东方电缆,34.48,35.5,31.5,33.5,34.05,0.43,1.2628,11.2292,7744794,263066338.0,10722245600.0,2378085082.8
2015-06-08,'603606,东方电缆,34.05,37.37,33.83,37.37,37.37,-3.32,-8.8841,18.1991,12551947,438722996.0,10588528500.0,2348427989.25
2015-06-05,'603606,东方电缆,37.37,38.79,36.3,38.1,38.96,-1.59,-4.0811,27.6817,19092076,716779338.0,11620948900.0,2577408339.45
2015-06-04,'603606,东方电缆,38.96,38.96,33.0,37.0,35.42,3.54,9.9944,40.8847,28198201,1059466615.0,12115391200.0,2687070615.6
2015-06-03,'603606,东方电缆,35.42,35.42,31.5,31.9,32.2,3.22,10.0,25.2257,17398180,589911156.0,11014557400.0,2442916868.7
2015-06-02,'603606,东方电缆,32.2,32.99,31.02,32.64,32.59,-0.39,-1.1967,22.0738,15224319,485402956.0,10013234000.0,2220833517.0
2015-06-01,'603606,东方电缆,32.59,33.79,31.0,31.0,34.12,-1.53,-4.4842,26.4405,18236032,586847701.0,10134512300.0,2247731811.15
2015-05-29,'603606,东方电缆,34.12,37.5,31.7,31.7,35.22,-1.1,-3.1232,38.2764,26399259,887767387.0,10610296400.0,2353255888.2
2015-05-28,'603606,DR东方电,35.22,35.22,34.45,34.98,32.02,3.2,9.9938,10.7527,7416147,260622637.0,10952363400.0,2429122871.7
2015-05-27,'603606,东方电缆,70.55,70.55,66.22,68.2,64.14,6.41,9.9938,17.0075,5331849,367467874.0,9972242500.0,2211742006.15
2015-05-26,'603606,东方电缆,64.14,64.14,59.0,60.65,58.31,5.83,9.9983,14.1624,4439900,276595422.0,9066189000.0,2010788551.02
2015-05-25,'603606,东方电缆,58.31,58.31,50.55,52.51,53.01,5.3,9.9981,17.6548,5534769,309454043.0,8242118500.0,1828018091.83
2015-05-22,'603606,东方电缆,53.01,55.0,49.96,54.0,50.38,2.63,5.2203,21.1601,6633693,352514314.0,7492963500.0,1661863128.93
2015-05-21,'603606,东方电缆,50.38,50.38,45.8,45.8,45.8,4.58,10.0,16.2464,5093242,245555004.0,7121213000.0,1579412647.34
2015-05-20,'603606,东方电缆,45.8,48.3,43.5,44.75,44.81,0.99,2.2093,15.6597,4909319,228083547.0,6473830000.0,1435829679.4
2015-05-19,'603606,东方电缆,44.81,45.5,42.03,45.5,43.51,1.3,2.9878,20.4718,6417915,281208029.0,6333893500.0,1404793186.33
2015-05-18,'603606,东方电缆,43.51,43.51,39.01,39.05,39.55,3.96,10.0126,23.5085,7369926,305859552.0,6150138500.0,1364038195.43
2015-05-15,'603606,东方电缆,39.55,40.69,37.58,39.0,39.74,-0.19,-0.4781,15.0847,4729043,184143167.0,5590392500.0,1239892223.15
2015-05-14,'603606,东方电缆,39.74,41.79,39.06,39.8,39.42,0.32,0.8118,16.4945,5171026,209336520.0,5617249000.0,1245848721.82
2015-05-13,'603606,东方电缆,39.42,39.48,37.2,37.6,38.0,1.42,3.7368,15.9266,4992983,193540743.0,5572017000.0,1235816724.06
2015-05-12,'603606,东方电缆,38.0,38.2,36.83,37.98,37.97,0.03,0.079,13.4296,4210193,157999718.0,5371300000.0,1191299734.0
2015-05-11,'603606,东方电缆,37.97,38.45,35.44,35.44,35.15,2.82,8.0228,12.2658,3845334,142121650.0,5367059500.0,1190359234.21
2015-05-08,'603606,东方电缆,35.15,35.2,34.11,34.12,33.76,1.39,4.1173,6.198,1943064,67389588.0,4968452500.0,1101952253.95
2015-05-07,'603606,东方电缆,33.76,35.85,33.45,35.84,35.82,-2.06,-5.751,7.4788,2344604,80632695.0,4771976000.0,1058375763.68
2015-05-06,'603606,东方电缆,35.82,37.05,35.57,36.2,34.84,0.98,2.8129,13.805,4327870,156901198.0,5063157000.0,1122956749.26
2015-05-05,'603606,东方电缆,34.84,36.28,34.8,36.28,36.17,-1.33,-3.6771,6.544,2051542,72580871.0,4924634000.0,1092233756.12
2015-05-04,'603606,东方电缆,36.17,36.58,35.32,35.69,35.7,0.47,1.3165,6.592,2066598,74503882.0,5112629500.0,1133929246.81
2015-04-30,'603606,东方电缆,35.7,36.0,35.3,35.7,35.88,-0.18,-0.5017,8.813,2762886,98636110.0,5046195000.0,1119194750.1
2015-04-29,'603606,东方电缆,35.88,35.94,34.8,34.8,35.19,0.69,1.9608,5.7367,1798447,64018830.0,5071638000.0,1124837748.84
2015-04-28,'603606,东方电缆,35.19,37.1,34.37,37.1,37.19,-2.0,-5.3778,10.2827,3223613,114737991.0,4974106500.0,1103206253.67
2015-04-27,'603606,东方电缆,37.19,38.0,36.69,37.5,37.45,-0.26,-0.6943,10.9331,3427520,127587822.0,5256806500.0,1165906239.67
2015-04-24,'603606,东方电缆,37.45,37.78,35.4,35.53,35.99,1.46,4.0567,15.3361,4807861,178087097.0,5293557500.0,1174057237.85
2015-04-23,'603606,东方电缆,35.99,36.19,35.35,35.82,36.19,-0.2,-0.5526,9.7386,3053042,109467646.0,5087186500.0,1128286248.07
2015-04-22,'603606,东方电缆,36.19,36.37,35.0,35.8,35.62,0.57,1.6002,10.9721,3439767,123923129.0,5115456500.0,1134556246.67
2015-04-21,'603606,东方电缆,35.62,35.74,33.57,33.69,33.99,1.63,4.7955,10.1887,3194160,111902274.0,5034887000.0,1116686750.66
2015-04-20,'603606,东方电缆,33.99,36.5,33.9,36.5,37.09,-3.1,-8.358,16.0266,5024350,177337331.0,4804486500.0,1065586262.07
2015-04-17,'603606,东方电缆,37.09,39.14,35.05,36.38,35.62,1.47,4.1269,17.3463,5438066,200180606.0,5242671500.0,1162771240.37
2015-04-16,'603606,东方电缆,35.62,36.99,34.1,35.3,36.79,-1.17,-3.1802,16.2854,5105486,181112939.0,5034887000.0,1116686750.66
2015-04-15,'603606,东方电缆,36.79,39.79,36.79,39.1,40.88,-4.09,-10.0049,21.1472,6629653,251565010.0,5200266500.0,1153366242.47
2015-04-14,'603606,东方电缆,40.88,41.98,38.7,40.15,38.16,2.72,7.1279,42.6792,13379920,538171878.0,5778388000.0,1281587713.84
2015-04-13,'603606,东方电缆,38.16,38.16,37.62,38.16,34.69,3.47,10.0029,9.3646,2935797,111942099.0,5393916000.0,1196315732.88
2015-04-10,'603606,东方电缆,34.69,34.69,34.69,34.69,31.54,3.15,9.9873,4.647,1456827,50537329.0,4903431500.0,1087531257.17
2015-04-09,'603606,东方电缆,31.54,32.18,28.4,29.78,29.54,2.0,6.7705,20.3646,6384307,193204823.0,4458179000.0,988778779.22
2015-04-08,'603606,东方电缆,29.54,30.5,28.5,30.01,29.74,-0.2,-0.6725,10.8366,3397259,100665797.0,4175479000.0,926078793.22
2015-04-07,'603606,东方电缆,29.74,30.78,28.87,29.02,29.02,0.72,2.481,13.8675,4347465,129551335.0,4203749000.0,932348791.82
2015-04-03,'603606,东方电缆,29.02,30.45,27.5,27.78,27.77,1.25,4.5013,19.201,6019518,174460036.0,4101977000.0,909776796.86
2015-04-02,'603606,东方电缆,27.77,27.88,26.5,26.69,26.61,1.16,4.3593,16.7776,5259790,143979126.0,3925289500.0,870589305.61
2015-04-01,'603606,东方电缆,26.61,26.64,26.12,26.25,26.21,0.4,1.5261,8.5198,2670947,70895882.0,3761323500.0,834223313.73
2015-03-31,'603606,东方电缆,26.21,26.5,26.05,26.5,26.55,-0.34,-1.2806,6.5484,2052930,53864476.0,3704783500.0,821683316.53
2015-03-30,'603606,东方电缆,26.55,26.91,25.66,26.65,26.52,0.03,0.1131,12.8235,4020164,105643139.0,3752842500.0,832342314.15
2015-03-27,'603606,东方电缆,26.52,26.85,25.93,26.3,25.99,0.53,2.0392,10.77,3376405,89391915.0,3748602000.0,831401814.36
2015-03-26,'603606,东方电缆,25.99,26.7,25.91,26.7,27.04,-1.05,-3.8831,11.3358,3553784,93185934.0,3673686500.0,814786318.07
2015-03-25,'603606,东方电缆,27.04,27.09,24.73,25.01,25.02,2.02,8.0735,17.1526,5377351,139548790.0,3822104000.0,847703810.72
2015-03-24,'603606,东方电缆,25.02,25.6,24.38,25.6,25.59,-0.57,-2.2274,8.2765,2594691,65074183.0,3536577000.0,784376824.86
2015-03-23,'603606,东方电缆,25.59,25.75,25.22,25.49,25.46,0.13,0.5106,8.095,2537781,64658548.0,3617146500.0,802246320.87
2015-03-20,'603606,东方电缆,25.46,25.73,25.1,25.22,25.32,0.14,0.5529,8.8235,2766168,70552235.0,3598771000.0,798170821.78
2015-03-19,'603606,东方电缆,25.32,25.58,24.81,25.5,25.43,-0.11,-0.4326,8.7212,2734084,68741309.0,3578982000.0,793781822.76
2015-03-18,'603606,东方电缆,25.43,25.49,24.71,25.0,25.07,0.36,1.436,9.4909,2975404,74684631.0,3594530500.0,797230321.99
2015-03-17,'603606,东方电缆,25.07,25.16,24.29,24.65,24.47,0.6,2.452,10.5857,3318608,81949943.0,3543644500.0,785944324.51
2015-03-16,'603606,东方电缆,24.47,24.49,23.83,23.92,23.74,0.73,3.075,7.5621,2370727,57711367.0,3458834500.0,767134328.71
2015-03-13,'603606,东方电缆,23.74,23.75,23.2,23.2,23.19,0.55,2.3717,3.5369,1108811,26180614.0,3355649000.0,744248833.82
2015-03-12,'603606,东方电缆,23.19,23.59,23.05,23.38,23.52,-0.33,-1.4031,4.0986,1284901,29870370.0,3277906500.0,727006337.67
2015-03-11,'603606,东方电缆,23.52,23.81,23.48,23.8,23.73,-0.21,-0.885,3.6536,1145399,27070784.0,3324552000.0,737351835.36
2015-03-10,'603606,东方电缆,23.73,23.88,23.37,23.87,23.88,-0.15,-0.6281,3.7526,1176437,27743881.0,3354235500.0,743935333.89
2015-03-09,'603606,东方电缆,23.88,23.98,23.6,23.98,23.93,-0.05,-0.2089,2.7273,854998,20356351.0,3375438000.0,748637832.84
2015-03-06,'603606,东方电缆,23.93,24.68,23.81,24.57,24.55,-0.62,-2.5255,4.9937,1565527,37675233.0,3382505500.0,750205332.49
2015-03-05,'603606,东方电缆,24.55,24.67,24.11,24.27,24.18,0.37,1.5302,5.5311,1734005,42396165.0,3470142500.0,769642328.15
2015-03-04,'603606,东方电缆,24.18,24.2,23.95,24.02,23.94,0.24,1.0025,4.5559,1428278,34413255.0,3417843000.0,758042830.74
2015-03-03,'603606,东方电缆,23.94,24.36,23.9,24.34,24.42,-0.48,-1.9656,5.3509,1677500,40482186.0,3383919000.0,750518832.42
2015-03-02,'603606,东方电缆,24.42,24.47,23.65,23.97,23.7,0.72,3.038,5.2247,1637947,39568075.0,3451767000.0,765566829.06
2015-02-27,'603606,东方电缆,23.7,23.76,23.41,23.61,23.61,0.09,0.3812,2.89,906000,21388230.0,3349995000.0,742994834.1
2015-02-26,'603606,东方电缆,23.61,23.63,23.2,23.33,23.33,0.28,1.2002,2.276,713511,16734425.0,3337273500.0,740173334.73
2015-02-25,'603606,东方电缆,23.33,23.77,23.32,23.66,23.66,-0.33,-1.3948,2.3298,730390,17119291.0,3297695500.0,731395336.69
2015-02-17,'603606,东方电缆,23.66,23.95,23.5,23.92,23.73,-0.07,-0.295,2.6982,845893,20032330.0,3344341000.0,741740834.38
2015-02-16,'603606,东方电缆,23.73,23.82,23.4,23.63,23.63,0.1,0.4232,3.0904,968852,22900228.0,3354235500.0,743935333.89
2015-02-13,'603606,东方电缆,23.63,23.75,23.22,23.4,23.17,0.46,1.9853,4.5854,1437532,33839355.0,3340100500.0,740800334.59
2015-02-12,'603606,东方电缆,23.17,23.48,22.75,22.83,22.86,0.31,1.3561,3.6403,1141239,26325300.0,3275079500.0,726379337.81
2015-02-11,'603606,东方电缆,22.86,23.2,22.36,22.46,22.3,0.56,2.5112,3.6343,1139366,26044800.0,3231261000.0,716660839.98
2015-02-10,'603606,东方电缆,22.3,22.52,22.05,22.2,22.28,0.02,0.0898,4.3345,1358877,30272107.0,3152105000.0,699104843.9
2015-02-09,'603606,东方电缆,22.28,22.65,22.06,22.65,22.74,-0.46,-2.0229,3.0723,963166,21576233.0,3149278000.0,698477844.04
2015-02-06,'603606,东方电缆,22.74,24.5,22.6,24.15,24.31,-1.57,-6.4582,6.6762,2092983,48753301.0,3214299000.0,712898840.82
2015-02-05,'603606,东方电缆,24.31,24.79,24.3,24.79,24.37,-0.06,-0.2462,3.5699,1119169,27390577.0,3436218500.0,762118329.83
2015-02-04,'603606,东方电缆,24.37,24.97,24.31,24.51,24.8,-0.43,-1.7339,4.994,1565603,38410200.0,3444699500.0,763999329.41
2015-02-03,'603606,东方电缆,24.8,25.5,24.59,24.59,24.58,0.22,0.895,6.1805,1937592,48781641.0,3505480000.0,777479826.4
2015-02-02,'603606,东方电缆,24.58,24.89,23.8,24.35,24.44,0.14,0.5728,3.8118,1195012,29234989.0,3474383000.0,770582827.94
2015-01-30,'603606,东方电缆,24.44,25.56,24.42,25.01,25.31,-0.87,-3.4374,7.0335,2204998,54680501.0,3454594000.0,766193828.92
2015-01-29,'603606,东方电缆,25.31,26.4,25.2,26.19,26.5,-1.19,-4.4906,12.0589,3780468,97526969.0,3577568500.0,793468322.83
2015-01-28,'603606,东方电缆,26.5,27.29,24.63,24.98,24.98,1.52,6.0849,22.5653,7074221,183568876.0,3745775000.0,830774814.5
2015-01-27,'603606,东方电缆,24.98,25.3,24.35,25.3,25.26,-0.28,-1.1085,6.2726,1966451,48878588.0,3530923000.0,783122825.14
2015-01-26,'603606,东方电缆,25.26,25.28,24.35,24.5,24.7,0.56,2.2672,8.0936,2537352,63234141.0,3570501000.0,791900823.18
2015-01-23,'603606,东方电缆,24.7,25.7,24.61,25.3,25.49,-0.79,-3.0993,12.1598,3812086,95556944.0,3491345000.0,774344827.1
2015-01-22,'603606,东方电缆,25.49,25.83,25.25,25.33,25.85,-0.36,-1.3926,15.2944,4794784,122317049.0,3603011500.0,799111321.57
2015-01-21,'603606,东方电缆,25.85,26.95,25.1,26.94,26.16,-0.31,-1.185,28.5616,8954048,229566726.0,3653897500.0,810397319.05
2015-01-20,'603606,东方电缆,26.16,26.16,24.21,24.7,23.78,2.38,10.0084,37.7137,11823248,298665340.0,3697716000.0,820115816.88
2015-01-19,'603606,东方电缆,23.78,23.78,21.95,21.95,21.62,2.16,9.9907,17.99,5639868,133357032.0,3361303000.0,745502833.54
2015-01-16,'603606,东方电缆,21.62,21.96,21.32,21.44,21.31,0.31,1.4547,3.9569,1240499,26859275.0,3055987000.0,677786848.66
2015-01-15,'603606,东方电缆,21.31,21.66,21.2,21.35,21.25,0.06,0.2824,3.3987,1065499,22815718.0,3012168500.0,668068350.83
2015-01-14,'603606,东方电缆,21.25,21.85,21.08,21.79,21.88,-0.63,-2.8793,4.6532,1458768,31096411.0,3003687500.0,666187351.25
2015-01-13,'603606,东方电缆,21.88,21.98,21.25,21.3,21.58,0.3,1.3902,3.3006,1034750,22462088.0,3092738000.0,685937846.84
2015-01-12,'603606,东方电缆,21.58,22.4,21.51,22.12,22.72,-1.14,-5.0176,4.8062,1506739,32907789.0,3050333000.0,676532848.94
2015-01-09,'603606,东方电缆,22.72,23.4,22.48,23.4,23.4,-0.68,-2.906,8.9071,2792369,63881932.0,3211472000.0,712271840.96
2015-01-08,'603606,东方电缆,23.4,23.5,21.66,21.8,21.76,1.64,7.5368,15.8871,4980590,113737903.0,3307590000.0,733589836.2
2015-01-07,'603606,东方电缆,21.76,22.27,21.52,22.27,22.2,-0.44,-1.982,4.3165,1353216,29469921.0,3075776000.0,682175847.68
2015-01-06,'603606,东方电缆,22.2,22.4,21.25,21.4,21.55,0.65,3.0162,6.5455,2052000,44944889.0,3137970000.0,695969844.6
2015-01-05,'603606,东方电缆,21.55,21.95,21.1,21.95,22.02,-0.47,-2.1344,4.5665,1431600,30662778.0,3046092500.0,675592349.15
2014-12-31,'603606,东方电缆,22.02,22.55,21.5,22.19,22.25,-0.23,-1.0337,4.8852,1531501,33633420.0,3112527000.0,690326845.86
2014-12-30,'603606,东方电缆,22.25,22.79,21.8,21.8,21.76,0.49,2.2518,5.1988,1629831,36305240.0,3145037500.0,697537344.25
2014-12-29,'603606,东方电缆,21.76,22.5,21.35,22.5,22.61,-0.85,-3.7594,5.1848,1625432,35405463.0,3075776000.0,682175847.68
2014-12-26,'603606,东方电缆,22.61,23.0,22.3,22.65,23.02,-0.41,-1.7811,4.2089,1319490,29892753.0,3195923500.0,708823341.73
2014-12-25,'603606,东方电缆,23.02,23.39,22.1,23.39,22.81,0.21,0.9206,10.3168,3234331,73553364.0,3253877000.0,721676838.86
2014-12-24,'603606,东方电缆,22.81,22.81,21.0,21.1,20.74,2.07,9.9807,8.045,2522115,54958045.0,3224193500.0,715093340.33
2014-12-23,'603606,东方电缆,20.74,21.47,20.11,20.11,20.16,0.58,2.877,6.0033,1882029,39571792.0,2931599000.0,650198854.82
2014-12-22,'603606,东方电缆,20.16,22.56,20.16,22.41,22.4,-2.24,-10.0,6.9121,2166940,44609898.0,2849616000.0,632015858.88
2014-12-19,'603606,东方电缆,22.4,24.12,22.15,24.0,23.84,-1.44,-6.0403,7.167,2246860,51183256.0,3166240000.0,702239843.2
2014-12-18,'603606,东方电缆,23.84,24.43,23.8,23.8,23.96,-0.12,-0.5008,4.0726,1276758,30684010.0,3369784000.0,747383833.12
2014-12-17,'603606,东方电缆,23.96,24.62,23.9,24.58,24.81,-0.85,-3.426,6.0852,1907709,46005221.0,3386746000.0,751145832.28
2014-12-16,'603606,东方电缆,24.81,25.47,24.71,25.34,25.29,-0.48,-1.898,5.1404,1611506,40192644.0,3506893500.0,777793326.33
2014-12-15,'603606,东方电缆,25.29,25.52,24.7,24.9,25.06,0.23,0.9178,4.4207,1385878,34935167.0,3574741500.0,792841322.97
2014-12-12,'603606,东方电缆,25.06,25.71,24.8,25.36,25.46,-0.4,-1.5711,6.0864,1908081,47894995.0,3542231000.0,785630824.58
2014-12-11,'603606,东方电缆,25.46,26.01,24.24,24.8,24.75,0.71,2.8687,8.8141,2763215,69735597.0,3598771000.0,798170821.78
2014-12-10,'603606,东方电缆,24.75,25.18,23.4,23.5,23.86,0.89,3.7301,7.7103,2417175,58813848.0,3498412500.0,775912326.75
2014-12-09,'603606,东方电缆,23.86,26.49,23.69,25.3,25.2,-1.34,-5.3175,10.8743,3409079,85897219.0,3372611000.0,748010832.98
2014-12-08,'603606,东方电缆,25.2,25.84,25.02,25.84,25.92,-0.72,-2.7778,8.748,2742495,69306572.0,3562020000.0,790019823.6
2014-12-05,'603606,东方电缆,25.92,27.83,25.65,27.77,27.83,-1.91,-6.8631,13.5658,4252880,112602638.0,3663792000.0,812591818.56
2014-12-04,'603606,东方电缆,27.83,28.24,27.55,27.71,27.95,-0.12,-0.4293,10.0653,3155479,87626438.0,3933770500.0,872470305.19
2014-12-03,'603606,东方电缆,27.95,29.0,27.35,28.63,28.63,-0.68,-2.3751,14.3422,4496265,125766495.0,3950732500.0,876232304.35
2014-12-02,'603606,东方电缆,28.63,29.77,27.34,27.42,27.5,1.13,4.1091,19.2275,6027821,173416784.0,4046850500.0,897550299.59
2014-12-01,'603606,东方电缆,27.5,27.85,27.05,27.58,27.53,-0.03,-0.109,8.849,2774159,76030154.0,3887125000.0,862124807.5
2014-11-28,'603606,东方电缆,27.53,28.25,27.3,28.05,28.36,-0.83,-2.9267,12.8852,4039499,111497191.0,3891365500.0,863065307.29
2014-11-27,'603606,东方电缆,28.36,28.95,28.02,28.36,28.3,0.06,0.212,14.6929,4606208,131723204.0,4008686000.0,889085801.48
2014-11-26,'603606,东方电缆,28.3,28.34,27.53,27.76,27.75,0.55,1.982,11.7788,3692667,103135633.0,4000205000.0,887204801.9
2014-11-25,'603606,东方电缆,27.75,28.87,27.4,28.7,28.82,-1.07,-3.7127,17.4724,5477587,152785095.0,3922462500.0,869962305.75
2014-11-24,'603606,东方电缆,28.82,29.35,28.17,28.9,28.51,0.31,1.0873,17.5552,5503544,158441418.0,4073707000.0,903506798.26
2014-11-21,'603606,东方电缆,28.51,30.0,28.02,28.36,28.78,-0.27,-0.9382,25.1073,7871128,227945342.0,4029888500.0,893788300.43
2014-11-20,'603606,东方电缆,28.78,29.1,26.5,26.69,27.04,1.74,6.4349,25.5431,8007757,224824213.0,4068053000.0,902252798.54
2014-11-19,'603606,东方电缆,27.04,27.46,26.69,27.3,27.6,-0.56,-2.029,12.6044,3951490,106694524.0,3822104000.0,847703810.72
2014-11-18,'603606,东方电缆,27.6,27.8,26.3,26.55,26.97,0.63,2.3359,17.3187,5429421,147170574.0,3901260000.0,865259806.8
2014-11-17,'603606,东方电缆,26.97,27.47,25.98,26.28,26.72,0.25,0.9356,16.4633,5161255,138844119.0,3812209500.0,845509311.21
2014-11-14,'603606,东方电缆,26.72,30.0,26.51,29.02,29.4,-2.68,-9.1156,24.6052,7713718,213712226.0,3776872000.0,837671812.96
2014-11-13,'603606,东方电缆,29.4,31.89,29.01,30.0,31.89,-2.49,-7.8081,24.1079,7557813,230537287.0,4155690000.0,921689794.2
2014-11-12,'603606,东方电缆,31.89,33.0,28.28,30.7,31.33,0.56,1.7874,38.1831,11970410,370639692.0,4507651500.0,999751276.77
2014-11-11,'603606,东方电缆,31.33,32.9,30.89,31.88,33.3,-1.97,-5.9159,35.3288,11075591,352937835.0,4428495500.0,982195280.69
2014-11-10,'603606,东方电缆,33.3,34.43,30.5,32.3,31.3,2.0,6.3898,58.1342,18225058,600887583.0,4706955000.0,1043954766.9
2014-11-07,'603606,东方电缆,31.3,31.3,30.01,30.08,28.45,2.85,10.0176,23.8579,7479464,231740159.0,4424255000.0,981254780.9
2014-11-06,'603606,东方电缆,28.45,28.45,26.45,27.2,25.86,2.59,10.0155,44.7488,14028732,386904967.0,4021407500.0,891907300.85
2014-11-05,'603606,东方电缆,25.86,25.86,22.8,22.98,23.51,2.35,9.9957,35.0294,10981699,269286470.0,3655311000.0,810710818.98
2014-11-04,'603606,东方电缆,23.51,26.39,23.45,24.8,24.06,-0.55,-2.286,53.0635,16635401,416016223.0,3323138500.0,737038335.43
2014-11-03,'603606,东方电缆,24.06,24.06,21.67,22.01,21.87,2.19,10.0137,37.0936,11628833,269794423.0,3400881000.0,754280831.58
2014-10-31,'603606,东方电缆,21.87,22.2,20.88,20.98,21.09,0.78,3.6984,33.3077,10441951,226770280.0,3091324500.0,685624346.91
2014-10-30,'603606,东方电缆,21.09,21.74,20.97,21.4,21.8,-0.71,-3.2569,26.6168,8344365,177373471.0,2981071500.0,661171352.37
2014-10-29,'603606,东方电缆,21.8,22.1,20.27,20.45,20.28,1.52,7.4951,35.9695,11276440,237757526.0,3081430000.0,683429847.4
2014-10-28,'603606,东方电缆,20.28,20.51,19.88,19.91,20.07,0.21,1.0463,23.7255,7437944,150965689.0,2866578000.0,635777858.04
2014-10-27,'603606,东方电缆,20.07,21.65,19.79,21.58,21.99,-1.92,-8.7312,35.6164,11165750,227428039.0,2836894500.0,629194359.51
2014-10-24,'603606,东方电缆,21.99,22.88,21.61,22.0,20.92,1.07,5.1147,64.3398,20170525,448466402.0,3108286500.0,689386346.07
2014-10-23,'603606,东方电缆,20.92,20.92,20.05,20.3,19.02,1.9,9.9895,32.6595,10238737,211061242.0,2957042000.0,655841853.56
2014-10-22,'603606,东方电缆,19.02,19.02,19.02,19.02,17.29,1.73,10.0058,5.2338,1640799,31207997.0,2688477000.0,596276866.86
2014-10-21,'603606,东方电缆,17.29,17.29,17.29,17.29,15.72,1.57,9.9873,0.8364,262200,4533438.0,2443941500.0,542041378.97
2014-10-20,'603606,东方电缆,15.72,15.72,15.72,15.72,14.29,1.43,10.007,0.2268,71100,1117692.0,2222022000.0,492821889.96
2014-10-17,'603606,东方电缆,14.29,14.29,14.29,14.29,12.99,1.3,10.0077,0.1468,46028,657740.0,2019891500.0,447991399.97
2014-10-16,'603606,东方电缆,12.99,12.99,12.99,12.99,11.81,1.18,9.9915,0.073,22900,297471.0,1836136500.0,407236409.07
2014-10-15,'603606,N东方,11.81,11.81,9.84,9.84,8.2,3.61,44.0244,0.1557,48800,574161.0,1669343500.0,370243417.33
