日期,股票代码,名称,收盘价,最高价,最低价,开盘价,前收盘,涨跌额,涨跌幅,换手率,成交量,成交金额,总市值,流通市值
2017-05-15,'603698,航天工程,24.45,24.59,24.25,24.25,24.24,0.21,0.8663,1.0179,903603,22095945.0,10080735000.0,2170440876.6
2017-05-12,'603698,航天工程,24.24,24.69,23.9,24.69,24.51,-0.27,-1.1016,1.1512,1021915,24742474.0,9994152000.0,2151799053.12
2017-05-11,'603698,航天工程,24.51,24.9,23.71,24.9,24.92,-0.41,-1.6453,1.9901,1766654,42978857.0,10105473000.0,2175767111.88
2017-05-10,'603698,航天工程,24.92,25.55,24.91,25.27,25.31,-0.39,-1.5409,1.3829,1227644,31083033.0,10274516000.0,2212163052.96
2017-05-09,'603698,航天工程,25.31,25.57,25.1,25.25,25.25,0.06,0.2376,1.613,1431841,36297120.0,10435313000.0,2246783582.28
2017-05-08,'603698,航天工程,25.25,26.4,25.2,26.4,26.49,-1.24,-4.681,1.8657,1656203,42802607.0,10410575000.0,2241457347.0
2017-05-05,'603698,航天工程,26.49,27.4,26.44,27.4,27.51,-1.02,-3.7077,2.9493,2618146,70173360.0,10921827000.0,2351532876.12
2017-05-04,'603698,航天工程,27.51,28.3,26.16,26.16,26.42,1.09,4.1257,4.1658,3698002,100735348.0,11342373000.0,2442078875.88
2017-05-03,'603698,航天工程,26.42,26.7,26.36,26.4,26.37,0.05,0.1896,1.0008,888420,23541219.0,10892966000.0,2345318934.96
2017-05-02,'603698,航天工程,26.37,26.84,26.31,26.72,26.77,-0.4,-1.4942,1.1127,987719,26165770.0,10872351000.0,2340880405.56
2017-04-28,'603698,航天工程,26.77,26.97,26.51,26.7,26.69,0.08,0.2997,1.1979,1063364,28478736.0,11037271000.0,2376388640.76
2017-04-27,'603698,航天工程,26.69,26.75,25.62,26.45,26.44,0.25,0.9455,1.7458,1549751,40555135.0,11004287000.0,2369286993.72
2017-04-26,'603698,航天工程,26.44,26.5,26.3,26.42,26.36,0.08,0.3035,1.0014,888977,23452941.0,10901212000.0,2347094346.72
2017-04-25,'603698,航天工程,26.36,26.48,26.1,26.22,26.16,0.2,0.7645,1.0215,906749,23894704.0,10868228000.0,2339992699.68
2017-04-24,'603698,航天工程,26.16,27.29,26.06,27.2,27.12,-0.96,-3.5398,1.5733,1396611,36951154.0,10785768000.0,2322238582.08
2017-04-21,'603698,航天工程,27.12,27.75,27.11,27.75,27.4,-0.28,-1.0219,1.14,1012027,27651380.0,11181576000.0,2407458346.56
2017-04-20,'603698,航天工程,27.4,27.72,27.15,27.21,27.21,0.19,0.6983,1.8631,1653916,45353976.0,11297020000.0,2432314111.2
2017-04-19,'603698,航天工程,27.21,28.1,26.9,28.01,28.01,-0.8,-2.8561,2.4881,2208724,60571249.0,11218683000.0,2415447699.48
2017-04-18,'603698,航天工程,28.01,28.4,27.82,28.33,28.1,-0.09,-0.3203,2.4846,2205550,61918333.0,11548523000.0,2486464169.88
2017-04-17,'603698,航天工程,28.1,29.0,27.98,29.0,29.44,-1.34,-4.5516,3.6405,3231717,91537989.0,11585630000.0,2494453522.8
2017-04-14,'603698,航天工程,29.44,30.03,29.2,29.57,29.59,-0.15,-0.5069,2.7808,2468566,73028347.0,12138112000.0,2613406110.72
2017-04-13,'603698,航天工程,29.59,30.15,29.3,29.99,29.91,-0.32,-1.0699,2.9727,2638872,78593831.0,12199957000.0,2626721698.92
2017-04-12,'603698,航天工程,29.91,30.9,29.8,30.9,30.91,-1.0,-3.2352,5.5289,4908029,149102829.0,12331893000.0,2655128287.08
2017-04-11,'603698,航天工程,30.91,31.26,29.71,29.78,29.93,0.98,3.2743,9.2655,8225039,251734861.0,12744193000.0,2743898875.08
2017-04-10,'603698,航天工程,29.93,30.45,29.8,30.22,30.22,-0.29,-0.9596,3.7975,3371077,101140721.0,12340139000.0,2656903698.84
2017-04-07,'603698,航天工程,30.22,30.44,29.63,29.79,29.66,0.56,1.8881,5.0574,4489483,135623367.0,12459706000.0,2682647169.36
2017-04-06,'603698,航天工程,29.66,30.19,29.6,29.93,29.93,-0.27,-0.9021,2.1398,1899521,56592451.0,12228818000.0,2632935640.08
2017-04-05,'603698,航天工程,29.93,30.0,29.25,29.5,29.19,0.74,2.5351,3.7122,3295326,98279468.0,12340139000.0,2656903698.84
2017-03-31,'603698,航天工程,29.19,29.5,28.55,28.56,28.76,0.43,1.4951,2.5285,2244541,65145059.0,12035037000.0,2591213463.72
2017-03-30,'603698,航天工程,28.76,29.84,28.61,29.71,30.05,-1.29,-4.2928,3.8886,3451958,101126561.0,11857748000.0,2553042110.88
2017-03-29,'603698,航天工程,30.05,30.45,29.01,29.43,29.43,0.62,2.1067,6.3001,5592674,166418713.0,12389615000.0,2667556169.4
2017-03-28,'603698,航天工程,29.43,29.56,28.86,28.91,29.1,0.33,1.134,2.9753,2641167,77225883.0,12133989000.0,2612518404.84
2017-03-27,'603698,航天工程,29.1,29.27,28.66,28.9,28.77,0.33,1.147,2.8093,2493850,72485560.0,11997930000.0,2583224110.8
2017-03-24,'603698,航天工程,28.77,28.8,28.4,28.53,28.6,0.17,0.5944,1.8247,1619769,46405636.0,11861871000.0,2553929816.76
2017-03-23,'603698,航天工程,28.6,28.68,28.13,28.42,28.43,0.17,0.598,2.065,1833076,52110462.0,11791780000.0,2538838816.8
2017-03-22,'603698,航天工程,28.43,29.05,28.28,29.05,29.12,-0.69,-2.3695,3.2334,2870266,81902080.0,11721689000.0,2523747816.84
2017-03-21,'603698,航天工程,29.12,29.7,29.1,29.46,29.58,-0.46,-1.5551,2.2768,2021144,59208347.0,12006176000.0,2584999522.56
2017-03-20,'603698,航天工程,29.58,29.6,29.14,29.21,29.21,0.37,1.2667,2.2214,1971906,57947056.0,12195834000.0,2625833993.04
2017-03-17,'603698,航天工程,29.21,29.98,29.15,29.94,29.92,-0.71,-2.373,2.4643,2187587,64693521.0,12043283000.0,2592988875.48
2017-03-16,'603698,航天工程,29.92,29.95,29.32,29.35,29.32,0.6,2.0464,2.621,2326702,69065172.0,12336016000.0,2656015992.96
2017-03-15,'603698,航天工程,29.32,29.79,29.11,29.61,29.72,-0.4,-1.3459,1.8229,1618233,47517530.0,12088636000.0,2602753640.16
2017-03-14,'603698,航天工程,29.72,30.04,29.66,29.9,29.87,-0.15,-0.5022,1.2988,1152945,34398581.0,12253556000.0,2638261875.36
2017-03-13,'603698,航天工程,29.87,29.97,29.35,29.35,29.35,0.52,1.7717,2.0483,1818284,54032762.0,12315401000.0,2651577463.56
2017-03-10,'603698,航天工程,29.35,29.87,29.21,29.85,29.61,-0.26,-0.8781,2.3484,2084723,61504915.0,12101005000.0,2605416757.8
2017-03-09,'603698,航天工程,29.61,30.46,29.59,30.32,30.55,-0.94,-3.0769,3.1258,2774800,82982419.0,12208203000.0,2628497110.68
2017-03-08,'603698,航天工程,30.55,31.14,30.25,30.55,30.53,0.02,0.0655,3.3533,2976778,91364519.0,12595765000.0,2711941463.4
2017-03-07,'603698,航天工程,30.53,30.8,30.32,30.68,30.91,-0.38,-1.2294,2.6402,2343699,71483291.0,12587519000.0,2710166051.64
2017-03-06,'603698,航天工程,30.91,31.27,30.36,31.0,30.79,0.12,0.3897,4.396,3902351,119540929.0,12744193000.0,2743898875.08
2017-03-03,'603698,航天工程,30.79,30.94,29.81,29.97,30.02,0.77,2.565,4.8433,4299446,131243818.0,12694717000.0,2733246404.52
2017-03-02,'603698,航天工程,30.02,30.35,29.61,29.86,29.92,0.1,0.3342,2.1739,1929758,58024409.0,12377246000.0,2664893051.76
2017-03-01,'603698,航天工程,29.92,30.2,29.52,29.6,29.59,0.33,1.1152,1.9976,1773294,53150797.0,12336016000.0,2656015992.96
2017-02-28,'603698,航天工程,29.59,29.75,29.34,29.34,29.59,0.0,0.0,1.347,1195722,35346490.0,12199957000.0,2626721698.92
2017-02-27,'603698,航天工程,29.59,30.56,29.4,30.17,30.11,-0.52,-1.727,2.9754,2641282,79428462.0,12199957000.0,2626721698.92
2017-02-24,'603698,航天工程,30.11,30.18,29.81,30.0,30.0,0.11,0.3667,2.0855,1851317,55620184.0,12414353000.0,2672882404.68
2017-02-23,'603698,航天工程,30.0,30.35,29.72,30.24,30.21,-0.21,-0.6951,2.2392,1987774,59599870.0,12369000000.0,2663117640.0
2017-02-22,'603698,航天工程,30.21,30.28,30.01,30.27,30.36,-0.15,-0.4941,2.1967,1950013,58740211.0,12455583000.0,2681759463.48
2017-02-21,'603698,航天工程,30.36,30.49,29.82,30.21,30.21,0.15,0.4965,3.519,3123839,94232084.0,12517428000.0,2695075051.68
2017-02-20,'603698,航天工程,30.21,30.88,29.8,29.97,29.73,0.48,1.6145,4.1277,3664164,111274051.0,12455583000.0,2681759463.48
2017-02-17,'603698,航天工程,29.73,30.2,29.08,29.2,29.09,0.64,2.2001,6.7145,5960539,177771832.0,12257679000.0,2639149581.24
2017-02-16,'603698,航天工程,29.09,29.19,28.89,29.01,29.01,0.08,0.2758,1.4527,1289598,37441849.0,11993807000.0,2582336404.92
2017-02-15,'603698,航天工程,29.01,29.55,28.71,29.45,29.45,-0.44,-1.4941,2.7671,2456400,71479475.0,11960823000.0,2575234757.88
2017-02-14,'603698,航天工程,29.45,30.12,29.09,29.1,29.1,0.35,1.2027,3.9608,3516006,103866905.0,12142235000.0,2614293816.6
2017-02-13,'603698,航天工程,29.1,29.43,28.98,29.11,29.19,-0.09,-0.3083,2.09,1855286,54111046.0,11997930000.0,2583224110.8
2017-02-10,'603698,航天工程,29.19,29.73,29.12,29.4,29.5,-0.31,-1.0508,2.8085,2493088,73296562.0,12035037000.0,2591213463.72
2017-02-09,'603698,航天工程,29.5,29.7,29.18,29.2,29.47,0.03,0.1018,3.4386,3052487,89835230.0,12162850000.0,2618732346.0
2017-02-08,'603698,航天工程,29.47,29.59,28.13,28.33,28.36,1.11,3.914,5.0141,4451052,129021625.0,12150481000.0,2616069228.36
2017-02-07,'603698,航天工程,28.36,28.58,28.16,28.51,28.5,-0.14,-0.4912,1.6499,1464651,41652312.0,11692828000.0,2517533875.68
2017-02-06,'603698,航天工程,28.5,28.54,28.25,28.3,28.35,0.15,0.5291,1.5543,1379776,39227998.0,11750550000.0,2529961758.0
2017-02-03,'603698,航天工程,28.35,28.55,27.93,28.23,28.16,0.19,0.6747,1.7512,1554530,43999234.0,11688705000.0,2516646169.8
2017-01-26,'603698,航天工程,28.16,28.27,28.04,28.25,28.1,0.06,0.2135,0.8857,786208,22150416.0,11610368000.0,2499779758.08
2017-01-25,'603698,航天工程,28.1,28.23,27.87,28.07,28.05,0.05,0.1783,1.6051,1424821,39939192.0,11585630000.0,2494453522.8
2017-01-24,'603698,航天工程,28.05,28.57,27.85,28.45,28.45,-0.4,-1.406,1.0676,947749,26698001.0,11565015000.0,2490014993.4
2017-01-23,'603698,航天工程,28.45,28.68,28.1,28.1,28.02,0.43,1.5346,1.5169,1346562,38223760.0,11729935000.0,2525523228.6
2017-01-20,'603698,航天工程,28.02,28.25,27.55,27.59,27.56,0.46,1.6691,1.7423,1546652,43434061.0,11552646000.0,2487351875.76
2017-01-19,'603698,航天工程,27.56,28.15,27.3,27.6,27.67,-0.11,-0.3975,1.2619,1120206,31036412.0,11362988000.0,2446517405.28
2017-01-18,'603698,航天工程,27.67,27.81,27.4,27.59,27.81,-0.14,-0.5034,1.3017,1155510,31979526.0,11408341000.0,2456282169.96
2017-01-17,'603698,航天工程,27.81,27.93,26.71,27.11,27.31,0.5,1.8308,2.6188,2324703,63408559.0,11466063000.0,2468710052.28
2017-01-16,'603698,航天工程,27.31,28.6,25.6,28.45,28.44,-1.13,-3.9733,3.7639,3341199,91511528.0,11259913000.0,2424324758.28
2017-01-13,'603698,航天工程,28.44,29.35,28.27,29.09,29.1,-0.66,-2.268,2.6811,2380000,68575059.0,11725812000.0,2524635522.72
2017-01-12,'603698,航天工程,29.1,29.7,28.93,29.64,29.61,-0.51,-1.7224,2.3194,2058929,60212968.0,11997930000.0,2583224110.8
2017-01-11,'603698,航天工程,29.61,30.3,29.53,29.66,29.58,0.03,0.1014,3.0997,2751650,82281259.0,12208203000.0,2628497110.68
2017-01-10,'603698,航天工程,29.58,30.32,29.52,30.05,30.22,-0.64,-2.1178,3.2007,2841254,84635421.0,12195834000.0,2625833993.04
2017-01-09,'603698,航天工程,30.22,30.5,28.96,29.33,29.08,1.14,3.9202,6.7889,6026581,180679490.0,12459706000.0,2682647169.36
2017-01-06,'603698,航天工程,29.08,29.5,28.85,29.2,28.98,0.1,0.3451,3.6158,3209750,93574946.0,11989684000.0,2581448699.04
2017-01-05,'603698,航天工程,28.98,29.54,28.35,28.61,28.59,0.39,1.3641,5.2427,4653971,135825361.0,11948454000.0,2572571640.24
2017-01-04,'603698,航天工程,28.59,28.63,28.2,28.28,28.38,0.21,0.74,2.7785,2466473,70228871.0,11787657000.0,2537951110.92
2017-01-03,'603698,航天工程,28.38,28.69,27.45,27.55,27.59,0.79,2.8634,4.1956,3724453,105454068.0,11701074000.0,2519309287.44
2016-12-30,'603698,航天工程,27.59,28.17,27.49,27.76,27.84,-0.25,-0.898,2.0262,1798637,49864014.0,11375357000.0,2449180522.92
2016-12-29,'603698,航天工程,27.84,28.26,27.61,27.66,27.71,0.13,0.4691,3.2628,2896428,81041045.0,11478432000.0,2471373169.92
2016-12-28,'603698,航天工程,27.71,28.88,27.66,28.78,28.77,-1.06,-3.6844,3.55,3151358,89044711.0,11424833000.0,2459832993.48
2016-12-27,'603698,航天工程,28.77,28.83,28.18,28.6,28.56,0.21,0.7353,3.7619,3339504,95369845.0,11861871000.0,2553929816.76
2016-12-26,'603698,航天工程,28.56,28.75,27.66,28.03,28.28,0.28,0.9901,2.8365,2517988,71057322.0,11775288000.0,2535287993.28
2016-12-23,'603698,航天工程,28.28,28.39,27.07,27.12,27.4,0.88,3.2117,3.9329,3491301,96784005.0,11659844000.0,2510432228.64
2016-12-22,'603698,航天工程,27.4,27.45,26.87,27.1,27.31,0.09,0.3295,1.6546,1468834,39768267.0,11297020000.0,2432314111.2
2016-12-21,'603698,航天工程,27.31,27.46,26.6,26.64,26.59,0.72,2.7078,1.8381,1631659,44071104.0,11259913000.0,2424324758.28
2016-12-20,'603698,航天工程,26.59,26.75,26.47,26.6,26.63,-0.04,-0.1502,1.2198,1082825,28859512.0,10963057000.0,2360409934.92
2016-12-19,'603698,航天工程,26.63,26.8,26.48,26.48,26.63,0.0,0.0,1.1272,1000582,26677934.0,10979549000.0,2363960758.44
2016-12-16,'603698,航天工程,26.63,26.65,26.35,26.39,26.36,0.27,1.0243,1.2699,1127261,29924147.0,10979549000.0,2363960758.44
2016-12-15,'603698,航天工程,26.36,26.78,26.11,26.25,26.25,0.11,0.419,2.4535,2177986,57555817.0,10868228000.0,2339992699.68
2016-12-14,'603698,航天工程,26.25,26.96,26.24,26.73,26.74,-0.49,-1.8325,2.0126,1786614,47368339.0,10822875000.0,2330227935.0
2016-12-13,'603698,航天工程,26.74,26.85,26.11,26.32,26.53,0.21,0.7916,1.4703,1305229,34628692.0,11024902000.0,2373725523.12
2016-12-12,'603698,航天工程,26.53,28.57,26.43,28.28,28.23,-1.7,-6.022,1.8241,1619231,44421836.0,10938319000.0,2355083699.64
2016-12-09,'603698,航天工程,28.23,28.7,28.2,28.65,28.66,-0.43,-1.5003,1.3462,1195017,33893524.0,11639229000.0,2505993699.24
2016-12-08,'603698,航天工程,28.66,29.38,28.5,29.35,29.1,-0.44,-1.512,1.3602,1207495,34772217.0,11816518000.0,2544165052.08
2016-12-07,'603698,航天工程,29.1,29.14,28.7,28.7,28.87,0.23,0.7967,0.9545,847284,24573721.0,11997930000.0,2583224110.8
2016-12-06,'603698,航天工程,28.87,29.09,28.62,28.76,28.91,-0.04,-0.1384,1.1358,1008295,29158611.0,11903101000.0,2562806875.56
2016-12-05,'603698,航天工程,28.91,29.18,28.1,28.45,28.54,0.37,1.2964,1.7749,1575565,45446966.0,11919593000.0,2566357699.08
2016-12-02,'603698,航天工程,28.54,29.78,28.51,29.72,29.56,-1.02,-3.4506,2.6778,2377138,69054330.0,11767042000.0,2533512581.52
2016-12-01,'603698,航天工程,29.56,29.85,29.39,29.39,29.41,0.15,0.51,1.7115,1519310,45063058.0,12187588000.0,2624058581.28
2016-11-30,'603698,航天工程,29.41,29.76,29.25,29.6,29.73,-0.32,-1.0764,1.9881,1764883,52149742.0,12125743000.0,2610742993.08
2016-11-29,'603698,航天工程,29.73,30.81,29.63,30.2,30.49,-0.76,-2.4926,3.6909,3276470,99097474.0,12257679000.0,2639149581.24
2016-11-28,'603698,航天工程,30.49,31.05,30.43,30.49,30.36,0.13,0.4282,4.1845,3714586,114132191.0,12571027000.0,2706615228.12
2016-11-25,'603698,航天工程,30.36,30.47,29.6,30.47,30.43,-0.07,-0.23,2.5436,2257961,67727459.0,12517428000.0,2695075051.68
2016-11-24,'603698,航天工程,30.43,30.83,30.25,30.68,30.79,-0.36,-1.1692,3.4087,3025956,92157944.0,12546289000.0,2701288992.84
2016-11-23,'603698,航天工程,30.79,31.1,30.21,30.48,30.5,0.29,0.9508,4.9601,4403069,134718883.0,12694717000.0,2733246404.52
2016-11-22,'603698,航天工程,30.5,30.75,30.27,30.28,30.37,0.13,0.4281,2.9529,2621275,79947833.0,12575150000.0,2707502934.0
2016-11-21,'603698,航天工程,30.37,30.77,30.21,30.5,30.38,-0.01,-0.0329,3.4589,3070508,93499384.0,12521551000.0,2695962757.56
2016-11-18,'603698,航天工程,30.38,30.7,30.0,30.1,30.11,0.27,0.8967,3.6026,3198036,97264940.0,12525674000.0,2696850463.44
2016-11-17,'603698,航天工程,30.11,30.16,29.7,29.9,29.96,0.15,0.5007,1.7298,1535578,45841117.0,12414353000.0,2672882404.68
2016-11-16,'603698,航天工程,29.96,30.3,29.91,30.2,30.18,-0.22,-0.729,2.0106,1784857,53599482.0,12352508000.0,2659566816.48
2016-11-15,'603698,航天工程,30.18,30.22,29.81,29.98,29.81,0.37,1.2412,3.0537,2710769,81210371.0,12443214000.0,2679096345.84
2016-11-14,'603698,航天工程,29.81,29.93,29.55,29.6,29.63,0.18,0.6075,2.2768,2021135,60182911.0,12290663000.0,2646251228.28
2016-11-11,'603698,航天工程,29.63,29.72,29.12,29.36,29.3,0.33,1.1263,2.6072,2314455,68325923.0,12216449000.0,2630272522.44
2016-11-10,'603698,航天工程,29.3,29.39,28.89,29.2,28.79,0.51,1.7714,2.0899,1855247,54169858.0,12080390000.0,2600978228.4
2016-11-09,'603698,航天工程,28.79,29.64,28.55,29.64,29.55,-0.76,-2.5719,2.527,2243233,65151101.0,11870117000.0,2555705228.52
2016-11-08,'603698,航天工程,29.55,29.68,29.42,29.48,29.44,0.11,0.3736,1.427,1266730,37396393.0,12183465000.0,2623170875.4
2016-11-07,'603698,航天工程,29.44,29.95,29.3,29.81,29.81,-0.37,-1.2412,1.9467,1728114,51149541.0,12138112000.0,2613406110.72
2016-11-04,'603698,航天工程,29.81,29.95,29.62,29.88,29.74,0.07,0.2354,2.2083,1960356,58358119.0,12290663000.0,2646251228.28
2016-11-03,'603698,航天工程,29.74,29.9,29.22,29.31,29.48,0.26,0.882,2.4751,2197151,65251093.0,12261802000.0,2640037287.12
2016-11-02,'603698,航天工程,29.48,29.97,29.35,29.7,29.65,-0.17,-0.5734,3.0385,2697327,80041453.0,12154604000.0,2616956934.24
2016-11-01,'603698,航天工程,29.65,29.74,29.28,29.63,29.64,0.01,0.0337,2.8234,2506390,73972871.0,12224695000.0,2632047934.2
2016-10-31,'603698,航天工程,29.64,29.66,29.25,29.26,29.25,0.39,1.3333,2.3431,2080014,61437263.0,12220572000.0,2631160228.32
2016-10-28,'603698,航天工程,29.25,29.43,29.1,29.26,29.29,-0.04,-0.1366,1.5367,1364153,39988825.0,12059775000.0,2596539699.0
2016-10-27,'603698,航天工程,29.29,29.43,29.13,29.31,29.39,-0.1,-0.3403,2.0102,1784505,52214522.0,12076267000.0,2600090522.52
2016-10-26,'603698,航天工程,29.39,29.7,29.25,29.6,29.62,-0.23,-0.7765,2.2953,2037579,59914455.0,12117497000.0,2608967581.32
2016-10-25,'603698,航天工程,29.62,29.66,29.3,29.43,29.44,0.18,0.6114,2.1777,1933113,57151330.0,12212326000.0,2629384816.56
2016-10-24,'603698,航天工程,29.44,29.68,29.19,29.3,29.43,0.01,0.034,2.9919,2655887,78113101.0,12138112000.0,2613406110.72
2016-10-21,'603698,航天工程,29.43,29.98,29.12,29.72,29.56,-0.13,-0.4398,1.2669,1124614,33105003.0,12133989000.0,2612518404.84
2016-10-20,'603698,航天工程,29.56,29.75,29.2,29.2,29.36,0.2,0.6812,2.0738,1840953,54465453.0,12187588000.0,2624058581.28
2016-10-19,'603698,航天工程,29.36,29.65,29.2,29.65,29.59,-0.23,-0.7773,2.0321,1803880,53123878.0,12105128000.0,2606304463.68
2016-10-18,'603698,航天工程,29.59,29.64,29.0,29.21,29.54,0.05,0.1693,2.8508,2530696,74185859.0,12199957000.0,2626721698.92
2016-10-17,'603698,航天工程,29.54,31.0,29.46,30.89,30.22,-0.68,-2.2502,4.516,4008850,120945406.0,12179342000.0,2622283169.52
2016-10-14,'603698,航天工程,30.22,30.9,29.96,30.35,29.97,0.25,0.8342,3.6402,3231418,98065130.0,12459706000.0,2682647169.36
2016-10-13,'603698,航天工程,29.97,30.11,29.51,29.79,29.75,0.22,0.7395,2.9454,2614663,77956018.0,12356631000.0,2660454522.36
2016-10-12,'603698,航天工程,29.75,29.76,29.24,29.38,29.5,0.25,0.8475,2.1715,1927644,56951231.0,12265925000.0,2640924993.0
2016-10-11,'603698,航天工程,29.5,29.97,29.3,29.55,29.66,-0.16,-0.5394,2.4312,2158223,63833769.0,12162850000.0,2618732346.0
2016-10-10,'603698,航天工程,29.66,29.79,28.75,28.98,28.69,0.97,3.381,2.1663,1923053,56512136.0,12228818000.0,2632935640.08
2016-09-30,'603698,航天工程,28.69,28.85,28.19,28.6,28.55,0.14,0.4904,1.3562,1203920,34449184.0,11828887000.0,2546828169.72
2016-09-29,'603698,航天工程,28.55,28.69,28.2,28.43,28.43,0.12,0.4221,1.1275,1000928,28582259.0,11771165000.0,2534400287.4
2016-09-28,'603698,航天工程,28.43,28.66,28.13,28.66,28.69,-0.26,-0.9062,1.2001,1065366,30259137.0,11721689000.0,2523747816.84
2016-09-27,'603698,航天工程,28.69,28.96,27.98,28.33,28.38,0.31,1.0923,2.0246,1797268,50942407.0,11828887000.0,2546828169.72
2016-09-26,'603698,航天工程,28.38,29.99,28.25,29.6,29.63,-1.25,-4.2187,2.1586,1916228,56211359.0,11701074000.0,2519309287.44
2016-09-23,'603698,航天工程,29.63,30.4,29.51,30.33,30.19,-0.56,-1.8549,1.9327,1715657,51509101.0,12216449000.0,2630272522.44
2016-09-22,'603698,航天工程,30.19,30.45,30.15,30.4,30.29,-0.1,-0.3301,1.4455,1283193,38899792.0,12447337000.0,2679984051.72
2016-09-21,'603698,航天工程,30.29,30.5,30.01,30.12,30.12,0.17,0.5644,1.8289,1623488,49155913.0,12488567000.0,2688861110.52
2016-09-20,'603698,航天工程,30.12,30.95,30.01,30.81,30.82,-0.7,-2.2713,1.9399,1722046,52011061.0,12418476000.0,2673770110.56
2016-09-19,'603698,航天工程,30.82,31.08,30.48,30.48,30.54,0.28,0.9168,1.0574,938631,28844456.0,12707086000.0,2735909522.16
2016-09-14,'603698,航天工程,30.54,30.89,30.03,30.35,30.53,0.01,0.0328,1.2263,1088559,33295628.0,12591642000.0,2711053757.52
2016-09-13,'603698,航天工程,30.53,30.69,30.09,30.38,30.34,0.19,0.6262,1.6546,1468796,44635534.0,12587519000.0,2710166051.64
2016-09-12,'603698,航天工程,30.34,31.4,30.29,30.9,30.89,-0.55,-1.7805,2.711,2406566,74580534.0,12509182000.0,2693299639.92
2016-09-09,'603698,航天工程,30.89,31.6,30.8,31.12,31.1,-0.21,-0.6752,1.7614,1563615,48869981.0,12735947000.0,2742123463.32
2016-09-08,'603698,航天工程,31.1,31.48,31.01,31.48,31.27,-0.17,-0.5437,1.4779,1311975,40936748.0,12822530000.0,2760765286.8
2016-09-07,'603698,航天工程,31.27,31.7,31.2,31.48,31.36,-0.09,-0.287,1.7269,1533009,48158581.0,12892621000.0,2775856286.76
2016-09-06,'603698,航天工程,31.36,31.4,30.35,30.89,30.77,0.59,1.9175,2.1412,1900725,59028454.0,12929728000.0,2783845639.68
2016-09-05,'603698,航天工程,30.77,31.22,30.3,30.67,30.34,0.43,1.4173,1.232,1093665,33723879.0,12686471000.0,2731470992.76
2016-09-02,'603698,航天工程,30.34,30.99,30.22,30.71,31.05,-0.71,-2.2866,1.7956,1593958,48728432.0,12509182000.0,2693299639.92
2016-09-01,'603698,航天工程,31.05,31.49,31.0,31.4,31.21,-0.16,-0.5127,0.9807,870556,27154108.0,12801915000.0,2756326757.4
2016-08-31,'603698,航天工程,31.21,31.75,31.01,31.51,31.51,-0.3,-0.9521,1.2769,1133520,35386503.0,12867883000.0,2770530051.48
2016-08-30,'603698,航天工程,31.51,32.1,31.15,31.3,31.68,-0.17,-0.5366,1.2593,1117900,35345292.0,12991573000.0,2797161227.88
2016-08-29,'603698,航天工程,31.68,32.39,31.32,31.98,31.97,-0.29,-0.9071,1.7199,1526783,48914163.0,13061664000.0,2812252227.84
2016-08-26,'603698,航天工程,31.97,32.3,31.88,32.19,32.19,-0.22,-0.6834,2.1544,1912446,61392192.0,13181231000.0,2837995698.36
2016-08-25,'603698,航天工程,32.19,32.2,31.07,31.85,31.96,0.23,0.7196,1.8341,1628158,51843297.0,13271937000.0,2857525227.72
2016-08-24,'603698,航天工程,31.96,32.18,31.71,31.81,31.57,0.39,1.2354,1.6234,1441114,46087926.0,13177108000.0,2837107992.48
2016-08-23,'603698,航天工程,31.57,31.95,31.4,31.85,31.55,0.02,0.0634,0.9404,834756,26450951.0,13016311000.0,2802487463.16
2016-08-22,'603698,航天工程,31.55,32.34,31.51,32.34,32.34,-0.79,-2.4428,1.639,1454934,46314329.0,13008065000.0,2800712051.4
2016-08-19,'603698,航天工程,32.34,32.53,32.18,32.3,32.24,0.1,0.3102,1.2104,1074440,34804617.0,13333782000.0,2870840815.92
2016-08-18,'603698,航天工程,32.24,33.27,32.12,33.27,33.27,-1.03,-3.0959,3.568,3167312,103220272.0,13292552000.0,2861963757.12
2016-08-17,'603698,航天工程,33.27,33.9,32.98,33.35,33.48,-0.21,-0.6272,3.0152,2676636,89692062.0,13717221000.0,2953397462.76
2016-08-16,'603698,航天工程,33.48,33.6,33.05,33.37,33.45,0.03,0.0897,3.0887,2741843,91214752.0,13803804000.0,2972039286.24
2016-08-15,'603698,航天工程,33.45,33.96,32.76,33.1,32.82,0.63,1.9196,3.2503,2885349,96442358.0,13791435000.0,2969376168.6
2016-08-12,'603698,航天工程,32.82,32.92,31.9,32.18,32.32,0.5,1.547,1.5301,1358239,44282490.0,13531686000.0,2913450698.16
2016-08-11,'603698,航天工程,32.32,33.45,32.3,33.05,33.29,-0.97,-2.9138,2.1005,1864587,61401064.0,13325536000.0,2869065404.16
2016-08-10,'603698,航天工程,33.29,33.9,33.2,33.8,33.73,-0.44,-1.3045,2.1148,1877282,62799770.0,13725467000.0,2955172874.52
2016-08-09,'603698,航天工程,33.73,34.15,33.35,33.5,34.0,-0.27,-0.7941,2.7652,2454692,82504493.0,13906879000.0,2994231933.24
2016-08-08,'603698,航天工程,34.0,34.01,32.25,32.27,32.24,1.76,5.4591,3.9563,3512021,117014935.0,14018200000.0,3018199992.0
2016-08-05,'603698,航天工程,32.24,32.93,32.11,32.8,32.82,-0.58,-1.7672,1.9165,1701264,55143750.0,13292552000.0,2861963757.12
2016-08-04,'603698,航天工程,32.82,32.98,31.31,31.4,31.59,1.23,3.8936,3.292,2922301,94817829.0,13531686000.0,2913450698.16
2016-08-03,'603698,航天工程,31.59,31.87,30.9,31.1,31.1,0.49,1.5756,2.5182,2235418,70330976.0,13024557000.0,2804262874.92
2016-08-02,'603698,航天工程,31.1,31.57,30.75,30.82,30.74,0.36,1.1711,2.2163,1967418,61157145.0,12822530000.0,2760765286.8
2016-08-01,'603698,航天工程,30.74,32.19,30.5,32.18,32.26,-1.52,-4.7117,3.0731,2727982,84923124.0,12674102000.0,2728807875.12
2016-07-29,'603698,航天工程,32.26,34.1,32.06,33.71,33.98,-1.72,-5.0618,4.6249,4105520,134574448.0,13300798000.0,2863739168.88
2016-07-28,'603698,航天工程,33.98,34.68,33.26,33.44,33.5,0.48,1.4328,5.0307,4465794,151226107.0,14009954000.0,3016424580.24
2016-07-27,'603698,航天工程,33.5,36.18,32.04,35.17,35.25,-1.75,-4.9645,7.7399,6870749,236952660.0,13812050000.0,2973814698.0
2016-07-26,'603698,航天工程,35.25,35.48,34.53,35.19,35.56,-0.31,-0.8718,4.8313,4288775,149901735.0,14533575000.0,3129163227.0
2016-07-25,'603698,航天工程,35.56,36.26,34.06,34.1,34.58,0.98,2.834,8.0693,7163133,254239716.0,14661388000.0,3156682109.28
2016-07-22,'603698,航天工程,34.58,36.2,33.11,33.66,32.99,1.59,4.8196,11.594,10292057,358246516.0,14257334000.0,3069686933.04
2016-07-21,'603698,航天工程,32.99,33.3,32.3,32.3,31.96,1.03,3.2228,4.8079,4268023,140697942.0,13601777000.0,2928541698.12
2016-07-20,'603698,航天工程,31.96,32.28,31.79,31.79,31.97,-0.01,-0.0313,1.8016,1599276,51142649.0,13177108000.0,2837107992.48
2016-07-19,'603698,航天工程,31.97,32.2,31.4,31.41,31.45,0.52,1.6534,3.2115,2850900,90749364.0,13181231000.0,2837995698.36
2016-07-18,'603698,航天工程,31.45,32.8,31.4,32.79,32.72,-1.27,-3.8814,5.6714,5034538,160302905.0,12966835000.0,2791834992.6
2016-07-15,'603698,航天工程,32.72,33.3,32.5,32.6,32.95,-0.23,-0.698,4.6229,4103748,134707123.0,13490456000.0,2904573639.36
2016-07-14,'603698,航天工程,32.95,32.99,31.9,32.05,32.06,0.89,2.776,6.238,5537516,179508663.0,13585285000.0,2924990874.6
2016-07-13,'603698,航天工程,32.06,32.49,31.9,31.91,32.25,-0.19,-0.5891,5.236,4648011,149269442.0,13218338000.0,2845985051.28
2016-07-12,'603698,航天工程,32.25,32.45,31.4,31.99,32.06,0.19,0.5926,6.5247,5792048,184715710.0,13296675000.0,2862851463.0
2016-07-11,'603698,航天工程,32.06,33.06,31.58,31.62,31.22,0.84,2.6906,9.2289,8192591,265961157.0,13218338000.0,2845985051.28
2016-07-08,'603698,航天工程,31.22,31.82,30.9,31.2,31.16,0.06,0.1926,6.9312,6152873,192622335.0,12872006000.0,2771417757.36
2016-07-07,'603698,航天工程,31.16,31.58,30.8,31.2,31.52,-0.36,-1.1421,8.194,7273845,227168670.0,12847268000.0,2766091522.08
2016-07-06,'603698,航天工程,31.52,31.98,30.45,30.98,31.18,0.34,1.0904,8.7207,7741407,241795630.0,12995696000.0,2798048933.76
2016-07-05,'603698,航天工程,31.18,32.5,29.74,29.74,29.63,1.55,5.2312,14.8807,13209655,408695590.0,12855514000.0,2767866933.84
2016-07-04,'603698,航天工程,29.63,30.19,27.78,28.0,28.02,1.61,5.7459,10.943,9714140,283397875.0,12216449000.0,2630272522.44
2016-07-01,'603698,航天工程,28.02,28.26,27.42,27.43,27.44,0.58,2.1137,5.1982,4614450,129215558.0,11552646000.0,2487351875.76
2016-06-30,'603698,航天工程,27.44,27.71,27.25,27.46,27.5,-0.06,-0.2182,2.958,2625849,72087610.0,11313512000.0,2435864934.72
2016-06-29,'603698,航天工程,27.5,28.15,27.46,27.6,27.59,-0.09,-0.3262,4.1276,3664095,101802779.0,11338250000.0,2441191170.0
2016-06-28,'603698,航天工程,27.59,27.6,27.01,27.15,27.26,0.33,1.2106,4.4394,3940870,107884389.0,11375357000.0,2449180522.92
2016-06-27,'603698,航天工程,27.26,27.39,26.3,26.31,26.51,0.75,2.8291,4.1827,3713045,100580060.0,11239298000.0,2419886228.88
2016-06-24,'603698,航天工程,26.51,27.48,25.68,27.25,27.32,-0.81,-2.9649,4.6879,4161496,111078149.0,10930073000.0,2353308287.88
2016-06-23,'603698,航天工程,27.32,27.38,26.64,27.05,26.99,0.33,1.2227,4.3572,3867896,104971833.0,11264036000.0,2425212464.16
2016-06-22,'603698,航天工程,26.99,27.06,26.21,26.4,26.43,0.56,2.1188,2.5871,2296591,61278830.0,11127977000.0,2395918170.12
2016-06-21,'603698,航天工程,26.43,27.3,26.32,26.8,26.73,-0.3,-1.1223,4.1189,3656372,98540008.0,10897089000.0,2346206640.84
2016-06-20,'603698,航天工程,26.73,26.76,26.21,26.55,26.5,0.23,0.8679,2.3333,2071281,54889037.0,11020779000.0,2372837817.24
2016-06-17,'603698,航天工程,26.5,26.8,26.21,26.5,26.46,0.04,0.1512,2.815,2498904,66367254.0,10925950000.0,2352420582.0
2016-06-16,'603698,XD航天工,26.46,26.54,26.03,26.53,26.31,0.15,0.5701,2.5953,2303823,60702210.0,10909458000.0,2348869758.48
2016-06-15,'603698,航天工程,26.53,26.81,25.4,25.61,25.74,0.79,3.0692,2.9021,2576242,67917550.0,10938319000.0,2355083699.64
2016-06-14,'603698,航天工程,25.74,26.08,25.44,25.58,25.72,0.02,0.0778,2.4187,2147073,55221129.0,10612602000.0,2284954935.12
2016-06-13,'603698,航天工程,25.72,27.7,25.63,26.76,27.27,-1.55,-5.6839,5.2336,4645921,124816393.0,10604356000.0,2283179523.36
2016-06-08,'603698,航天工程,27.27,27.68,26.58,26.85,26.9,0.37,1.3755,4.7591,4224669,114625115.0,11243421000.0,2420773934.76
2016-06-07,'603698,航天工程,26.9,26.92,26.5,26.76,26.79,0.11,0.4106,2.7996,2485253,66428620.0,11090870000.0,2387928817.2
2016-06-06,'603698,航天工程,26.79,26.93,26.51,26.78,26.75,0.04,0.1495,3.3474,2971542,79321457.0,11045517000.0,2378164052.52
2016-06-03,'603698,航天工程,26.75,26.88,26.17,26.46,26.45,0.3,1.1342,4.6068,4089461,108429601.0,11029025000.0,2374613229.0
2016-06-02,'603698,航天工程,26.45,26.48,26.08,26.34,26.34,0.11,0.4176,3.1833,2825810,74217948.0,10905335000.0,2347982052.6
2016-06-01,'603698,航天工程,26.34,26.58,26.13,26.19,26.19,0.15,0.5727,3.8441,3412438,89909108.0,10859982000.0,2338217287.92
2016-05-31,'603698,航天工程,26.19,26.29,25.2,25.2,25.14,1.05,4.1766,3.9008,3462723,89693058.0,10798137000.0,2324901699.72
2016-05-30,'603698,航天工程,25.14,25.41,24.82,25.1,25.42,-0.28,-1.1015,1.7966,1594871,40140048.0,10365222000.0,2231692582.32
2016-05-27,'603698,航天工程,25.42,25.86,24.88,24.98,24.93,0.49,1.9655,3.0662,2721891,69113390.0,10480666000.0,2256548346.96
2016-05-26,'603698,航天工程,24.93,25.1,24.36,24.96,24.95,-0.02,-0.0802,1.8239,1619108,39919828.0,10278639000.0,2213050758.84
2016-05-25,'603698,航天工程,24.95,25.43,24.81,25.18,24.87,0.08,0.3217,1.6484,1463286,36811096.0,10286885000.0,2214826170.6
2016-05-24,'603698,航天工程,24.87,25.5,24.76,25.5,25.52,-0.65,-2.547,2.0056,1780421,44528122.0,10253901000.0,2207724523.56
2016-05-23,'603698,航天工程,25.52,25.57,25.03,25.14,25.26,0.26,1.0293,2.1913,1945213,49427100.0,10521896000.0,2265425405.76
2016-05-20,'603698,航天工程,25.26,25.47,24.07,24.38,24.67,0.59,2.3916,2.6228,2328310,58092003.0,10414698000.0,2242345052.88
2016-05-19,'603698,航天工程,24.67,25.25,24.51,24.63,24.63,0.04,0.1624,1.857,1648472,41085481.0,10171441000.0,2189970405.96
2016-05-18,'603698,航天工程,24.63,25.8,24.11,25.7,25.93,-1.3,-5.0135,3.312,2940069,73357507.0,10154949000.0,2186419582.44
2016-05-17,'603698,航天工程,25.93,26.11,25.63,25.8,25.77,0.16,0.6209,2.5831,2293018,59319859.0,10690939000.0,2301821346.84
2016-05-16,'603698,航天工程,25.77,25.79,25.09,25.48,25.49,0.28,1.0985,2.1264,1887646,48193205.0,10624971000.0,2287618052.76
2016-05-13,'603698,航天工程,25.49,25.9,25.3,25.69,25.71,-0.22,-0.8557,2.2096,1961511,50207228.0,10509527000.0,2262762288.12
2016-05-12,'603698,航天工程,25.71,25.75,24.85,25.2,25.59,0.12,0.4689,3.082,2735915,69178551.0,10600233000.0,2282291817.48
2016-05-11,'603698,航天工程,25.59,26.55,25.53,26.43,26.07,-0.48,-1.8412,3.1451,2791964,72184958.0,10550757000.0,2271639346.92
2016-05-10,'603698,航天工程,26.07,26.68,25.81,26.47,26.36,-0.29,-1.1002,2.9662,2633120,69301452.0,10748661000.0,2314249229.16
2016-05-09,'603698,航天工程,26.36,28.0,26.14,28.0,28.01,-1.65,-5.8908,5.5431,4920605,132653758.0,10868228000.0,2339992699.68
2016-05-06,'603698,航天工程,28.01,30.3,27.91,30.1,30.21,-2.2,-7.2824,8.5378,7579029,221188770.0,11548523000.0,2486464169.88
2016-05-05,'603698,航天工程,30.21,30.24,29.38,29.56,29.53,0.68,2.3027,7.8944,7007891,209761588.0,12455583000.0,2681759463.48
2016-05-04,'603698,航天工程,29.53,29.97,29.33,29.56,29.83,-0.3,-1.0057,4.6459,4124219,121899075.0,12175219000.0,2621395463.64
2016-05-03,'603698,航天工程,29.83,29.86,28.53,29.25,29.06,0.77,2.6497,6.0722,5390362,158247685.0,12298909000.0,2648026640.04
2016-04-29,'603698,航天工程,29.06,29.61,29.01,29.15,29.27,-0.21,-0.7175,4.3948,3901250,114437535.0,11981438000.0,2579673287.28
2016-04-28,'603698,航天工程,29.27,30.1,28.68,29.33,29.74,-0.47,-1.5804,7.3048,6484525,190429299.0,12068021000.0,2598315110.76
2016-04-27,'603698,航天工程,29.74,30.16,29.51,30.0,30.77,-1.03,-3.3474,11.1722,9917630,295839673.0,12261802000.0,2640037287.12
2016-04-26,'603698,航天工程,30.77,31.01,27.95,27.95,28.19,2.58,9.1522,16.0014,14204514,428363049.0,12686471000.0,2731470992.76
2016-04-25,'603698,航天工程,28.19,28.5,27.5,28.19,28.2,-0.01,-0.0355,3.0927,2745411,76905284.0,11622737000.0,2502442875.72
2016-04-22,'603698,航天工程,28.2,28.3,27.71,27.75,27.76,0.44,1.585,3.5895,3186464,89358400.0,11626860000.0,2503330581.6
2016-04-21,'603698,航天工程,27.76,28.6,27.72,28.0,28.34,-0.58,-2.0466,4.0292,3576747,100536311.0,11445448000.0,2464271522.88
2016-04-20,'603698,航天工程,28.34,30.3,27.5,29.68,29.9,-1.56,-5.2174,8.7372,7756060,225005464.0,11684582000.0,2515758463.92
2016-04-19,'603698,航天工程,29.9,30.45,28.66,28.98,28.87,1.03,3.5677,6.384,5667115,166515330.0,12327770000.0,2654240581.2
2016-04-18,'603698,航天工程,28.87,29.25,28.55,29.01,29.55,-0.68,-2.3012,3.9254,3484572,100458098.0,11903101000.0,2562806875.56
2016-04-15,'603698,航天工程,29.55,29.99,29.24,29.35,29.25,0.3,1.0256,6.4331,5710719,169214616.0,12183465000.0,2623170875.4
2016-04-14,'603698,航天工程,29.25,29.28,28.75,29.05,28.92,0.33,1.1411,4.2651,3786146,109985651.0,12059775000.0,2596539699.0
2016-04-13,'603698,航天工程,28.92,29.48,28.45,28.53,28.3,0.62,2.1908,6.8594,6089103,177033128.0,11923716000.0,2567245404.96
2016-04-12,'603698,航天工程,28.3,28.82,28.0,28.82,28.83,-0.53,-1.8384,3.7057,3289547,93013292.0,11668090000.0,2512207640.4
2016-04-11,'603698,航天工程,28.83,29.13,28.5,28.7,27.94,0.89,3.1854,4.9349,4380773,126168501.0,11886609000.0,2559256052.04
2016-04-08,'603698,航天工程,27.94,28.49,27.52,28.49,29.02,-1.08,-3.7216,7.0557,6263371,174753184.0,11519662000.0,2480250228.72
2016-04-07,'603698,航天工程,29.02,30.45,29.0,30.11,29.98,-0.96,-3.2021,5.2915,4697295,138574799.0,11964946000.0,2576122463.76
2016-04-06,'603698,航天工程,29.98,30.39,29.3,29.7,29.81,0.17,0.5703,7.3572,6531074,195134002.0,12360754000.0,2661342228.24
2016-04-05,'603698,航天工程,29.81,29.98,29.13,29.21,28.98,0.83,2.864,5.9982,5324676,158081951.0,12290663000.0,2646251228.28
2016-04-01,'603698,航天工程,28.98,29.45,28.31,29.35,29.6,-0.62,-2.0946,4.5477,4037026,116782162.0,11948454000.0,2572571640.24
2016-03-31,'603698,航天工程,29.6,29.82,29.11,29.22,29.15,0.45,1.5437,6.7085,5955213,175680581.0,12204080000.0,2627609404.8
2016-03-30,'603698,航天工程,29.15,29.18,28.21,28.5,28.03,1.12,3.9957,5.5795,4952968,142134573.0,12018545000.0,2587662640.2
2016-03-29,'603698,航天工程,28.03,29.12,27.65,28.85,29.12,-1.09,-3.7431,6.359,5644935,159227523.0,11556769000.0,2488239581.64
2016-03-28,'603698,航天工程,29.12,30.7,29.07,30.01,30.06,-0.94,-3.1271,7.664,6803363,203230220.0,12006176000.0,2584999522.56
2016-03-25,'603698,航天工程,30.06,30.3,28.5,28.92,28.88,1.18,4.0859,7.233,6420805,187813181.0,12393738000.0,2668443875.28
2016-03-24,'603698,航天工程,28.88,29.88,28.68,28.81,29.31,-0.43,-1.4671,7.3987,6567833,192414212.0,11907224000.0,2563694581.44
2016-03-23,'603698,航天工程,29.31,29.53,28.8,29.02,29.6,-0.29,-0.9797,7.2595,6444282,187473337.0,12084513000.0,2601865934.28
2016-03-22,'603698,航天工程,29.6,30.9,28.89,29.15,29.6,0.0,0.0,10.8517,9633151,289068115.0,12204080000.0,2627609404.8
2016-03-21,'603698,航天工程,29.6,29.63,28.65,29.23,29.19,0.41,1.4046,12.197,10827311,316211458.0,12204080000.0,2627609404.8
2016-03-18,'603698,航天工程,29.19,29.99,28.28,28.88,28.88,0.31,1.0734,15.3418,13618964,398468647.0,12035037000.0,2591213463.72
2016-03-17,'603698,航天工程,28.88,29.0,26.8,27.2,26.78,2.1,7.8417,13.8136,12262408,341479481.0,11907224000.0,2563694581.44
2016-03-16,'603698,航天工程,26.78,27.75,26.62,27.6,27.57,-0.79,-2.8654,8.3747,7434310,201409506.0,11041394000.0,2377276346.64
2016-03-15,'603698,航天工程,27.57,28.4,27.21,27.68,28.58,-1.01,-3.5339,13.1056,11633912,321797948.0,11367111000.0,2447405111.16
2016-03-14,'603698,航天工程,28.58,29.0,27.2,27.2,26.44,2.14,8.0938,23.728,21063448,588872191.0,11783534000.0,2537063405.04
2016-03-11,'603698,航天工程,26.44,26.44,23.93,24.01,24.04,2.4,9.9834,13.1376,11662351,306931794.0,10901212000.0,2347094346.72
2016-03-10,'603698,航天工程,24.04,25.02,23.99,25.0,24.75,-0.71,-2.8687,2.1673,1923881,47222248.0,9911692000.0,2134044935.52
2016-03-09,'603698,航天工程,24.75,25.18,23.45,24.0,24.5,0.25,1.0204,3.1396,2787082,68880975.0,10204425000.0,2197072053.0
2016-03-08,'603698,航天工程,24.5,24.75,23.52,24.71,24.68,-0.18,-0.7293,2.4045,2134505,51274712.0,10101350000.0,2174879406.0
2016-03-07,'603698,航天工程,24.68,24.88,24.28,24.3,24.2,0.48,1.9835,2.0118,1785913,44090167.0,10175564000.0,2190858111.84
2016-03-04,'603698,航天工程,24.2,25.27,23.69,25.13,25.15,-0.95,-3.7773,2.8381,2519391,61931679.0,9977660000.0,2148248229.6
2016-03-03,'603698,航天工程,25.15,25.66,25.05,25.26,25.24,-0.09,-0.3566,3.2902,2920696,74001881.0,10369345000.0,2232580288.2
2016-03-02,'603698,航天工程,25.24,25.55,23.5,23.65,23.67,1.57,6.6329,3.4197,3035649,74213308.0,10406452000.0,2240569641.12
2016-03-01,'603698,航天工程,23.67,23.94,22.86,23.0,22.83,0.84,3.6794,2.1833,1938116,45360157.0,9759141000.0,2101199817.96
2016-02-29,'603698,航天工程,22.83,24.15,22.4,23.81,23.78,-0.95,-3.995,2.9443,2613713,60219481.0,9412809000.0,2026632524.04
2016-02-26,'603698,航天工程,23.78,24.0,23.32,23.88,23.51,0.27,1.1484,1.8981,1684925,40003048.0,9804494000.0,2110964582.64
2016-02-25,'603698,航天工程,23.51,26.08,23.47,26.08,26.08,-2.57,-9.8543,3.8489,3416685,84154577.0,9693173000.0,2086996523.88
2016-02-24,'603698,航天工程,26.08,26.25,25.53,25.75,25.82,0.26,1.007,2.7081,2403957,62365685.0,10752784000.0,2315136935.04
2016-02-23,'603698,航天工程,25.82,26.67,25.71,26.45,26.45,-0.63,-2.3819,2.4192,2147563,56082400.0,10645586000.0,2292056582.16
2016-02-22,'603698,航天工程,26.45,26.55,26.1,26.48,25.97,0.48,1.8483,2.5591,2271697,59896320.0,10905335000.0,2347982052.6
2016-02-19,'603698,航天工程,25.97,26.2,25.65,25.83,25.79,0.18,0.6979,1.9713,1749964,45305243.0,10707431000.0,2305372170.36
2016-02-18,'603698,航天工程,25.79,26.28,25.65,25.85,26.01,-0.22,-0.8458,2.6224,2327879,60374776.0,10633217000.0,2289393464.52
2016-02-17,'603698,航天工程,26.01,26.5,25.16,25.37,25.37,0.64,2.5227,3.4698,3080127,80067945.0,10723923000.0,2308922993.88
2016-02-16,'603698,航天工程,25.37,25.47,24.33,24.33,24.18,1.19,4.9214,2.6744,2374098,59681064.0,10460051000.0,2252109817.56
2016-02-15,'603698,航天工程,24.18,24.56,23.4,23.4,24.62,-0.44,-1.7872,1.2967,1151053,27661067.0,9969414000.0,2146472817.84
2016-02-05,'603698,航天工程,24.62,25.05,24.6,24.81,24.93,-0.31,-1.2435,1.71,1517949,37647595.0,10150826000.0,2185531876.56
2016-02-04,'603698,航天工程,24.93,25.01,24.14,24.4,24.21,0.72,2.974,2.6399,2343460,57975837.0,10278639000.0,2213050758.84
2016-02-03,'603698,航天工程,24.21,24.35,23.53,23.85,24.23,-0.02,-0.0825,1.9266,1710252,40865859.0,9981783000.0,2149135935.48
2016-02-02,'603698,航天工程,24.23,24.39,23.25,23.25,23.27,0.96,4.1255,2.1032,1866999,44999324.0,9990029000.0,2150911347.24
2016-02-01,'603698,航天工程,23.27,23.57,22.9,23.5,23.42,-0.15,-0.6405,1.4108,1252400,29164919.0,9594221000.0,2065691582.76
2016-01-29,'603698,航天工程,23.42,23.83,22.5,22.6,22.44,0.98,4.3672,2.1462,1905174,44130807.0,9656066000.0,2079007170.96
2016-01-28,'603698,航天工程,22.44,23.78,22.38,23.21,23.63,-1.19,-5.036,1.6258,1443270,33437584.0,9252012000.0,1992011994.72
2016-01-27,'603698,航天工程,23.63,24.21,22.32,23.9,23.82,-0.19,-0.7976,2.8386,2336155,54470599.0,9742649000.0,1944749000.0
2016-01-26,'603698,航天工程,23.82,25.85,23.69,25.85,25.9,-2.08,-8.0309,2.9309,2412100,59843837.0,9820986000.0,1960386000.0
2016-01-25,'603698,航天工程,25.9,26.2,25.61,25.88,25.61,0.29,1.1324,1.7606,1448955,37570130.0,10678570000.0,2131570000.0
2016-01-22,'603698,航天工程,25.61,26.0,24.6,25.71,25.3,0.31,1.2253,2.3089,1900195,48308274.0,10559003000.0,2107703000.0
2016-01-21,'603698,航天工程,25.3,27.06,25.3,25.86,26.59,-1.29,-4.8514,3.0781,2533301,66238330.0,10431190000.0,2082190000.0
2016-01-20,'603698,航天工程,26.59,27.25,26.4,26.74,27.15,-0.56,-2.0626,3.2623,2684847,71975110.0,10963057000.0,2188357000.0
2016-01-19,'603698,航天工程,27.15,27.49,25.91,26.28,26.24,0.91,3.468,3.7667,3099986,82753541.0,11193945000.0,2234445000.0
2016-01-18,'603698,航天工程,26.24,26.66,24.75,25.01,25.74,0.5,1.9425,3.2646,2686728,70205733.0,10818752000.0,2159552000.0
2016-01-15,'603698,航天工程,25.74,26.68,25.1,25.9,25.97,-0.23,-0.8856,3.614,2974311,77453851.0,10612602000.0,2118402000.0
2016-01-14,'603698,航天工程,25.97,26.09,23.81,24.01,24.89,1.08,4.3391,3.1813,2618213,65959021.0,10707431000.0,2137331000.0
2016-01-13,'603698,航天工程,24.89,26.57,24.8,26.35,26.12,-1.23,-4.709,2.6964,2219112,57573624.0,10262147000.0,2048447000.0
2016-01-12,'603698,航天工程,26.12,26.48,25.36,26.07,25.89,0.23,0.8884,2.5171,2071563,53833860.0,10769276000.0,2149676000.0
2016-01-11,'603698,航天工程,25.89,28.0,25.89,27.92,28.77,-2.88,-10.0104,5.2013,4280676,114469832.0,10674447000.0,2130747000.0
2016-01-08,'603698,航天工程,28.77,29.9,27.0,29.45,28.5,0.27,0.9474,3.817,3141356,90744724.0,11861871000.0,2367771000.0
2016-01-07,'603698,航天工程,28.5,31.32,28.49,31.32,31.66,-3.16,-9.981,1.297,1067400,31402430.0,11750550000.0,2345550000.0
2016-01-06,'603698,航天工程,31.66,31.84,30.61,31.05,31.02,0.64,2.0632,3.9731,3269830,102495463.0,13053418000.0,2605618000.0
2016-01-05,'603698,航天工程,31.02,32.6,29.5,30.0,32.02,-1.0,-3.123,6.1363,5050136,157284383.0,12789546000.0,2552946000.0
2016-01-04,'603698,航天工程,32.02,36.32,31.6,35.97,35.05,-3.03,-8.6448,5.3334,4389396,153641469.0,13201846000.0,2635246000.0
2015-12-31,'603698,航天工程,35.05,36.15,35.01,35.43,35.43,-0.38,-1.0725,4.6073,3791813,134995249.0,14451115000.0,2884615000.0
2015-12-30,'603698,航天工程,35.43,35.5,34.5,34.63,34.71,0.72,2.0743,4.3113,3548239,124608048.0,14607789000.0,2915889000.0
2015-12-29,'603698,航天工程,34.71,34.8,33.68,34.36,34.49,0.22,0.6379,2.9201,2403225,82026528.0,14310933000.0,2856633000.0
2015-12-28,'603698,航天工程,34.49,35.6,34.45,34.84,34.72,-0.23,-0.6624,4.3994,3620729,127014523.0,14220227000.0,2838527000.0
2015-12-25,'603698,航天工程,34.72,34.9,34.4,34.43,34.46,0.26,0.7545,2.5128,2067994,71754990.0,14315056000.0,2857456000.0
2015-12-24,'603698,航天工程,34.46,35.08,34.0,35.0,35.09,-0.63,-1.7954,3.5288,2904242,99807842.0,14207858000.0,2836058000.0
2015-12-23,'603698,航天工程,35.09,35.94,35.0,35.6,35.69,-0.6,-1.6811,5.11,4205497,149208416.0,14467607000.0,2887907000.0
2015-12-22,'603698,航天工程,35.69,35.7,35.27,35.6,35.36,0.33,0.9333,3.6658,3016964,107224682.0,14714987000.0,2937287000.0
2015-12-21,'603698,航天工程,35.36,35.59,35.1,35.35,35.26,0.1,0.2836,3.3546,2760820,97489747.0,14578928000.0,2910128000.0
2015-12-18,'603698,航天工程,35.26,36.22,35.05,35.6,35.88,-0.62,-1.728,4.4756,3683403,131028307.0,14537698000.0,2901898000.0
2015-12-17,'603698,航天工程,35.88,35.99,34.87,34.98,34.74,1.14,3.2815,5.8169,4787298,169635749.0,14793324000.0,2952924000.0
2015-12-16,'603698,航天工程,34.74,35.19,34.51,34.65,34.59,0.15,0.4337,3.6803,3028857,105626875.0,14323302000.0,2859102000.0
2015-12-15,'603698,航天工程,34.59,34.68,34.31,34.31,34.27,0.32,0.9338,3.2787,2698393,93120181.0,14261457000.0,2846757000.0
2015-12-14,'603698,航天工程,34.27,34.29,32.81,33.21,33.42,0.85,2.5434,3.3236,2735331,91759574.0,14129521000.0,2820421000.0
2015-12-11,'603698,航天工程,33.42,33.65,33.09,33.41,33.29,0.13,0.3905,2.3567,1939587,64686618.0,13779066000.0,2750466000.0
2015-12-10,'603698,航天工程,33.29,33.68,33.08,33.35,33.31,-0.02,-0.06,3.171,2609715,86996435.0,13725467000.0,2739767000.0
2015-12-09,'603698,航天工程,33.31,33.89,32.91,33.55,33.9,-0.59,-1.7404,3.7906,3119701,104310310.0,13733713000.0,2741413000.0
2015-12-08,'603698,航天工程,33.9,34.98,33.8,34.98,35.07,-1.17,-3.3362,3.5815,2947538,101272130.0,13976970000.0,2789970000.0
2015-12-07,'603698,航天工程,35.07,35.16,34.55,34.85,34.85,0.22,0.6313,3.3504,2757391,96255173.0,14459361000.0,2886261000.0
2015-12-04,'603698,航天工程,34.85,35.55,34.52,35.18,35.13,-0.28,-0.797,4.9468,4071225,143064805.0,14368655000.0,2868155000.0
2015-12-03,'603698,航天工程,35.13,35.17,34.49,34.56,34.35,0.78,2.2707,3.9949,3287765,114866723.0,14484099000.0,2891199000.0
2015-12-02,'603698,航天工程,34.35,35.1,33.1,34.67,35.08,-0.73,-2.081,4.3488,3579040,121418405.0,14162505000.0,2827005000.0
2015-12-01,'603698,航天工程,35.08,35.85,34.5,35.0,34.93,0.15,0.4294,5.5635,4578783,161321710.0,14463484000.0,2887084000.0
2015-11-30,'603698,航天工程,34.93,35.85,32.52,35.3,35.73,-0.8,-2.239,8.4697,6970562,240212698.0,14401639000.0,2874739000.0
2015-11-27,'603698,航天工程,35.73,39.34,35.3,39.0,39.14,-3.41,-8.7123,10.3159,8489993,318269839.0,14731479000.0,2940579000.0
2015-11-26,'603698,航天工程,39.14,40.22,38.99,39.4,39.6,-0.46,-1.1616,10.1116,8321873,329884773.0,16137422000.0,3221222000.0
2015-11-25,'603698,航天工程,39.6,40.9,38.91,40.27,39.45,0.15,0.3802,9.8547,8110412,321113845.0,16327080000.0,3259080000.0
2015-11-24,'603698,航天工程,39.45,39.52,37.5,38.01,38.2,1.25,3.2723,9.4022,7738046,298406473.0,16265235000.0,3246735000.0
2015-11-23,'603698,航天工程,38.2,38.85,37.51,37.88,37.91,0.29,0.765,8.5307,7020777,268698371.0,15749860000.0,3143860000.0
2015-11-20,'603698,航天工程,37.91,38.76,37.31,37.5,37.31,0.6,1.6081,7.9371,6532246,248804497.0,15630293000.0,3119993000.0
2015-11-19,'603698,航天工程,37.31,37.44,36.3,36.3,36.19,1.12,3.0948,5.7768,4754283,174922227.0,15382913000.0,3070613000.0
2015-11-18,'603698,航天工程,36.19,38.38,36.0,38.0,38.14,-1.95,-5.1127,6.6189,5447341,202979774.0,14921137000.0,2978437000.0
2015-11-17,'603698,航天工程,38.14,39.57,37.95,38.5,37.94,0.2,0.5271,10.5321,8667933,334579173.0,15725122000.0,3138922000.0
2015-11-16,'603698,航天工程,37.94,37.98,36.56,36.81,37.73,0.21,0.5566,7.1974,5923484,221573475.0,15642662000.0,3122462000.0
2015-11-13,'603698,航天工程,37.73,40.3,37.03,40.3,40.72,-2.99,-7.3428,13.4386,11059969,427934351.0,15556079000.0,3105179000.0
2015-11-12,'603698,航天工程,40.72,41.51,39.0,39.3,39.33,1.39,3.5342,16.3093,13422546,542680450.0,16788856000.0,3351256000.0
2015-11-11,'603698,航天工程,39.33,39.64,37.03,37.62,37.22,2.11,5.669,14.9875,12334695,470824744.0,16215759000.0,3236859000.0
2015-11-10,'603698,航天工程,37.22,38.23,36.96,37.32,37.81,-0.59,-1.5604,10.0495,8270736,310536944.0,15345806000.0,3063206000.0
2015-11-09,'603698,航天工程,37.81,38.6,36.2,36.93,37.59,0.22,0.5853,14.1576,11651740,437872142.0,15589063000.0,3111763000.0
2015-11-06,'603698,航天工程,37.59,38.58,36.31,36.55,36.35,1.24,3.4113,14.4051,11855395,441931697.0,15498357000.0,3093657000.0
2015-11-05,'603698,航天工程,36.35,37.7,36.0,37.0,37.27,-0.92,-2.4685,14.9454,12300099,452021780.0,14987105000.0,2991605000.0
2015-11-04,'603698,航天工程,37.27,37.5,35.1,36.5,36.06,1.21,3.3555,16.5653,13633205,495714466.0,15366421000.0,3067321000.0
2015-11-03,'603698,航天工程,36.06,37.4,34.75,35.31,35.64,0.42,1.1785,16.7857,13814637,499201670.0,14867538000.0,2967738000.0
2015-11-02,'603698,航天工程,35.64,37.78,33.86,34.0,34.76,0.88,2.5316,23.789,19578314,706634775.0,14694372000.0,2933172000.0
2015-10-30,'603698,航天工程,34.76,34.76,30.5,31.47,31.6,3.16,10.0,20.2693,16681611,565725822.0,14331548000.0,2860748000.0
2015-10-29,'603698,航天工程,31.6,32.3,30.82,31.95,31.74,-0.14,-0.4411,9.2498,7612592,240685082.0,13028680000.0,2600680000.0
2015-10-28,'603698,航天工程,31.74,33.4,31.52,32.8,33.97,-2.23,-6.5646,13.4258,11049393,359674388.0,13086402000.0,2612202000.0
2015-10-27,'603698,航天工程,33.97,34.2,30.6,31.01,31.27,2.7,8.6345,15.7236,12940498,418978230.0,14005831000.0,2795731000.0
2015-10-26,'603698,航天工程,31.27,32.1,30.76,31.24,30.75,0.52,1.6911,8.0131,6594795,206543127.0,12892621000.0,2573521000.0
2015-10-23,'603698,航天工程,30.75,30.92,29.8,30.09,29.77,0.98,3.2919,7.0652,5814651,177232964.0,12678225000.0,2530725000.0
2015-10-22,'603698,航天工程,29.77,30.01,28.8,29.1,28.94,0.83,2.868,6.426,5288603,156140185.0,12274171000.0,2450071000.0
2015-10-21,'603698,航天工程,28.94,32.15,28.94,32.15,32.15,-3.21,-9.9844,10.3999,8559138,260399004.0,11931962000.0,2381762000.0
2015-10-20,'603698,航天工程,32.15,32.21,30.65,30.75,30.85,1.3,4.2139,10.0583,8277975,261397448.0,13255445000.0,2645945000.0
2015-10-19,'603698,航天工程,30.85,32.0,30.2,31.6,31.4,-0.55,-1.7516,9.0694,7464081,231992512.0,12719455000.0,2538955000.0
2015-10-16,'603698,航天工程,31.4,31.47,30.31,30.79,30.6,0.8,2.6144,11.5592,9513260,293846955.0,12946220000.0,2584220000.0
2015-10-15,'603698,航天工程,30.6,30.68,29.01,29.16,29.44,1.16,3.9402,9.3791,7718972,231746898.0,12616380000.0,2518380000.0
2015-10-14,'603698,航天工程,29.44,30.69,29.41,30.2,30.16,-0.72,-2.3873,7.4176,6104721,183564122.0,12138112000.0,2422912000.0
2015-10-13,'603698,航天工程,30.16,30.24,29.65,29.65,30.57,-0.41,-1.3412,10.5693,8698542,260703624.0,12434968000.0,2482168000.0
2015-10-12,'603698,航天工程,30.57,31.38,29.64,29.9,29.65,0.92,3.1029,19.2314,15827404,478217179.0,12604011000.0,2515911000.0
2015-10-09,'603698,航天工程,29.65,30.55,29.0,29.49,29.41,0.24,0.816,7.2335,5953208,177357717.0,12224695000.0,2440195000.0
2015-10-08,'603698,航天工程,29.41,30.1,28.98,29.6,28.43,0.98,3.4471,8.8441,7278707,216199595.0,12125743000.0,2420443000.0
2015-09-30,'603698,航天工程,28.43,29.35,27.13,27.3,27.49,0.94,3.4194,9.7649,8036475,226651914.0,11721689000.0,2339789000.0
2015-09-29,'603698,航天工程,27.49,28.24,25.66,25.8,26.35,1.14,4.3264,8.9151,7337133,200555599.0,11334127000.0,2262427000.0
2015-09-28,'603698,航天工程,26.35,26.38,25.3,25.75,25.65,0.7,2.729,3.1832,2619796,68015438.0,10864105000.0,2168605000.0
2015-09-25,'603698,航天工程,25.65,27.37,25.33,27.0,27.16,-1.51,-5.5596,4.7792,3933319,103176998.0,10575495000.0,2110995000.0
2015-09-24,'603698,航天工程,27.16,27.8,26.84,26.9,26.71,0.45,1.6848,4.7555,3913795,106619507.0,11198068000.0,2235268000.0
2015-09-23,'603698,航天工程,26.71,27.28,26.22,26.7,27.34,-0.63,-2.3043,5.8124,4783604,127775503.0,11012533000.0,2198233000.0
2015-09-22,'603698,航天工程,27.34,28.33,26.85,27.0,26.86,0.48,1.787,7.6266,6276716,172976498.0,11272282000.0,2250082000.0
2015-09-21,'603698,航天工程,26.86,26.88,24.61,24.9,25.07,1.79,7.14,6.6656,5485774,143512890.0,11074378000.0,2210578000.0
2015-09-18,'603698,航天工程,25.07,25.38,24.5,24.5,24.38,0.69,2.8302,4.3703,3596740,89729370.0,10336361000.0,2063261000.0
2015-09-17,'603698,航天工程,24.38,26.43,24.35,25.2,25.3,-0.92,-3.6364,6.915,5691019,145376336.0,10051874000.0,2006474000.0
2015-09-16,'603698,航天工程,25.3,25.3,23.16,23.16,23.0,2.3,10.0,5.8336,4801057,116197821.0,10431190000.0,2082190000.0
2015-09-15,'603698,航天工程,23.0,25.36,23.0,24.5,25.56,-2.56,-10.0156,5.7456,4728637,112757706.0,9482900000.0,1892900000.0
2015-09-14,'603698,航天工程,25.56,29.28,25.56,28.91,28.4,-2.84,-10.0,6.4683,5323421,143329220.0,10538388000.0,2103588000.0
2015-09-11,'603698,航天工程,28.4,29.4,27.86,28.45,28.79,-0.39,-1.3546,6.0839,5007073,142708429.0,11709320000.0,2337320000.0
2015-09-10,'603698,航天工程,28.79,29.96,27.68,28.09,28.89,-0.1,-0.3461,8.4293,6937301,202436156.0,11870117000.0,2369417000.0
2015-09-09,'603698,航天工程,28.89,29.34,27.75,28.02,27.65,1.24,4.4846,9.3758,7716290,220110159.0,11911347000.0,2377647000.0
2015-09-08,'603698,航天工程,27.65,27.94,25.83,26.38,26.25,1.4,5.3333,6.5281,5372652,143255840.0,11400095000.0,2275595000.0
2015-09-07,'603698,航天工程,26.25,27.48,25.8,26.35,26.09,0.16,0.6133,8.6983,7158728,191050925.0,10822875000.0,2160375000.0
2015-09-02,'603698,航天工程,26.09,29.8,26.09,26.15,28.99,-2.9,-10.0034,14.8694,12237487,326350153.0,10756907000.0,2147207000.0
2015-09-01,'603698,航天工程,28.99,31.06,28.99,31.06,32.21,-3.22,-9.9969,4.7749,3929731,115807093.0,11952577000.0,2385877000.0
2015-08-31,'603698,航天工程,32.21,34.49,32.12,34.03,33.94,-1.73,-5.0972,6.732,5540462,184134744.0,13280183000.0,2650883000.0
2015-08-28,'603698,航天工程,33.94,33.94,30.0,31.11,30.85,3.09,10.0162,10.1664,8366951,271620271.0,13993462000.0,2793262000.0
2015-08-27,'603698,航天工程,30.85,31.14,25.73,28.88,28.31,2.54,8.9721,10.7793,8871336,255446935.0,12719455000.0,2538955000.0
2015-08-26,'603698,航天工程,28.31,32.29,28.31,30.0,31.45,-3.14,-9.9841,10.8652,8942044,264209440.0,11672213000.0,2329913000.0
2015-08-25,'603698,航天工程,31.45,31.95,31.45,31.45,34.94,-3.49,-9.9886,3.2242,2653510,83515962.0,12966835000.0,2588335000.0
2015-08-24,'603698,航天工程,34.94,37.5,34.94,37.0,38.82,-3.88,-9.9948,3.6707,3020950,106911939.0,14405762000.0,2875562000.0
2015-08-21,'603698,航天工程,38.82,41.43,36.99,39.9,40.95,-2.13,-5.2015,6.7981,5594877,219248235.0,16005486000.0,3194886000.0
2015-08-20,'603698,航天工程,40.95,43.86,40.2,41.7,42.44,-1.49,-3.5108,9.2642,7624428,319991057.0,16883685000.0,3370185000.0
2015-08-19,'603698,航天工程,42.44,43.5,38.05,39.0,41.39,1.05,2.5368,10.785,8876070,359955580.0,17498012000.0,3492812000.0
2015-08-18,'603698,航天工程,41.39,46.89,41.39,46.24,45.99,-4.6,-10.0022,10.5759,8703963,378173879.0,17065097000.0,3406397000.0
2015-08-17,'603698,航天工程,45.99,48.0,45.5,46.2,47.66,-1.67,-3.504,11.8785,9776001,457528296.0,18961677000.0,3784977000.0
2015-08-14,'603698,航天工程,47.66,48.07,44.08,45.5,45.57,2.09,4.5864,11.0884,9125792,410241084.0,19650218000.0,3922418000.0
2015-08-13,'603698,航天工程,45.57,46.3,43.02,43.07,44.96,0.61,1.3568,15.5008,12757191,571796753.0,18788511000.0,3750411000.0
2015-08-12,'603698,航天工程,44.96,46.33,41.03,42.0,42.12,2.84,6.7426,21.3874,17601812,793103964.0,18537008000.0,3700208000.0
2015-08-11,'603698,航天工程,42.12,42.8,39.19,39.25,40.0,2.12,5.3,13.95,11480877,466657291.0,17366076000.0,3466476000.0
2015-08-10,'603698,航天工程,40.0,40.8,37.8,38.0,37.7,2.3,6.1008,11.0889,9126133,360777054.0,16492000000.0,3292000000.0
2015-08-07,'603698,航天工程,37.7,37.78,36.88,36.88,36.53,1.17,3.2028,7.4118,6099872,228631994.0,15543710000.0,3102710000.0
2015-08-06,'603698,航天工程,36.53,37.58,34.0,35.0,36.36,0.17,0.4675,6.0407,4971467,181849335.0,15061319000.0,3006419000.0
2015-08-05,'603698,航天工程,36.36,37.98,35.78,36.21,36.21,0.15,0.4143,8.5422,7030194,258783054.0,14991228000.0,2992428000.0
2015-08-04,'603698,航天工程,36.21,36.21,33.15,33.2,32.92,3.29,9.9939,7.1382,5874774,204197241.0,14929383000.0,2980083000.0
2015-08-03,'603698,航天工程,32.92,36.46,32.91,36.0,36.57,-3.65,-9.9809,6.8799,5662198,192650291.0,13572916000.0,2709316000.0
2015-07-31,'603698,航天工程,36.57,38.18,36.0,36.5,37.33,-0.76,-2.0359,7.7053,6341460,234360258.0,15077811000.0,3009711000.0
2015-07-30,'603698,航天工程,37.33,39.08,35.8,36.6,36.38,0.95,2.6113,11.9096,9801620,372686932.0,15391159000.0,3072259000.0
2015-07-29,'603698,航天工程,36.38,36.38,32.8,33.84,33.07,3.31,10.0091,7.7144,6348916,217495439.0,14999474000.0,2994074000.0
2015-07-28,'603698,航天工程,33.07,36.49,31.82,33.3,35.36,-2.29,-6.4762,9.0624,7458359,248072939.0,13634761000.0,2721661000.0
2015-07-27,'603698,航天工程,35.36,40.0,35.36,38.0,39.29,-3.93,-10.0025,8.8626,7293936,277416543.0,14578928000.0,2910128000.0
2015-07-24,'603698,航天工程,39.29,41.5,38.77,40.17,40.03,-0.74,-1.8486,11.6283,9570051,386044207.0,16199267000.0,3233567000.0
2015-07-23,'603698,航天工程,40.03,40.88,37.5,37.6,38.06,1.97,5.176,10.2347,8423189,330850862.0,16504369000.0,3294469000.0
2015-07-22,'603698,航天工程,38.06,39.4,37.0,37.09,37.28,0.78,2.0923,8.3081,6837575,261259168.0,15692138000.0,3132338000.0
2015-07-21,'603698,航天工程,37.28,38.49,36.0,37.0,38.08,-0.8,-2.1008,8.2391,6780800,252723954.0,15370544000.0,3068144000.0
2015-07-20,'603698,航天工程,38.08,39.46,36.7,37.48,36.73,1.35,3.6755,12.73,10476781,400129970.0,15700384000.0,3133984000.0
2015-07-17,'603698,航天工程,36.73,36.73,33.5,34.0,33.39,3.34,10.003,11.6562,9593086,345727769.0,15143779000.0,3022879000.0
2015-07-16,'603698,航天工程,33.39,34.87,29.31,32.44,32.45,0.94,2.8968,7.9793,6566933,215136773.0,13766697000.0,2747997000.0
2015-07-15,'603698,航天工程,32.45,34.93,32.45,34.8,36.05,-3.6,-9.9861,8.8204,7259185,243069191.0,13379135000.0,2670635000.0
2015-07-14,'603698,航天工程,36.05,36.1,33.71,34.69,32.82,3.23,9.8416,16.158,13298047,470250019.0,14863415000.0,2966915000.0
2015-07-13,'603698,航天工程,32.82,32.82,32.02,32.8,29.84,2.98,9.9866,6.2033,5105287,167092734.0,13531686000.0,2701086000.0
2015-07-10,'603698,航天工程,29.84,29.84,28.05,29.6,27.13,2.71,9.9889,3.2943,2711178,80114595.0,12303032000.0,2455832000.0
2015-07-09,'603698,航天工程,27.13,27.13,24.7,24.7,24.66,2.47,10.0162,8.0701,6641720,175736176.0,11185699000.0,2232799000.0
2015-07-08,'603698,航天工程,24.66,26.48,23.17,23.17,25.74,-1.08,-4.1958,16.1888,13323377,325258238.0,10167318000.0,2029518000.0
2015-07-07,'603698,航天工程,25.74,27.9,25.74,27.3,28.6,-2.86,-10.0,6.1385,5052025,133144471.0,10612602000.0,2118402000.0
2015-07-06,'603698,航天工程,28.6,31.65,26.0,31.65,28.77,-0.17,-0.5909,10.1452,8349463,241099020.0,11791780000.0,2353780000.0
2015-07-03,'603698,航天工程,28.77,32.49,28.76,30.8,31.96,-3.19,-9.9812,8.3108,6839825,204572471.0,11861871000.0,2367771000.0
2015-07-02,'603698,航天工程,31.96,36.6,31.96,35.4,35.51,-3.55,-9.9972,8.8581,7290176,243520832.0,13177108000.0,2630308000.0
2015-07-01,'603698,航天工程,35.51,40.4,35.48,38.99,39.42,-3.91,-9.9188,7.5817,6239769,240812262.0,14640773000.0,2922473000.0
2015-06-30,'603698,航天工程,39.42,39.47,33.17,36.02,36.86,2.56,6.9452,9.3521,7696771,278575458.0,16252866000.0,3244266000.0
2015-06-29,'603698,航天工程,36.86,42.96,36.86,42.5,40.96,-4.1,-10.0098,7.7999,6419323,250664068.0,15197378000.0,3033578000.0
2015-06-26,'603698,航天工程,40.96,44.28,40.96,44.0,45.51,-4.55,-9.9978,5.634,4636754,195542301.0,16887808000.0,3371008000.0
2015-06-25,'603698,航天工程,45.51,49.05,44.18,48.99,48.72,-3.21,-6.5887,7.6357,6284154,297427505.0,18763773000.0,3745473000.0
2015-06-24,'603698,航天工程,48.72,48.81,46.32,46.32,45.96,2.76,6.0052,9.6921,7976632,381501455.0,20087256000.0,4009656000.0
2015-06-23,'603698,航天工程,45.96,46.04,40.4,44.0,43.79,2.17,4.9555,6.9283,5701963,252833626.0,18949308000.0,3782508000.0
2015-06-19,'603698,航天工程,43.79,48.44,43.5,46.2,46.93,-3.14,-6.6908,7.2419,5960115,274386214.0,18054617000.0,3603917000.0
2015-06-18,'603698,航天工程,46.93,50.76,46.68,50.0,50.58,-3.65,-7.2163,5.608,4615383,226656302.0,19349239000.0,3862339000.0
2015-06-17,'603698,航天工程,50.58,50.9,47.16,47.3,47.69,2.89,6.06,6.9833,5747291,280896146.0,20854134000.0,4162734000.0
2015-06-16,'603698,航天工程,47.69,50.8,47.5,50.8,51.5,-3.81,-7.3981,7.5545,6217327,303210205.0,19662587000.0,3924887000.0
2015-06-15,'603698,航天工程,51.5,55.59,51.28,55.5,56.02,-4.52,-8.0685,9.8058,8070192,428657778.0,21233450000.0,4238450000.0
2015-06-12,'603698,航天工程,56.02,58.5,55.88,58.0,57.6,-1.58,-2.7431,9.6213,7918350,448916774.0,23097046000.0,4610446000.0
2015-06-11,'603698,航天工程,57.6,57.61,54.31,55.7,55.63,1.97,3.5413,12.2147,10052657,565441301.0,23748480000.0,4740480000.0
2015-06-10,'603698,航天工程,55.63,56.33,53.0,53.9,54.16,1.47,2.7142,11.3072,9305866,513152863.0,22936249000.0,4578349000.0
2015-06-09,'603698,航天工程,54.16,55.2,53.41,53.41,53.25,0.91,1.7089,6.5514,5391769,292328166.0,22330168000.0,4457368000.0
2015-06-08,'603698,航天工程,53.25,55.06,53.0,55.06,55.58,-2.33,-4.1922,7.8133,6430311,344654323.0,21954975000.0,4382475000.0
2015-06-05,'603698,航天工程,55.58,56.19,53.8,55.0,54.53,1.05,1.9255,10.6268,8745874,482155293.0,22915634000.0,4574234000.0
2015-06-04,'603698,航天工程,54.53,58.3,52.42,58.0,58.24,-3.71,-6.3702,14.6736,12076355,650956875.0,22482719000.0,4487819000.0
2015-06-03,'603698,航天工程,58.24,60.92,57.54,57.86,57.82,0.42,0.7264,13.1753,10843284,640714188.0,24012352000.0,4793152000.0
2015-06-02,'603698,航天工程,57.82,59.01,56.45,59.01,59.01,-1.19,-2.0166,13.4734,11088622,639187875.0,23839186000.0,4758586000.0
2015-06-01,'603698,XD航天工,59.01,60.48,56.95,60.0,59.91,-0.9,-1.5023,15.1623,12478549,728264747.0,24329823000.0,4856523000.0
2015-05-29,'603698,航天工程,59.97,62.66,55.35,59.0,59.58,0.39,0.6546,19.3925,15960019,943391148.0,24725631000.0,4935531000.0
2015-05-28,'603698,航天工程,59.58,71.15,58.68,65.8,64.68,-5.1,-7.885,27.9704,23019608,1569906884.0,24564834000.0,4903434000.0
2015-05-27,'603698,航天工程,64.68,64.68,59.0,59.0,58.8,5.88,10.0,22.3802,18418929,1143250607.0,26667564000.0,5323164000.0
2015-05-26,'603698,航天工程,58.8,58.8,52.31,52.95,53.45,5.35,10.0094,20.2237,16644074,936088724.0,24243240000.0,4839240000.0
2015-05-25,'603698,航天工程,53.45,54.53,48.0,48.98,49.68,3.77,7.5886,18.0087,14821197,769894661.0,22037435000.0,4398935000.0
2015-05-22,'603698,航天工程,49.68,50.46,46.5,49.69,49.32,0.36,0.7299,14.2506,11728212,570111698.0,20483064000.0,4088664000.0
2015-05-21,'603698,航天工程,49.32,50.57,47.82,48.7,48.66,0.66,1.3564,11.5651,9518080,465988635.0,20334636000.0,4059036000.0
2015-05-20,'603698,航天工程,48.66,52.39,47.2,47.89,47.89,0.77,1.6079,15.3939,12669141,633230627.0,20062518000.0,4004718000.0
2015-05-19,'603698,航天工程,47.89,51.8,47.1,51.01,49.36,-1.47,-2.9781,20.6023,16955673,824918962.0,19745047000.0,3941347000.0
2015-05-18,'603698,航天工程,49.36,49.36,43.7,44.0,44.87,4.49,10.0067,19.8543,16340061,768895863.0,20351128000.0,4062328000.0
2015-05-15,'603698,航天工程,44.87,46.96,40.75,42.89,42.78,2.09,4.8855,19.2275,15824263,692345147.0,18499901000.0,3692801000.0
2015-05-14,'603698,航天工程,42.78,43.8,40.2,40.3,40.42,2.36,5.8387,14.6143,12027564,508520632.0,17638194000.0,3520794000.0
2015-05-13,'603698,航天工程,40.42,41.35,39.41,40.2,40.31,0.11,0.2729,9.0646,7460158,300407220.0,16665166000.0,3326566000.0
2015-05-12,'603698,航天工程,40.31,40.5,39.0,39.29,39.17,1.14,2.9104,10.1083,8319096,333134265.0,16619813000.0,3317513000.0
2015-05-11,'603698,航天工程,39.17,39.2,37.1,37.1,37.0,2.17,5.8649,7.5809,6239099,240309657.0,16149791000.0,3223691000.0
2015-05-08,'603698,航天工程,37.0,37.04,35.38,35.68,35.07,1.93,5.5033,6.138,5051583,182045976.0,15255100000.0,3045100000.0
2015-05-07,'603698,航天工程,35.07,37.06,35.0,37.05,37.02,-1.95,-5.2674,6.533,5376632,192671684.0,14459361000.0,2886261000.0
2015-05-06,'603698,航天工程,37.02,39.17,36.31,38.66,38.35,-1.33,-3.4681,6.6395,5464306,208851202.0,15263346000.0,3046746000.0
2015-05-05,'603698,航天工程,38.35,39.7,38.0,38.6,38.76,-0.41,-1.0578,7.7894,6410645,250778685.0,15811705000.0,3156205000.0
2015-05-04,'603698,航天工程,38.76,39.17,38.0,39.14,39.29,-0.53,-1.3489,6.2143,5114379,196774868.0,15980748000.0,3189948000.0
2015-04-30,'603698,航天工程,39.29,39.98,39.06,39.08,39.27,0.02,0.0509,6.0973,5018112,198274490.0,16199267000.0,3233567000.0
2015-04-29,'603698,航天工程,39.27,39.81,38.05,38.69,39.38,-0.11,-0.2793,7.8006,6419870,250228402.0,16191021000.0,3231921000.0
2015-04-28,'603698,航天工程,39.38,41.11,39.05,41.02,40.85,-1.47,-3.5985,8.0937,6661128,264555668.0,16236374000.0,3240974000.0
2015-04-27,'603698,航天工程,40.85,41.73,40.17,40.17,39.94,0.91,2.2784,9.5317,7844602,322277963.0,16842455000.0,3361955000.0
2015-04-24,'603698,航天工程,39.94,40.63,39.17,39.59,40.69,-0.75,-1.8432,8.1831,6734704,267988961.0,16467262000.0,3287062000.0
2015-04-23,'603698,航天工程,40.69,42.16,40.31,41.88,41.54,-0.85,-2.0462,9.8373,8096121,332271550.0,16776487000.0,3348787000.0
2015-04-22,'603698,航天工程,41.54,41.58,40.75,40.99,40.76,0.78,1.9136,10.422,8577333,352306213.0,17126942000.0,3418742000.0
2015-04-21,'603698,航天工程,40.76,41.2,38.7,38.73,38.74,2.02,5.2142,10.5724,8701089,350202709.0,16805348000.0,3354548000.0
2015-04-20,'603698,航天工程,38.74,40.78,38.5,40.2,41.01,-2.27,-5.5352,12.1939,10035566,397317033.0,15972502000.0,3188302000.0
2015-04-17,'603698,航天工程,41.01,42.3,40.22,40.6,40.14,0.87,2.1674,11.0462,9091016,374414306.0,16908423000.0,3375123000.0
2015-04-16,'603698,航天工程,40.14,40.84,38.3,39.28,39.73,0.41,1.032,10.125,8332861,329848788.0,16549722000.0,3303522000.0
2015-04-15,'603698,航天工程,39.73,43.1,39.39,43.0,43.43,-3.7,-8.5195,13.1353,10810337,446387207.0,16380679000.0,3269779000.0
2015-04-14,'603698,航天工程,43.43,45.8,41.14,41.85,41.97,1.46,3.4787,17.792,14642780,640684051.0,17906189000.0,3574289000.0
2015-04-13,'603698,航天工程,41.97,43.18,39.41,39.69,39.69,2.28,5.7445,15.5002,12756705,526803604.0,17304231000.0,3454131000.0
2015-04-10,'603698,航天工程,39.69,40.48,38.3,38.68,39.59,0.1,0.2526,15.8565,13049905,516242443.0,16364187000.0,3266487000.0
2015-04-09,'603698,航天工程,39.59,40.21,35.75,36.35,36.58,3.01,8.2285,23.7816,19572264,742903111.0,16322957000.0,3258257000.0
2015-04-08,'603698,航天工程,36.58,37.58,36.2,37.55,37.86,-1.28,-3.3809,13.7229,11293953,415840245.0,15081934000.0,3010534000.0
2015-04-07,'603698,航天工程,37.86,38.56,36.31,36.45,36.32,1.54,4.2401,16.401,13498032,503545488.0,15609678000.0,3115878000.0
2015-04-03,'603698,航天工程,36.32,36.35,35.3,35.53,35.99,0.33,0.9169,13.8947,11435363,411122323.0,14974736000.0,2989136000.0
2015-04-02,'603698,航天工程,35.99,36.91,35.48,35.8,35.49,0.5,1.4088,14.827,12202623,441081581.0,14838677000.0,2961977000.0
2015-04-01,'603698,航天工程,35.49,35.52,34.96,35.26,35.29,0.2,0.5667,10.4957,8637994,304587548.0,14632527000.0,2920827000.0
2015-03-31,'603698,航天工程,35.29,35.8,34.8,35.12,35.12,0.17,0.4841,12.0436,9911868,350347181.0,14550067000.0,2904367000.0
2015-03-30,'603698,航天工程,35.12,35.89,34.67,35.88,35.55,-0.43,-1.2096,12.3423,10157712,356149965.0,14479976000.0,2890376000.0
2015-03-27,'603698,航天工程,35.55,38.1,35.1,38.0,37.29,-1.74,-4.6661,20.5204,16888275,609056062.0,14657265000.0,2925765000.0
2015-03-26,'603698,航天工程,37.29,37.29,34.01,34.01,33.9,3.39,10.0,27.4237,22569717,825337695.0,15374667000.0,3068967000.0
2015-03-25,'603698,航天工程,33.9,34.2,33.3,33.82,34.06,-0.16,-0.4698,11.5191,9480197,319592235.0,13976970000.0,2789970000.0
2015-03-24,'603698,航天工程,34.06,35.15,33.01,34.44,34.45,-0.39,-1.1321,14.8525,12223577,418848600.0,14042938000.0,2803138000.0
2015-03-23,'603698,航天工程,34.45,34.88,33.88,34.18,33.99,0.46,1.3533,13.6079,11199269,384931817.0,14203735000.0,2835235000.0
2015-03-20,'603698,航天工程,33.99,34.2,33.52,33.88,33.92,0.07,0.2064,9.8239,8085081,273410191.0,14014077000.0,2797377000.0
2015-03-19,'603698,航天工程,33.92,34.79,33.51,34.13,34.08,-0.16,-0.4695,10.8992,8970068,305854509.0,13985216000.0,2791616000.0
2015-03-18,'603698,航天工程,34.08,34.26,33.36,33.98,34.16,-0.08,-0.2342,12.7194,10468060,353222618.0,14051184000.0,2804784000.0
2015-03-17,'603698,航天工程,34.16,34.83,32.86,33.25,33.29,0.87,2.6134,17.0465,14029257,475832315.0,14084168000.0,2811368000.0
2015-03-16,'603698,航天工程,33.29,33.43,32.5,32.69,32.33,0.96,2.9694,11.2522,9260551,305609969.0,13725467000.0,2739767000.0
2015-03-13,'603698,航天工程,32.33,32.4,31.4,31.8,31.51,0.82,2.6023,7.5139,6183956,198009019.0,13329659000.0,2660759000.0
2015-03-12,'603698,航天工程,31.51,32.57,30.88,32.25,32.81,-1.3,-3.9622,12.9857,10687235,339029050.0,12991573000.0,2593273000.0
2015-03-11,'603698,航天工程,32.81,33.87,32.7,32.96,32.88,-0.07,-0.2129,9.4965,7815649,259243116.0,13527563000.0,2700263000.0
2015-03-10,'603698,航天工程,32.88,33.4,32.6,33.4,33.49,-0.61,-1.8214,8.9839,7393728,243665430.0,13556424000.0,2706024000.0
2015-03-09,'603698,航天工程,33.49,33.97,32.4,32.55,32.88,0.61,1.8552,10.7665,8860825,295467246.0,13807927000.0,2756227000.0
2015-03-06,'603698,航天工程,32.88,34.7,32.66,34.33,34.64,-1.76,-5.0808,16.9492,13949196,466517296.0,13556424000.0,2706024000.0
2015-03-05,'603698,航天工程,34.64,35.68,33.89,34.8,35.59,-0.95,-2.6693,23.4053,19262580,668704483.0,14282072000.0,2850872000.0
2015-03-04,'603698,航天工程,35.59,38.87,35.23,37.0,35.9,-0.31,-0.8635,41.4727,34132052,1263154054.0,14673757000.0,2929057000.0
2015-03-03,'603698,航天工程,35.9,35.9,33.57,34.0,32.64,3.26,9.9877,23.9123,19679794,685612835.0,14801570000.0,2954570000.0
2015-03-02,'603698,航天工程,32.64,32.64,29.7,29.9,29.67,2.97,10.0101,34.246,28184489,897697550.0,13457472000.0,2686272000.0
2015-02-27,'603698,航天工程,29.67,30.75,28.71,28.71,28.59,1.08,3.7775,18.6731,15367931,459603009.0,12232941000.0,2441841000.0
2015-02-26,'603698,航天工程,28.59,28.78,28.2,28.25,28.36,0.23,0.811,6.5387,5381375,153389363.0,11787657000.0,2352957000.0
2015-02-25,'603698,航天工程,28.36,29.12,28.1,29.1,29.12,-0.76,-2.6099,8.7108,7168963,204010641.0,11692828000.0,2334028000.0
2015-02-17,'603698,航天工程,29.12,30.08,29.01,29.87,29.87,-0.75,-2.5109,12.338,10154167,299006065.0,12006176000.0,2396576000.0
2015-02-16,'603698,航天工程,29.87,30.48,29.3,29.65,30.07,-0.2,-0.6651,19.8438,16331488,487007730.0,12315401000.0,2458301000.0
2015-02-13,'603698,航天工程,30.07,30.77,28.41,28.68,28.51,1.56,5.4718,25.2042,20743030,610117719.0,12397861000.0,2474761000.0
2015-02-12,'603698,航天工程,28.51,29.57,27.72,29.0,28.9,-0.39,-1.3495,22.3987,18434113,527555522.0,11754673000.0,2346373000.0
2015-02-11,'603698,航天工程,28.9,29.62,28.56,28.9,28.69,0.21,0.732,21.5091,17702014,514792700.0,11915470000.0,2378470000.0
2015-02-10,'603698,航天工程,28.69,29.38,28.02,28.91,30.38,-1.69,-5.5629,27.3263,22489565,642029603.0,11828887000.0,2361187000.0
2015-02-09,'603698,航天工程,30.38,31.97,30.38,31.5,33.75,-3.37,-9.9852,18.9226,15573330,477596049.0,12525674000.0,2500274000.0
2015-02-06,'603698,航天工程,33.75,35.12,29.71,35.12,31.93,1.82,5.7,63.3985,52177006,1695865908.0,13915125000.0,2777625000.0
2015-02-05,'603698,航天工程,31.93,31.93,31.93,31.93,29.03,2.9,9.9897,0.2813,231500,7391795.0,13164739000.0,2627839000.0
2015-02-04,'603698,航天工程,29.03,29.03,29.03,29.03,26.39,2.64,10.0038,0.1705,140301,4072938.0,11969069000.0,2389169000.0
2015-02-03,'603698,航天工程,26.39,26.39,26.39,26.39,23.99,2.4,10.0042,0.1576,129700,3422783.0,10880597000.0,2171897000.0
2015-02-02,'603698,航天工程,23.99,23.99,23.99,23.99,21.81,2.18,9.9954,0.1343,110500,2650895.0,9891077000.0,1974377000.0
2015-01-30,'603698,航天工程,21.81,21.81,21.81,21.81,19.83,1.98,9.9849,0.0394,32400,706644.0,8992263000.0,1794963000.0
2015-01-29,'603698,航天工程,19.83,19.83,19.83,19.83,18.03,1.8,9.9834,0.0259,21300,422379.0,8175909000.0,1632009000.0
2015-01-28,'603698,N航天,18.03,18.03,15.02,15.02,12.52,5.51,44.0096,0.0757,62300,1119958.0,7433769000.0,1483869000.0
