ÈÕÆÚ,¹ÉÆ±´úÂë,Ãû³Æ,ÊÕÅÌ¼Û,×î¸ß¼Û,×îµÍ¼Û,¿ªÅÌ¼Û,Ç°ÊÕÅÌ,ÕÇµø¶î,ÕÇµø·ù,»»ÊÖÂÊ,³É½»Á¿,³É½»½ð¶î,×ÜÊÐÖµ,Á÷Í¨ÊÐÖµ
2017-05-15,'603669,Áé¿µÒ©Òµ,23.91,24.19,23.79,24.19,23.95,-0.04,-0.167,0.6655,575346,13760601.0,6216600000.0,2067019500.0
2017-05-12,'603669,Áé¿µÒ©Òµ,23.95,24.3,23.77,24.15,24.15,-0.2,-0.8282,1.0214,883012,21145003.0,6227000000.0,2070477500.0
2017-05-11,'603669,Áé¿µÒ©Òµ,24.15,25.2,23.67,25.01,25.34,-1.19,-4.6961,2.0512,1773242,43140761.0,6279000000.0,2087767500.0
2017-05-10,'603669,Áé¿µÒ©Òµ,25.34,26.05,25.33,25.83,25.93,-0.59,-2.2754,0.9571,827419,21302530.0,6588400000.0,2190643000.0
2017-05-09,'603669,Áé¿µÒ©Òµ,25.93,26.04,25.62,25.67,25.7,0.23,0.8949,0.5865,507006,13092216.0,6741800000.0,2241648500.0
2017-05-08,'603669,Áé¿µÒ©Òµ,25.7,26.17,25.68,26.07,26.1,-0.4,-1.5326,0.7729,668158,17296831.0,6682000000.0,2221765000.0
2017-05-05,'603669,Áé¿µÒ©Òµ,26.1,26.71,26.07,26.51,26.61,-0.51,-1.9166,1.0008,865159,22782023.0,6786000000.0,2256345000.0
2017-05-04,'603669,Áé¿µÒ©Òµ,26.61,27.1,26.01,26.35,26.35,0.26,0.9867,1.3895,1201265,31967400.0,6918600000.0,2300434500.0
2017-05-03,'603669,Áé¿µÒ©Òµ,26.35,26.59,26.31,26.55,26.5,-0.15,-0.566,0.699,604269,15965952.0,6851000000.0,2277957500.0
2017-05-02,'603669,Áé¿µÒ©Òµ,26.5,26.68,26.24,26.36,26.35,0.15,0.5693,0.9022,779985,20612470.0,6890000000.0,2290925000.0
2017-04-28,'603669,Áé¿µÒ©Òµ,26.35,26.36,26.1,26.33,26.16,0.19,0.7263,0.8813,761900,19987028.0,6851000000.0,2277957500.0
2017-04-27,'603669,Áé¿µÒ©Òµ,26.16,26.22,25.48,26.2,26.15,0.01,0.0382,1.7144,1482125,38216186.0,6801600000.0,2261532000.0
2017-04-26,'603669,Áé¿µÒ©Òµ,26.15,26.4,26.0,26.06,26.07,0.08,0.3069,1.0281,888793,23270316.0,6799000000.0,2260667500.0
2017-04-25,'603669,Áé¿µÒ©Òµ,26.07,26.65,26.0,26.6,26.07,0.0,0.0,0.9628,832310,21794687.0,6778200000.0,2253751500.0
2017-04-24,'603669,Áé¿µÒ©Òµ,26.07,27.1,26.05,27.06,27.1,-1.03,-3.8007,1.35,1167062,30714711.0,6778200000.0,2253751500.0
2017-04-21,'603669,Áé¿µÒ©Òµ,27.1,27.48,27.01,27.21,27.37,-0.27,-0.9865,1.0363,895866,24360231.0,7046000000.0,2342795000.0
2017-04-20,'603669,Áé¿µÒ©Òµ,27.37,27.39,26.68,26.8,26.74,0.63,2.356,2.0367,1760713,47722453.0,7116200000.0,2366136500.0
2017-04-19,'603669,Áé¿µÒ©Òµ,26.74,26.76,26.2,26.72,26.6,0.14,0.5263,1.4512,1254604,33149842.0,6952400000.0,2311673000.0
2017-04-18,'603669,Áé¿µÒ©Òµ,26.6,26.96,26.5,26.66,26.58,0.02,0.0752,0.8125,702370,18813755.0,6916000000.0,2299570000.0
2017-04-17,'603669,Áé¿µÒ©Òµ,26.58,27.3,26.26,27.3,27.24,-0.66,-2.4229,1.1591,1002026,26681168.0,6910800000.0,2297841000.0
2017-04-14,'603669,Áé¿µÒ©Òµ,27.24,27.84,27.0,27.84,27.85,-0.61,-2.1903,1.7967,1553252,42565019.0,7082400000.0,2354898000.0
2017-04-13,'603669,Áé¿µÒ©Òµ,27.85,28.14,27.75,27.86,27.85,0.0,0.0,1.1046,954921,26651396.0,7241000000.0,2407632500.0
2017-04-12,'603669,Áé¿µÒ©Òµ,27.85,28.28,27.76,27.76,28.03,-0.18,-0.6422,1.3012,1124875,31542294.0,7241000000.0,2407632500.0
2017-04-11,'603669,Áé¿µÒ©Òµ,28.03,28.19,27.43,27.45,27.9,0.13,0.4659,2.1296,1841063,51228035.0,7287800000.0,2423193500.0
2017-04-10,'603669,Áé¿µÒ©Òµ,27.9,29.47,27.87,29.47,29.49,-1.59,-5.3917,3.9694,3431538,97496938.0,7254000000.0,2411955000.0
2017-04-07,'603669,Áé¿µÒ©Òµ,29.49,29.78,29.48,29.78,29.76,-0.27,-0.9073,1.7479,1511077,44693478.0,7667400000.0,2549410500.0
2017-04-06,'603669,Áé¿µÒ©Òµ,29.76,30.1,29.52,30.1,30.07,-0.31,-1.0309,3.1281,2704228,80335070.0,7737600000.0,2572752000.0
2017-04-05,'603669,Áé¿µÒ©Òµ,30.07,30.15,29.51,29.55,29.73,0.34,1.1436,1.8563,1604809,48040954.0,7818200000.0,2599551500.0
2017-03-31,'603669,Áé¿µÒ©Òµ,29.73,30.57,29.5,30.47,30.22,-0.49,-1.6214,3.7067,3204465,95800421.0,7729800000.0,2570158500.0
2017-03-30,'603669,Áé¿µÒ©Òµ,30.22,31.8,30.2,31.68,31.87,-1.65,-5.1773,5.7783,4995383,154696814.0,7857200000.0,2612519000.0
2017-03-29,'603669,Áé¿µÒ©Òµ,31.87,32.24,30.91,31.41,31.68,0.19,0.5997,7.719,6673044,211658041.0,8286200000.0,2755161500.0
2017-03-28,'603669,Áé¿µÒ©Òµ,31.68,31.78,30.45,30.91,30.98,0.7,2.2595,7.0281,6075803,189996748.0,8236800000.0,2738736000.0
2017-03-27,'603669,Áé¿µÒ©Òµ,30.98,31.35,30.77,31.35,31.41,-0.43,-1.369,4.2719,3693055,114528413.0,8054800000.0,2678221000.0
2017-03-24,'603669,Áé¿µÒ©Òµ,31.41,31.88,30.34,30.5,30.49,0.92,3.0174,8.6513,7479091,233852104.0,8166600000.0,2715394500.0
2017-03-23,'603669,Áé¿µÒ©Òµ,30.49,30.58,29.76,29.83,29.92,0.57,1.9051,4.2841,3703599,112085084.0,7927400000.0,2635860500.0
2017-03-22,'603669,Áé¿µÒ©Òµ,29.92,30.25,29.73,30.09,30.28,-0.36,-1.1889,1.8487,1598200,47871093.0,7779200000.0,2586584000.0
2017-03-21,'603669,Áé¿µÒ©Òµ,30.28,30.4,29.75,29.95,29.92,0.36,1.2032,2.4145,2087325,62819602.0,7872800000.0,2617706000.0
2017-03-20,'603669,Áé¿µÒ©Òµ,29.92,29.95,29.62,29.62,29.6,0.32,1.0811,1.6165,1397493,41655894.0,7779200000.0,2586584000.0
2017-03-17,'603669,Áé¿µÒ©Òµ,29.6,30.45,29.58,30.35,30.33,-0.73,-2.4069,3.1424,2716599,81717016.0,7696000000.0,2558920000.0
2017-03-16,'603669,Áé¿µÒ©Òµ,30.33,30.38,29.73,29.73,29.81,0.52,1.7444,3.1962,2763128,83540653.0,7885800000.0,2622028500.0
2017-03-15,'603669,Áé¿µÒ©Òµ,29.81,30.19,29.7,30.1,30.13,-0.32,-1.0621,2.0126,1739907,51969905.0,7750600000.0,2577074500.0
2017-03-14,'603669,Áé¿µÒ©Òµ,30.13,30.4,29.41,29.42,29.46,0.67,2.2743,3.8675,3343428,100332245.0,7833800000.0,2604738500.0
2017-03-13,'603669,Áé¿µÒ©Òµ,29.46,29.55,29.03,29.53,29.54,-0.08,-0.2708,1.7606,1522000,44630000.0,7659600000.0,2546817000.0
2017-03-10,'603669,Áé¿µÒ©Òµ,29.54,29.69,29.37,29.54,29.53,0.01,0.0339,1.4229,1230063,36296411.0,7680400000.0,2553733000.0
2017-03-09,'603669,Áé¿µÒ©Òµ,29.53,30.07,29.5,30.07,30.1,-0.57,-1.8937,1.6633,1437931,42689262.0,7677800000.0,2552868500.0
2017-03-08,'603669,Áé¿µÒ©Òµ,30.1,30.4,29.91,30.24,30.2,-0.1,-0.3311,2.1156,1828925,55151009.0,7826000000.0,2602145000.0
2017-03-07,'603669,Áé¿µÒ©Òµ,30.2,30.29,29.91,30.13,30.05,0.15,0.4992,1.9948,1724478,51817030.0,7852000000.0,2610790000.0
2017-03-06,'603669,Áé¿µÒ©Òµ,30.05,30.17,29.73,29.73,29.76,0.29,0.9745,1.921,1660693,49826309.0,7813000000.0,2597822500.0
2017-03-03,'603669,Áé¿µÒ©Òµ,29.76,29.98,29.6,29.6,29.71,0.05,0.1683,1.3335,1152776,34363883.0,7737600000.0,2572752000.0
2017-03-02,'603669,Áé¿µÒ©Òµ,29.71,30.05,29.61,29.98,29.81,-0.1,-0.3355,1.4349,1240454,36924257.0,7724600000.0,2568429500.0
2017-03-01,'603669,Áé¿µÒ©Òµ,29.81,30.18,29.75,30.05,30.09,-0.28,-0.9305,2.4961,2157840,64506755.0,7750600000.0,2577074500.0
2017-02-28,'603669,Áé¿µÒ©Òµ,30.09,30.26,29.81,29.81,30.02,0.07,0.2332,1.6383,1416272,42518907.0,7823400000.0,2601280500.0
2017-02-27,'603669,Áé¿µÒ©Òµ,30.02,30.47,29.99,30.3,30.49,-0.47,-1.5415,2.3324,2016358,60862248.0,7805200000.0,2595229000.0
2017-02-24,'603669,Áé¿µÒ©Òµ,30.49,30.88,30.2,30.88,30.91,-0.42,-1.3588,3.3553,2900623,88359084.0,7927400000.0,2635860500.0
2017-02-23,'603669,Áé¿µÒ©Òµ,30.91,31.02,29.86,30.4,30.4,0.51,1.6776,6.1908,5351926,163606967.0,8036600000.0,2672169500.0
2017-02-22,'603669,Áé¿µÒ©Òµ,30.4,30.98,30.08,30.29,30.29,0.11,0.3632,4.4769,3870267,118078018.0,7904000000.0,2628080000.0
2017-02-21,'603669,Áé¿µÒ©Òµ,30.29,30.48,30.01,30.26,30.51,-0.22,-0.7211,4.0484,3499874,105658780.0,7875400000.0,2618570500.0
2017-02-20,'603669,Áé¿µÒ©Òµ,30.51,31.46,30.06,31.0,30.71,-0.2,-0.6513,9.9838,8631037,265186693.0,7932600000.0,2637589500.0
2017-02-17,'603669,Áé¿µÒ©Òµ,30.71,30.71,27.82,27.93,27.92,2.79,9.9928,4.2139,3642900,109647903.0,7984600000.0,2654879500.0
2017-02-16,'603669,Áé¿µÒ©Òµ,27.92,27.99,27.69,27.85,27.85,0.07,0.2513,0.9393,812006,22617965.0,7259200000.0,2413684000.0
2017-02-15,'603669,Áé¿µÒ©Òµ,27.85,28.31,27.79,28.27,28.31,-0.46,-1.6249,1.6735,1446762,40523807.0,7241000000.0,2407632500.0
2017-02-14,'603669,Áé¿µÒ©Òµ,28.31,28.6,28.2,28.6,28.52,-0.21,-0.7363,1.1641,1006352,28505992.0,7360600000.0,2447399500.0
2017-02-13,'603669,Áé¿µÒ©Òµ,28.52,28.76,28.14,28.21,28.35,0.17,0.5996,1.8151,1569138,44603933.0,7415200000.0,2465554000.0
2017-02-10,'603669,Áé¿µÒ©Òµ,28.35,28.77,28.3,28.51,28.5,-0.15,-0.5263,1.4783,1278004,36340252.0,7371000000.0,2450857500.0
2017-02-09,'603669,Áé¿µÒ©Òµ,28.5,28.82,28.07,28.18,28.19,0.31,1.0997,2.0159,1742704,49730851.0,7410000000.0,2463825000.0
2017-02-08,'603669,Áé¿µÒ©Òµ,28.19,28.23,27.69,27.95,27.93,0.26,0.9309,1.0159,878208,24569737.0,7329400000.0,2437025500.0
2017-02-07,'603669,Áé¿µÒ©Òµ,27.93,28.26,27.8,28.2,28.21,-0.28,-0.9926,1.0683,923578,25870186.0,7261800000.0,2414548500.0
2017-02-06,'603669,Áé¿µÒ©Òµ,28.21,28.36,27.59,27.59,27.6,0.61,2.2101,1.4301,1236363,34615947.0,7334600000.0,2438754500.0
2017-02-03,'603669,Áé¿µÒ©Òµ,27.6,28.08,27.48,27.92,27.91,-0.31,-1.1107,0.6633,573411,15872299.0,7176000000.0,2386020000.0
2017-01-26,'603669,Áé¿µÒ©Òµ,27.91,27.95,27.7,27.91,27.76,0.15,0.5403,0.8401,726294,20222412.0,7256600000.0,2412819500.0
2017-01-25,'603669,Áé¿µÒ©Òµ,27.76,27.97,27.5,27.68,27.72,0.04,0.1443,0.8184,707497,19661153.0,7217600000.0,2399852000.0
2017-01-24,'603669,Áé¿µÒ©Òµ,27.72,28.0,27.58,27.68,27.78,-0.06,-0.216,1.0824,935768,25996328.0,7207200000.0,2396394000.0
2017-01-23,'603669,Áé¿µÒ©Òµ,27.78,27.99,27.4,27.52,27.4,0.38,1.3869,1.2774,1104291,30583358.0,7222800000.0,2401581000.0
2017-01-20,'603669,Áé¿µÒ©Òµ,27.4,27.99,26.53,26.7,26.63,0.77,2.8915,2.0334,1757901,48153815.0,7124000000.0,2368730000.0
2017-01-19,'603669,Áé¿µÒ©Òµ,26.63,26.95,26.4,26.7,26.71,-0.08,-0.2995,0.9062,783448,20928202.0,6923800000.0,2302163500.0
2017-01-18,'603669,Áé¿µÒ©Òµ,26.71,26.98,26.38,26.69,27.01,-0.3,-1.1107,1.0834,936600,25058306.0,6944600000.0,2309079500.0
2017-01-17,'603669,Áé¿µÒ©Òµ,27.01,27.07,26.3,26.46,26.39,0.62,2.3494,1.5831,1368556,36607745.0,7022600000.0,2335014500.0
2017-01-16,'603669,Áé¿µÒ©Òµ,26.39,28.3,25.47,28.16,28.15,-1.76,-6.2522,2.5005,2161693,58433798.0,6861400000.0,2281415500.0
2017-01-13,'603669,Áé¿µÒ©Òµ,28.15,29.5,28.1,29.15,29.16,-1.01,-3.4636,1.9609,1695193,48657484.0,7319000000.0,2433567500.0
2017-01-12,'603669,Áé¿µÒ©Òµ,29.16,29.89,29.15,29.74,29.71,-0.55,-1.8512,1.6203,1400788,41373377.0,7581600000.0,2520882000.0
2017-01-11,'603669,Áé¿µÒ©Òµ,29.71,30.24,29.7,30.06,30.17,-0.46,-1.5247,1.3468,1164300,34863419.0,7724600000.0,2568429500.0
2017-01-10,'603669,Áé¿µÒ©Òµ,30.17,30.4,30.08,30.4,30.29,-0.12,-0.3962,1.3922,1203600,36385694.0,7844200000.0,2608196500.0
2017-01-09,'603669,Áé¿µÒ©Òµ,30.29,30.38,29.7,29.82,29.88,0.41,1.3722,1.7507,1513470,45369167.0,7875400000.0,2618570500.0
2017-01-06,'603669,Áé¿µÒ©Òµ,29.88,30.44,29.86,30.29,30.37,-0.49,-1.6134,2.0073,1735300,52322211.0,7768800000.0,2583126000.0
2017-01-05,'603669,Áé¿µÒ©Òµ,30.37,30.69,30.32,30.58,30.64,-0.27,-0.8812,1.6201,1400600,42676732.0,7896200000.0,2625486500.0
2017-01-04,'603669,Áé¿µÒ©Òµ,30.64,30.79,30.28,30.54,30.52,0.12,0.3932,2.0949,1811084,55264596.0,7966400000.0,2648828000.0
2017-01-03,'603669,Áé¿µÒ©Òµ,30.52,30.55,30.04,30.06,30.04,0.48,1.5979,1.6754,1448369,43877733.0,7935200000.0,2638454000.0
2016-12-30,'603669,Áé¿µÒ©Òµ,30.04,30.16,29.8,29.85,29.77,0.27,0.907,1.1698,1011310,30328699.0,7810400000.0,2596958000.0
2016-12-29,'603669,Áé¿µÒ©Òµ,29.77,30.28,29.72,29.98,30.04,-0.27,-0.8988,1.2875,1113045,33426382.0,7740200000.0,2573616500.0
2016-12-28,'603669,Áé¿µÒ©Òµ,30.04,30.48,30.02,30.31,30.31,-0.27,-0.8908,1.2659,1094400,33086840.0,7810400000.0,2596958000.0
2016-12-27,'603669,Áé¿µÒ©Òµ,30.31,30.7,30.12,30.25,30.3,0.01,0.033,1.288,1113500,33712842.0,7880600000.0,2620299500.0
2016-12-26,'603669,Áé¿µÒ©Òµ,30.3,30.5,29.52,29.61,29.8,0.5,1.6779,2.0868,1804010,54208904.0,7878000000.0,2619435000.0
2016-12-23,'603669,Áé¿µÒ©Òµ,29.8,30.85,29.71,30.85,30.83,-1.03,-3.3409,2.0211,1747200,52695091.0,7748000000.0,2576210000.0
2016-12-22,'603669,Áé¿µÒ©Òµ,30.83,30.98,30.55,30.98,30.92,-0.09,-0.2911,1.7721,1531991,47105945.0,8015800000.0,2665253500.0
2016-12-21,'603669,Áé¿µÒ©Òµ,30.92,30.95,30.46,30.46,30.53,0.39,1.2774,2.309,1996152,61245892.0,8039200000.0,2673034000.0
2016-12-20,'603669,Áé¿µÒ©Òµ,30.53,30.59,29.84,29.96,30.06,0.47,1.5635,2.1667,1873139,56612271.0,7937800000.0,2639318500.0
2016-12-19,'603669,Áé¿µÒ©Òµ,30.06,30.4,29.91,30.0,30.19,-0.13,-0.4306,1.654,1429900,43078461.0,7815600000.0,2598687000.0
2016-12-16,'603669,Áé¿µÒ©Òµ,30.19,30.37,29.4,29.6,29.55,0.64,2.1658,2.2685,1961112,59000057.0,7849400000.0,2609925500.0
2016-12-15,'603669,Áé¿µÒ©Òµ,29.55,29.82,29.2,29.21,29.24,0.31,1.0602,2.0448,1767730,52253947.0,7683000000.0,2554597500.0
2016-12-14,'603669,Áé¿µÒ©Òµ,29.24,29.58,29.15,29.44,29.44,-0.2,-0.6793,1.6828,1454754,42709414.0,7602400000.0,2527798000.0
2016-12-13,'603669,Áé¿µÒ©Òµ,29.44,29.62,29.1,29.35,29.39,0.05,0.1701,2.0063,1734410,50937536.0,7654400000.0,2545088000.0
2016-12-12,'603669,Áé¿µÒ©Òµ,29.39,31.67,29.21,31.49,31.49,-2.1,-6.6688,4.5357,3921110,118412515.0,7641400000.0,2540765500.0
2016-12-09,'603669,Áé¿µÒ©Òµ,31.49,31.87,31.38,31.38,31.56,-0.07,-0.2218,1.9862,1717085,54260349.0,8187400000.0,2722310500.0
2016-12-08,'603669,Áé¿µÒ©Òµ,31.56,32.2,31.51,32.19,32.22,-0.66,-2.0484,2.0413,1764725,56255068.0,8205600000.0,2728362000.0
2016-12-07,'603669,Áé¿µÒ©Òµ,32.22,32.27,31.48,31.84,31.74,0.48,1.5123,2.2523,1947145,62128787.0,8377200000.0,2785419000.0
2016-12-06,'603669,Áé¿µÒ©Òµ,31.74,31.97,31.6,31.84,31.74,0.0,0.0,1.416,1224100,38862614.0,8252400000.0,2743923000.0
2016-12-05,'603669,Áé¿µÒ©Òµ,31.74,31.8,31.0,31.38,31.44,0.3,0.9542,2.1351,1845789,58311824.0,8252400000.0,2743923000.0
2016-12-02,'603669,Áé¿µÒ©Òµ,31.44,33.09,31.4,33.09,33.02,-1.58,-4.785,4.8657,4206400,135035510.0,8174400000.0,2717988000.0
2016-12-01,'603669,Áé¿µÒ©Òµ,33.02,33.26,32.76,32.76,32.94,0.08,0.2429,2.1735,1879007,61921386.0,8585200000.0,2854579000.0
2016-11-30,'603669,Áé¿µÒ©Òµ,32.94,33.15,32.65,32.75,32.92,0.02,0.0608,2.4263,2097500,68993633.0,8564400000.0,2847663000.0
2016-11-29,'603669,Áé¿µÒ©Òµ,32.92,33.95,32.82,33.64,33.65,-0.73,-2.1694,3.3096,2861137,95587863.0,8559200000.0,2845934000.0
2016-11-28,'603669,Áé¿µÒ©Òµ,33.65,33.92,33.31,33.76,33.95,-0.3,-0.8837,2.9214,2525543,84835742.0,8749000000.0,2909042500.0
2016-11-25,'603669,Áé¿µÒ©Òµ,33.95,34.07,32.53,33.16,33.16,0.79,2.3824,5.6214,4859687,162463838.0,8827000000.0,2934977500.0
2016-11-24,'603669,Áé¿µÒ©Òµ,33.16,34.42,33.05,34.1,34.46,-1.3,-3.7725,8.0242,6936951,234314630.0,8621600000.0,2866682000.0
2016-11-23,'603669,Áé¿µÒ©Òµ,34.46,36.2,34.34,35.78,35.81,-1.35,-3.7699,7.5844,6556696,231640708.0,8959600000.0,2979067000.0
2016-11-22,'603669,Áé¿µÒ©Òµ,35.81,36.48,35.53,36.32,36.32,-0.51,-1.4042,8.339,7209072,258258826.0,9310600000.0,3095774500.0
2016-11-21,'603669,Áé¿µÒ©Òµ,36.32,36.55,35.87,36.55,36.6,-0.28,-0.765,8.3127,7186366,259948866.0,9443200000.0,3139864000.0
2016-11-18,'603669,Áé¿µÒ©Òµ,36.6,36.88,35.4,35.79,35.62,0.98,2.7513,13.6112,11766900,426627789.0,9516000000.0,3164070000.0
2016-11-17,'603669,Áé¿µÒ©Òµ,35.62,35.86,34.85,34.9,35.04,0.58,1.6553,7.9929,6909879,244736266.0,9261200000.0,3079349000.0
2016-11-16,'603669,Áé¿µÒ©Òµ,35.04,35.6,35.02,35.27,35.29,-0.25,-0.7084,6.751,5836200,205623181.0,9110400000.0,3029208000.0
2016-11-15,'603669,Áé¿µÒ©Òµ,35.29,35.32,34.3,34.61,34.6,0.69,1.9942,8.1755,7067700,246397572.0,9175400000.0,3050820500.0
2016-11-14,'603669,Áé¿µÒ©Òµ,34.6,35.12,34.32,34.5,34.7,-0.1,-0.2882,5.8802,5083400,176360039.0,8996000000.0,2991170000.0
2016-11-11,'603669,Áé¿µÒ©Òµ,34.7,35.16,34.43,35.16,35.06,-0.36,-1.0268,6.5481,5660801,196248520.0,9022000000.0,2999815000.0
2016-11-10,'603669,Áé¿µÒ©Òµ,35.06,35.3,34.9,34.95,34.74,0.32,0.9211,7.4781,6464801,226832096.0,9115600000.0,3030937000.0
2016-11-09,'603669,Áé¿µÒ©Òµ,34.74,35.6,33.88,35.58,35.63,-0.89,-2.4979,10.2069,8823822,306956726.0,9032400000.0,3003273000.0
2016-11-08,'603669,Áé¿µÒ©Òµ,35.63,35.86,35.23,35.86,35.83,-0.2,-0.5582,8.067,6973954,247220243.0,9263800000.0,3080213500.0
2016-11-07,'603669,Áé¿µÒ©Òµ,35.83,35.89,35.03,35.33,35.33,0.5,1.4152,10.8408,9371894,332306296.0,9315800000.0,3097503500.0
2016-11-04,'603669,Áé¿µÒ©Òµ,35.33,36.05,34.98,35.4,35.99,-0.66,-1.8338,15.6225,13505694,477414008.0,9185800000.0,3054278500.0
2016-11-03,'603669,Áé¿µÒ©Òµ,35.99,38.18,35.89,37.01,37.44,-1.45,-3.8729,26.9773,23321833,864260855.0,9357400000.0,3111335500.0
2016-11-02,'603669,Áé¿µÒ©Òµ,37.44,41.66,37.38,41.0,41.53,-4.09,-9.8483,22.841,19746084,762420730.0,9734400000.0,3236688000.0
2016-11-01,'603669,Áé¿µÒ©Òµ,41.53,43.4,39.0,40.08,40.61,0.92,2.2655,20.8317,18009017,743893959.0,10797800000.0,3590268500.0
2016-10-31,'603669,Áé¿µÒ©Òµ,40.61,40.61,37.0,37.0,36.92,3.69,9.9946,27.9056,24124382,952956681.0,10558600000.0,3510734500.0
2016-10-28,'603669,Áé¿µÒ©Òµ,36.92,36.92,32.6,33.28,33.56,3.36,10.0119,19.5851,16931281,606427061.0,9599200000.0,3191734000.0
2016-10-27,'603669,Áé¿µÒ©Òµ,33.56,34.0,33.5,33.9,33.8,-0.24,-0.7101,3.2375,2798813,94464755.0,8725600000.0,2901262000.0
2016-10-26,'603669,Áé¿µÒ©Òµ,33.8,34.28,33.46,34.08,34.08,-0.28,-0.8216,4.8296,4175212,141683869.0,8788000000.0,2922010000.0
2016-10-25,'603669,Áé¿µÒ©Òµ,34.08,34.6,34.01,34.25,34.44,-0.36,-1.0453,5.7177,4942940,169532894.0,8860800000.0,2946216000.0
2016-10-24,'603669,Áé¿µÒ©Òµ,34.44,34.98,33.76,34.15,34.2,0.24,0.7018,11.7408,10149936,347598155.0,8954400000.0,2977338000.0
2016-10-21,'603669,Áé¿µÒ©Òµ,34.2,34.38,33.58,33.58,33.92,0.28,0.8255,8.0024,6918065,235530059.0,8892000000.0,2956590000.0
2016-10-20,'603669,Áé¿µÒ©Òµ,33.92,34.35,32.88,33.57,33.62,0.3,0.8923,10.4146,9003385,304361974.0,8819200000.0,2932384000.0
2016-10-19,'603669,Áé¿µÒ©Òµ,33.62,34.67,33.57,33.95,34.44,-0.82,-2.381,12.7181,10994836,373571472.0,8741200000.0,2906449000.0
2016-10-18,'603669,Áé¿µÒ©Òµ,34.44,34.7,32.9,33.2,33.32,1.12,3.3613,16.229,14030011,475225782.0,8954400000.0,2977338000.0
2016-10-17,'603669,Áé¿µÒ©Òµ,33.32,34.15,32.73,33.28,33.29,0.03,0.0901,10.0013,8646087,287750003.0,8663200000.0,2880514000.0
2016-10-14,'603669,Áé¿µÒ©Òµ,33.29,34.68,32.17,32.8,32.68,0.61,1.8666,9.7274,8409311,278000950.0,8655400000.0,2877920500.0
2016-10-13,'603669,Áé¿µÒ©Òµ,32.68,33.15,32.07,32.31,32.43,0.25,0.7709,7.2385,6257706,204269006.0,8496800000.0,2825186000.0
2016-10-12,'603669,Áé¿µÒ©Òµ,32.43,32.88,32.3,32.6,32.82,-0.39,-1.1883,8.8312,7634597,248772773.0,8431800000.0,2803573500.0
2016-10-11,'603669,Áé¿µÒ©Òµ,32.82,32.97,32.27,32.45,32.62,0.2,0.6131,12.9134,11163611,364661015.0,8533200000.0,2837289000.0
2016-10-10,'603669,Áé¿µÒ©Òµ,32.62,33.26,32.29,32.69,32.65,-0.03,-0.0919,15.1089,13061630,427240592.0,8481200000.0,2819999000.0
2016-09-30,'603669,Áé¿µÒ©Òµ,32.65,33.6,32.35,33.54,33.89,-1.24,-3.6589,12.2838,10619367,350461977.0,8489000000.0,2822592500.0
2016-09-29,'603669,Áé¿µÒ©Òµ,33.89,34.91,32.03,32.55,32.03,1.86,5.8071,20.2099,17471427,585763230.0,8811400000.0,2929790500.0
2016-09-28,'603669,Áé¿µÒ©Òµ,32.03,32.03,28.88,28.98,29.12,2.91,9.9931,16.6192,14367286,448155140.0,8327800000.0,2768993500.0
2016-09-27,'603669,Áé¿µÒ©Òµ,29.12,29.13,28.21,28.28,28.45,0.67,2.355,3.0812,2663720,76707085.0,7571200000.0,2517424000.0
2016-09-26,'603669,Áé¿µÒ©Òµ,28.45,28.9,28.3,28.6,28.63,-0.18,-0.6287,1.9989,1728011,49428012.0,7397000000.0,2459502500.0
2016-09-23,'603669,Áé¿µÒ©Òµ,28.63,28.74,28.18,28.2,28.14,0.49,1.7413,2.4458,2114367,60255509.0,7443800000.0,2475063500.0
2016-09-22,'603669,Áé¿µÒ©Òµ,28.14,28.21,28.03,28.1,28.0,0.14,0.5,0.963,832551,23435480.0,7316400000.0,2432703000.0
2016-09-21,'603669,Áé¿µÒ©Òµ,28.0,28.08,27.71,27.9,27.79,0.21,0.7557,0.8155,705002,19709253.0,7280000000.0,2420600000.0
2016-09-20,'603669,Áé¿µÒ©Òµ,27.79,28.41,27.61,28.41,28.34,-0.55,-1.9407,1.2625,1091400,30542075.0,7225400000.0,2402445500.0
2016-09-19,'603669,Áé¿µÒ©Òµ,28.34,28.38,28.03,28.03,28.01,0.33,1.1782,0.6768,585059,16519331.0,7368400000.0,2449993000.0
2016-09-14,'603669,Áé¿µÒ©Òµ,28.01,28.15,27.8,27.89,27.99,0.02,0.0715,0.695,600855,16817693.0,7282600000.0,2421464500.0
2016-09-13,'603669,Áé¿µÒ©Òµ,27.99,28.3,27.75,28.3,28.06,-0.07,-0.2495,1.0378,897213,25111236.0,7277400000.0,2419735500.0
2016-09-12,'603669,Áé¿µÒ©Òµ,28.06,28.49,27.7,28.35,28.82,-0.76,-2.6371,1.2636,1092345,30724232.0,7295600000.0,2425787000.0
2016-09-09,'603669,Áé¿µÒ©Òµ,28.82,29.12,28.81,29.12,29.02,-0.2,-0.6892,1.247,1077990,31181824.0,7493200000.0,2491489000.0
2016-09-08,'603669,Áé¿µÒ©Òµ,29.02,29.06,28.84,28.99,28.99,0.03,0.1035,1.3637,1178921,34129928.0,7545200000.0,2508779000.0
2016-09-07,'603669,Áé¿µÒ©Òµ,28.99,29.0,28.7,28.89,28.85,0.14,0.4853,1.8901,1633960,47204780.0,7537400000.0,2506185500.0
2016-09-06,'603669,Áé¿µÒ©Òµ,28.85,28.86,28.23,28.58,28.58,0.27,0.9447,1.4808,1280173,36552956.0,7501000000.0,2494082500.0
2016-09-05,'603669,Áé¿µÒ©Òµ,28.58,28.96,28.53,28.59,28.57,0.01,0.035,0.8749,756384,21678772.0,7430800000.0,2470741000.0
2016-09-02,'603669,Áé¿µÒ©Òµ,28.57,28.69,28.3,28.48,28.53,0.04,0.1402,0.9422,814510,23222828.0,7428200000.0,2469876500.0
2016-09-01,'603669,Áé¿µÒ©Òµ,28.53,28.96,28.51,28.78,28.72,-0.19,-0.6616,1.0131,875789,25170700.0,7417800000.0,2466418500.0
2016-08-31,'603669,Áé¿µÒ©Òµ,28.72,28.96,28.65,28.7,28.71,0.01,0.0348,0.8649,747663,21512468.0,7467200000.0,2482844000.0
2016-08-30,'603669,Áé¿µÒ©Òµ,28.71,29.07,28.62,28.89,28.88,-0.17,-0.5886,1.2131,1048722,30193136.0,7464600000.0,2481979500.0
2016-08-29,'603669,Áé¿µÒ©Òµ,28.88,29.05,28.71,28.74,28.71,0.17,0.5921,1.7977,1554129,44893407.0,7508800000.0,2496676000.0
2016-08-26,'603669,Áé¿µÒ©Òµ,28.71,28.88,28.2,28.2,28.22,0.49,1.7364,2.1985,1900621,54438498.0,7464600000.0,2481979500.0
2016-08-25,'603669,Áé¿µÒ©Òµ,28.22,28.41,27.88,28.41,28.4,-0.18,-0.6338,1.1524,996211,28036878.0,7337200000.0,2439619000.0
2016-08-24,'603669,Áé¿µÒ©Òµ,28.4,28.56,28.0,28.0,28.0,0.4,1.4286,1.4675,1268695,35972207.0,7384000000.0,2455180000.0
2016-08-23,'603669,Áé¿µÒ©Òµ,28.0,28.18,27.9,27.95,27.95,0.05,0.1789,0.806,696800,19546911.0,7280000000.0,2420600000.0
2016-08-22,'603669,Áé¿µÒ©Òµ,27.95,28.51,27.86,28.49,28.59,-0.64,-2.2385,2.8581,2470816,69466416.0,7267000000.0,2416277500.0
2016-08-19,'603669,Áé¿µÒ©Òµ,28.59,28.62,28.36,28.45,28.47,0.12,0.4215,0.9154,791329,22553466.0,7433400000.0,2471605500.0
2016-08-18,'603669,Áé¿µÒ©Òµ,28.47,28.68,28.41,28.61,28.55,-0.08,-0.2802,1.0922,944220,26890590.0,7402200000.0,2461231500.0
2016-08-17,'603669,Áé¿µÒ©Òµ,28.55,28.75,28.21,28.5,28.39,0.16,0.5636,1.2459,1077040,30802810.0,7423000000.0,2468147500.0
2016-08-16,'603669,Áé¿µÒ©Òµ,28.39,28.69,28.18,28.18,28.31,0.08,0.2826,1.3968,1207494,34326052.0,7381400000.0,2454315500.0
2016-08-15,'603669,Áé¿µÒ©Òµ,28.31,28.33,27.62,27.62,27.62,0.69,2.4982,1.9252,1664334,46685579.0,7360600000.0,2447399500.0
2016-08-12,'603669,Áé¿µÒ©Òµ,27.62,27.64,27.33,27.4,27.4,0.22,0.8029,0.7476,646324,17758563.0,7181200000.0,2387749000.0
2016-08-11,'603669,Áé¿µÒ©Òµ,27.4,27.83,27.35,27.83,27.83,-0.43,-1.5451,0.9943,859541,23720517.0,7124000000.0,2368730000.0
2016-08-10,'603669,Áé¿µÒ©Òµ,27.83,28.08,27.8,27.91,28.02,-0.19,-0.6781,0.9287,802900,22408295.0,7235800000.0,2405903500.0
2016-08-09,'603669,Áé¿µÒ©Òµ,28.02,28.05,27.8,27.9,27.9,0.12,0.4301,0.8716,753496,21052940.0,7285200000.0,2422329000.0
2016-08-08,'603669,Áé¿µÒ©Òµ,27.9,27.91,27.4,27.62,27.63,0.27,0.9772,0.727,628486,17429267.0,7254000000.0,2411955000.0
2016-08-05,'603669,Áé¿µÒ©Òµ,27.63,27.81,27.57,27.72,27.82,-0.19,-0.683,0.6952,601028,16632416.0,7183800000.0,2388613500.0
2016-08-04,'603669,Áé¿µÒ©Òµ,27.82,27.92,27.53,27.85,27.59,0.23,0.8336,0.9427,814995,22605469.0,7233200000.0,2405039000.0
2016-08-03,'603669,Áé¿µÒ©Òµ,27.59,27.67,27.42,27.55,27.55,0.04,0.1452,0.8117,701676,19308229.0,7173400000.0,2385155500.0
2016-08-02,'603669,Áé¿µÒ©Òµ,27.55,27.56,27.05,27.27,27.28,0.27,0.9897,0.6913,597602,16386265.0,7163000000.0,2381697500.0
2016-08-01,'603669,Áé¿µÒ©Òµ,27.28,27.53,26.93,27.48,27.59,-0.31,-1.1236,1.0929,944806,25617472.0,7092800000.0,2358356000.0
2016-07-29,'603669,Áé¿µÒ©Òµ,27.59,27.78,27.36,27.6,27.5,0.09,0.3273,1.1761,1016777,28017497.0,7173400000.0,2385155500.0
2016-07-28,'603669,Áé¿µÒ©Òµ,27.5,27.87,27.33,27.7,27.77,-0.27,-0.9723,1.751,1513776,41785788.0,7150000000.0,2377375000.0
2016-07-27,'603669,Áé¿µÒ©Òµ,27.77,29.14,27.32,29.14,29.06,-1.29,-4.4391,3.0997,2679730,75527946.0,7220200000.0,2400716500.0
2016-07-26,'603669,Áé¿µÒ©Òµ,29.06,29.08,28.69,28.7,28.76,0.3,1.0431,1.3026,1126096,32588118.0,7555600000.0,2512237000.0
2016-07-25,'603669,Áé¿µÒ©Òµ,28.76,29.05,28.7,28.82,28.78,-0.02,-0.0695,1.2845,1110428,32047850.0,7477600000.0,2486302000.0
2016-07-22,'603669,Áé¿µÒ©Òµ,28.78,29.51,28.76,29.51,29.4,-0.62,-2.1088,2.7279,2358291,68508585.0,7482800000.0,2488031000.0
2016-07-21,'603669,Áé¿µÒ©Òµ,29.4,29.64,29.31,29.5,29.58,-0.18,-0.6085,2.6832,2319618,68406803.0,7644000000.0,2541630000.0
2016-07-20,'603669,Áé¿µÒ©Òµ,29.58,30.32,29.49,29.86,29.46,0.12,0.4073,5.1002,4409105,131623093.0,7690800000.0,2557191000.0
2016-07-19,'603669,Áé¿µÒ©Òµ,29.46,29.59,29.11,29.11,29.35,0.11,0.3748,3.3602,2904854,85470932.0,7659600000.0,2546817000.0
2016-07-18,'603669,Áé¿µÒ©Òµ,29.35,29.63,29.1,29.35,29.54,-0.19,-0.6432,2.6913,2326634,68397735.0,7631000000.0,2537307500.0
2016-07-15,'603669,Áé¿µÒ©Òµ,29.54,29.75,29.24,29.28,29.22,0.32,1.0951,2.4942,2156239,63602512.0,7680400000.0,2553733000.0
2016-07-14,'603669,Áé¿µÒ©Òµ,29.22,29.52,29.08,29.52,29.58,-0.36,-1.217,2.7253,2356062,68916545.0,7597200000.0,2526069000.0
2016-07-13,'603669,Áé¿µÒ©Òµ,29.58,29.74,29.28,29.5,29.54,0.04,0.1354,2.8758,2486092,73291488.0,7690800000.0,2557191000.0
2016-07-12,'603669,Áé¿µÒ©Òµ,29.54,29.64,28.72,29.45,29.46,0.08,0.2716,4.1399,3578907,104373974.0,7680400000.0,2553733000.0
2016-07-11,'603669,Áé¿µÒ©Òµ,29.46,30.4,29.39,29.9,29.96,-0.5,-1.6689,3.7114,3208499,95581674.0,7659600000.0,2546817000.0
2016-07-08,'603669,Áé¿µÒ©Òµ,29.96,30.7,29.93,30.14,30.13,-0.17,-0.5642,3.9249,3393076,102672279.0,7789600000.0,2590042000.0
2016-07-07,'603669,Áé¿µÒ©Òµ,30.13,31.39,30.0,30.03,30.23,-0.1,-0.3308,7.0058,6056499,185195391.0,7833800000.0,2604738500.0
2016-07-06,'603669,Áé¿µÒ©Òµ,30.23,30.75,29.16,29.16,29.36,0.87,2.9632,5.351,4625902,138920444.0,7859800000.0,2613383500.0
2016-07-05,'603669,Áé¿µÒ©Òµ,29.36,29.56,29.12,29.34,29.34,0.02,0.0682,2.7072,2340348,68603036.0,7633600000.0,2538172000.0
2016-07-04,'603669,Áé¿µÒ©Òµ,29.34,29.38,28.8,28.9,28.98,0.36,1.2422,2.5489,2203527,64478256.0,7628400000.0,2536443000.0
2016-07-01,'603669,Áé¿µÒ©Òµ,28.98,29.28,28.78,28.99,29.03,-0.05,-0.1722,1.2543,1084369,31475195.0,7534800000.0,2505321000.0
2016-06-30,'603669,Áé¿µÒ©Òµ,29.03,29.29,28.9,29.29,29.21,-0.18,-0.6162,2.1608,1868047,54276668.0,7547800000.0,2509643500.0
2016-06-29,'603669,Áé¿µÒ©Òµ,29.21,29.48,29.01,29.32,29.28,-0.07,-0.2391,2.1,1815440,53009108.0,7594600000.0,2525204500.0
2016-06-28,'603669,Áé¿µÒ©Òµ,29.28,29.47,28.3,28.66,28.76,0.52,1.8081,4.0394,3492025,101707455.0,7612800000.0,2531256000.0
2016-06-27,'603669,Áé¿µÒ©Òµ,28.76,28.88,27.71,27.82,28.22,0.54,1.9135,1.8735,1619667,46224663.0,7477600000.0,2486302000.0
2016-06-24,'603669,Áé¿µÒ©Òµ,28.22,28.89,27.5,28.65,28.46,-0.24,-0.8433,2.6104,2256679,63950413.0,7337200000.0,2439619000.0
2016-06-23,'603669,Áé¿µÒ©Òµ,28.46,29.16,28.2,29.05,28.99,-0.53,-1.8282,2.3616,2041600,58309468.0,7399600000.0,2460367000.0
2016-06-22,'603669,Áé¿µÒ©Òµ,28.99,29.08,28.2,28.2,28.76,0.23,0.7997,1.8231,1576054,45364273.0,7537400000.0,2506185500.0
2016-06-21,'603669,Áé¿µÒ©Òµ,28.76,29.74,28.6,29.7,29.68,-0.92,-3.0997,2.7769,2400641,69931363.0,7477600000.0,2486302000.0
2016-06-20,'603669,Áé¿µÒ©Òµ,29.68,29.79,29.01,29.43,29.56,0.12,0.406,2.3213,2006764,58984888.0,7716800000.0,2565836000.0
2016-06-17,'603669,Áé¿µÒ©Òµ,29.56,29.74,28.58,28.6,28.57,0.99,3.4652,4.9204,4253719,124690287.0,7685600000.0,2555462000.0
2016-06-16,'603669,Áé¿µÒ©Òµ,28.57,29.33,28.5,29.25,29.25,-0.68,-2.3248,3.2115,2776328,80091260.0,7428200000.0,2469876500.0
2016-06-15,'603669,XDÁé¿µÒ©,29.25,29.58,28.24,28.44,28.65,0.6,2.0942,5.3667,4639547,135130136.0,7605000000.0,2528662500.0
2016-06-14,'603669,Áé¿µÒ©Òµ,29.05,29.19,27.77,27.85,28.13,0.92,3.2705,4.1305,3570821,101567804.0,7553000000.0,2511372500.0
2016-06-13,'603669,Áé¿µÒ©Òµ,28.13,29.86,28.05,28.3,29.03,-0.9,-3.1002,6.049,5229403,150777447.0,7313800000.0,2431838500.0
2016-06-08,'603669,Áé¿µÒ©Òµ,29.03,29.87,27.8,28.02,27.61,1.42,5.1431,7.8451,6782124,195695273.0,7547800000.0,2509643500.0
2016-06-07,'603669,Áé¿µÒ©Òµ,27.61,27.62,27.2,27.22,27.23,0.38,1.3955,2.7238,2354686,64660913.0,7178600000.0,2386884500.0
2016-06-06,'603669,Áé¿µÒ©Òµ,27.23,27.64,27.12,27.56,27.53,-0.3,-1.0897,2.1268,1838649,50327694.0,7079800000.0,2354033500.0
2016-06-03,'603669,Áé¿µÒ©Òµ,27.53,27.69,26.9,27.25,27.24,0.29,1.0646,3.5356,3056530,83696609.0,7157800000.0,2379968500.0
2016-06-02,'603669,Áé¿µÒ©Òµ,27.24,27.32,26.85,26.85,26.98,0.26,0.9637,2.4844,2147738,58295279.0,7082400000.0,2354898000.0
2016-06-01,'603669,Áé¿µÒ©Òµ,26.98,27.28,26.89,27.14,27.1,-0.12,-0.4428,3.1109,2689335,72810900.0,7014800000.0,2332421000.0
2016-05-31,'603669,Áé¿µÒ©Òµ,27.1,27.14,26.21,26.21,26.24,0.86,3.2774,4.5766,3956492,106206634.0,7046000000.0,2342795000.0
2016-05-30,'603669,Áé¿µÒ©Òµ,26.24,26.46,25.91,26.35,26.37,-0.13,-0.493,1.2222,1056570,27691130.0,6822400000.0,2268448000.0
2016-05-27,'603669,Áé¿µÒ©Òµ,26.37,26.73,26.05,26.15,26.15,0.22,0.8413,2.979,1936323,51264203.0,6856200000.0,1714050000.0
2016-05-26,'603669,Áé¿µÒ©Òµ,26.15,26.16,25.66,25.99,25.99,0.16,0.6156,1.4858,965779,24974700.0,6799000000.0,1699750000.0
2016-05-25,'603669,Áé¿µÒ©Òµ,25.99,26.4,25.9,26.18,26.0,-0.01,-0.0385,1.7859,1160828,30340504.0,6757400000.0,1689350000.0
2016-05-24,'603669,Áé¿µÒ©Òµ,26.0,26.28,25.72,26.28,26.38,-0.38,-1.4405,1.529,993871,25805332.0,6760000000.0,1690000000.0
2016-05-23,'603669,Áé¿µÒ©Òµ,26.38,26.53,26.1,26.15,26.07,0.31,1.1891,1.6904,1098728,28975529.0,6858800000.0,1714700000.0
2016-05-20,'603669,Áé¿µÒ©Òµ,26.07,26.12,25.65,25.78,25.81,0.26,1.0074,1.1749,763663,19786127.0,6778200000.0,1694550000.0
2016-05-19,'603669,Áé¿µÒ©Òµ,25.81,26.29,25.71,25.72,25.7,0.11,0.428,1.3337,866899,22514234.0,6710600000.0,1677650000.0
2016-05-18,'603669,Áé¿µÒ©Òµ,25.7,26.41,25.6,26.41,26.51,-0.81,-3.0555,2.6422,1717418,44564800.0,6682000000.0,1670500000.0
2016-05-17,'603669,Áé¿µÒ©Òµ,26.51,26.84,26.36,26.7,26.71,-0.2,-0.7488,2.2968,1492909,39607064.0,6892600000.0,1723150000.0
2016-05-16,'603669,Áé¿µÒ©Òµ,26.71,26.75,26.28,26.35,26.55,0.16,0.6026,2.5437,1653391,43710808.0,6944600000.0,1736150000.0
2016-05-13,'603669,Áé¿µÒ©Òµ,26.55,26.9,26.39,26.7,26.79,-0.24,-0.8959,1.8026,1171677,31185188.0,6903000000.0,1725750000.0
2016-05-12,'603669,Áé¿µÒ©Òµ,26.79,26.9,26.21,26.59,27.0,-0.21,-0.7778,2.3619,1535221,40830002.0,6965400000.0,1741350000.0
2016-05-11,'603669,Áé¿µÒ©Òµ,27.0,27.38,26.46,26.6,26.42,0.58,2.1953,3.8443,2498797,67397336.0,7020000000.0,1755000000.0
2016-05-10,'603669,Áé¿µÒ©Òµ,26.42,26.65,26.26,26.36,26.31,0.11,0.4181,1.7463,1135084,30013411.0,6869200000.0,1717300000.0
2016-05-09,'603669,Áé¿µÒ©Òµ,26.31,27.0,26.25,27.0,27.17,-0.86,-3.1653,3.3218,2159195,57521500.0,6840600000.0,1710150000.0
2016-05-06,'603669,Áé¿µÒ©Òµ,27.17,28.2,27.12,28.1,28.06,-0.89,-3.1718,3.8647,2512080,69468458.0,7064200000.0,1766050000.0
2016-05-05,'603669,Áé¿µÒ©Òµ,28.06,28.15,27.73,28.03,28.03,0.03,0.107,2.5436,1653333,46211917.0,7295600000.0,1823900000.0
2016-05-04,'603669,Áé¿µÒ©Òµ,28.03,28.26,27.58,27.78,27.77,0.26,0.9363,4.5301,2944581,82571091.0,7287800000.0,1821950000.0
2016-05-03,'603669,Áé¿µÒ©Òµ,27.77,27.78,26.96,27.13,27.01,0.76,2.8138,3.9951,2596838,71486996.0,7220200000.0,1805050000.0
2016-04-29,'603669,Áé¿µÒ©Òµ,27.01,27.29,26.9,26.9,27.21,-0.2,-0.735,1.721,1118681,30271244.0,7022600000.0,1755650000.0
2016-04-28,'603669,Áé¿µÒ©Òµ,27.21,27.62,26.69,27.62,27.49,-0.28,-1.0186,2.4473,1590722,43074589.0,7074600000.0,1768650000.0
2016-04-27,'603669,Áé¿µÒ©Òµ,27.49,27.75,27.3,27.46,27.38,0.11,0.4018,3.0005,1950305,53774905.0,7147400000.0,1786850000.0
2016-04-26,'603669,Áé¿µÒ©Òµ,27.38,27.39,26.96,27.15,27.13,0.25,0.9215,2.3156,1505166,40918537.0,7118800000.0,1779700000.0
2016-04-25,'603669,Áé¿µÒ©Òµ,27.13,27.38,26.8,27.35,27.35,-0.22,-0.8044,2.3212,1508808,40693296.0,7053800000.0,1763450000.0
2016-04-22,'603669,Áé¿µÒ©Òµ,27.35,27.63,26.86,27.3,27.29,0.06,0.2199,3.4601,2249047,61118009.0,7111000000.0,1777750000.0
2016-04-21,'603669,Áé¿µÒ©Òµ,27.29,27.97,27.18,27.52,27.59,-0.3,-1.0874,2.5188,1637226,45124645.0,7095400000.0,1773850000.0
2016-04-20,'603669,Áé¿µÒ©Òµ,27.59,29.65,27.18,29.5,29.41,-1.82,-6.1884,5.1355,3338080,93969041.0,7173400000.0,1793350000.0
2016-04-19,'603669,Áé¿µÒ©Òµ,29.41,29.91,29.2,29.69,29.62,-0.21,-0.709,2.9102,1891611,55650214.0,7646600000.0,1911650000.0
2016-04-18,'603669,Áé¿µÒ©Òµ,29.62,29.89,29.48,29.58,29.93,-0.31,-1.0358,3.0659,1992841,59106241.0,7701200000.0,1925300000.0
2016-04-15,'603669,Áé¿µÒ©Òµ,29.93,30.51,29.58,30.51,30.88,-0.95,-3.0764,7.259,4718344,140950893.0,7781800000.0,1945450000.0
2016-04-14,'603669,Áé¿µÒ©Òµ,30.88,30.98,30.43,30.92,30.84,0.04,0.1297,3.5198,2287851,70277887.0,8028800000.0,2007200000.0
2016-04-13,'603669,Áé¿µÒ©Òµ,30.84,30.98,30.26,30.33,30.23,0.61,2.0179,4.9093,3191032,97865140.0,8018400000.0,2004600000.0
2016-04-12,'603669,Áé¿µÒ©Òµ,30.23,30.72,29.8,30.2,30.34,-0.11,-0.3626,3.5581,2312784,69838620.0,7859800000.0,1964950000.0
2016-04-11,'603669,Áé¿µÒ©Òµ,30.34,31.44,30.25,30.83,30.65,-0.31,-1.0114,6.4744,4208355,129590679.0,7888400000.0,1972100000.0
2016-04-08,'603669,Áé¿µÒ©Òµ,30.65,30.7,29.22,29.5,29.79,0.86,2.8869,5.977,3885037,117260168.0,7969000000.0,1992250000.0
2016-04-07,'603669,Áé¿µÒ©Òµ,29.79,30.3,29.1,29.99,29.7,0.09,0.303,5.4788,3561197,106183459.0,7745400000.0,1936350000.0
2016-04-06,'603669,Áé¿µÒ©Òµ,29.7,29.93,29.27,29.5,29.49,0.21,0.7121,3.2036,2082335,61572849.0,7722000000.0,1930500000.0
2016-04-05,'603669,Áé¿µÒ©Òµ,29.49,29.58,28.68,28.98,28.88,0.61,2.1122,3.3194,2157584,63047706.0,7667400000.0,1916850000.0
2016-04-01,'603669,Áé¿µÒ©Òµ,28.88,29.4,28.04,29.1,29.35,-0.47,-1.6014,3.3686,2189594,62831722.0,7508800000.0,1877200000.0
2016-03-31,'603669,Áé¿µÒ©Òµ,29.35,29.86,29.02,29.86,29.66,-0.31,-1.0452,4.5913,2984346,87822871.0,7631000000.0,1907750000.0
2016-03-30,'603669,Áé¿µÒ©Òµ,29.66,30.3,27.76,27.76,27.62,2.04,7.386,5.8375,3794404,111333642.0,7711600000.0,1927900000.0
2016-03-29,'603669,Áé¿µÒ©Òµ,27.62,28.49,27.37,28.3,28.37,-0.75,-2.6436,2.028,1318171,36734653.0,7181200000.0,1795300000.0
2016-03-28,'603669,Áé¿µÒ©Òµ,28.37,29.09,28.34,28.87,28.69,-0.32,-1.1154,2.7022,1756428,50488424.0,7376200000.0,1844050000.0
2016-03-25,'603669,Áé¿µÒ©Òµ,28.69,28.89,28.3,28.36,28.37,0.32,1.128,2.0971,1363124,39000930.0,7459400000.0,1864850000.0
2016-03-24,'603669,Áé¿µÒ©Òµ,28.37,28.95,28.2,28.8,29.09,-0.72,-2.4751,2.5524,1659055,47550336.0,7376200000.0,1844050000.0
2016-03-23,'603669,Áé¿µÒ©Òµ,29.09,29.2,28.56,28.7,28.7,0.39,1.3589,3.3372,2169194,62620599.0,7563400000.0,1890850000.0
2016-03-22,'603669,Áé¿µÒ©Òµ,28.7,28.9,28.5,28.7,29.07,-0.37,-1.2728,3.303,2146934,61639492.0,7462000000.0,1865500000.0
2016-03-21,'603669,Áé¿µÒ©Òµ,29.07,29.08,28.5,28.7,28.58,0.49,1.7145,5.074,3298115,94878077.0,7558200000.0,1889550000.0
2016-03-18,'603669,Áé¿µÒ©Òµ,28.58,28.75,27.2,27.84,27.79,0.79,2.8427,4.3718,2841695,80482927.0,7430800000.0,1857700000.0
2016-03-17,'603669,Áé¿µÒ©Òµ,27.79,27.86,27.09,27.2,26.9,0.89,3.3086,2.9257,1901693,52367478.0,7225400000.0,1806350000.0
2016-03-16,'603669,Áé¿µÒ©Òµ,26.9,27.59,26.8,27.36,27.29,-0.39,-1.4291,1.212,787780,21343764.0,6994000000.0,1748500000.0
2016-03-15,'603669,Áé¿µÒ©Òµ,27.29,27.77,27.12,27.77,27.78,-0.49,-1.7639,1.6375,1064353,29083459.0,7095400000.0,1773850000.0
2016-03-14,'603669,Áé¿µÒ©Òµ,27.78,27.93,26.92,26.92,26.79,0.99,3.6954,2.7947,1816532,50272279.0,7222800000.0,1805700000.0
2016-03-11,'603669,Áé¿µÒ©Òµ,26.79,27.06,26.08,26.3,26.44,0.35,1.3238,1.2338,802000,21395695.0,6965400000.0,1741350000.0
2016-03-10,'603669,Áé¿µÒ©Òµ,26.44,27.25,26.41,26.95,27.01,-0.57,-2.1103,1.4558,946262,25337275.0,6874400000.0,1718600000.0
2016-03-09,'603669,Áé¿µÒ©Òµ,27.01,27.78,26.9,27.5,28.16,-1.15,-4.0838,2.437,1584035,43238632.0,7022600000.0,1755650000.0
2016-03-08,'603669,Áé¿µÒ©Òµ,28.16,28.19,26.18,27.1,26.93,1.23,4.5674,4.0799,2651966,72810706.0,7321600000.0,1830400000.0
2016-03-07,'603669,Áé¿µÒ©Òµ,26.93,27.36,26.6,26.6,26.46,0.47,1.7763,1.1797,766825,20743193.0,7001800000.0,1750450000.0
2016-03-04,'603669,Áé¿µÒ©Òµ,26.46,27.57,26.05,27.5,27.6,-1.14,-4.1304,1.9527,1269265,33915855.0,6879600000.0,1719900000.0
2016-03-03,'603669,Áé¿µÒ©Òµ,27.6,28.07,27.4,27.69,27.69,-0.09,-0.325,1.936,1258424,34885723.0,7176000000.0,1794000000.0
2016-03-02,'603669,Áé¿µÒ©Òµ,27.69,27.8,26.38,26.45,26.43,1.26,4.7673,2.7443,1783814,48149754.0,7199400000.0,1799850000.0
2016-03-01,'603669,Áé¿µÒ©Òµ,26.43,26.83,25.8,26.2,26.01,0.42,1.6148,1.6725,1087128,28616538.0,6871800000.0,1717950000.0
2016-02-29,'603669,Áé¿µÒ©Òµ,26.01,27.53,25.7,27.5,27.53,-1.52,-5.5212,2.1437,1393414,36541459.0,6762600000.0,1690650000.0
2016-02-26,'603669,Áé¿µÒ©Òµ,27.53,27.99,27.0,27.65,27.31,0.22,0.8056,1.6825,1093634,30099907.0,7157800000.0,1789450000.0
2016-02-25,'603669,Áé¿µÒ©Òµ,27.31,30.25,27.28,30.01,30.31,-3.0,-9.8977,3.241,2106646,60101923.0,7100600000.0,1775150000.0
2016-02-24,'603669,Áé¿µÒ©Òµ,30.31,30.49,29.59,30.2,30.3,0.01,0.033,1.9505,1267857,38047370.0,7880600000.0,1970150000.0
2016-02-23,'603669,Áé¿µÒ©Òµ,30.3,30.88,29.93,30.65,30.72,-0.42,-1.3672,2.1915,1424451,43295741.0,7878000000.0,1969500000.0
2016-02-22,'603669,Áé¿µÒ©Òµ,30.72,30.95,30.18,30.6,30.23,0.49,1.6209,2.6407,1716437,52446250.0,7987200000.0,1996800000.0
2016-02-19,'603669,Áé¿µÒ©Òµ,30.23,30.9,29.77,30.31,30.42,-0.19,-0.6246,2.6589,1728304,52615062.0,7859800000.0,1964950000.0
2016-02-18,'603669,Áé¿µÒ©Òµ,30.42,31.48,30.41,31.26,31.16,-0.74,-2.3748,2.1362,1388547,42743388.0,7909200000.0,1977300000.0
2016-02-17,'603669,Áé¿µÒ©Òµ,31.16,31.3,30.41,31.2,31.24,-0.08,-0.2561,2.2914,1489396,46048499.0,8101600000.0,2025400000.0
2016-02-16,'603669,Áé¿µÒ©Òµ,31.24,31.37,30.27,30.27,30.27,0.97,3.2045,2.4933,1620662,50221610.0,8122400000.0,2030600000.0
2016-02-15,'603669,Áé¿µÒ©Òµ,30.27,30.69,28.8,28.95,29.98,0.29,0.9673,1.8517,1203573,36087755.0,7870200000.0,1967550000.0
2016-02-05,'603669,Áé¿µÒ©Òµ,29.98,30.58,29.9,30.3,30.25,-0.27,-0.8926,1.9402,1261157,38183972.0,7794800000.0,1948700000.0
2016-02-04,'603669,Áé¿µÒ©Òµ,30.25,30.6,29.71,29.88,29.79,0.46,1.5441,2.7491,1786894,54008677.0,7865000000.0,1966250000.0
2016-02-03,'603669,Áé¿µÒ©Òµ,29.79,29.96,28.8,29.07,29.46,0.33,1.1202,2.2241,1445680,42532835.0,7745400000.0,1936350000.0
2016-02-02,'603669,Áé¿µÒ©Òµ,29.46,29.71,28.0,28.05,27.78,1.68,6.0475,3.6893,2398031,70020577.0,7659600000.0,1914900000.0
2016-02-01,'603669,Áé¿µÒ©Òµ,27.78,28.82,27.3,28.6,28.67,-0.89,-3.1043,2.3465,1525199,43037745.0,7222800000.0,1805700000.0
2016-01-29,'603669,Áé¿µÒ©Òµ,28.67,28.93,26.61,26.9,26.47,2.2,8.3113,3.126,2031891,56450537.0,7454200000.0,1863550000.0
2016-01-28,'603669,Áé¿µÒ©Òµ,26.47,27.75,26.31,27.55,27.77,-1.3,-4.6813,2.6539,1725011,46848424.0,6882200000.0,1720550000.0
2016-01-27,'603669,Áé¿µÒ©Òµ,27.77,28.35,26.01,27.95,27.75,0.02,0.0721,3.4703,2255675,60844274.0,7220200000.0,1805050000.0
2016-01-26,'603669,Áé¿µÒ©Òµ,27.75,30.0,27.4,30.0,30.31,-2.56,-8.4461,4.0786,2651112,75900929.0,7215000000.0,1803750000.0
2016-01-25,'603669,Áé¿µÒ©Òµ,30.31,30.48,29.8,30.45,30.19,0.12,0.3975,3.0021,1951355,58715189.0,7880600000.0,1970150000.0
2016-01-22,'603669,Áé¿µÒ©Òµ,30.19,30.38,28.85,28.88,28.44,1.75,6.1533,8.0063,5204101,154393644.0,7849400000.0,1962350000.0
2016-01-21,'603669,Áé¿µÒ©Òµ,28.44,29.61,28.27,28.96,29.4,-0.96,-3.2653,4.9501,3217553,93190995.0,7394400000.0,1848600000.0
2016-01-20,'603669,Áé¿µÒ©Òµ,29.4,30.2,28.6,28.78,28.66,0.74,2.582,6.0168,3910947,115184672.0,7644000000.0,1911000000.0
2016-01-19,'603669,Áé¿µÒ©Òµ,28.66,28.7,27.41,27.41,27.46,1.2,4.37,4.0431,2628018,73998348.0,7451600000.0,1862900000.0
2016-01-18,'603669,Áé¿µÒ©Òµ,27.46,27.75,26.11,26.16,26.7,0.76,2.8464,3.3896,2203261,60061445.0,7139600000.0,1784900000.0
2016-01-15,'603669,Áé¿µÒ©Òµ,26.7,27.77,26.55,27.11,27.84,-1.14,-4.0948,3.1653,2057426,55966009.0,6942000000.0,1735500000.0
2016-01-14,'603669,Áé¿µÒ©Òµ,27.84,27.95,25.85,26.03,26.9,0.94,3.4944,5.1116,3322549,89249721.0,7238400000.0,1809600000.0
2016-01-13,'603669,Áé¿µÒ©Òµ,26.9,27.86,26.88,27.2,26.94,-0.04,-0.1485,5.1753,3363940,92359120.0,6994000000.0,1748500000.0
2016-01-12,'603669,Áé¿µÒ©Òµ,26.94,27.2,26.4,27.0,26.56,0.38,1.4307,2.896,1882393,50570701.0,7004400000.0,1751100000.0
2016-01-11,'603669,Áé¿µÒ©Òµ,26.56,29.18,26.49,28.42,29.27,-2.71,-9.2586,5.5352,3597879,99525253.0,6905600000.0,1726400000.0
2016-01-08,'603669,Áé¿µÒ©Òµ,29.27,29.85,27.59,29.19,28.32,0.95,3.3545,4.0529,2634365,76608128.0,7610200000.0,1902550000.0
2016-01-07,'603669,Áé¿µÒ©Òµ,28.32,30.9,28.18,30.51,31.27,-2.95,-9.434,0.9525,619100,18358644.0,7363200000.0,1840800000.0
2016-01-06,'603669,Áé¿µÒ©Òµ,31.27,31.3,30.4,30.9,30.49,0.78,2.5582,3.5416,2302050,71120742.0,8130200000.0,2032550000.0
2016-01-05,'603669,Áé¿µÒ©Òµ,30.49,31.77,29.23,30.01,31.43,-0.94,-2.9908,5.6867,3696366,112797509.0,7927400000.0,1981850000.0
2016-01-04,'603669,Áé¿µÒ©Òµ,31.43,35.01,31.41,35.01,34.89,-3.46,-9.9169,4.1615,2704993,89076667.0,8171800000.0,2042950000.0
2015-12-31,'603669,Áé¿µÒ©Òµ,34.89,36.12,34.8,36.09,35.99,-1.1,-3.0564,4.0317,2620576,92519666.0,9071400000.0,2267850000.0
2015-12-30,'603669,Áé¿µÒ©Òµ,35.99,36.3,34.93,35.19,34.96,1.03,2.9462,5.6347,3662554,130736790.0,9357400000.0,2339350000.0
2015-12-29,'603669,Áé¿µÒ©Òµ,34.96,34.97,34.31,34.57,34.64,0.32,0.9238,4.1381,2689781,93228504.0,9089600000.0,2272400000.0
2015-12-28,'603669,Áé¿µÒ©Òµ,34.64,36.81,34.61,36.6,36.35,-1.71,-4.7043,6.9744,4533377,161669026.0,9006400000.0,2251600000.0
2015-12-25,'603669,Áé¿µÒ©Òµ,36.35,37.19,36.15,36.65,36.21,0.14,0.3866,5.8294,3789091,138861222.0,9451000000.0,2362750000.0
2015-12-24,'603669,Áé¿µÒ©Òµ,36.21,36.29,34.68,34.95,35.21,1.0,2.8401,5.8548,3805632,135103858.0,9414600000.0,2353650000.0
2015-12-23,'603669,Áé¿µÒ©Òµ,35.21,37.18,35.01,36.01,36.1,-0.89,-2.4654,8.1836,5319322,192455934.0,9154600000.0,2288650000.0
2015-12-22,'603669,Áé¿µÒ©Òµ,36.1,36.14,35.15,35.5,35.14,0.96,2.7319,8.9135,5793745,206206126.0,9386000000.0,2346500000.0
2015-12-21,'603669,Áé¿µÒ©Òµ,35.14,35.4,34.55,34.78,34.88,0.26,0.7454,6.3614,4134940,145269437.0,9136400000.0,2284100000.0
2015-12-18,'603669,Áé¿µÒ©Òµ,34.88,35.5,34.41,34.41,34.41,0.47,1.3659,8.5164,5535661,193410767.0,9068800000.0,2267200000.0
2015-12-17,'603669,Áé¿µÒ©Òµ,34.41,34.43,33.56,33.56,33.39,1.02,3.0548,7.3749,4793677,163113203.0,8946600000.0,2236650000.0
2015-12-16,'603669,Áé¿µÒ©Òµ,33.39,33.85,32.85,32.99,32.77,0.62,1.892,6.4685,4204497,140284534.0,8681400000.0,2170350000.0
2015-12-15,'603669,Áé¿µÒ©Òµ,32.77,33.19,32.65,32.91,32.79,-0.02,-0.061,3.7565,2441742,80384921.0,8520200000.0,2130050000.0
2015-12-14,'603669,Áé¿µÒ©Òµ,32.79,32.96,31.96,31.98,32.22,0.57,1.7691,3.7275,2422879,79019687.0,8525400000.0,2131350000.0
2015-12-11,'603669,Áé¿µÒ©Òµ,32.22,32.78,32.15,32.32,32.47,-0.25,-0.7699,2.4497,1592279,51632976.0,8377200000.0,2094300000.0
2015-12-10,'603669,Áé¿µÒ©Òµ,32.47,33.62,32.45,33.21,33.16,-0.69,-2.0808,3.739,2430351,79959048.0,8442200000.0,2110550000.0
2015-12-09,'603669,Áé¿µÒ©Òµ,33.16,33.68,33.01,33.25,33.58,-0.42,-1.2507,3.284,2134579,71138746.0,8621600000.0,2155400000.0
2015-12-08,'603669,Áé¿µÒ©Òµ,33.58,34.3,33.36,34.0,33.9,-0.32,-0.944,4.7203,3068206,103837411.0,8730800000.0,2182700000.0
2015-12-07,'603669,Áé¿µÒ©Òµ,33.9,34.25,33.35,34.1,33.98,-0.08,-0.2354,4.224,2745569,92838266.0,8814000000.0,2203500000.0
2015-12-04,'603669,Áé¿µÒ©Òµ,33.98,34.58,33.12,33.43,33.6,0.38,1.131,5.9721,3881886,132173580.0,8834800000.0,2208700000.0
2015-12-03,'603669,Áé¿µÒ©Òµ,33.6,33.63,32.68,32.7,32.72,0.88,2.6895,4.5,2925008,97389393.0,8736000000.0,2184000000.0
2015-12-02,'603669,Áé¿µÒ©Òµ,32.72,33.54,31.28,33.5,34.01,-1.29,-3.793,6.5336,4246833,137745011.0,8507200000.0,2126800000.0
2015-12-01,'603669,Áé¿µÒ©Òµ,34.01,35.64,33.7,34.18,34.64,-0.63,-1.8187,8.7833,5709144,198066061.0,8842600000.0,2210650000.0
2015-11-30,'603669,Áé¿µÒ©Òµ,34.64,34.88,31.9,33.91,33.99,0.65,1.9123,6.5987,4289133,144296571.0,9006400000.0,2251600000.0
2015-11-27,'603669,Áé¿µÒ©Òµ,33.99,36.29,33.0,35.45,36.1,-2.11,-5.8449,7.6343,4962296,173428440.0,8837400000.0,2209350000.0
2015-11-26,'603669,Áé¿µÒ©Òµ,36.1,37.36,36.0,36.69,36.72,-0.62,-1.6885,9.4977,6173524,225925516.0,9386000000.0,2346500000.0
2015-11-25,'603669,Áé¿µÒ©Òµ,36.72,36.88,36.0,36.49,36.47,0.25,0.6855,7.2198,4692842,171465073.0,9547200000.0,2386800000.0
2015-11-24,'603669,Áé¿µÒ©Òµ,36.47,36.51,34.5,34.5,34.76,1.71,4.9194,7.751,5038133,179963217.0,9482200000.0,2370550000.0
2015-11-23,'603669,Áé¿µÒ©Òµ,34.76,35.94,34.6,35.76,35.74,-0.98,-2.742,5.303,3446957,121816903.0,9037600000.0,2259400000.0
2015-11-20,'603669,Áé¿µÒ©Òµ,35.74,36.23,35.32,35.49,35.32,0.42,1.1891,5.6764,3689688,132074515.0,9292400000.0,2323100000.0
2015-11-19,'603669,Áé¿µÒ©Òµ,35.32,35.35,33.83,34.17,33.77,1.55,4.5899,5.0232,3265055,113162463.0,9183200000.0,2295800000.0
2015-11-18,'603669,Áé¿µÒ©Òµ,33.77,35.37,33.5,35.13,35.02,-1.25,-3.5694,5.0761,3299480,113931588.0,8780200000.0,2195050000.0
2015-11-17,'603669,Áé¿µÒ©Òµ,35.02,36.77,34.8,36.3,35.7,-0.68,-1.9048,7.5023,4876525,174452322.0,9105200000.0,2276300000.0
2015-11-16,'603669,Áé¿µÒ©Òµ,35.7,35.8,33.69,34.5,35.25,0.45,1.2766,6.1086,3970601,138160067.0,9282000000.0,2320500000.0
2015-11-13,'603669,Áé¿µÒ©Òµ,35.25,38.5,34.68,37.01,38.53,-3.28,-8.5128,14.1216,9179063,334020351.0,9165000000.0,2291250000.0
2015-11-12,'603669,Áé¿µÒ©Òµ,38.53,39.19,36.11,36.29,36.1,2.43,6.7313,14.8633,9661176,362300824.0,10017800000.0,2504450000.0
2015-11-11,'603669,Áé¿µÒ©Òµ,36.1,36.18,33.99,34.12,34.32,1.78,5.1865,9.9708,6480990,228681955.0,9386000000.0,2346500000.0
2015-11-10,'603669,Áé¿µÒ©Òµ,34.32,35.6,33.88,34.1,34.62,-0.3,-0.8666,8.0512,5233298,181136239.0,8923200000.0,2230800000.0
2015-11-09,'603669,Áé¿µÒ©Òµ,34.62,35.68,32.99,33.55,33.88,0.74,2.1842,12.1466,7895289,271763858.0,9001200000.0,2250300000.0
2015-11-06,'603669,Áé¿µÒ©Òµ,33.88,33.98,32.94,32.94,32.85,1.03,3.1355,9.6338,6261983,210048912.0,8808800000.0,2202200000.0
2015-11-05,'603669,Áé¿µÒ©Òµ,32.85,33.69,32.4,33.3,33.37,-0.52,-1.5583,9.3912,6104268,201394941.0,8541000000.0,2135250000.0
2015-11-04,'603669,Áé¿µÒ©Òµ,33.37,33.58,32.11,32.31,32.28,1.09,3.3767,12.6298,8209341,270374118.0,8676200000.0,2169050000.0
2015-11-03,'603669,Áé¿µÒ©Òµ,32.28,32.85,30.9,31.34,31.27,1.01,3.2299,12.1773,7915246,252465749.0,8392800000.0,2098200000.0
2015-11-02,'603669,Áé¿µÒ©Òµ,31.27,31.94,29.3,29.7,30.26,1.01,3.3377,12.6406,8216421,255188976.0,8130200000.0,2032550000.0
2015-10-30,'603669,Áé¿µÒ©Òµ,30.26,30.5,29.5,30.22,30.47,-0.21,-0.6892,6.495,4221724,127186947.0,7867600000.0,1966900000.0
2015-10-29,'603669,Áé¿µÒ©Òµ,30.47,31.09,29.71,30.1,29.83,0.64,2.1455,8.9268,5802445,177185958.0,7922200000.0,1980550000.0
2015-10-28,'603669,Áé¿µÒ©Òµ,29.83,31.11,29.55,30.9,31.01,-1.18,-3.8052,9.3306,6064918,184561953.0,7755800000.0,1938950000.0
2015-10-27,'603669,Áé¿µÒ©Òµ,31.01,31.16,28.42,29.8,30.27,0.74,2.4447,12.78,8307012,246766683.0,8062600000.0,2015650000.0
2015-10-26,'603669,Áé¿µÒ©Òµ,30.27,30.68,29.8,30.51,30.05,0.22,0.7321,9.0319,5870756,177262024.0,7870200000.0,1967550000.0
2015-10-23,'603669,Áé¿µÒ©Òµ,30.05,30.16,29.18,29.18,28.91,1.14,3.9433,10.0514,6533382,195207850.0,7813000000.0,1953250000.0
2015-10-22,'603669,Áé¿µÒ©Òµ,28.91,29.06,27.49,27.5,27.5,1.41,5.1273,8.9888,5842716,165062642.0,7516600000.0,1879150000.0
2015-10-21,'603669,Áé¿µÒ©Òµ,27.5,30.58,27.36,30.16,30.2,-2.7,-8.9404,11.2436,7308309,213286263.0,7150000000.0,1787500000.0
2015-10-20,'603669,Áé¿µÒ©Òµ,30.2,30.48,29.75,30.21,29.7,0.5,1.6835,9.5991,6239426,187356588.0,7852000000.0,1963000000.0
2015-10-19,'603669,Áé¿µÒ©Òµ,29.7,30.63,29.2,29.97,30.02,-0.32,-1.066,10.2745,6678457,199410479.0,7722000000.0,1930500000.0
2015-10-16,'603669,Áé¿µÒ©Òµ,30.02,31.25,29.16,29.61,29.51,0.51,1.7282,12.2451,7959341,239019497.0,7805200000.0,1951300000.0
2015-10-15,'603669,Áé¿µÒ©Òµ,29.51,29.57,28.1,28.39,28.53,0.98,3.435,9.418,6121693,177715574.0,7672600000.0,1918150000.0
2015-10-14,'603669,Áé¿µÒ©Òµ,28.53,29.68,28.4,29.32,29.32,-0.79,-2.6944,7.0665,4593240,132913873.0,7417800000.0,1854450000.0
2015-10-13,'603669,Áé¿µÒ©Òµ,29.32,29.52,28.7,28.9,29.4,-0.08,-0.2721,9.026,5866893,170688284.0,7623200000.0,1905800000.0
2015-10-12,'603669,Áé¿µÒ©Òµ,29.4,29.72,27.15,27.2,27.02,2.38,8.8083,13.7886,8962615,256285185.0,7644000000.0,1911000000.0
2015-10-09,'603669,Áé¿µÒ©Òµ,27.02,27.11,26.61,26.74,26.74,0.28,1.0471,6.3876,4151929,111654965.0,7025200000.0,1756300000.0
2015-10-08,'603669,Áé¿µÒ©Òµ,26.74,27.28,26.58,26.95,25.69,1.05,4.0872,7.2768,4729921,127100759.0,6952400000.0,1738100000.0
2015-09-30,'603669,Áé¿µÒ©Òµ,25.69,26.08,25.59,25.95,25.82,-0.13,-0.5035,3.4671,2253599,58122204.0,6679400000.0,1669850000.0
2015-09-29,'603669,Áé¿µÒ©Òµ,25.82,26.25,25.4,25.72,26.22,-0.4,-1.5256,4.4978,2923564,75391523.0,6713200000.0,1678300000.0
2015-09-28,'603669,Áé¿µÒ©Òµ,26.22,26.29,25.1,25.57,25.48,0.74,2.9042,3.9546,2570503,66555499.0,6817200000.0,1704300000.0
2015-09-25,'603669,Áé¿µÒ©Òµ,25.48,27.3,25.21,27.0,26.83,-1.35,-5.0317,7.464,4851606,127577818.0,6624800000.0,1656200000.0
2015-09-24,'603669,Áé¿µÒ©Òµ,26.83,27.2,26.46,26.5,26.47,0.36,1.36,6.5466,4255315,114138557.0,6975800000.0,1743950000.0
2015-09-23,'603669,Áé¿µÒ©Òµ,26.47,26.95,26.18,26.4,26.91,-0.44,-1.6351,7.3702,4790628,127032319.0,6882200000.0,1720550000.0
2015-09-22,'603669,Áé¿µÒ©Òµ,26.91,27.27,26.1,26.26,26.29,0.62,2.3583,10.5546,6860504,183699833.0,6996600000.0,1749150000.0
2015-09-21,'603669,Áé¿µÒ©Òµ,26.29,26.5,24.61,25.0,25.0,1.29,5.16,8.5618,5565174,143480510.0,6835400000.0,1708850000.0
2015-09-18,'603669,Áé¿µÒ©Òµ,25.0,25.35,24.4,25.19,24.78,0.22,0.8878,6.1996,4029732,100362931.0,6500000000.0,1625000000.0
2015-09-17,'603669,Áé¿µÒ©Òµ,24.78,26.96,24.7,25.15,25.63,-0.85,-3.3164,11.0696,7195239,185619202.0,6442800000.0,1610700000.0
2015-09-16,'603669,Áé¿µÒ©Òµ,25.63,25.63,23.59,23.6,23.3,2.33,10.0,10.5975,6888366,168804629.0,6663800000.0,1665950000.0
2015-09-15,'603669,Áé¿µÒ©Òµ,23.3,25.5,23.28,25.0,25.87,-2.57,-9.9343,9.4505,6142842,149135811.0,6058000000.0,1514500000.0
2015-09-14,'603669,Áé¿µÒ©Òµ,25.87,29.7,25.87,29.7,28.74,-2.87,-9.9861,11.0689,7194776,196482502.0,6726200000.0,1681550000.0
2015-09-11,'603669,Áé¿µÒ©Òµ,28.74,29.2,28.0,28.6,28.72,0.02,0.0696,8.3537,5429916,155635593.0,7472400000.0,1868100000.0
2015-09-10,'603669,Áé¿µÒ©Òµ,28.72,30.28,28.69,29.91,30.72,-2.0,-6.5104,13.6775,8890348,261767934.0,7467200000.0,1866800000.0
2015-09-09,'603669,Áé¿µÒ©Òµ,30.72,31.3,29.78,30.2,30.55,0.17,0.5565,22.6762,14739521,451519990.0,7987200000.0,1996800000.0
2015-09-08,'603669,Áé¿µÒ©Òµ,30.55,31.2,28.26,28.55,29.49,1.06,3.5944,20.3764,13244659,391231088.0,7943000000.0,1985750000.0
2015-09-07,'603669,Áé¿µÒ©Òµ,29.49,29.94,27.67,28.1,28.03,1.46,5.2087,26.2017,17031102,488960965.0,7667400000.0,1916850000.0
2015-09-02,'603669,Áé¿µÒ©Òµ,28.03,29.46,24.5,25.0,26.78,1.25,4.6677,27.4408,17836550,506401067.0,7287800000.0,1821950000.0
2015-09-01,'603669,Áé¿µÒ©Òµ,26.78,28.85,24.21,26.48,26.44,0.34,1.2859,18.2179,11841659,319069906.0,6962800000.0,1740700000.0
2015-08-31,'603669,Áé¿µÒ©Òµ,26.44,28.81,26.43,28.8,29.37,-2.93,-9.9762,11.5001,7475071,207573475.0,6874400000.0,1718600000.0
2015-08-28,'603669,Áé¿µÒ©Òµ,29.37,29.68,27.09,28.0,27.67,1.7,6.1438,17.219,11192332,315485822.0,7636200000.0,1909050000.0
2015-08-27,'603669,Áé¿µÒ©Òµ,27.67,27.81,24.69,27.2,26.86,0.81,3.0156,17.857,11607028,310098858.0,7194200000.0,1798550000.0
2015-08-26,'603669,Áé¿µÒ©Òµ,26.86,27.17,24.51,25.6,24.7,2.16,8.7449,21.4763,13959622,368491447.0,6983600000.0,1745900000.0
2015-08-25,'603669,Áé¿µÒ©Òµ,24.7,27.95,24.7,24.74,27.44,-2.74,-9.9854,11.3589,7383258,189088563.0,6422000000.0,1605500000.0
2015-08-24,'603669,Áé¿µÒ©Òµ,27.44,30.01,27.44,29.11,30.49,-3.05,-10.0033,8.4814,5512897,153989852.0,7134400000.0,1783600000.0
2015-08-21,'603669,Áé¿µÒ©Òµ,30.49,33.18,30.1,32.18,32.73,-2.24,-6.8439,10.515,6834764,217100653.0,7927400000.0,1981850000.0
2015-08-20,'603669,Áé¿µÒ©Òµ,32.73,35.98,32.66,34.95,35.7,-2.97,-8.3193,11.0767,7199832,247583338.0,8509800000.0,2127450000.0
2015-08-19,'603669,Áé¿µÒ©Òµ,35.7,36.48,31.01,31.85,34.43,1.27,3.6886,16.0096,10406237,349776010.0,9282000000.0,2320500000.0
2015-08-18,'603669,Áé¿µÒ©Òµ,34.43,39.34,34.43,37.88,38.25,-3.82,-9.9869,13.802,8971278,331944304.0,8951800000.0,2237950000.0
2015-08-17,'603669,Áé¿µÒ©Òµ,38.25,40.0,37.6,39.4,39.89,-1.64,-4.1113,12.687,8246565,317458780.0,9945000000.0,2486250000.0
2015-08-14,'603669,Áé¿µÒ©Òµ,39.89,40.35,37.52,38.0,37.94,1.95,5.1397,18.8793,12271551,475488025.0,10371400000.0,2592850000.0
2015-08-13,'603669,Áé¿µÒ©Òµ,37.94,38.3,36.6,37.0,38.03,-0.09,-0.2367,12.7812,8307771,310845021.0,9864400000.0,2466100000.0
2015-08-12,'603669,Áé¿µÒ©Òµ,38.03,40.95,38.0,39.51,39.71,-1.68,-4.2307,15.6514,10173431,399464197.0,9887800000.0,2471950000.0
2015-08-11,'603669,Áé¿µÒ©Òµ,39.71,41.22,39.0,39.53,39.58,0.13,0.3284,17.9817,11688084,468517031.0,10324600000.0,2581150000.0
2015-08-10,'603669,Áé¿µÒ©Òµ,39.58,40.0,38.57,38.6,38.21,1.37,3.5854,18.4091,11965943,471202313.0,10290800000.0,2572700000.0
2015-08-07,'603669,Áé¿µÒ©Òµ,38.21,39.18,37.46,37.47,38.29,-0.08,-0.2089,19.5162,12685502,486467537.0,9934600000.0,2483650000.0
2015-08-06,'603669,Áé¿µÒ©Òµ,38.29,41.0,37.5,39.6,41.22,-2.93,-7.1082,26.5816,17278051,677461571.0,9955400000.0,2488850000.0
2015-08-05,'603669,Áé¿µÒ©Òµ,41.22,43.25,37.25,37.6,39.45,1.77,4.4867,37.469,24354821,991271578.0,10717200000.0,2679300000.0
2015-08-04,'603669,Áé¿µÒ©Òµ,39.45,40.91,35.56,39.52,39.51,-0.06,-0.1519,39.8839,25924525,979394525.0,10257000000.0,2564250000.0
2015-08-03,'603669,Áé¿µÒ©Òµ,39.51,39.51,36.46,37.0,35.92,3.59,9.9944,46.8173,30431229,1168388417.0,10272600000.0,2568150000.0
2015-07-31,'603669,Áé¿µÒ©Òµ,35.92,35.92,33.32,33.35,32.65,3.27,10.0153,21.341,13871649,487145172.0,9339200000.0,2334800000.0
2015-07-30,'603669,Áé¿µÒ©Òµ,32.65,35.77,31.8,33.0,33.06,-0.41,-1.2402,16.3573,10632274,358286368.0,8489000000.0,2122250000.0
2015-07-29,'603669,Áé¿µÒ©Òµ,33.06,33.09,29.6,31.3,30.08,2.98,9.9069,12.9578,8422568,262008471.0,8595600000.0,2148900000.0
2015-07-28,'603669,Áé¿µÒ©Òµ,30.08,33.0,29.12,29.36,32.35,-2.27,-7.017,13.8269,8987460,273143562.0,7820800000.0,1955200000.0
2015-07-27,'603669,Áé¿µÒ©Òµ,32.35,36.84,32.35,34.69,35.94,-3.59,-9.9889,15.6145,10149410,352599695.0,8411000000.0,2102750000.0
2015-07-24,'603669,Áé¿µÒ©Òµ,35.94,39.0,35.3,37.9,37.03,-1.09,-2.9436,25.7502,16737645,629810586.0,9344400000.0,2336100000.0
2015-07-23,'603669,Áé¿µÒ©Òµ,37.03,37.03,33.12,33.3,33.66,3.37,10.0119,22.396,14557374,520477740.0,9627800000.0,2406950000.0
2015-07-22,'603669,Áé¿µÒ©Òµ,33.66,34.2,32.0,33.4,33.83,-0.17,-0.5025,13.8231,8985021,299545664.0,8751600000.0,2187900000.0
2015-07-21,'603669,Áé¿µÒ©Òµ,33.83,34.58,30.21,30.85,31.53,2.3,7.2946,13.4873,8766736,283029159.0,8795800000.0,2198950000.0
2015-07-20,'603669,Áé¿µÒ©Òµ,31.53,32.61,31.11,31.79,31.97,-0.44,-1.3763,10.6588,6928229,219886733.0,8197800000.0,2049450000.0
2015-07-17,'603669,Áé¿µÒ©Òµ,31.97,32.58,30.03,30.39,30.08,1.89,6.2832,9.2245,5995910,188425610.0,8312200000.0,2078050000.0
2015-07-16,'603669,Áé¿µÒ©Òµ,30.08,31.5,27.0,28.0,29.9,0.18,0.602,10.1174,6576329,194474654.0,7820800000.0,1955200000.0
2015-07-15,'603669,Áé¿µÒ©Òµ,29.9,32.49,29.9,31.5,33.22,-3.32,-9.994,11.2316,7300532,224531361.0,7774000000.0,1943500000.0
2015-07-14,'603669,Áé¿µÒ©Òµ,33.22,35.35,32.4,33.8,32.3,0.92,2.8483,22.9276,14902911,508351089.0,8637200000.0,2159300000.0
2015-07-13,'603669,Áé¿µÒ©Òµ,32.3,32.3,30.12,32.26,29.36,2.94,10.0136,12.6831,8244028,264209127.0,8398000000.0,2099500000.0
2015-07-10,'603669,Áé¿µÒ©Òµ,29.36,29.36,27.7,27.99,26.69,2.67,10.0037,5.2541,3415145,98356355.0,7633600000.0,1908400000.0
2015-07-09,'603669,Áé¿µÒ©Òµ,26.69,26.69,22.1,22.1,24.26,2.43,10.0165,13.9916,9094561,234313232.0,6939400000.0,1734850000.0
2015-07-08,'603669,Áé¿µÒ©Òµ,24.26,24.86,24.26,24.26,26.96,-2.7,-10.0148,5.2273,3397720,82507118.0,6307600000.0,1576900000.0
2015-07-07,'603669,Áé¿µÒ©Òµ,26.96,28.89,26.96,28.0,29.96,-3.0,-10.0134,6.403,4161965,114259309.0,7009600000.0,1752400000.0
2015-07-06,'603669,Áé¿µÒ©Òµ,29.96,33.85,27.75,33.85,30.77,-0.81,-2.6324,16.1457,10494693,327931680.0,7789600000.0,1947400000.0
2015-07-03,'603669,Áé¿µÒ©Òµ,30.77,32.73,28.86,29.98,30.99,-0.22,-0.7099,12.4994,8124607,249593785.0,8000200000.0,2000050000.0
2015-07-02,'603669,Áé¿µÒ©Òµ,30.99,33.34,30.0,31.99,31.69,-0.7,-2.2089,13.283,8633918,274880829.0,8057400000.0,2014350000.0
2015-07-01,'603669,Áé¿µÒ©Òµ,31.69,35.35,31.5,32.5,33.32,-1.63,-4.892,16.2622,10570414,357672607.0,8239400000.0,2059850000.0
2015-06-30,'603669,Áé¿µÒ©Òµ,33.32,33.98,28.39,31.53,31.54,1.78,5.6436,16.9177,10996531,342436733.0,8663200000.0,2165800000.0
2015-06-29,'603669,Áé¿µÒ©Òµ,31.54,35.95,31.54,35.7,35.04,-3.5,-9.9886,14.1072,9169652,301554421.0,8200400000.0,2050100000.0
2015-06-26,'603669,Áé¿µÒ©Òµ,35.04,37.68,35.04,37.5,38.93,-3.89,-9.9923,11.6531,7574539,272772697.0,9110400000.0,2277600000.0
2015-06-25,'603669,Áé¿µÒ©Òµ,38.93,41.5,38.85,41.5,41.72,-2.79,-6.6874,16.1819,10518267,422070525.0,10121800000.0,2530450000.0
2015-06-24,'603669,Áé¿µÒ©Òµ,41.72,43.9,40.87,42.98,42.13,-0.41,-0.9732,18.1025,11766648,499970039.0,10847200000.0,2711800000.0
2015-06-23,'603669,Áé¿µÒ©Òµ,42.13,43.02,38.85,42.02,42.41,-0.28,-0.6602,16.57,10770502,445835513.0,10953800000.0,2738450000.0
2015-06-19,'603669,Áé¿µÒ©Òµ,42.41,44.58,42.41,43.44,47.12,-4.71,-9.9958,19.3236,12560369,540827930.0,11026600000.0,2756650000.0
2015-06-18,'603669,Áé¿µÒ©Òµ,47.12,50.0,47.12,48.0,52.35,-5.23,-9.9904,30.7181,19966784,950044620.0,12251200000.0,3062800000.0
2015-06-17,'603669,Áé¿µÒ©Òµ,52.35,56.4,52.35,54.0,58.17,-5.82,-10.0052,9.1714,5961400,318299223.0,13611000000.0,3402750000.0
2015-06-16,'603669,Áé¿µÒ©Òµ,58.17,58.17,53.19,58.17,52.88,5.29,10.0038,39.5178,25686572,1473115010.0,15124200000.0,3781050000.0
2015-06-15,'603669,Áé¿µÒ©Òµ,52.88,52.88,52.88,52.88,48.07,4.81,10.0062,0.2888,187700,9925576.0,13748800000.0,3437200000.0
2015-06-12,'603669,Áé¿µÒ©Òµ,48.07,48.07,48.07,48.07,43.7,4.37,10.0,0.0602,39100,1879537.0,12498200000.0,3124550000.0
2015-06-11,'603669,Áé¿µÒ©Òµ,43.7,43.7,43.7,43.7,39.73,3.97,9.9924,0.0878,57100,2495270.0,11362000000.0,2840500000.0
2015-06-10,'603669,Áé¿µÒ©Òµ,39.73,39.73,39.73,39.73,36.12,3.61,9.9945,0.1151,74800,2971804.0,10329800000.0,2582450000.0
2015-06-09,'603669,Áé¿µÒ©Òµ,36.12,36.12,36.12,36.12,32.84,3.28,9.9878,0.0486,31600,1141392.0,9391200000.0,2347800000.0
2015-06-08,'603669,Áé¿µÒ©Òµ,32.84,32.84,32.84,32.84,29.85,2.99,10.0168,0.0335,21800,715912.0,8538400000.0,2134600000.0
2015-06-05,'603669,Áé¿µÒ©Òµ,29.85,29.85,29.85,29.85,27.14,2.71,9.9853,0.0246,16000,477600.0,7761000000.0,1940250000.0
2015-06-04,'603669,Áé¿µÒ©Òµ,27.14,27.14,27.14,27.14,24.67,2.47,10.0122,0.0271,17600,477664.0,7056400000.0,1764100000.0
2015-06-03,'603669,Áé¿µÒ©Òµ,24.67,24.67,24.67,24.67,22.43,2.24,9.9866,0.0189,12300,303441.0,6414200000.0,1603550000.0
2015-06-02,'603669,Áé¿µÒ©Òµ,22.43,22.43,22.43,22.43,20.39,2.04,10.0049,0.0128,8300,186169.0,5831800000.0,1457950000.0
2015-06-01,'603669,Áé¿µÒ©Òµ,20.39,20.39,20.39,20.39,18.54,1.85,9.9784,0.0115,7500,152925.0,5301400000.0,1325350000.0
2015-05-29,'603669,Áé¿µÒ©Òµ,18.54,18.54,18.54,18.54,16.85,1.69,10.0297,0.0163,10600,196524.0,4820400000.0,1205100000.0
2015-05-28,'603669,NÁé¿µ,16.85,16.85,16.85,16.85,11.7,5.15,44.0171,0.0229,14900,251065.0,4381000000.0,1095250000.0
