日期,股票代码,名称,收盘价,最高价,最低价,开盘价,前收盘,涨跌额,涨跌幅,换手率,成交量,成交金额,总市值,流通市值
2017-05-15,'603678,火炬电子,27.69,27.79,27.33,27.6,27.64,0.05,0.1809,0.3645,735393,20285072.0,12534320155.5,5586435901.8
2017-05-12,'603678,火炬电子,27.64,27.89,27.08,27.28,27.01,0.63,2.3325,0.8987,1813169,50126140.0,12511686858.0,5576348440.8
2017-05-11,'603678,火炬电子,27.01,27.7,26.78,27.01,27.39,-0.38,-1.3874,1.1314,2282579,61923994.0,12226507309.5,5449246432.2
2017-05-10,'603678,火炬电子,27.39,28.07,26.87,27.65,27.59,-0.2,-0.7249,0.7488,1510737,41582192.0,12398520370.5,5525911135.8
2017-05-09,'603678,火炬电子,27.59,27.78,26.69,26.8,26.84,0.75,2.7943,0.6223,1255442,34232611.0,12489053560.5,5566260979.8
2017-05-08,'603678,火炬电子,26.84,28.1,26.81,27.58,27.59,-0.75,-2.7184,0.8487,1712297,47111240.0,12149554098.0,5414949064.8
2017-05-05,'603678,火炬电子,27.59,27.97,27.11,27.56,28.01,-0.42,-1.4995,1.0348,2087721,57498406.0,12489053560.5,5566260979.8
2017-05-04,'603678,火炬电子,28.01,28.67,27.85,28.66,28.9,-0.89,-3.0796,1.2159,2452969,69060794.0,12679173259.5,5650995652.2
2017-05-03,'603678,火炬电子,28.9,29.3,28.04,29.26,29.03,-0.13,-0.4478,1.2074,2435853,69323573.0,13082045955.0,5830552458.0
2017-05-02,'603678,火炬电子,29.03,29.78,28.61,29.78,29.71,-0.68,-2.2888,1.3359,2695268,78372765.0,13140892528.5,5856779856.6
2017-04-28,'603678,火炬电子,29.71,29.93,29.05,29.1,29.71,0.0,0.0,1.1416,2303099,67812308.0,13448705374.5,5993969326.2
2017-04-27,'603678,DR火炬电,29.71,31.54,28.32,28.99,28.68,1.03,3.5914,1.4435,2912257,86533943.0,13448705374.5,5993969326.2
2017-04-26,'603678,火炬电子,71.94,72.6,70.03,71.76,71.41,0.53,0.7422,0.7529,607573,43722225.0,13025915377.2,5805535554.72
2017-04-25,'603678,火炬电子,71.41,71.81,70.5,70.71,70.47,0.94,1.3339,0.7187,579979,41372461.0,12929950195.8,5762764720.08
2017-04-24,'603678,火炬电子,70.47,71.48,70.0,71.1,70.27,0.2,0.2846,1.2644,1020388,71960866.0,12759747798.6,5686907013.36
2017-04-21,'603678,火炬电子,70.27,72.74,70.01,71.61,71.97,-1.7,-2.3621,0.8119,655227,46713574.0,12723534522.6,5670767075.76
2017-04-20,'603678,火炬电子,71.97,72.77,70.5,71.89,71.83,0.14,0.1949,0.7195,580607,41737426.0,13031347368.6,5807956545.36
2017-04-19,'603678,火炬电子,71.83,73.04,71.4,73.04,73.04,-1.21,-1.6566,0.6213,501401,36082958.0,13005998075.4,5796658589.04
2017-04-18,'603678,火炬电子,73.04,73.95,72.82,73.04,73.03,0.01,0.0137,0.5155,416026,30515972.0,13225088395.2,5894305211.52
2017-04-17,'603678,火炬电子,73.03,74.24,72.35,72.43,72.98,0.05,0.0685,0.7895,637120,46658628.0,13223277731.4,5893498214.64
2017-04-14,'603678,火炬电子,72.98,74.29,72.51,73.9,73.79,-0.81,-1.0977,0.6156,496793,36462651.0,13214224412.4,5889463230.24
2017-04-13,'603678,火炬电子,73.79,74.4,73.53,73.92,73.92,-0.13,-0.1759,0.5334,430436,31800296.0,13360888180.2,5954829977.52
2017-04-12,'603678,火炬电子,73.92,75.3,73.37,74.13,74.02,-0.1,-0.1351,1.3685,1104410,82163676.0,13384426809.6,5965320936.96
2017-04-11,'603678,火炬电子,74.02,74.1,70.19,72.4,73.02,1.0,1.3695,2.1565,1740322,125751261.0,13402533447.6,5973390905.76
2017-04-10,'603678,火炬电子,73.02,76.7,72.03,76.7,76.89,-3.87,-5.0332,2.4624,1987166,146124974.0,13221467067.6,5892691217.76
2017-04-07,'603678,火炬电子,76.89,78.0,76.82,77.9,78.08,-1.19,-1.5241,0.6095,491859,38085187.0,13922193958.2,6204999010.32
2017-04-06,'603678,火炬电子,78.08,78.58,77.23,78.38,78.01,0.07,0.0897,0.9512,767618,59720938.0,14137662950.4,6301031639.04
2017-04-05,'603678,火炬电子,78.01,78.59,77.18,77.79,77.81,0.2,0.257,0.8544,689525,53621302.0,14124988303.8,6295382660.88
2017-03-31,'603678,火炬电子,77.81,78.1,75.6,75.6,75.87,1.94,2.557,1.1871,957946,73472298.0,14088775027.8,6279242723.28
2017-03-30,'603678,火炬电子,75.87,77.48,74.85,76.08,76.49,-0.62,-0.8106,2.419,1952134,148505907.0,13737506250.6,6122685328.56
2017-03-29,'603678,火炬电子,76.49,78.97,75.85,78.97,78.96,-2.47,-3.1282,2.607,2103841,161096807.0,13849767406.2,6172719135.12
2017-03-28,'603678,火炬电子,78.96,80.45,78.04,78.51,78.5,0.46,0.586,2.4452,1973247,156440710.0,14297001364.8,6372047364.48
2017-03-27,'603678,火炬电子,78.5,84.0,77.5,84.0,85.0,-6.5,-7.6471,4.8332,3900379,308940315.0,14213710830.0,6334925508.0
2017-03-24,'603678,火炬电子,0.0,0.0,0.0,0.0,85.0,None,None,0.0,0,0.0,15390642300.0,6859473480.0
2017-03-23,'603678,火炬电子,0.0,0.0,0.0,0.0,85.0,None,None,0.0,0,0.0,15390642300.0,6859473480.0
2017-03-22,'603678,火炬电子,85.0,86.44,83.62,83.89,84.46,0.54,0.6394,2.8339,2286949,194369439.0,15390642300.0,6859473480.0
2017-03-21,'603678,火炬电子,84.46,84.8,82.51,84.67,84.03,0.43,0.5117,2.0204,1630483,136541991.0,15292866454.8,6815895648.48
2017-03-20,'603678,火炬电子,84.03,84.8,81.62,81.88,82.0,2.03,2.4756,2.8194,2275213,190375853.0,15215007911.4,6781194782.64
2017-03-17,'603678,火炬电子,82.0,82.85,80.24,80.7,79.78,2.22,2.7827,2.5519,2059413,167880819.0,14847443160.0,6617374416.0
2017-03-16,'603678,火炬电子,79.78,79.82,78.5,78.5,78.33,1.45,1.8511,1.1463,925028,73253054.0,14445475796.4,6438221108.64
2017-03-15,'603678,火炬电子,78.33,79.5,77.71,78.15,78.11,0.22,0.2817,1.0575,853421,67086518.0,14182929545.4,6321206561.04
2017-03-14,'603678,火炬电子,78.11,79.27,77.76,78.21,78.02,0.09,0.1154,0.7346,592858,46526223.0,14143094941.8,6303452629.68
2017-03-13,'603678,火炬电子,78.02,78.35,76.52,76.73,76.73,1.29,1.6812,0.8263,666789,51895418.0,14126798967.6,6296189657.76
2017-03-10,'603678,火炬电子,76.73,77.35,76.7,76.71,76.73,0.0,0.0,0.6092,491660,37841887.0,13893223337.4,6192087060.24
2017-03-09,'603678,火炬电子,76.73,78.26,76.65,78.26,78.27,-1.54,-1.9675,0.6363,513516,39625342.0,13893223337.4,6192087060.24
2017-03-08,'603678,火炬电子,78.27,78.83,77.81,78.36,78.92,-0.65,-0.8236,0.6243,503805,39406987.0,14172065562.6,6316364579.76
2017-03-07,'603678,火炬电子,78.92,79.96,78.42,78.65,78.7,0.22,0.2795,1.0873,877441,69397062.0,14289758709.6,6368819376.96
2017-03-06,'603678,火炬电子,78.7,78.99,77.25,77.9,77.98,0.72,0.9233,1.0415,840510,65874182.0,14249924106.0,6351065445.6
2017-03-03,'603678,火炬电子,77.98,78.76,76.7,76.8,76.99,0.99,1.2859,0.6847,552572,43091005.0,14119556312.4,6292961670.24
2017-03-02,'603678,火炬电子,76.99,77.81,76.96,77.8,78.16,-1.17,-1.4969,0.9792,790220,61012675.0,13940300596.2,6213068979.12
2017-03-01,'603678,火炬电子,78.16,80.0,77.11,77.11,77.7,0.46,0.592,1.3549,1093440,86411591.0,14152148260.8,6307487614.08
2017-02-28,'603678,火炬电子,77.7,78.19,76.8,77.87,78.13,-0.43,-0.5504,0.7511,606175,46902104.0,14068857726.0,6270365757.6
2017-02-27,'603678,火炬电子,78.13,79.8,77.66,78.34,78.34,-0.21,-0.2681,1.8195,1468320,115483442.0,14146716269.4,6305066623.44
2017-02-24,'603678,火炬电子,78.34,78.58,74.41,74.88,74.67,3.67,4.915,2.0457,1650868,127236979.0,14184740209.2,6322013557.92
2017-02-23,'603678,火炬电子,74.67,74.97,74.5,74.97,74.84,-0.17,-0.2272,0.3007,242655,18126667.0,13520226594.6,6025845702.96
2017-02-22,'603678,火炬电子,74.84,74.89,74.4,74.84,74.84,0.0,0.0,0.4028,325032,24253510.0,13551007879.2,6039564649.92
2017-02-21,'603678,火炬电子,74.84,75.33,74.19,75.15,75.15,-0.31,-0.4125,0.3721,300311,22456335.0,13551007879.2,6039564649.92
2017-02-20,'603678,火炬电子,75.15,75.15,74.57,74.78,74.57,0.58,0.7778,0.6288,507432,38036590.0,13607138457.0,6064581553.2
2017-02-17,'603678,火炬电子,74.57,74.8,73.61,73.75,73.82,0.75,1.016,0.5327,429860,31866686.0,13502119956.6,6017775734.16
2017-02-16,'603678,火炬电子,73.82,74.23,73.0,74.06,74.15,-0.33,-0.445,0.5443,439269,32351401.0,13366320171.6,5957250968.16
2017-02-15,'603678,火炬电子,74.15,75.22,73.81,74.63,75.14,-0.99,-1.3175,0.6184,499049,37195665.0,13426072077.0,5983881865.2
2017-02-14,'603678,火炬电子,75.14,76.45,74.78,75.99,76.11,-0.97,-1.2745,0.5232,422241,31865552.0,13605327793.2,6063774556.32
2017-02-13,'603678,火炬电子,76.11,76.17,74.22,74.9,74.93,1.18,1.5748,0.8098,653473,49001882.0,13780962181.8,6142053253.68
2017-02-10,'603678,火炬电子,74.93,76.1,74.87,75.49,75.73,-0.8,-1.0564,0.5214,420762,31633719.0,13567303853.4,6046827621.84
2017-02-09,'603678,火炬电子,75.73,76.73,75.24,75.99,75.91,-0.18,-0.2371,0.4592,370605,28104799.0,13712156957.4,6111387372.24
2017-02-08,'603678,火炬电子,75.91,76.19,75.55,75.59,76.09,-0.18,-0.2366,0.5669,457456,34694389.0,13744748905.8,6125913316.08
2017-02-07,'603678,火炬电子,76.09,76.35,75.3,76.04,76.04,0.05,0.0658,0.694,560017,42378684.0,13777340854.2,6140439259.92
2017-02-06,'603678,火炬电子,76.04,76.75,75.3,76.18,76.4,-0.36,-0.4712,0.4449,358995,27244652.0,13768287535.2,6136404275.52
2017-02-03,'603678,火炬电子,76.4,78.01,76.16,77.9,77.85,-1.45,-1.8626,0.4637,374228,28633420.0,13833471432.0,6165456163.2
2017-01-26,'603678,火炬电子,77.85,78.0,76.37,76.74,76.59,1.26,1.6451,0.848,684301,52943761.0,14096017683.0,6282470710.8
2017-01-25,'603678,火炬电子,76.59,76.78,74.2,75.0,75.0,1.59,2.12,0.8062,650630,49467388.0,13867874044.2,6180789103.92
2017-01-24,'603678,火炬电子,75.0,75.39,74.63,75.1,75.1,-0.1,-0.1332,1.1236,906731,67980006.0,13579978500.0,6052476600.0
2017-01-23,'603678,火炬电子,75.1,75.18,74.33,75.01,74.34,0.76,1.0223,1.5337,1237722,92670565.0,13598085138.0,6060546568.8
2017-01-20,'603678,火炬电子,74.34,74.4,72.36,72.36,72.36,1.98,2.7363,0.7029,567232,41906676.0,13460474689.2,5999214805.92
2017-01-19,'603678,火炬电子,72.36,72.5,70.3,70.3,70.76,1.6,2.2612,0.7831,631966,45284726.0,13101963256.8,5839429423.68
2017-01-18,'603678,火炬电子,70.76,72.22,70.6,71.54,71.7,-0.94,-1.311,0.382,308247,22066497.0,12812257048.8,5710309922.88
2017-01-17,'603678,火炬电子,71.7,71.88,68.7,70.01,69.9,1.8,2.5751,1.0095,814677,57340394.0,12982459446.0,5786167629.6
2017-01-16,'603678,火炬电子,69.9,70.8,65.0,70.71,71.3,-1.4,-1.9635,1.8521,1494618,102440127.0,12656539962.0,5640908191.2
2017-01-13,'603678,火炬电子,71.3,73.2,71.15,73.2,72.86,-1.56,-2.1411,0.8818,711571,51057409.0,12910032894.0,5753887754.4
2017-01-12,'603678,火炬电子,72.86,74.15,72.85,73.5,73.5,-0.64,-0.8707,0.5541,447123,32798183.0,13192496446.8,5879779267.68
2017-01-11,'603678,火炬电子,73.5,75.0,73.47,74.89,75.03,-1.53,-2.0392,0.4966,400734,29747793.0,13308378930.0,5931427068.0
2017-01-10,'603678,火炬电子,75.03,75.68,74.04,74.87,74.63,0.4,0.536,0.8123,655525,49229190.0,13585410491.4,6054897590.64
2017-01-09,'603678,火炬电子,74.63,74.66,72.5,73.99,74.17,0.46,0.6202,0.9165,739623,54506982.0,13512983939.4,6022617715.44
2017-01-06,'603678,火炬电子,74.17,74.99,73.22,74.6,74.83,-0.66,-0.882,0.7628,615572,45695211.0,13429693404.6,5985495858.96
2017-01-05,'603678,火炬电子,74.83,74.99,72.9,73.33,73.28,1.55,2.1152,1.1671,941845,69871164.0,13549197215.4,6038757653.04
2017-01-04,'603678,火炬电子,73.28,75.18,72.18,74.68,74.68,-1.4,-1.8747,1.912,1542995,112903602.0,13268544326.4,5913673136.64
2017-01-03,'603678,火炬电子,74.68,75.87,74.51,75.5,75.65,-0.97,-1.2822,1.026,827984,62254919.0,13522037258.4,6026652699.84
2016-12-30,'603678,火炬电子,75.65,76.44,74.52,74.8,74.5,1.15,1.5436,0.9166,739673,56075274.0,13697671647.0,6104931397.2
2016-12-29,'603678,火炬电子,74.5,75.42,74.38,75.42,74.99,-0.49,-0.6534,0.4396,354771,26521176.0,13489445310.0,6012126756.0
2016-12-28,'603678,火炬电子,74.99,75.67,74.3,74.52,75.1,-0.11,-0.1465,0.5782,466645,35022550.0,13578167836.2,6051669603.12
2016-12-27,'603678,火炬电子,75.1,75.79,73.66,73.66,73.94,1.16,1.5688,2.5641,2069188,154678259.0,13598085138.0,6060546568.8
2016-12-26,'603678,火炬电子,73.94,74.7,70.24,72.17,72.08,1.86,2.5805,1.2794,1032490,75101928.0,13388048137.2,5966934930.72
2016-12-23,'603678,火炬电子,72.08,73.29,71.82,72.06,72.36,-0.28,-0.387,0.8112,654600,47417229.0,13051264670.4,5816833511.04
2016-12-22,'603678,火炬电子,72.36,73.45,72.23,73.08,73.08,-0.72,-0.9852,1.0434,841990,61153515.0,13101963256.8,5839429423.68
2016-12-21,'603678,火炬电子,73.08,73.79,72.6,73.79,73.53,-0.45,-0.612,1.3101,1057233,77313568.0,13232331050.4,5897533199.04
2016-12-20,'603678,火炬电子,73.53,74.18,73.15,73.55,73.53,0.0,0.0,0.8198,661600,48619075.0,13313810921.4,5933848058.64
2016-12-19,'603678,火炬电子,73.53,75.39,73.0,75.28,75.24,-1.71,-2.2727,1.1493,927449,68495968.0,13313810921.4,5933848058.64
2016-12-16,'603678,火炬电子,75.24,75.9,74.72,75.88,75.4,-0.16,-0.2122,0.5864,473189,35559613.0,13623434431.2,6071844525.12
2016-12-15,'603678,火炬电子,75.4,76.18,74.81,75.02,75.39,0.01,0.0133,1.0161,820001,61972807.0,13652405052.0,6084756475.2
2016-12-14,'603678,火炬电子,75.39,76.8,74.8,75.5,75.11,0.28,0.3728,1.5263,1231719,93374542.0,13650594388.2,6083949478.32
2016-12-13,'603678,火炬电子,75.11,75.75,73.63,74.0,74.52,0.59,0.7917,1.4708,1186945,88970700.0,13599895801.8,6061353565.68
2016-12-12,'603678,火炬电子,74.52,77.99,73.18,77.3,78.06,-3.54,-4.535,1.5913,1284186,97103139.0,13493066637.6,6013740749.76
2016-12-09,'603678,火炬电子,78.06,78.5,77.51,78.26,78.71,-0.65,-0.8258,0.5109,412260,32174234.0,14134041622.8,6299417645.28
2016-12-08,'603678,火炬电子,78.71,79.66,76.9,79.66,79.7,-0.99,-1.2422,1.3906,1122241,87782003.0,14251734769.8,6351872442.48
2016-12-07,'603678,火炬电子,79.7,79.87,76.53,78.85,78.39,1.31,1.6711,2.2233,1794231,139247765.0,14430990486.0,6431765133.6
2016-12-06,'603678,火炬电子,78.39,79.25,78.12,79.02,78.34,0.05,0.0638,0.6605,533059,41925402.0,14193793528.2,6326048542.32
2016-12-05,'603678,火炬电子,78.34,79.49,78.12,79.0,79.16,-0.82,-1.0359,0.9541,769936,60536927.0,14184740209.2,6322013557.92
2016-12-02,'603678,火炬电子,79.16,81.9,78.51,81.0,80.9,-1.74,-2.1508,1.4113,1138942,91270222.0,14333214640.8,6388187302.08
2016-12-01,'603678,火炬电子,80.9,81.6,80.35,80.5,80.88,0.02,0.0247,1.1417,921388,74647198.0,14648270142.0,6528604759.2
2016-11-30,'603678,火炬电子,80.88,81.48,80.2,81.2,81.24,-0.36,-0.4431,1.1577,934245,75464541.0,14644648814.4,6526990765.44
2016-11-29,'603678,火炬电子,81.24,82.3,80.39,82.0,82.18,-0.94,-1.1438,2.6526,2140677,173274159.0,14709832711.2,6556042653.12
2016-11-28,'603678,火炬电子,82.18,86.3,81.5,85.2,85.5,-3.32,-3.883,3.2192,2597865,216329404.0,14880035108.4,6631900359.84
2016-11-25,'603678,火炬电子,85.5,85.9,83.58,85.08,85.07,0.43,0.5055,1.8474,1490856,126779466.0,15481175490.0,6899823324.0
2016-11-24,'603678,火炬电子,85.07,87.27,84.5,85.62,85.55,-0.48,-0.5611,1.9458,1570241,134548193.0,15403316946.6,6865122458.16
2016-11-23,'603678,火炬电子,85.55,87.94,85.3,87.2,87.59,-2.04,-2.329,1.8374,1482747,128081283.0,15490228809.0,6903858308.4
2016-11-22,'603678,火炬电子,87.59,90.0,86.6,88.2,89.03,-1.44,-1.6174,3.2568,2628190,230682430.0,15859604224.2,7068485671.92
2016-11-21,'603678,火炬电子,89.03,89.99,87.12,88.02,87.1,1.93,2.2158,3.5909,2897873,257691655.0,16120339811.4,7184693222.64
2016-11-18,'603678,火炬电子,87.1,88.0,82.23,83.53,81.93,5.17,6.3103,3.5191,2839887,241723167.0,15770881698.0,7028942824.8
2016-11-17,'603678,火炬电子,81.93,83.98,80.7,82.2,82.26,-0.33,-0.4012,1.5833,1277757,105087256.0,14834768513.4,6611725437.84
2016-11-16,'603678,火炬电子,82.26,82.41,79.68,80.2,80.05,2.21,2.7608,1.9989,1613143,131268536.0,14894520418.8,6638356334.88
2016-11-15,'603678,火炬电子,80.05,80.2,79.0,79.75,79.75,0.3,0.3762,0.853,688362,54805067.0,14494363719.0,6460010024.4
2016-11-14,'603678,火炬电子,79.75,80.75,78.6,79.7,79.82,-0.07,-0.0877,1.4903,1202641,95668523.0,14440043805.0,6435800118.0
2016-11-11,'603678,火炬电子,79.82,79.99,77.96,79.8,79.41,0.41,0.5163,1.7229,1390339,109857421.0,14452718451.6,6441449096.16
2016-11-10,'603678,火炬电子,79.41,80.44,79.11,79.26,79.35,0.06,0.0756,1.6948,1367681,109183073.0,14378481235.8,6408362224.08
2016-11-09,'603678,火炬电子,79.35,80.0,78.48,79.43,79.42,-0.07,-0.0881,1.5666,1264227,100488798.0,14367617253.0,6403520242.8
2016-11-08,'603678,火炬电子,79.42,81.5,78.8,81.04,81.86,-2.44,-2.9807,2.9064,2345471,186673770.0,14380291899.6,6409169220.96
2016-11-07,'603678,火炬电子,81.86,84.5,79.6,79.99,80.32,1.54,1.9173,2.8751,2320180,192045626.0,14822093866.8,6606076459.68
2016-11-04,'603678,火炬电子,80.32,81.9,79.8,81.9,81.48,-1.16,-1.4237,2.1241,1714120,137696228.0,14543251641.6,6481798940.16
2016-11-03,'603678,火炬电子,81.48,82.0,78.5,78.5,79.14,2.34,2.9568,2.2285,1798356,145192729.0,14753288642.4,6575410578.24
2016-11-02,'603678,火炬电子,79.14,80.07,78.65,79.53,79.99,-0.85,-1.0626,1.3061,1054006,83501556.0,14329593313.2,6386573308.32
2016-11-01,'603678,火炬电子,79.99,80.7,78.0,78.46,78.03,1.96,2.5119,2.5427,2051965,163747039.0,14483499736.2,6455168043.12
2016-10-31,'603678,火炬电子,78.03,79.76,77.91,79.51,78.88,-0.85,-1.0776,1.9456,1570129,124012526.0,14128609631.4,6296996654.64
2016-10-28,'603678,火炬电子,78.88,79.9,77.14,78.16,78.0,0.88,1.1282,1.6221,1309011,103522854.0,14282516054.4,6365591389.44
2016-10-27,'603678,火炬电子,78.0,78.01,75.61,75.63,76.16,1.84,2.416,1.3292,1072632,82347563.0,14123177640.0,6294575664.0
2016-10-26,'603678,火炬电子,76.16,77.3,75.6,77.0,76.91,-0.75,-0.9752,0.7979,643878,49065369.0,13790015500.8,6146088238.08
2016-10-25,'603678,火炬电子,76.91,77.96,76.71,77.77,76.74,0.17,0.2215,0.9933,801598,61989477.0,13925815285.8,6206613004.08
2016-10-24,'603678,火炬电子,76.74,77.87,76.48,76.48,77.39,-0.65,-0.8399,0.9462,763560,58659895.0,13895034001.2,6192894057.12
2016-10-21,'603678,火炬电子,77.39,79.27,76.4,78.74,78.74,-1.35,-1.7145,0.8264,666914,51461038.0,14012727148.2,6245348854.32
2016-10-20,'603678,火炬电子,78.74,80.49,78.2,79.8,79.66,-0.92,-1.1549,1.1092,895092,71065219.0,14257166761.2,6354293433.12
2016-10-19,'603678,火炬电子,79.66,80.08,79.43,79.47,79.43,0.23,0.2896,1.2268,990033,78980611.0,14423747830.8,6428537146.08
2016-10-18,'603678,火炬电子,79.43,80.0,75.29,75.61,75.79,3.64,4.8027,1.947,1571232,123331721.0,14382102563.4,6409976217.84
2016-10-17,'603678,火炬电子,75.79,76.99,75.1,76.9,76.37,-0.58,-0.7595,1.4064,1134949,86034449.0,13723020940.2,6116229353.52
2016-10-14,'603678,火炬电子,76.37,77.48,75.7,77.15,77.15,-0.78,-1.011,0.7327,591295,45064599.0,13828039440.6,6163035172.56
2016-10-13,'603678,火炬电子,77.15,78.18,76.75,77.41,77.17,-0.02,-0.0259,1.1144,899282,69659763.0,13969271217.0,6225980929.2
2016-10-12,'603678,火炬电子,77.17,79.2,77.0,79.2,79.16,-1.99,-2.5139,0.7712,622321,48445132.0,13972892544.6,6227594922.96
2016-10-11,'603678,火炬电子,79.16,79.5,78.01,78.1,78.49,0.67,0.8536,0.5968,481655,38072608.0,14333214640.8,6388187302.08
2016-10-10,'603678,火炬电子,78.49,79.25,76.83,76.93,76.48,2.01,2.6281,0.8007,646176,50518375.0,14211900166.2,6334118511.12
2016-09-30,'603678,火炬电子,76.48,77.39,75.05,76.32,76.81,-0.33,-0.4296,0.9846,794600,60337220.0,13847956742.4,6171912138.24
2016-09-29,'603678,火炬电子,76.81,77.4,75.6,75.6,75.52,1.29,1.7082,0.6062,489195,37574918.0,13907708647.8,6198543035.28
2016-09-28,'603678,火炬电子,75.52,76.52,75.34,76.15,76.61,-1.09,-1.4228,0.5438,438819,33246498.0,13674133017.6,6094440437.76
2016-09-27,'603678,火炬电子,76.61,77.77,75.1,76.8,77.28,-0.67,-0.867,0.6424,518376,39539202.0,13871495371.8,6182403097.68
2016-09-26,'603678,火炬电子,77.28,79.88,75.69,79.13,79.17,-1.89,-2.3873,1.1465,925200,71271852.0,13992809846.4,6236471888.64
2016-09-23,'603678,火炬电子,79.17,79.49,78.85,79.16,79.16,0.01,0.0126,0.4163,335963,26556526.0,14335025304.6,6388994298.96
2016-09-22,'603678,火炬电子,79.16,81.1,78.8,80.71,80.62,-1.46,-1.811,1.2183,983124,78467331.0,14333214640.8,6388187302.08
2016-09-21,'603678,火炬电子,80.62,81.97,80.3,81.83,81.96,-1.34,-1.6349,0.6202,500500,40548729.0,14597571555.6,6506008846.56
2016-09-20,'603678,火炬电子,81.96,82.98,81.8,82.3,82.43,-0.47,-0.5702,0.632,510037,41903358.0,14840200504.8,6614146428.48
2016-09-19,'603678,火炬电子,82.43,82.98,81.01,81.01,81.87,0.56,0.684,0.4306,347465,28529353.0,14925301703.4,6652075281.84
2016-09-14,'603678,火炬电子,81.87,83.05,79.3,80.52,80.76,1.11,1.3744,0.9958,803618,65768180.0,14823904530.6,6606883456.56
2016-09-13,'603678,火炬电子,80.76,80.8,79.05,79.05,79.28,1.48,1.8668,0.7627,615508,49314069.0,14622920848.8,6517306802.88
2016-09-12,'603678,火炬电子,79.28,81.75,79.1,81.08,82.46,-3.18,-3.8564,1.1217,905227,72654676.0,14354942606.4,6397871264.64
2016-09-09,'603678,火炬电子,82.46,82.76,81.28,82.59,82.39,0.07,0.085,0.5722,461734,37942898.0,14930733694.8,6654496272.48
2016-09-08,'603678,火炬电子,82.39,83.0,81.6,82.31,82.41,-0.02,-0.0243,0.8082,652230,53765143.0,14918059048.2,6648847294.32
2016-09-07,'603678,火炬电子,82.41,84.36,82.01,83.5,83.97,-1.56,-1.8578,1.3157,1061759,88121048.0,14921680375.8,6650461288.08
2016-09-06,'603678,火炬电子,83.97,84.63,79.36,80.0,80.12,3.85,4.8053,1.5646,1262607,103752697.0,15204143928.6,6776352801.36
2016-09-05,'603678,火炬电子,80.12,80.93,79.0,79.59,79.63,0.49,0.6153,0.9439,761688,61063327.0,14507038365.6,6465659002.56
2016-09-02,'603678,火炬电子,79.63,81.45,78.35,80.25,81.04,-1.41,-1.7399,1.215,980500,78832586.0,14418315839.4,6426116155.44
2016-09-01,'603678,火炬电子,81.04,82.2,80.0,81.3,81.93,-0.89,-1.0863,1.0494,846830,68525218.0,14673619435.2,6539902715.52
2016-08-31,'603678,火炬电子,81.93,82.99,80.3,81.8,81.34,0.59,0.7254,1.4477,1168329,95331330.0,14834768513.4,6611725437.84
2016-08-30,'603678,火炬电子,81.34,82.95,80.87,82.95,82.92,-1.58,-1.9055,1.1933,962967,78466131.0,13534976000.0,6564112621.92
2016-08-29,'603678,火炬电子,82.92,84.5,81.0,82.8,82.69,0.23,0.2781,1.2261,989458,81902238.0,13797888000.0,6691618128.96
2016-08-26,'603678,火炬电子,82.69,84.56,79.4,79.4,79.61,3.08,3.8689,2.3522,1898225,157680940.0,13759616000.0,6673057200.72
2016-08-25,'603678,火炬电子,79.61,80.75,76.0,78.05,78.64,0.97,1.2335,1.2992,1048465,82861173.0,13247104000.0,6424502161.68
2016-08-24,'603678,火炬电子,78.64,80.0,76.95,77.38,77.38,1.26,1.6283,1.266,1021663,80374032.0,13085696000.0,6346223464.32
2016-08-23,'603678,火炬电子,77.38,80.98,75.69,79.75,78.83,-1.45,-1.8394,2.0866,1683885,131501936.0,12876032000.0,6244541857.44
2016-08-22,'603678,火炬电子,78.83,82.0,78.0,81.02,81.44,-2.61,-3.2048,1.5121,1220228,97892021.0,13117312000.0,6361556405.04
2016-08-19,'603678,火炬电子,81.44,82.99,79.9,82.99,82.95,-1.51,-1.8204,1.9383,1564162,126363869.0,13551616000.0,6572182590.72
2016-08-18,'603678,火炬电子,82.95,84.99,81.12,81.43,81.43,1.52,1.8666,3.1482,2540562,211711093.0,13802880000.0,6694039119.6
2016-08-17,'603678,火炬电子,81.43,82.28,79.58,80.99,81.19,0.24,0.2956,2.0296,1637918,132956954.0,13549952000.0,6571375593.84
2016-08-16,'603678,火炬电子,81.19,83.0,76.15,77.5,76.82,4.37,5.6886,4.9332,3981069,317531510.0,13510016000.0,6552007668.72
2016-08-15,'603678,火炬电子,76.82,77.9,73.85,73.87,74.3,2.52,3.3917,2.4166,1950173,149165059.0,12782848000.0,6199350032.16
2016-08-12,'603678,火炬电子,74.3,75.4,73.52,73.52,74.5,-0.2,-0.2685,0.9302,750640,56087821.0,12363520000.0,5995986818.4
2016-08-11,'603678,火炬电子,74.5,75.33,73.16,75.01,75.05,-0.55,-0.7328,1.252,1010370,74988771.0,12396800000.0,6012126756.0
2016-08-10,'603678,火炬电子,75.05,75.53,73.73,75.02,75.06,-0.01,-0.0133,1.5802,1275247,94999796.0,12488320000.0,6056511584.4
2016-08-09,'603678,火炬电子,75.06,75.65,73.1,73.1,73.09,1.97,2.6953,2.0954,1691018,126752418.0,12489984000.0,6057318581.28
2016-08-08,'603678,火炬电子,73.09,73.88,71.5,72.0,72.18,0.91,1.2607,1.5141,1221872,89225240.0,12162176000.0,5898340195.92
2016-08-05,'603678,火炬电子,72.18,73.32,71.91,72.48,73.1,-0.92,-1.2585,1.2829,1035265,75230816.0,12010752000.0,5824903479.84
2016-08-04,'603678,火炬电子,73.1,73.2,69.08,69.08,69.81,3.29,4.7128,2.2921,1849716,132288991.0,12163840000.0,5899147192.8
2016-08-03,'603678,火炬电子,69.81,70.36,66.7,67.6,67.12,2.69,4.0077,1.7628,1422539,98228281.0,11616384000.0,5633645219.28
2016-08-02,'603678,火炬电子,67.12,67.39,66.09,66.66,66.66,0.46,0.6901,0.6452,520657,34737528.0,11168768000.0,5416563058.56
2016-08-01,'603678,火炬电子,66.66,67.55,64.6,67.55,67.78,-1.12,-1.6524,0.9286,749411,49506260.0,11092224000.0,5379441202.08
2016-07-29,'603678,火炬电子,67.78,69.58,66.81,69.58,68.78,-1.0,-1.4539,1.3351,1077445,72803236.0,11278592000.0,5469824852.64
2016-07-28,'603678,火炬电子,68.78,70.5,67.8,67.8,67.27,1.51,2.2447,1.3575,1095529,75845261.0,11444992000.0,5550524540.64
2016-07-27,'603678,火炬电子,67.27,74.86,67.04,74.52,74.49,-7.22,-9.6926,2.93,2364497,163695929.0,11193728000.0,5428668011.76
2016-07-26,'603678,火炬电子,74.49,74.52,73.24,74.0,73.05,1.44,1.9713,0.7641,616592,45536195.0,12395136000.0,6011319759.12
2016-07-25,'603678,火炬电子,73.05,74.5,72.5,73.21,74.36,-1.31,-1.7617,0.6558,529215,38826207.0,12155520000.0,5895112208.4
2016-07-22,'603678,火炬电子,74.36,77.88,73.5,77.3,77.95,-3.59,-4.6055,1.6107,1299802,98009200.0,12373504000.0,6000828799.68
2016-07-21,'603678,火炬电子,77.95,79.19,77.09,78.5,78.78,-0.83,-1.0536,1.1967,965703,75383909.0,12970880000.0,6290540679.6
2016-07-20,'603678,火炬电子,78.78,79.99,74.8,75.74,75.68,3.1,4.0962,3.0013,2422056,186141405.0,13108992000.0,6357521420.64
2016-07-19,'603678,火炬电子,75.68,75.99,72.26,73.3,73.2,2.48,3.388,1.7623,1422175,105770166.0,12593152000.0,6107352387.84
2016-07-18,'603678,火炬电子,73.2,74.3,72.29,73.51,73.68,-0.48,-0.6515,0.7357,593686,43593141.0,12180480000.0,5907217161.6
2016-07-15,'603678,火炬电子,73.68,74.8,72.21,74.8,74.29,-0.61,-0.8211,1.1093,895229,65670159.0,12260352000.0,5945953011.84
2016-07-14,'603678,火炬电子,74.29,74.74,73.18,73.21,73.96,0.33,0.4462,0.944,761835,56498284.0,12361856000.0,5995179821.52
2016-07-13,'603678,火炬电子,73.96,74.33,72.13,72.98,72.88,1.08,1.4819,1.5615,1260102,92557013.0,12306944000.0,5968548924.48
2016-07-12,'603678,火炬电子,72.88,73.5,70.0,72.99,72.89,-0.01,-0.0137,3.2055,2586862,184721733.0,12127232000.0,5881393261.44
2016-07-11,'603678,火炬电子,72.89,75.75,72.3,73.6,74.0,-1.11,-1.5,2.3978,1935036,143469101.0,12128896000.0,5882200258.32
2016-07-08,'603678,火炬电子,74.0,75.44,73.68,75.0,75.44,-1.44,-1.9088,1.4827,1196497,89004179.0,12313600000.0,5971776912.0
2016-07-07,'603678,火炬电子,75.44,76.18,72.1,76.18,76.18,-0.74,-0.9714,2.0698,1670313,124130591.0,12553216000.0,6087984462.72
2016-07-06,'603678,火炬电子,76.18,77.61,75.55,77.61,77.61,-1.43,-1.8425,1.357,1095059,83381959.0,12676352000.0,6147702231.84
2016-07-05,'603678,火炬电子,77.61,80.4,76.89,76.89,77.47,0.14,0.1807,2.7894,2251061,176937124.0,12914304000.0,6263102785.68
2016-07-04,'603678,火炬电子,77.47,77.8,73.22,73.96,74.2,3.27,4.407,2.3931,1931208,145567241.0,12891008000.0,6251804829.36
2016-07-01,'603678,火炬电子,74.2,76.46,73.1,75.88,76.22,-2.02,-2.6502,2.2434,1810426,135051683.0,12346880000.0,5987916849.6
2016-06-30,'603678,火炬电子,76.22,77.98,75.4,76.5,77.01,-0.79,-1.0258,1.9387,1564530,119643876.0,12683008000.0,6150930219.36
2016-06-29,'603678,火炬电子,77.01,78.18,75.7,76.3,77.08,-0.07,-0.0908,2.4919,2010940,154721619.0,12814464000.0,6214682972.88
2016-06-28,'603678,火炬电子,77.08,83.78,76.8,79.21,79.84,-2.76,-3.4569,3.6285,2928183,233693584.0,12826112000.0,6220331951.04
2016-06-27,'603678,火炬电子,79.84,82.0,74.59,74.88,75.41,4.43,5.8746,2.3351,1884427,147974746.0,13285376000.0,6443063089.92
2016-06-24,'603678,火炬电子,75.41,77.97,73.7,75.5,76.98,-1.57,-2.0395,2.5194,2033120,154517093.0,12548224000.0,6085563472.08
2016-06-23,'603678,火炬电子,76.98,78.7,71.15,71.72,71.72,5.26,7.3341,3.9338,3174588,239970379.0,12809472000.0,6212261982.24
2016-06-22,'603678,火炬电子,71.72,71.9,70.5,71.9,71.89,-0.17,-0.2365,1.5183,1225244,87105304.0,11934208000.0,5787781623.36
2016-06-21,'603678,火炬电子,71.89,73.4,70.8,72.4,72.39,-0.5,-0.6907,2.4464,1974247,142249888.0,11962496000.0,5801500570.32
2016-06-20,'603678,火炬电子,72.39,72.5,67.41,68.72,69.44,2.95,4.2483,2.875,2320151,163705009.0,12045696000.0,5841850414.32
2016-06-17,'603678,火炬电子,69.44,73.31,68.68,70.24,70.16,-0.72,-1.0262,2.781,2244273,158841816.0,11554816000.0,5603786334.72
2016-06-16,'603678,火炬电子,70.16,71.97,69.18,70.68,71.03,-0.87,-1.2248,3.3145,2674817,188121080.0,11674624000.0,5661890110.08
2016-06-15,'603678,火炬电子,71.03,73.0,67.68,68.16,69.46,1.57,2.2603,4.3422,3504170,248534122.0,11819392000.0,5732098838.64
2016-06-14,'603678,火炬电子,69.46,71.39,63.76,64.9,65.0,4.46,6.8615,6.2433,5038297,342158720.0,11558144000.0,5605400328.48
2016-06-13,'603678,火炬电子,65.0,67.66,63.0,64.0,66.1,-1.1,-1.6641,4.5516,3673115,242913587.0,10816000000.0,5245479720.0
2016-06-08,'603678,火炬电子,66.1,67.83,65.5,67.78,68.34,-2.24,-3.2777,3.3232,2681851,178397186.0,10999040000.0,5334249376.8
2016-06-07,'603678,火炬电子,68.34,68.88,65.67,68.0,67.67,0.67,0.9901,4.1245,3328419,224086734.0,11371776000.0,5515016677.92
2016-06-06,'603678,火炬电子,67.67,68.88,65.9,68.8,67.8,-0.13,-0.1917,5.9352,4789712,323563660.0,11260288000.0,5460947886.96
2016-06-03,'603678,火炬电子,67.8,67.8,62.0,62.0,61.64,6.16,9.9935,9.5752,7727119,514350018.0,11281920000.0,5471438846.4
2016-06-02,'603678,火炬电子,61.64,63.0,59.5,59.6,60.04,1.6,2.6649,8.2912,6690950,411529729.0,10256896000.0,4974328768.32
2016-06-01,'603678,火炬电子,60.04,61.98,57.7,57.7,57.55,2.49,4.3267,5.1933,4190958,251361534.0,9990656000.0,4845209267.52
2016-05-31,'603678,火炬电子,57.55,57.9,55.07,55.07,55.05,2.5,4.5413,2.1636,1746006,99840649.0,9576320000.0,4644267044.4
2016-05-30,'603678,火炬电子,55.05,56.0,54.12,55.08,55.38,-0.33,-0.5959,0.764,616561,33979314.0,9160320000.0,4442517824.4
2016-05-27,'603678,火炬电子,55.38,55.95,53.96,54.03,54.42,0.96,1.7641,1.1294,911413,50137662.0,9215232000.0,4469148721.44
2016-05-26,'603678,火炬电子,54.42,54.9,52.72,54.57,54.4,0.02,0.0368,1.3236,1068121,57094054.0,9055488000.0,4391677020.96
2016-05-25,'603678,火炬电子,54.4,55.76,54.3,55.7,54.82,-0.42,-0.7661,1.1015,888927,48772620.0,9052160000.0,4390063027.2
2016-05-24,'603678,火炬电子,54.82,56.39,54.39,56.39,56.26,-1.44,-2.5595,0.9856,795394,43808583.0,9122048000.0,4423956896.16
2016-05-23,'603678,火炬电子,56.26,57.18,55.86,55.86,55.72,0.54,0.9691,1.07,863525,48769847.0,9361664000.0,4540164446.88
2016-05-20,'603678,火炬电子,55.72,55.94,54.17,55.0,54.86,0.86,1.5676,0.7724,623364,34416355.0,9271808000.0,4496586615.36
2016-05-19,'603678,火炬电子,54.86,56.15,54.5,55.0,54.64,0.22,0.4026,0.8104,653978,36199360.0,9128704000.0,4427184883.68
2016-05-18,'603678,火炬电子,54.64,57.17,54.48,57.17,57.64,-3.0,-5.2047,2.2708,1832508,101814624.0,9092096000.0,4409430952.32
2016-05-17,'603678,火炬电子,57.64,59.68,57.56,59.68,60.24,-2.6,-4.3161,4.1847,3377060,196227277.0,9591296000.0,4651530016.32
2016-05-16,'603678,火炬电子,60.24,60.94,56.68,57.2,57.1,3.14,5.4991,3.115,2513767,149504863.0,10023936000.0,4861349205.12
2016-05-13,'603678,火炬电子,57.1,57.98,55.0,55.05,55.43,1.67,3.0128,1.4118,1139346,64266367.0,9501440000.0,4607952184.8
2016-05-12,'603678,火炬电子,55.43,55.54,53.48,53.48,55.02,0.41,0.7452,1.2328,994832,54393641.0,9223552000.0,4473183705.84
2016-05-11,'603678,火炬电子,55.02,55.38,54.5,55.0,54.86,0.16,0.2917,1.2155,980937,54053670.0,9155328000.0,4440096833.76
2016-05-10,'603678,火炬电子,54.86,55.14,54.2,54.83,54.84,0.02,0.0365,0.5725,461988,25285189.0,9128704000.0,4427184883.68
2016-05-09,'603678,火炬电子,54.84,55.5,52.7,55.5,56.0,-1.16,-2.0714,2.1944,1770910,96047676.0,9125376000.0,4425570889.92
2016-05-06,'603678,火炬电子,56.0,58.66,55.8,57.8,57.75,-1.75,-3.0303,2.0067,1619393,92212527.0,9318400000.0,4519182528.0
2016-05-05,'603678,火炬电子,57.75,57.88,56.94,57.5,57.58,0.17,0.2952,0.9526,768757,44202540.0,9609600000.0,4660406982.0
2016-05-04,'603678,火炬电子,57.58,58.34,57.11,57.21,57.98,-0.4,-0.6899,1.4038,1132866,65561082.0,9581312000.0,4646688035.04
2016-05-03,'603678,火炬电子,57.98,58.5,55.04,55.58,55.58,2.4,4.3181,1.6817,1357102,76803837.0,9647872000.0,4678967910.24
2016-04-29,'603678,火炬电子,55.58,56.6,55.12,56.3,56.53,-0.95,-1.6805,1.1281,910349,50727969.0,9248512000.0,4485288659.04
2016-04-28,'603678,火炬电子,56.53,56.8,55.08,56.01,56.41,0.12,0.2127,1.1413,921025,51730434.0,9406592000.0,4561953362.64
2016-04-27,'603678,火炬电子,56.41,56.97,55.95,56.11,56.03,0.38,0.6782,1.445,1166138,65737552.0,9386624000.0,4552269400.08
2016-04-26,'603678,火炬电子,56.03,56.06,55.0,55.0,55.52,0.51,0.9186,0.9632,777276,43171330.0,9323392000.0,4521603518.64
2016-04-25,'603678,火炬电子,55.52,56.17,54.01,54.82,54.32,1.2,2.2091,1.6969,1369411,75777922.0,9238528000.0,4480446677.76
2016-04-22,'603678,XD火炬电,54.32,55.35,53.19,54.68,54.64,-0.32,-0.5857,1.4017,1131193,61368224.0,9038848000.0,4383607052.16
2016-04-21,'603678,火炬电子,54.84,57.61,54.61,56.5,56.7,-1.86,-3.2804,1.795,1448547,81708092.0,9125376000.0,4425570889.92
2016-04-20,'603678,火炬电子,56.7,61.7,55.8,61.6,61.81,-5.11,-8.2673,4.0359,3256955,190848738.0,9434880000.0,4575672309.6
2016-04-19,'603678,火炬电子,61.81,62.99,59.57,59.57,59.57,2.24,3.7603,3.9353,3175784,195416055.0,10285184000.0,4988047715.28
2016-04-18,'603678,火炬电子,59.57,59.88,58.28,59.35,59.42,0.15,0.2524,1.9208,1550099,91309784.0,9912448000.0,4807280414.16
2016-04-15,'603678,火炬电子,59.42,59.45,58.0,58.93,58.93,0.49,0.8315,2.1959,1772086,104119512.0,9887488000.0,4795175460.96
2016-04-14,'603678,火炬电子,58.93,59.36,58.11,58.21,58.06,0.87,1.4984,1.6316,1316713,77412268.0,9805952000.0,4755632613.84
2016-04-13,'603678,火炬电子,58.06,59.4,57.82,57.98,58.01,0.05,0.0862,2.9289,2363626,138280730.0,9661184000.0,4685423885.28
2016-04-12,'603678,火炬电子,58.01,59.45,57.0,59.32,59.93,-1.92,-3.2037,1.9017,1534631,89324127.0,9652864000.0,4681388900.88
2016-04-11,'603678,火炬电子,59.93,60.76,57.65,57.9,57.17,2.76,4.8277,2.8434,2294651,135630780.0,9972352000.0,4836332301.84
2016-04-08,'603678,火炬电子,57.17,57.3,55.02,55.85,56.53,0.64,1.1321,1.4685,1185044,66171882.0,9513088000.0,4613601162.96
2016-04-07,'603678,火炬电子,56.53,58.3,56.34,57.9,57.8,-1.27,-2.1972,1.55,1250854,71226423.0,9406592000.0,4561953362.64
2016-04-06,'603678,火炬电子,57.8,58.75,56.82,57.22,57.96,-0.16,-0.2761,1.7194,1387514,80253059.0,9617920000.0,4664441966.4
2016-04-05,'603678,火炬电子,57.96,58.15,55.55,56.03,55.99,1.97,3.5185,1.7374,1402067,80143685.0,9644544000.0,4677353916.48
2016-04-01,'603678,火炬电子,55.99,57.48,54.82,57.29,57.0,-1.01,-1.7719,1.4587,1177189,65609885.0,9316736000.0,4518375531.12
2016-03-31,'603678,火炬电子,57.0,58.5,56.34,56.94,56.59,0.41,0.7245,2.0177,1628239,93741035.0,9484800000.0,4599882216.0
2016-03-30,'603678,火炬电子,56.59,58.0,53.51,53.6,53.03,3.56,6.7132,2.3695,1912184,105599596.0,9416576000.0,4566795343.92
2016-03-29,'603678,火炬电子,53.03,56.65,52.0,56.0,56.53,-3.5,-6.1914,2.5333,2044402,109587520.0,8824192000.0,4279504454.64
2016-03-28,'603678,火炬电子,56.53,58.71,56.1,56.95,55.7,0.83,1.4901,2.4313,1962037,112968523.0,9406592000.0,4561953362.64
2016-03-25,'603678,火炬电子,55.7,56.21,55.18,55.5,56.1,-0.4,-0.713,1.3614,1098639,61047468.0,9268480000.0,4494972621.6
2016-03-24,'603678,火炬电子,56.1,57.25,56.02,57.07,57.79,-1.69,-2.9244,1.9218,1550872,87960922.0,9335040000.0,4527252496.8
2016-03-23,'603678,火炬电子,57.79,57.8,56.5,56.61,57.49,0.3,0.5218,1.719,1387190,79324470.0,9616256000.0,4663634969.52
2016-03-22,'603678,火炬电子,57.49,58.48,57.19,58.2,57.92,-0.43,-0.7424,2.985,2408919,139230559.0,9566336000.0,4639425063.12
2016-03-21,'603678,火炬电子,57.92,57.98,55.84,56.15,56.0,1.92,3.4286,4.8996,3953940,223887534.0,9637888000.0,4674125928.96
2016-03-18,'603678,火炬电子,56.0,56.65,53.61,54.31,54.03,1.97,3.6461,3.965,3199735,176556819.0,9318400000.0,4519182528.0
2016-03-17,'603678,火炬电子,54.03,54.8,49.53,50.4,50.38,3.65,7.2449,3.2997,2662871,138657331.0,8990592000.0,4360204142.64
2016-03-16,'603678,火炬电子,50.38,52.99,49.5,52.5,52.45,-2.07,-3.9466,1.786,1441258,73354055.0,8383232000.0,4065650281.44
2016-03-15,'603678,火炬电子,52.45,53.3,51.69,53.18,52.62,-0.17,-0.3231,2.3839,1923764,100651356.0,8727680000.0,4232698635.6
2016-03-14,'603678,火炬电子,52.62,52.62,47.84,48.0,47.84,4.78,9.9916,4.4683,3605871,184307052.0,8755968000.0,4246417582.56
2016-03-11,'603678,火炬电子,47.84,47.95,46.17,47.0,47.63,0.21,0.4409,1.3257,1069803,50108937.0,7960576000.0,3860673073.92
2016-03-10,'603678,火炬电子,47.63,48.99,46.79,47.92,47.92,-0.29,-0.6052,0.8444,681453,32574629.0,7925632000.0,3843726139.44
2016-03-09,'603678,火炬电子,47.92,49.02,46.8,47.15,48.4,-0.48,-0.9917,0.8187,660671,31775124.0,7973888000.0,3867129048.96
2016-03-08,'603678,火炬电子,48.4,48.8,45.63,47.68,47.75,0.65,1.3613,1.1542,931435,43996374.0,8053760000.0,3905864899.2
2016-03-07,'603678,火炬电子,47.75,48.49,47.11,47.3,47.16,0.59,1.2511,0.7598,613149,29402256.0,7945600000.0,3853410102.0
2016-03-04,'603678,火炬电子,47.16,49.95,46.59,49.22,49.53,-2.37,-4.785,1.5197,1226380,58922531.0,7847424000.0,3805797286.08
2016-03-03,'603678,火炬电子,49.53,51.0,49.5,50.39,50.36,-0.83,-1.6481,1.4182,1144511,57578628.0,8241792000.0,3997055546.64
2016-03-02,'603678,火炬电子,50.36,50.87,47.6,48.0,48.59,1.77,3.6427,1.447,1167689,57606422.0,8379904000.0,4064036287.68
2016-03-01,'603678,火炬电子,48.59,49.0,46.52,48.26,48.28,0.31,0.6421,1.8421,1486564,70643765.0,8085376000.0,3921197839.92
2016-02-29,'603678,火炬电子,48.28,50.83,48.01,49.83,53.34,-5.06,-9.4863,2.3241,1875549,90516646.0,8033792000.0,3896180936.64
2016-02-26,'603678,火炬电子,53.34,54.54,49.5,51.19,50.63,2.71,5.3526,1.8537,1495907,77413640.0,8875776000.0,4304521357.92
2016-02-25,'603678,火炬电子,50.63,56.95,50.62,56.3,56.24,-5.61,-9.9751,1.9987,1612965,86963174.0,8424832000.0,4085825203.44
2016-02-24,'603678,火炬电子,56.24,57.73,54.8,56.78,57.1,-0.86,-1.5061,1.5965,1288336,72498118.0,9358336000.0,4538550453.12
2016-02-23,'603678,火炬电子,57.1,58.78,56.5,57.82,57.81,-0.71,-1.2282,1.8778,1515385,87351151.0,9501440000.0,4607952184.8
2016-02-22,'603678,火炬电子,57.81,58.95,57.08,58.5,57.19,0.62,1.0841,1.7487,1411213,81523575.0,9619584000.0,4665248963.28
2016-02-19,'603678,火炬电子,57.19,58.5,56.22,56.73,57.11,0.08,0.1401,1.6875,1361793,78142547.0,9516416000.0,4615215156.72
2016-02-18,'603678,火炬电子,57.11,57.27,56.0,56.0,55.49,1.62,2.9194,2.4569,1982707,112489253.0,9503104000.0,4608759181.68
2016-02-17,'603678,火炬电子,55.49,56.0,53.6,53.9,53.97,1.52,2.8164,2.0384,1645003,90561320.0,9233536000.0,4478025687.12
2016-02-16,'603678,火炬电子,53.97,54.37,51.68,51.68,51.67,2.3,4.4513,1.6349,1319393,70671045.0,8980608000.0,4355362161.36
2016-02-15,'603678,火炬电子,51.67,52.0,49.99,50.6,53.15,-1.48,-2.7846,0.8565,691230,35261353.0,8597888000.0,4169752878.96
2016-02-05,'603678,火炬电子,53.15,53.98,52.45,52.55,52.45,0.7,1.3346,1.6737,1350701,72182405.0,8844160000.0,4289188417.2
2016-02-04,'603678,火炬电子,52.45,53.5,50.8,51.49,51.34,1.11,2.1621,2.1312,1719872,90458843.0,8727680000.0,4232698635.6
2016-02-03,'603678,火炬电子,51.34,51.53,50.12,50.98,51.89,-0.55,-1.0599,0.8328,672067,34146464.0,8542976000.0,4143121981.92
2016-02-02,'603678,火炬电子,51.89,52.52,49.0,49.4,49.79,2.1,4.2177,1.2597,1016585,52429630.0,8634496000.0,4187506810.32
2016-02-01,'603678,火炬电子,49.79,51.88,49.5,51.35,52.3,-2.51,-4.7992,1.3501,1089557,54773846.0,8285056000.0,4018037465.52
2016-01-29,'603678,火炬电子,52.3,52.78,48.03,48.03,49.17,3.13,6.3657,1.6048,1295050,65922863.0,8702720000.0,4220593682.4
2016-01-28,'603678,火炬电子,49.17,50.88,48.41,50.49,51.39,-2.22,-4.3199,1.0704,863788,43147460.0,8181888000.0,3968003658.96
2016-01-27,'603678,火炬电子,51.39,54.5,48.4,54.18,53.75,-2.36,-4.3907,1.8519,1494441,76191569.0,8551296000.0,4147156966.32
2016-01-26,'603678,火炬电子,53.75,59.1,53.75,59.02,59.72,-5.97,-9.9967,1.7617,1421659,79355209.0,8944000000.0,4337608230.0
2016-01-25,'603678,火炬电子,59.72,60.7,58.5,59.0,59.61,0.11,0.1845,4.326,1799619,106887665.0,9937408000.0,2484352000.0
2016-01-22,'603678,火炬电子,59.61,60.0,54.5,56.22,56.43,3.18,5.6353,2.9246,1216640,69177218.0,9919104000.0,2479776000.0
2016-01-21,'603678,火炬电子,56.43,59.92,55.2,58.55,59.74,-3.31,-5.5407,2.1823,907837,53267843.0,9389952000.0,2347488000.0
2016-01-20,'603678,火炬电子,59.74,59.99,58.5,59.3,59.98,-0.24,-0.4001,2.8089,1168520,69347792.0,9940736000.0,2485184000.0
2016-01-19,'603678,火炬电子,59.98,60.6,56.92,58.67,58.53,1.45,2.4774,3.0288,1259995,74384834.0,9980672000.0,2495168000.0
2016-01-18,'603678,火炬电子,58.53,59.3,55.0,55.0,56.27,2.26,4.0163,2.5502,1060864,61167922.0,9739392000.0,2434848000.0
2016-01-15,'603678,火炬电子,56.27,60.68,56.0,60.5,61.48,-5.21,-8.4743,3.1192,1297600,75849022.0,9363328000.0,2340832000.0
2016-01-14,'603678,火炬电子,61.48,62.4,56.0,58.0,59.52,1.96,3.293,4.0638,1690536,99805515.0,10230272000.0,2557568000.0
2016-01-13,'603678,火炬电子,59.52,61.85,59.5,60.79,60.79,-1.27,-2.0892,1.8981,789604,47756372.0,9904128000.0,2476032000.0
2016-01-12,'603678,火炬电子,60.79,63.0,59.5,62.97,61.29,-0.5,-0.8158,2.2171,922307,56736273.0,10115456000.0,2528864000.0
2016-01-11,'603678,火炬电子,61.29,65.79,60.03,64.1,66.69,-5.4,-8.0972,2.9754,1237786,78637288.0,10198656000.0,2549664000.0
2016-01-08,'603678,火炬电子,66.69,69.0,62.1,68.99,66.33,0.36,0.5427,3.3591,1397377,92626562.0,11097216000.0,2774304000.0
2016-01-07,'603678,火炬电子,66.33,72.0,66.18,72.0,73.47,-7.14,-9.7183,0.519,215900,14906828.0,11037312000.0,2759328000.0
2016-01-06,'603678,火炬电子,73.47,73.97,70.5,72.8,71.37,2.1,2.9424,2.8686,1193329,86052765.0,12225408000.0,3056352000.0
2016-01-05,'603678,火炬电子,71.37,77.28,70.22,73.0,77.21,-5.84,-7.5638,2.8245,1175012,86291968.0,11875968000.0,2968992000.0
2016-01-04,'603678,火炬电子,77.21,86.8,77.21,85.79,85.79,-8.58,-10.0012,2.4374,1013939,80400912.0,12847744000.0,3211936000.0
2015-12-31,'603678,火炬电子,85.79,88.51,85.16,86.25,86.28,-0.49,-0.5679,2.8827,1199212,104148827.0,14275456000.0,3568864000.0
2015-12-30,'603678,火炬电子,86.28,87.51,83.0,84.83,84.57,1.71,2.022,2.1904,911223,77798164.0,14356992000.0,3589248000.0
2015-12-29,'603678,火炬电子,84.57,85.48,82.66,84.59,84.58,-0.01,-0.0118,2.3345,971168,81212728.0,14072448000.0,3518112000.0
2015-12-28,'603678,火炬电子,84.58,90.74,83.0,89.4,88.19,-3.61,-4.0934,3.2148,1337359,117979796.0,14074112000.0,3518528000.0
2015-12-25,'603678,火炬电子,88.19,93.38,87.74,89.68,90.78,-2.59,-2.8531,2.9548,1229201,110390252.0,14674816000.0,3668704000.0
2015-12-24,'603678,火炬电子,90.78,93.5,87.95,90.0,91.52,-0.74,-0.8086,4.6863,1949520,176163850.0,15105792000.0,3776448000.0
2015-12-23,'603678,火炬电子,91.52,92.99,83.58,84.8,84.55,6.97,8.2436,7.0798,2945202,260416101.0,15228928000.0,3807232000.0
2015-12-22,'603678,火炬电子,84.55,84.87,83.5,84.38,83.9,0.65,0.7747,2.5769,1072009,90454629.0,14069120000.0,3517280000.0
2015-12-21,'603678,火炬电子,83.9,86.19,83.04,85.1,85.09,-1.19,-1.3985,2.8366,1180041,99403992.0,13960960000.0,3490240000.0
2015-12-18,'603678,火炬电子,85.09,85.49,82.3,83.56,83.51,1.58,1.892,3.2794,1364216,114360374.0,14158976000.0,3539744000.0
2015-12-17,'603678,火炬电子,83.51,84.98,81.75,82.42,82.06,1.45,1.767,3.6609,1522944,127363100.0,13896064000.0,3474016000.0
2015-12-16,'603678,火炬电子,82.06,82.88,81.5,82.18,82.07,-0.01,-0.0122,1.6153,671982,55219038.0,13654784000.0,3413696000.0
2015-12-15,'603678,火炬电子,82.07,82.58,80.19,80.68,80.94,1.13,1.3961,2.0985,872992,71416005.0,13656448000.0,3414112000.0
2015-12-14,'603678,火炬电子,80.94,81.01,77.65,81.0,82.48,-1.54,-1.8671,2.2918,953375,75738984.0,13468416000.0,3367104000.0
2015-12-11,'603678,火炬电子,82.48,84.95,82.3,84.2,84.9,-2.42,-2.8504,1.8283,760582,63265454.0,13724672000.0,3431168000.0
2015-12-10,'603678,火炬电子,84.9,85.5,83.0,84.0,84.03,0.87,1.0353,2.0512,853302,72396695.0,14127360000.0,3531840000.0
2015-12-09,'603678,火炬电子,84.03,87.0,82.51,86.5,86.39,-2.36,-2.7318,2.8035,1166243,98788608.0,13982592000.0,3495648000.0
2015-12-08,'603678,火炬电子,86.39,88.39,85.06,85.7,86.2,0.19,0.2204,2.5648,1066958,92528319.0,14375296000.0,3593824000.0
2015-12-07,'603678,火炬电子,86.2,87.25,85.34,86.49,86.49,-0.29,-0.3353,2.2241,925213,79775488.0,14343680000.0,3585920000.0
2015-12-04,'603678,火炬电子,86.49,88.5,85.2,88.01,88.48,-1.99,-2.2491,3.8083,1584236,137163564.0,14391936000.0,3597984000.0
2015-12-03,'603678,火炬电子,88.48,88.58,86.49,86.98,86.5,1.98,2.289,1.9285,802256,70213593.0,14723072000.0,3680768000.0
2015-12-02,'603678,火炬电子,86.5,88.9,84.6,87.8,88.41,-1.91,-2.1604,1.3649,567812,48988572.0,14393600000.0,3598400000.0
2015-12-01,'603678,火炬电子,88.41,94.8,87.09,92.0,90.98,-2.57,-2.8248,3.0204,1256476,114560282.0,14711424000.0,3677856000.0
2015-11-30,'603678,火炬电子,90.98,91.39,85.1,89.63,89.61,1.37,1.5288,1.5935,662885,59125555.0,15139072000.0,3784768000.0
2015-11-27,'603678,火炬电子,89.61,95.25,89.0,95.25,95.66,-6.05,-6.3245,2.4699,1027478,94681074.0,14911104000.0,3727776000.0
2015-11-26,'603678,火炬电子,95.66,100.0,95.2,99.9,98.86,-3.2,-3.2369,1.9915,828444,80678216.0,15917824000.0,3979456000.0
2015-11-25,'603678,火炬电子,98.86,100.0,94.51,95.79,95.46,3.4,3.5617,3.8216,1589782,154772008.0,16450304000.0,4112576000.0
2015-11-24,'603678,火炬电子,95.46,95.8,93.08,93.79,93.87,1.59,1.6938,1.7907,744917,70652978.0,15884544000.0,3971136000.0
2015-11-23,'603678,火炬电子,93.87,98.2,92.0,97.28,97.09,-3.22,-3.3165,3.1429,1307458,123921119.0,15619968000.0,3904992000.0
2015-11-20,'603678,火炬电子,97.09,101.0,96.89,99.2,98.67,-1.58,-1.6013,2.993,1245069,123027642.0,16155776000.0,4038944000.0
2015-11-19,'603678,火炬电子,98.67,98.67,89.45,89.45,89.7,8.97,10.0,4.0563,1687417,158358192.0,16418688000.0,4104672000.0
2015-11-18,'603678,火炬电子,89.7,97.0,89.5,93.0,96.06,-6.36,-6.6209,3.8185,1588491,146730442.0,14926080000.0,3731520000.0
2015-11-17,'603678,火炬电子,96.06,100.0,96.0,98.88,97.0,-0.94,-0.9691,4.0019,1664791,163353144.0,15984384000.0,3996096000.0
2015-11-16,'603678,火炬电子,97.0,97.95,94.07,95.28,96.97,0.03,0.0309,2.7661,1150700,109939081.0,16140800000.0,4035200000.0
2015-11-13,'603678,火炬电子,96.97,105.0,95.06,100.28,102.3,-5.33,-5.2102,2.6016,1082280,107504443.0,16135808000.0,4033952000.0
2015-11-12,'603678,火炬电子,102.3,104.5,98.67,101.81,104.16,-1.86,-1.7857,3.3734,1403325,141289139.0,17022720000.0,4255680000.0
2015-11-11,'603678,火炬电子,104.16,105.96,98.86,104.9,103.53,0.63,0.6085,3.4777,1446731,147403480.0,17332224000.0,4333056000.0
2015-11-10,'603678,火炬电子,103.53,109.0,103.0,108.16,107.06,-3.53,-3.2972,2.9232,1216063,127389624.0,17227392000.0,4306848000.0
2015-11-09,'603678,火炬电子,107.06,107.5,98.05,98.2,98.15,8.91,9.0779,4.875,2028004,210577501.0,17814784000.0,4453696000.0
2015-11-06,'603678,火炬电子,98.15,99.98,91.02,91.02,92.14,6.01,6.5227,3.9542,1644965,159530662.0,16332160000.0,4083040000.0
2015-11-05,'603678,火炬电子,92.14,92.7,83.11,88.0,84.98,7.16,8.4255,4.3168,1795797,162862619.0,15332096000.0,3833024000.0
2015-11-04,'603678,火炬电子,84.98,85.5,79.83,79.88,79.56,5.42,6.8125,2.3651,983874,81712943.0,14140672000.0,3535168000.0
2015-11-03,'603678,火炬电子,79.56,80.56,76.82,79.19,79.19,0.37,0.4672,0.8717,362635,28664135.0,13238784000.0,3309696000.0
2015-11-02,'603678,火炬电子,79.19,83.85,75.89,75.9,77.77,1.42,1.8259,2.1691,902330,72906224.0,13177216000.0,3294304000.0
2015-10-30,'603678,火炬电子,77.77,80.33,77.0,80.3,80.08,-2.31,-2.8846,1.4272,593710,46419382.0,12940928000.0,3235232000.0
2015-10-29,'603678,火炬电子,80.08,83.6,78.5,81.0,83.68,-3.6,-4.3021,2.3113,961502,77176985.0,13325312000.0,3331328000.0
2015-10-28,'603678,火炬电子,83.68,89.01,76.0,85.9,80.92,2.76,3.4108,5.3195,2212922,184646522.0,13924352000.0,3481088000.0
2015-10-27,'603678,火炬电子,0.0,0.0,0.0,0.0,80.92,None,None,0.0,0,0.0,13465088000.0,3366272000.0
2015-10-26,'603678,火炬电子,0.0,0.0,0.0,0.0,80.92,None,None,0.0,0,0.0,13465088000.0,3366272000.0
2015-10-23,'603678,火炬电子,0.0,0.0,0.0,0.0,80.92,None,None,0.0,0,0.0,13465088000.0,3366272000.0
2015-10-22,'603678,火炬电子,0.0,0.0,0.0,0.0,80.92,None,None,0.0,0,0.0,13465088000.0,3366272000.0
2015-10-21,'603678,火炬电子,0.0,0.0,0.0,0.0,80.92,None,None,0.0,0,0.0,13465088000.0,3366272000.0
2015-10-20,'603678,火炬电子,0.0,0.0,0.0,0.0,80.92,None,None,0.0,0,0.0,13465088000.0,3366272000.0
2015-10-19,'603678,火炬电子,0.0,0.0,0.0,0.0,80.92,None,None,0.0,0,0.0,13465088000.0,3366272000.0
2015-10-16,'603678,火炬电子,0.0,0.0,0.0,0.0,80.92,None,None,0.0,0,0.0,13465088000.0,3366272000.0
2015-10-15,'603678,火炬电子,0.0,0.0,0.0,0.0,80.92,None,None,0.0,0,0.0,13465088000.0,3366272000.0
2015-10-14,'603678,火炬电子,0.0,0.0,0.0,0.0,80.92,None,None,0.0,0,0.0,13465088000.0,3366272000.0
2015-10-13,'603678,火炬电子,80.92,81.9,80.0,81.9,82.0,-1.08,-1.3171,0.9934,413261,33305274.0,13465088000.0,3366272000.0
2015-10-12,'603678,火炬电子,82.0,85.2,77.84,78.2,77.97,4.03,5.1687,3.0177,1255361,101276898.0,13644800000.0,3411200000.0
2015-10-09,'603678,火炬电子,77.97,79.06,76.5,76.5,76.32,1.65,2.1619,2.0446,850568,66420696.0,12974208000.0,3243552000.0
2015-10-08,'603678,火炬电子,76.32,77.77,75.25,75.25,73.82,2.5,3.3866,1.6868,701720,53824541.0,12699648000.0,3174912000.0
2015-09-30,'603678,火炬电子,73.82,74.12,70.02,70.1,70.02,3.8,5.427,0.8571,356573,26065970.0,12283648000.0,3070912000.0
2015-09-29,'603678,火炬电子,70.02,70.6,68.0,69.45,70.74,-0.72,-1.0178,0.243,101100,7056978.0,11651328000.0,2912832000.0
2015-09-28,'603678,火炬电子,70.74,71.1,69.58,69.58,70.2,0.54,0.7692,0.3589,149300,10524835.0,11771136000.0,2942784000.0
2015-09-25,'603678,火炬电子,70.2,73.81,69.0,73.2,73.01,-2.81,-3.8488,0.5865,243989,17313439.0,11681280000.0,2920320000.0
2015-09-24,'603678,火炬电子,73.01,74.87,72.5,73.88,73.76,-0.75,-1.0168,0.5488,228280,16823439.0,12148864000.0,3037216000.0
2015-09-23,'603678,火炬电子,73.76,75.8,71.8,73.03,74.18,-0.42,-0.5662,1.3742,571663,42113018.0,12273664000.0,3068416000.0
2015-09-22,'603678,火炬电子,74.18,75.7,73.03,74.99,74.16,0.02,0.027,1.0066,418729,31099460.0,12343552000.0,3085888000.0
2015-09-21,'603678,火炬电子,74.16,74.78,68.11,69.42,70.72,3.44,4.8643,1.9879,826970,60276227.0,12340224000.0,3085056000.0
2015-09-18,'603678,火炬电子,70.72,72.0,64.0,68.5,68.89,1.83,2.6564,1.7647,734100,50075303.0,11767808000.0,2941952000.0
2015-09-17,'603678,火炬电子,68.89,72.98,66.71,69.33,70.08,-1.19,-1.6981,2.3205,965309,68495010.0,11463296000.0,2865824000.0
2015-09-16,'603678,火炬电子,70.08,70.1,63.3,66.0,64.59,5.49,8.4998,1.7821,741336,49669723.0,11661312000.0,2915328000.0
2015-09-15,'603678,火炬电子,64.59,69.99,62.02,67.0,68.29,-3.7,-5.4181,1.8853,784272,51316781.0,10747776000.0,2686944000.0
2015-09-14,'603678,火炬电子,68.29,76.89,68.29,76.0,75.88,-7.59,-10.0026,2.062,857800,60911730.0,11363456000.0,2840864000.0
2015-09-11,'603678,火炬电子,75.88,76.83,73.5,73.5,73.75,2.13,2.8881,2.1502,894481,67512750.0,12626432000.0,3156608000.0
2015-09-10,'603678,火炬电子,73.75,75.7,73.0,75.51,76.46,-2.71,-3.5443,1.8508,769942,57241271.0,12272000000.0,3068000000.0
2015-09-09,'603678,火炬电子,76.46,76.8,69.0,72.5,69.89,6.57,9.4005,4.4378,1846120,136066291.0,12722944000.0,3180736000.0
2015-09-08,'603678,火炬电子,69.89,70.61,62.28,64.2,64.2,5.69,8.8629,2.3561,980120,65107441.0,11629696000.0,2907424000.0
2015-09-07,'603678,火炬电子,64.2,68.0,62.97,64.58,64.04,0.16,0.2498,2.2341,929379,60408601.0,10682880000.0,2670720000.0
2015-09-02,'603678,火炬电子,64.04,67.65,60.01,60.3,64.14,-0.1,-0.1559,2.1479,893511,57455516.0,10656256000.0,2664064000.0
2015-09-01,'603678,火炬电子,64.14,68.15,61.34,68.15,68.15,-4.01,-5.8841,2.2683,943606,60057531.0,10672896000.0,2668224000.0
2015-08-31,'603678,火炬电子,68.15,70.36,66.77,68.0,68.52,-0.37,-0.54,2.3628,982945,67391739.0,11340160000.0,2835040000.0
2015-08-28,'603678,火炬电子,68.52,68.52,62.63,62.63,62.29,6.23,10.0016,4.9529,2060414,138913493.0,11401728000.0,2850432000.0
2015-08-27,'603678,火炬电子,62.29,62.86,56.0,56.0,57.42,4.87,8.4814,4.1947,1745004,102774711.0,10365056000.0,2591264000.0
2015-08-26,'603678,火炬电子,57.42,60.99,52.9,58.5,58.59,-1.17,-1.9969,4.5838,1906855,108916761.0,9554688000.0,2388672000.0
2015-08-25,'603678,火炬电子,58.59,61.0,56.25,56.25,62.5,-3.91,-6.256,5.0591,2104589,122618207.0,9749376000.0,2437344000.0
2015-08-24,'603678,火炬电子,62.5,67.5,62.5,67.5,69.44,-6.94,-9.9942,4.5337,1886000,118048880.0,10400000000.0,2600000000.0
2015-08-21,'603678,火炬电子,69.44,73.0,68.5,70.0,72.87,-3.43,-4.707,2.5052,1042181,73296576.0,11554816000.0,2888704000.0
2015-08-20,'603678,火炬电子,72.87,75.0,69.8,73.0,73.91,-1.04,-1.4071,1.405,584500,42269602.0,12125568000.0,3031392000.0
2015-08-19,'603678,火炬电子,73.91,76.49,65.0,65.0,69.55,4.36,6.2689,3.9411,1639491,114919718.0,12298624000.0,3074656000.0
2015-08-18,'603678,火炬电子,69.55,78.0,69.55,77.99,77.28,-7.73,-10.0026,3.0049,1250050,90819005.0,11573120000.0,2893280000.0
2015-08-17,'603678,火炬电子,77.28,78.0,73.98,74.1,73.81,3.47,4.7013,3.9918,1660603,125923650.0,12859392000.0,3214848000.0
2015-08-14,'603678,火炬电子,73.81,74.89,72.77,73.99,73.69,0.12,0.1628,2.3005,956990,70781279.0,12281984000.0,3070496000.0
2015-08-13,'603678,火炬电子,73.69,73.74,70.59,72.0,72.59,1.1,1.5154,1.5729,654322,47367486.0,12262016000.0,3065504000.0
2015-08-12,'603678,火炬电子,72.59,77.0,72.24,76.99,76.97,-4.38,-5.6905,2.6525,1103448,82122062.0,12078976000.0,3019744000.0
2015-08-11,'603678,火炬电子,76.97,82.0,76.13,77.93,78.09,-1.12,-1.4342,3.4572,1438184,113914765.0,12807808000.0,3201952000.0
2015-08-10,'603678,火炬电子,78.09,79.4,72.0,73.88,72.45,5.64,7.7847,4.3624,1814739,137626623.0,12994176000.0,3248544000.0
2015-08-07,'603678,火炬电子,72.45,73.19,70.0,70.0,69.48,2.97,4.2746,2.0367,847249,60328100.0,12055680000.0,3013920000.0
2015-08-06,'603678,火炬电子,69.48,72.5,65.02,65.02,71.23,-1.75,-2.4568,1.3196,548950,38248231.0,11561472000.0,2890368000.0
2015-08-05,'603678,火炬电子,71.23,76.3,70.4,73.0,74.96,-3.73,-4.976,2.6898,1118970,82048320.0,11852672000.0,2963168000.0
2015-08-04,'603678,火炬电子,74.96,78.32,65.0,72.5,71.2,3.76,5.2809,4.0751,1695259,121252884.0,12473344000.0,3118336000.0
2015-08-03,'603678,火炬电子,71.2,79.0,71.2,78.0,79.11,-7.91,-9.9987,3.1361,1304600,94190714.0,11847680000.0,2961920000.0
2015-07-31,'603678,火炬电子,79.11,81.44,78.01,80.08,80.13,-1.02,-1.2729,1.4473,602069,48174167.0,13163904000.0,3290976000.0
2015-07-30,'603678,火炬电子,80.13,83.78,80.0,82.0,82.0,-1.87,-2.2805,2.1077,876800,71342723.0,13333632000.0,3333408000.0
2015-07-29,'603678,火炬电子,82.0,83.2,74.52,79.09,78.84,3.16,4.0081,2.9477,1226245,96867359.0,13644800000.0,3411200000.0
2015-07-28,'603678,火炬电子,78.84,84.99,76.13,76.14,84.59,-5.75,-6.7975,4.2121,1752243,137568889.0,13118976000.0,3279744000.0
2015-07-27,'603678,火炬电子,84.59,96.6,84.4,91.21,93.78,-9.19,-9.7995,3.8038,1582360,143473177.0,14075776000.0,3518944000.0
2015-07-24,'603678,火炬电子,93.78,96.08,91.1,94.13,95.08,-1.3,-1.3673,3.2359,1346135,126750051.0,15604992000.0,3901248000.0
2015-07-23,'603678,火炬电子,95.08,97.29,89.56,91.3,91.71,3.37,3.6746,2.6846,1116791,104762148.0,15821312000.0,3955328000.0
2015-07-22,'603678,火炬电子,91.71,95.0,88.02,94.98,92.31,-0.6,-0.65,4.3329,1802485,164716045.0,15260544000.0,3815136000.0
2015-07-21,'603678,火炬电子,92.31,92.35,80.5,86.58,83.96,8.35,9.9452,4.1106,1710010,150789286.0,15360384000.0,3840096000.0
2015-07-20,'603678,火炬电子,83.96,83.96,77.5,77.5,76.33,7.63,9.9961,7.8391,3261073,270422138.0,13970944000.0,3492736000.0
2015-07-17,'603678,火炬电子,76.33,78.4,71.5,71.5,71.98,4.35,6.0433,4.9513,2059752,154865072.0,12701312000.0,3175328000.0
2015-07-16,'603678,火炬电子,71.98,77.77,71.92,75.0,79.91,-7.93,-9.9237,7.3134,3042385,221948584.0,11977472000.0,2994368000.0
2015-07-15,'603678,火炬电子,79.91,82.52,79.91,81.0,88.79,-8.88,-10.0011,6.4296,2674714,214200188.0,13297024000.0,3324256000.0
2015-07-14,'603678,火炬电子,88.79,97.79,88.79,92.0,98.66,-9.87,-10.0041,11.1258,4628319,426312248.0,14774656000.0,3693664000.0
2015-07-13,'603678,火炬电子,98.66,98.66,80.72,90.5,89.69,8.97,10.0011,18.2693,7600021,669004499.0,16417024000.0,4104256000.0
2015-07-10,'603678,火炬电子,0.0,0.0,0.0,0.0,89.69,None,None,0.0,0,0.0,14924416000.0,3731104000.0
2015-07-09,'603678,火炬电子,0.0,0.0,0.0,0.0,89.69,None,None,0.0,0,0.0,14924416000.0,3731104000.0
2015-07-08,'603678,火炬电子,0.0,0.0,0.0,0.0,89.69,None,None,0.0,0,0.0,14924416000.0,3731104000.0
2015-07-07,'603678,火炬电子,0.0,0.0,0.0,0.0,89.69,None,None,0.0,0,0.0,14924416000.0,3731104000.0
2015-07-06,'603678,火炬电子,89.69,106.0,89.69,104.0,99.66,-9.97,-10.004,3.4786,1447087,134583926.0,14924416000.0,3731104000.0
2015-07-03,'603678,火炬电子,99.66,102.0,96.95,98.0,107.72,-8.06,-7.4824,5.639,2345815,229252673.0,16583424000.0,4145856000.0
2015-07-02,'603678,火炬电子,107.72,117.0,105.75,111.5,117.5,-9.78,-8.3234,6.8805,2862292,313473338.0,17924608000.0,4481152000.0
2015-07-01,'603678,火炬电子,117.5,118.67,105.0,106.0,107.88,9.62,8.9173,8.0018,3328732,381667369.0,19552000000.0,4888000000.0
2015-06-30,'603678,火炬电子,107.88,110.0,97.0,104.89,106.74,1.14,1.068,6.8056,2831112,291901055.0,17951232000.0,4487808000.0
2015-06-29,'603678,火炬电子,106.74,112.12,96.04,105.98,106.71,0.03,0.0281,8.6358,3592496,376716066.0,17761536000.0,4440384000.0
2015-06-26,'603678,火炬电子,106.71,111.1,101.0,108.71,111.14,-4.43,-3.986,4.8344,2011111,215146960.0,17756544000.0,4439136000.0
2015-06-25,'603678,火炬电子,111.14,113.85,107.2,112.0,111.62,-0.48,-0.43,3.4584,1438695,158194325.0,18493696000.0,4623424000.0
2015-06-24,'603678,火炬电子,111.62,112.88,106.76,109.0,107.49,4.13,3.8422,3.4586,1438761,158382404.0,18573568000.0,4643392000.0
2015-06-23,'603678,火炬电子,107.49,111.0,100.0,104.49,107.44,0.05,0.0465,1.9859,826150,87735842.0,17886336000.0,4471584000.0
2015-06-19,'603678,火炬电子,107.44,111.06,102.5,107.0,109.88,-2.44,-2.2206,2.1163,880370,94080766.0,17878016000.0,4469504000.0
2015-06-18,'603678,火炬电子,109.88,115.48,106.07,109.9,109.95,-0.07,-0.0637,1.8816,782756,88097510.0,18284032000.0,4571008000.0
2015-06-17,'603678,火炬电子,109.95,112.53,104.9,109.98,110.44,-0.49,-0.4437,1.7025,708237,76666450.0,18295680000.0,4573920000.0
2015-06-16,'603678,火炬电子,110.44,116.0,103.4,105.11,113.08,-2.64,-2.3346,3.1457,1308610,143764917.0,18377216000.0,4594304000.0
2015-06-15,'603678,火炬电子,113.08,118.42,110.06,117.98,118.42,-5.34,-4.5094,3.5388,1472144,168370104.0,18816512000.0,4704128000.0
2015-06-12,'603678,火炬电子,118.42,123.0,111.85,112.15,112.23,6.19,5.5155,5.7623,2397111,285458049.0,19705088000.0,4926272000.0
2015-06-11,'603678,火炬电子,112.23,113.88,107.0,109.5,111.25,0.98,0.8809,4.2745,1778197,196565784.0,18675072000.0,4668768000.0
2015-06-10,'603678,火炬电子,111.25,113.0,100.1,105.0,103.52,7.73,7.4672,4.4567,1853982,201147078.0,18512000000.0,4628000000.0
2015-06-09,'603678,火炬电子,103.52,103.52,91.58,92.0,94.11,9.41,9.9989,6.9579,2894482,288248733.0,17225728000.0,4306432000.0
2015-06-08,'603678,火炬电子,94.11,94.6,87.0,93.09,94.54,-0.43,-0.4548,3.6678,1525810,138698721.0,15659904000.0,3914976000.0
2015-06-05,'603678,火炬电子,94.54,99.98,93.39,97.47,98.09,-3.55,-3.6191,2.9337,1220424,118360714.0,15731456000.0,3932864000.0
2015-06-04,'603678,火炬电子,98.09,99.0,86.49,96.55,96.1,1.99,2.0708,7.5346,3134400,286880477.0,16322176000.0,4080544000.0
2015-06-03,'603678,火炬电子,96.1,100.0,95.0,98.0,100.0,-3.9,-3.9,4.1855,1741166,168856563.0,15991040000.0,3997760000.0
2015-06-02,'603678,火炬电子,100.0,105.6,99.5,103.0,103.43,-3.43,-3.3163,4.107,1708526,174641621.0,16640000000.0,4160000000.0
2015-06-01,'603678,火炬电子,103.43,104.4,99.99,103.99,104.42,-0.99,-0.9481,3.6777,1529917,156163196.0,17210752000.0,4302688000.0
2015-05-29,'603678,火炬电子,104.42,107.0,95.07,102.3,105.63,-1.21,-1.1455,5.8657,2440147,246287179.0,17375488000.0,4343872000.0
2015-05-28,'603678,火炬电子,105.63,120.99,102.17,114.28,110.94,-5.31,-4.7864,7.1132,2959075,342512167.0,17576832000.0,4394208000.0
2015-05-27,'603678,火炬电子,110.94,110.94,99.0,101.27,100.85,10.09,10.005,5.2298,2175617,231508088.0,18460416000.0,4615104000.0
2015-05-26,'603678,火炬电子,100.85,102.0,96.35,97.4,97.18,3.67,3.7765,4.2556,1770334,176575580.0,16781440000.0,4195360000.0
2015-05-25,'603678,火炬电子,97.18,99.4,96.88,99.4,99.59,-2.41,-2.4199,2.9773,1238537,121056658.0,16170752000.0,4042688000.0
2015-05-22,'603678,火炬电子,99.59,103.0,97.0,100.4,100.4,-0.81,-0.8068,2.3332,970602,96522669.0,16571776000.0,4142944000.0
2015-05-21,'603678,火炬电子,100.4,102.0,96.2,98.0,99.49,0.91,0.9147,2.6249,1091941,108917776.0,16706560000.0,4176640000.0
2015-05-20,'603678,火炬电子,99.49,101.3,93.6,97.5,97.84,1.65,1.6864,4.937,2053790,200746579.0,16555136000.0,4138784000.0
2015-05-19,'603678,火炬电子,97.84,100.38,95.57,99.78,98.93,-1.09,-1.1018,2.4761,1030060,100435558.0,16280576000.0,4070144000.0
2015-05-18,'603678,火炬电子,98.93,102.51,93.01,95.0,95.36,3.57,3.7437,3.842,1598280,157187199.0,16461952000.0,4115488000.0
2015-05-15,'603678,火炬电子,95.36,98.88,94.14,98.0,97.85,-2.49,-2.5447,3.2251,1341631,128719609.0,15867904000.0,3966976000.0
2015-05-14,'603678,火炬电子,97.85,99.88,89.5,91.0,91.67,6.18,6.7416,4.1605,1730754,165738114.0,16282240000.0,4070560000.0
2015-05-13,'603678,火炬电子,91.67,95.3,84.39,85.99,88.6,3.07,3.465,3.5973,1496460,136183422.0,15253888000.0,3813472000.0
2015-05-12,'603678,XD火炬电,88.6,90.57,83.89,88.2,87.15,1.45,1.6638,4.915,2044635,177774536.0,14743040000.0,3685760000.0
2015-05-11,'603678,火炬电子,87.32,87.32,78.8,80.61,79.38,7.94,10.0025,3.9036,1623894,137934965.0,14530048000.0,3632512000.0
2015-05-08,'603678,火炬电子,79.38,80.0,74.14,75.0,74.13,5.25,7.0822,2.8802,1198160,92886211.0,13208832000.0,3302208000.0
2015-05-07,'603678,火炬电子,74.13,75.45,72.1,74.0,74.6,-0.47,-0.63,1.927,801644,59399911.0,12335232000.0,3083808000.0
2015-05-06,'603678,火炬电子,74.6,75.48,72.3,73.2,74.04,0.56,0.7563,2.3004,956946,71159896.0,12413440000.0,3103360000.0
2015-05-05,'603678,火炬电子,74.04,75.5,68.0,71.88,72.09,1.95,2.705,3.9746,1653451,116703842.0,12320256000.0,3080064000.0
2015-05-04,'603678,火炬电子,72.09,74.22,71.21,72.6,73.8,-1.71,-2.3171,3.295,1370704,99047715.0,11995776000.0,2998944000.0
2015-04-30,'603678,火炬电子,73.8,76.86,72.6,73.18,73.23,0.57,0.7784,3.1518,1311151,98575618.0,12280320000.0,3070080000.0
2015-04-29,'603678,火炬电子,73.23,74.96,68.52,69.9,70.12,3.11,4.4353,5.1893,2158733,154362641.0,12185472000.0,3046368000.0
2015-04-28,'603678,火炬电子,70.12,72.39,66.0,67.32,68.61,1.51,2.2008,3.8035,1582273,110015226.0,11667968000.0,2916992000.0
2015-04-27,'603678,火炬电子,68.61,72.8,67.89,69.3,69.28,-0.67,-0.9671,4.0913,1701974,118374887.0,11416704000.0,2854176000.0
2015-04-24,'603678,火炬电子,69.28,69.28,62.98,63.9,62.98,6.3,10.0032,4.9044,2040228,135244531.0,11528192000.0,2882048000.0
2015-04-23,'603678,火炬电子,62.98,63.0,60.11,60.9,60.99,1.99,3.2628,2.8721,1194778,73851392.0,10479872000.0,2619968000.0
2015-04-22,'603678,火炬电子,60.99,63.89,59.74,61.0,60.74,0.25,0.4116,3.8595,1605548,98829635.0,10148736000.0,2537184000.0
2015-04-21,'603678,火炬电子,60.74,60.75,57.1,57.4,57.86,2.88,4.9775,3.7731,1569600,93574135.0,10107136000.0,2526784000.0
2015-04-20,'603678,火炬电子,57.86,60.0,56.05,56.05,56.53,1.33,2.3527,3.5983,1496877,86443319.0,9627904000.0,2406976000.0
2015-04-17,'603678,火炬电子,56.53,58.0,55.95,57.01,57.01,-0.48,-0.842,2.3072,959804,54526856.0,9406592000.0,2351648000.0
2015-04-16,'603678,火炬电子,57.01,58.65,55.9,58.1,58.06,-1.05,-1.8085,2.4556,1021550,58435321.0,9486464000.0,2371616000.0
2015-04-15,'603678,火炬电子,58.06,59.0,56.0,58.91,58.89,-0.83,-1.4094,2.6381,1097469,62944058.0,9661184000.0,2415296000.0
2015-04-14,'603678,火炬电子,58.89,60.95,58.5,60.18,60.19,-1.3,-2.1598,2.4096,1002381,59623307.0,9799296000.0,2449824000.0
2015-04-13,'603678,火炬电子,60.19,61.0,57.0,57.8,57.82,2.37,4.0989,3.8817,1614806,96028588.0,10015616000.0,2503904000.0
2015-04-10,'603678,火炬电子,57.82,59.32,55.05,56.5,56.77,1.05,1.8496,3.1913,1327590,76504630.0,9621248000.0,2405312000.0
2015-04-09,'603678,火炬电子,56.77,57.62,53.41,57.0,56.79,-0.02,-0.0352,3.4326,1427941,79086348.0,9446528000.0,2361632000.0
2015-04-08,'603678,火炬电子,56.79,60.0,56.11,57.77,57.67,-0.88,-1.5259,4.3585,1813121,105272714.0,9449856000.0,2362464000.0
2015-04-07,'603678,火炬电子,57.67,58.31,55.1,55.8,55.6,2.07,3.723,5.3144,2210770,126346889.0,9596288000.0,2399072000.0
2015-04-03,'603678,火炬电子,55.6,56.5,53.02,53.99,54.23,1.37,2.5263,3.189,1326610,72453305.0,9251840000.0,2312960000.0
2015-04-02,'603678,火炬电子,54.23,56.5,53.77,53.77,53.77,0.46,0.8555,2.4377,1014087,55645461.0,9023872000.0,2255968000.0
2015-04-01,'603678,火炬电子,53.77,53.78,52.08,52.48,52.7,1.07,2.0304,3.5177,1463343,77781127.0,8947328000.0,2236832000.0
2015-03-31,'603678,火炬电子,52.7,53.0,51.5,52.7,52.52,0.18,0.3427,3.6726,1527821,79543083.0,8769280000.0,2192320000.0
2015-03-30,'603678,火炬电子,52.52,54.2,51.33,51.53,51.85,0.67,1.2922,3.6914,1535609,80650195.0,8739328000.0,2184832000.0
2015-03-27,'603678,火炬电子,51.85,53.1,49.83,52.0,53.73,-1.88,-3.499,5.3785,2237451,115361228.0,8627840000.0,2156960000.0
2015-03-26,'603678,火炬电子,53.73,54.41,50.6,54.0,54.58,-0.85,-1.5573,6.549,2724378,144170113.0,8940672000.0,2235168000.0
2015-03-25,'603678,火炬电子,54.58,54.99,49.0,49.94,49.99,4.59,9.1818,6.3235,2630570,138934995.0,9082112000.0,2270528000.0
2015-03-24,'603678,火炬电子,49.99,50.12,47.75,50.0,49.87,0.12,0.2406,5.8852,2448246,120137072.0,8318336000.0,2079584000.0
2015-03-23,'603678,火炬电子,49.87,50.65,48.5,49.98,49.02,0.85,1.734,6.0209,2504711,123327919.0,8298368000.0,2074592000.0
2015-03-20,'603678,火炬电子,49.02,50.45,47.81,47.88,48.49,0.53,1.093,4.2305,1759891,86754897.0,8156928000.0,2039232000.0
2015-03-19,'603678,火炬电子,48.49,49.0,47.6,48.88,49.07,-0.58,-1.182,4.1418,1722990,82968619.0,8068736000.0,2017184000.0
2015-03-18,'603678,火炬电子,49.07,50.12,47.68,48.61,49.07,0.0,0.0,6.6252,2756067,133479975.0,8165248000.0,2041312000.0
2015-03-17,'603678,火炬电子,49.07,49.96,47.0,48.4,48.4,0.67,1.3843,8.0262,3338916,162048723.0,8165248000.0,2041312000.0
2015-03-16,'603678,火炬电子,48.4,48.4,43.0,44.5,44.0,4.4,10.0,12.4578,5182456,243244078.0,8053760000.0,2013440000.0
2015-03-13,'603678,火炬电子,44.0,45.3,41.85,42.0,41.97,2.03,4.8368,7.2038,2996761,131505342.0,7321600000.0,1830400000.0
2015-03-12,'603678,火炬电子,41.97,43.0,39.6,39.65,39.95,2.02,5.0563,8.4931,3533132,146752968.0,6983808000.0,1745952000.0
2015-03-11,'603678,火炬电子,39.95,40.88,39.7,40.05,40.18,-0.23,-0.5724,4.2689,1775866,71311173.0,6647680000.0,1661920000.0
2015-03-10,'603678,火炬电子,40.18,41.48,39.52,40.57,40.89,-0.71,-1.7364,5.7269,2382392,96651731.0,6685952000.0,1671488000.0
2015-03-09,'603678,火炬电子,40.89,41.2,38.18,39.11,39.44,1.45,3.6765,6.8006,2829048,113619393.0,6804096000.0,1701024000.0
2015-03-06,'603678,火炬电子,39.44,41.19,38.0,40.42,40.94,-1.5,-3.6639,13.4663,5601975,221098946.0,6562816000.0,1640704000.0
2015-03-05,'603678,火炬电子,40.94,43.99,40.4,43.3,41.57,-0.63,-1.5155,19.6742,8184478,342911862.0,6812416000.0,1703104000.0
2015-03-04,'603678,火炬电子,41.57,41.57,37.51,37.78,37.79,3.78,10.0026,17.6377,7337264,289416382.0,6917248000.0,1729312000.0
2015-03-03,'603678,火炬电子,37.79,37.98,36.04,36.3,36.72,1.07,2.9139,20.578,8560434,316553192.0,6288256000.0,1572064000.0
2015-03-02,'603678,火炬电子,36.72,37.5,34.18,34.6,34.9,1.82,5.2149,22.2569,9258855,334307681.0,6110208000.0,1527552000.0
2015-02-27,'603678,火炬电子,34.9,35.6,33.93,34.15,34.09,0.81,2.3761,12.2524,5097019,177393922.0,5807360000.0,1451840000.0
2015-02-26,'603678,火炬电子,34.09,34.78,33.5,33.66,33.93,0.16,0.4716,8.6183,3585204,122348095.0,5672576000.0,1418144000.0
2015-02-25,'603678,火炬电子,33.93,34.5,32.61,34.28,34.68,-0.75,-2.1626,16.8229,6998306,234292855.0,5645952000.0,1411488000.0
2015-02-17,'603678,火炬电子,34.68,35.8,34.6,35.41,36.31,-1.63,-4.4891,19.6556,8176738,287615392.0,5770752000.0,1442688000.0
2015-02-16,'603678,火炬电子,36.31,36.73,33.02,33.48,33.74,2.57,7.6171,32.1028,13354761,465241790.0,6041984000.0,1510496000.0
2015-02-13,'603678,火炬电子,33.74,34.98,33.29,33.45,33.01,0.73,2.2115,29.9216,12447366,421858924.0,5614336000.0,1403584000.0
2015-02-12,'603678,火炬电子,33.01,33.6,32.18,33.3,34.18,-1.17,-3.4231,24.8997,10358257,340996175.0,5492864000.0,1373216000.0
2015-02-11,'603678,火炬电子,34.18,35.1,32.91,35.0,33.93,0.25,0.7368,33.8632,14087076,479732033.0,5687552000.0,1421888000.0
2015-02-10,'603678,火炬电子,33.93,35.98,32.91,32.93,32.71,1.22,3.7297,44.6457,18572623,640944406.0,5645952000.0,1411488000.0
2015-02-09,'603678,火炬电子,32.71,34.48,31.74,32.98,35.27,-2.56,-7.2583,37.479,15591274,510101694.0,5442944000.0,1360736000.0
2015-02-06,'603678,火炬电子,35.27,35.28,30.5,35.28,32.07,3.2,9.9782,77.059,32056529,1076881445.0,5868928000.0,1467232000.0
2015-02-05,'603678,火炬电子,32.07,32.07,32.07,32.07,29.15,2.92,10.0172,0.7264,302190,9691233.0,5336448000.0,1334112000.0
2015-02-04,'603678,火炬电子,29.15,29.15,29.15,29.15,26.5,2.65,10.0,0.2293,95400,2780910.0,4850560000.0,1212640000.0
2015-02-03,'603678,火炬电子,26.5,26.5,26.5,26.5,24.09,2.41,10.0042,0.2438,101400,2687100.0,4409600000.0,1102400000.0
2015-02-02,'603678,火炬电子,24.09,24.09,24.09,24.09,21.9,2.19,10.0,0.3004,124950,3010046.0,4008576000.0,1002144000.0
2015-01-30,'603678,火炬电子,21.9,21.9,21.9,21.9,19.91,1.99,9.995,0.221,91950,2013705.0,3644160000.0,911040000.0
2015-01-29,'603678,火炬电子,19.91,19.91,19.91,19.91,18.1,1.81,10.0,0.0702,29200,581372.0,3313024000.0,828256000.0
2015-01-28,'603678,火炬电子,18.1,18.1,18.1,18.1,16.45,1.65,10.0304,0.055,22900,414490.0,3011840000.0,752960000.0
2015-01-27,'603678,火炬电子,16.45,16.45,16.45,16.45,14.95,1.5,10.0334,0.0327,13600,223720.0,2737280000.0,684320000.0
2015-01-26,'603678,N火炬,14.95,14.95,14.95,14.95,10.38,4.57,44.027,0.1118,46500,695175.0,2487680000.0,621920000.0
