日期,股票代码,名称,收盘价,最高价,最低价,开盘价,前收盘,涨跌额,涨跌幅,换手率,成交量,成交金额,总市值,流通市值
2017-05-15,'603686,龙马环卫,32.08,32.5,31.86,32.29,32.14,-0.06,-0.1867,0.4843,514521,16520531.0,8736988000.0,3408500000.0
2017-05-12,'603686,龙马环卫,32.14,32.55,31.3,32.17,32.17,-0.03,-0.0933,1.4082,1496193,47720113.0,8753329000.0,3414875000.0
2017-05-11,'603686,龙马环卫,32.17,32.38,31.32,32.35,32.38,-0.21,-0.6485,1.627,1728688,54928000.0,8761499500.0,3418062500.0
2017-05-10,'603686,龙马环卫,32.38,33.75,32.21,33.5,33.5,-1.12,-3.3433,1.2472,1325185,43572383.0,8818693000.0,3440375000.0
2017-05-09,'603686,龙马环卫,33.5,33.56,32.01,32.59,32.9,0.6,1.8237,1.307,1388663,45703885.0,9123725000.0,3559375000.0
2017-05-08,'603686,龙马环卫,32.9,33.29,31.52,33.08,33.39,-0.49,-1.4675,2.6515,2817170,91312093.0,8960315000.0,3495625000.0
2017-05-05,'603686,龙马环卫,33.39,34.1,33.26,34.1,33.81,-0.42,-1.2422,1.135,1205960,40398059.0,9093766500.0,3547687500.0
2017-05-04,'603686,龙马环卫,33.81,34.28,33.49,33.49,33.74,0.07,0.2075,1.2135,1289335,43756743.0,9208153500.0,3592312500.0
2017-05-03,'603686,龙马环卫,33.74,34.58,33.67,33.91,34.18,-0.44,-1.2873,1.3547,1439386,48832574.0,9189089000.0,3584875000.0
2017-05-02,'603686,龙马环卫,34.18,34.9,33.88,34.5,34.56,-0.38,-1.0995,1.3268,1409758,48108235.0,9308923000.0,3631625000.0
2017-04-28,'603686,龙马环卫,34.56,35.3,34.43,34.95,35.11,-0.55,-1.5665,1.328,1410985,48951551.0,9412416000.0,3672000000.0
2017-04-27,'603686,龙马环卫,35.11,35.2,34.3,35.01,34.91,0.2,0.5729,1.4043,1492107,52033070.0,9562208500.0,3730437500.0
2017-04-26,'603686,龙马环卫,34.91,35.06,33.81,34.0,33.8,1.11,3.284,1.6639,1767892,61464337.0,9507738500.0,3709187500.0
2017-04-25,'603686,龙马环卫,33.8,33.97,32.8,33.01,33.26,0.54,1.6236,0.9602,1020193,34420487.0,9205430000.0,3591250000.0
2017-04-24,'603686,龙马环卫,33.26,34.51,33.2,34.49,34.5,-1.24,-3.5942,1.5513,1648259,55617109.0,9058361000.0,3533875000.0
2017-04-21,'603686,龙马环卫,34.5,35.15,34.39,34.44,34.73,-0.23,-0.6623,0.9322,990487,34255882.0,9396075000.0,3665625000.0
2017-04-20,'603686,龙马环卫,34.73,35.2,34.35,34.72,34.75,-0.02,-0.0576,1.3403,1424076,49381240.0,9458715500.0,3690062500.0
2017-04-19,'603686,龙马环卫,34.75,34.97,33.67,33.88,33.75,1.0,2.963,2.1026,2233992,76402595.0,9464162500.0,3692187500.0
2017-04-18,'603686,龙马环卫,33.75,34.52,33.67,34.15,34.14,-0.39,-1.1424,1.5286,1624186,55671798.0,9191812500.0,3585937500.0
2017-04-17,'603686,龙马环卫,34.14,34.79,33.46,34.46,34.67,-0.53,-1.5287,2.5058,2662453,90475978.0,9298029000.0,3627375000.0
2017-04-14,'603686,龙马环卫,34.67,35.43,34.56,34.9,35.09,-0.42,-1.1969,1.3255,1408395,49197867.0,9442374500.0,3683687500.0
2017-04-13,'603686,龙马环卫,35.09,35.75,34.88,34.88,34.86,0.23,0.6598,2.0441,2171888,76930494.0,9556761500.0,3728312500.0
2017-04-12,'603686,龙马环卫,34.86,35.5,34.75,34.95,35.13,-0.27,-0.7686,1.4618,1553182,54416015.0,9494121000.0,3703875000.0
2017-04-11,'603686,龙马环卫,35.13,35.82,34.4,35.65,35.66,-0.53,-1.4863,3.0278,3217074,112295322.0,9567655500.0,3732562500.0
2017-04-10,'603686,龙马环卫,35.66,36.3,35.33,35.86,35.76,-0.1,-0.2796,3.8605,4101833,147123346.0,9712001000.0,3788875000.0
2017-04-07,'603686,龙马环卫,35.76,35.77,34.6,34.9,34.51,1.25,3.6221,3.7189,3951364,139538317.0,9739236000.0,3799500000.0
2017-04-06,'603686,龙马环卫,34.51,35.66,34.45,35.0,35.04,-0.53,-1.5126,2.1914,2328387,81402951.0,9398798500.0,3666687500.0
2017-04-05,'603686,龙马环卫,35.04,35.08,34.26,34.51,34.84,0.2,0.5741,2.6619,2828321,98290128.0,9543144000.0,3723000000.0
2017-03-31,'603686,龙马环卫,34.84,35.2,33.5,33.5,33.8,1.04,3.0769,2.9032,3084659,107261499.0,9488674000.0,3701750000.0
2017-03-30,'603686,龙马环卫,33.8,34.1,32.83,34.1,34.17,-0.37,-1.0828,1.7824,1893761,63773382.0,9205430000.0,3591250000.0
2017-03-29,'603686,龙马环卫,34.17,34.4,33.81,34.1,34.22,-0.05,-0.1461,1.4798,1572255,53659737.0,9306199500.0,3630562500.0
2017-03-28,'603686,龙马环卫,34.22,35.09,34.17,34.79,34.84,-0.62,-1.7796,2.2303,2369678,82122124.0,9319817000.0,3635875000.0
2017-03-27,'603686,龙马环卫,34.84,34.92,33.35,33.85,34.15,0.69,2.0205,4.0134,4264258,146045428.0,9488674000.0,3701750000.0
2017-03-24,'603686,龙马环卫,34.15,34.4,34.08,34.08,34.08,0.07,0.2054,2.1474,2281655,78174092.0,9300752500.0,3628437500.0
2017-03-23,'603686,龙马环卫,34.08,34.45,33.63,33.93,34.13,-0.05,-0.1465,2.1966,2333852,79337083.0,9281688000.0,3621000000.0
2017-03-22,'603686,龙马环卫,34.13,34.68,33.3,33.51,33.75,0.38,1.1259,4.8433,5145992,176010184.0,9295305500.0,3626312500.0
2017-03-21,'603686,龙马环卫,33.75,33.95,31.95,31.99,32.06,1.69,5.2714,6.3479,6744696,224429924.0,9191812500.0,3585937500.0
2017-03-20,'603686,龙马环卫,32.06,32.58,31.72,32.4,32.29,-0.23,-0.7123,1.6528,1756063,56316358.0,8731541000.0,3406375000.0
2017-03-17,'603686,龙马环卫,32.29,32.65,32.1,32.14,32.25,0.04,0.124,2.0579,2186471,70932435.0,8794181500.0,3430812500.0
2017-03-16,'603686,龙马环卫,32.25,32.4,31.84,31.84,31.93,0.32,1.0022,1.5602,1657708,53293077.0,8783287500.0,3426562500.0
2017-03-15,'603686,龙马环卫,31.93,32.13,31.66,31.91,31.9,0.03,0.094,1.0456,1110992,35426100.0,8696135500.0,3392562500.0
2017-03-14,'603686,龙马环卫,31.9,32.04,31.43,31.66,31.53,0.37,1.1735,1.6948,1800747,57332019.0,8687965000.0,3389375000.0
2017-03-13,'603686,龙马环卫,31.53,31.59,31.2,31.32,31.41,0.12,0.382,0.9427,1001602,31489297.0,8587195500.0,3350062500.0
2017-03-10,'603686,龙马环卫,31.41,31.95,31.36,31.95,31.73,-0.32,-1.0085,0.9928,1054850,33170833.0,8554513500.0,3337312500.0
2017-03-09,'603686,龙马环卫,31.73,31.85,31.37,31.51,31.48,0.25,0.7942,0.994,1056148,33356035.0,8641665500.0,3371312500.0
2017-03-08,'603686,龙马环卫,31.48,32.03,31.38,31.81,31.98,-0.5,-1.5635,1.2247,1301229,41156921.0,8573578000.0,3344750000.0
2017-03-07,'603686,龙马环卫,31.98,32.1,31.31,31.44,31.32,0.66,2.1073,2.4194,2570596,81656414.0,8709753000.0,3397875000.0
2017-03-06,'603686,龙马环卫,31.32,31.38,30.99,30.99,31.12,0.2,0.6427,1.1007,1169507,36566799.0,8530002000.0,3327750000.0
2017-03-03,'603686,龙马环卫,31.12,31.3,30.68,31.0,31.06,0.06,0.1932,0.9402,998943,31001525.0,8475532000.0,3306500000.0
2017-03-02,'603686,龙马环卫,31.06,31.55,31.04,31.38,31.39,-0.33,-1.0513,1.3286,1411595,44180715.0,8459191000.0,3300125000.0
2017-03-01,'603686,龙马环卫,31.39,31.6,31.03,31.41,31.43,-0.04,-0.1273,1.5964,1696174,52978806.0,8549066500.0,3335187500.0
2017-02-28,'603686,龙马环卫,31.43,31.59,31.21,31.38,31.38,0.05,0.1593,1.235,1312170,41213465.0,8559960500.0,3339437500.0
2017-02-27,'603686,龙马环卫,31.38,31.5,31.23,31.36,31.26,0.12,0.3839,1.2194,1295661,40668818.0,8546343000.0,3334125000.0
2017-02-24,'603686,龙马环卫,31.26,31.52,31.0,31.48,31.4,-0.14,-0.4459,1.0156,1079083,33739021.0,8513661000.0,3321375000.0
2017-02-23,'603686,龙马环卫,31.4,31.68,31.1,31.65,31.53,-0.13,-0.4123,0.7767,825235,25830805.0,8551790000.0,3336250000.0
2017-02-22,'603686,龙马环卫,31.53,31.7,31.45,31.6,31.46,0.07,0.2225,0.6445,684800,21602741.0,8587195500.0,3350062500.0
2017-02-21,'603686,龙马环卫,31.46,31.57,31.14,31.14,31.14,0.32,1.0276,0.7171,761950,23911577.0,8568131000.0,3342625000.0
2017-02-20,'603686,龙马环卫,31.14,31.25,30.94,31.0,30.94,0.2,0.6464,0.5125,544483,16929633.0,8480979000.0,3308625000.0
2017-02-17,'603686,龙马环卫,30.94,31.43,30.84,31.2,31.21,-0.27,-0.8651,0.5999,637400,19841248.0,8426509000.0,3287375000.0
2017-02-16,'603686,龙马环卫,31.21,31.39,31.0,31.1,31.18,0.03,0.0962,0.5101,542030,16900892.0,8500043500.0,3316062500.0
2017-02-15,'603686,龙马环卫,31.18,31.5,31.12,31.36,31.38,-0.2,-0.6373,0.6461,686452,21466613.0,8491873000.0,3312875000.0
2017-02-14,'603686,龙马环卫,31.38,31.78,31.25,31.55,31.54,-0.16,-0.5073,0.6661,707681,22223871.0,8546343000.0,3334125000.0
2017-02-13,'603686,龙马环卫,31.54,31.75,31.33,31.33,31.39,0.15,0.4779,0.5744,610292,19245200.0,8589919000.0,3351125000.0
2017-02-10,'603686,龙马环卫,31.39,32.5,31.3,32.5,31.8,-0.41,-1.2893,1.0699,1136759,35921722.0,8549066500.0,3335187500.0
2017-02-09,'603686,龙马环卫,31.8,32.39,31.53,31.65,31.53,0.27,0.8563,0.9882,1049948,33645855.0,8660730000.0,3378750000.0
2017-02-08,'603686,龙马环卫,31.53,31.58,31.05,31.22,31.23,0.3,0.9606,0.602,639601,20101676.0,8587195500.0,3350062500.0
2017-02-07,'603686,龙马环卫,31.23,31.67,30.88,30.88,31.14,0.09,0.289,0.6994,743141,23318495.0,8505490500.0,3318187500.0
2017-02-06,'603686,龙马环卫,31.14,31.3,30.57,30.65,30.61,0.53,1.7315,0.6105,648645,20115240.0,8480979000.0,3308625000.0
2017-02-03,'603686,龙马环卫,30.61,30.66,30.3,30.66,30.66,-0.05,-0.1631,0.3624,385057,11747526.0,8336633500.0,3252312500.0
2017-01-26,'603686,龙马环卫,30.66,30.69,30.4,30.51,30.45,0.21,0.6897,0.4349,462063,14136556.0,8350251000.0,3257625000.0
2017-01-25,'603686,龙马环卫,30.45,30.64,30.15,30.15,30.36,0.09,0.2964,0.6845,727304,22086308.0,8293057500.0,3235312500.0
2017-01-24,'603686,龙马环卫,30.36,30.55,30.24,30.4,30.43,-0.07,-0.23,0.4636,492547,14976362.0,8268546000.0,3225750000.0
2017-01-23,'603686,龙马环卫,30.43,30.5,30.2,30.27,30.27,0.16,0.5286,0.5284,561428,17043776.0,8287610500.0,3233187500.0
2017-01-20,'603686,龙马环卫,30.27,30.58,30.0,30.05,30.15,0.12,0.398,1.0906,1158793,35069264.0,8244034500.0,3216187500.0
2017-01-19,'603686,龙马环卫,30.15,30.5,29.8,30.2,30.16,-0.01,-0.0332,0.5914,628391,18921962.0,8211352500.0,3203437500.0
2017-01-18,'603686,龙马环卫,30.16,30.79,29.35,29.75,29.35,0.81,2.7598,1.1802,1253985,37955007.0,8214076000.0,3204500000.0
2017-01-17,'603686,龙马环卫,29.35,29.53,28.72,29.49,29.29,0.06,0.2048,1.4631,1554500,45356440.0,7993472500.0,3118437500.0
2017-01-16,'603686,龙马环卫,29.29,30.81,28.05,30.54,30.54,-1.25,-4.093,1.4637,1555161,45752619.0,7977131500.0,3112062500.0
2017-01-13,'603686,龙马环卫,30.54,31.44,30.38,31.44,31.32,-0.78,-2.4904,1.109,1178273,36367239.0,8317569000.0,3244875000.0
2017-01-12,'603686,龙马环卫,31.32,31.89,31.29,31.73,31.73,-0.41,-1.2922,0.8217,873038,27618982.0,8530002000.0,3327750000.0
2017-01-11,'603686,龙马环卫,31.73,32.08,31.58,32.08,31.75,-0.02,-0.063,0.5454,579462,18446913.0,8641665500.0,3371312500.0
2017-01-10,'603686,龙马环卫,31.75,32.32,31.72,31.93,31.78,-0.03,-0.0944,0.8602,914000,29202886.0,8647112500.0,3373437500.0
2017-01-09,'603686,龙马环卫,31.78,32.0,31.55,31.72,31.72,0.06,0.1892,0.7349,780861,24830181.0,8655283000.0,3376625000.0
2017-01-06,'603686,龙马环卫,31.72,32.67,31.7,32.39,32.4,-0.68,-2.0988,1.3429,1426840,45764894.0,8638942000.0,3370250000.0
2017-01-05,'603686,龙马环卫,32.4,33.0,32.25,32.39,32.4,0.0,0.0,0.8748,929514,30340145.0,8824140000.0,3442500000.0
2017-01-04,'603686,龙马环卫,32.4,32.56,32.07,32.26,32.47,-0.07,-0.2156,1.4064,1494300,48246031.0,8824140000.0,3442500000.0
2017-01-03,'603686,龙马环卫,32.47,33.44,32.4,32.95,33.12,-0.65,-1.9626,1.6088,1709384,55802449.0,8843204500.0,3449937500.0
2016-12-30,'603686,龙马环卫,33.12,33.45,31.76,31.9,32.02,1.1,3.4354,2.614,2777335,91420163.0,9020232000.0,3519000000.0
2016-12-29,'603686,龙马环卫,32.02,32.25,31.63,32.02,32.36,-0.34,-1.0507,1.4934,1586765,50586550.0,8720647000.0,3402125000.0
2016-12-28,'603686,龙马环卫,32.36,32.6,32.06,32.06,32.36,0.0,0.0,0.9032,959691,30985927.0,8813246000.0,3438250000.0
2016-12-27,'603686,龙马环卫,32.36,32.8,32.1,32.38,32.38,-0.02,-0.0618,1.5189,1613831,52354941.0,8813246000.0,3438250000.0
2016-12-26,'603686,龙马环卫,32.38,32.72,31.3,31.3,31.65,0.73,2.3065,2.3658,2513685,80827421.0,8818693000.0,3440375000.0
2016-12-23,'603686,龙马环卫,31.65,32.06,31.15,31.6,31.9,-0.25,-0.7837,1.9156,2035371,64157417.0,8619877500.0,3362812500.0
2016-12-22,'603686,龙马环卫,31.9,32.1,30.11,30.11,30.13,1.77,5.8745,3.1196,3314582,103677288.0,8687965000.0,3389375000.0
2016-12-21,'603686,龙马环卫,30.13,30.23,29.98,30.23,29.93,0.2,0.6682,1.0655,1132115,34085577.0,8205905500.0,3201312500.0
2016-12-20,'603686,龙马环卫,29.93,30.21,29.7,29.79,29.82,0.11,0.3689,0.9832,1044609,31340840.0,8151435500.0,3180062500.0
2016-12-19,'603686,龙马环卫,29.82,30.4,29.58,30.3,30.3,-0.48,-1.5842,1.0638,1130313,33937364.0,8121477000.0,3168375000.0
2016-12-16,'603686,龙马环卫,30.3,30.57,30.01,30.16,30.1,0.2,0.6645,0.7826,831504,25219462.0,8252205000.0,3219375000.0
2016-12-15,'603686,龙马环卫,30.1,30.29,29.71,29.96,29.93,0.17,0.568,1.1297,1200303,36091424.0,8197735000.0,3198125000.0
2016-12-14,'603686,龙马环卫,29.93,30.71,29.86,30.53,30.53,-0.6,-1.9653,1.7066,1813302,54765796.0,8151435500.0,3180062500.0
2016-12-13,'603686,龙马环卫,30.53,30.82,29.88,30.49,30.7,-0.17,-0.5537,1.6598,1763579,53687292.0,8314845500.0,3243812500.0
2016-12-12,'603686,龙马环卫,30.7,32.76,30.19,32.76,32.63,-1.93,-5.9148,2.8955,3076455,95587018.0,8361145000.0,3261875000.0
2016-12-09,'603686,龙马环卫,32.63,33.27,32.52,33.26,33.09,-0.46,-1.3901,1.5541,1651255,54274560.0,8886780500.0,3466937500.0
2016-12-08,'603686,龙马环卫,33.09,33.55,33.01,33.55,33.42,-0.33,-0.9874,0.7098,754119,25038077.0,9012061500.0,3515812500.0
2016-12-07,'603686,龙马环卫,33.42,33.45,33.1,33.11,33.1,0.32,0.9668,0.6252,664321,22096693.0,9101937000.0,3550875000.0
2016-12-06,'603686,龙马环卫,33.1,33.48,33.09,33.3,33.09,0.01,0.0302,0.8457,898591,29891142.0,9014785000.0,3516875000.0
2016-12-05,'603686,龙马环卫,33.09,33.49,32.52,32.79,33.04,0.05,0.1513,0.9508,1010176,33469840.0,9012061500.0,3515812500.0
2016-12-02,'603686,龙马环卫,33.04,34.23,33.0,34.05,34.1,-1.06,-3.1085,1.7783,1889452,63749343.0,8998444000.0,3510500000.0
2016-12-01,'603686,龙马环卫,34.1,34.42,33.97,34.13,34.23,-0.13,-0.3798,1.7218,1829398,62435533.0,9287135000.0,3623125000.0
2016-11-30,'603686,龙马环卫,34.23,34.6,34.11,34.2,34.28,-0.05,-0.1459,1.2643,1343294,46046631.0,9322540500.0,3636937500.0
2016-11-29,'603686,龙马环卫,34.28,34.57,34.2,34.44,34.55,-0.27,-0.7815,1.2131,1288943,44265215.0,9336158000.0,3642250000.0
2016-11-28,'603686,龙马环卫,34.55,34.99,34.46,34.98,34.75,-0.2,-0.5755,1.5054,1599457,55407450.0,9409692500.0,3670937500.0
2016-11-25,'603686,龙马环卫,34.75,34.9,34.0,34.37,34.37,0.38,1.1056,2.0096,2135204,73498655.0,9464162500.0,3692187500.0
2016-11-24,'603686,龙马环卫,34.37,34.85,34.32,34.67,34.69,-0.32,-0.9225,1.4999,1593648,54995011.0,9360669500.0,3651812500.0
2016-11-23,'603686,龙马环卫,34.69,35.24,34.64,34.96,34.95,-0.26,-0.7439,2.5219,2679498,93666851.0,9447821500.0,3685812500.0
2016-11-22,'603686,龙马环卫,34.95,35.0,34.32,34.65,34.51,0.44,1.275,2.5057,2662325,92573588.0,9518632500.0,3713437500.0
2016-11-21,'603686,龙马环卫,34.51,34.9,34.3,34.8,34.78,-0.27,-0.7763,3.2204,3421635,118064468.0,9398798500.0,3666687500.0
2016-11-18,'603686,龙马环卫,34.78,35.28,34.67,34.9,34.92,-0.14,-0.4009,1.8421,1957196,68153311.0,9472333000.0,3695375000.0
2016-11-17,'603686,龙马环卫,34.92,35.29,34.76,35.29,35.28,-0.36,-1.0204,1.9571,2079471,72599616.0,9510462000.0,3710250000.0
2016-11-16,'603686,龙马环卫,35.28,35.65,34.95,35.18,35.08,0.2,0.5701,2.9244,3107207,109726882.0,9608508000.0,3748500000.0
2016-11-15,'603686,龙马环卫,35.08,35.24,34.78,35.1,35.01,0.07,0.1999,1.4247,1513741,52938422.0,9554038000.0,3727250000.0
2016-11-14,'603686,龙马环卫,35.01,35.75,34.69,34.94,34.7,0.31,0.8934,3.0053,3193137,112099531.0,9534973500.0,3719812500.0
2016-11-11,'603686,龙马环卫,34.7,35.1,34.42,34.51,34.51,0.19,0.5506,2.6127,2775989,96639417.0,9450545000.0,3686875000.0
2016-11-10,'603686,龙马环卫,34.51,34.65,34.0,34.5,34.13,0.38,1.1134,2.1126,2244615,77346013.0,9398798500.0,3666687500.0
2016-11-09,'603686,龙马环卫,34.13,35.08,34.01,34.8,34.61,-0.48,-1.3869,2.8979,3078966,106024010.0,9295305500.0,3626312500.0
2016-11-08,'603686,龙马环卫,34.61,34.88,34.25,34.35,34.35,0.26,0.7569,2.2773,2419617,83623052.0,9426033500.0,3677312500.0
2016-11-07,'603686,龙马环卫,34.35,34.84,34.25,34.62,34.62,-0.27,-0.7799,1.5047,1598696,54935856.0,9355222500.0,3649687500.0
2016-11-04,'603686,龙马环卫,34.62,35.05,34.37,34.45,34.47,0.15,0.4352,2.9769,3162923,110058634.0,9428757000.0,3678375000.0
2016-11-03,'603686,龙马环卫,34.47,34.8,33.9,34.09,34.09,0.38,1.1147,2.8535,3031832,103694524.0,9387904500.0,3662437500.0
2016-11-02,'603686,龙马环卫,34.09,34.46,34.01,34.46,34.48,-0.39,-1.1311,1.4975,1591078,54296416.0,9284411500.0,3622062500.0
2016-11-01,'603686,龙马环卫,34.48,34.78,34.28,34.74,34.33,0.15,0.4369,1.4344,1524000,52439023.0,9390628000.0,3663500000.0
2016-10-31,'603686,龙马环卫,34.33,34.35,33.95,33.95,34.32,0.01,0.0291,1.2173,1293351,44209102.0,9349775500.0,3647562500.0
2016-10-28,'603686,龙马环卫,34.32,34.55,34.21,34.5,34.49,-0.17,-0.4929,2.2392,2379135,81726744.0,9347052000.0,3646500000.0
2016-10-27,'603686,龙马环卫,34.49,34.5,34.07,34.11,34.31,0.18,0.5246,1.8853,2003182,68661125.0,9393351500.0,3664562500.0
2016-10-26,'603686,龙马环卫,34.31,34.78,33.85,34.55,34.55,-0.24,-0.6946,2.9932,3180293,108517978.0,9344328500.0,3645437500.0
2016-10-25,'603686,龙马环卫,34.55,34.95,34.39,34.95,34.86,-0.31,-0.8893,2.5648,2725105,94483062.0,9409692500.0,3670937500.0
2016-10-24,'603686,龙马环卫,34.86,35.14,34.6,34.71,34.98,-0.12,-0.3431,2.0924,2223122,77428423.0,9494121000.0,3703875000.0
2016-10-21,'603686,龙马环卫,34.98,35.49,34.7,35.19,35.44,-0.46,-1.298,2.1185,2250923,78923546.0,9526803000.0,3716625000.0
2016-10-20,'603686,龙马环卫,35.44,36.14,35.35,36.14,36.05,-0.61,-1.6921,2.31,2454325,87225896.0,9652084000.0,3765500000.0
2016-10-19,'603686,龙马环卫,36.05,36.28,35.85,36.06,36.15,-0.1,-0.2766,1.268,1347249,48563061.0,9818217500.0,3830312500.0
2016-10-18,'603686,龙马环卫,36.15,36.2,35.76,35.79,35.76,0.39,1.0906,1.3223,1404987,50654845.0,9845452500.0,3840937500.0
2016-10-17,'603686,龙马环卫,35.76,36.35,35.53,36.03,35.66,0.1,0.2804,2.0683,2197603,79112626.0,9739236000.0,3799500000.0
2016-10-14,'603686,龙马环卫,35.66,36.1,35.28,35.76,35.7,-0.04,-0.112,1.1131,1182667,42048186.0,9712001000.0,3788875000.0
2016-10-13,'603686,龙马环卫,35.7,36.34,35.54,35.9,35.91,-0.21,-0.5848,1.4848,1577626,56652022.0,9722895000.0,3793125000.0
2016-10-12,'603686,龙马环卫,35.91,36.0,35.31,35.61,35.41,0.5,1.412,1.7913,1903256,67907473.0,9780088500.0,3815437500.0
2016-10-11,'603686,龙马环卫,35.41,35.7,35.25,35.39,35.29,0.12,0.34,1.4598,1551057,54918160.0,9643913500.0,3762312500.0
2016-10-10,'603686,龙马环卫,35.29,35.58,34.89,34.89,34.7,0.59,1.7003,1.3044,1385877,48747203.0,9611231500.0,3749562500.0
2016-09-30,'603686,龙马环卫,34.7,35.17,34.19,34.19,34.09,0.61,1.7894,1.5629,1660533,57697199.0,9450545000.0,3686875000.0
2016-09-29,'603686,龙马环卫,34.09,34.44,34.0,34.05,34.05,0.04,0.1175,0.8513,904508,30915992.0,9284411500.0,3622062500.0
2016-09-28,'603686,龙马环卫,34.05,34.59,33.78,34.39,34.45,-0.4,-1.1611,1.5165,1611293,54819806.0,9273517500.0,3617812500.0
2016-09-27,'603686,龙马环卫,34.45,35.5,33.71,35.22,35.38,-0.93,-2.6286,3.2701,3474452,119237795.0,9382457500.0,3660312500.0
2016-09-26,'603686,龙马环卫,35.38,36.42,35.3,36.24,36.35,-0.97,-2.6685,1.9867,2110832,75551785.0,9635743000.0,3759125000.0
2016-09-23,'603686,龙马环卫,36.35,36.67,35.57,35.67,35.56,0.79,2.2216,2.9269,3109824,112729221.0,9899922500.0,3862187500.0
2016-09-22,'603686,龙马环卫,35.56,35.85,35.3,35.4,35.27,0.29,0.8222,1.6085,1709066,60830580.0,9684766000.0,3778250000.0
2016-09-21,'603686,龙马环卫,35.27,35.76,35.02,35.73,35.74,-0.47,-1.3151,1.3887,1475441,52034341.0,9605784500.0,3747437500.0
2016-09-20,'603686,龙马环卫,35.74,36.26,35.03,35.03,35.18,0.56,1.5918,2.228,2367280,84745386.0,9733789000.0,3797375000.0
2016-09-19,'603686,龙马环卫,35.18,35.43,34.81,34.99,34.9,0.28,0.8023,0.8131,863931,30228944.0,9581273000.0,3737875000.0
2016-09-14,'603686,龙马环卫,34.9,35.49,34.68,35.14,35.34,-0.44,-1.245,1.3277,1410630,49394684.0,9505015000.0,3708125000.0
2016-09-13,'603686,龙马环卫,35.34,35.75,34.98,34.99,34.85,0.49,1.406,1.1212,1191287,42044887.0,9624849000.0,3754875000.0
2016-09-12,'603686,龙马环卫,34.85,35.79,34.6,35.75,36.25,-1.4,-3.8621,2.3826,2531550,88885980.0,9491397500.0,3702812500.0
2016-09-09,'603686,龙马环卫,36.25,37.28,36.2,36.64,37.0,-0.75,-2.027,1.5593,1656754,60889465.0,9872687500.0,3851562500.0
2016-09-08,'603686,龙马环卫,37.0,37.29,36.21,36.8,36.75,0.25,0.6803,2.3657,2513521,92339942.0,10076950000.0,3931250000.0
2016-09-07,'603686,龙马环卫,36.75,37.7,35.7,35.7,35.64,1.11,3.1145,5.7739,6134751,227788760.0,10008862500.0,3904687500.0
2016-09-06,'603686,龙马环卫,35.64,35.99,34.03,34.57,34.54,1.1,3.1847,2.7147,2884414,101646485.0,9706554000.0,3786750000.0
2016-09-05,'603686,龙马环卫,34.54,34.82,34.03,34.09,34.13,0.41,1.2013,0.8746,929223,32039549.0,9406969000.0,3669875000.0
2016-09-02,'603686,龙马环卫,34.13,34.8,33.8,34.56,34.44,-0.31,-0.9001,1.4931,1586470,54237689.0,9295305500.0,3626312500.0
2016-09-01,'603686,龙马环卫,34.44,35.68,34.33,35.36,35.35,-0.91,-2.5743,1.4782,1570627,54882795.0,9379734000.0,3659250000.0
2016-08-31,'603686,龙马环卫,35.35,35.73,35.14,35.14,35.27,0.08,0.2268,0.9117,968649,34317822.0,9627572500.0,3755937500.0
2016-08-30,'603686,龙马环卫,35.27,36.07,35.21,35.9,35.83,-0.56,-1.5629,2.4425,2595197,92106403.0,9605784500.0,3747437500.0
2016-08-29,'603686,龙马环卫,35.83,36.19,34.01,34.01,34.15,1.68,4.9195,3.6735,3903074,138536068.0,9758300500.0,3806937500.0
2016-08-26,'603686,龙马环卫,34.15,35.25,34.0,34.11,34.16,-0.01,-0.0293,2.6721,2839073,98427634.0,9300752500.0,3628437500.0
2016-08-25,'603686,龙马环卫,34.16,34.91,33.7,34.66,34.78,-0.62,-1.7826,1.7987,1911099,65102798.0,9303476000.0,3629500000.0
2016-08-24,'603686,龙马环卫,34.78,35.18,34.35,34.4,34.04,0.74,2.1739,1.9524,2074425,72245502.0,9472333000.0,3695375000.0
2016-08-23,'603686,龙马环卫,34.04,34.56,33.88,33.9,33.88,0.16,0.4723,1.0833,1151046,39469964.0,9270794000.0,3616750000.0
2016-08-22,'603686,龙马环卫,33.88,35.3,33.5,35.1,34.75,-0.87,-2.5036,1.9389,2060094,70613436.0,9227218000.0,3599750000.0
2016-08-19,'603686,龙马环卫,34.75,35.06,34.5,34.66,34.96,-0.21,-0.6007,0.7284,773932,26900390.0,9464162500.0,3692187500.0
2016-08-18,'603686,龙马环卫,34.96,35.45,34.8,35.41,35.41,-0.45,-1.2708,0.9837,1045200,36609720.0,9521356000.0,3714500000.0
2016-08-17,'603686,龙马环卫,35.41,35.73,35.02,35.72,35.48,-0.07,-0.1973,0.7529,799932,28260031.0,9643913500.0,3762312500.0
2016-08-16,'603686,龙马环卫,35.48,35.89,35.33,35.45,35.65,-0.17,-0.4769,1.3388,1422445,50480884.0,9662978000.0,3769750000.0
2016-08-15,'603686,龙马环卫,35.65,35.96,34.52,35.18,35.2,0.45,1.2784,1.9973,2122121,74791247.0,9709277500.0,3787812500.0
2016-08-12,'603686,龙马环卫,35.2,35.68,34.61,34.61,34.77,0.43,1.2367,1.1181,1188013,41937650.0,9586720000.0,3740000000.0
2016-08-11,'603686,龙马环卫,34.77,35.27,34.41,34.8,35.16,-0.39,-1.1092,1.0537,1119576,39034276.0,9469609500.0,3694312500.0
2016-08-10,'603686,龙马环卫,35.16,35.8,34.0,34.0,34.32,0.84,2.4476,1.9798,2103557,73661569.0,9575826000.0,3735750000.0
2016-08-09,'603686,龙马环卫,34.32,34.5,33.77,33.83,34.22,0.1,0.2922,0.8414,893962,30628515.0,9347052000.0,3646500000.0
2016-08-08,'603686,龙马环卫,34.22,34.41,33.56,33.59,33.56,0.66,1.9666,0.7534,800534,27312792.0,9319817000.0,3635875000.0
2016-08-05,'603686,龙马环卫,33.56,34.46,33.51,34.4,34.63,-1.07,-3.0898,1.2979,1379000,46752824.0,9140066000.0,3565750000.0
2016-08-04,'603686,龙马环卫,34.63,34.73,34.19,34.5,34.73,-0.1,-0.2879,0.7025,746447,25746915.0,9431480500.0,3679437500.0
2016-08-03,'603686,龙马环卫,34.73,35.2,34.5,34.61,34.61,0.12,0.3467,0.8792,934158,32607657.0,9458715500.0,3690062500.0
2016-08-02,'603686,龙马环卫,34.61,35.5,34.31,35.5,34.85,-0.24,-0.6887,1.1151,1184822,41042250.0,9426033500.0,3677312500.0
2016-08-01,'603686,龙马环卫,34.85,35.35,32.87,33.08,33.04,1.81,5.4782,2.2953,2438715,83802619.0,9491397500.0,3702812500.0
2016-07-29,'603686,龙马环卫,33.04,33.99,32.8,33.5,33.85,-0.81,-2.3929,1.6853,1790624,59222555.0,8998444000.0,3510500000.0
2016-07-28,'603686,龙马环卫,33.85,34.88,32.71,34.82,34.51,-0.66,-1.9125,2.083,2213192,74634534.0,9219047500.0,3596562500.0
2016-07-27,'603686,龙马环卫,34.51,36.43,34.0,36.21,36.13,-1.62,-4.4838,1.8258,1939965,67674165.0,9398798500.0,3666687500.0
2016-07-26,'603686,龙马环卫,36.13,36.4,35.8,35.8,35.81,0.32,0.8936,0.7396,785849,28319795.0,9840005500.0,3838812500.0
2016-07-25,'603686,龙马环卫,35.81,36.1,35.38,35.8,35.75,0.06,0.1678,1.2738,1273825,45508954.0,9752853500.0,3581000000.0
2016-07-22,'603686,龙马环卫,35.75,37.03,35.74,37.03,36.75,-1.0,-2.7211,1.4571,1457141,52431313.0,9736512500.0,3575000000.0
2016-07-21,'603686,龙马环卫,36.75,37.31,36.7,37.3,37.32,-0.57,-1.5273,1.0836,1083550,39940820.0,10008862500.0,3675000000.0
2016-07-20,'603686,龙马环卫,37.32,37.6,36.84,37.4,37.37,-0.05,-0.1338,1.0929,1092933,40530387.0,10164102000.0,3732000000.0
2016-07-19,'603686,龙马环卫,37.37,37.56,36.75,36.75,36.96,0.41,1.1093,0.8142,814235,30366251.0,10177719500.0,3737000000.0
2016-07-18,'603686,龙马环卫,36.96,37.95,36.88,37.95,37.67,-0.71,-1.8848,1.1284,1128421,41841536.0,10066056000.0,3696000000.0
2016-07-15,'603686,龙马环卫,37.67,38.43,37.52,38.04,38.04,-0.37,-0.9727,0.8788,878790,33224087.0,10259424500.0,3767000000.0
2016-07-14,'603686,龙马环卫,38.04,38.53,37.19,37.5,37.77,0.27,0.7149,1.9192,1919183,73189199.0,10360194000.0,3804000000.0
2016-07-13,'603686,龙马环卫,37.77,38.18,37.1,37.5,37.19,0.58,1.5596,1.8206,1820567,68838742.0,10286659500.0,3777000000.0
2016-07-12,'603686,龙马环卫,37.19,37.28,36.5,36.5,36.69,0.5,1.3628,1.5314,1531441,56641218.0,10128696500.0,3719000000.0
2016-07-11,'603686,龙马环卫,36.69,37.8,36.58,37.59,37.59,-0.9,-2.3943,1.7442,1744189,64512350.0,9992521500.0,3669000000.0
2016-07-08,'603686,龙马环卫,37.59,38.18,37.5,38.18,38.18,-0.59,-1.5453,1.0422,1042178,39332158.0,10237636500.0,3759000000.0
2016-07-07,'603686,龙马环卫,38.18,38.25,37.21,37.99,37.84,0.34,0.8985,1.901,1901006,71646586.0,10398323000.0,3818000000.0
2016-07-06,'603686,龙马环卫,37.84,37.9,37.21,37.9,38.11,-0.27,-0.7085,1.9942,1994218,75012097.0,10305724000.0,3784000000.0
2016-07-05,'603686,龙马环卫,38.11,38.83,37.8,38.83,38.87,-0.76,-1.9552,2.5552,2555184,97477070.0,10379258500.0,3811000000.0
2016-07-04,'603686,龙马环卫,38.87,39.1,36.31,36.7,36.48,2.39,6.5515,4.4,4400021,168256774.0,10586244500.0,3887000000.0
2016-07-01,'603686,龙马环卫,36.48,36.68,36.01,36.31,36.47,0.01,0.0274,1.0621,1062099,38634640.0,9935328000.0,3648000000.0
2016-06-30,'603686,龙马环卫,36.47,36.79,36.3,36.68,36.53,-0.06,-0.1642,1.0159,1015921,37094359.0,9932604500.0,3647000000.0
2016-06-29,'603686,龙马环卫,36.53,37.09,36.3,36.76,36.68,-0.15,-0.4089,1.6948,1694780,62014082.0,9948945500.0,3653000000.0
2016-06-28,'603686,龙马环卫,36.68,36.92,35.8,35.91,36.04,0.64,1.7758,1.9745,1974537,72249595.0,9782556000.0,3668000000.0
2016-06-27,'603686,龙马环卫,36.04,36.18,34.5,34.78,35.02,1.02,2.9126,2.0632,2063195,73623334.0,9611868000.0,3604000000.0
2016-06-24,'603686,龙马环卫,35.02,36.44,33.95,36.13,36.12,-1.1,-3.0454,2.6996,2699579,94687098.0,9339834000.0,3502000000.0
2016-06-23,'603686,龙马环卫,36.12,36.95,36.01,36.94,36.91,-0.79,-2.1403,1.47,1470039,53537925.0,9633204000.0,3612000000.0
2016-06-22,'603686,龙马环卫,36.91,36.99,36.0,36.48,36.43,0.48,1.3176,1.4692,1469207,53689314.0,9843897000.0,3691000000.0
2016-06-21,'603686,龙马环卫,36.43,37.49,36.3,36.79,36.78,-0.35,-0.9516,1.6537,1653720,61089680.0,9715881000.0,3643000000.0
2016-06-20,'603686,龙马环卫,36.78,37.36,36.25,37.36,37.19,-0.41,-1.1024,1.4539,1453923,53372315.0,9809226000.0,3678000000.0
2016-06-17,'603686,龙马环卫,37.19,37.67,36.67,37.1,36.7,0.49,1.3351,1.8067,1806650,67243617.0,9918573000.0,3719000000.0
2016-06-16,'603686,龙马环卫,36.7,38.18,36.5,37.28,37.29,-0.59,-1.5822,2.8043,2804325,105087509.0,9787890000.0,3670000000.0
2016-06-15,'603686,龙马环卫,37.29,37.68,35.8,36.0,36.31,0.98,2.699,1.9031,1903119,70562709.0,9945243000.0,3729000000.0
2016-06-14,'603686,龙马环卫,36.31,36.45,35.2,35.7,36.06,0.25,0.6933,1.7785,1778518,64125817.0,9683877000.0,3631000000.0
2016-06-13,'603686,龙马环卫,36.06,38.0,36.0,36.79,37.67,-1.61,-4.274,2.4966,2496594,92459522.0,9617202000.0,3606000000.0
2016-06-08,'603686,龙马环卫,37.67,38.24,37.12,37.58,37.77,-0.1,-0.2648,2.6547,2654661,99907359.0,10046589000.0,3767000000.0
2016-06-07,'603686,龙马环卫,37.77,38.46,37.13,38.46,38.46,-0.69,-1.7941,3.736,3736044,140371879.0,10073259000.0,3777000000.0
2016-06-06,'603686,龙马环卫,38.46,38.55,37.59,38.35,38.33,0.13,0.3392,2.7847,2784685,105693725.0,10257282000.0,3846000000.0
2016-06-03,'603686,龙马环卫,38.33,39.48,38.31,39.3,39.2,-0.87,-2.2194,3.7299,3729917,144522112.0,10222611000.0,3833000000.0
2016-06-02,'603686,龙马环卫,39.2,39.68,38.72,39.6,39.63,-0.43,-1.085,3.5994,3599429,140869022.0,10454640000.0,3920000000.0
2016-06-01,'603686,龙马环卫,39.63,39.98,37.9,38.16,38.1,1.53,4.0157,6.4094,6409429,249865727.0,10569321000.0,3963000000.0
2016-05-31,'603686,龙马环卫,38.1,38.15,36.8,37.0,36.97,1.13,3.0565,3.7648,3764793,142254719.0,10161270000.0,3810000000.0
2016-05-30,'603686,龙马环卫,36.97,38.32,36.47,37.4,37.55,-0.58,-1.5446,2.8982,2898156,108784010.0,9859899000.0,3697000000.0
2016-05-27,'603686,龙马环卫,37.55,38.18,36.1,36.3,36.46,1.09,2.9896,3.8434,3843401,144135361.0,10014585000.0,3755000000.0
2016-05-26,'603686,龙马环卫,36.46,36.8,35.01,36.09,35.87,0.59,1.6448,2.4166,2416551,87084399.0,9723882000.0,3646000000.0
2016-05-25,'603686,龙马环卫,35.87,37.77,35.4,36.77,36.61,-0.74,-2.0213,3.6704,3670352,133634031.0,9566529000.0,3587000000.0
2016-05-24,'603686,龙马环卫,36.61,38.21,36.58,38.2,38.36,-1.75,-4.562,4.1476,4147633,154790691.0,9763887000.0,3661000000.0
2016-05-23,'603686,龙马环卫,38.36,38.5,36.06,36.45,36.99,1.37,3.7037,5.0643,5064331,188674435.0,10230612000.0,3836000000.0
2016-05-20,'603686,XD龙马环,36.99,38.78,36.42,36.87,37.33,-0.34,-0.9108,3.9608,3960804,149390127.0,9865233000.0,3699000000.0
2016-05-19,'603686,龙马环卫,37.51,38.47,36.99,37.05,37.48,0.03,0.08,5.7985,5798502,218557296.0,10003917000.0,3751000000.0
2016-05-18,'603686,龙马环卫,37.48,37.8,35.05,35.85,35.95,1.53,4.2559,8.1519,8151931,301150574.0,9995916000.0,3748000000.0
2016-05-17,'603686,龙马环卫,35.95,36.8,33.2,33.7,33.74,2.21,6.5501,4.0771,4077053,141768262.0,9587865000.0,3595000000.0
2016-05-16,'603686,龙马环卫,33.74,34.0,33.0,33.5,33.82,-0.08,-0.2365,2.4005,2400476,80124841.0,8998458000.0,3374000000.0
2016-05-13,'603686,龙马环卫,33.82,34.25,33.52,33.78,33.78,0.04,0.1184,2.3207,2320651,78629035.0,9019794000.0,3382000000.0
2016-05-12,'603686,龙马环卫,33.78,33.99,32.33,32.51,33.49,0.29,0.8659,2.7877,2787650,93111269.0,9009126000.0,3378000000.0
2016-05-11,'603686,龙马环卫,33.49,34.35,33.0,34.0,33.73,-0.24,-0.7115,2.0593,2059303,69403685.0,8931783000.0,3349000000.0
2016-05-10,'603686,龙马环卫,33.73,34.38,32.89,33.25,33.61,0.12,0.357,3.0375,3037488,101825073.0,8995791000.0,3373000000.0
2016-05-09,'603686,龙马环卫,33.61,34.9,33.09,34.9,35.62,-2.01,-5.6429,4.8055,4805519,163117077.0,8963787000.0,3361000000.0
2016-05-06,'603686,龙马环卫,35.62,37.18,35.5,35.8,35.91,-0.29,-0.8076,5.4686,5468642,198482149.0,9499854000.0,3562000000.0
2016-05-05,'603686,龙马环卫,35.91,36.8,35.51,36.1,36.36,-0.45,-1.2376,3.0243,3024347,108706641.0,9577197000.0,3591000000.0
2016-05-04,'603686,龙马环卫,36.36,37.86,36.01,36.5,36.53,-0.17,-0.4654,4.3768,4376821,161879764.0,9697212000.0,3636000000.0
2016-05-03,'603686,龙马环卫,36.53,36.58,34.14,34.35,34.71,1.82,5.2434,4.1442,4144233,148468052.0,9742551000.0,3653000000.0
2016-04-29,'603686,龙马环卫,34.71,35.45,33.62,34.0,34.57,0.14,0.405,2.7989,2798944,97903838.0,9257157000.0,3471000000.0
2016-04-28,'603686,龙马环卫,34.57,35.76,33.88,35.1,35.77,-1.2,-3.3548,4.3918,4391843,152003065.0,9219819000.0,3457000000.0
2016-04-27,'603686,龙马环卫,35.77,37.02,35.75,35.8,35.83,-0.06,-0.1675,5.3497,5349713,194932063.0,9539859000.0,3577000000.0
2016-04-26,'603686,龙马环卫,35.83,36.55,35.0,36.4,36.37,-0.54,-1.4847,4.1082,4108173,146091004.0,9555861000.0,3583000000.0
2016-04-25,'603686,龙马环卫,36.37,37.05,34.11,35.0,35.59,0.78,2.1916,6.8166,6816577,247143956.0,9699879000.0,3637000000.0
2016-04-22,'603686,龙马环卫,35.59,36.06,32.58,34.2,35.22,0.37,1.0505,6.8595,6859493,236970314.0,9491853000.0,3559000000.0
2016-04-21,'603686,龙马环卫,35.22,37.99,35.12,35.65,36.37,-1.15,-3.1619,10.0016,10001645,365689311.0,9393174000.0,3522000000.0
2016-04-20,'603686,龙马环卫,36.37,37.15,32.33,35.0,34.99,1.38,3.944,12.2834,12283432,434725935.0,9699879000.0,3637000000.0
2016-04-19,'603686,龙马环卫,34.99,36.5,32.68,33.1,33.37,1.62,4.8547,9.3567,9356689,323849234.0,9331833000.0,3499000000.0
2016-04-18,'603686,龙马环卫,33.37,33.85,31.8,33.1,32.94,0.43,1.3054,6.8409,6840930,225441994.0,8899779000.0,3337000000.0
2016-04-15,'603686,龙马环卫,32.94,33.33,31.44,31.55,31.4,1.54,4.9045,7.0749,7074926,230733283.0,8785098000.0,3294000000.0
2016-04-14,'603686,龙马环卫,31.4,31.55,30.99,31.13,31.0,0.4,1.2903,2.86,2860002,89473351.0,8374380000.0,3140000000.0
2016-04-13,'603686,龙马环卫,31.0,31.78,30.82,30.82,30.75,0.25,0.813,3.7039,3703905,115941417.0,8267700000.0,3100000000.0
2016-04-12,'603686,龙马环卫,30.75,31.41,30.25,31.41,31.23,-0.48,-1.537,3.5344,3534432,108350065.0,8201025000.0,3075000000.0
2016-04-11,'603686,龙马环卫,31.23,32.8,30.77,30.8,30.62,0.61,1.9922,5.8941,5894064,187691059.0,8329041000.0,3123000000.0
2016-04-08,'603686,龙马环卫,30.62,31.8,29.76,31.8,32.08,-1.46,-4.5511,6.7698,6769773,206644456.0,8166354000.0,3062000000.0
2016-04-07,'603686,龙马环卫,32.08,33.95,31.03,31.47,30.91,1.17,3.7852,10.8985,10898512,352734205.0,8555736000.0,3208000000.0
2016-04-06,'603686,龙马环卫,30.91,31.1,30.2,30.99,31.17,-0.26,-0.8341,5.0113,5011252,153826415.0,8243697000.0,3091000000.0
2016-04-05,'603686,龙马环卫,31.17,31.2,29.5,30.62,30.32,0.85,2.8034,6.8089,6808919,207970300.0,8313039000.0,3117000000.0
2016-04-01,'603686,龙马环卫,30.32,31.2,29.79,29.79,30.09,0.23,0.7644,7.5004,7500373,228795214.0,8086344000.0,3032000000.0
2016-03-31,'603686,龙马环卫,30.09,31.39,30.0,30.1,29.9,0.19,0.6355,9.3975,9397451,287674762.0,8025003000.0,3009000000.0
2016-03-30,'603686,龙马环卫,29.9,30.2,29.06,29.06,28.9,1.0,3.4602,8.979,8978994,265589876.0,7974330000.0,2990000000.0
2016-03-29,'603686,龙马环卫,28.9,29.57,28.25,29.47,29.38,-0.48,-1.6338,6.213,6212991,178216157.0,7707630000.0,2890000000.0
2016-03-28,'603686,龙马环卫,29.38,31.08,29.15,30.6,30.39,-1.01,-3.3235,8.7606,8760641,263552943.0,7835646000.0,2938000000.0
2016-03-25,'603686,龙马环卫,30.39,32.19,30.0,32.17,32.34,-1.95,-6.0297,12.9509,12950886,399745879.0,8105013000.0,3039000000.0
2016-03-24,'603686,龙马环卫,32.34,32.34,28.9,29.55,29.4,2.94,10.0,16.4276,16427644,512962480.0,8625078000.0,3234000000.0
2016-03-23,'603686,龙马环卫,29.4,29.4,26.8,27.22,26.73,2.67,9.9888,18.6295,18629511,533971785.0,7840980000.0,2940000000.0
2016-03-22,'603686,龙马环卫,26.73,26.73,26.73,26.73,24.3,2.43,10.0,1.9915,1991469,53231966.0,7128891000.0,2673000000.0
2016-03-21,'603686,龙马环卫,0.0,0.0,0.0,0.0,24.3,None,None,0.0,0,0.0,6480810000.0,2430000000.0
2016-03-18,'603686,龙马环卫,0.0,0.0,0.0,0.0,24.3,None,None,0.0,0,0.0,6480810000.0,2430000000.0
2016-03-17,'603686,龙马环卫,24.3,24.33,23.2,23.2,23.3,1.0,4.2918,2.8807,2880672,69074168.0,6480810000.0,2430000000.0
2016-03-16,'603686,龙马环卫,23.3,24.26,22.86,23.8,23.82,-0.52,-2.183,1.9794,1979420,46743576.0,6214110000.0,2330000000.0
2016-03-15,'603686,龙马环卫,23.82,24.33,23.72,24.33,24.34,-0.52,-2.1364,2.1806,2180601,52292077.0,6352794000.0,2382000000.0
2016-03-14,'603686,龙马环卫,24.34,24.9,23.5,23.9,23.39,0.95,4.0616,3.3217,3321748,80617966.0,6491478000.0,2434000000.0
2016-03-11,'603686,龙马环卫,23.39,23.42,22.41,22.41,22.85,0.54,2.3632,1.8393,1839277,42457179.0,6238113000.0,2339000000.0
2016-03-10,'603686,龙马环卫,22.85,23.65,22.81,23.2,23.39,-0.54,-2.3087,1.3456,1345581,31237610.0,6094095000.0,2285000000.0
2016-03-09,'603686,龙马环卫,23.39,23.88,23.03,23.51,23.97,-0.58,-2.4197,1.6327,1632713,38309620.0,6238113000.0,2339000000.0
2016-03-08,'603686,龙马环卫,23.97,23.99,22.11,23.25,23.29,0.68,2.9197,2.6758,2675830,62203724.0,6392799000.0,2397000000.0
2016-03-07,'603686,龙马环卫,23.29,23.79,22.8,23.02,22.84,0.45,1.9702,1.8429,1842912,43050659.0,6211443000.0,2329000000.0
2016-03-04,'603686,龙马环卫,22.84,24.45,22.33,23.65,23.73,-0.89,-3.7505,3.0512,3051201,71466715.0,6091428000.0,2284000000.0
2016-03-03,'603686,龙马环卫,23.73,24.42,23.58,23.7,23.57,0.16,0.6788,3.2352,3235160,77442506.0,6328791000.0,2373000000.0
2016-03-02,'603686,龙马环卫,23.57,23.86,22.08,22.41,22.46,1.11,4.9421,2.9406,2940643,67483677.0,6286119000.0,2357000000.0
2016-03-01,'603686,龙马环卫,22.46,22.7,21.28,22.3,22.19,0.27,1.2168,2.9845,2984536,65775785.0,5990082000.0,2246000000.0
2016-02-29,'603686,龙马环卫,22.19,24.45,22.02,23.86,24.47,-2.28,-9.3175,2.5598,2559753,57636065.0,5918073000.0,2219000000.0
2016-02-26,'603686,龙马环卫,24.47,24.94,23.91,24.91,24.31,0.16,0.6582,1.828,1827994,44697065.0,6526149000.0,2447000000.0
2016-02-25,'603686,龙马环卫,24.31,26.99,24.31,26.99,27.01,-2.7,-9.9963,3.6134,3613382,91997256.0,6483477000.0,2431000000.0
2016-02-24,'603686,龙马环卫,27.01,27.15,26.36,26.7,27.07,-0.06,-0.2216,2.6938,2693803,72380457.0,7203567000.0,2701000000.0
2016-02-23,'603686,龙马环卫,27.07,27.6,26.6,27.6,27.31,-0.24,-0.8788,2.6792,2679235,72234984.0,7219569000.0,2707000000.0
2016-02-22,'603686,龙马环卫,27.31,27.75,26.7,26.7,26.27,1.04,3.9589,3.0738,3073779,83666789.0,7283577000.0,2731000000.0
2016-02-19,'603686,龙马环卫,26.27,26.47,25.8,25.81,26.2,0.07,0.2672,2.0725,2072472,54355651.0,7006209000.0,2627000000.0
2016-02-18,'603686,龙马环卫,26.2,26.86,25.83,26.1,25.98,0.22,0.8468,4.3206,4320616,113770695.0,6987540000.0,2620000000.0
2016-02-17,'603686,龙马环卫,25.98,26.48,25.2,25.2,25.53,0.45,1.7626,3.7216,3721637,96379329.0,6928866000.0,2598000000.0
2016-02-16,'603686,龙马环卫,25.53,25.68,23.8,23.8,23.56,1.97,8.3616,3.6461,3646109,90842512.0,6808851000.0,2553000000.0
2016-02-15,'603686,龙马环卫,23.56,23.96,22.58,23.1,23.98,-0.42,-1.7515,1.8072,1807180,42160708.0,6283452000.0,2356000000.0
2016-02-05,'603686,龙马环卫,23.98,24.47,23.88,24.39,24.38,-0.4,-1.6407,1.935,1934992,46744183.0,6395466000.0,2398000000.0
2016-02-04,'603686,龙马环卫,24.38,24.98,23.5,23.58,23.67,0.71,2.9996,2.9382,2938201,71540190.0,6502146000.0,2438000000.0
2016-02-03,'603686,龙马环卫,23.67,24.16,22.48,22.6,23.19,0.48,2.0699,3.6936,3693627,86388318.0,6312789000.0,2367000000.0
2016-02-02,'603686,龙马环卫,23.19,23.4,21.57,21.6,21.57,1.62,7.5104,3.4656,3465552,78469698.0,6184773000.0,2319000000.0
2016-02-01,'603686,龙马环卫,21.57,22.2,21.17,22.18,22.18,-0.61,-2.7502,2.048,2048004,44598232.0,5752719000.0,2157000000.0
2016-01-29,'603686,龙马环卫,22.18,22.46,21.1,21.28,21.32,0.86,4.0338,2.8669,2866905,62570097.0,5915406000.0,2218000000.0
2016-01-28,'603686,龙马环卫,21.32,22.83,21.22,22.8,22.89,-1.57,-6.8589,1.7525,1752510,38847018.0,5686044000.0,2132000000.0
2016-01-27,'603686,龙马环卫,22.89,23.69,21.8,23.08,23.46,-0.57,-2.4297,3.6413,3641332,81814192.0,6104763000.0,2289000000.0
2016-01-26,'603686,龙马环卫,23.46,25.98,23.46,25.59,26.07,-2.61,-10.0115,3.4836,3483568,85579594.0,6256782000.0,2346000000.0
2016-01-25,'603686,龙马环卫,26.07,26.34,25.6,26.0,25.99,0.08,0.3078,3.7855,2524901,65527045.0,6952869000.0,1738869000.0
2016-01-22,'603686,龙马环卫,25.99,26.55,25.25,26.55,25.64,0.35,1.3651,3.3079,2206389,57078604.0,6931533000.0,1733533000.0
2016-01-21,'603686,龙马环卫,25.64,27.28,25.53,26.0,26.88,-1.24,-4.6131,3.8076,2539679,67251601.0,6838188000.0,1710188000.0
2016-01-20,'603686,龙马环卫,26.88,27.98,26.8,27.46,27.72,-0.84,-3.0303,5.8102,3875412,105755029.0,7168896000.0,1792896000.0
2016-01-19,'603686,龙马环卫,27.72,27.98,26.36,26.92,26.92,0.8,2.9718,6.6113,4409712,119700167.0,7392924000.0,1848924000.0
2016-01-18,'603686,龙马环卫,26.92,27.6,24.82,24.98,26.01,0.91,3.4987,8.4167,5613938,146705576.0,7179564000.0,1795564000.0
2016-01-15,'603686,龙马环卫,26.01,27.54,25.0,27.49,27.55,-1.54,-5.5898,4.9699,3314940,86606429.0,6936867000.0,1734867000.0
2016-01-14,'603686,龙马环卫,27.55,28.11,25.25,26.0,26.65,0.9,3.3771,4.8112,3209080,85656827.0,7347585000.0,1837585000.0
2016-01-13,'603686,龙马环卫,26.65,28.88,26.58,28.39,28.31,-1.66,-5.8637,4.0311,2688774,74908688.0,7107555000.0,1777555000.0
2016-01-12,'603686,龙马环卫,28.31,29.99,27.5,29.98,29.81,-1.5,-5.0319,5.7,3801885,108055508.0,7550277000.0,1888277000.0
2016-01-11,'603686,龙马环卫,29.81,32.5,29.81,32.0,33.12,-3.31,-9.994,5.5646,3711583,113713149.0,7950327000.0,1988327000.0
2016-01-08,'603686,龙马环卫,33.12,35.0,31.0,34.02,33.08,0.04,0.1209,5.8703,3915479,129077011.0,8833104000.0,2209104000.0
2016-01-07,'603686,龙马环卫,33.08,36.0,33.0,36.0,36.67,-3.59,-9.79,1.1699,780300,26844428.0,8822436000.0,2206436000.0
2016-01-06,'603686,龙马环卫,36.67,36.88,35.7,36.65,36.26,0.41,1.1307,4.169,2780705,101019323.0,9779889000.0,2445889000.0
2016-01-05,'603686,龙马环卫,36.26,38.0,34.01,35.0,36.52,-0.26,-0.7119,6.5699,4382125,158023281.0,9670542000.0,2418542000.0
2016-01-04,'603686,龙马环卫,36.52,40.9,36.36,40.9,39.72,-3.2,-8.0564,5.117,3413027,134602868.0,9739884000.0,2435884000.0
2015-12-31,'603686,龙马环卫,39.72,41.39,39.65,41.15,40.8,-1.08,-2.6471,4.2263,2818963,113571330.0,10593324000.0,2649324000.0
2015-12-30,'603686,龙马环卫,40.8,41.35,39.38,40.0,39.9,0.9,2.2556,4.9306,3288691,132518745.0,10881360000.0,2721360000.0
2015-12-29,'603686,龙马环卫,39.9,39.96,38.8,39.5,39.8,0.1,0.2513,4.8995,3267961,128707239.0,10641330000.0,2661330000.0
2015-12-28,'603686,龙马环卫,39.8,41.49,39.0,40.9,40.71,-0.91,-2.2353,7.6755,5119570,207840486.0,10614660000.0,2654660000.0
2015-12-25,'603686,龙马环卫,40.71,41.7,40.1,41.54,41.0,-0.29,-0.7073,7.4846,4992218,203115371.0,10857357000.0,2715357000.0
2015-12-24,'603686,龙马环卫,41.0,43.9,40.47,43.45,42.72,-1.72,-4.0262,12.5637,8380004,351591600.0,10934700000.0,2734700000.0
2015-12-23,'603686,龙马环卫,42.72,42.72,39.01,39.01,38.84,3.88,9.9897,13.5343,9027370,374597105.0,11393424000.0,2849424000.0
2015-12-22,'603686,龙马环卫,38.84,39.39,38.48,39.0,39.24,-0.4,-1.0194,3.7799,2521177,97767416.0,10358628000.0,2590628000.0
2015-12-21,'603686,龙马环卫,39.24,39.86,38.18,38.8,38.92,0.32,0.8222,4.8453,3231827,126747450.0,10465308000.0,2617308000.0
2015-12-18,'603686,龙马环卫,38.92,39.49,38.58,38.58,38.55,0.37,0.9598,6.2615,4176451,163324471.0,10379964000.0,2595964000.0
2015-12-17,'603686,龙马环卫,38.55,38.79,37.53,37.53,37.53,1.02,2.7178,5.817,3879968,149248754.0,10281285000.0,2571285000.0
2015-12-16,'603686,龙马环卫,37.53,38.18,37.0,37.8,37.69,-0.16,-0.4245,4.7531,3170289,119765104.0,10009251000.0,2503251000.0
2015-12-15,'603686,龙马环卫,37.69,37.78,36.5,36.5,36.54,1.15,3.1472,5.0508,3368873,125260734.0,10051923000.0,2513923000.0
2015-12-14,'603686,龙马环卫,36.54,36.66,35.6,35.87,35.81,0.73,2.0385,3.7093,2474094,89294918.0,9745218000.0,2437218000.0
2015-12-11,'603686,龙马环卫,35.81,36.89,35.5,36.53,36.92,-1.11,-3.0065,4.81,3208271,115168795.0,9550527000.0,2388527000.0
2015-12-10,'603686,龙马环卫,36.92,37.69,36.7,37.5,37.1,-0.18,-0.4852,3.4066,2272180,84002152.0,9846564000.0,2462564000.0
2015-12-09,'603686,龙马环卫,37.1,38.03,36.57,38.03,38.13,-1.03,-2.7013,4.7051,3138322,116905907.0,9894570000.0,2474570000.0
2015-12-08,'603686,龙马环卫,38.13,39.61,38.1,39.53,39.41,-1.28,-3.2479,5.3996,3601565,139202859.0,10169271000.0,2543271000.0
2015-12-07,'603686,龙马环卫,39.41,39.8,38.25,38.25,38.17,1.24,3.2486,6.4412,4296256,168496766.0,10510647000.0,2628647000.0
2015-12-04,'603686,龙马环卫,38.17,38.77,37.77,37.99,38.34,-0.17,-0.4434,5.9245,3951659,151429256.0,10179939000.0,2545939000.0
2015-12-03,'603686,龙马环卫,38.34,38.93,37.42,37.42,37.32,1.02,2.7331,5.256,3505722,133733531.0,10225278000.0,2557278000.0
2015-12-02,'603686,龙马环卫,37.32,38.7,35.85,38.48,38.81,-1.49,-3.8392,6.4402,4295610,159687881.0,9953244000.0,2489244000.0
2015-12-01,'603686,龙马环卫,38.81,39.66,38.0,39.19,39.2,-0.39,-0.9949,7.1827,4790874,187222987.0,10350627000.0,2588627000.0
2015-11-30,'603686,龙马环卫,39.2,40.3,36.08,38.99,39.22,-0.02,-0.051,9.491,6330470,244989603.0,10454640000.0,2614640000.0
2015-11-27,'603686,龙马环卫,39.22,43.7,38.51,42.3,42.4,-3.18,-7.5,12.0147,8013830,332022725.0,10459974000.0,2615974000.0
2015-11-26,'603686,龙马环卫,42.4,44.5,42.24,44.15,44.12,-1.72,-3.8985,11.377,7588491,327595773.0,11308080000.0,2828080000.0
2015-11-25,'603686,龙马环卫,44.12,44.99,43.0,44.98,45.04,-0.92,-2.0426,13.9755,9321662,408224638.0,11766804000.0,2942804000.0
2015-11-24,'603686,龙马环卫,45.04,45.41,41.21,41.28,41.48,3.56,8.5824,16.6322,11093701,483110961.0,12012168000.0,3004168000.0
2015-11-23,'603686,龙马环卫,41.48,42.2,41.1,41.24,41.43,0.05,0.1207,7.3146,4878810,203241044.0,11062716000.0,2766716000.0
2015-11-20,'603686,龙马环卫,41.43,42.3,41.1,42.27,42.19,-0.76,-1.8014,8.7963,5867122,244395765.0,11049381000.0,2763381000.0
2015-11-19,'603686,龙马环卫,42.19,42.29,40.88,41.8,41.32,0.87,2.1055,8.1667,5447216,226325795.0,11252073000.0,2814073000.0
2015-11-18,'603686,龙马环卫,41.32,42.96,41.0,42.04,42.11,-0.79,-1.876,7.2743,4851929,204185297.0,11020044000.0,2756044000.0
2015-11-17,'603686,龙马环卫,42.11,43.94,41.39,42.85,42.03,0.08,0.1903,10.5278,7022070,300698279.0,11230737000.0,2808737000.0
2015-11-16,'603686,龙马环卫,42.03,42.44,40.08,40.3,42.4,-0.37,-0.8726,8.2383,5494946,227984332.0,11209401000.0,2803401000.0
2015-11-13,'603686,龙马环卫,42.4,46.44,42.1,44.5,45.38,-2.98,-6.5668,16.4586,10977914,482046464.0,11308080000.0,2828080000.0
2015-11-12,'603686,龙马环卫,45.38,46.5,41.73,42.57,42.51,2.87,6.7514,18.3472,12237611,536273561.0,12102846000.0,3026846000.0
2015-11-11,'603686,龙马环卫,42.51,43.16,40.6,41.05,41.74,0.77,1.8448,15.0605,10045330,420251140.0,11337417000.0,2835417000.0
2015-11-10,'603686,龙马环卫,41.74,43.98,41.01,41.93,40.07,1.67,4.1677,24.8753,16591794,700715400.0,11132058000.0,2784058000.0
2015-11-09,'603686,龙马环卫,40.07,40.07,36.41,36.41,36.43,3.64,9.9918,17.8274,11890897,458160795.0,10686669000.0,2672669000.0
2015-11-06,'603686,龙马环卫,36.43,36.68,35.46,35.46,35.79,0.64,1.7882,13.2192,8817184,319584855.0,9715881000.0,2429881000.0
2015-11-05,'603686,龙马环卫,35.79,36.88,35.21,36.74,36.38,-0.59,-1.6218,12.7835,8526580,306794997.0,9545193000.0,2387193000.0
2015-11-04,'603686,龙马环卫,36.38,36.45,35.0,35.35,35.1,1.28,3.6467,16.2845,10861745,388902683.0,9702546000.0,2426546000.0
2015-11-03,'603686,龙马环卫,35.1,36.35,34.8,35.85,35.58,-0.48,-1.3491,6.4799,4322104,152482399.0,9361170000.0,2341170000.0
2015-11-02,'603686,龙马环卫,35.58,36.09,33.65,34.0,34.65,0.93,2.684,11.5243,7686718,271500436.0,9489186000.0,2373186000.0
2015-10-30,'603686,龙马环卫,34.65,35.24,34.05,35.09,35.25,-0.6,-1.7021,5.3555,3572105,123905591.0,9241155000.0,2311155000.0
2015-10-29,'603686,龙马环卫,35.25,35.98,34.65,35.6,35.55,-0.3,-0.8439,6.8275,4553926,160846774.0,9401175000.0,2351175000.0
2015-10-28,'603686,龙马环卫,35.55,36.67,34.5,34.92,34.95,0.6,1.7167,11.4144,7613391,273304877.0,9481185000.0,2371185000.0
2015-10-27,'603686,龙马环卫,34.95,35.3,33.6,35.3,35.42,-0.47,-1.3269,7.5342,5025317,173170717.0,9321165000.0,2331165000.0
2015-10-26,'603686,龙马环卫,35.42,36.39,35.08,36.39,35.96,-0.54,-1.5017,9.5816,6390939,228625735.0,9446514000.0,2362514000.0
2015-10-23,'603686,龙马环卫,35.96,36.38,34.5,35.0,34.75,1.21,3.482,12.4961,8334931,293432907.0,9590532000.0,2398532000.0
2015-10-22,'603686,龙马环卫,34.75,35.1,32.9,33.5,34.75,0.0,0.0,12.853,8572957,289827421.0,9267825000.0,2317825000.0
2015-10-21,'603686,龙马环卫,34.75,36.88,34.75,36.01,38.61,-3.86,-9.9974,18.6202,12419658,444571046.0,9267825000.0,2317825000.0
2015-10-20,'603686,龙马环卫,38.61,40.0,35.63,35.63,39.59,-0.98,-2.4754,27.5977,18407667,672842336.0,10297287000.0,2575287000.0
2015-10-19,'603686,龙马环卫,0.0,0.0,0.0,0.0,39.59,None,None,0.0,0,0.0,10558653000.0,2640653000.0
2015-10-16,'603686,龙马环卫,0.0,0.0,0.0,0.0,39.59,None,None,0.0,0,0.0,10558653000.0,2640653000.0
2015-10-15,'603686,龙马环卫,0.0,0.0,0.0,0.0,39.59,None,None,0.0,0,0.0,10558653000.0,2640653000.0
2015-10-14,'603686,龙马环卫,0.0,0.0,0.0,0.0,39.59,None,None,0.0,0,0.0,10558653000.0,2640653000.0
2015-10-13,'603686,龙马环卫,0.0,0.0,0.0,0.0,39.59,None,None,0.0,0,0.0,10558653000.0,2640653000.0
2015-10-12,'603686,龙马环卫,0.0,0.0,0.0,0.0,39.59,None,None,0.0,0,0.0,10558653000.0,2640653000.0
2015-10-09,'603686,龙马环卫,0.0,0.0,0.0,0.0,39.59,None,None,0.0,0,0.0,10558653000.0,2640653000.0
2015-10-08,'603686,龙马环卫,0.0,0.0,0.0,0.0,39.59,None,None,0.0,0,0.0,10558653000.0,2640653000.0
2015-09-30,'603686,龙马环卫,0.0,0.0,0.0,0.0,39.59,None,None,0.0,0,0.0,10558653000.0,2640653000.0
2015-09-29,'603686,龙马环卫,0.0,0.0,0.0,0.0,39.59,None,None,0.0,0,0.0,10558653000.0,2640653000.0
2015-09-28,'603686,龙马环卫,0.0,0.0,0.0,0.0,39.59,None,None,0.0,0,0.0,10558653000.0,2640653000.0
2015-09-25,'603686,龙马环卫,0.0,0.0,0.0,0.0,39.59,None,None,0.0,0,0.0,10558653000.0,2640653000.0
2015-09-24,'603686,龙马环卫,0.0,0.0,0.0,0.0,39.59,None,None,0.0,0,0.0,10558653000.0,2640653000.0
2015-09-23,'603686,龙马环卫,0.0,0.0,0.0,0.0,39.59,None,None,0.0,0,0.0,10558653000.0,2640653000.0
2015-09-22,'603686,XR龙马环,0.0,0.0,0.0,0.0,39.59,None,None,0.0,0,0.0,10558653000.0,2640653000.0
2015-09-21,'603686,龙马环卫,0.0,0.0,0.0,0.0,79.18,None,None,0.0,0,0.0,10558653000.0,2640653000.0
2015-09-18,'603686,龙马环卫,0.0,0.0,0.0,0.0,79.18,None,None,0.0,0,0.0,10558653000.0,2640653000.0
2015-09-17,'603686,龙马环卫,0.0,0.0,0.0,0.0,79.18,None,None,0.0,0,0.0,10558653000.0,2640653000.0
2015-09-16,'603686,龙马环卫,0.0,0.0,0.0,0.0,79.18,None,None,0.0,0,0.0,10558653000.0,2640653000.0
2015-09-15,'603686,龙马环卫,0.0,0.0,0.0,0.0,79.18,None,None,0.0,0,0.0,10558653000.0,2640653000.0
2015-09-14,'603686,龙马环卫,0.0,0.0,0.0,0.0,79.18,None,None,0.0,0,0.0,10558653000.0,2640653000.0
2015-09-11,'603686,龙马环卫,0.0,0.0,0.0,0.0,79.18,None,None,0.0,0,0.0,10558653000.0,2640653000.0
2015-09-10,'603686,龙马环卫,0.0,0.0,0.0,0.0,79.18,None,None,0.0,0,0.0,10558653000.0,2640653000.0
2015-09-09,'603686,龙马环卫,0.0,0.0,0.0,0.0,79.18,None,None,0.0,0,0.0,10558653000.0,2640653000.0
2015-09-08,'603686,龙马环卫,0.0,0.0,0.0,0.0,79.18,None,None,0.0,0,0.0,10558653000.0,2640653000.0
2015-09-07,'603686,龙马环卫,0.0,0.0,0.0,0.0,79.18,None,None,0.0,0,0.0,10558653000.0,2640653000.0
2015-09-02,'603686,龙马环卫,0.0,0.0,0.0,0.0,79.18,None,None,0.0,0,0.0,10558653000.0,2640653000.0
2015-09-01,'603686,龙马环卫,0.0,0.0,0.0,0.0,79.18,None,None,0.0,0,0.0,10558653000.0,2640653000.0
2015-08-31,'603686,龙马环卫,0.0,0.0,0.0,0.0,79.18,None,None,0.0,0,0.0,10558653000.0,2640653000.0
2015-08-28,'603686,龙马环卫,0.0,0.0,0.0,0.0,79.18,None,None,0.0,0,0.0,10558653000.0,2640653000.0
2015-08-27,'603686,龙马环卫,0.0,0.0,0.0,0.0,79.18,None,None,0.0,0,0.0,10558653000.0,2640653000.0
2015-08-26,'603686,龙马环卫,0.0,0.0,0.0,0.0,79.18,None,None,0.0,0,0.0,10558653000.0,2640653000.0
2015-08-25,'603686,龙马环卫,0.0,0.0,0.0,0.0,79.18,None,None,0.0,0,0.0,10558653000.0,2640653000.0
2015-08-24,'603686,龙马环卫,0.0,0.0,0.0,0.0,79.18,None,None,0.0,0,0.0,10558653000.0,2640653000.0
2015-08-21,'603686,龙马环卫,0.0,0.0,0.0,0.0,79.18,None,None,0.0,0,0.0,10558653000.0,2640653000.0
2015-08-20,'603686,龙马环卫,0.0,0.0,0.0,0.0,79.18,None,None,0.0,0,0.0,10558653000.0,2640653000.0
2015-08-19,'603686,龙马环卫,0.0,0.0,0.0,0.0,79.18,None,None,0.0,0,0.0,10558653000.0,2640653000.0
2015-08-18,'603686,龙马环卫,0.0,0.0,0.0,0.0,79.18,None,None,0.0,0,0.0,10558653000.0,2640653000.0
2015-08-17,'603686,龙马环卫,0.0,0.0,0.0,0.0,79.18,None,None,0.0,0,0.0,10558653000.0,2640653000.0
2015-08-14,'603686,龙马环卫,0.0,0.0,0.0,0.0,79.18,None,None,0.0,0,0.0,10558653000.0,2640653000.0
2015-08-13,'603686,龙马环卫,0.0,0.0,0.0,0.0,79.18,None,None,0.0,0,0.0,10558653000.0,2640653000.0
2015-08-12,'603686,龙马环卫,0.0,0.0,0.0,0.0,79.18,None,None,0.0,0,0.0,10558653000.0,2640653000.0
2015-08-11,'603686,龙马环卫,0.0,0.0,0.0,0.0,79.18,None,None,0.0,0,0.0,10558653000.0,2640653000.0
2015-08-10,'603686,龙马环卫,0.0,0.0,0.0,0.0,79.18,None,None,0.0,0,0.0,10558653000.0,2640653000.0
2015-08-07,'603686,龙马环卫,0.0,0.0,0.0,0.0,79.18,None,None,0.0,0,0.0,10558653000.0,2640653000.0
2015-08-06,'603686,龙马环卫,0.0,0.0,0.0,0.0,79.18,None,None,0.0,0,0.0,10558653000.0,2640653000.0
2015-08-05,'603686,龙马环卫,0.0,0.0,0.0,0.0,79.18,None,None,0.0,0,0.0,10558653000.0,2640653000.0
2015-08-04,'603686,龙马环卫,0.0,0.0,0.0,0.0,79.18,None,None,0.0,0,0.0,10558653000.0,2640653000.0
2015-08-03,'603686,龙马环卫,0.0,0.0,0.0,0.0,79.18,None,None,0.0,0,0.0,10558653000.0,2640653000.0
2015-07-31,'603686,龙马环卫,0.0,0.0,0.0,0.0,79.18,None,None,0.0,0,0.0,10558653000.0,2640653000.0
2015-07-30,'603686,龙马环卫,0.0,0.0,0.0,0.0,79.18,None,None,0.0,0,0.0,10558653000.0,2640653000.0
2015-07-29,'603686,龙马环卫,79.18,79.45,69.0,73.3,72.24,6.94,9.6069,6.6265,2209940,165096999.0,10558653000.0,2640653000.0
2015-07-28,'603686,龙马环卫,72.24,80.32,70.88,72.0,78.75,-6.51,-8.2667,7.7778,2593904,189958298.0,9633204000.0,2409204000.0
2015-07-27,'603686,龙马环卫,78.75,88.3,78.75,82.7,87.5,-8.75,-10.0,4.7156,1572650,132135049.0,10501312500.0,2626312500.0
2015-07-24,'603686,龙马环卫,87.5,90.39,86.59,90.39,90.38,-2.88,-3.1865,7.2338,2412480,213570421.0,11668125000.0,2918125000.0
2015-07-23,'603686,龙马环卫,90.38,93.0,85.1,89.17,87.99,2.39,2.7162,9.2153,3073298,275673985.0,12052173000.0,3014173000.0
2015-07-22,'603686,龙马环卫,87.99,87.99,80.3,80.3,79.99,8.0,10.0013,10.3565,3453890,291702657.0,11733466500.0,2934466500.0
2015-07-21,'603686,龙马环卫,79.99,81.99,75.0,79.0,79.91,0.08,0.1001,4.9862,1662888,132539767.0,10666666500.0,2667666500.0
2015-07-20,'603686,龙马环卫,79.91,83.99,79.58,83.4,83.42,-3.51,-4.2076,5.1799,1727500,140782442.0,10655998500.0,2664998500.0
2015-07-17,'603686,龙马环卫,83.42,85.98,78.58,79.58,82.56,0.86,1.0417,7.2563,2419967,199967464.0,11124057000.0,2782057000.0
2015-07-16,'603686,龙马环卫,82.56,85.0,72.58,77.8,80.64,1.92,2.381,9.913,3305977,251554110.0,11009376000.0,2753376000.0
2015-07-15,'603686,龙马环卫,80.64,86.0,80.64,86.0,89.6,-8.96,-10.0,4.5244,1508900,123069514.0,10753344000.0,2689344000.0
2015-07-14,'603686,龙马环卫,89.6,104.23,88.11,104.23,97.67,-8.07,-8.2625,10.4603,3488520,328735448.0,11948160000.0,2988160000.0
2015-07-13,'603686,龙马环卫,97.67,97.74,85.0,89.0,88.85,8.82,9.9268,14.8768,4961413,460389867.0,13024294500.0,3257294500.0
2015-07-10,'603686,龙马环卫,88.85,88.85,83.01,83.01,80.77,8.08,10.0037,12.6058,4204044,371121103.0,11848147500.0,2963147500.0
2015-07-09,'603686,龙马环卫,0.0,0.0,0.0,0.0,80.77,None,None,0.0,0,0.0,10770679500.0,2693679500.0
2015-07-08,'603686,龙马环卫,0.0,0.0,0.0,0.0,80.77,None,None,0.0,0,0.0,10770679500.0,2693679500.0
2015-07-07,'603686,龙马环卫,80.77,83.64,80.77,81.63,89.74,-8.97,-9.9955,1.9067,635893,51520887.0,10770679500.0,2693679500.0
2015-07-06,'603686,龙马环卫,89.74,102.11,84.79,102.0,94.21,-4.47,-4.7447,6.7598,2254390,201487769.0,11966829000.0,2992829000.0
2015-07-03,'603686,龙马环卫,94.21,97.0,87.76,94.0,97.51,-3.3,-3.3843,4.501,1501100,137240459.0,12562903500.0,3141903500.0
2015-07-02,'603686,龙马环卫,97.51,100.01,88.9,98.53,98.76,-1.25,-1.2657,4.7721,1591500,149983374.0,13002958500.0,3251958500.0
2015-07-01,'603686,龙马环卫,98.76,104.88,93.0,102.77,103.02,-4.26,-4.1351,4.6874,1563252,157625792.0,13169646000.0,3293646000.0
2015-06-30,'603686,龙马环卫,103.02,103.9,88.06,90.0,97.84,5.18,5.2944,6.2201,2074409,197886118.0,13737717000.0,3435717000.0
2015-06-29,'603686,龙马环卫,97.84,111.8,97.84,110.25,108.71,-10.87,-9.9991,4.8718,1624750,162408560.0,13046964000.0,3262964000.0
2015-06-26,'603686,龙马环卫,108.71,112.12,106.4,107.0,118.22,-9.51,-8.0443,6.6126,2205317,237760148.0,14496478500.0,3625478500.0
2015-06-25,'603686,龙马环卫,118.22,126.89,106.69,126.89,115.63,2.59,2.2399,15.4961,5167952,593114795.0,15764637000.0,3942637000.0
2015-06-24,'603686,龙马环卫,0.0,0.0,0.0,0.0,115.63,None,None,0.0,0,0.0,15419260500.0,3856260500.0
2015-06-23,'603686,龙马环卫,0.0,0.0,0.0,0.0,115.63,None,None,0.0,0,0.0,15419260500.0,3856260500.0
2015-06-19,'603686,龙马环卫,0.0,0.0,0.0,0.0,115.63,None,None,0.0,0,0.0,15419260500.0,3856260500.0
2015-06-18,'603686,龙马环卫,0.0,0.0,0.0,0.0,115.63,None,None,0.0,0,0.0,15419260500.0,3856260500.0
2015-06-17,'603686,龙马环卫,0.0,0.0,0.0,0.0,115.63,None,None,0.0,0,0.0,15419260500.0,3856260500.0
2015-06-16,'603686,龙马环卫,0.0,0.0,0.0,0.0,115.63,None,None,0.0,0,0.0,15419260500.0,3856260500.0
2015-06-15,'603686,龙马环卫,0.0,0.0,0.0,0.0,115.63,None,None,0.0,0,0.0,15419260500.0,3856260500.0
2015-06-12,'603686,龙马环卫,115.63,118.0,112.39,116.5,118.0,-2.37,-2.0085,6.3343,2112485,243501477.0,15419260500.0,3856260500.0
2015-06-11,'603686,龙马环卫,118.0,118.4,106.83,107.64,107.64,10.36,9.6247,10.5096,3504937,403691177.0,15735300000.0,3935300000.0
2015-06-10,'603686,XD龙马环,107.64,109.7,98.92,100.08,99.73,7.91,7.9314,8.8173,2940586,311819335.0,14353794000.0,3589794000.0
2015-06-09,'603686,龙马环卫,100.08,102.5,98.01,100.0,101.21,-1.13,-1.1165,3.8072,1269698,127569300.0,13345668000.0,3337668000.0
2015-06-08,'603686,龙马环卫,101.21,106.43,100.9,103.8,103.55,-2.34,-2.2598,5.5628,1855184,191837397.0,13496353500.0,3375353500.0
2015-06-05,'603686,龙马环卫,103.55,107.8,100.88,100.9,99.84,3.71,3.7159,5.725,1909288,198444505.0,13808392500.0,3453392500.0
2015-06-04,'603686,龙马环卫,99.84,102.85,92.7,101.99,102.86,-3.02,-2.936,6.0793,2027452,200642666.0,13313664000.0,3329664000.0
2015-06-03,'603686,龙马环卫,102.86,108.76,101.6,106.75,106.73,-3.87,-3.626,5.5182,1840313,189837298.0,13716381000.0,3430381000.0
2015-06-02,'603686,龙马环卫,106.73,108.33,99.5,102.23,102.23,4.5,4.4018,6.7899,2264419,235964598.0,14232445500.0,3559445500.0
2015-06-01,'603686,龙马环卫,102.23,103.9,98.18,100.52,100.27,1.96,1.9547,6.007,2003322,202620811.0,13632370500.0,3409370500.0
2015-05-29,'603686,龙马环卫,100.27,108.0,95.0,100.51,104.88,-4.61,-4.3955,9.7236,3242820,330614088.0,13371004500.0,3344004500.0
2015-05-28,'603686,龙马环卫,104.88,124.57,104.88,115.06,116.53,-11.65,-9.9974,12.9147,4307052,503051391.0,13985748000.0,3497748000.0
2015-05-27,'603686,龙马环卫,116.53,117.65,104.03,105.0,106.96,9.57,8.9473,13.136,4380871,492731429.0,15539275500.0,3886275500.0
2015-05-26,'603686,龙马环卫,106.96,108.52,103.0,105.35,105.58,1.38,1.3071,7.4679,2490539,266152411.0,14263116000.0,3567116000.0
2015-05-25,'603686,龙马环卫,105.58,109.7,102.57,107.0,113.97,-8.39,-7.3616,13.4909,4499231,474751870.0,14079093000.0,3521093000.0
2015-05-22,'603686,龙马环卫,113.97,114.91,108.0,109.3,104.46,9.51,9.104,16.0021,5336698,598661916.0,15197899500.0,3800899500.0
2015-05-21,'603686,龙马环卫,104.46,104.46,92.0,95.81,94.96,9.5,10.0042,12.5169,4174401,411945240.0,13929741000.0,3483741000.0
2015-05-20,'603686,龙马环卫,94.96,98.9,94.0,94.78,94.52,0.44,0.4655,8.2344,2746157,264989812.0,12662916000.0,3166916000.0
2015-05-19,'603686,龙马环卫,94.52,97.1,92.45,93.11,94.55,-0.03,-0.0317,6.6913,2231546,211905277.0,12604242000.0,3152242000.0
2015-05-18,'603686,龙马环卫,94.55,96.0,91.0,91.97,91.6,2.95,3.2205,7.1914,2398320,226231834.0,12608242500.0,3153242500.0
2015-05-15,'603686,龙马环卫,91.6,95.43,90.0,95.43,96.79,-5.19,-5.3621,5.3274,1776697,163914222.0,12214860000.0,3054860000.0
2015-05-14,'603686,龙马环卫,96.79,98.0,88.15,88.4,89.46,7.33,8.1936,9.0582,3020908,283694666.0,12906946500.0,3227946500.0
2015-05-13,'603686,龙马环卫,89.46,95.0,89.0,92.8,92.64,-3.18,-3.4326,5.8589,1953951,176231758.0,11929491000.0,2983491000.0
2015-05-12,'603686,龙马环卫,92.64,95.8,91.1,93.7,94.41,-1.77,-1.8748,5.3494,1784010,165510563.0,12353544000.0,3089544000.0
2015-05-11,'603686,龙马环卫,94.41,95.8,87.8,90.9,89.61,4.8,5.3565,6.7825,2261977,205666656.0,12589573500.0,3148573500.0
2015-05-08,'603686,龙马环卫,89.61,90.5,85.8,87.9,87.78,1.83,2.0848,4.7314,1577918,139729807.0,11949493500.0,2988493500.0
2015-05-07,'603686,龙马环卫,87.78,90.0,83.0,86.95,87.92,-0.14,-0.1592,3.6773,1226380,107037229.0,11705463000.0,2927463000.0
2015-05-06,'603686,龙马环卫,87.92,92.36,85.23,87.49,86.94,0.98,1.1272,4.4236,1475269,130939232.0,11724132000.0,2932132000.0
2015-05-05,'603686,龙马环卫,86.94,92.5,84.98,92.5,92.19,-5.25,-5.6948,5.1124,1704970,148651915.0,11593449000.0,2899449000.0
2015-05-04,'603686,龙马环卫,92.19,99.0,90.5,97.0,98.88,-6.69,-6.7658,5.8355,1946148,181766370.0,12293536500.0,3074536500.0
2015-04-30,'603686,龙马环卫,98.88,105.0,98.0,104.53,101.29,-2.41,-2.3793,4.9695,1657314,167356104.0,13185648000.0,3297648000.0
2015-04-29,'603686,龙马环卫,101.29,101.29,90.3,90.3,92.08,9.21,10.0022,8.189,2731039,265363932.0,13507021500.0,3378021500.0
2015-04-28,'603686,龙马环卫,92.08,94.98,89.0,91.58,91.69,0.39,0.4253,4.1004,1367484,124872095.0,12278868000.0,3070868000.0
2015-04-27,'603686,龙马环卫,91.69,94.99,85.8,89.09,89.06,2.63,2.9531,7.8125,2605464,236855659.0,12226861500.0,3057861500.0
2015-04-24,'603686,龙马环卫,89.06,92.56,86.68,89.0,92.84,-3.78,-4.0715,6.915,2306157,205880373.0,11876151000.0,2970151000.0
2015-04-23,'603686,龙马环卫,92.84,95.5,86.35,89.98,87.36,5.48,6.2729,8.328,2777392,251376457.0,12380214000.0,3096214000.0
2015-04-22,'603686,龙马环卫,87.36,87.36,80.01,82.95,79.42,7.94,9.9975,7.2262,2409925,203287934.0,11649456000.0,2913456000.0
2015-04-21,'603686,龙马环卫,79.42,79.42,71.1,71.91,72.2,7.22,10.0,7.9331,2645675,200896399.0,10590657000.0,2648657000.0
2015-04-20,'603686,龙马环卫,72.2,74.7,70.61,74.0,74.85,-2.65,-3.5404,5.4671,1823280,132778715.0,9627870000.0,2407870000.0
2015-04-17,'603686,龙马环卫,74.85,75.6,70.51,75.35,73.89,0.96,1.2992,11.3528,3786160,276390408.0,9981247500.0,2496247500.0
2015-04-16,'603686,龙马环卫,73.89,78.0,65.6,66.0,72.61,1.28,1.7628,16.9806,5663028,404316057.0,9853231500.0,2464231500.0
2015-04-15,'603686,龙马环卫,72.61,83.85,71.01,76.8,76.85,-4.24,-5.5172,10.4476,3484285,273986536.0,9682543500.0,2421543500.0
2015-04-14,'603686,龙马环卫,76.85,78.38,70.18,77.4,73.28,3.57,4.8717,14.0175,4674837,346195526.0,10247947500.0,2562947500.0
2015-04-13,'603686,龙马环卫,73.28,73.28,68.78,68.78,66.62,6.66,9.997,8.8069,2937101,213235268.0,9771888000.0,2443888000.0
2015-04-10,'603686,龙马环卫,66.62,66.62,62.28,62.3,60.56,6.06,10.0066,9.5037,3169487,206671971.0,8883777000.0,2221777000.0
2015-04-09,'603686,龙马环卫,60.56,60.56,53.01,54.14,55.05,5.51,10.0091,14.7618,4923053,277757327.0,8075676000.0,2019676000.0
2015-04-08,'603686,龙马环卫,55.05,55.39,50.1,50.1,54.44,0.61,1.1205,14.6349,4880733,258997754.0,7340917500.0,1835917500.0
2015-04-07,'603686,龙马环卫,54.44,55.24,52.5,53.85,53.86,0.58,1.0769,7.6794,2561067,138256281.0,7259574000.0,1815574000.0
2015-04-03,'603686,龙马环卫,53.86,55.6,51.61,52.3,52.32,1.54,2.9434,8.7914,2931936,157902266.0,7182231000.0,1796231000.0
2015-04-02,'603686,龙马环卫,52.32,52.89,51.01,51.79,51.87,0.45,0.8676,8.9745,2992984,155459043.0,6976872000.0,1744872000.0
2015-04-01,'603686,龙马环卫,51.87,52.9,48.99,48.99,48.48,3.39,6.9926,9.5181,3174280,162159427.0,6916864500.0,1729864500.0
2015-03-31,'603686,龙马环卫,48.48,49.68,46.99,48.24,48.4,0.08,0.1653,7.7251,2576308,124339920.0,6464808000.0,1616808000.0
2015-03-30,'603686,龙马环卫,48.4,50.44,47.07,47.5,47.63,0.77,1.6166,8.4838,2829331,138662504.0,6454140000.0,1614140000.0
2015-03-27,'603686,龙马环卫,47.63,47.8,44.8,45.02,45.79,1.84,4.0183,6.8064,2269918,104146796.0,6351460500.0,1588460500.0
2015-03-26,'603686,龙马环卫,45.79,47.44,44.57,47.3,47.21,-1.42,-3.0078,7.6223,2542040,116752989.0,6106096500.0,1527096500.0
2015-03-25,'603686,龙马环卫,47.21,48.38,44.3,45.18,45.22,1.99,4.4007,11.0708,3692127,174014724.0,6295453500.0,1574453500.0
2015-03-24,'603686,龙马环卫,45.22,46.5,43.4,46.5,46.75,-1.53,-3.2727,10.3008,3435314,155497841.0,6030087000.0,1508087000.0
2015-03-23,'603686,龙马环卫,46.75,46.76,45.52,46.38,46.38,0.37,0.7978,7.8478,2617256,120621434.0,6234112500.0,1559112500.0
2015-03-20,'603686,龙马环卫,46.38,47.98,44.72,44.91,44.71,1.67,3.7352,10.4549,3486713,161742613.0,6184773000.0,1546773000.0
2015-03-19,'603686,龙马环卫,44.71,45.76,44.02,45.18,45.89,-1.18,-2.5714,8.1933,2732469,122289529.0,5962078500.0,1491078500.0
2015-03-18,'603686,龙马环卫,45.89,46.39,43.96,45.0,45.51,0.38,0.835,11.4788,3828180,173156020.0,6119431500.0,1530431500.0
2015-03-17,'603686,龙马环卫,45.51,46.6,42.58,42.59,42.52,2.99,7.032,21.9014,7304102,328133486.0,6068758500.0,1517758500.0
2015-03-16,'603686,龙马环卫,42.52,42.52,39.09,39.09,38.65,3.87,10.0129,21.5772,7195984,299476070.0,5670042000.0,1418042000.0
2015-03-13,'603686,龙马环卫,38.65,38.77,37.2,37.6,37.51,1.14,3.0392,6.5045,2169252,82503402.0,5153977500.0,1288977500.0
2015-03-12,'603686,龙马环卫,37.51,38.53,37.13,38.14,38.3,-0.79,-2.0627,7.0067,2336746,88087246.0,5001958500.0,1250958500.0
2015-03-11,'603686,龙马环卫,38.3,38.55,37.87,38.49,38.61,-0.31,-0.8029,6.3558,2119652,80883714.0,5107305000.0,1277305000.0
2015-03-10,'603686,龙马环卫,38.61,39.48,37.78,37.95,37.32,1.29,3.4566,9.9802,3328395,128230152.0,5148643500.0,1287643500.0
2015-03-09,'603686,龙马环卫,37.32,37.9,36.73,37.9,37.91,-0.59,-1.5563,8.3135,2772558,103113588.0,4976622000.0,1244622000.0
2015-03-06,'603686,龙马环卫,37.91,38.97,37.7,38.5,39.17,-1.26,-3.2167,9.2519,3085500,117409958.0,5055298500.0,1264298500.0
2015-03-05,'603686,龙马环卫,39.17,40.18,37.75,38.19,38.04,1.13,2.9706,19.6909,6566923,258559530.0,5223319500.0,1306319500.0
2015-03-04,'603686,龙马环卫,38.04,38.92,37.61,38.92,39.12,-1.08,-2.7607,14.9315,4979668,189587373.0,5072634000.0,1268634000.0
2015-03-03,'603686,龙马环卫,39.12,40.49,37.76,38.28,39.26,-0.14,-0.3566,29.171,9728543,380646106.0,5216652000.0,1304652000.0
2015-03-02,'603686,龙马环卫,39.26,39.38,36.6,36.6,35.8,3.46,9.6648,36.0824,12033490,459507292.0,5235321000.0,1309321000.0
2015-02-27,'603686,龙马环卫,35.8,35.86,34.71,35.0,34.92,0.88,2.52,13.9177,4641562,163684925.0,4773930000.0,1193930000.0
2015-02-26,'603686,龙马环卫,34.92,34.99,34.18,34.2,34.41,0.51,1.4821,9.6585,3221096,111688035.0,4656582000.0,1164582000.0
2015-02-25,'603686,龙马环卫,34.41,35.33,34.2,35.3,35.45,-1.04,-2.9337,13.124,4376845,151555028.0,4588573500.0,1147573500.0
2015-02-17,'603686,龙马环卫,35.45,35.98,35.3,35.79,35.24,0.21,0.5959,16.0957,5367922,191175446.0,4727257500.0,1182257500.0
2015-02-16,'603686,龙马环卫,35.24,35.8,34.83,35.8,35.94,-0.7,-1.9477,20.2675,6759221,238623255.0,4699254000.0,1175254000.0
2015-02-13,'603686,龙马环卫,35.94,36.0,34.81,34.98,34.95,0.99,2.8326,22.6965,7569275,269024219.0,4792599000.0,1198599000.0
2015-02-12,'603686,龙马环卫,34.95,35.92,34.01,34.69,34.97,-0.02,-0.0572,24.1351,8049044,281993073.0,4660582500.0,1165582500.0
2015-02-11,'603686,龙马环卫,34.97,35.58,34.0,34.2,34.81,0.16,0.4596,28.5765,9530252,331555186.0,4663249500.0,1166249500.0
2015-02-10,'603686,龙马环卫,34.81,35.59,33.44,33.44,37.15,-2.34,-6.2988,42.636,14219114,485852412.0,4641913500.0,1160913500.0
2015-02-09,'603686,龙马环卫,37.15,37.15,37.15,37.15,41.28,-4.13,-10.0048,2.254,751700,27925655.0,4953952500.0,1238952500.0
2015-02-06,'603686,龙马环卫,41.28,43.0,41.28,42.0,45.87,-4.59,-10.0065,12.0468,4017600,168533055.0,5504688000.0,1376688000.0
2015-02-05,'603686,龙马环卫,45.87,45.87,44.03,45.87,41.7,4.17,10.0,56.2688,18765638,853350416.0,6116764500.0,1529764500.0
2015-02-04,'603686,龙马环卫,41.7,41.7,41.7,41.7,37.91,3.79,9.9974,0.4765,158920,6626964.0,5560695000.0,1390695000.0
2015-02-03,'603686,龙马环卫,37.91,37.91,37.91,37.91,34.46,3.45,10.0116,0.4931,164460,6234679.0,5055298500.0,1264298500.0
2015-02-02,'603686,龙马环卫,34.46,34.46,34.46,34.46,31.33,3.13,9.9904,0.5561,185449,6390573.0,4595241000.0,1149241000.0
2015-01-30,'603686,龙马环卫,31.33,31.33,31.33,31.33,28.48,2.85,10.007,0.3061,102090,3198480.0,4177855500.0,1044855500.0
2015-01-29,'603686,龙马环卫,28.48,28.48,28.48,28.48,25.89,2.59,10.0039,0.1523,50800,1446784.0,3797808000.0,949808000.0
2015-01-28,'603686,龙马环卫,25.89,25.89,25.89,25.89,23.54,2.35,9.983,0.0573,19100,494499.0,3452431500.0,863431500.0
2015-01-27,'603686,龙马环卫,23.54,23.54,23.54,23.54,21.4,2.14,10.0,0.0489,16300,383702.0,3139059000.0,785059000.0
2015-01-26,'603686,N龙马,21.4,21.4,17.83,17.83,14.86,6.54,44.0108,0.0944,31471,669195.0,2853690000.0,713690000.0
