日期,股票代码,名称,收盘价,最高价,最低价,开盘价,前收盘,涨跌额,涨跌幅,换手率,成交量,成交金额,总市值,流通市值
2017-05-15,'603618,杭电股份,9.56,9.69,9.55,9.55,9.63,-0.07,-0.7269,0.6107,1607619,15434251.0,6566562360.48,2516670000.0
2017-05-12,'603618,杭电股份,9.63,9.92,9.56,9.92,9.77,-0.14,-1.433,0.816,2148138,20769716.0,6614643884.04,2535097500.0
2017-05-11,'603618,杭电股份,9.77,10.06,9.23,10.06,10.1,-0.33,-3.2673,1.5048,3961463,38374167.0,6710806931.16,2571952500.0
2017-05-10,'603618,杭电股份,10.1,10.21,10.1,10.21,10.16,-0.06,-0.5906,0.8055,2120439,21526087.0,6937476970.8,2658825000.0
2017-05-09,'603618,杭电股份,10.16,10.17,10.0,10.06,10.0,0.16,1.6,0.7323,1927700,19469097.0,6978689705.28,2674620000.0
2017-05-08,'603618,杭电股份,10.0,10.31,10.0,10.3,10.3,-0.3,-2.9126,0.9791,2577526,26116711.0,6868789080.0,2632500000.0
2017-05-05,'603618,杭电股份,10.3,10.52,10.25,10.45,10.54,-0.24,-2.277,0.9211,2424900,25151905.0,7074852752.4,2711475000.0
2017-05-04,'603618,杭电股份,10.54,10.69,10.48,10.69,10.64,-0.1,-0.9398,0.7352,1935303,20417250.0,7239703690.32,2774655000.0
2017-05-03,'603618,杭电股份,10.64,10.84,10.6,10.78,10.68,-0.04,-0.3745,0.6126,1612800,17179094.0,7308391581.12,2800980000.0
2017-05-02,'603618,杭电股份,10.68,10.78,10.62,10.78,10.73,-0.05,-0.466,0.627,1650700,17620932.0,7335866737.44,2811510000.0
2017-04-28,'603618,杭电股份,10.73,10.73,10.6,10.7,10.68,0.05,0.4682,0.6906,1818026,19390970.0,7370210682.84,2824672500.0
2017-04-27,'603618,杭电股份,10.68,10.75,10.18,10.52,10.48,0.2,1.9084,1.5317,4032300,42158949.0,7335866737.44,2811510000.0
2017-04-26,'603618,杭电股份,10.48,10.5,10.38,10.38,10.43,0.05,0.4794,0.6789,1787300,18684980.0,7198490955.84,2758860000.0
2017-04-25,'603618,杭电股份,10.43,10.56,10.38,10.4,10.42,0.01,0.096,0.7616,2004900,20992288.0,7164147010.44,2745697500.0
2017-04-24,'603618,杭电股份,10.42,10.85,10.4,10.8,10.79,-0.37,-3.4291,1.1581,3048700,32069298.0,7157278221.36,2743065000.0
2017-04-21,'603618,杭电股份,10.79,11.06,10.78,11.06,10.94,-0.15,-1.3711,0.6629,1745100,19009319.0,7411423417.32,2840467500.0
2017-04-20,'603618,杭电股份,10.94,11.02,10.87,10.88,10.88,0.06,0.5515,0.8025,2112700,23104046.0,7514455253.52,2879955000.0
2017-04-19,'603618,杭电股份,10.88,11.07,10.73,11.07,11.03,-0.15,-1.3599,1.0793,2841370,30825263.0,7473242519.04,2864160000.0
2017-04-18,'603618,杭电股份,11.03,11.2,11.02,11.1,11.1,-0.07,-0.6306,1.0339,2721645,30156014.0,7576274355.24,2903647500.0
2017-04-17,'603618,杭电股份,11.1,11.32,11.0,11.32,11.32,-0.22,-1.9435,1.2096,3184185,35486763.0,7624355878.8,2922075000.0
2017-04-14,'603618,杭电股份,11.32,11.59,11.29,11.53,11.53,-0.21,-1.8213,1.2352,3251785,37092105.0,7775469238.56,2979990000.0
2017-04-13,'603618,杭电股份,11.53,11.6,11.5,11.53,11.52,0.01,0.0868,0.9759,2569104,29667392.0,7919713809.24,3035272500.0
2017-04-12,'603618,杭电股份,11.52,11.62,11.43,11.55,11.54,-0.02,-0.1733,1.0429,2745400,31671426.0,7912845020.16,3032640000.0
2017-04-11,'603618,杭电股份,11.54,11.6,11.36,11.6,11.61,-0.07,-0.6029,1.9438,5117145,58704889.0,7926582598.32,3037905000.0
2017-04-10,'603618,杭电股份,11.61,11.82,11.6,11.81,11.8,-0.19,-1.6102,1.5521,4086000,47653736.0,7974664121.88,3056332500.0
2017-04-07,'603618,杭电股份,11.8,11.85,11.7,11.7,11.78,0.02,0.1698,1.0354,2725703,32094983.0,8105171114.4,3106350000.0
2017-04-06,'603618,杭电股份,11.78,11.88,11.74,11.87,11.88,-0.1,-0.8418,1.3348,3513761,41457769.0,8091433536.24,3101085000.0
2017-04-05,'603618,杭电股份,11.88,11.93,11.68,11.68,11.66,0.22,1.8868,1.3131,3456827,40915460.0,8160121427.04,3127410000.0
2017-03-31,'603618,杭电股份,11.66,11.9,11.56,11.8,11.8,-0.14,-1.1864,2.1599,5685972,66504037.0,8009008067.28,3069495000.0
2017-03-30,'603618,杭电股份,11.8,12.26,11.8,12.15,12.29,-0.49,-3.987,3.2094,8448769,100883232.0,8105171114.4,3106350000.0
2017-03-29,'603618,杭电股份,12.29,12.51,12.21,12.28,12.35,-0.06,-0.4858,3.7935,9986377,123482579.0,8441741779.32,3235342500.0
2017-03-28,'603618,杭电股份,12.35,12.58,11.93,11.93,11.92,0.43,3.6074,5.2757,13888195,171723348.0,8482954513.8,3251137500.0
2017-03-27,'603618,杭电股份,11.92,11.97,11.88,11.9,11.88,0.04,0.3367,0.9379,2469124,29434814.0,8187596583.36,3137940000.0
2017-03-24,'603618,杭电股份,11.88,11.93,11.73,11.76,11.8,0.08,0.678,1.2758,3358436,39718266.0,8160121427.04,3127410000.0
2017-03-23,'603618,杭电股份,11.8,11.98,11.65,11.98,11.96,-0.16,-1.3378,1.9669,5177883,61274103.0,8105171114.4,3106350000.0
2017-03-22,'603618,杭电股份,11.96,12.13,11.9,12.13,12.15,-0.19,-1.5638,2.0638,5432881,65089203.0,8215071739.68,3148470000.0
2017-03-21,'603618,杭电股份,12.15,12.23,12.12,12.16,12.16,-0.01,-0.0822,0.9785,2575976,31329298.0,8345578732.2,3198487500.0
2017-03-20,'603618,杭电股份,12.16,12.18,12.06,12.09,12.13,0.03,0.2473,1.1197,2947600,35688587.0,8352447521.28,3201120000.0
2017-03-17,'603618,杭电股份,12.13,12.34,12.1,12.28,12.28,-0.15,-1.2215,1.8934,4984300,60804395.0,8331841154.04,3193222500.0
2017-03-16,'603618,杭电股份,12.28,12.3,12.16,12.16,12.14,0.14,1.1532,1.4624,3849800,47165285.0,8434872990.24,3232710000.0
2017-03-15,'603618,杭电股份,12.14,12.23,12.11,12.21,12.23,-0.09,-0.7359,1.138,2995822,36423730.0,8338709943.12,3195855000.0
2017-03-14,'603618,杭电股份,12.23,12.39,12.2,12.26,12.29,-0.06,-0.4882,1.2792,3367598,41316791.0,8400529044.84,3219547500.0
2017-03-13,'603618,杭电股份,12.29,12.3,12.07,12.16,12.15,0.14,1.1523,1.6526,4350521,53012028.0,8441741779.32,3235342500.0
2017-03-10,'603618,杭电股份,12.15,12.37,12.13,12.32,12.32,-0.17,-1.3799,2.2275,5863859,71685424.0,8345578732.2,3198487500.0
2017-03-09,'603618,杭电股份,12.32,12.6,12.3,12.53,12.62,-0.3,-2.3772,1.9531,5141424,63692749.0,8462348146.56,3243240000.0
2017-03-08,'603618,杭电股份,12.62,12.75,12.5,12.59,12.59,0.03,0.2383,2.2427,5903924,74559920.0,8668411818.96,3322215000.0
2017-03-07,'603618,杭电股份,12.59,12.67,12.48,12.59,12.59,0.0,0.0,1.7003,4476068,56186556.0,8647805451.72,3314317500.0
2017-03-06,'603618,杭电股份,12.59,12.63,12.42,12.45,12.49,0.1,0.8006,2.0506,5398135,67761954.0,8647805451.72,3314317500.0
2017-03-03,'603618,杭电股份,12.49,12.55,12.21,12.21,12.3,0.19,1.5447,2.6503,6976871,86602126.0,8579117560.92,3287992500.0
2017-03-02,'603618,杭电股份,12.3,12.47,12.28,12.37,12.39,-0.09,-0.7264,1.921,5056999,62457465.0,8448610568.4,3237975000.0
2017-03-01,'603618,杭电股份,12.39,12.53,12.36,12.5,12.49,-0.1,-0.8006,1.7759,4675100,58103360.0,8510429670.12,3261667500.0
2017-02-28,'603618,杭电股份,12.49,12.59,12.4,12.43,12.49,0.0,0.0,1.3514,3557457,44297093.0,8579117560.92,3287992500.0
2017-02-27,'603618,杭电股份,12.49,12.86,12.46,12.75,12.57,-0.08,-0.6364,2.5002,6581900,83274843.0,8579117560.92,3287992500.0
2017-02-24,'603618,杭电股份,12.57,12.63,12.4,12.63,12.6,-0.03,-0.2381,2.3536,6195945,77285899.0,8634067873.56,3309052500.0
2017-02-23,'603618,杭电股份,12.6,12.8,12.48,12.55,12.5,0.1,0.8,3.4541,9092992,114932856.0,8654674240.8,3316950000.0
2017-02-22,'603618,杭电股份,12.5,12.54,12.38,12.49,12.45,0.05,0.4016,1.8898,4974900,61917506.0,8585986350.0,3290625000.0
2017-02-21,'603618,杭电股份,12.45,12.59,12.28,12.3,12.29,0.16,1.3019,2.6206,6898600,85945820.0,8551642404.6,3277462500.0
2017-02-20,'603618,杭电股份,12.29,12.36,12.11,12.29,12.25,0.04,0.3265,2.0413,5373802,65796874.0,8441741779.32,3235342500.0
2017-02-17,'603618,杭电股份,12.25,12.64,12.2,12.45,12.53,-0.28,-2.2346,3.5004,9214888,114224105.0,8414266623.0,3224812500.0
2017-02-16,'603618,杭电股份,12.53,12.97,11.98,11.98,11.99,0.54,4.5038,6.602,17379770,218033094.0,8606592717.24,3298522500.0
2017-02-15,'603618,杭电股份,11.99,12.24,11.89,12.24,12.25,-0.26,-2.1224,2.2677,5969708,72252006.0,8235678106.92,3156367500.0
2017-02-14,'603618,杭电股份,12.25,12.4,12.17,12.25,12.25,0.0,0.0,1.8183,4786600,58785788.0,8414266623.0,3224812500.0
2017-02-13,'603618,杭电股份,12.25,12.34,12.13,12.22,12.25,0.0,0.0,1.6132,4246708,51939044.0,8414266623.0,3224812500.0
2017-02-10,'603618,杭电股份,12.25,12.43,12.22,12.31,12.37,-0.12,-0.9701,2.081,5478300,67232896.0,8414266623.0,3224812500.0
2017-02-09,'603618,杭电股份,12.37,12.44,12.22,12.3,12.31,0.06,0.4874,2.5687,6762094,83487872.0,8496692091.96,3256402500.0
2017-02-08,'603618,杭电股份,12.31,12.34,12.11,12.25,12.32,-0.01,-0.0812,2.2857,6017012,73517796.0,8455479357.48,3240607500.0
2017-02-07,'603618,杭电股份,12.32,12.5,11.93,12.0,12.0,0.32,2.6667,4.0445,10647068,130949044.0,8462348146.56,3243240000.0
2017-02-06,'603618,杭电股份,12.0,12.0,11.74,11.87,11.88,0.12,1.0101,1.5156,3989820,47501327.0,8242546896.0,3159000000.0
2017-02-03,'603618,杭电股份,11.88,11.99,11.69,11.82,11.82,0.06,0.5076,1.1911,3135639,37167994.0,8160121427.04,3127410000.0
2017-01-26,'603618,杭电股份,11.82,11.82,11.62,11.62,11.71,0.11,0.9394,1.3997,3684685,43373594.0,8118908692.56,3111615000.0
2017-01-25,'603618,杭电股份,11.71,11.72,11.41,11.46,11.47,0.24,2.0924,1.8283,4812994,55929483.0,8043352012.68,3082657500.0
2017-01-24,'603618,杭电股份,11.47,11.59,11.45,11.47,11.46,0.01,0.0873,0.9924,2612576,30093108.0,7878501074.76,3019477500.0
2017-01-23,'603618,杭电股份,11.46,11.58,11.33,11.33,11.33,0.13,1.1474,1.0395,2736488,31400279.0,7871632285.68,3016845000.0
2017-01-20,'603618,杭电股份,11.33,11.39,11.18,11.19,11.23,0.1,0.8905,1.1722,3085806,34916449.0,7782338027.64,2982622500.0
2017-01-19,'603618,杭电股份,11.23,11.34,11.05,11.16,11.2,0.03,0.2679,1.1159,2937524,32939344.0,7713650136.84,2956297500.0
2017-01-18,'603618,杭电股份,11.2,11.28,11.16,11.18,11.29,-0.09,-0.7972,0.8416,2215424,24828133.0,7693043769.6,2948400000.0
2017-01-17,'603618,杭电股份,11.29,11.36,10.86,11.14,11.24,0.05,0.4448,1.7429,4588058,51090153.0,7754862871.32,2972092500.0
2017-01-16,'603618,杭电股份,11.24,11.88,10.64,11.8,11.82,-0.58,-4.9069,2.8532,7511062,85020598.0,7720518925.92,2958930000.0
2017-01-13,'603618,杭电股份,11.82,12.08,11.8,11.97,11.97,-0.15,-1.2531,1.4824,3902469,46495201.0,8118908692.56,3111615000.0
2017-01-12,'603618,杭电股份,11.97,12.25,11.92,12.15,12.22,-0.25,-2.0458,1.9219,5059300,61182597.0,8221940528.76,3151102500.0
2017-01-11,'603618,杭电股份,12.22,12.5,12.2,12.39,12.42,-0.2,-1.6103,2.0041,5275761,64971163.0,8393660255.76,3216915000.0
2017-01-10,'603618,杭电股份,12.42,12.55,12.26,12.4,12.4,0.02,0.1613,2.398,6312671,78336648.0,8531036037.36,3269565000.0
2017-01-09,'603618,杭电股份,12.4,12.5,12.17,12.2,12.35,0.05,0.4049,2.0973,5521049,68185393.0,8517298459.2,3264300000.0
2017-01-06,'603618,杭电股份,12.35,12.86,12.13,12.26,12.28,0.07,0.57,4.0333,10617658,132532443.0,8482954513.8,3251137500.0
2017-01-05,'603618,杭电股份,12.28,12.44,12.21,12.25,12.26,0.02,0.1631,2.2387,5893390,72632794.0,8434872990.24,3232710000.0
2017-01-04,'603618,杭电股份,12.26,12.29,12.08,12.18,12.15,0.11,0.9053,2.3159,6096630,74297904.0,8421135412.08,3227445000.0
2017-01-03,'603618,杭电股份,12.15,12.2,12.08,12.15,12.07,0.08,0.6628,1.4157,3726824,45264660.0,8345578732.2,3198487500.0
2016-12-30,'603618,杭电股份,12.07,12.21,12.03,12.08,12.07,0.0,0.0,1.4143,3723200,45021481.0,8290628419.56,3177427500.0
2016-12-29,'603618,杭电股份,12.07,12.3,12.05,12.3,12.3,-0.23,-1.8699,2.9157,7675462,93328572.0,8290628419.56,3177427500.0
2016-12-28,'603618,杭电股份,12.3,12.72,11.72,11.82,11.82,0.48,4.0609,5.3642,14121195,172809445.0,8448610568.4,3237975000.0
2016-12-27,'603618,杭电股份,11.82,11.91,11.76,11.76,11.87,-0.05,-0.4212,1.0401,2738138,32401817.0,8118908692.56,3111615000.0
2016-12-26,'603618,杭电股份,11.87,11.96,11.54,11.9,11.99,-0.12,-1.0008,1.8226,4798011,56167737.0,8153252637.96,3124777500.0
2016-12-23,'603618,杭电股份,11.99,12.12,11.97,12.07,12.07,-0.08,-0.6628,1.3468,3545430,42699370.0,8235678106.92,3156367500.0
2016-12-22,'603618,杭电股份,12.07,12.16,12.01,12.16,12.14,-0.07,-0.5766,1.376,3622306,43696706.0,8290628419.56,3177427500.0
2016-12-21,'603618,杭电股份,12.14,12.2,12.04,12.06,12.04,0.1,0.8306,1.4583,3838913,46508977.0,8338709943.12,3195855000.0
2016-12-20,'603618,杭电股份,12.04,12.15,11.98,12.14,12.12,-0.08,-0.6601,1.3426,3534282,42483329.0,8270022052.32,3169530000.0
2016-12-19,'603618,杭电股份,12.12,12.21,12.07,12.18,12.12,0.0,0.0,1.4173,3731035,45273883.0,8324972364.96,3190590000.0
2016-12-16,'603618,杭电股份,12.12,12.16,12.02,12.13,12.06,0.06,0.4975,1.6396,4316265,52214000.0,8324972364.96,3190590000.0
2016-12-15,'603618,杭电股份,12.06,12.18,11.83,11.87,11.96,0.1,0.8361,1.8456,4858655,58602851.0,8283759630.48,3174795000.0
2016-12-14,'603618,杭电股份,11.96,12.34,11.92,12.1,12.09,-0.13,-1.0753,1.9468,5124860,62019071.0,8215071739.68,3148470000.0
2016-12-13,'603618,杭电股份,12.09,12.19,11.86,12.04,12.1,-0.01,-0.0826,2.5164,6624364,79708832.0,8304365997.72,3182692500.0
2016-12-12,'603618,杭电股份,12.1,13.26,12.01,13.26,13.26,-1.16,-8.7481,4.6704,12294779,155044919.0,8311234786.8,3185325000.0
2016-12-09,'603618,杭电股份,13.26,13.42,13.22,13.41,13.41,-0.15,-1.1186,2.1563,5676494,75502763.0,9108014320.08,3490695000.0
2016-12-08,'603618,杭电股份,13.41,13.5,13.34,13.45,13.45,-0.04,-0.2974,1.683,4430500,59395856.0,9211046156.28,3530182500.0
2016-12-07,'603618,杭电股份,13.45,13.48,13.3,13.47,13.47,-0.02,-0.1485,1.994,5249158,70229244.0,9238521312.6,3540712500.0
2016-12-06,'603618,杭电股份,13.47,13.64,13.42,13.53,13.53,-0.06,-0.4435,1.9255,5069000,68287514.0,9252258890.76,3545977500.0
2016-12-05,'603618,杭电股份,13.53,13.83,13.28,13.36,13.37,0.16,1.1967,3.803,10011486,135916203.0,9293471625.24,3561772500.0
2016-12-02,'603618,杭电股份,13.37,13.65,13.35,13.38,13.42,-0.05,-0.3726,3.0862,8124538,109604959.0,9183570999.96,3519652500.0
2016-12-01,'603618,杭电股份,13.42,13.5,13.33,13.43,13.43,-0.01,-0.0745,1.9124,5034443,67505411.0,9217914945.36,3532815000.0
2016-11-30,'603618,杭电股份,13.43,13.48,13.28,13.31,13.38,0.05,0.3737,1.9114,5031761,67352307.0,9224783734.44,3535447500.0
2016-11-29,'603618,杭电股份,13.38,13.67,13.36,13.61,13.67,-0.29,-2.1214,3.1597,8318000,112041310.0,9190439789.04,3522285000.0
2016-11-28,'603618,杭电股份,13.67,13.8,13.61,13.69,13.69,-0.02,-0.1461,2.0545,5408500,74025059.0,9389634672.36,3598627500.0
2016-11-25,'603618,杭电股份,13.69,13.71,13.3,13.56,13.67,0.02,0.1463,3.2488,8552478,115465195.0,9403372250.52,3603892500.0
2016-11-24,'603618,杭电股份,13.67,13.98,13.65,13.89,13.89,-0.22,-1.5839,3.5913,9454145,130350471.0,9389634672.36,3598627500.0
2016-11-23,'603618,杭电股份,13.89,14.16,13.85,14.16,14.18,-0.29,-2.0451,4.7941,12620566,176705470.0,9540748032.12,3656542500.0
2016-11-22,'603618,杭电股份,14.18,14.34,13.86,13.93,13.93,0.25,1.7947,6.8074,17920525,253842697.0,9739942915.44,3732885000.0
2016-11-21,'603618,杭电股份,13.93,14.08,13.83,13.88,13.92,0.01,0.0718,3.4704,9135883,127105431.0,9568223188.44,3667072500.0
2016-11-18,'603618,杭电股份,13.92,14.19,13.85,14.05,14.02,-0.1,-0.7133,5.6098,14767748,206616936.0,9561354399.36,3664440000.0
2016-11-17,'603618,杭电股份,14.02,14.22,13.9,14.22,14.34,-0.32,-2.2315,7.5599,19901344,279407406.0,9630042290.16,3690765000.0
2016-11-16,'603618,杭电股份,14.34,14.74,13.67,13.73,13.64,0.7,5.132,16.7324,44048145,630164604.0,9849843540.72,3775005000.0
2016-11-15,'603618,杭电股份,13.64,13.65,13.47,13.62,13.59,0.05,0.3679,3.0144,7935415,107638528.0,9369028305.12,3590730000.0
2016-11-14,'603618,杭电股份,13.59,13.69,13.45,13.5,13.5,0.09,0.6667,3.6364,9572780,130055739.0,9334684359.72,3577567500.0
2016-11-11,'603618,杭电股份,13.5,13.51,13.32,13.48,13.45,0.05,0.3717,3.3884,8920029,119571460.0,9272865258.0,3553875000.0
2016-11-10,'603618,杭电股份,13.45,13.54,13.41,13.43,13.3,0.15,1.1278,2.8139,7407607,99722979.0,9238521312.6,3540712500.0
2016-11-09,'603618,杭电股份,13.3,13.56,13.22,13.51,13.51,-0.21,-1.5544,3.4907,9189189,122971257.0,9135489476.4,3501225000.0
2016-11-08,'603618,杭电股份,13.51,13.66,13.45,13.47,13.46,0.05,0.3715,2.8415,7480315,101228548.0,9279734047.08,3556507500.0
2016-11-07,'603618,杭电股份,13.46,13.78,13.36,13.72,13.81,-0.35,-2.5344,7.6935,20253269,273301562.0,9245390101.68,3543345000.0
2016-11-04,'603618,杭电股份,13.81,13.99,13.77,13.92,13.92,-0.11,-0.7902,2.7986,7367290,102008243.0,9485797719.48,3635482500.0
2016-11-03,'603618,杭电股份,13.92,14.04,13.75,13.91,13.99,-0.07,-0.5004,4.6884,12342091,171411515.0,9561354399.36,3664440000.0
2016-11-02,'603618,杭电股份,13.99,14.2,13.9,14.13,14.27,-0.28,-1.9622,5.6841,14963417,210097071.0,9609435922.92,3682867500.0
2016-11-01,'603618,杭电股份,14.27,14.45,13.52,13.52,13.56,0.71,5.236,9.7267,25605622,363259305.0,9801762017.16,3756577500.0
2016-10-31,'603618,杭电股份,13.56,13.7,13.5,13.7,13.73,-0.17,-1.2382,2.3167,6098660,82758234.0,9314077992.48,3569670000.0
2016-10-28,'603618,杭电股份,13.73,13.96,13.71,13.87,13.95,-0.22,-1.5771,2.933,7721082,106435322.0,9430847406.84,3614422500.0
2016-10-27,'603618,杭电股份,13.95,13.97,13.76,13.78,13.88,0.07,0.5043,3.0902,8135056,112699771.0,9581960766.6,3672337500.0
2016-10-26,'603618,杭电股份,13.88,14.21,13.8,14.2,14.16,-0.28,-1.9774,5.1364,13521451,188562041.0,9533879243.04,3653910000.0
2016-10-25,'603618,杭电股份,14.16,14.23,14.09,14.17,14.17,-0.01,-0.0706,2.9141,7671399,108533237.0,9726205337.28,3727620000.0
2016-10-24,'603618,杭电股份,14.17,14.21,14.02,14.15,14.15,0.02,0.1413,3.2744,8619789,121883012.0,9733074126.36,3730252500.0
2016-10-21,'603618,杭电股份,14.15,14.38,14.06,14.28,14.26,-0.11,-0.7714,3.4571,9100762,129213647.0,9719336548.2,3724987500.0
2016-10-20,'603618,杭电股份,14.26,14.27,14.11,14.16,14.17,0.09,0.6351,3.2852,8648300,122878018.0,9794893228.08,3753945000.0
2016-10-19,'603618,杭电股份,14.17,14.38,14.09,14.28,14.24,-0.07,-0.4916,2.9966,7888621,112171054.0,9733074126.36,3730252500.0
2016-10-18,'603618,杭电股份,14.24,14.25,14.0,14.0,14.06,0.18,1.2802,3.2703,8609010,121847158.0,9781155649.92,3748680000.0
2016-10-17,'603618,杭电股份,14.06,14.27,14.0,14.19,14.19,-0.13,-0.9161,2.8763,7571912,106965099.0,9657517446.48,3701295000.0
2016-10-14,'603618,杭电股份,14.19,14.51,14.07,14.43,14.41,-0.22,-1.5267,3.0979,8155247,115923733.0,9746811704.52,3735517500.0
2016-10-13,'603618,杭电股份,14.41,14.57,14.3,14.5,14.57,-0.16,-1.0981,3.4766,9152072,131957584.0,9897925064.28,3793432500.0
2016-10-12,'603618,杭电股份,14.57,14.69,14.16,14.26,14.34,0.23,1.6039,5.5555,14624898,212226843.0,10007825689.6,3835552500.0
2016-10-11,'603618,杭电股份,14.34,14.36,14.15,14.25,14.25,0.09,0.6316,3.6542,9619575,137142054.0,9849843540.72,3775005000.0
2016-10-10,'603618,杭电股份,14.25,14.26,14.03,14.15,13.95,0.3,2.1505,3.1327,8246831,116856160.0,9788024439.0,3751312500.0
2016-09-30,'603618,杭电股份,13.95,13.99,13.85,13.98,13.98,-0.03,-0.2146,2.2332,5878928,81794527.0,9581960766.6,3672337500.0
2016-09-29,'603618,杭电股份,13.98,14.25,13.95,14.15,14.13,-0.15,-1.0616,2.6179,6891593,96955379.0,9602567133.84,3680235000.0
2016-09-28,'603618,杭电股份,14.13,14.29,14.04,14.14,14.18,-0.05,-0.3526,2.419,6368022,90215675.0,9705598970.04,3719722500.0
2016-09-27,'603618,杭电股份,14.18,14.18,13.92,13.99,14.0,0.18,1.2857,3.5129,9247578,129986177.0,9739942915.44,3732885000.0
2016-09-26,'603618,杭电股份,14.0,14.8,13.96,14.61,14.87,-0.87,-5.8507,6.7168,17681900,253277536.0,9616304712.0,3685500000.0
2016-09-23,'603618,杭电股份,14.87,15.3,14.85,15.26,15.25,-0.38,-2.4918,5.9619,15694760,234816059.0,10213889362.0,3914527500.0
2016-09-22,'603618,杭电股份,15.25,15.36,15.15,15.29,15.22,0.03,0.1971,4.509,11869963,181172497.0,10474903347.0,4014562500.0
2016-09-21,'603618,杭电股份,15.22,15.44,15.16,15.3,15.42,-0.2,-1.297,4.8111,12665108,193107319.0,10454296979.8,4006665000.0
2016-09-20,'603618,杭电股份,15.42,15.76,15.3,15.38,15.5,-0.08,-0.5161,6.762,17801032,275386176.0,10591672761.4,4059315000.0
2016-09-19,'603618,杭电股份,15.5,15.83,15.19,15.31,15.31,0.19,1.241,8.3492,21979354,340489963.0,10646623074.0,4080375000.0
2016-09-14,'603618,杭电股份,15.31,15.95,15.24,15.81,16.09,-0.78,-4.8477,12.0683,31769888,492123830.0,10516116081.5,4030357500.0
2016-09-13,'603618,杭电股份,16.09,16.28,14.89,14.9,14.82,1.27,8.5695,19.5819,51549360,811919932.0,11051881629.7,4235692500.0
2016-09-12,'603618,杭电股份,14.82,15.31,14.8,14.95,15.45,-0.63,-4.0777,7.143,18804079,281992079.0,10179545416.6,3901365000.0
2016-09-09,'603618,杭电股份,15.45,15.84,15.15,15.15,15.21,0.24,1.5779,11.5162,30316503,472582301.0,10612279128.6,4067212500.0
2016-09-08,'603618,杭电股份,15.21,15.51,15.11,15.3,15.49,-0.28,-1.8076,5.8368,15365368,234033413.0,10447428190.7,4004032500.0
2016-09-07,'603618,杭电股份,15.49,15.8,15.3,15.3,15.14,0.35,2.3118,10.5844,27863400,433885232.0,10639754284.9,4077742500.0
2016-09-06,'603618,杭电股份,15.14,15.2,14.68,15.15,15.12,0.02,0.1323,7.1653,18862715,281267518.0,9690357000.0,3985605000.0
2016-09-05,'603618,杭电股份,15.12,15.54,15.06,15.28,15.24,-0.12,-0.7874,5.2044,13700600,208913445.0,9677556000.0,3980340000.0
2016-09-02,'603618,杭电股份,15.24,15.59,15.2,15.4,15.67,-0.43,-2.7441,7.1733,18883647,289772010.0,9754362000.0,4011930000.0
2016-09-01,'603618,杭电股份,15.67,16.09,15.59,15.79,15.91,-0.24,-1.5085,10.0271,26396465,418500951.0,10029583500.0,4125127500.0
2016-08-31,'603618,杭电股份,15.91,16.1,15.09,15.6,15.61,0.3,1.9218,11.2374,29582491,460495288.0,10183195500.0,4188307500.0
2016-08-30,'603618,杭电股份,15.61,15.88,15.54,15.72,15.74,-0.13,-0.8259,4.8984,12894936,201858623.0,9991180500.0,4109332500.0
2016-08-29,'603618,杭电股份,15.74,15.86,15.34,15.48,15.53,0.21,1.3522,6.8275,17973402,282771825.0,10074387000.0,4143555000.0
2016-08-26,'603618,杭电股份,15.53,15.89,15.4,15.5,15.4,0.13,0.8442,8.3432,21963406,344026089.0,9939976500.0,4088272500.0
2016-08-25,'603618,杭电股份,15.4,15.54,15.18,15.54,15.74,-0.34,-2.1601,8.0336,21148518,324807564.0,9856770000.0,4054050000.0
2016-08-24,'603618,杭电股份,15.74,16.18,15.59,16.01,16.08,-0.34,-2.1144,10.1378,26687764,421193804.0,10074387000.0,4143555000.0
2016-08-23,'603618,杭电股份,16.08,16.43,15.85,16.11,16.12,-0.04,-0.2481,9.3475,24607200,396707641.0,10292004000.0,4233060000.0
2016-08-22,'603618,杭电股份,16.12,16.89,16.09,16.7,16.82,-0.7,-4.1617,14.3482,37771649,619135308.0,10317606000.0,4243590000.0
2016-08-19,'603618,杭电股份,16.82,17.34,16.71,16.79,17.03,-0.21,-1.2331,14.2558,37528354,637912538.0,10765641000.0,4427865000.0
2016-08-18,'603618,杭电股份,17.03,17.66,16.8,16.81,16.97,0.06,0.3536,20.2143,53214149,918426180.0,10900051500.0,4483147500.0
2016-08-17,'603618,杭电股份,16.97,17.17,16.38,16.83,17.01,-0.04,-0.2352,18.2071,47930321,803596708.0,10861648500.0,4467352500.0
2016-08-16,'603618,杭电股份,17.01,17.36,16.58,16.7,16.93,0.08,0.4725,21.2105,55836742,950160583.0,10887250500.0,4477882500.0
2016-08-15,'603618,杭电股份,16.93,17.6,16.2,16.32,16.49,0.44,2.6683,26.1041,68718933,1166773053.0,10836046500.0,4456822500.0
2016-08-12,'603618,杭电股份,16.49,16.79,16.02,16.17,16.53,-0.04,-0.242,19.3634,50974169,834547976.0,10554424500.0,4340992500.0
2016-08-11,'603618,杭电股份,16.53,17.4,15.72,16.02,16.2,0.33,2.037,34.2387,90133495,1494770875.0,10580026500.0,4351522500.0
2016-08-10,'603618,杭电股份,16.2,16.78,16.13,16.77,16.59,-0.39,-2.3508,23.8898,62889845,1027777904.0,10368810000.0,4264650000.0
2016-08-09,'603618,杭电股份,16.59,16.59,14.9,15.0,15.08,1.51,10.0133,28.2426,74348642,1194401648.0,10618429500.0,4367317500.0
2016-08-08,'603618,杭电股份,15.08,15.68,14.83,15.32,15.71,-0.63,-4.0102,16.7857,44188438,669521767.0,9651954000.0,3969810000.0
2016-08-05,'603618,杭电股份,15.71,16.19,15.23,15.6,15.71,0.0,0.0,18.5481,48827875,769104553.0,10055185500.0,4135657500.0
2016-08-04,'603618,杭电股份,15.71,16.49,15.58,15.67,15.99,-0.28,-1.7511,20.3966,53693932,854699637.0,10055185500.0,4135657500.0
2016-08-03,'603618,杭电股份,15.99,16.72,15.2,15.42,15.72,0.27,1.7176,27.7723,73110590,1170204290.0,10234399500.0,4209367500.0
2016-08-02,'603618,杭电股份,15.72,16.12,14.32,14.75,14.68,1.04,7.0845,24.7438,65138083,1001206180.0,10061586000.0,4138290000.0
2016-08-01,'603618,杭电股份,14.68,15.2,14.07,15.2,15.59,-0.91,-5.8371,16.9032,44497597,656715842.0,9395934000.0,3864510000.0
2016-07-29,'603618,杭电股份,15.59,15.99,14.78,14.99,14.99,0.6,4.0027,29.919,78761754,1215808510.0,9978379500.0,4104067500.0
2016-07-28,'603618,杭电股份,14.99,14.99,13.4,13.58,13.63,1.36,9.978,21.3027,56079387,793786365.0,9594349500.0,3946117500.0
2016-07-27,'603618,杭电股份,13.63,14.84,13.5,14.6,14.98,-1.35,-9.012,21.5791,56807046,801109912.0,8723881500.0,3588097500.0
2016-07-26,'603618,杭电股份,14.98,15.15,14.5,15.15,15.15,-0.17,-1.1221,23.5131,61898108,919054667.0,9587949000.0,3943485000.0
2016-07-25,'603618,杭电股份,15.15,15.15,13.43,13.5,13.77,1.38,10.0218,30.3575,79916056,1185578348.0,9696757500.0,3988237500.0
2016-07-22,'603618,杭电股份,13.77,13.99,13.14,13.44,13.35,0.42,3.1461,24.1481,63569870,863348250.0,8813488500.0,3624952500.0
2016-07-21,'603618,杭电股份,13.35,13.35,12.05,12.12,12.14,1.21,9.9671,21.43,56414515,733011357.0,8544667500.0,3514387500.0
2016-07-20,'603618,杭电股份,12.14,12.21,12.07,12.07,12.14,0.0,0.0,3.4714,9138479,111006842.0,7770207000.0,3195855000.0
2016-07-19,'603618,杭电股份,12.14,12.22,11.95,12.2,12.14,0.0,0.0,4.93,12978161,156415332.0,7770207000.0,3195855000.0
2016-07-18,'603618,杭电股份,12.14,12.44,12.09,12.1,12.26,-0.12,-0.9788,5.3211,14007828,171815898.0,7770207000.0,3195855000.0
2016-07-15,'603618,杭电股份,12.26,12.48,12.21,12.35,12.44,-0.18,-1.4469,3.7831,9958989,122717389.0,7847013000.0,3227445000.0
2016-07-14,'603618,杭电股份,12.44,12.61,12.29,12.49,12.48,-0.04,-0.3205,5.0187,13211683,163972462.0,7962222000.0,3274830000.0
2016-07-13,'603618,杭电股份,12.48,12.66,12.39,12.41,12.47,0.01,0.0802,6.1128,16091939,201433820.0,7987824000.0,3285360000.0
2016-07-12,'603618,杭电股份,12.47,12.57,12.04,12.46,12.46,0.01,0.0803,6.9354,18257538,225041815.0,7981423500.0,3282727500.0
2016-07-11,'603618,杭电股份,12.46,12.95,12.41,12.6,12.57,-0.11,-0.8751,10.4089,27401336,347994231.0,7975023000.0,3280095000.0
2016-07-08,'603618,杭电股份,12.57,12.85,11.97,12.05,12.0,0.57,4.75,14.6791,38642682,481030096.0,8045428500.0,3309052500.0
2016-07-07,'603618,杭电股份,12.0,12.22,11.86,12.22,12.18,-0.18,-1.4778,5.9204,15585557,187226327.0,7680600000.0,3159000000.0
2016-07-06,'603618,杭电股份,12.18,12.21,11.9,11.96,11.98,0.2,1.6694,7.448,19606902,236999890.0,7795809000.0,3206385000.0
2016-07-05,'603618,杭电股份,11.98,12.11,11.88,12.1,12.05,-0.07,-0.5809,4.6781,12315100,147594181.0,7667799000.0,3153735000.0
2016-07-04,'603618,杭电股份,12.05,12.09,11.66,11.69,11.88,0.17,1.431,5.807,15286814,182980357.0,7712602500.0,3172162500.0
2016-07-01,'603618,杭电股份,11.88,12.15,11.79,12.07,12.05,-0.17,-1.4108,5.1474,13550484,161571965.0,7603794000.0,3127410000.0
2016-06-30,'603618,杭电股份,12.05,12.08,11.73,11.87,11.83,0.22,1.8597,6.5705,17296807,205669044.0,7712602500.0,3172162500.0
2016-06-29,'603618,杭电股份,11.83,11.98,11.78,11.9,11.88,-0.05,-0.4209,5.2286,13764303,163292876.0,7571791500.0,3114247500.0
2016-06-28,'603618,杭电股份,11.88,11.89,11.51,11.61,11.7,0.18,1.5385,6.7431,17751330,208499444.0,7603794000.0,3127410000.0
2016-06-27,'603618,杭电股份,11.7,11.73,11.22,11.22,11.51,0.19,1.6507,4.6123,12141826,140674841.0,7488585000.0,3080025000.0
2016-06-24,'603618,杭电股份,11.51,11.99,11.0,11.9,11.92,-0.41,-3.4396,7.7065,20287297,234630959.0,7366975500.0,3030007500.0
2016-06-23,'603618,杭电股份,11.92,12.35,11.77,11.84,11.98,-0.06,-0.5008,8.2958,21838761,262435625.0,7629396000.0,3137940000.0
2016-06-22,'603618,杭电股份,11.98,12.14,11.51,11.61,11.75,0.23,1.9574,9.788,25766965,306026611.0,7667799000.0,3153735000.0
2016-06-21,'603618,杭电股份,11.75,12.0,11.22,11.22,11.23,0.52,4.6305,12.0526,31728572,371159486.0,7520587500.0,3093187500.0
2016-06-20,'603618,杭电股份,11.23,11.45,10.93,11.02,11.11,0.12,1.0801,4.1433,10907258,122330123.0,7187761500.0,2956297500.0
2016-06-17,'603618,杭电股份,11.11,11.36,11.03,11.12,11.08,0.03,0.2708,4.0377,10629176,118960184.0,7110955500.0,2924707500.0
2016-06-16,'603618,杭电股份,11.08,11.27,11.01,11.2,11.27,-0.19,-1.6859,4.3196,11371472,126456469.0,7091754000.0,2916810000.0
2016-06-15,'603618,杭电股份,11.27,11.45,10.55,10.7,10.81,0.46,4.2553,6.3471,16708678,185746865.0,7213363500.0,2966827500.0
2016-06-14,'603618,杭电股份,10.81,11.0,10.71,10.76,10.82,-0.01,-0.0924,3.586,9440125,102012835.0,6918940500.0,2845732500.0
2016-06-13,'603618,杭电股份,10.82,11.59,10.78,11.5,11.72,-0.9,-7.6792,5.8648,15438982,173343750.0,6925341000.0,2848365000.0
2016-06-08,'603618,杭电股份,11.72,11.97,11.62,11.97,11.98,-0.26,-2.1703,4.7505,12505790,146971091.0,7501386000.0,3085290000.0
2016-06-07,'603618,杭电股份,11.98,12.2,11.88,12.2,12.23,-0.25,-2.0442,7.1088,18713813,223914194.0,7667799000.0,3153735000.0
2016-06-06,'603618,杭电股份,12.23,12.34,12.03,12.16,12.07,0.16,1.3256,5.7065,15022259,183289342.0,7827811500.0,3219547500.0
2016-06-03,'603618,杭电股份,12.07,12.32,12.0,12.21,12.2,-0.13,-1.0656,5.9944,15780242,190728085.0,7725403500.0,3177427500.0
2016-06-02,'603618,杭电股份,12.2,12.39,11.76,11.88,11.97,0.23,1.9215,7.8465,20655908,250999244.0,7808610000.0,3211650000.0
2016-06-01,'603618,杭电股份,11.97,12.54,11.51,11.61,11.6,0.37,3.1897,10.4969,27633084,333590691.0,7661398500.0,3151102500.0
2016-05-31,'603618,杭电股份,11.6,11.68,11.12,11.12,11.12,0.48,4.3165,7.4703,19665584,225521580.0,7424580000.0,3053700000.0
2016-05-30,'603618,杭电股份,11.12,11.27,11.02,11.2,11.34,-0.22,-1.94,3.3823,8903790,99206571.0,7117356000.0,2927340000.0
2016-05-27,'603618,杭电股份,11.34,11.62,11.3,11.56,11.71,-0.37,-3.1597,6.3368,16681502,191106158.0,7258167000.0,2985255000.0
2016-05-26,'603618,杭电股份,11.71,11.98,11.08,11.09,11.02,0.69,6.2613,10.0841,26546462,303110016.0,7494985500.0,3082657500.0
2016-05-25,'603618,杭电股份,11.02,11.25,10.95,11.19,11.04,-0.02,-0.1812,3.3552,8832526,98127703.0,7053351000.0,2901015000.0
2016-05-24,'603618,杭电股份,11.04,11.22,10.94,11.11,11.25,-0.21,-1.8667,3.5318,9297582,103057865.0,7066152000.0,2906280000.0
2016-05-23,'603618,杭电股份,11.25,11.32,11.05,11.1,11.14,0.11,0.9874,4.6621,12272894,137742203.0,7200562500.0,2961562500.0
2016-05-20,'603618,杭电股份,11.14,11.18,10.7,10.92,11.05,0.09,0.8145,4.0118,10561099,116263155.0,7130157000.0,2932605000.0
2016-05-19,'603618,杭电股份,11.05,11.25,10.95,11.0,10.93,0.12,1.0979,4.4367,11679535,129982176.0,7072552500.0,2908912500.0
2016-05-18,'603618,杭电股份,10.93,11.39,10.8,11.33,11.53,-0.6,-5.2038,5.285,13912673,154007034.0,6995746500.0,2877322500.0
2016-05-17,'603618,杭电股份,11.53,11.65,11.37,11.58,11.6,-0.07,-0.6034,4.6991,12370469,142557970.0,7379776500.0,3035272500.0
2016-05-16,'603618,杭电股份,11.6,11.6,11.27,11.27,11.41,0.19,1.6652,4.0297,10608303,121884752.0,7424580000.0,3053700000.0
2016-05-13,'603618,杭电股份,11.41,11.67,11.21,11.43,11.53,-0.12,-1.0408,3.8072,10022340,114750499.0,7302970500.0,3003682500.0
2016-05-12,'603618,杭电股份,11.53,11.8,11.2,11.8,11.84,-0.31,-2.6182,5.5336,14567119,166326696.0,7379776500.0,3035272500.0
2016-05-11,'603618,杭电股份,11.84,12.24,11.7,12.15,12.06,-0.22,-1.8242,4.3092,11343992,135352644.0,7578192000.0,3116880000.0
2016-05-10,'603618,杭电股份,12.06,12.11,11.8,11.91,11.87,0.19,1.6007,4.6585,12263594,146722160.0,7719003000.0,3174795000.0
2016-05-09,'603618,杭电股份,11.87,12.9,11.75,12.9,13.02,-1.15,-8.8326,7.4942,19728442,240050254.0,7597393500.0,3124777500.0
2016-05-06,'603618,杭电股份,13.02,13.87,13.0,13.71,13.78,-0.76,-5.5152,9.4484,24872936,332837132.0,8333451000.0,3427515000.0
2016-05-05,'603618,杭电股份,13.78,13.9,13.31,13.5,13.57,0.21,1.5475,9.6929,25516650,347513689.0,8819889000.0,3627585000.0
2016-05-04,'603618,杭电股份,13.57,13.99,13.28,13.4,13.46,0.11,0.8172,10.614,27941450,382682640.0,8685478500.0,3572302500.0
2016-05-03,'603618,杭电股份,13.46,13.47,12.91,13.1,13.18,0.28,2.1244,8.3982,22108249,293840657.0,8615073000.0,3543345000.0
2016-04-29,'603618,杭电股份,13.18,13.48,13.13,13.38,13.54,-0.36,-2.6588,5.6096,14767402,196219126.0,8435859000.0,3469635000.0
2016-04-28,'603618,杭电股份,13.54,13.64,12.85,13.4,13.39,0.15,1.1202,9.6596,25428781,335993993.0,8666277000.0,3564405000.0
2016-04-27,'603618,杭电股份,13.39,13.7,13.28,13.69,13.79,-0.4,-2.9007,9.7426,25647522,344965232.0,8570269500.0,3524917500.0
2016-04-26,'603618,杭电股份,13.79,14.14,13.4,13.5,13.59,0.2,1.4717,13.6731,35994512,497057308.0,8826289500.0,3630217500.0
2016-04-25,'603618,杭电股份,13.59,13.76,13.0,13.5,14.08,-0.49,-3.4801,13.4871,35504867,475770935.0,8698279500.0,3577567500.0
2016-04-22,'603618,杭电股份,14.08,14.08,12.9,13.0,12.8,1.28,10.0,20.6787,54436680,749290689.0,9011904000.0,3706560000.0
2016-04-21,'603618,杭电股份,12.8,13.36,12.63,13.25,13.32,-0.52,-3.9039,10.2344,26941949,350926629.0,8192640000.0,3369600000.0
2016-04-20,'603618,杭电股份,13.32,14.87,13.29,14.83,14.77,-1.45,-9.8172,14.3082,37666458,522843371.0,8525466000.0,3506490000.0
2016-04-19,'603618,杭电股份,14.77,15.38,14.54,15.13,15.14,-0.37,-2.4439,11.1555,29366780,436969061.0,9453538500.0,3888202500.0
2016-04-18,'603618,杭电股份,0.0,0.0,0.0,0.0,15.14,None,None,0.0,0,0.0,9690357000.0,3985605000.0
2016-04-15,'603618,杭电股份,0.0,0.0,0.0,0.0,15.14,None,None,0.0,0,0.0,9690357000.0,3985605000.0
2016-04-14,'603618,杭电股份,0.0,0.0,0.0,0.0,15.14,None,None,0.0,0,0.0,9690357000.0,3985605000.0
2016-04-13,'603618,杭电股份,15.14,15.5,15.0,15.2,15.12,0.02,0.1323,16.0674,42297396,642731876.0,9690357000.0,3985605000.0
2016-04-12,'603618,杭电股份,15.12,15.9,14.8,15.66,15.94,-0.82,-5.1443,18.288,48143036,731072731.0,9677556000.0,3980340000.0
2016-04-11,'603618,杭电股份,15.94,16.39,15.65,16.3,16.26,-0.32,-1.968,19.24,50649222,806548835.0,10202397000.0,4196205000.0
2016-04-08,'603618,杭电股份,16.26,17.08,15.54,16.2,17.17,-0.91,-5.2999,26.0338,68533877,1098113568.0,10407213000.0,4280445000.0
2016-04-07,'603618,杭电股份,17.17,19.21,17.1,17.74,17.46,-0.29,-1.6609,43.8823,115520169,2091419520.0,10989658500.0,4520002500.0
2016-04-06,'603618,DR杭电股,17.46,17.46,16.17,16.51,15.87,1.59,10.0189,10.1076,26608315,457738910.0,11175273000.0,4596345000.0
2016-04-05,'603618,杭电股份,47.76,49.7,46.3,46.3,46.77,0.99,2.1167,28.8063,25277511,1206042417.0,10189596000.0,4190940000.0
2016-04-01,'603618,杭电股份,46.77,47.33,43.83,45.3,47.59,-0.82,-1.7231,26.54,23288874,1068935080.0,9978379500.0,4104067500.0
2016-03-31,'603618,杭电股份,47.59,47.59,44.63,47.59,43.26,4.33,10.0092,31.6408,27764822,1315457061.0,10153326500.0,4176022500.0
2016-03-30,'603618,杭电股份,43.26,43.26,41.2,41.32,39.33,3.93,9.9924,9.253,8119474,344594986.0,9229521000.0,3796065000.0
2016-03-29,'603618,杭电股份,39.33,41.96,38.1,41.78,42.15,-2.82,-6.6904,16.8618,14796248,590946781.0,8391055500.0,3451207500.0
2016-03-28,'603618,杭电股份,42.15,42.42,39.98,40.88,40.96,1.19,2.9053,12.4809,10951980,451370595.0,8992702500.0,3698662500.0
2016-03-25,'603618,杭电股份,40.96,41.5,39.0,40.22,40.0,0.96,2.4,14.1433,12410731,500299345.0,8738816000.0,3594240000.0
2016-03-24,'603618,杭电股份,40.0,42.63,37.55,38.0,38.85,1.15,2.9601,16.6396,14601244,585206966.0,8534000000.0,3510000000.0
2016-03-23,'603618,杭电股份,38.85,39.8,37.07,37.51,37.83,1.02,2.6963,16.1496,14171233,540025089.0,8288647500.0,3409087500.0
2016-03-22,'603618,杭电股份,37.83,38.91,34.45,34.6,35.37,2.46,6.955,20.4393,17935522,669490113.0,8071030500.0,3319582500.0
2016-03-21,'603618,杭电股份,35.37,35.55,32.65,33.68,33.13,2.24,6.7612,12.4655,10938501,369212068.0,7546189500.0,3103717500.0
2016-03-18,'603618,杭电股份,33.13,33.58,31.12,31.12,31.16,1.97,6.3222,13.7336,12051244,389353862.0,7068285500.0,2907157500.0
2016-03-17,'603618,杭电股份,31.16,31.48,29.0,29.3,28.98,2.18,7.5224,11.0136,9664453,290568213.0,6647986000.0,2734290000.0
2016-03-16,'603618,杭电股份,28.98,30.7,28.61,30.5,30.43,-1.45,-4.765,8.3729,7347208,216859947.0,6182883000.0,2542995000.0
2016-03-15,'603618,杭电股份,30.43,31.59,30.21,31.08,31.57,-1.14,-3.611,8.0995,7107290,219506513.0,6492240500.0,2670232500.0
2016-03-14,'603618,杭电股份,31.57,32.44,30.1,30.55,29.91,1.66,5.55,12.4184,10897184,339630308.0,6735459500.0,2770267500.0
2016-03-11,'603618,杭电股份,29.91,30.29,28.38,28.68,28.92,0.99,3.4232,9.5838,8409778,249431910.0,6381298500.0,2624602500.0
2016-03-10,'603618,杭电股份,28.92,29.89,27.35,27.5,27.31,1.61,5.8953,7.3075,6412294,184042929.0,6170082000.0,2537730000.0
2016-03-09,'603618,杭电股份,27.31,27.98,27.11,27.41,28.21,-0.9,-3.1904,3.0458,2672672,73429348.0,5826588500.0,2396452500.0
2016-03-08,'603618,杭电股份,28.21,28.8,27.0,28.65,28.93,-0.72,-2.4888,4.7305,4150973,115415248.0,6018603500.0,2475427500.0
2016-03-07,'603618,杭电股份,28.93,29.74,28.61,28.8,28.82,0.11,0.3817,4.9005,4300205,125431747.0,6172215500.0,2538607500.0
2016-03-04,'603618,杭电股份,28.82,30.83,28.0,30.3,30.27,-1.45,-4.7902,8.261,7249022,213237120.0,6148747000.0,2528955000.0
2016-03-03,'603618,杭电股份,30.27,31.43,28.8,29.28,29.7,0.57,1.9192,11.4558,10052485,304268393.0,6458104500.0,2656192500.0
2016-03-02,'603618,杭电股份,29.7,30.49,27.2,28.0,29.01,0.69,2.3785,13.5558,11895239,342329638.0,6336495000.0,2606175000.0
2016-03-01,'603618,杭电股份,29.01,29.88,27.65,27.86,27.57,1.44,5.2231,14.5652,12780932,367211512.0,6189283500.0,2545627500.0
2016-02-29,'603618,杭电股份,27.57,28.18,25.66,27.03,27.62,-0.05,-0.181,4.8879,4289106,114212812.0,5882059500.0,2419267500.0
2016-02-26,'603618,杭电股份,27.62,27.68,25.5,25.69,25.69,1.93,7.5127,5.4237,4759336,126908054.0,5892727000.0,2423655000.0
2016-02-25,'603618,杭电股份,25.69,27.69,25.09,27.69,27.88,-2.19,-7.8551,5.7806,5072444,132928696.0,5480961500.0,2254297500.0
2016-02-24,'603618,杭电股份,27.88,28.26,25.48,25.59,25.69,2.19,8.5247,8.4606,7424174,202044455.0,5948198000.0,2446470000.0
2016-02-23,'603618,杭电股份,25.69,25.88,25.01,25.45,25.38,0.31,1.2214,3.3976,2981388,75912571.0,5480961500.0,2254297500.0
2016-02-22,'603618,杭电股份,25.38,25.49,24.45,24.6,24.13,1.25,5.1803,3.8117,3344761,84073864.0,5414823000.0,2227095000.0
2016-02-19,'603618,杭电股份,24.13,24.25,23.85,23.9,24.12,0.01,0.0415,2.2407,1966196,47286500.0,5148135500.0,2117407500.0
2016-02-18,'603618,杭电股份,24.12,24.66,24.0,24.55,24.36,-0.24,-0.9852,2.7554,2417874,58708701.0,5146002000.0,2116530000.0
2016-02-17,'603618,杭电股份,24.36,24.68,23.8,24.16,24.14,0.22,0.9114,2.3768,2085669,50649075.0,5197206000.0,2137590000.0
2016-02-16,'603618,杭电股份,24.14,24.26,23.22,23.28,23.18,0.96,4.1415,3.3423,1783125,42701883.0,5150269000.0,1287869000.0
2016-02-15,'603618,杭电股份,23.18,23.47,22.35,22.55,23.7,-0.52,-2.1941,2.9751,1587213,36503280.0,4945453000.0,1236653000.0
2016-02-05,'603618,杭电股份,23.7,24.31,23.42,23.42,23.37,0.33,1.4121,3.2964,1758610,41933231.0,5056395000.0,1264395000.0
2016-02-04,'603618,杭电股份,23.37,23.6,22.67,22.67,22.69,0.68,2.9969,3.6139,1928041,44717795.0,4985989500.0,1246789500.0
2016-02-03,'603618,杭电股份,22.69,22.81,21.94,22.15,22.48,0.21,0.9342,2.5467,1358667,30309070.0,4840911500.0,1210511500.0
2016-02-02,'603618,杭电股份,22.48,22.72,21.58,21.7,21.52,0.96,4.461,2.9489,1573250,35167829.0,4796108000.0,1199308000.0
2016-02-01,'603618,杭电股份,21.52,22.02,21.0,21.6,21.51,0.01,0.0465,2.789,1487909,32168127.0,4591292000.0,1148092000.0
2016-01-29,'603618,杭电股份,21.51,21.74,20.26,20.26,20.45,1.06,5.1834,3.1715,1691993,35828732.0,4589158500.0,1147558500.0
2016-01-28,'603618,杭电股份,20.45,22.2,20.36,21.96,22.33,-1.88,-8.4192,3.0227,1612611,34550784.0,4363007500.0,1091007500.0
2016-01-27,'603618,杭电股份,22.33,22.96,20.99,22.55,22.48,-0.15,-0.6673,4.2228,2252843,49586817.0,4764105500.0,1191305500.0
2016-01-26,'603618,杭电股份,22.48,24.46,22.31,24.36,24.71,-2.23,-9.0247,4.1996,2240500,52747374.0,4796108000.0,1199308000.0
2016-01-25,'603618,杭电股份,24.71,24.92,24.21,24.3,24.08,0.63,2.6163,3.3777,1802027,44425378.0,5271878500.0,1318278500.0
2016-01-22,'603618,杭电股份,24.08,24.19,23.24,23.99,23.22,0.86,3.7037,3.5251,1880665,44858235.0,5137468000.0,1284668000.0
2016-01-21,'603618,杭电股份,23.22,25.19,23.05,24.46,24.98,-1.76,-7.0456,4.3035,2295920,56325750.0,4953987000.0,1238787000.0
2016-01-20,'603618,杭电股份,24.98,25.38,24.24,24.49,24.5,0.48,1.9592,5.2705,2811795,69805776.0,5329483000.0,1332683000.0
2016-01-19,'603618,杭电股份,24.5,24.59,23.3,23.55,23.5,1.0,4.2553,4.2396,2261816,54486539.0,5227075000.0,1307075000.0
2016-01-18,'603618,杭电股份,23.5,23.8,22.03,22.03,22.85,0.65,2.8446,3.8219,2039009,47275637.0,5013725000.0,1253725000.0
2016-01-15,'603618,杭电股份,22.85,24.54,22.5,24.43,24.55,-1.7,-6.9246,4.5449,2424682,57597301.0,4875047500.0,1219047500.0
2016-01-14,'603618,杭电股份,24.55,24.65,22.35,22.52,23.64,0.91,3.8494,4.8594,2592503,62055884.0,5237742500.0,1309742500.0
2016-01-13,'603618,杭电股份,23.64,24.78,23.6,24.3,24.08,-0.44,-1.8272,4.5779,2442332,59510724.0,5043594000.0,1261194000.0
2016-01-12,'603618,杭电股份,24.08,24.53,23.58,24.2,24.05,0.03,0.1247,4.1055,2190275,52845716.0,5137468000.0,1284668000.0
2016-01-11,'603618,杭电股份,24.05,26.37,24.05,26.37,26.72,-2.67,-9.9925,5.6733,3026682,75794505.0,5131067500.0,1283067500.0
2016-01-08,'603618,杭电股份,26.72,28.35,25.0,27.26,26.57,0.15,0.5645,5.7605,3073221,82502982.0,5700712000.0,1425512000.0
2016-01-07,'603618,杭电股份,26.57,28.94,26.57,28.94,29.52,-2.95,-9.9932,1.2862,686200,18891973.0,5668709500.0,1417509500.0
2016-01-06,'603618,杭电股份,29.52,29.8,28.8,28.96,28.8,0.72,2.5,4.9301,2630182,77197494.0,6298092000.0,1574892000.0
2016-01-05,'603618,杭电股份,28.8,29.97,27.15,28.1,29.71,-0.91,-3.0629,6.8427,3650597,105170322.0,6144480000.0,1536480000.0
2016-01-04,'603618,杭电股份,29.71,32.98,29.71,32.85,33.01,-3.3,-9.997,6.2121,3314172,102976091.0,6338628500.0,1585028500.0
2015-12-31,'603618,杭电股份,33.01,34.29,33.0,34.08,34.03,-1.02,-2.9974,4.2468,2265677,76110319.0,7042683500.0,1761083500.0
2015-12-30,'603618,杭电股份,34.03,34.47,33.6,34.28,34.23,-0.2,-0.5843,5.1082,2725245,92588776.0,7260300500.0,1815500500.0
2015-12-29,'603618,杭电股份,34.23,34.28,33.1,33.15,33.31,0.92,2.7619,6.0105,3206594,107925704.0,7302970500.0,1826170500.0
2015-12-28,'603618,杭电股份,33.31,35.54,33.28,35.28,35.29,-1.98,-5.6107,11.1826,5965932,205135680.0,7106688500.0,1777088500.0
2015-12-25,'603618,杭电股份,35.29,36.2,35.11,35.4,36.5,-1.21,-3.3151,12.5635,6702621,238588669.0,7529121500.0,1882721500.0
2015-12-24,'603618,杭电股份,0.0,0.0,0.0,0.0,36.5,None,None,0.0,0,0.0,7787275000.0,1947275000.0
2015-12-23,'603618,杭电股份,36.5,38.29,36.33,38.29,34.81,1.69,4.8549,21.7546,11606082,436890941.0,7787275000.0,1947275000.0
2015-12-22,'603618,杭电股份,34.81,35.25,34.05,34.05,34.09,0.72,2.1121,6.0111,3206923,111337715.0,7426713500.0,1857113500.0
2015-12-21,'603618,杭电股份,34.09,34.55,33.5,33.8,34.05,0.04,0.1175,5.4625,2914237,98820029.0,7273101500.0,1818701500.0
2015-12-18,'603618,杭电股份,34.05,35.49,33.81,34.49,34.7,-0.65,-1.8732,8.3421,4450505,153950695.0,7264567500.0,1816567500.0
2015-12-17,'603618,杭电股份,34.7,34.8,33.3,33.3,32.96,1.74,5.2791,9.0649,4836131,164251854.0,7403245000.0,1851245000.0
2015-12-16,'603618,杭电股份,32.96,33.63,32.13,32.45,32.25,0.71,2.2016,7.0666,3770037,124048450.0,7032016000.0,1758416000.0
2015-12-15,'603618,杭电股份,32.25,32.76,31.89,31.94,31.88,0.37,1.1606,5.4566,2911112,94132366.0,6880537500.0,1720537500.0
2015-12-14,'603618,杭电股份,31.88,31.9,30.05,31.06,31.19,0.69,2.2122,5.7152,3049065,94166171.0,6801598000.0,1700798000.0
2015-12-11,'603618,杭电股份,31.19,31.97,30.81,31.0,31.36,-0.17,-0.5421,4.8833,2605246,81743617.0,6654386500.0,1663986500.0
2015-12-10,'603618,杭电股份,31.36,32.35,30.86,31.27,31.45,-0.09,-0.2862,8.4579,4512310,143713921.0,6690656000.0,1673056000.0
2015-12-09,'603618,杭电股份,31.45,33.9,31.27,33.9,34.23,-2.78,-8.1215,11.679,6230727,199857583.0,6709857500.0,1677857500.0
2015-12-08,'603618,杭电股份,0.0,0.0,0.0,0.0,34.23,None,None,0.0,0,0.0,7302970500.0,1826170500.0
2015-12-07,'603618,杭电股份,0.0,0.0,0.0,0.0,34.23,None,None,0.0,0,0.0,7302970500.0,1826170500.0
2015-12-04,'603618,杭电股份,0.0,0.0,0.0,0.0,34.23,None,None,0.0,0,0.0,7302970500.0,1826170500.0
2015-12-03,'603618,杭电股份,0.0,0.0,0.0,0.0,34.23,None,None,0.0,0,0.0,7302970500.0,1826170500.0
2015-12-02,'603618,杭电股份,0.0,0.0,0.0,0.0,34.23,None,None,0.0,0,0.0,7302970500.0,1826170500.0
2015-12-01,'603618,杭电股份,34.23,36.5,33.0,35.17,35.47,-1.24,-3.4959,16.7178,8918934,312024698.0,7302970500.0,1826170500.0
2015-11-30,'603618,杭电股份,35.47,36.0,32.0,34.44,34.05,1.42,4.1703,20.1567,10753625,371106159.0,7567524500.0,1892324500.0
2015-11-27,'603618,杭电股份,34.05,35.56,32.57,32.8,33.94,0.11,0.3241,23.4632,12517641,430383222.0,7264567500.0,1816567500.0
2015-11-26,'603618,杭电股份,33.94,34.68,31.23,31.85,31.53,2.41,7.6435,18.5523,9897677,323972420.0,7241099000.0,1810699000.0
2015-11-25,'603618,杭电股份,31.53,32.5,31.2,31.71,31.5,0.03,0.0952,11.9703,6386175,202868227.0,6726925500.0,1682125500.0
2015-11-24,'603618,杭电股份,31.5,31.55,29.71,29.71,30.11,1.39,4.6164,11.1041,5924048,182607738.0,6720525000.0,1680525000.0
2015-11-23,'603618,杭电股份,30.11,31.18,29.86,30.04,30.18,-0.07,-0.2319,8.2199,4385293,133820277.0,6423968500.0,1606368500.0
2015-11-20,'603618,杭电股份,30.18,30.5,29.4,29.4,29.26,0.92,3.1442,8.7095,4646513,139609304.0,6438903000.0,1610103000.0
2015-11-19,'603618,杭电股份,29.26,29.27,28.13,28.13,28.13,1.13,4.0171,5.786,3086840,88761549.0,6242621000.0,1561021000.0
2015-11-18,'603618,杭电股份,28.13,29.28,28.03,28.71,28.93,-0.8,-2.7653,6.3639,3395146,97176760.0,6001535500.0,1500735500.0
2015-11-17,'603618,杭电股份,28.93,30.99,28.79,30.28,29.91,-0.98,-3.2765,10.3067,5498634,165039299.0,6172215500.0,1543415500.0
2015-11-16,'603618,杭电股份,29.91,30.04,28.33,28.75,29.65,0.26,0.8769,8.6232,4600488,135111684.0,6381298500.0,1595698500.0
2015-11-13,'603618,杭电股份,29.65,32.26,29.48,31.7,32.39,-2.74,-8.4594,15.9898,8530532,261296692.0,6325827500.0,1581827500.0
2015-11-12,'603618,杭电股份,32.39,32.99,30.0,30.0,30.08,2.31,7.6795,18.0887,9650333,303018729.0,6910406500.0,1728006500.0
2015-11-11,'603618,杭电股份,30.08,30.29,28.26,28.68,28.59,1.49,5.2116,14.3352,7647838,226277521.0,6417568000.0,1604768000.0
2015-11-10,'603618,杭电股份,28.59,29.42,28.2,28.75,29.2,-0.61,-2.089,11.1908,5970314,171944601.0,6099676500.0,1525276500.0
2015-11-09,'603618,杭电股份,29.2,29.98,27.7,28.25,28.77,0.43,1.4946,18.0056,9605967,278856498.0,6229820000.0,1557820000.0
2015-11-06,'603618,杭电股份,28.77,29.15,27.84,28.15,27.84,0.93,3.3405,15.9078,8486794,240309968.0,6138079500.0,1534879500.0
2015-11-05,'603618,杭电股份,27.84,28.9,27.61,28.9,28.86,-1.02,-3.5343,16.864,8996949,253385403.0,5939664000.0,1485264000.0
2015-11-04,'603618,杭电股份,28.86,29.3,27.5,28.0,28.26,0.6,2.1231,23.8536,12725891,360282046.0,6157281000.0,1539681000.0
2015-11-03,'603618,杭电股份,28.26,28.79,25.71,26.19,26.31,1.95,7.4116,18.6571,9953585,270753082.0,6029271000.0,1507671000.0
2015-11-02,'603618,杭电股份,26.31,27.16,24.21,24.88,25.61,0.7,2.7333,14.2984,7628191,200972524.0,5613238500.0,1403638500.0
2015-10-30,'603618,杭电股份,25.61,26.29,24.18,24.9,25.1,0.51,2.0319,11.399,6081377,152333250.0,5463893500.0,1366293500.0
2015-10-29,'603618,杭电股份,25.1,25.65,23.7,24.28,23.95,1.15,4.8017,11.3711,6066481,150181677.0,5355085000.0,1339085000.0
2015-10-28,'603618,杭电股份,23.95,25.16,23.4,23.45,23.73,0.22,0.9271,10.3227,5507144,133949223.0,5109732500.0,1277732500.0
2015-10-27,'603618,杭电股份,23.73,23.76,22.3,23.35,23.4,0.33,1.4103,7.2918,3890152,89674244.0,5062795500.0,1265995500.0
2015-10-26,'603618,杭电股份,23.4,23.79,23.11,23.11,22.85,0.55,2.407,8.724,4654278,109158648.0,4992390000.0,1248390000.0
2015-10-23,'603618,杭电股份,22.85,22.92,22.11,22.2,22.1,0.75,3.3937,5.8867,3140547,70743219.0,4875047500.0,1219047500.0
2015-10-22,'603618,杭电股份,22.1,22.27,21.12,21.12,21.25,0.85,4.0,5.4955,2931874,63785466.0,4715035000.0,1179035000.0
2015-10-21,'603618,杭电股份,21.25,23.66,21.22,23.3,23.2,-1.95,-8.4052,10.272,5480093,124109625.0,4533687500.0,1133687500.0
2015-10-20,'603618,杭电股份,23.2,23.25,22.51,22.52,22.69,0.51,2.2477,6.513,3474694,79816905.0,4949720000.0,1237720000.0
2015-10-19,'603618,杭电股份,22.69,23.38,22.43,23.35,23.29,-0.6,-2.5762,7.1494,3814228,87573058.0,4840911500.0,1210511500.0
2015-10-16,'603618,杭电股份,23.29,23.55,22.58,23.45,23.36,-0.07,-0.2997,7.8502,4188087,96946948.0,4968921500.0,1242521500.0
2015-10-15,'603618,杭电股份,23.36,23.55,22.52,22.6,22.67,0.69,3.0437,7.3217,3906122,89990545.0,4983856000.0,1246256000.0
2015-10-14,'603618,杭电股份,22.67,23.3,22.4,22.7,22.76,-0.09,-0.3954,9.1315,4871672,111685906.0,4836644500.0,1209444500.0
2015-10-13,'603618,杭电股份,22.76,23.0,22.12,22.28,22.5,0.26,1.1556,8.127,4335765,97665414.0,4855846000.0,1214246000.0
2015-10-12,'603618,杭电股份,22.5,22.78,21.45,21.59,21.41,1.09,5.0911,8.8959,4745979,105362104.0,4800375000.0,1200375000.0
2015-10-09,'603618,杭电股份,21.41,21.47,20.91,21.25,21.24,0.17,0.8004,6.7512,3601785,76400911.0,4567823500.0,1142223500.0
2015-10-08,'603618,杭电股份,21.24,21.5,20.72,21.12,20.29,0.95,4.6821,7.8322,4178473,88483324.0,4531554000.0,1133154000.0
2015-09-30,'603618,杭电股份,20.29,20.5,19.7,19.75,19.64,0.65,3.3096,3.9428,2103477,42396140.0,4328871500.0,1082471500.0
2015-09-29,'603618,杭电股份,19.64,19.97,19.52,19.87,20.22,-0.58,-2.8684,2.7713,1478483,29189615.0,4190194000.0,1047794000.0
2015-09-28,'603618,杭电股份,20.22,20.32,19.4,19.7,19.57,0.65,3.3214,3.0774,1641810,32813071.0,4313937000.0,1078737000.0
2015-09-25,'603618,杭电股份,19.57,20.75,19.42,20.75,20.72,-1.15,-5.5502,5.2851,2819596,56550443.0,4175259500.0,1044059500.0
2015-09-24,'603618,杭电股份,20.72,20.9,20.25,20.25,20.23,0.49,2.4221,5.4554,2910473,60093261.0,4420612000.0,1105412000.0
2015-09-23,'603618,杭电股份,20.23,20.46,19.88,20.12,20.55,-0.32,-1.5572,6.5516,3495253,70551848.0,4316070500.0,1079270500.0
2015-09-22,'603618,杭电股份,20.55,20.86,19.98,20.21,20.18,0.37,1.8335,8.4593,4513053,92394682.0,4384342500.0,1096342500.0
2015-09-21,'603618,杭电股份,20.18,20.3,18.83,18.83,19.17,1.01,5.2686,7.3203,3905372,76794584.0,4305403000.0,1076603000.0
2015-09-18,'603618,杭电股份,19.17,19.38,18.65,19.0,18.83,0.34,1.8056,4.6783,2495866,47401294.0,4089919500.0,1022719500.0
2015-09-17,'603618,杭电股份,18.83,19.99,18.71,19.38,19.38,-0.55,-2.838,9.0786,4843447,93930004.0,4017380500.0,1004580500.0
2015-09-16,'603618,杭电股份,19.38,19.38,17.7,17.71,17.62,1.76,9.9886,6.6014,3521836,65479858.0,4134723000.0,1033923000.0
2015-09-15,'603618,杭电股份,17.62,18.49,17.52,17.54,18.54,-0.92,-4.9622,6.7262,3588421,64291216.0,3759227000.0,940027000.0
2015-09-14,'603618,杭电股份,18.54,20.9,18.54,20.7,20.6,-2.06,-10.0,6.6583,3552205,68999353.0,3955509000.0,989109000.0
2015-09-11,'603618,杭电股份,20.6,20.94,20.19,20.8,20.59,0.01,0.0486,6.3164,3369791,69204451.0,4395010000.0,1099010000.0
2015-09-10,'603618,杭电股份,20.59,21.88,20.21,20.6,20.99,-0.4,-1.9057,9.6335,5139485,108533549.0,4392876500.0,1098476500.0
2015-09-09,'603618,杭电股份,20.99,21.2,20.18,20.18,20.24,0.75,3.7055,9.9235,5294206,110091485.0,4478216500.0,1119816500.0
2015-09-08,'603618,杭电股份,20.24,20.5,18.32,18.73,18.73,1.51,8.0619,7.117,3796921,73649641.0,4318204000.0,1079804000.0
2015-09-07,'603618,杭电股份,18.73,19.35,18.27,18.63,17.97,0.76,4.2293,5.6636,3021545,57066359.0,3996045500.0,999245500.0
2015-09-02,'603618,杭电股份,17.97,19.6,17.01,17.5,18.67,-0.7,-3.7493,6.7479,3599979,66480034.0,3833899500.0,958699500.0
2015-09-01,'603618,杭电股份,18.67,19.76,18.5,19.42,20.13,-1.46,-7.2529,8.8562,4724785,89846334.0,3983244500.0,996044500.0
2015-08-31,'603618,杭电股份,20.13,21.9,20.12,21.8,22.36,-2.23,-9.9732,8.6252,4601536,97125392.0,4294735500.0,1073935500.0
2015-08-28,'603618,杭电股份,22.36,22.58,20.5,21.19,21.01,1.35,6.4255,13.6792,7297856,155835579.0,4770506000.0,1192906000.0
2015-08-27,'603618,杭电股份,21.01,21.19,19.6,20.35,19.7,1.31,6.6497,10.7469,5733496,116934587.0,4482483500.0,1120883500.0
2015-08-26,'603618,杭电股份,19.7,20.73,18.52,19.5,18.97,0.73,3.8482,14.3487,7655020,151236885.0,4202995000.0,1050995000.0
2015-08-25,'603618,杭电股份,18.97,20.18,18.97,18.98,21.08,-2.11,-10.0095,8.2478,4400199,84791804.0,4047249500.0,1012049500.0
2015-08-24,'603618,杭电股份,21.08,22.77,21.08,22.03,23.42,-2.34,-9.9915,5.7748,3080869,65918674.0,4497418000.0,1124618000.0
2015-08-21,'603618,杭电股份,23.42,25.2,23.23,24.2,24.71,-1.29,-5.2206,7.9364,4234068,102818623.0,4996657000.0,1249457000.0
2015-08-20,'603618,杭电股份,24.71,26.3,24.65,26.3,26.61,-1.9,-7.1402,8.7556,4671112,119644969.0,5271878500.0,1318278500.0
2015-08-19,'603618,杭电股份,26.61,27.19,23.85,25.38,26.48,0.13,0.4909,13.2978,7094392,180178843.0,5677243500.0,1419643500.0
2015-08-18,'603618,杭电股份,26.48,30.37,26.48,29.31,29.42,-2.94,-9.9932,14.0519,7496682,214090249.0,5649508000.0,1412708000.0
2015-08-17,'603618,杭电股份,29.42,30.0,28.78,30.0,30.15,-0.73,-2.4212,12.5689,6705498,196927419.0,6276757000.0,1569557000.0
2015-08-14,'603618,杭电股份,30.15,30.78,29.05,29.07,28.98,1.17,4.0373,18.0267,9617259,287885042.0,6432502500.0,1608502500.0
2015-08-13,'603618,杭电股份,28.98,28.99,28.01,28.26,28.34,0.64,2.2583,8.6212,4599405,131155028.0,6182883000.0,1546083000.0
2015-08-12,'603618,杭电股份,28.34,29.5,28.29,29.25,29.64,-1.3,-4.386,13.6717,7293837,210584682.0,6046339000.0,1511939000.0
2015-08-11,'603618,杭电股份,29.64,30.25,29.42,29.7,29.75,-0.11,-0.3697,15.7807,8418983,251426310.0,6323694000.0,1581294000.0
2015-08-10,'603618,杭电股份,29.75,30.2,28.0,28.8,28.39,1.36,4.7904,17.0203,9080349,265450634.0,6347162500.0,1587162500.0
2015-08-07,'603618,杭电股份,28.39,28.5,27.78,27.79,27.53,0.86,3.1239,12.1576,6486068,183317416.0,6057006500.0,1514606500.0
2015-08-06,'603618,杭电股份,27.53,28.39,27.05,27.6,28.62,-1.09,-3.8085,9.9302,5297774,147071545.0,5873525500.0,1468725500.0
2015-08-05,'603618,杭电股份,28.62,29.5,27.7,28.5,28.96,-0.34,-1.174,17.3545,9258646,264942335.0,6106077000.0,1526877000.0
2015-08-04,'603618,杭电股份,28.96,29.0,26.62,26.9,26.74,2.22,8.3022,14.7513,7869825,219186902.0,6178616000.0,1545016000.0
2015-08-03,'603618,杭电股份,26.74,28.98,25.8,27.5,28.36,-1.62,-5.7123,14.525,7749109,211783695.0,5704979000.0,1426579000.0
2015-07-31,'603618,杭电股份,28.36,29.5,26.55,26.99,27.7,0.66,2.3827,17.2476,9201593,259720103.0,6050606000.0,1513006000.0
2015-07-30,'603618,杭电股份,27.7,28.96,26.84,27.18,26.84,0.86,3.2042,19.9355,10635606,298170607.0,5909795000.0,1477795000.0
2015-07-29,'603618,杭电股份,26.84,26.84,24.43,25.28,24.4,2.44,10.0,15.0714,8040610,204932839.0,5726314000.0,1431914000.0
2015-07-28,'603618,杭电股份,24.4,26.9,24.19,24.97,26.88,-2.48,-9.2262,18.7269,9990815,249724003.0,5205740000.0,1301740000.0
2015-07-27,'603618,杭电股份,26.88,30.03,26.88,28.5,29.87,-2.99,-10.01,16.0898,8583912,246167762.0,5734848000.0,1434048000.0
2015-07-24,'603618,杭电股份,29.87,31.49,29.5,30.5,31.21,-1.34,-4.2935,22.942,12239554,376369241.0,6372764500.0,1593564500.0
2015-07-23,'603618,杭电股份,31.21,32.46,28.48,28.88,30.16,1.05,3.4814,31.4451,16775941,503641295.0,6658653500.0,1665053500.0
2015-07-22,'603618,杭电股份,30.16,30.8,28.55,29.29,29.38,0.78,2.6549,19.1947,10240358,303968897.0,6434636000.0,1609036000.0
2015-07-21,'603618,杭电股份,29.38,31.22,28.2,28.58,29.71,-0.33,-1.1107,22.7529,12138665,364665982.0,6268223000.0,1567423000.0
2015-07-20,'603618,杭电股份,29.71,29.73,27.2,27.99,27.03,2.68,9.9149,26.7135,14251677,408565757.0,6338628500.0,1585028500.0
2015-07-17,'603618,杭电股份,27.03,27.03,25.02,25.03,24.57,2.46,10.0122,24.5396,13091850,344799935.0,5766850500.0,1442050500.0
2015-07-16,'603618,杭电股份,24.57,24.57,20.19,20.6,22.34,2.23,9.9821,35.5547,18968432,445380868.0,5242009500.0,1310809500.0
2015-07-15,'603618,杭电股份,22.34,22.34,22.34,22.34,20.31,2.03,9.9951,2.0969,1118691,24991557.0,4766239000.0,1191839000.0
2015-07-14,'603618,杭电股份,20.31,20.31,20.31,20.31,18.46,1.85,10.0217,0.0364,19400,394014.0,4333138500.0,1083538500.0
2015-07-13,'603618,杭电股份,0.0,0.0,0.0,0.0,18.46,None,None,0.0,0,0.0,3938441000.0,984841000.0
2015-07-10,'603618,杭电股份,0.0,0.0,0.0,0.0,18.46,None,None,0.0,0,0.0,3938441000.0,984841000.0
2015-07-09,'603618,杭电股份,0.0,0.0,0.0,0.0,18.46,None,None,0.0,0,0.0,3938441000.0,984841000.0
2015-07-08,'603618,杭电股份,18.46,19.5,18.46,18.46,20.51,-2.05,-9.9951,10.6054,5657976,105420160.0,3938441000.0,984841000.0
2015-07-07,'603618,杭电股份,20.51,22.57,20.51,21.59,22.79,-2.28,-10.0044,10.614,5662568,118996087.0,4375808500.0,1094208500.0
2015-07-06,'603618,杭电股份,22.79,25.7,21.4,25.7,23.36,-0.57,-2.4401,18.0567,9633266,229219543.0,4862246500.0,1215846500.0
2015-07-03,'603618,杭电股份,23.36,26.74,23.36,24.0,25.95,-2.59,-9.9807,14.5381,7756072,187347658.0,4983856000.0,1246256000.0
2015-07-02,'603618,杭电股份,25.95,29.89,25.95,29.0,28.83,-2.88,-9.9896,14.43,7698405,210679705.0,5536432500.0,1384432500.0
2015-07-01,'603618,杭电股份,28.83,33.68,28.75,31.0,31.94,-3.11,-9.737,16.2348,8661258,274094791.0,6150880500.0,1538080500.0
2015-06-30,'603618,杭电股份,31.94,32.5,28.05,28.21,31.17,0.77,2.4703,16.3127,8702850,262659351.0,6814399000.0,1703999000.0
2015-06-29,'603618,杭电股份,31.17,34.6,31.17,34.6,34.63,-3.46,-9.9913,9.0991,4854350,153824156.0,6650119500.0,1662919500.0
2015-06-26,'603618,杭电股份,34.63,36.45,34.63,36.45,38.48,-3.85,-10.0052,8.4074,4485365,156945266.0,7388310500.0,1847510500.0
2015-06-25,'603618,杭电股份,38.48,42.48,38.48,41.01,42.75,-4.27,-9.9883,16.0697,8573207,343480144.0,8209708000.0,2052908000.0
2015-06-24,'603618,杭电股份,42.75,45.98,41.38,41.38,45.98,-3.23,-7.0248,21.897,11682062,502754619.0,9120712500.0,2280712500.0
2015-06-23,'603618,杭电股份,0.0,0.0,0.0,0.0,45.98,None,None,0.0,0,0.0,9809833000.0,2453033000.0
2015-06-19,'603618,杭电股份,0.0,0.0,0.0,0.0,45.98,None,None,0.0,0,0.0,9809833000.0,2453033000.0
2015-06-18,'603618,杭电股份,0.0,0.0,0.0,0.0,45.98,None,None,0.0,0,0.0,9809833000.0,2453033000.0
2015-06-17,'603618,杭电股份,0.0,0.0,0.0,0.0,45.98,None,None,0.0,0,0.0,9809833000.0,2453033000.0
2015-06-16,'603618,杭电股份,0.0,0.0,0.0,0.0,45.98,None,None,0.0,0,0.0,9809833000.0,2453033000.0
2015-06-15,'603618,杭电股份,0.0,0.0,0.0,0.0,45.98,None,None,0.0,0,0.0,9809833000.0,2453033000.0
2015-06-12,'603618,杭电股份,0.0,0.0,0.0,0.0,45.98,None,None,0.0,0,0.0,9809833000.0,2453033000.0
2015-06-11,'603618,杭电股份,0.0,0.0,0.0,0.0,45.98,None,None,0.0,0,0.0,9809833000.0,2453033000.0
2015-06-10,'603618,杭电股份,0.0,0.0,0.0,0.0,45.98,None,None,0.0,0,0.0,9809833000.0,2453033000.0
2015-06-09,'603618,杭电股份,0.0,0.0,0.0,0.0,45.98,None,None,0.0,0,0.0,9809833000.0,2453033000.0
2015-06-08,'603618,杭电股份,0.0,0.0,0.0,0.0,45.98,None,None,0.0,0,0.0,9809833000.0,2453033000.0
2015-06-05,'603618,杭电股份,0.0,0.0,0.0,0.0,45.98,None,None,0.0,0,0.0,9809833000.0,2453033000.0
2015-06-04,'603618,杭电股份,0.0,0.0,0.0,0.0,45.98,None,None,0.0,0,0.0,9809833000.0,2453033000.0
2015-06-03,'603618,杭电股份,45.98,47.7,42.77,43.7,43.78,2.2,5.0251,17.7017,9443837,429554797.0,9809833000.0,2453033000.0
2015-06-02,'603618,杭电股份,43.78,45.25,42.28,45.1,45.31,-1.53,-3.3767,19.7958,10561039,459929177.0,9340463000.0,2335663000.0
2015-06-01,'603618,杭电股份,45.31,46.5,44.2,46.2,46.15,-0.84,-1.8202,21.5881,11517236,520582514.0,9666888500.0,2417288500.0
2015-05-29,'603618,杭电股份,46.15,48.77,40.48,44.0,44.82,1.33,2.9674,30.1314,16075082,719686072.0,9846102500.0,2462102500.0
2015-05-28,'603618,杭电股份,44.82,54.09,44.25,51.98,49.17,-4.35,-8.8469,33.6331,17943252,946333606.0,9562347000.0,2391147000.0
2015-05-27,'603618,杭电股份,49.17,49.17,43.7,45.0,44.7,4.47,10.0,24.0434,12827128,601401394.0,10490419500.0,2623219500.0
2015-05-26,'603618,杭电股份,44.7,44.7,39.45,40.25,40.64,4.06,9.9902,22.0667,11772598,502042874.0,9536745000.0,2384745000.0
2015-05-25,'603618,杭电股份,40.64,41.96,38.01,39.6,39.76,0.88,2.2133,19.7888,10557342,425883464.0,8670544000.0,2168144000.0
2015-05-22,'603618,杭电股份,39.76,40.15,37.6,38.02,37.53,2.23,5.9419,19.3782,10338287,399360021.0,8482796000.0,2121196000.0
2015-05-21,'603618,杭电股份,37.53,37.91,36.41,37.85,38.06,-0.53,-1.3925,17.5347,9354741,346243307.0,8007025500.0,2002225500.0
2015-05-20,'603618,杭电股份,38.06,40.7,37.8,38.8,39.11,-1.05,-2.6847,18.5464,9894528,387559903.0,8120101000.0,2030501000.0
2015-05-19,'603618,杭电股份,39.11,41.33,37.5,38.5,39.39,-0.28,-0.7108,18.1823,9700246,375273785.0,8344118500.0,2086518500.0
2015-05-18,'603618,杭电股份,39.39,39.98,35.8,36.01,36.76,2.63,7.1545,17.9919,9598696,368358528.0,8403856500.0,2101456500.0
2015-05-15,'603618,杭电股份,36.76,37.91,34.51,35.4,35.98,0.78,2.1679,18.639,9943900,359380856.0,7842746000.0,1961146000.0
2015-05-14,'603618,杭电股份,35.98,37.98,34.85,34.85,34.67,1.31,3.7785,22.7781,12152129,441955672.0,7676333000.0,1919533000.0
2015-05-13,'603618,杭电股份,34.67,34.67,30.56,30.89,31.52,3.15,9.9937,24.4925,13066757,433324047.0,7396844500.0,1849644500.0
2015-05-12,'603618,杭电股份,31.52,33.39,31.28,31.82,31.68,-0.16,-0.5051,23.4201,12494602,401663677.0,6724792000.0,1681592000.0
2015-05-11,'603618,杭电股份,31.68,32.02,29.3,30.19,29.77,1.91,6.4159,20.6901,11038191,343402511.0,6758928000.0,1690128000.0
2015-05-08,'603618,杭电股份,29.77,29.79,28.15,28.2,28.11,1.66,5.9054,14.0435,7492211,215715402.0,6351429500.0,1588229500.0
2015-05-07,'603618,杭电股份,28.11,29.41,27.77,29.0,29.37,-1.26,-4.2901,11.6331,6206261,177702859.0,5997268500.0,1499668500.0
2015-05-06,'603618,杭电股份,29.37,30.48,28.28,28.49,28.1,1.27,4.5196,21.1424,11279457,332073517.0,6266089500.0,1566889500.0
2015-05-05,'603618,杭电股份,28.1,29.65,27.98,29.0,29.57,-1.47,-4.9713,14.3899,7677021,220186740.0,5995135000.0,1499135000.0
2015-05-04,'603618,杭电股份,29.57,30.0,28.0,28.85,28.13,1.44,5.1191,23.3713,12468568,365051326.0,6308759500.0,1577559500.0
2015-04-30,'603618,杭电股份,28.13,29.81,27.55,27.55,27.1,1.03,3.8007,27.2176,14520612,418455901.0,6001535500.0,1500735500.0
2015-04-29,'603618,杭电股份,27.1,27.5,26.01,26.09,25.69,1.41,5.4885,16.5642,8836992,238564732.0,5781785000.0,1445785000.0
2015-04-28,'603618,XD杭电股,25.69,27.29,25.55,27.29,27.1,-1.41,-5.203,11.2852,6020664,157705125.0,5480961500.0,1370561500.0
2015-04-27,'603618,杭电股份,27.3,27.88,27.05,27.8,27.7,-0.4,-1.444,14.2884,7622849,208246180.0,5824455000.0,1456455000.0
2015-04-24,'603618,杭电股份,27.7,28.06,25.7,25.8,26.26,1.44,5.4836,21.5506,11497268,311139316.0,5909795000.0,1477795000.0
2015-04-23,'603618,杭电股份,26.26,26.75,26.02,26.68,26.42,-0.16,-0.6056,9.9555,5311278,139503856.0,5602571000.0,1400971000.0
2015-04-22,'603618,杭电股份,26.42,26.59,25.88,25.88,25.81,0.61,2.3634,10.9691,5852004,154325038.0,5636707000.0,1409507000.0
2015-04-21,'603618,杭电股份,25.81,25.98,25.0,25.02,25.06,0.75,2.9928,9.8533,5256754,134423129.0,5506563500.0,1376963500.0
2015-04-20,'603618,杭电股份,25.06,26.16,25.0,26.16,26.06,-1.0,-3.8373,11.4125,6088561,155361386.0,5346551000.0,1336951000.0
2015-04-17,'603618,杭电股份,26.06,26.48,26.0,26.38,26.18,-0.12,-0.4584,11.9976,6400714,167869578.0,5559901000.0,1390301000.0
2015-04-16,'603618,杭电股份,26.18,26.38,24.82,25.35,25.37,0.81,3.1927,11.2291,5990750,153527666.0,5585503000.0,1396703000.0
2015-04-15,'603618,杭电股份,25.37,27.1,25.32,27.1,27.34,-1.97,-7.2056,15.2497,8135704,212459345.0,5412689500.0,1353489500.0
2015-04-14,'603618,杭电股份,27.34,28.19,27.18,27.59,27.8,-0.46,-1.6547,15.6583,8353722,231740492.0,5832989000.0,1458589000.0
2015-04-13,'603618,杭电股份,27.8,28.3,27.05,27.53,27.69,0.11,0.3973,17.2702,9213645,255062835.0,5931130000.0,1483130000.0
2015-04-10,'603618,杭电股份,27.69,28.5,27.09,27.39,27.64,0.05,0.1809,18.1774,9697625,269857309.0,5907661500.0,1477261500.0
2015-04-09,'603618,杭电股份,27.64,28.66,27.05,28.49,29.15,-1.51,-5.1801,27.5502,14698048,409705843.0,5896994000.0,1474594000.0
2015-04-08,'603618,杭电股份,29.15,29.7,26.03,27.4,27.03,2.12,7.8431,46.6702,24898562,677827127.0,6219152500.0,1555152500.0
2015-04-07,'603618,杭电股份,27.03,27.03,24.6,24.66,24.57,2.46,10.0122,37.6472,20084763,532893305.0,5766850500.0,1442050500.0
2015-04-03,'603618,杭电股份,24.57,24.65,24.03,24.2,24.44,0.13,0.5319,15.3797,8205093,200119640.0,5242009500.0,1310809500.0
2015-04-02,'603618,杭电股份,24.44,24.46,23.8,23.95,23.94,0.5,2.0886,14.5641,7769960,187450531.0,5214274000.0,1303874000.0
2015-04-01,'603618,杭电股份,23.94,24.14,23.46,23.55,23.59,0.35,1.4837,12.2922,6557869,155770870.0,5107599000.0,1277199000.0
2015-03-31,'603618,杭电股份,23.59,23.77,23.33,23.72,23.69,-0.1,-0.4221,9.7281,5189962,122260046.0,5032926500.0,1258526500.0
2015-03-30,'603618,杭电股份,23.69,23.76,23.39,23.46,23.43,0.26,1.1097,9.6323,5138816,121247211.0,5054261500.0,1263861500.0
2015-03-27,'603618,杭电股份,23.43,23.72,23.2,23.53,23.53,-0.1,-0.425,7.9957,4265725,99971362.0,4998790500.0,1249990500.0
2015-03-26,'603618,杭电股份,23.53,24.0,23.33,24.0,24.21,-0.68,-2.8088,12.3228,6574222,155524199.0,5020125500.0,1255325500.0
2015-03-25,'603618,杭电股份,24.21,24.4,23.44,23.5,23.42,0.79,3.3732,18.6453,9947245,237068953.0,5165203500.0,1291603500.0
2015-03-24,'603618,杭电股份,23.42,23.8,23.0,23.45,23.43,-0.01,-0.0427,13.0741,6975031,163640277.0,4996657000.0,1249457000.0
2015-03-23,'603618,杭电股份,23.43,23.47,23.18,23.38,23.3,0.13,0.5579,10.521,5612980,131006951.0,4998790500.0,1249990500.0
2015-03-20,'603618,杭电股份,23.3,23.61,23.16,23.5,23.56,-0.26,-1.1036,10.9629,5848691,136339229.0,4971055000.0,1243055000.0
2015-03-19,'603618,杭电股份,23.56,23.87,23.03,23.3,23.23,0.33,1.4206,13.9855,7461255,175161134.0,5026526000.0,1256926000.0
2015-03-18,'603618,杭电股份,23.23,23.38,22.8,23.03,23.04,0.19,0.8247,11.497,6133649,141373993.0,4956120500.0,1239320500.0
2015-03-17,'603618,杭电股份,23.04,23.12,22.81,22.97,23.06,-0.02,-0.0867,10.8031,5763458,132220843.0,4915584000.0,1229184000.0
2015-03-16,'603618,杭电股份,23.06,23.59,22.41,22.41,22.32,0.74,3.3154,13.7,7308952,167967117.0,4919851000.0,1230251000.0
2015-03-13,'603618,杭电股份,22.32,22.49,21.77,21.9,21.78,0.54,2.4793,9.9576,5312394,118172628.0,4761972000.0,1190772000.0
2015-03-12,'603618,杭电股份,21.78,22.43,21.61,22.3,22.29,-0.51,-2.288,11.7036,6243868,136813157.0,4646763000.0,1161963000.0
2015-03-11,'603618,杭电股份,22.29,22.91,22.13,22.91,22.93,-0.64,-2.7911,13.4958,7200015,161349626.0,4755571500.0,1189171500.0
2015-03-10,'603618,杭电股份,22.93,22.97,22.42,22.71,22.68,0.25,1.1023,11.0595,5900258,134062064.0,4892115500.0,1223315500.0
2015-03-09,'603618,杭电股份,22.68,23.46,22.32,22.88,24.26,-1.58,-6.5128,17.6576,9420324,213687203.0,4838778000.0,1209978000.0
2015-03-06,'603618,杭电股份,24.26,25.88,24.21,24.61,24.63,-0.37,-1.5022,20.1112,10729347,267980093.0,5175871000.0,1294271000.0
2015-03-05,'603618,杭电股份,24.63,25.5,24.53,25.01,25.73,-1.1,-4.2752,24.6744,13163805,327023166.0,5254810500.0,1314010500.0
2015-03-04,'603618,杭电股份,25.73,26.18,24.33,25.3,27.03,-1.3,-4.8095,42.5661,22709041,578828512.0,5489495500.0,1372695500.0
2015-03-03,'603618,杭电股份,27.03,27.03,25.32,27.03,24.57,2.46,10.0122,61.5721,32848709,873235308.0,5766850500.0,1442050500.0
2015-03-02,'603618,杭电股份,24.57,24.57,24.57,24.57,22.34,2.23,9.9821,0.9959,531300,13054041.0,5242009500.0,1310809500.0
2015-02-27,'603618,杭电股份,22.34,22.34,22.34,22.34,20.31,2.03,9.9951,0.4394,234400,5236496.0,4766239000.0,1191839000.0
2015-02-26,'603618,杭电股份,20.31,20.31,20.31,20.31,18.46,1.85,10.0217,0.0538,28700,582897.0,4333138500.0,1083538500.0
2015-02-25,'603618,杭电股份,18.46,18.46,18.46,18.46,16.78,1.68,10.0119,0.0442,23600,435656.0,3938441000.0,984841000.0
2015-02-17,'603618,N杭电,16.78,16.78,16.78,16.78,11.65,5.13,44.0343,0.1537,82000,1375960.0,3580013000.0,895213000.0
