日期,股票代码,名称,收盘价,最高价,最低价,开盘价,前收盘,涨跌额,涨跌幅,换手率,成交量,成交金额,总市值,流通市值
2017-05-15,'603688,石英股份,17.58,17.9,17.53,17.83,17.64,-0.06,-0.3401,0.7338,588194,10372367.0,3953601360.0,1409212800.0
2017-05-12,'603688,石英股份,17.64,17.9,17.5,17.81,17.81,-0.17,-0.9545,0.7489,600343,10600984.0,3967094880.0,1414022400.0
2017-05-11,'603688,石英股份,17.81,17.81,17.32,17.49,17.49,0.32,1.8296,1.7017,1364070,24026841.0,4005326520.0,1427649600.0
2017-05-10,'603688,石英股份,17.49,18.12,17.48,18.0,17.97,-0.48,-2.6711,0.9027,723600,12960475.0,3933361080.0,1401998400.0
2017-05-09,'603688,石英股份,17.97,18.14,17.2,17.66,17.81,0.16,0.8984,1.5033,1205042,21324913.0,4041309240.0,1440475200.0
2017-05-08,'603688,石英股份,17.81,18.5,17.73,18.21,18.41,-0.6,-3.2591,1.1835,948716,17196786.0,4005326520.0,1427649600.0
2017-05-05,'603688,石英股份,18.41,19.05,18.36,19.05,18.9,-0.49,-2.5926,1.1716,939162,17510543.0,4140261720.0,1475745600.0
2017-05-04,'603688,石英股份,18.9,19.18,18.88,19.0,19.07,-0.17,-0.8915,0.8765,702602,13362667.0,4250458800.0,1515024000.0
2017-05-03,'603688,石英股份,19.07,19.17,18.76,18.76,18.9,0.17,0.8995,0.9642,772878,14712466.0,4288690440.0,1528651200.0
2017-05-02,'603688,石英股份,18.9,18.94,18.75,18.9,18.93,-0.03,-0.1585,0.9605,769922,14496904.0,4250458800.0,1515024000.0
2017-04-28,'603688,石英股份,18.93,19.02,18.67,18.67,18.79,0.14,0.7451,1.0508,842316,15922967.0,4257205560.0,1517428800.0
2017-04-27,'603688,石英股份,18.79,18.9,17.98,18.48,18.48,0.31,1.6775,1.8077,1449022,26633309.0,4225720680.0,1506206400.0
2017-04-26,'603688,石英股份,18.48,18.65,18.36,18.47,18.36,0.12,0.6536,0.9885,792367,14675433.0,4156004160.0,1481356800.0
2017-04-25,'603688,石英股份,18.36,18.6,18.3,18.56,18.32,0.04,0.2183,1.1142,893168,16497536.0,4129017120.0,1471737600.0
2017-04-24,'603688,石英股份,18.32,19.22,18.28,19.21,19.23,-0.91,-4.7322,1.6193,1298052,24293863.0,4120021440.0,1468531200.0
2017-04-21,'603688,石英股份,19.23,19.43,19.05,19.09,19.09,0.14,0.7334,1.389,1113400,21431462.0,4324673160.0,1541476800.0
2017-04-20,'603688,石英股份,19.09,19.35,18.89,19.3,19.17,-0.08,-0.4173,1.5335,1229234,23443508.0,4293188280.0,1530254400.0
2017-04-19,'603688,石英股份,19.17,19.25,18.91,19.01,19.0,0.17,0.8947,1.4293,1145702,21888138.0,4311179640.0,1536667200.0
2017-04-18,'603688,石英股份,19.0,19.68,18.99,19.36,19.23,-0.23,-1.196,1.3476,1080273,20823403.0,4272948000.0,1523040000.0
2017-04-17,'603688,石英股份,19.23,19.75,19.0,19.75,19.82,-0.59,-2.9768,1.5659,1255224,24188028.0,4324673160.0,1541476800.0
2017-04-14,'603688,石英股份,19.82,20.07,19.73,20.07,19.97,-0.15,-0.7511,1.665,1334671,26517934.0,4457359440.0,1588771200.0
2017-04-13,'603688,石英股份,19.97,20.07,19.77,19.77,19.77,0.2,1.0116,1.3776,1104300,22053133.0,4491093240.0,1600795200.0
2017-04-12,'603688,石英股份,19.77,20.17,19.71,20.09,20.11,-0.34,-1.6907,1.87,1499029,29914652.0,4446114840.0,1584763200.0
2017-04-11,'603688,石英股份,20.11,20.18,19.81,19.95,19.93,0.18,0.9032,2.2324,1789480,35810183.0,4522578120.0,1612017600.0
2017-04-10,'603688,石英股份,19.93,20.55,19.9,20.47,20.54,-0.61,-2.9698,2.3715,1900978,38257719.0,4482097560.0,1597588800.0
2017-04-07,'603688,石英股份,20.54,20.8,20.49,20.66,20.65,-0.11,-0.5327,1.3509,1082902,22325091.0,4619281680.0,1646486400.0
2017-04-06,'603688,石英股份,20.65,20.8,20.5,20.57,20.74,-0.09,-0.4339,1.5856,1271030,26261886.0,4644019800.0,1655304000.0
2017-04-05,'603688,石英股份,20.74,20.82,19.93,20.38,20.32,0.42,2.0669,2.5561,2048940,41662768.0,4664260080.0,1662518400.0
2017-03-31,'603688,石英股份,20.32,20.43,20.13,20.13,20.13,0.19,0.9439,1.8591,1490260,30217304.0,4569805440.0,1628851200.0
2017-03-30,'603688,石英股份,20.13,20.7,20.03,20.64,20.71,-0.58,-2.8006,3.0862,2473910,50141133.0,4527075960.0,1613620800.0
2017-03-29,'603688,石英股份,20.71,21.45,20.51,21.34,21.34,-0.63,-2.9522,3.8113,3055156,64214355.0,4657513320.0,1660113600.0
2017-03-28,'603688,石英股份,21.34,21.8,21.29,21.65,21.76,-0.42,-1.9301,2.7097,2172099,46694498.0,4799195280.0,1710614400.0
2017-03-27,'603688,石英股份,21.76,22.3,21.73,22.1,22.07,-0.31,-1.4046,3.6007,2886316,63450397.0,4893649920.0,1744281600.0
2017-03-24,'603688,石英股份,22.07,22.15,21.71,21.71,21.83,0.24,1.0994,4.1223,3304401,72725697.0,4963366440.0,1769131200.0
2017-03-23,'603688,石英股份,21.83,21.95,21.18,21.73,21.82,0.01,0.0458,3.3503,2685580,58265357.0,4909392360.0,1749892800.0
2017-03-22,'603688,石英股份,21.82,21.96,21.58,21.8,22.05,-0.23,-1.0431,2.7169,2177904,47382140.0,4907143440.0,1749091200.0
2017-03-21,'603688,石英股份,22.05,22.22,21.85,22.13,22.14,-0.09,-0.4065,3.0416,2438126,53658365.0,4958868600.0,1767528000.0
2017-03-20,'603688,石英股份,22.14,22.15,21.56,21.58,21.68,0.46,2.1218,3.723,2984375,65587608.0,4979108880.0,1774742400.0
2017-03-17,'603688,石英股份,21.68,22.15,21.53,21.53,21.55,0.13,0.6032,4.5885,3678172,80634609.0,4875658560.0,1737868800.0
2017-03-16,'603688,石英股份,21.55,21.67,21.25,21.25,21.28,0.27,1.2688,2.2089,1770650,38173974.0,4846422600.0,1727448000.0
2017-03-15,'603688,石英股份,21.28,21.49,21.2,21.49,21.5,-0.22,-1.0233,1.691,1355514,28867135.0,4785701760.0,1705804800.0
2017-03-14,'603688,石英股份,21.5,21.68,21.24,21.3,21.29,0.21,0.9864,3.1395,2516642,54170978.0,4835178000.0,1723440000.0
2017-03-13,'603688,石英股份,21.29,21.35,20.68,21.35,21.25,0.04,0.1882,2.0265,1624443,34260925.0,4787950680.0,1706606400.0
2017-03-10,'603688,石英股份,21.25,21.34,21.11,21.18,21.16,0.09,0.4253,1.5906,1275060,27082527.0,4778955000.0,1703400000.0
2017-03-09,'603688,石英股份,21.16,21.76,21.12,21.7,21.73,-0.57,-2.6231,3.0797,2468703,52523912.0,4758714720.0,1696185600.0
2017-03-08,'603688,石英股份,21.73,22.02,21.6,21.65,21.6,0.13,0.6019,4.2771,3428492,74930658.0,4886903160.0,1741876800.0
2017-03-07,'603688,石英股份,21.6,21.68,21.4,21.6,21.6,0.0,0.0,2.1962,1760471,37907259.0,4857667200.0,1731456000.0
2017-03-06,'603688,石英股份,21.6,21.61,21.08,21.08,21.17,0.43,2.0312,2.6567,2129571,45653685.0,4857667200.0,1731456000.0
2017-03-03,'603688,石英股份,21.17,21.36,20.89,20.98,21.13,0.04,0.1893,2.5808,2068782,43721512.0,4760963640.0,1696987200.0
2017-03-02,'603688,石英股份,21.13,21.57,21.01,21.41,21.5,-0.37,-1.7209,3.4571,2771228,59028301.0,4751967960.0,1693780800.0
2017-03-01,'603688,石英股份,21.5,21.65,21.38,21.45,21.5,0.0,0.0,2.6511,2125150,45761871.0,4835178000.0,1723440000.0
2017-02-28,'603688,石英股份,21.5,22.08,21.28,21.83,21.99,-0.49,-2.2283,4.9766,3989244,86079131.0,4835178000.0,1723440000.0
2017-02-27,'603688,石英股份,21.99,22.08,21.8,21.94,21.91,0.08,0.3651,2.5264,2025185,44411631.0,4945375080.0,1762718400.0
2017-02-24,'603688,石英股份,21.91,22.09,21.71,21.98,22.11,-0.2,-0.9046,3.7963,3043152,66502586.0,4927383720.0,1756305600.0
2017-02-23,'603688,石英股份,22.11,22.3,21.8,21.91,22.08,0.03,0.1359,4.7136,3778391,83311857.0,4972362120.0,1772337600.0
2017-02-22,'603688,石英股份,22.08,22.44,21.78,22.44,22.35,-0.27,-1.2081,7.0827,5677524,125014122.0,4965615360.0,1769932800.0
2017-02-21,'603688,石英股份,22.35,22.99,22.08,22.63,22.85,-0.5,-2.1882,8.8779,7116529,158903598.0,5026336200.0,1791576000.0
2017-02-20,'603688,石英股份,22.85,23.92,22.65,22.9,23.54,-0.69,-2.9312,15.2373,12214256,281475875.0,5138782200.0,1831656000.0
2017-02-17,'603688,石英股份,23.54,23.74,20.88,21.2,21.58,1.96,9.0825,18.1878,14579373,326332377.0,5293957680.0,1886966400.0
2017-02-16,'603688,石英股份,21.58,22.2,21.03,21.29,21.09,0.49,2.3234,7.191,5764328,125385549.0,4853169360.0,1729852800.0
2017-02-15,'603688,石英股份,21.09,21.46,20.44,20.45,20.53,0.56,2.7277,5.5419,4442404,93754831.0,4742972280.0,1690574400.0
2017-02-14,'603688,石英股份,20.53,20.7,20.35,20.55,20.54,-0.01,-0.0487,1.2098,969772,19872805.0,4617032760.0,1645684800.0
2017-02-13,'603688,石英股份,20.54,20.69,20.33,20.33,20.44,0.1,0.4892,1.2424,995940,20484646.0,4619281680.0,1646486400.0
2017-02-10,'603688,石英股份,20.44,20.46,20.29,20.44,20.42,0.02,0.0979,1.2463,999054,20364534.0,4596792480.0,1638470400.0
2017-02-09,'603688,石英股份,20.42,20.65,20.31,20.65,20.38,0.04,0.1963,1.2686,1016907,20807007.0,4592294640.0,1636867200.0
2017-02-08,'603688,石英股份,20.38,20.55,20.08,20.13,20.1,0.28,1.393,1.4848,1190226,24203893.0,4583298960.0,1633660800.0
2017-02-07,'603688,石英股份,20.1,20.25,19.91,20.1,20.1,0.0,0.0,1.1899,953818,19189575.0,4520329200.0,1611216000.0
2017-02-06,'603688,石英股份,20.1,20.27,19.63,19.65,19.69,0.41,2.0823,1.1355,910200,18219129.0,4520329200.0,1611216000.0
2017-02-03,'603688,石英股份,19.69,19.97,19.0,19.97,19.97,-0.28,-1.4021,1.256,1006800,19746832.0,4428123480.0,1578350400.0
2017-01-26,'603688,石英股份,19.97,20.25,19.91,20.07,20.07,-0.1,-0.4983,1.1059,886478,17825492.0,4491093240.0,1600795200.0
2017-01-25,'603688,石英股份,20.07,20.09,19.63,19.79,19.83,0.24,1.2103,1.2792,1025426,20434495.0,4513582440.0,1608811200.0
2017-01-24,'603688,石英股份,19.83,19.93,19.61,19.61,19.61,0.22,1.1219,1.5335,1229289,24313619.0,4459608360.0,1589572800.0
2017-01-23,'603688,石英股份,19.61,19.75,19.42,19.48,19.48,0.13,0.6674,1.5965,1279746,25119589.0,4410132120.0,1571937600.0
2017-01-20,'603688,石英股份,19.48,19.61,19.0,19.13,19.13,0.35,1.8296,1.4089,1129387,21952656.0,4380896160.0,1561516800.0
2017-01-19,'603688,石英股份,19.13,19.34,18.94,19.25,19.19,-0.06,-0.3127,1.2804,1026392,19666187.0,4302183960.0,1533460800.0
2017-01-18,'603688,石英股份,19.19,19.49,19.11,19.45,19.45,-0.26,-1.3368,1.3579,1088508,21007157.0,4315677480.0,1538270400.0
2017-01-17,'603688,石英股份,19.45,19.46,18.69,19.02,19.02,0.43,2.2608,2.1725,1741500,33370696.0,4374149400.0,1559112000.0
2017-01-16,'603688,石英股份,19.02,19.78,18.6,19.78,19.84,-0.82,-4.1331,2.7627,2214561,42646479.0,4277445840.0,1524643200.0
2017-01-13,'603688,石英股份,19.84,20.4,19.8,20.3,20.36,-0.52,-2.554,2.688,2154680,43135804.0,4461857280.0,1590374400.0
2017-01-12,'603688,石英股份,20.36,21.3,20.19,21.3,21.15,-0.79,-3.7352,3.35,2685379,55521751.0,4578801120.0,1632057600.0
2017-01-11,'603688,石英股份,21.15,21.4,21.11,21.13,21.15,0.0,0.0,2.3246,1863431,39651763.0,4756465800.0,1695384000.0
2017-01-10,'603688,石英股份,21.15,21.36,21.09,21.33,21.27,-0.12,-0.5642,1.8244,1462402,31034052.0,4756465800.0,1695384000.0
2017-01-09,'603688,石英股份,21.27,21.58,20.93,21.1,21.22,0.05,0.2356,2.6761,2145174,45477007.0,4783452840.0,1705003200.0
2017-01-06,'603688,石英股份,21.22,22.09,21.2,22.0,22.05,-0.83,-3.7642,3.976,3187194,68806343.0,4772208240.0,1700995200.0
2017-01-05,'603688,石英股份,22.05,22.34,22.01,22.08,22.18,-0.13,-0.5861,3.5674,2859662,63293371.0,4958868600.0,1767528000.0
2017-01-04,'603688,石英股份,22.18,22.3,21.89,22.28,22.36,-0.18,-0.805,5.7194,4584655,101125795.0,4988104560.0,1777948800.0
2017-01-03,'603688,石英股份,22.36,22.95,22.18,22.38,22.43,-0.07,-0.3121,4.9471,3965567,89057334.0,5028585120.0,1792377600.0
2016-12-30,'603688,石英股份,22.43,22.5,21.56,21.58,21.6,0.83,3.8426,4.3955,3523400,78011982.0,5044327560.0,1797988800.0
2016-12-29,'603688,石英股份,21.6,21.86,21.51,21.66,21.67,-0.07,-0.323,1.6117,1291970,27989786.0,4857667200.0,1731456000.0
2016-12-28,'603688,石英股份,21.67,22.06,21.62,21.91,22.02,-0.35,-1.5895,2.3211,1860584,40543396.0,4873409640.0,1737067200.0
2016-12-27,'603688,石英股份,22.02,22.19,21.2,21.22,21.28,0.74,3.4774,3.6497,2925633,63530094.0,4952121840.0,1765123200.0
2016-12-26,'603688,石英股份,21.28,21.32,20.53,21.32,21.22,0.06,0.2828,1.8492,1482285,30907165.0,4785701760.0,1705804800.0
2016-12-23,'603688,石英股份,21.22,21.69,21.15,21.43,21.57,-0.35,-1.6226,1.8939,1518188,32576743.0,4772208240.0,1700995200.0
2016-12-22,'603688,石英股份,21.57,21.65,21.3,21.49,21.58,-0.01,-0.0463,1.8214,1460007,31314712.0,4850920440.0,1729051200.0
2016-12-21,'603688,石英股份,21.58,21.79,21.2,21.2,21.16,0.42,1.9849,2.5401,2036172,43926436.0,4853169360.0,1729852800.0
2016-12-20,'603688,石英股份,21.16,21.25,20.9,21.17,21.1,0.06,0.2844,1.9266,1544356,32578058.0,4758714720.0,1696185600.0
2016-12-19,'603688,石英股份,21.1,21.27,21.03,21.13,21.08,0.02,0.0949,1.4103,1130483,23908539.0,4745221200.0,1691376000.0
2016-12-16,'603688,石英股份,21.08,21.27,20.2,20.73,20.8,0.28,1.3462,2.2213,1780600,37375710.0,4740723360.0,1689772800.0
2016-12-15,'603688,石英股份,20.8,21.1,20.55,20.63,20.63,0.17,0.824,1.9795,1586772,33101792.0,4677753600.0,1667328000.0
2016-12-14,'603688,石英股份,20.63,21.0,20.33,20.6,20.68,-0.05,-0.2418,2.2684,1818316,37552231.0,4639521960.0,1653700800.0
2016-12-13,'603688,石英股份,20.68,20.84,20.18,20.2,20.27,0.41,2.0227,2.513,2014434,41347653.0,4650766560.0,1657708800.0
2016-12-12,'603688,石英股份,20.27,22.36,20.24,22.2,22.36,-2.09,-9.347,4.422,3544688,75230164.0,4558560840.0,1624843200.0
2016-12-09,'603688,石英股份,22.36,22.5,22.18,22.32,22.47,-0.11,-0.4895,1.8337,1469911,32814782.0,5028585120.0,1792377600.0
2016-12-08,'603688,石英股份,22.47,22.97,22.4,22.89,22.8,-0.33,-1.4474,2.2871,1833322,41559142.0,5053323240.0,1801195200.0
2016-12-07,'603688,石英股份,22.8,22.81,22.42,22.61,22.61,0.19,0.8403,2.8855,2313005,52394648.0,5127537600.0,1827648000.0
2016-12-06,'603688,石英股份,22.61,22.85,22.18,22.18,22.18,0.43,1.9387,4.0853,3274744,74147731.0,5084808120.0,1812417600.0
2016-12-05,'603688,石英股份,22.18,22.23,21.62,21.98,22.01,0.17,0.7724,2.2927,1837796,40481272.0,4988104560.0,1777948800.0
2016-12-02,'603688,石英股份,22.01,23.07,22.0,22.6,22.74,-0.73,-3.2102,3.556,2850493,63985235.0,4949872920.0,1764321600.0
2016-12-01,'603688,石英股份,22.74,22.8,22.44,22.51,22.51,0.23,1.0218,3.3659,2698102,60907573.0,5114044080.0,1822838400.0
2016-11-30,'603688,石英股份,22.51,22.86,22.4,22.59,22.8,-0.29,-1.2719,2.9832,2391351,54086348.0,5062318920.0,1804401600.0
2016-11-29,'603688,石英股份,22.8,23.57,22.78,23.37,23.28,-0.48,-2.0619,4.0698,3262327,75849840.0,5127537600.0,1827648000.0
2016-11-28,'603688,石英股份,23.28,23.42,22.98,23.2,23.29,-0.01,-0.0429,3.6331,2912287,67500251.0,5235485760.0,1866124800.0
2016-11-25,'603688,石英股份,23.29,23.74,22.72,23.73,23.79,-0.5,-2.1017,6.2067,4975301,115208779.0,5237734680.0,1866926400.0
2016-11-24,'603688,石英股份,23.79,24.13,23.52,23.75,23.8,-0.01,-0.042,4.6408,3720050,88536613.0,5350180680.0,1907006400.0
2016-11-23,'603688,石英股份,23.8,24.43,23.56,24.43,24.42,-0.62,-2.5389,8.0995,6492524,155620364.0,5352429600.0,1907808000.0
2016-11-22,'603688,石英股份,24.42,24.89,24.17,24.68,24.91,-0.49,-1.9671,9.8972,7933611,193916807.0,5491862640.0,1957507200.0
2016-11-21,'603688,石英股份,24.91,25.2,23.75,24.05,23.99,0.92,3.8349,10.6198,8512869,208746889.0,5602059720.0,1996785600.0
2016-11-18,'603688,石英股份,23.99,24.94,23.83,24.4,24.3,-0.31,-1.2757,9.2159,7387438,180988782.0,5395159080.0,1923038400.0
2016-11-17,'603688,石英股份,24.3,24.68,24.15,24.29,24.41,-0.11,-0.4506,5.8088,4656360,113472254.0,5464875600.0,1947888000.0
2016-11-16,'603688,石英股份,24.41,24.95,24.32,24.86,24.97,-0.56,-2.2427,9.8126,7865767,192953095.0,5489613720.0,1956705600.0
2016-11-15,'603688,石英股份,24.97,26.0,24.9,26.0,26.57,-1.6,-6.0218,19.9782,16014543,404970140.0,5615553240.0,2001595200.0
2016-11-14,'603688,石英股份,26.57,27.9,24.79,24.98,25.39,1.18,4.6475,29.7946,23883325,622614194.0,5975380440.0,2129851200.0
2016-11-11,'603688,石英股份,25.39,25.98,24.78,25.42,25.41,-0.02,-0.0787,21.0813,16898748,425622016.0,5710007880.0,2035262400.0
2016-11-10,'603688,石英股份,25.41,25.41,23.11,23.29,23.1,2.31,10.0,24.6218,19736833,488407535.0,5714505720.0,2036865600.0
2016-11-09,'603688,石英股份,23.1,23.73,22.6,22.68,22.79,0.31,1.3602,15.9323,12771294,296904367.0,5195005200.0,1851696000.0
2016-11-08,'603688,石英股份,22.79,22.82,21.82,22.23,22.15,0.64,2.8894,7.9585,6379502,142151069.0,5125288680.0,1826846400.0
2016-11-07,'603688,石英股份,22.15,22.34,21.92,22.34,22.33,-0.18,-0.8061,4.687,3757130,82992789.0,4981357800.0,1775544000.0
2016-11-04,'603688,石英股份,22.33,22.39,21.45,21.55,21.6,0.73,3.3796,9.4944,7610694,168058261.0,5021838360.0,1789972800.0
2016-11-03,'603688,石英股份,21.6,21.92,21.5,21.54,21.67,-0.07,-0.323,5.3565,4293749,93178382.0,4857667200.0,1731456000.0
2016-11-02,'603688,石英股份,21.67,21.99,21.56,21.83,21.83,-0.16,-0.7329,6.4237,5149226,111971807.0,4873409640.0,1737067200.0
2016-11-01,'603688,石英股份,21.83,22.57,21.11,21.22,21.22,0.61,2.8746,9.9854,8004264,174396056.0,4909392360.0,1749892800.0
2016-10-31,'603688,石英股份,21.22,21.33,20.58,20.8,20.86,0.36,1.7258,4.9141,3939104,83130461.0,4772208240.0,1700995200.0
2016-10-28,'603688,石英股份,20.86,21.3,20.72,21.07,21.09,-0.23,-1.0906,3.7102,2974126,62418793.0,4691247120.0,1672137600.0
2016-10-27,'603688,石英股份,21.09,21.1,20.67,20.76,20.81,0.28,1.3455,3.666,2938662,61505659.0,4742972280.0,1690574400.0
2016-10-26,'603688,石英股份,20.81,21.01,20.6,20.9,21.01,-0.2,-0.9519,3.065,2456865,51105436.0,4680002520.0,1668129600.0
2016-10-25,'603688,石英股份,21.01,21.19,20.68,20.73,20.67,0.34,1.6449,6.6481,5329082,111950955.0,4724980920.0,1684161600.0
2016-10-24,'603688,石英股份,20.67,20.69,20.22,20.35,20.36,0.31,1.5226,3.009,2411993,49496383.0,4648517640.0,1656907200.0
2016-10-21,'603688,石英股份,20.36,20.7,20.07,20.7,20.66,-0.3,-1.4521,2.9929,2399107,48859770.0,4578801120.0,1632057600.0
2016-10-20,'603688,石英股份,20.66,20.75,20.38,20.58,20.58,0.08,0.3887,2.8264,2265625,46581910.0,4646268720.0,1656105600.0
2016-10-19,'603688,石英股份,20.58,20.8,20.48,20.7,20.68,-0.1,-0.4836,2.8388,2275548,46952492.0,4628277360.0,1649692800.0
2016-10-18,'603688,石英股份,20.68,20.69,20.21,20.26,20.23,0.45,2.2244,2.8077,2250666,46188811.0,4650766560.0,1657708800.0
2016-10-17,'603688,石英股份,20.23,20.79,20.16,20.57,20.57,-0.34,-1.6529,2.7651,2216509,45402140.0,4549565160.0,1621636800.0
2016-10-14,'603688,石英股份,20.57,20.74,20.41,20.6,20.68,-0.11,-0.5319,2.5126,2014082,41359179.0,4626028440.0,1648891200.0
2016-10-13,'603688,石英股份,20.68,20.81,20.54,20.8,20.77,-0.09,-0.4333,3.092,2478571,51230803.0,4650766560.0,1657708800.0
2016-10-12,'603688,石英股份,20.77,21.47,20.58,21.47,20.66,0.11,0.5324,5.0,4007985,83720654.0,4671006840.0,1664923200.0
2016-10-11,'603688,石英股份,20.66,20.75,20.38,20.6,20.62,0.04,0.194,3.5826,2871828,58970854.0,4646268720.0,1656105600.0
2016-10-10,'603688,石英股份,20.62,20.8,20.16,20.28,20.28,0.34,1.6765,4.9967,4005351,82061982.0,4637273040.0,1652899200.0
2016-09-30,'603688,石英股份,20.28,20.35,19.62,19.76,19.83,0.45,2.2693,3.195,2561134,51235409.0,4560809760.0,1625644800.0
2016-09-29,'603688,石英股份,19.83,19.96,19.67,19.69,19.76,0.07,0.3543,1.9519,1564618,30984487.0,4459608360.0,1589572800.0
2016-09-28,'603688,石英股份,19.76,19.88,19.62,19.81,19.81,-0.05,-0.2524,1.689,1353878,26700984.0,4443865920.0,1583961600.0
2016-09-27,'603688,石英股份,19.81,19.83,19.43,19.6,19.74,0.07,0.3546,2.1067,1688764,33130874.0,4455110520.0,1587969600.0
2016-09-26,'603688,石英股份,19.74,20.5,19.4,20.45,20.43,-0.69,-3.3774,4.7242,3786946,75537149.0,4439368080.0,1582358400.0
2016-09-23,'603688,石英股份,20.43,20.56,20.25,20.42,20.45,-0.02,-0.0978,3.644,2920995,59493461.0,4594543560.0,1637668800.0
2016-09-22,'603688,石英股份,20.45,20.8,20.42,20.8,20.71,-0.26,-1.2554,6.9593,5578612,114636245.0,4599041400.0,1639272000.0
2016-09-21,'603688,石英股份,20.71,20.93,19.64,19.76,19.73,0.98,4.9671,7.6065,6097339,125121836.0,4657513320.0,1660113600.0
2016-09-20,'603688,石英股份,19.73,19.8,19.52,19.73,19.77,-0.04,-0.2023,1.7808,1427513,28020380.0,4437119160.0,1581556800.0
2016-09-19,'603688,石英股份,19.77,19.78,19.54,19.61,19.61,0.16,0.8159,2.131,1708249,33564319.0,4446114840.0,1584763200.0
2016-09-14,'603688,石英股份,19.61,19.78,19.38,19.59,19.79,-0.18,-0.9096,2.7023,2166172,42421346.0,4410132120.0,1571937600.0
2016-09-13,'603688,石英股份,19.79,19.85,19.08,19.11,19.06,0.73,3.83,3.482,2791178,54353658.0,4450612680.0,1586366400.0
2016-09-12,'603688,石英股份,19.06,19.5,19.03,19.3,19.81,-0.75,-3.786,2.7623,2214277,42623014.0,4286441520.0,1527849600.0
2016-09-09,'603688,石英股份,19.81,20.35,19.8,20.28,20.27,-0.46,-2.2694,3.1901,2557193,51260006.0,4455110520.0,1587969600.0
2016-09-08,'603688,石英股份,20.27,20.35,19.9,20.2,20.17,0.1,0.4958,3.5736,2864602,57841022.0,4558560840.0,1624843200.0
2016-09-07,'603688,石英股份,20.17,20.46,19.71,19.75,19.8,0.37,1.8687,5.9975,4807574,96903223.0,4536071640.0,1616827200.0
2016-09-06,'603688,石英股份,19.8,19.83,19.26,19.63,19.64,0.16,0.8147,3.2379,2595465,50830357.0,4452861600.0,1587168000.0
2016-09-05,'603688,石英股份,19.64,19.76,19.44,19.6,19.63,0.01,0.0509,3.0306,2429319,47701242.0,4416878880.0,1574342400.0
2016-09-02,'603688,石英股份,19.63,19.85,19.43,19.72,19.68,-0.05,-0.2541,2.8589,2291732,45031027.0,4414629960.0,1573540800.0
2016-09-01,'603688,石英股份,19.68,19.9,19.51,19.55,19.54,0.14,0.7165,3.6533,2928470,57686031.0,4425874560.0,1577548800.0
2016-08-31,'603688,石英股份,19.54,19.67,19.42,19.63,19.62,-0.08,-0.4077,1.9479,1561459,30499036.0,4394389680.0,1566326400.0
2016-08-30,'603688,石英股份,19.62,19.77,19.56,19.72,19.66,-0.04,-0.2035,2.2559,1808312,35518225.0,4412381040.0,1572739200.0
2016-08-29,'603688,石英股份,19.66,19.81,19.43,19.43,19.58,0.08,0.4086,2.1929,1757838,34587652.0,4421376720.0,1575945600.0
2016-08-26,'603688,石英股份,19.58,19.74,19.27,19.27,19.32,0.26,1.3458,2.7501,2204494,43221239.0,4403385360.0,1569532800.0
2016-08-25,'603688,石英股份,19.32,19.6,18.5,19.6,19.64,-0.32,-1.6293,2.3047,1847442,35578421.0,4344913440.0,1548691200.0
2016-08-24,'603688,石英股份,19.64,19.97,19.52,19.97,19.46,0.18,0.925,2.8548,2288422,45065419.0,4416878880.0,1574342400.0
2016-08-23,'603688,石英股份,19.46,19.71,19.35,19.48,19.53,-0.07,-0.3584,1.6839,1349789,26321801.0,4376398320.0,1559913600.0
2016-08-22,'603688,石英股份,19.53,19.75,19.35,19.52,19.46,0.07,0.3597,3.7234,2984715,58340787.0,4392140760.0,1565524800.0
2016-08-19,'603688,石英股份,19.46,19.54,19.25,19.5,19.74,-0.28,-1.4184,4.4614,3576268,69246160.0,4376398320.0,1559913600.0
2016-08-18,'603688,石英股份,19.74,19.94,19.68,19.86,19.99,-0.25,-1.2506,3.2903,2637478,52177227.0,4439368080.0,1582358400.0
2016-08-17,'603688,石英股份,19.99,20.09,19.66,19.9,19.96,0.03,0.1503,3.2698,2621045,51853003.0,4495591080.0,1602398400.0
2016-08-16,'603688,石英股份,19.96,20.11,19.71,19.8,19.81,0.15,0.7572,2.5115,2013194,40046180.0,4467048000.0,1599993600.0
2016-08-15,'603688,石英股份,19.81,19.84,19.11,19.11,19.19,0.62,3.2308,3.3812,2710379,53123732.0,4433478000.0,1587969600.0
2016-08-12,'603688,石英股份,19.19,19.25,18.86,18.9,18.89,0.3,1.5881,2.1947,1759232,33556994.0,4294722000.0,1538270400.0
2016-08-11,'603688,石英股份,18.89,19.7,18.87,19.7,19.79,-0.9,-4.5478,5.6409,4521718,86845665.0,4227582000.0,1514222400.0
2016-08-10,'603688,石英股份,19.79,19.94,19.71,19.94,19.89,-0.1,-0.5028,1.9669,1576655,31237160.0,4429002000.0,1586366400.0
2016-08-09,'603688,石英股份,19.89,19.98,19.35,19.35,19.45,0.44,2.2622,2.3449,1879662,36897969.0,4451382000.0,1594382400.0
2016-08-08,'603688,石英股份,19.45,19.48,18.98,19.27,19.32,0.13,0.6729,2.018,1617612,30999698.0,4352910000.0,1559112000.0
2016-08-05,'603688,石英股份,19.32,19.55,19.28,19.4,19.46,-0.14,-0.7194,1.6266,1303859,25334010.0,4323816000.0,1548691200.0
2016-08-04,'603688,石英股份,19.46,19.5,19.21,19.35,19.38,0.08,0.4128,1.9997,1602959,31028553.0,4355148000.0,1559913600.0
2016-08-03,'603688,石英股份,19.38,19.46,19.2,19.34,19.34,0.04,0.2068,1.4267,1143652,22152952.0,4337244000.0,1553500800.0
2016-08-02,'603688,石英股份,19.34,19.38,18.98,18.98,19.13,0.21,1.0978,1.7191,1378052,26582103.0,4328292000.0,1550294400.0
2016-08-01,'603688,石英股份,19.13,19.37,18.6,19.2,19.04,0.09,0.4727,2.8922,2318367,43920517.0,4281294000.0,1533460800.0
2016-07-29,'603688,石英股份,19.04,19.47,18.77,19.39,19.38,-0.34,-1.7544,2.4558,1968556,37522553.0,4261152000.0,1526246400.0
2016-07-28,'603688,石英股份,19.38,19.55,19.02,19.28,19.22,0.16,0.8325,3.2381,2595664,50030962.0,4337244000.0,1553500800.0
2016-07-27,'603688,石英股份,19.22,20.99,19.08,20.95,20.9,-1.68,-8.0383,5.7968,4646682,92134981.0,4301436000.0,1540675200.0
2016-07-26,'603688,石英股份,20.9,20.99,20.5,20.54,20.64,0.26,1.2597,2.7033,2166946,45033491.0,4677420000.0,1675344000.0
2016-07-25,'603688,石英股份,20.64,20.85,20.47,20.51,20.81,-0.17,-0.8169,2.3811,1908700,39408492.0,4619232000.0,1654502400.0
2016-07-22,'603688,石英股份,20.81,21.4,20.62,21.4,21.2,-0.39,-1.8396,3.7847,3033842,63445879.0,4657278000.0,1668129600.0
2016-07-21,'603688,石英股份,21.2,21.46,21.12,21.29,21.39,-0.19,-0.8883,3.6291,2909101,61895904.0,4744560000.0,1699392000.0
2016-07-20,'603688,石英股份,21.39,21.64,21.11,21.44,21.46,-0.07,-0.3262,3.6609,2934542,62716012.0,4787082000.0,1714622400.0
2016-07-19,'603688,石英股份,21.46,21.5,20.92,21.06,21.07,0.39,1.851,3.4322,2751253,58446597.0,4802748000.0,1720233600.0
2016-07-18,'603688,石英股份,21.07,21.36,20.77,21.35,21.48,-0.41,-1.9088,3.7502,3006177,63169800.0,4715466000.0,1688971200.0
2016-07-15,'603688,石英股份,21.48,21.65,21.1,21.29,21.34,0.14,0.656,3.4413,2758506,58974864.0,4807224000.0,1721836800.0
2016-07-14,'603688,石英股份,21.34,21.56,21.2,21.56,21.6,-0.26,-1.2037,3.1464,2522151,53747665.0,4775892000.0,1710614400.0
2016-07-13,'603688,石英股份,21.6,21.66,21.08,21.15,21.11,0.49,2.3212,5.4681,4383190,94073184.0,4834080000.0,1731456000.0
2016-07-12,'603688,石英股份,21.11,21.45,20.33,21.33,21.44,-0.33,-1.5392,8.1315,6518212,136200654.0,4724418000.0,1692177600.0
2016-07-11,'603688,石英股份,21.44,21.98,21.4,21.5,21.53,-0.09,-0.418,6.309,5057263,109842922.0,4798272000.0,1718630400.0
2016-07-08,'603688,石英股份,21.53,21.81,21.31,21.53,21.64,-0.11,-0.5083,6.0337,4836593,104026703.0,4818414000.0,1725844800.0
2016-07-07,'603688,石英股份,21.64,22.24,21.37,22.02,22.4,-0.76,-3.3929,9.1696,7350371,159007979.0,4843032000.0,1734662400.0
2016-07-06,'603688,石英股份,22.4,22.98,21.86,22.05,21.91,0.49,2.2364,9.6622,7745206,174259035.0,5013120000.0,1795584000.0
2016-07-05,'603688,石英股份,21.91,22.04,21.61,21.95,21.83,0.08,0.3665,6.0819,4875234,106389668.0,4903458000.0,1756305600.0
2016-07-04,'603688,石英股份,21.83,22.51,21.0,21.23,21.58,0.25,1.1585,12.2261,9800469,215661628.0,4885554000.0,1749892800.0
2016-07-01,'603688,石英股份,21.58,21.69,20.66,20.88,20.82,0.76,3.6503,11.4969,9215940,195263416.0,4829604000.0,1729852800.0
2016-06-30,'603688,石英股份,20.82,21.85,20.37,20.37,20.26,0.56,2.7641,12.8575,10306553,218216022.0,4659516000.0,1668931200.0
2016-06-29,'603688,石英股份,20.26,20.38,19.86,20.2,20.29,-0.03,-0.1479,6.6513,5331698,107265977.0,4534188000.0,1624041600.0
2016-06-28,'603688,石英股份,20.29,20.38,19.41,19.58,19.58,0.71,3.6261,9.4632,7585732,150877577.0,4540902000.0,1626446400.0
2016-06-27,'603688,石英股份,19.58,19.79,18.56,18.7,18.51,1.07,5.7807,8.1963,6570139,127445250.0,4382004000.0,1569532800.0
2016-06-24,'603688,XD石英股,18.51,19.05,17.9,18.92,18.83,-0.32,-1.6994,3.521,2822419,52214070.0,4142538000.0,1483761600.0
2016-06-23,'603688,石英股份,18.93,19.34,18.72,19.22,19.16,-0.23,-1.2004,3.9457,3162859,60039076.0,4236534000.0,1517428800.0
2016-06-22,'603688,石英股份,19.16,19.2,18.61,18.8,18.82,0.34,1.8066,3.7202,2982150,56550684.0,4288008000.0,1535865600.0
2016-06-21,'603688,石英股份,18.82,19.6,18.53,19.5,19.43,-0.61,-3.1395,5.1963,4165374,79709570.0,4211916000.0,1508611200.0
2016-06-20,'603688,石英股份,19.43,19.48,18.82,18.92,18.9,0.53,2.8042,4.967,3981573,76569076.0,4348434000.0,1557508800.0
2016-06-17,'603688,石英股份,18.9,19.2,18.67,19.0,18.89,0.01,0.0529,4.9126,3937918,74417305.0,4229820000.0,1515024000.0
2016-06-16,'603688,石英股份,18.89,19.29,18.51,18.57,18.57,0.32,1.7232,6.3485,5088933,96741906.0,4227582000.0,1514222400.0
2016-06-15,'603688,石英股份,18.57,18.74,17.42,17.75,17.81,0.76,4.2673,4.6676,3741539,68798539.0,4155966000.0,1488571200.0
2016-06-14,'603688,石英股份,17.81,17.85,17.38,17.7,17.79,0.02,0.1124,4.0681,3260997,57414457.0,3985878000.0,1427649600.0
2016-06-13,'603688,石英股份,17.79,19.31,17.66,19.3,19.41,-1.62,-8.3462,6.6778,5352961,99929812.0,3981402000.0,1426046400.0
2016-06-08,'603688,石英股份,19.41,19.88,18.58,18.88,18.78,0.63,3.3546,8.2925,6647232,127877158.0,4343958000.0,1555905600.0
2016-06-07,'603688,石英股份,18.78,18.88,18.28,18.6,18.61,0.17,0.9135,4.3152,3459095,64228875.0,4202964000.0,1505404800.0
2016-06-06,'603688,石英股份,18.61,18.77,18.18,18.18,18.17,0.44,2.4216,5.3746,4308289,79719211.0,4164918000.0,1491777600.0
2016-06-03,'603688,石英股份,18.17,18.29,17.91,18.13,18.16,0.01,0.0551,3.9835,3193183,57815586.0,4066446000.0,1456507200.0
2016-06-02,'603688,石英股份,18.16,18.2,17.9,18.0,18.0,0.16,0.8889,3.6274,2907734,52498894.0,4064208000.0,1455705600.0
2016-06-01,'603688,石英股份,18.0,18.18,17.66,17.88,17.78,0.22,1.2373,4.8256,3868216,69423237.0,4028400000.0,1442880000.0
2016-05-31,'603688,石英股份,17.78,17.89,17.11,17.11,17.02,0.76,4.4653,4.54,3639287,64205543.0,3979164000.0,1425244800.0
2016-05-30,'603688,石英股份,17.02,17.46,16.7,16.9,17.11,-0.09,-0.526,2.9445,2360324,40503743.0,3809076000.0,1364323200.0
2016-05-27,'603688,石英股份,17.11,17.29,17.08,17.09,17.19,-0.08,-0.4654,2.4925,1997997,34328446.0,3829218000.0,1371537600.0
2016-05-26,'603688,石英股份,17.19,17.45,16.71,17.26,17.35,-0.16,-0.9222,3.0013,2405875,40987584.0,3847122000.0,1377950400.0
2016-05-25,'603688,石英股份,17.35,17.81,17.31,17.6,17.47,-0.12,-0.6869,2.1634,1734172,30403289.0,3882930000.0,1390776000.0
2016-05-24,'603688,石英股份,17.47,17.96,17.28,17.85,17.94,-0.47,-2.6198,3.5191,2820921,49508864.0,3909786000.0,1400395200.0
2016-05-23,'603688,石英股份,17.94,18.12,17.8,18.0,18.16,-0.22,-1.2115,4.6563,3732522,66862654.0,4014972000.0,1438070400.0
2016-05-20,'603688,石英股份,18.16,18.26,17.31,17.7,17.44,0.72,4.1284,6.9577,5577322,99279631.0,4064208000.0,1455705600.0
2016-05-19,'603688,石英股份,17.44,17.49,16.7,16.7,16.81,0.63,3.7478,2.8826,2310662,39584575.0,3903072000.0,1397990400.0
2016-05-18,'603688,石英股份,16.81,17.35,16.2,16.9,17.23,-0.42,-2.4376,1.8924,1516912,25335734.0,3762078000.0,1347489600.0
2016-05-17,'603688,石英股份,17.23,17.47,17.06,17.21,17.26,-0.03,-0.1738,1.617,1296200,22393973.0,3856074000.0,1381156800.0
2016-05-16,'603688,石英股份,17.26,17.27,16.66,16.96,16.96,0.3,1.7689,1.6786,1345603,22937135.0,3862788000.0,1383561600.0
2016-05-13,'603688,石英股份,16.96,17.5,16.83,17.15,17.12,-0.16,-0.9346,1.6453,1318910,22586772.0,3795648000.0,1359513600.0
2016-05-12,'603688,石英股份,17.12,17.2,16.26,16.78,16.88,0.24,1.4218,1.5334,1229185,20710333.0,3831456000.0,1372339200.0
2016-05-11,'603688,石英股份,16.88,17.35,16.85,17.24,17.13,-0.25,-1.4594,1.3112,1051075,18002258.0,3777744000.0,1353100800.0
2016-05-10,'603688,石英股份,17.13,17.29,16.61,17.12,16.93,0.2,1.1813,1.562,1252075,21410545.0,3833694000.0,1373140800.0
2016-05-09,'603688,石英股份,16.93,18.1,16.78,18.08,18.15,-1.22,-6.7218,2.9504,2365036,40984126.0,3788934000.0,1357108800.0
2016-05-06,'603688,石英股份,18.15,19.1,18.13,18.95,19.02,-0.87,-4.5741,3.7511,3006913,55884377.0,4061970000.0,1454904000.0
2016-05-05,'603688,石英股份,19.02,19.09,18.61,18.63,18.75,0.27,1.44,2.7301,2188475,41317029.0,4256676000.0,1524643200.0
2016-05-04,'603688,石英股份,18.75,18.99,18.52,18.55,18.8,-0.05,-0.266,3.067,2458485,46151758.0,4196250000.0,1503000000.0
2016-05-03,'603688,石英股份,18.8,18.81,17.66,17.79,17.74,1.06,5.9752,4.6593,3734855,68514581.0,4207440000.0,1507008000.0
2016-04-29,'603688,石英股份,17.74,18.0,17.62,17.99,18.14,-0.4,-2.2051,3.9534,3030713,53931536.0,3970212000.0,1359948400.0
2016-04-28,'603688,石英股份,18.14,18.54,17.64,18.39,18.43,-0.29,-1.5735,3.1352,2403411,43267835.0,4059732000.0,1390612400.0
2016-04-27,'603688,石英股份,18.43,18.88,18.32,18.69,18.78,-0.35,-1.8637,3.3605,2576128,48059330.0,4124634000.0,1412843800.0
2016-04-26,'603688,石英股份,18.78,18.8,18.33,18.46,18.49,0.29,1.5684,2.6748,2050482,38018315.0,4202964000.0,1439674800.0
2016-04-25,'603688,石英股份,18.49,18.68,18.09,18.39,18.55,-0.06,-0.3235,2.7779,2129552,39106793.0,4138062000.0,1417443400.0
2016-04-22,'603688,石英股份,18.55,18.64,18.09,18.09,18.39,0.16,0.87,3.1458,2411563,44208094.0,4151490000.0,1422043000.0
2016-04-21,'603688,石英股份,18.39,19.1,18.0,18.6,18.91,-0.52,-2.7499,5.2499,4024574,75234136.0,4115682000.0,1409777400.0
2016-04-20,'603688,石英股份,18.91,20.47,18.4,19.99,20.21,-1.3,-6.4325,8.636,6620344,129331520.0,4232058000.0,1449640600.0
2016-04-19,'603688,石英股份,20.21,20.91,20.21,20.4,22.45,-2.24,-9.9777,15.8485,12149492,249219597.0,4522998000.0,1549298600.0
2016-04-18,'603688,石英股份,22.45,22.8,20.96,21.6,21.97,0.48,2.1848,10.6263,8146087,178471729.0,5024310000.0,1721017000.0
2016-04-15,'603688,石英股份,21.97,21.99,20.89,21.5,21.72,0.25,1.151,7.2908,5589125,119826964.0,4916886000.0,1684220200.0
2016-04-14,'603688,石英股份,21.72,21.83,20.32,20.52,20.59,1.13,5.4881,8.0491,6170431,129921492.0,4860936000.0,1665055200.0
2016-04-13,'603688,石英股份,20.59,21.17,20.11,20.3,20.2,0.39,1.9307,9.2887,7120707,146806408.0,4608042000.0,1578429400.0
2016-04-12,'603688,石英股份,20.2,20.25,19.35,19.35,19.57,0.63,3.2192,6.7541,5177663,103116909.0,4520760000.0,1548532000.0
2016-04-11,'603688,石英股份,19.57,19.77,19.02,19.18,18.99,0.58,3.0542,3.76,2882379,56340671.0,4379766000.0,1500236200.0
2016-04-08,'603688,石英股份,18.99,19.15,18.55,18.55,18.87,0.12,0.6359,2.3964,1837052,34574990.0,4249962000.0,1455773400.0
2016-04-07,'603688,石英股份,18.87,19.54,18.86,19.2,19.21,-0.34,-1.7699,3.4582,2651028,50830091.0,4223106000.0,1446574200.0
2016-04-06,'603688,石英股份,19.21,19.38,19.02,19.1,19.21,0.0,0.0,3.3282,2551368,48987105.0,4299198000.0,1472638600.0
2016-04-05,'603688,石英股份,19.21,19.27,18.58,18.65,18.7,0.51,2.7273,4.051,3105526,59065643.0,4299198000.0,1472638600.0
2016-04-01,'603688,石英股份,18.7,19.48,18.35,19.48,19.39,-0.69,-3.5585,6.2758,4811011,90020290.0,4185060000.0,1433542000.0
2016-03-31,'603688,石英股份,19.39,20.35,19.35,19.7,19.96,-0.57,-2.8557,9.6345,7385816,145891794.0,4339482000.0,1486437400.0
2016-03-30,'603688,石英股份,19.96,20.2,18.3,18.5,18.36,1.6,8.7146,7.5169,5762432,112296809.0,4467048000.0,1530133600.0
2016-03-29,'603688,石英股份,18.36,18.9,17.93,18.7,18.75,-0.39,-2.08,2.9023,2224935,40644430.0,4108968000.0,1407477600.0
2016-03-28,'603688,石英股份,18.75,19.5,18.68,19.02,19.22,-0.47,-2.4454,3.207,2458460,46980053.0,4196250000.0,1437375000.0
2016-03-25,'603688,石英股份,19.22,19.5,18.61,18.61,18.97,0.25,1.3179,3.4467,2642213,50271119.0,4301436000.0,1473405200.0
2016-03-24,'603688,石英股份,18.97,19.88,18.3,18.5,18.79,0.18,0.958,6.3662,4880362,94152498.0,4245486000.0,1454240200.0
2016-03-23,'603688,石英股份,18.79,18.82,18.22,18.46,18.46,0.33,1.7876,3.9299,3012675,55590768.0,4205202000.0,1440441400.0
2016-03-22,'603688,石英股份,18.46,18.47,17.57,17.71,17.9,0.56,3.1285,5.774,4426369,80355653.0,4131348000.0,1415143600.0
2016-03-21,'603688,石英股份,17.9,17.97,17.5,17.94,17.59,0.31,1.7624,4.2261,3239724,57428618.0,4006020000.0,1372214000.0
2016-03-18,'603688,石英股份,17.59,17.69,17.0,17.0,16.99,0.6,3.5315,4.9049,3760127,65395859.0,3936642000.0,1348449400.0
2016-03-17,'603688,石英股份,16.99,17.12,16.5,16.5,16.5,0.49,2.9697,2.9379,2252188,37972484.0,3802362000.0,1302453400.0
2016-03-16,'603688,石英股份,16.5,16.88,16.4,16.68,16.65,-0.15,-0.9009,2.2442,1720424,28581043.0,3692700000.0,1264890000.0
2016-03-15,'603688,石英股份,16.65,17.01,16.47,17.01,16.94,-0.29,-1.7119,2.2596,1732172,28921329.0,3726270000.0,1276389000.0
2016-03-14,'603688,石英股份,16.94,17.18,16.35,16.35,16.22,0.72,4.439,2.7806,2131604,36124624.0,3791172000.0,1298620400.0
2016-03-11,'603688,石英股份,16.22,16.24,15.62,16.0,16.17,0.05,0.3092,1.7266,1323625,21199258.0,3630036000.0,1243425200.0
2016-03-10,'603688,石英股份,16.17,16.93,16.12,16.7,16.71,-0.54,-3.2316,2.1912,1679736,27650554.0,3618846000.0,1239592200.0
2016-03-09,'603688,石英股份,16.71,17.3,16.6,17.05,17.73,-1.02,-5.753,4.9093,3763473,63837663.0,3739698000.0,1280988600.0
2016-03-08,'603688,石英股份,17.73,17.79,16.1,16.27,16.27,1.46,8.9736,7.7062,5907567,100584334.0,3967974000.0,1359181800.0
2016-03-07,'603688,石英股份,16.27,16.3,15.99,15.99,15.83,0.44,2.7795,2.0204,1548846,25061195.0,3641226000.0,1247258200.0
2016-03-04,'603688,石英股份,15.83,16.63,15.27,16.63,16.51,-0.68,-4.1187,2.3993,1839274,29505037.0,3542754000.0,1213527800.0
2016-03-03,'603688,石英股份,16.51,16.75,16.16,16.38,16.38,0.13,0.7937,2.6728,2048987,33927558.0,3694938000.0,1265656600.0
2016-03-02,'603688,石英股份,16.38,16.46,15.45,15.48,15.58,0.8,5.1348,2.4012,1840774,29454472.0,3665844000.0,1255690800.0
2016-03-01,'603688,石英股份,15.58,15.61,15.04,15.08,15.03,0.55,3.6593,2.1042,1613050,24783804.0,3486804000.0,1194362800.0
2016-02-29,'603688,石英股份,15.03,16.6,14.66,15.87,16.15,-1.12,-6.935,2.4549,1881928,28618679.0,3363714000.0,1152199800.0
2016-02-26,'603688,石英股份,16.15,16.63,15.79,16.3,16.13,0.02,0.124,1.8374,1408517,22946262.0,3614370000.0,1238059000.0
2016-02-25,'603688,石英股份,16.13,17.85,16.12,17.85,17.9,-1.77,-9.8883,3.1891,2444777,41244676.0,3609894000.0,1236525800.0
2016-02-24,'603688,石英股份,17.9,18.16,17.29,17.8,17.99,-0.09,-0.5003,2.1647,1659434,29510272.0,4006020000.0,1372214000.0
2016-02-23,'603688,石英股份,17.99,18.5,17.66,18.5,17.92,0.07,0.3906,3.1211,2392619,43218289.0,4026162000.0,1379113400.0
2016-02-22,'603688,石英股份,17.92,18.09,17.75,18.0,17.55,0.37,2.1083,2.2359,1714050,30712689.0,4010496000.0,1373747200.0
2016-02-19,'603688,石英股份,17.55,17.68,17.41,17.5,17.42,0.13,0.7463,1.5418,1181953,20769309.0,3927690000.0,1345383000.0
2016-02-18,'603688,石英股份,17.42,17.96,17.4,17.85,17.68,-0.26,-1.4706,2.1671,1661305,29388206.0,3898596000.0,1335417200.0
2016-02-17,'603688,石英股份,17.68,17.75,17.31,17.49,17.58,0.1,0.5688,2.2608,1733152,30429486.0,3956784000.0,1355348800.0
2016-02-16,'603688,石英股份,17.58,17.66,17.06,17.2,17.01,0.57,3.351,2.145,1644332,28772596.0,3934404000.0,1347682800.0
2016-02-15,'603688,石英股份,17.01,17.26,16.16,16.32,17.06,-0.05,-0.2931,1.7229,1320777,22283658.0,3806838000.0,1303986600.0
2016-02-05,'603688,石英股份,17.06,17.35,17.01,17.35,17.14,-0.08,-0.4667,1.6408,1257800,21566267.0,3818028000.0,1307819600.0
2016-02-04,'603688,石英股份,17.14,17.38,16.51,16.79,16.79,0.35,2.0846,2.254,1727940,29638827.0,3835932000.0,1313952400.0
2016-02-03,'603688,石英股份,16.79,16.84,16.2,16.23,16.58,0.21,1.2666,1.8713,1434515,23803524.0,3757602000.0,1287121400.0
2016-02-02,'603688,石英股份,16.58,16.8,15.71,15.79,15.96,0.62,3.8847,2.0264,1553457,25680982.0,3710604000.0,1271022800.0
2016-02-01,'603688,石英股份,15.96,16.35,15.66,15.8,15.65,0.31,1.9808,2.1786,1670105,26734966.0,3571848000.0,1223493600.0
2016-01-29,'603688,石英股份,15.65,15.98,14.61,14.73,14.74,0.91,6.1737,2.5661,1967205,30221232.0,3502470000.0,1199729000.0
2016-01-28,'603688,石英股份,14.74,16.09,14.5,15.58,16.01,-1.27,-7.9325,1.9141,1467311,22665436.0,3298812000.0,1129968400.0
2016-01-27,'603688,石英股份,16.01,16.8,15.15,16.46,16.28,-0.27,-1.6585,2.8429,2179345,34550693.0,3583038000.0,1227326600.0
2016-01-26,'603688,石英股份,16.28,17.74,16.17,17.5,17.66,-1.38,-7.8143,2.9561,2266182,38562919.0,3643464000.0,1248024800.0
2016-01-25,'603688,石英股份,17.66,17.9,17.25,17.29,17.2,0.46,2.6744,2.7107,2078042,36537287.0,3952308000.0,1353815600.0
2016-01-22,'603688,石英股份,17.2,17.36,16.53,17.0,16.87,0.33,1.9561,2.446,1875141,31967637.0,3849360000.0,1318552000.0
2016-01-21,'603688,石英股份,16.87,17.87,16.84,17.41,17.64,-0.77,-4.3651,2.9589,2268326,39631433.0,3775506000.0,1293254200.0
2016-01-20,'603688,石英股份,17.64,17.95,17.3,17.4,17.65,-0.01,-0.0567,3.3248,2548754,44888669.0,3947832000.0,1352282400.0
2016-01-19,'603688,石英股份,17.65,17.78,16.83,16.99,16.98,0.67,3.9458,3.0518,2339491,40540690.0,3950070000.0,1353049000.0
2016-01-18,'603688,石英股份,16.98,17.32,16.13,16.25,16.54,0.44,2.6602,2.286,1752483,29532372.0,3800124000.0,1301686800.0
2016-01-15,'603688,石英股份,16.54,17.6,16.3,17.15,17.47,-0.93,-5.3234,2.7264,2090021,35458401.0,3701652000.0,1267956400.0
2016-01-14,'603688,石英股份,17.47,17.55,15.92,16.06,16.74,0.73,4.3608,2.5427,1949236,32839152.0,3909786000.0,1339250200.0
2016-01-13,'603688,石英股份,16.74,17.8,16.7,17.77,17.41,-0.67,-3.8484,2.6168,2006028,34903487.0,3746412000.0,1283288400.0
2016-01-12,'603688,石英股份,17.41,17.74,16.7,17.16,17.11,0.3,1.7534,2.7106,2077948,35907102.0,3896358000.0,1334650600.0
2016-01-11,'603688,石英股份,17.11,18.95,17.11,18.53,19.01,-1.9,-9.9947,3.9805,3051459,54538155.0,3829218000.0,1311652600.0
2016-01-08,'603688,石英股份,19.01,19.8,17.28,19.52,18.94,0.07,0.3696,4.7368,3631268,69119611.0,4254438000.0,1457306600.0
2016-01-07,'603688,石英股份,18.94,20.6,18.94,20.6,21.04,-2.1,-9.981,1.1184,857400,16863795.0,4238772000.0,1451940400.0
2016-01-06,'603688,石英股份,21.04,21.17,20.25,20.67,20.28,0.76,3.7475,3.8958,2986501,61893422.0,4708752000.0,1612926400.0
2016-01-05,'603688,石英股份,20.28,21.48,19.5,20.13,21.53,-1.25,-5.8059,6.1012,4677184,95654696.0,4538664000.0,1554664800.0
2016-01-04,'603688,石英股份,21.53,23.91,21.53,23.91,23.92,-2.39,-9.9916,4.441,3404441,76576313.0,4818414000.0,1650489800.0
2015-12-31,'603688,石英股份,23.92,25.13,23.89,25.13,25.14,-1.22,-4.8528,5.0051,3836931,93715657.0,5353296000.0,1833707200.0
2015-12-30,'603688,石英股份,25.14,25.6,24.62,25.16,25.37,-0.23,-0.9066,6.8035,5215574,130130417.0,5626332000.0,1927232400.0
2015-12-29,'603688,石英股份,25.37,25.78,24.98,25.15,25.55,-0.18,-0.7045,5.4994,4215845,106600393.0,5677806000.0,1944864200.0
2015-12-28,'603688,石英股份,25.55,26.24,24.91,25.4,25.64,-0.09,-0.351,11.5564,8859115,226672797.0,5718090000.0,1958663000.0
2015-12-25,'603688,石英股份,25.64,25.73,23.8,23.95,23.88,1.76,7.3702,6.2423,4785349,117885977.0,5738232000.0,1965562400.0
2015-12-24,'603688,石英股份,23.88,23.99,23.25,23.71,24.09,-0.21,-0.8717,4.8917,3749945,88303455.0,5344344000.0,1830640800.0
2015-12-23,'603688,石英股份,24.09,25.18,24.0,24.62,24.84,-0.75,-3.0193,7.2923,5590291,137693294.0,5391342000.0,1846739400.0
2015-12-22,'603688,石英股份,24.84,24.92,24.06,24.06,24.03,0.81,3.3708,6.6126,5069181,124535205.0,5559192000.0,1904234400.0
2015-12-21,'603688,石英股份,24.03,24.76,23.82,24.05,23.91,0.12,0.5019,6.8826,5276217,128351937.0,5377914000.0,1842139800.0
2015-12-18,'603688,石英股份,23.91,24.44,23.15,23.88,23.58,0.33,1.3995,8.892,6816587,162909735.0,5351058000.0,1832940600.0
2015-12-17,'603688,石英股份,23.58,23.85,22.86,22.86,22.83,0.75,3.2852,6.4929,4977466,116517129.0,5277204000.0,1807642800.0
2015-12-16,'603688,石英股份,22.83,23.17,22.5,22.57,22.36,0.47,2.102,5.0834,3896920,89147898.0,5109354000.0,1750147800.0
2015-12-15,'603688,石英股份,22.36,22.74,21.9,21.96,21.95,0.41,1.8679,3.0515,2339262,52396666.0,5004168000.0,1714117600.0
2015-12-14,'603688,石英股份,21.95,21.97,21.0,21.28,21.3,0.65,3.0516,2.2319,1710966,36689179.0,4912410000.0,1682687000.0
2015-12-11,'603688,石英股份,21.3,21.56,20.85,21.23,21.23,0.07,0.3297,2.1066,1614933,34339562.0,4766940000.0,1632858000.0
2015-12-10,'603688,石英股份,21.23,21.98,21.11,21.98,21.81,-0.58,-2.6593,3.2431,2486134,53497880.0,4751274000.0,1627491800.0
2015-12-09,'603688,石英股份,21.81,22.47,21.61,22.2,22.35,-0.54,-2.4161,3.5927,2754163,60721216.0,4881078000.0,1671954600.0
2015-12-08,'603688,石英股份,22.35,23.09,22.21,22.65,22.81,-0.46,-2.0167,4.8721,3734930,84548771.0,5001930000.0,1713351000.0
2015-12-07,'603688,石英股份,22.81,23.35,21.67,21.95,21.76,1.05,4.8254,6.5061,4987604,112887748.0,5104878000.0,1748614600.0
2015-12-04,'603688,石英股份,21.76,21.91,21.31,21.45,21.44,0.32,1.4925,4.2043,3223040,69924026.0,4869888000.0,1668121600.0
2015-12-03,'603688,石英股份,21.44,21.58,20.95,20.95,20.9,0.54,2.5837,3.1411,2407960,51358225.0,4798272000.0,1643590400.0
2015-12-02,'603688,石英股份,20.9,21.9,20.2,21.7,22.01,-1.11,-5.0432,4.2866,3286135,69157910.0,4677420000.0,1602194000.0
2015-12-01,'603688,石英股份,22.01,22.28,21.1,21.79,21.85,0.16,0.7323,4.7226,3620324,79000342.0,4925838000.0,1687286600.0
2015-11-30,'603688,石英股份,21.85,21.98,19.95,21.59,21.59,0.26,1.2043,6.8944,5285279,111613084.0,4890030000.0,1675021000.0
2015-11-27,'603688,石英股份,21.59,23.76,21.41,23.33,23.61,-2.02,-8.5557,7.3749,5653596,128629031.0,4831842000.0,1655089400.0
2015-11-26,'603688,石英股份,23.61,24.45,23.56,24.05,23.87,-0.26,-1.0892,7.5635,5798213,139455956.0,5283918000.0,1809942600.0
2015-11-25,'603688,石英股份,23.87,24.08,23.5,23.86,23.87,0.0,0.0,6.435,4933104,117192692.0,5342106000.0,1829874200.0
2015-11-24,'603688,石英股份,23.87,23.91,22.75,23.37,22.99,0.88,3.8278,6.6736,5115989,119802334.0,5342106000.0,1829874200.0
2015-11-23,'603688,石英股份,22.99,24.45,22.82,23.4,23.6,-0.61,-2.5847,10.4099,7980200,188223448.0,5145162000.0,1762413400.0
2015-11-20,'603688,石英股份,23.6,24.5,23.1,24.5,22.91,0.69,3.0118,16.1835,12406260,296210960.0,5281680000.0,1809176000.0
2015-11-19,'603688,石英股份,22.91,22.91,20.9,20.91,20.83,2.08,9.9856,5.3248,4082006,91249689.0,5127258000.0,1756280600.0
2015-11-18,'603688,石英股份,20.83,22.68,20.8,22.15,22.25,-1.42,-6.382,7.0666,5417276,117186090.0,4661754000.0,1596827800.0
2015-11-17,'603688,石英股份,22.25,23.34,22.18,22.55,22.59,-0.34,-1.5051,5.702,4371123,99782811.0,4979550000.0,1705685000.0
2015-11-16,'603688,石英股份,22.59,22.91,21.4,21.85,22.3,0.29,1.3004,4.4149,3384487,75190382.0,5055642000.0,1731749400.0
2015-11-13,'603688,石英股份,22.3,24.19,22.11,23.66,24.23,-1.93,-7.9653,7.8809,6041498,139261564.0,4990740000.0,1709518000.0
2015-11-12,'603688,石英股份,24.23,24.71,22.65,22.82,22.72,1.51,6.6461,10.6581,8170486,193513849.0,5422674000.0,1857471800.0
2015-11-11,'603688,石英股份,22.72,22.95,21.9,22.05,22.09,0.63,2.852,5.9618,4570288,102949554.0,5084736000.0,1741715200.0
2015-11-10,'603688,石英股份,22.09,22.6,21.61,22.25,22.74,-0.65,-2.8584,7.513,5759454,127655911.0,4943742000.0,1693419400.0
2015-11-09,'603688,石英股份,22.74,22.97,21.2,21.78,22.23,0.51,2.2942,12.5082,9588806,211623124.0,5089212000.0,1743248400.0
2015-11-06,'603688,石英股份,22.23,22.45,20.18,20.2,20.41,1.82,8.9172,14.7652,11318975,247589971.0,4975074000.0,1704151800.0
2015-11-05,'603688,石英股份,20.41,20.98,20.01,20.3,20.38,0.03,0.1472,8.3624,6410614,131040168.0,4567758000.0,1564630600.0
2015-11-04,'603688,石英股份,20.38,20.54,19.42,19.7,19.64,0.74,3.7678,9.1976,7050854,140780571.0,4561044000.0,1562330800.0
2015-11-03,'603688,石英股份,19.64,19.8,18.43,18.72,18.81,0.83,4.4125,9.2536,7093789,136368469.0,4395432000.0,1505602400.0
2015-11-02,'603688,石英股份,18.81,19.33,17.74,17.93,18.37,0.44,2.3952,7.6804,5887814,110873767.0,4209678000.0,1441974600.0
2015-10-30,'603688,石英股份,18.37,18.86,18.15,18.5,18.66,-0.29,-1.5541,5.8077,3249431,60023205.0,4111206000.0,1027801500.0
2015-10-29,'603688,石英股份,18.66,18.98,18.2,18.9,18.62,0.04,0.2148,8.2749,4629816,86476267.0,4176108000.0,1044027000.0
2015-10-28,'603688,石英股份,18.62,18.97,17.9,18.01,18.16,0.46,2.533,10.1468,5677139,105204597.0,4167156000.0,1041789000.0
2015-10-27,'603688,石英股份,18.16,18.35,17.1,18.07,18.28,-0.12,-0.6565,6.5469,3663003,65238495.0,4064208000.0,1016052000.0
2015-10-26,'603688,石英股份,18.28,18.63,17.91,17.91,17.98,0.3,1.6685,7.4003,4140451,75568256.0,4091064000.0,1022766000.0
2015-10-23,'603688,石英股份,17.98,18.28,17.15,17.19,17.19,0.79,4.5957,7.4111,4146497,72866116.0,4023924000.0,1005981000.0
2015-10-22,'603688,石英股份,17.19,17.2,16.48,16.53,16.54,0.65,3.9299,5.9452,3326335,56120058.0,3847122000.0,961780500.0
2015-10-21,'603688,石英股份,16.54,18.63,16.5,18.31,18.31,-1.77,-9.6668,9.4003,5259493,93269331.0,3701652000.0,925413000.0
2015-10-20,'603688,石英股份,18.31,18.34,17.77,17.77,17.94,0.37,2.0624,7.0801,3961321,71556274.0,4097778000.0,1024444500.0
2015-10-19,'603688,石英股份,17.94,18.36,17.71,17.94,17.95,-0.01,-0.0557,7.9668,4457413,80411249.0,4014972000.0,1003743000.0
2015-10-16,'603688,石英股份,17.95,18.28,17.51,17.62,17.49,0.46,2.6301,8.4666,4737056,84731514.0,4017210000.0,1004302500.0
2015-10-15,'603688,石英股份,17.49,17.53,16.92,16.94,16.92,0.57,3.3688,5.9159,3309966,57121960.0,3914262000.0,978565500.0
2015-10-14,'603688,石英股份,16.92,17.59,16.9,17.32,17.63,-0.71,-4.0272,7.2144,4036437,69485661.0,3786696000.0,946674000.0
2015-10-13,'603688,石英股份,17.63,17.97,16.87,16.93,17.2,0.43,2.5,7.4806,4185403,73505468.0,3945594000.0,986398500.0
2015-10-12,'603688,石英股份,17.2,17.45,16.54,16.66,16.55,0.65,3.9275,7.5796,4240794,72499114.0,3849360000.0,962340000.0
2015-10-09,'603688,石英股份,16.55,16.7,16.23,16.35,16.56,-0.01,-0.0604,5.995,3354204,55372150.0,3703890000.0,925972500.0
2015-10-08,'603688,石英股份,16.56,16.81,16.0,16.2,15.79,0.77,4.8765,7.1807,4017579,66180208.0,3706128000.0,926532000.0
2015-09-30,'603688,石英股份,15.79,16.31,14.85,14.97,14.91,0.88,5.9021,6.798,3803474,59338526.0,3533802000.0,883450500.0
2015-09-29,'603688,石英股份,14.91,15.15,14.8,15.0,15.28,-0.37,-2.4215,2.5735,1439900,21538506.0,3336858000.0,834214500.0
2015-09-28,'603688,石英股份,15.28,15.38,14.62,14.79,14.79,0.49,3.313,3.2702,1829690,27478489.0,3419664000.0,854916000.0
2015-09-25,'603688,石英股份,14.79,15.75,14.67,15.48,15.64,-0.85,-5.4348,5.1513,2882125,43658467.0,3310002000.0,827500500.0
2015-09-24,'603688,石英股份,15.64,15.83,15.26,15.26,15.16,0.48,3.1662,5.2267,2924349,45447746.0,3500232000.0,875058000.0
2015-09-23,'603688,石英股份,15.16,15.46,14.8,14.91,15.26,-0.1,-0.6553,5.0073,2801567,42325580.0,3392808000.0,848202000.0
2015-09-22,'603688,石英股份,15.26,15.55,14.98,15.1,15.23,0.03,0.197,6.9555,3891584,59506245.0,3415188000.0,853797000.0
2015-09-21,'603688,石英股份,15.23,15.26,14.18,14.38,14.5,0.73,5.0345,5.5048,3079948,45747665.0,3408474000.0,852118500.0
2015-09-18,'603688,石英股份,14.5,14.6,13.98,14.26,14.05,0.45,3.2028,3.8202,2137399,30660779.0,3245100000.0,811275000.0
2015-09-17,'603688,石英股份,14.05,15.08,14.01,14.5,14.5,-0.45,-3.1034,5.7065,3192806,46667029.0,3144390000.0,786097500.0
2015-09-16,'603688,石英股份,14.5,14.5,13.36,13.36,13.18,1.32,10.0152,4.4624,2496693,34794279.0,3245100000.0,811275000.0
2015-09-15,'603688,石英股份,13.18,14.48,13.1,14.01,14.53,-1.35,-9.2911,4.0713,2277867,31516476.0,2949684000.0,737421000.0
2015-09-14,'603688,石英股份,14.53,16.49,14.5,16.23,16.11,-1.58,-9.8076,5.4898,3071532,46795485.0,3251814000.0,812953500.0
2015-09-11,'603688,石英股份,16.11,16.15,15.8,15.82,15.82,0.29,1.8331,4.1822,2339960,37435020.0,3605418000.0,901354500.0
2015-09-10,'603688,石英股份,15.82,16.38,15.8,16.05,16.47,-0.65,-3.9466,5.7595,3222417,51753800.0,3540516000.0,885129000.0
2015-09-09,'603688,石英股份,16.47,16.5,15.4,15.57,15.58,0.89,5.7125,8.4482,4726784,75802835.0,3685986000.0,921496500.0
2015-09-08,'603688,石英股份,15.58,15.75,14.11,14.4,14.36,1.22,8.4958,5.6299,3149914,47102594.0,3486804000.0,871701000.0
2015-09-07,'603688,石英股份,14.36,14.85,14.0,14.3,13.92,0.44,3.1609,4.5112,2524023,36653446.0,3213768000.0,803442000.0
2015-09-02,'603688,石英股份,13.92,15.5,13.87,14.2,14.91,-0.99,-6.6398,5.8707,3284672,47548900.0,3115296000.0,778824000.0
2015-09-01,'603688,石英股份,14.91,16.77,14.9,16.77,16.56,-1.65,-9.9638,6.6565,3724284,57581665.0,3336858000.0,834214500.0
2015-08-31,'603688,石英股份,16.56,17.8,16.5,17.6,18.07,-1.51,-8.3564,6.932,3878466,66600687.0,3706128000.0,926532000.0
2015-08-28,'603688,石英股份,18.07,18.19,16.68,16.96,16.85,1.22,7.2404,9.1725,5132014,88437620.0,4044066000.0,1011016500.0
2015-08-27,'603688,石英股份,16.85,16.97,15.41,16.36,15.99,0.86,5.3784,6.3121,3531632,57543003.0,3771030000.0,942757500.0
2015-08-26,'603688,石英股份,15.99,17.15,15.2,16.35,15.99,0.0,0.0,9.4967,5313411,86614674.0,3578562000.0,894640500.0
2015-08-25,'603688,石英股份,15.99,17.08,15.99,15.99,17.77,-1.78,-10.0169,7.0415,3939742,63997827.0,3578562000.0,894640500.0
2015-08-24,'603688,石英股份,17.77,19.0,17.77,18.05,19.74,-1.97,-9.9797,5.0505,2825730,50795975.0,3976926000.0,994231500.0
2015-08-21,'603688,石英股份,19.74,21.65,19.69,21.43,21.77,-2.03,-9.3248,8.418,4709856,96883304.0,4417812000.0,1104453000.0
2015-08-20,'603688,石英股份,21.77,22.99,21.7,22.85,23.39,-1.62,-6.926,8.6087,4816557,107773218.0,4872126000.0,1218031500.0
2015-08-19,'603688,石英股份,23.39,23.6,20.83,22.78,22.81,0.58,2.5427,9.5832,5361792,121692356.0,5234682000.0,1308670500.0
2015-08-18,'603688,石英股份,22.81,26.1,22.75,25.03,25.28,-2.47,-9.7706,14.3081,8005406,195447802.0,5104878000.0,1276219500.0
2015-08-17,'603688,石英股份,25.28,25.62,24.6,25.05,25.81,-0.53,-2.0535,11.4708,6417898,161150443.0,5657664000.0,1414416000.0
2015-08-14,'603688,石英股份,25.81,27.38,25.67,25.98,26.07,-0.26,-0.9973,23.8498,13343972,354129807.0,5776278000.0,1444069500.0
2015-08-13,'603688,石英股份,26.07,26.64,21.8,24.0,24.22,1.85,7.6383,20.3101,11363515,280478251.0,5834466000.0,1458616500.0
2015-08-12,'603688,石英股份,24.22,25.56,24.01,25.14,25.6,-1.38,-5.3906,10.141,5673870,141319187.0,5420436000.0,1355109000.0
2015-08-11,'603688,石英股份,25.6,26.45,25.28,25.36,25.43,0.17,0.6685,12.737,7126344,184312512.0,5729280000.0,1432320000.0
2015-08-10,'603688,石英股份,25.43,25.67,24.5,24.7,24.44,0.99,4.0507,12.158,6802393,171877322.0,5691234000.0,1422808500.0
2015-08-07,'603688,石英股份,24.44,24.88,24.01,24.02,23.77,0.67,2.8187,7.663,4287445,104811726.0,5469672000.0,1367418000.0
2015-08-06,'603688,石英股份,23.77,25.0,23.54,24.5,25.04,-1.27,-5.0719,9.3198,5214448,126873131.0,5319726000.0,1329931500.0
2015-08-05,'603688,石英股份,25.04,26.18,24.43,25.06,25.5,-0.46,-1.8039,16.4089,9180799,232845066.0,5603952000.0,1400988000.0
2015-08-04,'603688,石英股份,25.5,25.74,23.0,23.49,23.87,1.63,6.8287,17.2331,9641907,235327883.0,5706900000.0,1426725000.0
2015-08-03,'603688,石英股份,23.87,26.28,23.87,25.18,26.52,-2.65,-9.9925,19.7448,11047199,275111656.0,5342106000.0,1335526500.0
2015-07-31,'603688,石英股份,26.52,26.7,23.0,23.51,24.35,2.17,8.9117,33.9834,19013715,481815154.0,5935176000.0,1483794000.0
2015-07-30,'603688,石英股份,24.35,26.0,23.85,24.3,23.82,0.53,2.225,26.3881,14764123,367018479.0,5449530000.0,1362382500.0
2015-07-29,'603688,石英股份,23.82,23.82,21.6,22.01,21.65,2.17,10.0231,22.4497,12560589,286380568.0,5330916000.0,1332729000.0
2015-07-28,'603688,石英股份,21.65,24.0,21.65,21.65,24.05,-2.4,-9.9792,18.4694,10333620,226367140.0,4845270000.0,1211317500.0
2015-07-27,'603688,石英股份,24.05,25.97,24.05,25.1,26.72,-2.67,-9.9925,21.2683,11899595,297152544.0,5382390000.0,1345597500.0
2015-07-24,'603688,石英股份,26.72,27.3,25.01,25.5,24.82,1.9,7.6551,36.7611,20567832,547796459.0,5979936000.0,1494984000.0
2015-07-23,'603688,石英股份,24.82,24.82,22.47,22.66,22.56,2.26,10.0177,23.8971,13370429,323391735.0,5554716000.0,1388679000.0
2015-07-22,'603688,石英股份,22.56,23.15,22.05,22.56,22.6,-0.04,-0.177,11.4168,6387708,143920761.0,5048928000.0,1262232000.0
2015-07-21,'603688,石英股份,22.6,22.78,20.53,20.6,21.2,1.4,6.6038,13.1663,7366549,159135551.0,5057880000.0,1264470000.0
2015-07-20,'603688,石英股份,21.2,22.0,20.1,20.2,20.14,1.06,5.2632,15.8641,8875990,186967377.0,4744560000.0,1186140000.0
2015-07-17,'603688,石英股份,20.14,20.27,18.46,18.52,18.43,1.71,9.2784,10.4361,5838989,114394564.0,4507332000.0,1126833000.0
2015-07-16,'603688,石英股份,18.43,19.2,16.27,16.27,18.08,0.35,1.9358,10.5052,5877650,106237434.0,4124634000.0,1031158500.0
2015-07-15,'603688,石英股份,18.08,21.88,18.08,21.88,20.09,-2.01,-10.005,16.8861,9447759,186937866.0,4046304000.0,1011576000.0
2015-07-14,'603688,石英股份,20.09,20.09,20.09,20.09,18.26,1.83,10.0219,0.5034,281630,5657947.0,4496142000.0,1124035500.0
2015-07-13,'603688,石英股份,18.26,18.26,18.26,18.26,16.6,1.66,10.0,0.2129,119120,2175131.0,4086588000.0,1021647000.0
2015-07-10,'603688,石英股份,0.0,0.0,0.0,0.0,16.6,None,None,0.0,0,0.0,3715080000.0,928770000.0
2015-07-09,'603688,石英股份,0.0,0.0,0.0,0.0,16.6,None,None,0.0,0,0.0,3715080000.0,928770000.0
2015-07-08,'603688,石英股份,0.0,0.0,0.0,0.0,16.6,None,None,0.0,0,0.0,3715080000.0,928770000.0
2015-07-07,'603688,石英股份,16.6,18.66,16.6,17.3,18.44,-1.84,-9.9783,6.2399,3491213,59520812.0,3715080000.0,928770000.0
2015-07-06,'603688,石英股份,18.44,22.52,18.44,22.52,20.49,-2.05,-10.0049,10.8242,6056167,120729656.0,4126872000.0,1031718000.0
2015-07-03,'603688,石英股份,20.49,22.55,20.49,21.9,22.77,-2.28,-10.0132,8.3339,4662813,97483558.0,4585662000.0,1146415500.0
2015-07-02,'603688,石英股份,22.77,25.3,22.77,24.06,25.3,-2.53,-10.0,9.5371,5336000,124656068.0,5095926000.0,1273981500.0
2015-07-01,'603688,石英股份,25.3,28.6,25.3,27.86,28.11,-2.81,-9.9964,9.8062,5486552,149228904.0,5662140000.0,1415535000.0
2015-06-30,'603688,石英股份,28.11,29.0,24.58,26.06,27.31,0.8,2.9293,13.5667,7590584,200945806.0,6291018000.0,1572754500.0
2015-06-29,'603688,石英股份,27.31,32.46,27.31,30.58,30.34,-3.03,-9.9868,16.0976,9006598,262625322.0,6111978000.0,1527994500.0
2015-06-26,'603688,石英股份,30.34,32.7,30.34,31.0,33.71,-3.37,-9.997,9.2713,5187273,161522930.0,6790092000.0,1697523000.0
2015-06-25,'603688,石英股份,33.71,37.75,32.14,34.98,34.34,-0.63,-1.8346,31.0061,17347889,616556033.0,7544298000.0,1886074500.0
2015-06-24,'603688,石英股份,34.34,34.34,31.6,31.6,31.22,3.12,9.9936,21.7456,12166654,406145111.0,7685292000.0,1921323000.0
2015-06-23,'603688,石英股份,31.22,31.27,28.4,29.2,29.26,1.96,6.6986,9.1294,5107921,153959847.0,6987036000.0,1746759000.0
2015-06-19,'603688,石英股份,29.26,31.08,27.8,28.9,29.84,-0.58,-1.9437,7.6519,4281212,125822011.0,6548388000.0,1637097000.0
2015-06-18,'603688,石英股份,29.84,31.8,29.63,31.2,31.26,-1.42,-4.5425,6.2922,3520480,109036733.0,6678192000.0,1669548000.0
2015-06-17,'603688,石英股份,31.26,31.44,29.28,30.55,30.67,0.59,1.9237,7.5345,4215529,128758053.0,6995988000.0,1748997000.0
2015-06-16,'603688,石英股份,30.67,32.01,29.97,32.0,32.58,-1.91,-5.8625,9.2227,5160097,159425186.0,6863946000.0,1715986500.0
2015-06-15,'603688,XD石英股,32.58,34.99,32.48,34.69,35.09,-2.51,-7.153,9.4889,5309054,176482025.0,7291404000.0,1822851000.0
2015-06-12,'603688,石英股份,35.59,36.19,35.26,35.77,35.75,-0.16,-0.4476,8.9149,4987903,177481521.0,7965042000.0,1991260500.0
2015-06-11,'603688,石英股份,35.75,36.0,34.9,35.3,35.37,0.38,1.0744,9.3681,5241455,186706143.0,8000850000.0,2000212500.0
2015-06-10,'603688,石英股份,35.37,36.91,33.5,34.11,34.07,1.3,3.8157,16.61,9293274,330723968.0,7915806000.0,1978951500.0
2015-06-09,'603688,石英股份,34.07,34.68,32.12,33.98,34.07,0.0,0.0,10.768,6024674,202120594.0,7624866000.0,1906216500.0
2015-06-08,'603688,石英股份,34.07,37.32,34.07,37.3,37.86,-3.79,-10.0106,19.3436,10822748,376635911.0,7624866000.0,1906216500.0
2015-06-05,'603688,石英股份,37.86,40.0,37.36,37.63,37.68,0.18,0.4777,22.1296,12381530,478741711.0,8473068000.0,2118267000.0
2015-06-04,'603688,石英股份,37.68,41.98,35.18,38.01,38.95,-1.27,-3.2606,20.665,11562045,445840669.0,8432784000.0,2108196000.0
2015-06-03,'603688,石英股份,38.95,41.0,36.0,37.99,37.94,1.01,2.6621,16.0787,8996048,341358853.0,8717010000.0,2179252500.0
2015-06-02,'603688,石英股份,37.94,38.85,35.57,35.57,35.5,2.44,6.8732,17.5926,9843034,361619238.0,8490972000.0,2122743000.0
2015-06-01,'603688,石英股份,35.5,36.0,33.6,35.19,34.92,0.58,1.6609,17.4901,9785706,342111240.0,7944900000.0,1986225000.0
2015-05-29,'603688,石英股份,34.92,37.23,34.0,34.0,36.42,-1.5,-4.1186,23.564,13184055,467886469.0,7815096000.0,1953774000.0
2015-05-28,'603688,石英股份,36.42,42.7,36.1,40.04,38.82,-2.4,-6.1824,34.3634,19226301,794133543.0,8150796000.0,2037699000.0
2015-05-27,'603688,石英股份,38.82,38.82,34.06,35.2,35.29,3.53,10.0028,22.3129,12484064,455929314.0,8687916000.0,2171979000.0
2015-05-26,'603688,石英股份,35.29,36.0,32.78,33.2,33.06,2.23,6.7453,19.7877,11071216,380782397.0,7897902000.0,1974475500.0
2015-05-25,'603688,石英股份,33.06,34.0,30.66,31.01,31.88,1.18,3.7014,21.6574,12117290,397276195.0,7398828000.0,1849707000.0
2015-05-22,'603688,石英股份,31.88,33.57,29.5,30.61,30.52,1.36,4.4561,27.64,15464601,481868026.0,7134744000.0,1783686000.0
2015-05-21,'603688,石英股份,30.52,31.11,27.67,28.0,28.29,2.23,7.8826,22.2588,12453791,363596078.0,6830376000.0,1707594000.0
2015-05-20,'603688,石英股份,28.29,29.77,28.21,28.88,29.26,-0.97,-3.3151,19.3831,10844869,315525104.0,6331302000.0,1582825500.0
2015-05-19,'603688,石英股份,29.26,30.5,28.82,30.5,30.22,-0.96,-3.1767,22.3912,12527872,368257345.0,6548388000.0,1637097000.0
2015-05-18,'603688,石英股份,30.22,31.27,27.5,27.75,28.43,1.79,6.2962,27.4067,15334057,456010441.0,6763236000.0,1690809000.0
2015-05-15,'603688,石英股份,28.43,29.9,27.26,29.0,28.47,-0.04,-0.1405,35.0925,19634276,558592642.0,6362634000.0,1590658500.0
2015-05-14,'603688,石英股份,28.47,28.47,25.33,25.75,25.88,2.59,10.0077,34.6596,19392048,531876759.0,6371586000.0,1592896500.0
2015-05-13,'603688,石英股份,25.88,26.6,24.68,25.82,25.56,0.32,1.252,29.8737,16714356,428350805.0,5791944000.0,1447986000.0
2015-05-12,'603688,石英股份,25.56,25.56,23.35,23.35,23.24,2.32,9.9828,19.3352,10818045,265109630.0,5720328000.0,1430082000.0
2015-05-11,'603688,石英股份,23.24,23.24,22.12,22.4,22.07,1.17,5.3013,6.7507,3777026,86004618.0,5201112000.0,1300278000.0
2015-05-08,'603688,石英股份,22.07,22.1,21.54,22.0,21.45,0.62,2.8904,4.9233,2754574,60135726.0,4939266000.0,1234816500.0
2015-05-07,'603688,石英股份,21.45,22.79,21.45,22.79,22.88,-1.43,-6.25,6.3323,3542900,77786058.0,4800510000.0,1200127500.0
2015-05-06,'603688,石英股份,22.88,23.95,22.5,23.42,23.48,-0.6,-2.5554,9.3592,5236448,123425406.0,5120544000.0,1280136000.0
2015-05-05,'603688,石英股份,23.48,23.56,22.8,23.08,23.06,0.42,1.8213,7.3804,4129332,95914818.0,5254824000.0,1313706000.0
2015-05-04,'603688,石英股份,23.06,23.34,22.66,22.67,22.93,0.13,0.5669,4.2886,2399488,55283856.0,5160828000.0,1290207000.0
2015-04-30,'603688,石英股份,22.93,23.72,22.9,23.46,23.3,-0.37,-1.588,5.2886,2958959,69079425.0,5131734000.0,1282933500.0
2015-04-29,'603688,石英股份,23.3,23.31,22.8,22.82,22.78,0.52,2.2827,5.084,2844477,65833604.0,5214540000.0,1303635000.0
2015-04-28,'603688,石英股份,22.78,24.0,22.55,24.0,23.99,-1.21,-5.0438,8.0917,4527311,104837755.0,5098164000.0,1274541000.0
2015-04-27,'603688,石英股份,23.99,24.24,23.71,23.9,23.77,0.22,0.9255,8.1359,4552044,109058007.0,5368962000.0,1342240500.0
2015-04-24,'603688,石英股份,23.77,24.0,23.47,23.75,24.2,-0.43,-1.7769,8.3057,4647036,110266532.0,5319726000.0,1329931500.0
2015-04-23,'603688,石英股份,24.2,24.84,24.0,24.79,24.64,-0.44,-1.7857,11.2117,6272923,152464424.0,5415960000.0,1353990000.0
2015-04-22,'603688,石英股份,24.64,24.79,24.0,24.33,24.2,0.44,1.8182,15.9339,8915017,218221793.0,5514432000.0,1378608000.0
2015-04-21,'603688,石英股份,24.2,24.23,23.05,23.3,23.71,0.49,2.0666,12.8629,7196769,170921173.0,5415960000.0,1353990000.0
2015-04-20,'603688,石英股份,23.71,25.48,23.7,24.6,24.11,-0.4,-1.6591,32.3085,18076619,442659822.0,5306298000.0,1326574500.0
2015-04-17,'603688,石英股份,24.11,24.11,22.16,22.22,21.92,2.19,9.9909,16.594,9284353,219783191.0,5395818000.0,1348954500.0
2015-04-16,'603688,石英股份,21.92,22.24,21.0,21.5,22.0,-0.08,-0.3636,6.3203,3536204,76669457.0,4905696000.0,1226424000.0
2015-04-15,'603688,石英股份,22.0,23.16,21.96,22.89,23.49,-1.49,-6.3431,10.4052,5821709,130833610.0,4923600000.0,1230900000.0
2015-04-14,'603688,石英股份,23.49,24.53,23.3,23.6,23.64,-0.15,-0.6345,12.2492,6853421,163879679.0,5257062000.0,1314265500.0
2015-04-13,'603688,石英股份,23.64,23.74,22.56,22.56,22.55,1.09,4.8337,11.3149,6330714,148221101.0,5290632000.0,1322658000.0
2015-04-10,'603688,石英股份,22.55,22.7,21.96,22.09,22.06,0.49,2.2212,6.7965,3802656,85295870.0,5046690000.0,1261672500.0
2015-04-09,'603688,石英股份,22.06,22.81,21.34,22.81,22.83,-0.77,-3.3728,9.1361,5111657,112385349.0,4937028000.0,1234257000.0
2015-04-08,'603688,石英股份,22.83,23.79,22.5,23.79,23.52,-0.69,-2.9337,11.8255,6616373,153115008.0,5109354000.0,1277338500.0
2015-04-07,'603688,石英股份,23.52,23.6,23.0,23.31,23.06,0.46,1.9948,11.245,6291579,147022195.0,5263776000.0,1315944000.0
2015-04-03,'603688,石英股份,23.06,23.19,22.12,22.4,22.53,0.53,2.3524,12.012,6720693,153431543.0,5160828000.0,1290207000.0
2015-04-02,'603688,石英股份,22.53,22.78,22.02,22.76,22.57,-0.04,-0.1772,10.4309,5836066,131244575.0,5042214000.0,1260553500.0
2015-04-01,'603688,石英股份,22.57,22.98,21.41,21.68,21.64,0.93,4.2976,15.4699,8655390,192378285.0,5051166000.0,1262791500.0
2015-03-31,'603688,石英股份,21.64,21.85,21.15,21.3,21.29,0.35,1.644,10.7924,6038323,129889095.0,4843032000.0,1210758000.0
2015-03-30,'603688,石英股份,21.29,21.45,21.13,21.4,21.23,0.06,0.2826,5.8846,3292428,70000705.0,4764702000.0,1191175500.0
2015-03-27,'603688,石英股份,21.23,21.35,20.8,20.8,21.26,-0.03,-0.1411,4.6968,2627863,55550601.0,4751274000.0,1187818500.0
2015-03-26,'603688,石英股份,21.26,21.88,21.08,21.37,21.42,-0.16,-0.747,8.7732,4908633,105006009.0,4757988000.0,1189497000.0
2015-03-25,'603688,石英股份,21.42,21.47,20.4,20.64,20.68,0.74,3.5783,11.8592,6635233,139856629.0,4793796000.0,1198449000.0
2015-03-24,'603688,石英股份,20.68,21.35,20.27,21.3,21.14,-0.46,-2.176,8.1346,4551317,94391400.0,4628184000.0,1157046000.0
2015-03-23,'603688,石英股份,21.14,21.19,20.84,21.13,20.87,0.27,1.2937,7.7189,4318737,90528421.0,4731132000.0,1182783000.0
2015-03-20,'603688,石英股份,20.87,21.28,20.83,21.06,21.06,-0.19,-0.9022,7.127,3987581,83540775.0,4670706000.0,1167676500.0
2015-03-19,'603688,石英股份,21.06,21.59,20.8,20.92,20.9,0.16,0.7656,11.1846,6257757,132639646.0,4713228000.0,1178307000.0
2015-03-18,'603688,石英股份,20.9,21.06,20.31,20.65,20.67,0.23,1.1127,11.6979,6544983,135762937.0,4677420000.0,1169355000.0
2015-03-17,'603688,石英股份,20.67,20.68,19.75,19.94,19.82,0.85,4.2886,9.8877,5532174,111301064.0,4625946000.0,1156486500.0
2015-03-16,'603688,石英股份,19.82,19.84,19.34,19.34,19.29,0.53,2.7475,5.9772,3344263,65911256.0,4435716000.0,1108929000.0
2015-03-13,'603688,石英股份,19.29,19.4,18.99,18.99,18.98,0.31,1.6333,2.2792,1275210,24555751.0,4317102000.0,1079275500.0
2015-03-12,'603688,石英股份,18.98,19.42,18.9,19.3,19.34,-0.36,-1.8614,4.2119,2356580,44983874.0,4247724000.0,1061931000.0
2015-03-11,'603688,石英股份,19.34,19.8,19.25,19.76,19.74,-0.4,-2.0263,3.7518,2099110,40898336.0,4328292000.0,1082073000.0
2015-03-10,'603688,石英股份,19.74,19.78,19.43,19.56,19.51,0.23,1.1789,3.3085,1851120,36427705.0,4417812000.0,1104453000.0
2015-03-09,'603688,石英股份,19.51,19.65,19.4,19.65,19.67,-0.16,-0.8134,2.6395,1476794,28756124.0,4366338000.0,1091584500.0
2015-03-06,'603688,石英股份,19.67,19.98,19.4,19.87,19.87,-0.2,-1.0065,4.5087,2522610,49497122.0,4402146000.0,1100536500.0
2015-03-05,'603688,石英股份,19.87,19.97,19.18,19.39,19.38,0.49,2.5284,6.7877,3797737,74508313.0,4446906000.0,1111726500.0
2015-03-04,'603688,石英股份,19.38,19.4,19.16,19.21,19.2,0.18,0.9375,3.0923,1730134,33384959.0,4337244000.0,1084311000.0
2015-03-03,'603688,石英股份,19.2,19.45,19.15,19.4,19.48,-0.28,-1.4374,3.8033,2127973,41003396.0,4296960000.0,1074240000.0
2015-03-02,'603688,石英股份,19.48,19.5,18.92,19.08,19.04,0.44,2.3109,4.1417,2317302,44670205.0,4359624000.0,1089906000.0
2015-02-27,'603688,石英股份,19.04,19.16,18.94,19.1,19.09,-0.05,-0.2619,2.2663,1268000,24127044.0,4261152000.0,1065288000.0
2015-02-26,'603688,石英股份,19.09,19.1,18.65,18.65,18.79,0.3,1.5966,2.0725,1159557,21990073.0,4272342000.0,1068085500.0
2015-02-25,'603688,石英股份,18.79,19.25,18.67,19.25,19.12,-0.33,-1.7259,1.9959,1116721,21090783.0,4205202000.0,1051300500.0
2015-02-17,'603688,石英股份,19.12,19.3,19.01,19.2,19.14,-0.02,-0.1045,1.7147,959391,18365199.0,4279056000.0,1069764000.0
2015-02-16,'603688,石英股份,19.14,19.22,18.95,18.98,18.98,0.16,0.843,1.8207,1018700,19477929.0,4283532000.0,1070883000.0
2015-02-13,'603688,石英股份,18.98,19.15,18.77,18.9,18.79,0.19,1.0112,2.9088,1627485,30933956.0,4247724000.0,1061931000.0
2015-02-12,'603688,石英股份,18.79,18.99,18.32,18.32,18.25,0.54,2.9589,2.5229,1411587,26415424.0,4205202000.0,1051300500.0
2015-02-11,'603688,石英股份,18.25,18.38,18.12,18.18,18.18,0.07,0.385,1.4418,806710,14757836.0,4084350000.0,1021087500.0
2015-02-10,'603688,石英股份,18.18,18.33,17.8,17.95,17.95,0.23,1.2813,1.6699,934320,16937058.0,4068684000.0,1017171000.0
2015-02-09,'603688,石英股份,17.95,18.38,17.79,18.38,18.33,-0.38,-2.0731,2.6419,1478161,26670109.0,4017210000.0,1004302500.0
2015-02-06,'603688,石英股份,18.33,19.3,18.2,19.15,19.3,-0.97,-5.0259,4.5318,2535560,46962055.0,4102254000.0,1025563500.0
2015-02-05,'603688,石英股份,19.3,19.78,19.28,19.6,19.5,-0.2,-1.0256,3.4676,1940109,37735993.0,4319340000.0,1079835000.0
2015-02-04,'603688,石英股份,19.5,20.09,19.5,20.09,20.08,-0.58,-2.8884,4.1677,2331811,45997794.0,4364100000.0,1091025000.0
2015-02-03,'603688,石英股份,20.08,20.09,19.46,19.5,19.44,0.64,3.2922,4.7886,2679216,53294664.0,4493904000.0,1123476000.0
2015-02-02,'603688,石英股份,19.44,19.49,19.03,19.27,19.3,0.14,0.7254,2.6144,1462766,28255036.0,4350672000.0,1087668000.0
2015-01-30,'603688,石英股份,19.3,19.85,19.28,19.65,19.68,-0.38,-1.9309,3.4034,1904180,37131359.0,4319340000.0,1079835000.0
2015-01-29,'603688,石英股份,19.68,20.0,19.67,19.85,20.09,-0.41,-2.0408,4.1042,2296289,45502787.0,4404384000.0,1101096000.0
2015-01-28,'603688,石英股份,20.09,20.24,19.71,19.92,19.98,0.11,0.5506,5.8012,3245784,65135922.0,4496142000.0,1124035500.0
2015-01-27,'603688,石英股份,19.98,20.27,19.64,20.26,20.13,-0.15,-0.7452,6.5862,3684970,73379150.0,4471524000.0,1117881000.0
2015-01-26,'603688,石英股份,20.13,20.39,19.85,20.24,20.25,-0.12,-0.5926,5.803,3246763,65107548.0,4505094000.0,1126273500.0
2015-01-23,'603688,石英股份,20.25,21.0,20.21,21.0,21.14,-0.89,-4.21,10.6963,5984555,122488426.0,4531950000.0,1132987500.0
2015-01-22,'603688,石英股份,21.14,21.5,19.73,19.88,20.12,1.02,5.0696,17.5489,9818609,204016159.0,4731132000.0,1182783000.0
2015-01-21,'603688,石英股份,20.12,20.8,19.73,20.79,20.04,0.08,0.3992,19.2405,10765050,217715710.0,4502856000.0,1125714000.0
2015-01-20,'603688,石英股份,20.04,20.04,18.24,18.24,18.22,1.82,9.989,19.7303,11039126,215730559.0,4484952000.0,1121238000.0
2015-01-19,'603688,石英股份,18.22,18.9,17.56,17.8,18.0,0.22,1.2222,8.9579,5011923,92106094.0,4077636000.0,1019409000.0
2015-01-16,'603688,石英股份,18.0,18.12,17.73,17.73,17.78,0.22,1.2373,3.8652,2162599,38885885.0,4028400000.0,1007100000.0
2015-01-15,'603688,石英股份,17.78,18.2,17.53,17.6,17.7,0.08,0.452,3.4113,1908610,34083563.0,3979164000.0,994791000.0
2015-01-14,'603688,石英股份,17.7,18.09,17.65,17.87,18.03,-0.33,-1.8303,3.3216,1858428,33147226.0,3961260000.0,990315000.0
2015-01-13,'603688,石英股份,18.03,18.35,17.55,17.8,17.71,0.32,1.8069,4.4388,2483492,44578798.0,4035114000.0,1008778500.0
2015-01-12,'603688,石英股份,17.71,18.41,17.6,18.41,18.68,-0.97,-5.1927,5.8624,3279999,58735283.0,3963498000.0,990874500.0
2015-01-09,'603688,石英股份,18.68,19.3,18.52,18.7,18.93,-0.25,-1.3207,6.473,3621629,68369424.0,4180584000.0,1045146000.0
2015-01-08,'603688,石英股份,18.93,19.53,18.47,18.72,18.65,0.28,1.5013,8.3074,4648011,89125085.0,4236534000.0,1059133500.0
2015-01-07,'603688,石英股份,18.65,19.04,18.45,18.85,19.07,-0.42,-2.2024,5.177,2896520,54175895.0,4173870000.0,1043467500.0
2015-01-06,'603688,石英股份,19.07,19.25,18.3,18.3,18.52,0.55,2.9698,7.2526,4057824,76588407.0,4267866000.0,1066966500.0
2015-01-05,'603688,石英股份,18.52,18.7,17.8,18.33,18.43,0.09,0.4883,5.2472,2935833,53814716.0,4144776000.0,1036194000.0
2014-12-31,'603688,石英股份,18.43,18.79,18.05,18.41,18.54,-0.11,-0.5933,4.64,2596079,47694404.0,4124634000.0,1031158500.0
2014-12-30,'603688,石英股份,18.54,19.24,18.38,18.64,18.62,-0.08,-0.4296,5.1534,2883326,54078463.0,4149252000.0,1037313000.0
2014-12-29,'603688,石英股份,18.62,19.0,18.32,18.92,18.92,-0.3,-1.5856,5.2229,2922200,54081499.0,4167156000.0,1041789000.0
2014-12-26,'603688,石英股份,18.92,19.75,18.82,19.0,19.32,-0.4,-2.0704,6.1101,3418587,65121994.0,4234296000.0,1058574000.0
2014-12-25,'603688,石英股份,19.32,20.06,18.85,19.78,19.8,-0.48,-2.4242,10.1385,5672514,109903332.0,4323816000.0,1080954000.0
2014-12-24,'603688,石英股份,19.8,19.89,18.42,18.6,18.39,1.41,7.6672,11.1818,6256218,119688873.0,4431240000.0,1107810000.0
2014-12-23,'603688,石英股份,18.39,19.2,17.16,17.3,17.55,0.84,4.7863,9.2977,5202069,95831125.0,4115682000.0,1028920500.0
2014-12-22,'603688,石英股份,17.55,19.28,17.55,19.25,19.5,-1.95,-10.0,8.4125,4706793,84564016.0,3927690000.0,981922500.0
2014-12-19,'603688,石英股份,19.5,20.85,19.11,20.61,20.94,-1.44,-6.8768,9.3417,5226706,103700392.0,4364100000.0,1091025000.0
2014-12-18,'603688,石英股份,20.94,21.79,20.86,21.45,21.55,-0.61,-2.8306,6.036,3377129,72083995.0,4686372000.0,1171593000.0
2014-12-17,'603688,石英股份,21.55,22.65,21.45,22.47,22.38,-0.83,-3.7087,7.0408,3939300,86490773.0,4822890000.0,1205722500.0
2014-12-16,'603688,石英股份,22.38,22.88,22.17,22.5,22.62,-0.24,-1.061,5.8738,3286388,73615322.0,5008644000.0,1252161000.0
2014-12-15,'603688,石英股份,22.62,23.1,22.01,22.47,22.47,0.15,0.6676,7.0636,3952111,88980232.0,5062356000.0,1265589000.0
2014-12-12,'603688,石英股份,22.47,23.24,22.2,22.98,23.24,-0.77,-3.3133,9.3666,5240626,118405657.0,5028786000.0,1257196500.0
2014-12-11,'603688,石英股份,23.24,23.9,21.52,21.9,21.92,1.32,6.0219,13.2524,7414734,169616238.0,5201112000.0,1300278000.0
2014-12-10,'603688,石英股份,21.92,22.32,20.66,21.5,21.74,0.18,0.828,10.7421,6010202,130294945.0,4905696000.0,1226424000.0
2014-12-09,'603688,石英股份,21.74,24.11,21.74,23.9,24.15,-2.41,-9.9793,17.4436,9759670,223623879.0,4865412000.0,1216353000.0
2014-12-08,'603688,石英股份,24.15,24.95,24.0,24.5,24.99,-0.84,-3.3613,13.4436,7521687,182459903.0,5404770000.0,1351192500.0
2014-12-05,'603688,石英股份,24.99,26.8,24.4,26.5,26.8,-1.81,-6.7537,17.2631,9658731,246687079.0,5592762000.0,1398190500.0
2014-12-04,'603688,石英股份,26.8,27.39,26.5,27.05,27.12,-0.32,-1.1799,15.4792,8660632,232073700.0,5997840000.0,1499460000.0
2014-12-03,'603688,石英股份,27.12,28.8,26.66,28.8,28.79,-1.67,-5.8006,24.326,13610418,372575093.0,6069456000.0,1517364000.0
2014-12-02,'603688,石英股份,28.79,29.3,26.89,27.0,27.59,1.2,4.3494,32.2838,18062767,517753131.0,6443202000.0,1610800500.0
2014-12-01,'603688,石英股份,27.59,28.46,25.68,26.07,26.56,1.03,3.878,28.4214,15901799,433331872.0,6174642000.0,1543660500.0
2014-11-28,'603688,石英股份,26.56,27.49,26.0,27.25,26.81,-0.25,-0.9325,17.8907,10009828,266766114.0,5944128000.0,1486032000.0
2014-11-27,'603688,石英股份,26.81,27.59,26.53,27.28,27.33,-0.52,-1.9027,16.52,9242932,250221352.0,6000078000.0,1500019500.0
2014-11-26,'603688,石英股份,27.33,27.88,26.5,27.1,27.3,0.03,0.1099,19.8834,11124782,302900493.0,6116454000.0,1529113500.0
2014-11-25,'603688,石英股份,27.3,29.0,26.99,28.92,29.67,-2.37,-7.9879,33.9782,19010821,527849752.0,6109740000.0,1527435000.0
2014-11-24,'603688,石英股份,29.67,30.48,27.61,27.89,28.46,1.21,4.2516,43.6065,24397815,709445170.0,6640146000.0,1660036500.0
2014-11-21,'603688,石英股份,28.46,30.5,28.23,29.7,28.09,0.37,1.3172,56.7821,31769611,929473955.0,6369348000.0,1592337000.0
2014-11-20,'603688,石英股份,28.09,28.09,24.54,24.79,25.54,2.55,9.9843,36.921,20657284,555718306.0,6286542000.0,1571635500.0
2014-11-19,'603688,石英股份,25.54,27.52,24.05,24.5,26.53,-0.99,-3.7316,37.5572,21013246,534495756.0,5715852000.0,1428963000.0
2014-11-18,'603688,石英股份,26.53,29.16,26.05,27.88,26.51,0.02,0.0754,66.8395,37396680,1033567324.0,5937414000.0,1484353500.0
2014-11-17,'603688,石英股份,26.51,26.51,25.5,26.51,24.1,2.41,10.0,35.1181,19648563,519075111.0,5932938000.0,1483234500.0
2014-11-14,'603688,石英股份,24.1,24.1,24.1,24.1,21.91,2.19,9.9954,1.5848,886700,21369470.0,5393580000.0,1348395000.0
2014-11-13,'603688,石英股份,21.91,21.91,21.91,21.91,19.92,1.99,9.99,0.7921,443169,9709833.0,4903458000.0,1225864500.0
2014-11-12,'603688,石英股份,19.92,19.92,19.92,19.92,18.11,1.81,9.9945,0.7732,432600,8617392.0,4458096000.0,1114524000.0
2014-11-11,'603688,石英股份,18.11,18.11,18.11,18.11,16.46,1.65,10.0243,0.5961,333500,6039685.0,4053018000.0,1013254500.0
2014-11-10,'603688,石英股份,16.46,16.46,16.46,16.46,14.96,1.5,10.0267,0.3582,200386,3298354.0,3683748000.0,920937000.0
2014-11-07,'603688,石英股份,14.96,14.96,14.96,14.96,13.6,1.36,10.0,0.2018,112900,1688984.0,3348048000.0,837012000.0
2014-11-06,'603688,石英股份,13.6,13.6,13.6,13.6,12.36,1.24,10.0324,0.1401,78400,1066240.0,3043680000.0,760920000.0
2014-11-05,'603688,石英股份,12.36,12.36,12.36,12.36,11.24,1.12,9.9644,0.0652,36500,451140.0,2766168000.0,691542000.0
2014-11-04,'603688,石英股份,11.24,11.24,11.24,11.24,10.22,1.02,9.9804,0.0366,20459,229959.0,2515512000.0,628878000.0
2014-11-03,'603688,石英股份,10.22,10.22,10.22,10.22,9.29,0.93,10.0108,0.065,36365,371650.0,2287236000.0,571809000.0
2014-10-31,'603688,N石英,9.29,9.29,7.74,7.74,6.45,2.84,44.031,0.2025,113308,1052321.0,2079102000.0,519775500.0
