日期,股票代码,名称,收盘价,最高价,最低价,开盘价,前收盘,涨跌额,涨跌幅,换手率,成交量,成交金额,总市值,流通市值
2017-05-15,'603611,诺力股份,27.04,27.85,26.78,27.8,27.48,-0.44,-1.6012,2.8877,2686301,72915797.0,5025047054.56,2515396000.0
2017-05-12,'603611,诺力股份,27.48,28.54,27.3,28.46,28.62,-1.14,-3.9832,1.7368,1615624,44733738.0,5106815571.72,2556327000.0
2017-05-11,'603611,诺力股份,28.62,29.44,27.51,29.29,29.6,-0.98,-3.3108,2.1331,1984284,56278076.0,5318670366.18,2662375500.0
2017-05-10,'603611,诺力股份,29.6,29.97,29.24,29.6,29.66,-0.06,-0.2023,1.1956,1112200,32915398.0,5500791154.4,2753540000.0
2017-05-09,'603611,诺力股份,29.66,29.98,29.2,29.84,29.78,-0.12,-0.403,0.9786,910313,26903521.0,5511941406.74,2759121500.0
2017-05-08,'603611,诺力股份,29.78,30.12,29.62,30.03,30.1,-0.32,-1.0631,0.8618,801722,23984868.0,5534241911.42,2770284500.0
2017-05-05,'603611,诺力股份,30.1,30.87,30.04,30.52,30.65,-0.55,-1.7945,1.2393,1152882,35028972.0,5593709923.9,2800052500.0
2017-05-04,'603611,诺力股份,30.65,31.12,30.26,30.46,30.49,0.16,0.5248,1.5498,1441744,44419916.0,5695920570.35,2851216250.0
2017-05-03,'603611,诺力股份,30.49,30.74,30.11,30.72,30.57,-0.08,-0.2617,1.1901,1107095,33667788.0,5666186564.11,2836332250.0
2017-05-02,'603611,诺力股份,30.57,30.83,30.02,30.02,30.35,0.22,0.7249,1.3009,1210177,36953899.0,5681053567.23,2843774250.0
2017-04-28,'603611,诺力股份,30.35,30.65,29.85,29.85,29.85,0.5,1.675,1.5618,1452833,44024029.0,5640169308.65,2823308750.0
2017-04-27,'603611,诺力股份,29.85,29.97,29.01,29.79,29.76,0.09,0.3024,1.6009,1489251,43952608.0,5547250539.15,2776796250.0
2017-04-26,'603611,诺力股份,29.76,30.42,29.39,30.42,30.43,-0.67,-2.2018,2.1869,2034326,60586317.0,5530525160.64,2768424000.0
2017-04-25,'603611,诺力股份,30.43,30.84,29.92,30.0,30.34,0.09,0.2966,1.4867,1383005,42072862.0,5655036311.77,2830750750.0
2017-04-24,'603611,诺力股份,30.34,30.69,29.6,30.4,30.55,-0.21,-0.6874,1.5484,1440405,43533892.0,5638310933.26,2822378500.0
2017-04-21,'603611,诺力股份,30.55,31.11,29.56,29.64,29.5,1.05,3.5593,4.2664,3968847,120485226.0,5677336816.45,2841913750.0
2017-04-20,'603611,诺力股份,29.5,30.34,29.29,29.75,29.55,-0.05,-0.1692,1.5913,1480261,44075675.0,5482207400.5,2744237500.0
2017-04-19,'603611,诺力股份,29.55,29.87,29.25,29.87,30.09,-0.54,-1.7946,2.4842,2310895,68245155.0,5491499277.45,2748888750.0
2017-04-18,'603611,诺力股份,30.09,31.4,29.42,31.2,32.69,-2.6,-7.9535,8.5926,7993306,239555442.0,5591851548.51,2799122250.0
2017-04-17,'603611,诺力股份,32.69,32.75,31.25,31.69,31.74,0.95,2.9931,1.9761,1838295,59591990.0,6075029149.91,3040987250.0
2017-04-14,'603611,诺力股份,31.74,32.57,31.65,32.56,32.49,-0.75,-2.3084,1.5911,1480087,47426200.0,5898483487.86,2952613500.0
2017-04-13,'603611,诺力股份,32.49,32.57,32.1,32.28,32.35,0.14,0.4328,0.8766,815437,26409199.0,6037861642.11,3022382250.0
2017-04-12,'603611,诺力股份,32.35,32.7,32.1,32.32,32.33,0.02,0.0619,0.9673,899835,29156035.0,6011844386.65,3009358750.0
2017-04-11,'603611,诺力股份,32.33,32.78,31.91,32.22,32.18,0.15,0.4661,1.6233,1510072,48662472.0,6008127635.87,3007498250.0
2017-04-10,'603611,诺力股份,32.18,33.27,32.01,33.02,33.21,-1.03,-3.1015,2.3585,2193988,71215970.0,5980252005.02,2993544500.0
2017-04-07,'603611,诺力股份,33.21,33.66,33.11,33.65,33.65,-0.44,-1.3076,1.8548,1725416,57515774.0,6171664670.19,3089360250.0
2017-04-06,'603611,诺力股份,33.65,33.83,33.35,33.7,33.71,-0.06,-0.178,1.7023,1583546,53133511.0,6253433187.35,3130291250.0
2017-04-05,'603611,诺力股份,33.71,33.83,33.11,33.44,33.44,0.27,0.8074,1.5615,1452587,48634611.0,6264583439.69,3135872750.0
2017-03-31,'603611,诺力股份,33.44,33.75,33.14,33.5,33.41,0.03,0.0898,1.2087,1124360,37595996.0,6214407304.16,3110756000.0
2017-03-30,'603611,诺力股份,33.41,33.89,32.8,33.6,33.58,-0.17,-0.5063,2.0035,1863795,62086965.0,6208832177.99,3107965250.0
2017-03-29,'603611,诺力股份,33.58,35.18,33.56,34.95,34.87,-1.29,-3.6995,2.3468,2183065,75025712.0,6240424559.62,3123779500.0
2017-03-28,'603611,诺力股份,34.87,35.25,34.8,35.15,35.12,-0.25,-0.7118,0.9603,893332,31261082.0,6480154984.93,3243781750.0
2017-03-27,'603611,诺力股份,35.12,35.87,34.92,35.51,35.55,-0.43,-1.2096,1.4749,1372011,48513358.0,6526614369.68,3267038000.0
2017-03-24,'603611,诺力股份,35.55,35.96,35.17,35.17,35.16,0.39,1.1092,1.9549,1818589,64770490.0,6606524511.45,3307038750.0
2017-03-23,'603611,诺力股份,35.16,35.45,34.81,35.24,35.21,-0.05,-0.142,1.5259,1419483,49934403.0,6534047871.24,3270759000.0
2017-03-22,'603611,诺力股份,35.21,35.35,34.71,34.8,35.06,0.15,0.4278,1.2712,1182574,41428897.0,6543339748.19,3275410250.0
2017-03-21,'603611,诺力股份,35.06,35.75,34.86,35.45,35.45,-0.39,-1.1001,1.7318,1610977,56634488.0,6515464117.34,3261456500.0
2017-03-20,'603611,诺力股份,35.45,35.46,34.61,34.68,34.72,0.73,2.1025,1.6941,1575936,55393504.0,6587940757.55,3297736250.0
2017-03-17,'603611,诺力股份,34.72,35.44,34.62,34.62,34.89,-0.17,-0.4872,2.106,1959110,68757965.0,6452279354.08,3229828000.0
2017-03-16,'603611,诺力股份,34.89,35.1,34.54,34.94,34.91,-0.02,-0.0573,2.6414,2457196,85427487.0,6483871735.71,3245642250.0
2017-03-15,'603611,诺力股份,34.91,34.95,33.89,34.02,34.02,0.89,2.6161,1.9675,1830293,63317352.0,6487588486.49,3247502750.0
2017-03-14,'603611,诺力股份,34.02,34.45,33.81,34.3,34.39,-0.37,-1.0759,1.6473,1532432,52402273.0,6322193076.78,3164710500.0
2017-03-13,'603611,诺力股份,34.39,34.45,33.9,34.21,34.2,0.19,0.5556,1.3083,1217089,41678010.0,6390952966.21,3199129750.0
2017-03-10,'603611,诺力股份,34.2,34.46,33.81,33.99,33.8,0.4,1.1834,1.3525,1258187,43086179.0,6355643833.8,3181455000.0
2017-03-09,'603611,诺力股份,33.8,34.55,33.48,34.37,34.51,-0.71,-2.0574,2.0586,1915015,64680684.0,6281308818.2,3144245000.0
2017-03-08,'603611,诺力股份,34.51,35.37,34.31,35.35,35.24,-0.73,-2.0715,1.7465,1624667,56384422.0,6413253470.89,3210292750.0
2017-03-07,'603611,诺力股份,35.24,35.57,34.66,34.84,34.84,0.4,1.1481,1.9712,1833735,64515057.0,6548914874.36,3278201000.0
2017-03-06,'603611,诺力股份,34.84,34.85,34.0,34.22,34.24,0.6,1.7523,2.2959,2135753,73983137.0,6474579858.76,3240991000.0
2017-03-03,'603611,诺力股份,34.24,34.38,33.71,33.87,34.1,0.14,0.4106,1.8048,1678960,57185428.0,6363077335.36,3185176000.0
2017-03-02,'603611,诺力股份,34.1,34.49,33.28,33.51,33.52,0.58,1.7303,3.3782,3142550,107216171.0,6337060079.9,3172152500.0
2017-03-01,'603611,诺力股份,33.52,33.59,33.13,33.4,33.49,0.03,0.0896,1.4484,1347328,45030749.0,6229274307.28,3118198000.0
2017-02-28,'603611,诺力股份,33.49,33.69,33.12,33.48,33.48,0.01,0.0299,1.5328,1425900,47577236.0,6223699181.11,3115407250.0
2017-02-27,'603611,诺力股份,33.48,33.94,33.38,33.42,33.33,0.15,0.45,2.5137,2338338,78750957.0,6221840805.72,3114477000.0
2017-02-24,'603611,诺力股份,33.33,33.5,32.57,32.74,32.7,0.63,1.9266,1.7868,1662156,55253025.0,6193965174.87,3100523250.0
2017-02-23,'603611,诺力股份,32.7,32.84,32.41,32.57,32.68,0.02,0.0612,1.2698,1181214,38502902.0,6076887525.3,3041917500.0
2017-02-22,'603611,诺力股份,32.68,33.03,32.4,33.0,32.4,0.28,0.8642,1.5676,1458233,47623419.0,6073170774.52,3040057000.0
2017-02-21,'603611,诺力股份,32.4,32.44,31.96,32.23,32.11,0.29,0.9031,1.9559,1819443,58503988.0,6021136263.6,3014010000.0
2017-02-20,'603611,诺力股份,32.11,32.68,31.41,32.24,32.72,-0.61,-1.8643,2.9364,2731596,87078618.0,5967243377.29,2987032750.0
2017-02-17,'603611,诺力股份,32.72,33.68,32.4,33.42,33.4,-0.68,-2.0359,1.9968,1857485,61146334.0,6080604276.08,3043778000.0
2017-02-16,'603611,诺力股份,33.4,33.55,32.68,32.87,32.73,0.67,2.0471,1.4688,1366342,45509613.0,6206973802.6,3107035000.0
2017-02-15,'603611,诺力股份,32.73,33.39,32.6,33.38,33.38,-0.65,-1.9473,1.5635,1454426,48069202.0,6082462651.47,3044708250.0
2017-02-14,'603611,诺力股份,33.38,33.75,33.15,33.75,33.55,-0.17,-0.5067,1.107,1029791,34364129.0,6203257051.82,3105174500.0
2017-02-13,'603611,诺力股份,33.55,33.74,32.87,33.25,33.25,0.3,0.9023,0.9905,921367,30723106.0,6234849433.45,3120988750.0
2017-02-10,'603611,诺力股份,33.25,33.97,33.2,33.81,33.64,-0.39,-1.1593,1.2118,1127295,37714735.0,6179098171.75,3093081250.0
2017-02-09,'603611,诺力股份,33.64,33.85,33.42,33.45,33.64,0.0,0.0,1.6522,1537000,51589261.0,6251574811.96,3129361000.0
2017-02-08,'603611,诺力股份,33.64,33.9,32.62,32.99,32.99,0.65,1.9703,1.3798,1283548,42910772.0,6251574811.96,3129361000.0
2017-02-07,'603611,诺力股份,32.99,33.49,32.68,33.38,33.3,-0.31,-0.9309,1.3035,1212621,40049956.0,6130780411.61,3068894750.0
2017-02-06,'603611,诺力股份,33.3,33.47,32.95,33.05,33.1,0.2,0.6042,1.1159,1038112,34462069.0,6188390048.7,3097732500.0
2017-02-03,'603611,诺力股份,33.1,33.81,32.85,33.81,33.81,-0.71,-2.1,1.5454,1437641,47652088.0,6151222540.9,3079127500.0
2017-01-26,'603611,诺力股份,33.81,33.89,32.38,32.5,32.34,1.47,4.5455,1.6444,1529734,50972127.0,6283167193.59,3145175250.0
2017-01-25,'603611,诺力股份,32.34,32.6,31.96,32.1,32.2,0.14,0.4348,1.1305,1051683,33983404.0,6009986011.26,3008428500.0
2017-01-24,'603611,诺力股份,32.2,33.29,32.11,32.95,32.95,-0.75,-2.2762,1.4127,1314169,42619157.0,5630788401.0,2995405000.0
2017-01-23,'603611,诺力股份,32.95,33.6,32.64,32.69,32.59,0.36,1.1046,2.0763,1931446,63969318.0,5761940304.75,3065173750.0
2017-01-20,'603611,诺力股份,32.59,33.15,31.6,31.91,31.41,1.18,3.7568,3.9082,3635636,117402465.0,5698987390.95,3031684750.0
2017-01-19,'603611,诺力股份,31.41,32.5,30.7,32.5,33.47,-2.06,-6.1548,4.2955,3995929,125761706.0,5492641729.05,2921915250.0
2017-01-18,'603611,诺力股份,33.47,34.43,33.3,34.3,34.45,-0.98,-2.8447,1.0315,959527,32417354.0,5852872291.35,3113546750.0
2017-01-17,'603611,诺力股份,34.45,34.46,33.06,33.73,33.71,0.74,2.1952,1.898,1765644,59883723.0,6024244112.25,3204711250.0
2017-01-16,'603611,诺力股份,33.71,35.3,31.81,34.99,34.8,-1.09,-3.1322,2.0812,1936031,65979519.0,5894840900.55,3135872750.0
2017-01-13,'603611,诺力股份,34.8,36.56,34.5,36.34,36.41,-1.61,-4.4219,1.8165,1689823,59926190.0,6085448334.0,3237270000.0
2017-01-12,'603611,诺力股份,36.41,37.54,36.4,37.35,37.35,-0.94,-2.5167,1.1499,1069716,39538774.0,6366987754.05,3387040250.0
2017-01-11,'603611,诺力股份,37.35,38.45,36.89,37.88,38.32,-0.97,-2.5313,1.8289,1701326,63788754.0,6531364806.75,3474483750.0
2017-01-10,'603611,诺力股份,38.32,38.6,37.7,37.8,37.91,0.41,1.0815,1.4444,1343655,51307719.0,6700987935.6,3564718000.0
2017-01-09,'603611,诺力股份,37.91,37.99,36.59,36.9,37.0,0.91,2.4595,1.3497,1255540,46763016.0,6065600000.0,3526577750.0
2017-01-06,'603611,诺力股份,37.0,38.77,36.88,38.77,38.56,-1.56,-4.0456,2.8243,2627337,98441413.0,5920000000.0,3441925000.0
2017-01-05,'603611,诺力股份,38.56,39.17,38.35,38.95,38.81,-0.25,-0.6442,1.3517,1257400,48526218.0,6169600000.0,3587044000.0
2017-01-04,'603611,诺力股份,38.81,39.26,37.79,37.81,37.95,0.86,2.2661,2.3475,2183792,84503096.0,6209600000.0,3610300250.0
2017-01-03,'603611,诺力股份,37.95,38.45,37.85,38.3,38.18,-0.23,-0.6024,1.3155,1223700,46598344.0,6072000000.0,3530298750.0
2016-12-30,'603611,诺力股份,38.18,39.05,37.97,38.7,38.78,-0.6,-1.5472,1.5582,1449497,55739749.0,6108800000.0,3551694500.0
2016-12-29,'603611,诺力股份,38.78,38.98,37.71,37.81,38.07,0.71,1.865,1.9274,1792928,69137113.0,6204800000.0,3607509500.0
2016-12-28,'603611,诺力股份,38.07,38.7,37.71,38.33,38.33,-0.26,-0.6783,1.7496,1627545,61971771.0,6091200000.0,3541461750.0
2016-12-27,'603611,诺力股份,38.33,38.88,37.63,37.96,37.92,0.41,1.0812,2.5353,2358448,90632886.0,6132800000.0,3565648250.0
2016-12-26,'603611,诺力股份,37.92,38.06,36.5,37.5,37.47,0.45,1.201,1.793,1667963,62412758.0,6067200000.0,3527508000.0
2016-12-23,'603611,诺力股份,37.47,38.05,37.17,38.03,38.15,-0.68,-1.7824,2.2957,2135570,80235591.0,5995200000.0,3485646750.0
2016-12-22,'603611,诺力股份,38.15,38.5,36.62,36.62,36.97,1.18,3.1918,4.6977,4370070,165374361.0,6104000000.0,3548903750.0
2016-12-21,'603611,诺力股份,36.97,38.48,36.15,36.15,35.45,1.52,4.2877,4.1563,3866368,144192908.0,5915200000.0,3439134250.0
2016-12-20,'603611,诺力股份,35.45,35.55,34.91,35.01,35.34,0.11,0.3113,1.0647,990418,34837817.0,5672000000.0,3297736250.0
2016-12-19,'603611,诺力股份,35.34,35.5,34.85,35.39,35.14,0.2,0.5692,1.035,962846,33894283.0,5654400000.0,3287503500.0
2016-12-16,'603611,诺力股份,35.14,35.33,34.02,34.2,34.14,1.0,2.9291,1.9447,1809034,63153987.0,5622400000.0,3268898500.0
2016-12-15,'603611,诺力股份,34.14,34.59,33.51,33.7,33.82,0.32,0.9462,2.412,2243762,76300803.0,5462400000.0,3175873500.0
2016-12-14,'603611,诺力股份,33.82,34.57,33.51,34.34,34.34,-0.52,-1.5143,1.4171,1318274,44829104.0,5411200000.0,3146105500.0
2016-12-13,'603611,诺力股份,34.34,34.79,34.0,34.01,34.32,0.02,0.0583,1.6432,1528582,52587509.0,5494400000.0,3194478500.0
2016-12-12,'603611,诺力股份,34.32,37.16,34.04,37.1,37.17,-2.85,-7.6675,2.868,2667948,94963540.0,5491200000.0,3192618000.0
2016-12-09,'603611,诺力股份,37.17,37.69,37.01,37.23,37.23,-0.06,-0.1612,0.8647,804400,29983768.0,5947200000.0,3457739250.0
2016-12-08,'603611,诺力股份,37.23,37.72,36.72,36.87,36.96,0.27,0.7305,1.5261,1419690,52803222.0,5956800000.0,3463320750.0
2016-12-07,'603611,诺力股份,36.96,37.5,36.81,36.94,36.98,-0.02,-0.0541,1.151,1070696,39695910.0,5913600000.0,3438204000.0
2016-12-06,'603611,诺力股份,36.98,37.81,35.8,36.0,35.85,1.13,3.152,2.6733,2486843,92365522.0,5916800000.0,3440064500.0
2016-12-05,'603611,诺力股份,35.85,36.01,35.05,35.05,35.63,0.22,0.6175,1.2495,1162314,41477171.0,5736000000.0,3334946250.0
2016-12-02,'603611,诺力股份,35.63,37.62,35.2,37.2,37.23,-1.6,-4.2976,2.721,2531186,91953191.0,5700800000.0,3314480750.0
2016-12-01,'603611,诺力股份,37.23,37.36,36.9,36.91,36.97,0.26,0.7033,1.5338,1426813,52995948.0,5956800000.0,3463320750.0
2016-11-30,'603611,诺力股份,36.97,37.36,36.15,36.8,36.76,0.21,0.5713,2.6272,2443921,89850813.0,5915200000.0,3439134250.0
2016-11-29,'603611,诺力股份,36.76,38.1,36.68,37.62,37.62,-0.86,-2.286,1.9081,1775000,66487397.0,5881600000.0,3419599000.0
2016-11-28,'603611,诺力股份,37.62,38.58,37.6,38.58,38.4,-0.78,-2.0313,1.7119,1592452,60203127.0,6019200000.0,3499600500.0
2016-11-25,'603611,诺力股份,38.4,38.53,37.11,38.15,38.37,0.03,0.0782,2.0596,1915922,72753337.0,6144000000.0,3572160000.0
2016-11-24,'603611,诺力股份,38.37,39.65,38.18,39.49,39.47,-1.1,-2.7869,2.4056,2237854,86715750.0,6139200000.0,3569369250.0
2016-11-23,'603611,诺力股份,39.47,40.17,39.16,39.98,39.75,-0.28,-0.7044,2.506,2331170,92449014.0,6315200000.0,3671696750.0
2016-11-22,'603611,诺力股份,39.75,40.2,39.25,39.79,40.18,-0.43,-1.0702,3.9269,3652986,144573329.0,6360000000.0,3697743750.0
2016-11-21,'603611,诺力股份,40.18,40.44,38.52,38.52,38.52,1.66,4.3094,5.4687,5087221,202118476.0,6428800000.0,3737744500.0
2016-11-18,'603611,诺力股份,38.52,39.16,37.75,37.88,37.9,0.62,1.6359,3.9185,3645210,140405829.0,6163200000.0,3583323000.0
2016-11-17,'603611,诺力股份,37.9,38.29,37.61,37.77,37.95,-0.05,-0.1318,1.7406,1619201,61468670.0,6064000000.0,3525647500.0
2016-11-16,'603611,诺力股份,37.95,38.1,37.46,37.98,37.84,0.11,0.2907,2.2349,2079053,78602168.0,6072000000.0,3530298750.0
2016-11-15,'603611,诺力股份,37.84,38.89,37.43,38.89,38.47,-0.63,-1.6376,3.1601,2939696,111124997.0,6054400000.0,3520066000.0
2016-11-14,'603611,诺力股份,38.47,39.03,38.15,38.9,38.51,-0.04,-0.1039,3.3427,3109539,119829823.0,6155200000.0,3578671750.0
2016-11-11,'603611,诺力股份,38.51,39.76,38.05,39.76,39.6,-1.09,-2.7525,4.3218,4020384,155583288.0,6161600000.0,3582392750.0
2016-11-10,'603611,诺力股份,39.6,40.54,38.89,39.5,39.1,0.5,1.2788,5.1165,4759643,188304027.0,6336000000.0,3683790000.0
2016-11-09,'603611,诺力股份,39.1,39.48,37.65,38.38,38.64,0.46,1.1905,5.5746,5185802,201005244.0,6256000000.0,3637277500.0
2016-11-08,'603611,诺力股份,38.64,39.26,37.35,37.58,37.46,1.18,3.15,6.2999,5860515,225700606.0,6182400000.0,3594486000.0
2016-11-07,'603611,诺力股份,37.46,38.64,36.85,37.41,38.16,-0.7,-1.8344,7.0539,6561872,247219525.0,5993600000.0,3484716500.0
2016-11-04,'603611,诺力股份,38.16,41.45,37.82,40.5,39.25,-1.09,-2.7771,14.7384,13710381,545470297.0,6105600000.0,3549834000.0
2016-11-03,'603611,诺力股份,39.25,39.25,37.51,38.66,35.68,3.57,10.0056,10.7746,10023112,387933909.0,6280000000.0,3651231250.0
2016-11-02,'603611,诺力股份,0.0,0.0,0.0,0.0,35.68,None,None,0.0,0,0.0,5708800000.0,3319132000.0
2016-11-01,'603611,诺力股份,0.0,0.0,0.0,0.0,35.68,None,None,0.0,0,0.0,5708800000.0,3319132000.0
2016-10-31,'603611,诺力股份,0.0,0.0,0.0,0.0,35.68,None,None,0.0,0,0.0,5708800000.0,3319132000.0
2016-10-28,'603611,诺力股份,0.0,0.0,0.0,0.0,35.68,None,None,0.0,0,0.0,5708800000.0,3319132000.0
2016-10-27,'603611,诺力股份,0.0,0.0,0.0,0.0,35.68,None,None,0.0,0,0.0,5708800000.0,3319132000.0
2016-10-26,'603611,诺力股份,35.68,36.19,35.25,35.83,36.08,-0.4,-1.1086,3.4746,3232229,115294598.0,5708800000.0,3319132000.0
2016-10-25,'603611,诺力股份,36.08,36.41,35.1,35.3,35.65,0.43,1.2062,5.9043,5492437,196695937.0,5772800000.0,3356342000.0
2016-10-24,'603611,诺力股份,35.65,35.81,33.53,33.53,33.42,2.23,6.6727,6.3001,5860712,203640923.0,5704000000.0,3316341250.0
2016-10-21,'603611,诺力股份,33.42,34.1,32.92,33.99,33.85,-0.43,-1.2703,2.4449,2274332,75959323.0,5347200000.0,3108895500.0
2016-10-20,'603611,诺力股份,33.85,34.34,33.56,33.99,33.96,-0.11,-0.3239,2.2831,2123873,72051514.0,5416000000.0,3148896250.0
2016-10-19,'603611,诺力股份,33.96,34.49,33.5,34.4,34.05,-0.09,-0.2643,4.2625,3965206,134309900.0,5433600000.0,3159129000.0
2016-10-18,'603611,诺力股份,34.05,34.21,32.57,32.7,32.86,1.19,3.6214,6.2553,5819028,196109854.0,5448000000.0,3167501250.0
2016-10-17,'603611,诺力股份,32.86,33.35,31.81,31.81,31.97,0.89,2.7839,4.7304,4400443,144044878.0,5257600000.0,3056801500.0
2016-10-14,'603611,诺力股份,31.97,32.57,31.58,32.5,32.66,-0.69,-2.1127,2.4176,2249010,71893146.0,5115200000.0,2974009250.0
2016-10-13,'603611,诺力股份,32.66,32.77,32.14,32.5,32.41,0.25,0.7714,2.5856,2405226,78160517.0,5225600000.0,3038196500.0
2016-10-12,'603611,诺力股份,32.41,32.67,32.12,32.48,32.67,-0.26,-0.7958,2.156,2005597,64914465.0,5185600000.0,3014940250.0
2016-10-11,'603611,诺力股份,32.67,32.69,31.99,31.99,32.23,0.44,1.3652,3.1341,2915490,94660169.0,5227200000.0,3039126750.0
2016-10-10,'603611,诺力股份,32.23,32.4,31.28,31.29,31.1,1.13,3.6334,2.4199,2251142,72185155.0,5156800000.0,2998195750.0
2016-09-30,'603611,诺力股份,31.1,31.3,30.86,30.95,31.03,0.07,0.2256,1.0275,955811,29668097.0,4976000000.0,2893077500.0
2016-09-29,'603611,诺力股份,31.03,31.2,30.32,30.42,30.41,0.62,2.0388,1.483,1379563,42562131.0,4964800000.0,2886565750.0
2016-09-28,'603611,诺力股份,30.41,30.86,30.39,30.78,30.7,-0.29,-0.9446,0.9675,900050,27512572.0,4865600000.0,2828890250.0
2016-09-27,'603611,诺力股份,30.7,30.73,30.03,30.23,30.22,0.48,1.5884,1.044,971176,29517171.0,4912000000.0,2855867500.0
2016-09-26,'603611,诺力股份,30.22,31.48,30.19,31.2,31.27,-1.05,-3.3579,1.6273,1513836,46606908.0,4835200000.0,2811215500.0
2016-09-23,'603611,诺力股份,31.27,31.97,31.25,31.7,31.82,-0.55,-1.7285,1.4263,1326860,41840725.0,5003200000.0,2908891750.0
2016-09-22,'603611,诺力股份,31.82,31.91,31.37,31.6,31.53,0.29,0.9198,2.0355,1893518,60024924.0,5091200000.0,2960055500.0
2016-09-21,'603611,诺力股份,31.53,31.84,30.78,31.0,31.09,0.44,1.4152,1.8478,1718915,54143491.0,5044800000.0,2933078250.0
2016-09-20,'603611,诺力股份,31.09,31.15,30.45,30.45,30.46,0.63,2.0683,1.9189,1785028,55194592.0,4974400000.0,2892147250.0
2016-09-19,'603611,诺力股份,30.46,30.5,29.85,29.85,29.82,0.64,2.1462,1.2878,1198011,36268078.0,4873600000.0,2833541500.0
2016-09-14,'603611,诺力股份,29.82,30.65,29.53,30.48,30.69,-0.87,-2.8348,2.133,1984231,59595054.0,4771200000.0,2774005500.0
2016-09-13,'603611,诺力股份,30.69,30.97,30.3,30.69,30.49,0.2,0.656,1.6256,1512250,46336866.0,4910400000.0,2854937250.0
2016-09-12,'603611,诺力股份,30.49,31.26,30.11,30.38,31.63,-1.14,-3.6042,2.8508,2651916,81496570.0,4878400000.0,2836332250.0
2016-09-09,'603611,诺力股份,31.63,32.69,31.55,32.6,32.49,-0.86,-2.647,3.0291,2817791,90470835.0,5060800000.0,2942380750.0
2016-09-08,'603611,诺力股份,32.49,32.5,31.71,31.71,31.95,0.54,1.6901,2.9098,2706815,87130065.0,5198400000.0,3022382250.0
2016-09-07,'603611,诺力股份,31.95,32.4,31.64,32.4,32.5,-0.55,-1.6923,3.9838,3705924,118439373.0,5112000000.0,2972148750.0
2016-09-06,'603611,诺力股份,32.5,32.58,32.0,32.57,32.86,-0.36,-1.0956,5.7284,5328850,172383079.0,5200000000.0,3023312500.0
2016-09-05,'603611,诺力股份,32.86,32.91,31.33,31.33,31.45,1.41,4.4833,5.3908,5014828,162770296.0,5257600000.0,3056801500.0
2016-09-02,'603611,诺力股份,31.45,32.55,31.0,31.97,31.97,-0.52,-1.6265,3.7388,3478019,110307159.0,5032000000.0,2925636250.0
2016-09-01,'603611,诺力股份,31.97,32.82,31.5,31.6,31.62,0.35,1.1069,5.343,4970297,160899612.0,5115200000.0,2974009250.0
2016-08-31,'603611,诺力股份,31.62,32.16,31.11,31.27,31.47,0.15,0.4766,3.5352,3288610,104240339.0,5059200000.0,2941450500.0
2016-08-30,'603611,诺力股份,31.47,32.8,30.7,30.7,30.44,1.03,3.3837,5.6792,5283055,168549037.0,5035200000.0,2927496750.0
2016-08-29,'603611,诺力股份,30.44,30.45,29.81,29.86,29.77,0.67,2.2506,1.8099,1683618,50950906.0,4870400000.0,2831681000.0
2016-08-26,'603611,诺力股份,29.77,30.14,29.53,29.56,29.45,0.32,1.0866,1.5463,1438420,42919982.0,4763200000.0,2769354250.0
2016-08-25,'603611,诺力股份,29.45,30.2,29.21,30.2,30.4,-0.95,-3.125,2.5919,2411120,71327985.0,4712000000.0,2739586250.0
2016-08-24,'603611,诺力股份,30.4,30.85,30.24,30.24,30.29,0.11,0.3632,1.2852,1195555,36464935.0,4864000000.0,2827960000.0
2016-08-23,'603611,诺力股份,30.29,30.96,30.1,30.2,30.56,-0.27,-0.8835,1.9432,1807642,55013494.0,4846400000.0,2817727250.0
2016-08-22,'603611,诺力股份,30.56,31.8,30.55,31.65,31.59,-1.03,-3.2605,2.5052,2330452,72535838.0,4889600000.0,2842844000.0
2016-08-19,'603611,诺力股份,31.59,31.6,30.2,30.7,30.86,0.73,2.3655,4.0869,3801844,117774049.0,5054400000.0,2938659750.0
2016-08-18,'603611,诺力股份,30.86,31.6,30.5,31.01,31.31,-0.45,-1.4372,3.4976,3253655,100642239.0,4937600000.0,2870751500.0
2016-08-17,'603611,诺力股份,31.31,31.35,29.71,29.9,29.91,1.4,4.6807,4.6836,4356916,133963347.0,5009600000.0,2912612750.0
2016-08-16,'603611,诺力股份,29.91,30.19,29.71,30.0,29.87,0.04,0.1339,2.1821,2029897,60787548.0,4785600000.0,2782377750.0
2016-08-15,'603611,诺力股份,29.87,30.1,29.0,29.46,29.29,0.58,1.9802,2.767,2573960,76254369.0,4779200000.0,2778656750.0
2016-08-12,'603611,诺力股份,29.29,29.58,29.08,29.31,29.32,-0.03,-0.1023,1.9274,1792957,52398377.0,4686400000.0,2724702250.0
2016-08-11,'603611,诺力股份,29.32,30.4,29.28,30.33,30.49,-1.17,-3.8373,2.6389,2454853,73168279.0,4691200000.0,2727493000.0
2016-08-10,'603611,诺力股份,30.49,31.18,30.33,31.07,31.06,-0.57,-1.8352,2.3312,2168633,66397683.0,4878400000.0,2836332250.0
2016-08-09,'603611,诺力股份,31.06,31.58,30.11,30.4,30.46,0.6,1.9698,2.834,2636286,81231846.0,4969600000.0,2889356500.0
2016-08-08,'603611,诺力股份,30.46,30.5,29.6,30.5,30.8,-0.34,-1.1039,2.4624,2290648,68949631.0,4873600000.0,2833541500.0
2016-08-05,'603611,诺力股份,30.8,31.84,30.79,31.55,31.81,-1.01,-3.1751,3.9561,3680121,115002446.0,4928000000.0,2865170000.0
2016-08-04,'603611,诺力股份,31.81,31.98,30.35,30.54,30.7,1.11,3.6156,4.8499,4511619,140784705.0,5089600000.0,2959125250.0
2016-08-03,'603611,诺力股份,30.7,31.3,30.26,30.99,31.31,-0.61,-1.9483,3.579,3329364,102258348.0,4912000000.0,2855867500.0
2016-08-02,'603611,诺力股份,31.31,31.55,30.6,31.19,31.06,0.25,0.8049,3.13,2911673,90663424.0,5009600000.0,2912612750.0
2016-08-01,'603611,诺力股份,31.06,31.63,29.58,30.13,30.54,0.52,1.7027,5.3242,4952850,152565893.0,4969600000.0,2889356500.0
2016-07-29,'603611,诺力股份,30.54,30.94,29.2,29.44,29.38,1.16,3.9483,4.2313,3936187,118098185.0,4886400000.0,2840983500.0
2016-07-28,'603611,诺力股份,29.38,30.37,28.63,30.0,30.27,-0.89,-2.9402,4.2224,3927863,115629248.0,4700800000.0,2733074500.0
2016-07-27,'603611,诺力股份,30.27,32.83,29.89,32.83,32.93,-2.66,-8.0777,7.1792,6678440,208443456.0,4843200000.0,2815866750.0
2016-07-26,'603611,诺力股份,32.93,33.78,32.56,32.56,33.24,-0.31,-0.9326,6.196,5763857,190891908.0,5268800000.0,3063313250.0
2016-07-25,'603611,诺力股份,33.24,33.5,30.8,31.85,32.1,1.14,3.5514,12.4485,11580258,374557779.0,5318400000.0,3092151000.0
2016-07-22,'603611,诺力股份,32.1,36.0,31.7,36.0,33.77,-1.67,-4.9452,14.2823,13286073,443677858.0,5136000000.0,2986102500.0
2016-07-21,'603611,诺力股份,33.77,33.77,33.77,33.77,30.7,3.07,10.0,0.9387,873227,29488876.0,5403200000.0,3141454250.0
2016-07-20,'603611,诺力股份,30.7,30.7,30.7,30.7,27.91,2.79,9.9964,0.2052,190901,5860661.0,4912000000.0,2855867500.0
2016-07-19,'603611,诺力股份,27.91,27.91,27.91,27.91,25.37,2.54,10.0118,0.0581,54006,1507307.0,4465600000.0,2596327750.0
2016-07-18,'603611,诺力股份,0.0,0.0,0.0,0.0,25.37,None,None,0.0,0,0.0,4059200000.0,2360044250.0
2016-07-15,'603611,诺力股份,0.0,0.0,0.0,0.0,25.37,None,None,0.0,0,0.0,4059200000.0,2360044250.0
2016-07-14,'603611,诺力股份,0.0,0.0,0.0,0.0,25.37,None,None,0.0,0,0.0,4059200000.0,2360044250.0
2016-07-13,'603611,诺力股份,0.0,0.0,0.0,0.0,25.37,None,None,0.0,0,0.0,4059200000.0,2360044250.0
2016-07-12,'603611,诺力股份,0.0,0.0,0.0,0.0,25.37,None,None,0.0,0,0.0,4059200000.0,2360044250.0
2016-07-11,'603611,诺力股份,0.0,0.0,0.0,0.0,25.37,None,None,0.0,0,0.0,4059200000.0,2360044250.0
2016-07-08,'603611,诺力股份,0.0,0.0,0.0,0.0,25.37,None,None,0.0,0,0.0,4059200000.0,2360044250.0
2016-07-07,'603611,诺力股份,0.0,0.0,0.0,0.0,25.37,None,None,0.0,0,0.0,4059200000.0,2360044250.0
2016-07-06,'603611,诺力股份,0.0,0.0,0.0,0.0,25.37,None,None,0.0,0,0.0,4059200000.0,2360044250.0
2016-07-05,'603611,诺力股份,0.0,0.0,0.0,0.0,25.37,None,None,0.0,0,0.0,4059200000.0,2360044250.0
2016-07-04,'603611,诺力股份,0.0,0.0,0.0,0.0,25.37,None,None,0.0,0,0.0,4059200000.0,2360044250.0
2016-07-01,'603611,诺力股份,0.0,0.0,0.0,0.0,25.37,None,None,0.0,0,0.0,4059200000.0,2360044250.0
2016-06-30,'603611,诺力股份,0.0,0.0,0.0,0.0,25.37,None,None,0.0,0,0.0,4059200000.0,2360044250.0
2016-06-29,'603611,诺力股份,0.0,0.0,0.0,0.0,25.37,None,None,0.0,0,0.0,4059200000.0,2360044250.0
2016-06-28,'603611,诺力股份,0.0,0.0,0.0,0.0,25.37,None,None,0.0,0,0.0,4059200000.0,2360044250.0
2016-06-27,'603611,诺力股份,0.0,0.0,0.0,0.0,25.37,None,None,0.0,0,0.0,4059200000.0,2360044250.0
2016-06-24,'603611,诺力股份,0.0,0.0,0.0,0.0,25.37,None,None,0.0,0,0.0,4059200000.0,2360044250.0
2016-06-23,'603611,诺力股份,0.0,0.0,0.0,0.0,25.37,None,None,0.0,0,0.0,4059200000.0,2360044250.0
2016-06-22,'603611,诺力股份,0.0,0.0,0.0,0.0,25.37,None,None,0.0,0,0.0,4059200000.0,2360044250.0
2016-06-21,'603611,诺力股份,0.0,0.0,0.0,0.0,25.37,None,None,0.0,0,0.0,4059200000.0,2360044250.0
2016-06-20,'603611,诺力股份,0.0,0.0,0.0,0.0,25.37,None,None,0.0,0,0.0,4059200000.0,2360044250.0
2016-06-17,'603611,诺力股份,0.0,0.0,0.0,0.0,25.37,None,None,0.0,0,0.0,4059200000.0,2360044250.0
2016-06-16,'603611,诺力股份,0.0,0.0,0.0,0.0,25.37,None,None,0.0,0,0.0,4059200000.0,2360044250.0
2016-06-15,'603611,诺力股份,0.0,0.0,0.0,0.0,25.37,None,None,0.0,0,0.0,4059200000.0,2360044250.0
2016-06-14,'603611,诺力股份,0.0,0.0,0.0,0.0,25.37,None,None,0.0,0,0.0,4059200000.0,2360044250.0
2016-06-13,'603611,诺力股份,0.0,0.0,0.0,0.0,25.37,None,None,0.0,0,0.0,4059200000.0,2360044250.0
2016-06-08,'603611,诺力股份,0.0,0.0,0.0,0.0,25.37,None,None,0.0,0,0.0,4059200000.0,2360044250.0
2016-06-07,'603611,诺力股份,0.0,0.0,0.0,0.0,25.37,None,None,0.0,0,0.0,4059200000.0,2360044250.0
2016-06-06,'603611,诺力股份,0.0,0.0,0.0,0.0,25.37,None,None,0.0,0,0.0,4059200000.0,2360044250.0
2016-06-03,'603611,诺力股份,0.0,0.0,0.0,0.0,25.37,None,None,0.0,0,0.0,4059200000.0,2360044250.0
2016-06-02,'603611,XD诺力股,0.0,0.0,0.0,0.0,25.37,None,None,0.0,0,0.0,4059200000.0,2360044250.0
2016-06-01,'603611,诺力股份,0.0,0.0,0.0,0.0,25.62,None,None,0.0,0,0.0,4099200000.0,2383300500.0
2016-05-31,'603611,诺力股份,0.0,0.0,0.0,0.0,25.62,None,None,0.0,0,0.0,4099200000.0,2383300500.0
2016-05-30,'603611,诺力股份,0.0,0.0,0.0,0.0,25.62,None,None,0.0,0,0.0,4099200000.0,2383300500.0
2016-05-27,'603611,诺力股份,0.0,0.0,0.0,0.0,25.62,None,None,0.0,0,0.0,4099200000.0,2383300500.0
2016-05-26,'603611,诺力股份,0.0,0.0,0.0,0.0,25.62,None,None,0.0,0,0.0,4099200000.0,2383300500.0
2016-05-25,'603611,诺力股份,0.0,0.0,0.0,0.0,25.62,None,None,0.0,0,0.0,4099200000.0,2383300500.0
2016-05-24,'603611,诺力股份,0.0,0.0,0.0,0.0,25.62,None,None,0.0,0,0.0,4099200000.0,2383300500.0
2016-05-23,'603611,诺力股份,0.0,0.0,0.0,0.0,25.62,None,None,0.0,0,0.0,4099200000.0,2383300500.0
2016-05-20,'603611,诺力股份,0.0,0.0,0.0,0.0,25.62,None,None,0.0,0,0.0,4099200000.0,2383300500.0
2016-05-19,'603611,诺力股份,0.0,0.0,0.0,0.0,25.62,None,None,0.0,0,0.0,4099200000.0,2383300500.0
2016-05-18,'603611,诺力股份,0.0,0.0,0.0,0.0,25.62,None,None,0.0,0,0.0,4099200000.0,2383300500.0
2016-05-17,'603611,诺力股份,0.0,0.0,0.0,0.0,25.62,None,None,0.0,0,0.0,4099200000.0,2383300500.0
2016-05-16,'603611,诺力股份,0.0,0.0,0.0,0.0,25.62,None,None,0.0,0,0.0,4099200000.0,2383300500.0
2016-05-13,'603611,诺力股份,0.0,0.0,0.0,0.0,25.62,None,None,0.0,0,0.0,4099200000.0,2383300500.0
2016-05-12,'603611,诺力股份,0.0,0.0,0.0,0.0,25.62,None,None,0.0,0,0.0,4099200000.0,2383300500.0
2016-05-11,'603611,诺力股份,0.0,0.0,0.0,0.0,25.62,None,None,0.0,0,0.0,4099200000.0,2383300500.0
2016-05-10,'603611,诺力股份,0.0,0.0,0.0,0.0,25.62,None,None,0.0,0,0.0,4099200000.0,2383300500.0
2016-05-09,'603611,诺力股份,0.0,0.0,0.0,0.0,25.62,None,None,0.0,0,0.0,4099200000.0,2383300500.0
2016-05-06,'603611,诺力股份,0.0,0.0,0.0,0.0,25.62,None,None,0.0,0,0.0,4099200000.0,2383300500.0
2016-05-05,'603611,诺力股份,0.0,0.0,0.0,0.0,25.62,None,None,0.0,0,0.0,4099200000.0,2383300500.0
2016-05-04,'603611,诺力股份,0.0,0.0,0.0,0.0,25.62,None,None,0.0,0,0.0,4099200000.0,2383300500.0
2016-05-03,'603611,诺力股份,0.0,0.0,0.0,0.0,25.62,None,None,0.0,0,0.0,4099200000.0,2383300500.0
2016-04-29,'603611,诺力股份,0.0,0.0,0.0,0.0,25.62,None,None,0.0,0,0.0,4099200000.0,2383300500.0
2016-04-28,'603611,诺力股份,0.0,0.0,0.0,0.0,25.62,None,None,0.0,0,0.0,4099200000.0,2383300500.0
2016-04-27,'603611,诺力股份,0.0,0.0,0.0,0.0,25.62,None,None,0.0,0,0.0,4099200000.0,2383300500.0
2016-04-26,'603611,诺力股份,0.0,0.0,0.0,0.0,25.62,None,None,0.0,0,0.0,4099200000.0,2383300500.0
2016-04-25,'603611,诺力股份,0.0,0.0,0.0,0.0,25.62,None,None,0.0,0,0.0,4099200000.0,2383300500.0
2016-04-22,'603611,诺力股份,0.0,0.0,0.0,0.0,25.62,None,None,0.0,0,0.0,4099200000.0,2383300500.0
2016-04-21,'603611,诺力股份,0.0,0.0,0.0,0.0,25.62,None,None,0.0,0,0.0,4099200000.0,2383300500.0
2016-04-20,'603611,诺力股份,0.0,0.0,0.0,0.0,25.62,None,None,0.0,0,0.0,4099200000.0,2383300500.0
2016-04-19,'603611,诺力股份,0.0,0.0,0.0,0.0,25.62,None,None,0.0,0,0.0,4099200000.0,2383300500.0
2016-04-18,'603611,诺力股份,0.0,0.0,0.0,0.0,25.62,None,None,0.0,0,0.0,4099200000.0,2383300500.0
2016-04-15,'603611,诺力股份,0.0,0.0,0.0,0.0,25.62,None,None,0.0,0,0.0,4099200000.0,2383300500.0
2016-04-14,'603611,诺力股份,0.0,0.0,0.0,0.0,25.62,None,None,0.0,0,0.0,4099200000.0,2383300500.0
2016-04-13,'603611,诺力股份,0.0,0.0,0.0,0.0,25.62,None,None,0.0,0,0.0,4099200000.0,2383300500.0
2016-04-12,'603611,诺力股份,0.0,0.0,0.0,0.0,25.62,None,None,0.0,0,0.0,4099200000.0,2383300500.0
2016-04-11,'603611,诺力股份,0.0,0.0,0.0,0.0,25.62,None,None,0.0,0,0.0,4099200000.0,2383300500.0
2016-04-08,'603611,诺力股份,0.0,0.0,0.0,0.0,25.62,None,None,0.0,0,0.0,4099200000.0,2383300500.0
2016-04-07,'603611,诺力股份,0.0,0.0,0.0,0.0,25.62,None,None,0.0,0,0.0,4099200000.0,2383300500.0
2016-04-06,'603611,诺力股份,0.0,0.0,0.0,0.0,25.62,None,None,0.0,0,0.0,4099200000.0,2383300500.0
2016-04-05,'603611,诺力股份,0.0,0.0,0.0,0.0,25.62,None,None,0.0,0,0.0,4099200000.0,2383300500.0
2016-04-01,'603611,诺力股份,0.0,0.0,0.0,0.0,25.62,None,None,0.0,0,0.0,4099200000.0,2383300500.0
2016-03-31,'603611,诺力股份,0.0,0.0,0.0,0.0,25.62,None,None,0.0,0,0.0,4099200000.0,2383300500.0
2016-03-30,'603611,诺力股份,0.0,0.0,0.0,0.0,25.62,None,None,0.0,0,0.0,4099200000.0,2383300500.0
2016-03-29,'603611,诺力股份,25.62,25.76,24.72,25.38,25.3,0.32,1.2648,3.9499,3674361,93338548.0,4099200000.0,2383300500.0
2016-03-28,'603611,诺力股份,25.3,26.2,25.18,25.6,25.55,-0.25,-0.9785,3.482,3239088,83573935.0,4048000000.0,2353532500.0
2016-03-25,'603611,诺力股份,25.55,25.9,24.96,25.28,25.31,0.24,0.9482,3.2401,3014146,76337980.0,4088000000.0,2376788750.0
2016-03-24,'603611,诺力股份,25.31,26.05,25.29,25.91,26.29,-0.98,-3.7277,4.9239,4580466,117873385.0,4049600000.0,2354462750.0
2016-03-23,'603611,诺力股份,26.29,26.49,25.04,25.2,25.23,1.06,4.2013,4.9668,4620377,119640402.0,4206400000.0,2445627250.0
2016-03-22,'603611,诺力股份,25.23,25.7,24.9,25.58,25.85,-0.62,-2.3985,3.8004,3535346,89518942.0,4036800000.0,2347020750.0
2016-03-21,'603611,诺力股份,25.85,25.87,25.05,25.21,24.84,1.01,4.066,6.5022,6048635,153286096.0,4136000000.0,2404696250.0
2016-03-18,'603611,诺力股份,24.84,24.99,23.36,23.51,23.32,1.52,6.518,5.1858,4824113,117637180.0,3974400000.0,2310741000.0
2016-03-17,'603611,诺力股份,23.32,23.58,22.73,22.88,22.69,0.63,2.7766,2.8234,2626450,60997184.0,3731200000.0,2169343000.0
2016-03-16,'603611,诺力股份,22.69,23.67,22.61,23.67,23.24,-0.55,-2.3666,1.8923,1760328,40502857.0,3630400000.0,2110737250.0
2016-03-15,'603611,诺力股份,23.24,23.82,23.1,23.73,23.98,-0.74,-3.0859,3.0399,2827900,66221854.0,3718400000.0,2161901000.0
2016-03-14,'603611,诺力股份,23.98,24.31,23.06,23.06,22.94,1.04,4.5336,4.4338,4124546,97960742.0,3836800000.0,2230739500.0
2016-03-11,'603611,诺力股份,22.94,23.15,22.22,22.7,22.78,0.16,0.7024,1.366,1270718,28882377.0,3670400000.0,2133993500.0
2016-03-10,'603611,诺力股份,22.78,22.88,22.3,22.52,22.52,0.26,1.1545,1.2969,1206460,27388657.0,3644800000.0,2119109500.0
2016-03-09,'603611,诺力股份,22.52,22.96,22.25,22.55,23.11,-0.59,-2.553,1.1084,1031110,23330855.0,3603200000.0,2094923000.0
2016-03-08,'603611,诺力股份,23.11,23.14,21.77,22.84,22.81,0.3,1.3152,1.9776,1839619,41475320.0,3697600000.0,2149807750.0
2016-03-07,'603611,诺力股份,22.81,23.36,22.32,23.36,22.31,0.5,2.2411,1.3193,1227311,28141885.0,3649600000.0,2121900250.0
2016-03-04,'603611,诺力股份,22.31,23.71,22.05,23.71,23.71,-1.4,-5.9047,1.9612,1824432,41564406.0,3569600000.0,2075387750.0
2016-03-03,'603611,诺力股份,23.71,24.22,23.44,23.48,23.45,0.26,1.1087,2.3817,2215618,52797884.0,3793600000.0,2205622750.0
2016-03-02,'603611,诺力股份,23.45,23.53,22.2,22.55,22.46,0.99,4.4078,2.4058,2238020,51155792.0,3752000000.0,2181436250.0
2016-03-01,'603611,诺力股份,22.46,22.76,21.55,22.2,22.18,0.28,1.2624,1.612,1499608,33352032.0,3593600000.0,2089341500.0
2016-02-29,'603611,诺力股份,22.18,24.2,21.7,24.13,24.09,-1.91,-7.9286,1.9723,1834735,40779885.0,3548800000.0,2063294500.0
2016-02-26,'603611,诺力股份,24.09,24.88,23.0,23.8,23.94,0.15,0.6266,1.701,1582395,38166842.0,3854400000.0,2240972250.0
2016-02-25,'603611,诺力股份,23.94,26.95,23.67,26.0,26.3,-2.36,-8.9734,3.4414,3201325,82398924.0,3830400000.0,2227018500.0
2016-02-24,'603611,诺力股份,26.3,26.88,25.37,26.35,26.67,-0.37,-1.3873,1.8311,1703341,44524522.0,4208000000.0,2446557500.0
2016-02-23,'603611,诺力股份,26.67,27.15,26.37,26.87,27.03,-0.36,-1.3319,2.1449,1995278,53222555.0,4267200000.0,2480976750.0
2016-02-22,'603611,诺力股份,27.03,27.34,26.07,26.07,25.93,1.1,4.2422,3.0724,2858093,77140300.0,4324800000.0,2514465750.0
2016-02-19,'603611,诺力股份,25.93,26.04,25.5,25.74,25.63,0.3,1.1705,2.1755,2023796,52189354.0,4148800000.0,2412138250.0
2016-02-18,'603611,诺力股份,25.63,26.85,25.6,26.5,26.41,-0.78,-2.9534,2.8282,2630952,68571274.0,4100800000.0,2384230750.0
2016-02-17,'603611,诺力股份,26.41,27.1,25.91,26.52,26.44,-0.03,-0.1135,2.7114,2522288,66869304.0,4225600000.0,2456790250.0
2016-02-16,'603611,诺力股份,26.44,26.75,25.35,25.35,25.32,1.12,4.4234,2.8429,2644635,69725886.0,4230400000.0,2459581000.0
2016-02-15,'603611,诺力股份,25.32,25.8,24.11,24.5,25.24,0.08,0.317,2.0655,1921404,47903433.0,4051200000.0,2355393000.0
2016-02-05,'603611,诺力股份,25.24,25.8,25.0,25.32,25.02,0.22,0.8793,2.8221,2625218,66644684.0,4038400000.0,2347951000.0
2016-02-04,'603611,诺力股份,25.02,25.7,23.83,23.99,23.77,1.25,5.2587,3.3365,3103799,77059753.0,4003200000.0,2327485500.0
2016-02-03,'603611,诺力股份,23.77,23.93,23.05,23.5,23.82,-0.05,-0.2099,1.9872,1848553,43475387.0,3803200000.0,2211204250.0
2016-02-02,'603611,诺力股份,23.82,24.0,23.0,23.09,22.84,0.98,4.2907,2.6614,2475790,58538803.0,3811200000.0,2215855500.0
2016-02-01,'603611,诺力股份,22.84,23.68,22.56,22.81,23.18,-0.34,-1.4668,2.3064,2145485,49493397.0,3654400000.0,2124691000.0
2016-01-29,'603611,诺力股份,23.18,23.45,21.95,22.42,22.42,0.76,3.3898,3.47,3227950,73409208.0,3708800000.0,2156319500.0
2016-01-28,'603611,诺力股份,22.42,24.56,22.42,24.56,24.91,-2.49,-9.996,3.1347,2916040,68970712.0,3587200000.0,2085620500.0
2016-01-27,'603611,诺力股份,24.91,25.78,22.99,25.15,25.47,-0.56,-2.1987,9.6435,3857418,92859433.0,3985600000.0,996400000.0
2016-01-26,'603611,诺力股份,25.47,28.22,25.47,28.21,28.3,-2.83,-10.0,6.8233,2729304,72893045.0,4075200000.0,1018800000.0
2016-01-25,'603611,诺力股份,28.3,28.98,27.71,28.29,27.78,0.52,1.8719,8.2713,3308525,93563656.0,4528000000.0,1132000000.0
2016-01-22,'603611,诺力股份,27.78,29.48,27.0,28.3,29.12,-1.34,-4.6016,12.3653,4946130,138146771.0,4444800000.0,1111200000.0
2016-01-21,'603611,诺力股份,29.12,31.99,29.12,30.99,32.35,-3.23,-9.9845,12.6035,5041399,154112383.0,4659200000.0,1164800000.0
2016-01-20,'603611,诺力股份,32.35,33.96,32.08,33.8,34.67,-2.32,-6.6917,14.5443,5817727,191803905.0,5176000000.0,1294000000.0
2016-01-19,'603611,诺力股份,34.67,35.03,31.6,33.45,34.3,0.37,1.0787,17.6865,7074596,234456069.0,5547200000.0,1386800000.0
2016-01-18,'603611,诺力股份,34.3,37.33,33.65,34.8,37.33,-3.03,-8.1168,17.6651,7066021,248059782.0,5488000000.0,1372000000.0
2016-01-15,'603611,诺力股份,37.33,41.0,37.1,39.41,39.88,-2.55,-6.3942,17.6524,7060961,277561772.0,5972800000.0,1493200000.0
2016-01-14,'603611,诺力股份,39.88,40.49,34.46,36.36,38.29,1.59,4.1525,19.8803,7952111,298720695.0,6380800000.0,1595200000.0
2016-01-13,'603611,诺力股份,38.29,40.0,36.3,37.7,37.75,0.54,1.4305,23.2351,9294046,353810508.0,6126400000.0,1531600000.0
2016-01-12,'603611,诺力股份,37.75,37.75,34.4,34.4,34.32,3.43,9.9942,19.2854,7714173,283797705.0,6040000000.0,1510000000.0
2016-01-11,'603611,诺力股份,34.32,37.04,32.5,34.2,35.22,-0.9,-2.5554,13.2514,5300576,187442810.0,5491200000.0,1372800000.0
2016-01-08,'603611,诺力股份,35.22,36.23,31.6,34.0,33.38,1.84,5.5123,10.537,4214799,145806449.0,5635200000.0,1408800000.0
2016-01-07,'603611,诺力股份,33.38,36.5,33.38,36.5,37.09,-3.71,-10.0027,2.414,965600,33253071.0,5340800000.0,1335200000.0
2016-01-06,'603611,诺力股份,37.09,37.09,33.61,33.61,33.72,3.37,9.9941,11.1846,4473843,158782433.0,5934400000.0,1483600000.0
2016-01-05,'603611,诺力股份,33.72,34.84,31.56,31.56,35.05,-1.33,-3.7946,10.0859,4034365,134767383.0,5395200000.0,1348800000.0
2016-01-04,'603611,诺力股份,35.05,38.94,35.05,38.0,38.94,-3.89,-9.9897,7.2976,2919024,108186537.0,5608000000.0,1402000000.0
2015-12-31,'603611,诺力股份,38.94,42.19,38.7,39.25,39.88,-0.94,-2.3571,14.3823,5752904,232951634.0,6230400000.0,1557600000.0
2015-12-30,'603611,诺力股份,39.88,42.38,37.7,38.2,38.74,1.14,2.9427,22.0308,8812325,350600757.0,6380800000.0,1595200000.0
2015-12-29,'603611,诺力股份,38.74,39.6,37.03,38.98,39.67,-0.93,-2.3443,18.4997,7399873,283676070.0,6198400000.0,1549600000.0
2015-12-28,'603611,诺力股份,39.67,40.18,37.28,37.28,36.53,3.14,8.5957,32.2449,12897946,512725623.0,6347200000.0,1586800000.0
2015-12-25,'603611,诺力股份,36.53,36.89,33.81,34.25,34.09,2.44,7.1575,17.8319,7132767,256521776.0,5844800000.0,1461200000.0
2015-12-24,'603611,诺力股份,34.09,34.85,33.15,34.44,34.91,-0.82,-2.3489,6.5631,2625221,89175563.0,5454400000.0,1363600000.0
2015-12-23,'603611,诺力股份,34.91,36.5,34.88,35.51,35.38,-0.47,-1.3284,9.1555,3662186,130753402.0,5585600000.0,1396400000.0
2015-12-22,'603611,诺力股份,35.38,35.58,34.84,35.54,35.64,-0.26,-0.7295,6.2534,2501362,87905166.0,5660800000.0,1415200000.0
2015-12-21,'603611,诺力股份,35.64,35.97,34.52,35.05,35.05,0.59,1.6833,8.7199,3487965,123782729.0,5702400000.0,1425600000.0
2015-12-18,'603611,诺力股份,35.05,35.35,34.1,35.16,35.1,-0.05,-0.1425,8.9601,3584021,124736886.0,5608000000.0,1402000000.0
2015-12-17,'603611,诺力股份,35.1,35.55,34.5,34.5,34.43,0.67,1.946,10.0207,4008260,140245739.0,5616000000.0,1404000000.0
2015-12-16,'603611,诺力股份,34.43,35.35,34.06,34.93,34.84,-0.41,-1.1768,8.3619,3344769,115956629.0,5508800000.0,1377200000.0
2015-12-15,'603611,诺力股份,34.84,35.24,32.32,32.75,32.63,2.21,6.7729,8.6658,3466324,117070341.0,5574400000.0,1393600000.0
2015-12-14,'603611,诺力股份,32.63,32.8,31.01,31.2,32.0,0.63,1.9688,3.3446,1337820,42712132.0,5220800000.0,1305200000.0
2015-12-11,'603611,诺力股份,32.0,33.78,32.0,33.78,33.38,-1.38,-4.1342,5.1614,2064551,67147474.0,5120000000.0,1280000000.0
2015-12-10,'603611,诺力股份,33.38,34.97,33.0,33.0,34.09,-0.71,-2.0827,6.1264,2450575,83425451.0,5340800000.0,1335200000.0
2015-12-09,'603611,诺力股份,34.09,35.16,33.74,34.98,34.98,-0.89,-2.5443,7.6961,3078458,105806540.0,5454400000.0,1363600000.0
2015-12-08,'603611,诺力股份,34.98,36.25,32.6,33.44,33.26,1.72,5.1714,15.3934,6157350,214264376.0,5596800000.0,1399200000.0
2015-12-07,'603611,诺力股份,33.26,33.6,32.41,32.41,32.65,0.61,1.8683,6.0893,2435733,80657635.0,5321600000.0,1330400000.0
2015-12-04,'603611,诺力股份,32.65,32.9,32.04,32.28,32.09,0.56,1.7451,6.6896,2675858,86877670.0,5224000000.0,1306000000.0
2015-12-03,'603611,诺力股份,32.09,32.2,31.31,31.56,31.15,0.94,3.0177,5.3881,2155244,68662814.0,5134400000.0,1283600000.0
2015-12-02,'603611,诺力股份,31.15,32.78,30.08,32.2,32.22,-1.07,-3.3209,6.4073,2562934,79511225.0,4984000000.0,1246000000.0
2015-12-01,'603611,诺力股份,32.22,33.78,31.61,32.88,32.88,-0.66,-2.0073,7.3876,2955049,96738576.0,5155200000.0,1288800000.0
2015-11-30,'603611,诺力股份,32.88,33.45,30.2,33.01,33.34,-0.46,-1.3797,11.9331,4773222,153022438.0,5260800000.0,1315200000.0
2015-11-27,'603611,诺力股份,33.34,37.0,32.88,35.9,36.21,-2.87,-7.926,12.479,4991587,176857971.0,5334400000.0,1333600000.0
2015-11-26,'603611,诺力股份,36.21,36.47,35.01,35.07,35.31,0.9,2.5489,12.9828,5193100,186619910.0,5793600000.0,1448400000.0
2015-11-25,'603611,诺力股份,35.31,35.62,34.51,34.97,35.34,-0.03,-0.0849,8.4493,3379737,118594728.0,5649600000.0,1412400000.0
2015-11-24,'603611,诺力股份,35.34,35.5,33.71,34.0,34.37,0.97,2.8222,8.1441,3257632,113244445.0,5654400000.0,1413600000.0
2015-11-23,'603611,诺力股份,34.37,35.74,34.29,35.73,35.73,-1.36,-3.8063,7.7969,3118761,108723126.0,5499200000.0,1374800000.0
2015-11-20,'603611,诺力股份,35.73,36.55,34.65,36.3,36.24,-0.51,-1.4073,11.6669,4666779,166908343.0,5716800000.0,1429200000.0
2015-11-19,'603611,诺力股份,36.24,37.0,33.71,33.71,33.68,2.56,7.601,9.7163,3886516,135396683.0,5798400000.0,1449600000.0
2015-11-18,'603611,诺力股份,33.68,35.97,33.44,35.84,35.84,-2.16,-6.0268,9.6968,3878714,134152876.0,5388800000.0,1347200000.0
2015-11-17,'603611,诺力股份,35.84,37.37,35.1,37.0,36.37,-0.53,-1.4572,15.3974,6158949,223269212.0,5734400000.0,1433600000.0
2015-11-16,'603611,诺力股份,36.37,36.49,32.16,34.01,35.15,1.22,3.4708,13.6197,5447875,187665707.0,5819200000.0,1454800000.0
2015-11-13,'603611,诺力股份,35.15,37.7,33.3,34.6,35.15,0.0,0.0,28.7788,11511531,413070413.0,5624000000.0,1406000000.0
2015-11-12,'603611,诺力股份,35.15,35.15,32.3,32.35,31.95,3.2,10.0156,20.5661,8226438,279523051.0,5624000000.0,1406000000.0
2015-11-11,'603611,诺力股份,31.95,32.09,30.08,30.08,30.54,1.41,4.6169,13.2428,5297115,166404299.0,5112000000.0,1278000000.0
2015-11-10,'603611,诺力股份,30.54,31.4,30.18,31.0,31.47,-0.93,-2.9552,11.5132,4605278,141671075.0,4886400000.0,1221600000.0
2015-11-09,'603611,诺力股份,31.47,32.1,30.0,30.66,30.94,0.53,1.713,15.1226,6049048,188453581.0,5035200000.0,1258800000.0
2015-11-06,'603611,诺力股份,30.94,32.0,29.5,29.81,29.88,1.06,3.5475,14.0867,5634696,173643601.0,4950400000.0,1237600000.0
2015-11-05,'603611,诺力股份,29.88,30.75,28.91,30.18,30.45,-0.57,-1.8719,15.401,6160413,183439579.0,4780800000.0,1195200000.0
2015-11-04,'603611,诺力股份,30.45,30.6,28.51,29.09,29.29,1.16,3.9604,19.7934,7917343,233326926.0,4872000000.0,1218000000.0
2015-11-03,'603611,诺力股份,29.29,29.31,26.73,27.48,26.99,2.3,8.5217,18.9614,7584577,214674435.0,4686400000.0,1171600000.0
2015-11-02,'603611,诺力股份,26.99,27.44,25.2,25.56,26.28,0.71,2.7017,8.6276,3451040,92101344.0,4318400000.0,1079600000.0
2015-10-30,'603611,诺力股份,26.28,26.79,25.57,26.1,26.37,-0.09,-0.3413,4.9871,1994832,52316030.0,4204800000.0,1051200000.0
2015-10-29,'603611,诺力股份,26.37,27.09,26.0,26.92,26.45,-0.08,-0.3025,5.4674,2186979,58010495.0,4219200000.0,1054800000.0
2015-10-28,'603611,诺力股份,26.45,27.6,26.38,27.02,26.95,-0.5,-1.8553,7.6174,3046975,82679845.0,4232000000.0,1058000000.0
2015-10-27,'603611,诺力股份,26.95,27.17,25.5,26.7,27.1,-0.15,-0.5535,8.3144,3325778,87693750.0,4312000000.0,1078000000.0
2015-10-26,'603611,诺力股份,27.1,27.48,26.62,27.0,26.68,0.42,1.5742,9.2218,3688718,100166143.0,4336000000.0,1084000000.0
2015-10-23,'603611,诺力股份,26.68,26.7,25.31,25.4,25.3,1.38,5.4545,9.6287,3851473,100301002.0,4268800000.0,1067200000.0
2015-10-22,'603611,诺力股份,25.3,25.35,24.4,24.4,24.49,0.81,3.3075,8.226,3290401,81864910.0,4048000000.0,1012000000.0
2015-10-21,'603611,诺力股份,24.49,27.09,24.49,27.0,27.21,-2.72,-9.9963,13.0222,5208871,133956782.0,3918400000.0,979600000.0
2015-10-20,'603611,诺力股份,27.21,27.71,26.66,26.92,26.91,0.3,1.1148,8.7958,3518334,95062048.0,4353600000.0,1088400000.0
2015-10-19,'603611,诺力股份,26.91,28.91,26.66,28.05,27.81,-0.9,-3.2362,16.0423,6416933,178445997.0,4305600000.0,1076400000.0
2015-10-16,'603611,诺力股份,27.81,28.1,26.8,27.11,27.02,0.79,2.9238,17.2738,6909519,189544542.0,4449600000.0,1112400000.0
2015-10-15,'603611,诺力股份,27.02,27.25,25.37,25.84,26.38,0.64,2.4261,15.3021,6120827,161730182.0,4323200000.0,1080800000.0
2015-10-14,'603611,诺力股份,26.38,27.0,24.61,25.33,25.71,0.67,2.606,13.9342,5573661,142222044.0,4220800000.0,1055200000.0
2015-10-13,'603611,诺力股份,25.71,25.89,24.43,24.9,25.13,0.58,2.308,13.643,5457208,137499668.0,4113600000.0,1028400000.0
2015-10-12,'603611,诺力股份,25.13,25.48,23.65,23.78,23.69,1.44,6.0785,12.8313,5132533,126783614.0,4020800000.0,1005200000.0
2015-10-09,'603611,诺力股份,23.69,23.87,23.2,23.78,23.76,-0.07,-0.2946,8.9954,3598148,84741899.0,3790400000.0,947600000.0
2015-10-08,'603611,诺力股份,23.76,23.8,22.95,23.3,22.63,1.13,4.9934,10.2942,4117669,96493516.0,3801600000.0,950400000.0
2015-09-30,'603611,诺力股份,22.63,23.58,22.4,23.0,23.13,-0.5,-2.1617,7.5305,3012195,68858906.0,3620800000.0,905200000.0
2015-09-29,'603611,诺力股份,23.13,24.2,22.81,23.8,24.85,-1.72,-6.9215,12.2392,4895669,114702961.0,3700800000.0,925200000.0
2015-09-28,'603611,诺力股份,24.85,24.96,23.0,23.0,22.92,1.93,8.4206,15.9342,6373682,152994838.0,3976000000.0,994000000.0
2015-09-25,'603611,诺力股份,22.92,23.3,21.88,22.25,22.29,0.63,2.8264,17.4188,6967535,158396769.0,3667200000.0,916800000.0
2015-09-24,'603611,诺力股份,22.29,22.48,21.7,22.0,21.8,0.49,2.2477,10.7815,4312583,95207655.0,3566400000.0,891600000.0
2015-09-23,'603611,诺力股份,21.8,22.33,21.59,21.72,22.53,-0.73,-3.2401,6.6247,2649883,57999265.0,3488000000.0,872000000.0
2015-09-22,'603611,诺力股份,22.53,23.16,22.03,22.6,22.58,-0.05,-0.2214,9.3826,3753056,84867093.0,3604800000.0,901200000.0
2015-09-21,'603611,诺力股份,22.58,22.8,20.7,21.19,21.43,1.15,5.3663,9.3834,3753378,83021238.0,3612800000.0,903200000.0
2015-09-18,'603611,诺力股份,21.43,22.5,20.96,22.03,21.97,-0.54,-2.4579,8.8538,3541538,76326774.0,3428800000.0,857200000.0
2015-09-17,'603611,诺力股份,21.97,23.9,21.92,23.15,23.88,-1.91,-7.9983,15.3738,6149511,141220363.0,3515200000.0,878800000.0
2015-09-16,'603611,诺力股份,23.88,24.5,20.42,21.95,22.34,1.54,6.8935,20.9705,8388204,186636684.0,3820800000.0,955200000.0
2015-09-15,'603611,诺力股份,22.34,24.69,22.34,23.4,24.82,-2.48,-9.9919,11.2926,4517048,104315682.0,3574400000.0,893600000.0
2015-09-14,'603611,诺力股份,24.82,27.98,24.0,26.7,26.67,-1.85,-6.9366,27.7799,11111961,299109602.0,3971200000.0,992800000.0
2015-09-11,'603611,诺力股份,26.67,26.69,23.66,23.66,24.26,2.41,9.934,19.0532,7621282,192052200.0,4267200000.0,1066800000.0
2015-09-10,'603611,诺力股份,24.26,24.68,22.6,23.01,23.39,0.87,3.7195,11.5537,4621461,110604439.0,3881600000.0,970400000.0
2015-09-09,'603611,诺力股份,23.39,23.39,21.7,22.0,21.26,2.13,10.0188,9.7431,3897225,88005320.0,3742400000.0,935600000.0
2015-09-08,'603611,诺力股份,21.26,21.26,19.21,19.21,19.33,1.93,9.9845,7.6321,3052846,62631216.0,3401600000.0,850400000.0
2015-09-07,'603611,诺力股份,19.33,19.55,18.5,19.0,18.29,1.04,5.6862,4.1236,1649430,31649732.0,3092800000.0,773200000.0
2015-09-02,'603611,诺力股份,18.29,19.8,17.94,18.48,19.18,-0.89,-4.6403,4.3628,1745115,32407335.0,2926400000.0,731600000.0
2015-09-01,'603611,诺力股份,19.18,21.18,19.18,21.18,21.31,-2.13,-9.9953,4.4228,1769123,34807743.0,3068800000.0,767200000.0
2015-08-31,'603611,诺力股份,21.31,22.23,20.93,21.49,21.73,-0.42,-1.9328,8.8854,3554179,76609691.0,3409600000.0,852400000.0
2015-08-28,'603611,诺力股份,21.73,21.73,19.9,20.0,19.75,1.98,10.0253,8.0442,3217687,66695484.0,3476800000.0,869200000.0
2015-08-27,'603611,诺力股份,19.75,19.87,18.72,19.2,18.72,1.03,5.5021,6.0857,2434297,46997407.0,3160000000.0,790000000.0
2015-08-26,'603611,诺力股份,18.72,21.6,18.7,21.0,20.77,-2.05,-9.87,9.5571,3822850,77133241.0,2995200000.0,748800000.0
2015-08-25,'603611,诺力股份,20.77,21.6,20.77,20.84,23.08,-2.31,-10.0087,3.9444,1577747,32906440.0,3323200000.0,830800000.0
2015-08-24,'603611,诺力股份,23.08,24.93,23.08,24.93,25.64,-2.56,-9.9844,3.738,1495200,34721461.0,3692800000.0,923200000.0
2015-08-21,'603611,诺力股份,25.64,27.5,25.5,26.71,26.7,-1.06,-3.97,5.1211,2048452,54002926.0,4102400000.0,1025600000.0
2015-08-20,'603611,诺力股份,26.7,28.0,26.5,27.67,28.15,-1.45,-5.151,3.917,1566799,42894691.0,4272000000.0,1068000000.0
2015-08-19,'603611,诺力股份,28.15,28.5,25.7,26.5,27.98,0.17,0.6076,6.1794,2471750,67660710.0,4504000000.0,1126000000.0
2015-08-18,'603611,诺力股份,27.98,31.48,27.98,31.28,31.09,-3.11,-10.0032,8.5929,3437162,102335113.0,4476800000.0,1119200000.0
2015-08-17,'603611,诺力股份,31.09,31.78,30.74,31.75,31.83,-0.74,-2.3249,4.328,1731209,53871509.0,4974400000.0,1243600000.0
2015-08-14,'603611,诺力股份,31.83,32.32,31.7,31.9,31.87,-0.04,-0.1255,6.7614,2704554,86438173.0,5092800000.0,1273200000.0
2015-08-13,'603611,诺力股份,31.87,32.0,30.3,30.68,31.23,0.64,2.0493,6.2901,2516037,78535271.0,5099200000.0,1274800000.0
2015-08-12,'603611,诺力股份,31.23,32.28,31.05,32.0,32.33,-1.1,-3.4024,8.4982,3399270,107188644.0,4996800000.0,1249200000.0
2015-08-11,'603611,诺力股份,32.33,33.0,31.66,32.36,32.0,0.33,1.0313,11.6471,4658846,151291392.0,5172800000.0,1293200000.0
2015-08-10,'603611,诺力股份,32.0,32.26,30.5,30.5,30.24,1.76,5.8201,12.4016,4960625,155846453.0,5120000000.0,1280000000.0
2015-08-07,'603611,诺力股份,30.24,30.48,29.45,29.45,29.36,0.88,2.9973,6.3633,2545336,76327682.0,4838400000.0,1209600000.0
2015-08-06,'603611,诺力股份,29.36,30.14,29.32,29.8,30.36,-1.0,-3.2938,4.76,1903993,56423682.0,4697600000.0,1174400000.0
2015-08-05,'603611,诺力股份,30.36,31.92,30.18,31.55,31.54,-1.18,-3.7413,7.6453,3058133,95187758.0,4857600000.0,1214400000.0
2015-08-04,'603611,诺力股份,31.54,31.8,29.35,29.35,29.35,2.19,7.4617,5.3486,2139432,65149125.0,5046400000.0,1261600000.0
2015-08-03,'603611,诺力股份,29.35,32.29,29.29,32.0,32.45,-3.1,-9.5532,5.7913,2316538,71024750.0,4696000000.0,1174000000.0
2015-07-31,'603611,诺力股份,32.45,33.01,31.02,31.02,32.33,0.12,0.3712,6.4354,2574171,82326203.0,5192000000.0,1298000000.0
2015-07-30,'603611,诺力股份,32.33,33.18,30.43,32.2,32.36,-0.03,-0.0927,8.484,3393583,109599416.0,5172800000.0,1293200000.0
2015-07-29,'603611,诺力股份,32.36,32.69,28.9,30.5,29.72,2.64,8.8829,8.6473,3458910,105592405.0,5177600000.0,1294400000.0
2015-07-28,'603611,诺力股份,29.72,32.52,29.21,30.17,32.45,-2.73,-8.4129,13.1493,5259700,157671776.0,4755200000.0,1188800000.0
2015-07-27,'603611,诺力股份,32.45,37.6,32.45,35.0,36.05,-3.6,-9.9861,10.2666,4106627,144076859.0,5192000000.0,1298000000.0
2015-07-24,'603611,诺力股份,36.05,37.97,34.5,35.52,36.2,-0.15,-0.4144,13.0649,5225976,190949531.0,5768000000.0,1442000000.0
2015-07-23,'603611,诺力股份,36.2,36.52,33.28,34.97,34.09,2.11,6.1895,15.4163,6166539,215693456.0,5792000000.0,1448000000.0
2015-07-22,'603611,诺力股份,34.09,34.09,30.78,31.01,30.99,3.1,10.0032,16.0224,6408979,209737703.0,5454400000.0,1363600000.0
2015-07-21,'603611,诺力股份,30.99,31.66,30.33,30.55,31.26,-0.27,-0.8637,8.6177,3447098,106646233.0,4958400000.0,1239600000.0
2015-07-20,'603611,诺力股份,31.26,32.47,29.5,30.09,30.17,1.09,3.6129,11.192,4476781,137992772.0,5001600000.0,1250400000.0
2015-07-17,'603611,诺力股份,30.17,30.59,27.8,28.24,28.24,1.93,6.8343,13.0538,5221522,153402205.0,4827200000.0,1206800000.0
2015-07-16,'603611,诺力股份,28.24,29.69,26.02,26.02,28.61,-0.37,-1.2933,12.9727,5189065,147227129.0,4518400000.0,1129600000.0
2015-07-15,'603611,诺力股份,28.61,30.13,26.8,30.13,27.39,1.22,4.4542,21.4392,8575676,241887120.0,4577600000.0,1144400000.0
2015-07-14,'603611,诺力股份,27.39,27.39,27.39,27.39,24.9,2.49,10.0,0.4301,172042,4712230.0,4382400000.0,1095600000.0
2015-07-13,'603611,诺力股份,24.9,24.9,24.9,24.9,22.64,2.26,9.9823,0.4608,184335,4589942.0,3984000000.0,996000000.0
2015-07-10,'603611,诺力股份,0.0,0.0,0.0,0.0,22.64,None,None,0.0,0,0.0,3622400000.0,905600000.0
2015-07-09,'603611,诺力股份,0.0,0.0,0.0,0.0,22.64,None,None,0.0,0,0.0,3622400000.0,905600000.0
2015-07-08,'603611,诺力股份,0.0,0.0,0.0,0.0,22.64,None,None,0.0,0,0.0,3622400000.0,905600000.0
2015-07-07,'603611,诺力股份,22.64,25.15,22.64,24.69,25.15,-2.51,-9.9801,7.0546,2821839,66231321.0,3622400000.0,905600000.0
2015-07-06,'603611,诺力股份,25.15,26.58,22.5,26.58,24.16,0.99,4.0977,11.5053,4602101,115728241.0,4024000000.0,1006000000.0
2015-07-03,'603611,诺力股份,24.16,26.01,22.7,24.0,24.83,-0.67,-2.6983,9.112,3644798,88992026.0,3865600000.0,966400000.0
2015-07-02,'603611,诺力股份,24.83,27.65,24.33,26.68,27.0,-2.17,-8.037,7.4772,2990890,78173407.0,3972800000.0,993200000.0
2015-07-01,'603611,诺力股份,27.0,30.68,26.9,29.0,29.2,-2.2,-7.5342,10.7895,4315796,125924476.0,4320000000.0,1080000000.0
2015-06-30,'603611,诺力股份,29.2,29.21,24.68,26.5,27.42,1.78,6.4916,11.6553,4662102,125253269.0,4672000000.0,1168000000.0
2015-06-29,'603611,诺力股份,27.42,31.49,27.42,31.46,30.47,-3.05,-10.0098,8.8075,3523013,100110539.0,4387200000.0,1096800000.0
2015-06-26,'603611,诺力股份,30.47,32.96,30.47,32.96,33.86,-3.39,-10.0118,5.8379,2335168,72818300.0,4875200000.0,1218800000.0
2015-06-25,'603611,诺力股份,33.86,36.6,33.0,36.57,36.52,-2.66,-7.2837,6.3243,2529708,89300512.0,5417600000.0,1354400000.0
2015-06-24,'603611,诺力股份,36.52,37.03,35.0,35.7,35.7,0.82,2.2969,9.3246,3729853,135460917.0,5843200000.0,1460800000.0
2015-06-23,'603611,诺力股份,35.7,35.98,31.5,33.21,33.66,2.04,6.0606,9.1186,3647439,123615648.0,5712000000.0,1428000000.0
2015-06-19,'603611,诺力股份,33.66,36.68,33.66,36.68,37.4,-3.74,-10.0,8.1531,3261258,113857378.0,5385600000.0,1346400000.0
2015-06-18,'603611,诺力股份,37.4,41.31,37.4,41.3,41.55,-4.15,-9.988,7.3023,2920911,115413414.0,5984000000.0,1496000000.0
2015-06-17,'603611,诺力股份,41.55,41.6,37.85,40.6,41.07,0.48,1.1687,9.2974,3718976,148751381.0,6648000000.0,1662000000.0
2015-06-16,'603611,诺力股份,41.07,44.95,41.07,44.95,45.63,-4.56,-9.9934,9.8766,3950656,166501884.0,6571200000.0,1642800000.0
2015-06-15,'603611,诺力股份,45.63,48.8,44.68,48.8,48.77,-3.14,-6.4384,9.7659,3906352,182604004.0,7300800000.0,1825200000.0
2015-06-12,'603611,诺力股份,48.77,49.18,47.59,48.47,48.18,0.59,1.2246,11.0865,4434611,214111620.0,7803200000.0,1950800000.0
2015-06-11,'603611,诺力股份,48.18,48.2,47.04,47.8,47.85,0.33,0.6897,8.7927,3517098,167608642.0,7708800000.0,1927200000.0
2015-06-10,'603611,诺力股份,47.85,48.65,45.65,46.8,47.34,0.51,1.0773,8.6194,3447771,164700513.0,7656000000.0,1914000000.0
2015-06-09,'603611,诺力股份,47.34,48.58,44.01,46.51,47.11,0.23,0.4882,8.9334,3573355,166757991.0,7574400000.0,1893600000.0
2015-06-08,'603611,诺力股份,47.11,51.2,47.0,51.2,52.08,-4.97,-9.543,17.6051,7042026,340014491.0,7537600000.0,1884400000.0
2015-06-05,'603611,诺力股份,52.08,55.55,51.68,54.4,54.39,-2.31,-4.2471,18.533,7413192,392706197.0,8332800000.0,2083200000.0
2015-06-04,'603611,诺力股份,54.39,55.8,50.0,50.99,50.96,3.43,6.7308,23.3984,9359358,497234435.0,8702400000.0,2175600000.0
2015-06-03,'603611,诺力股份,50.96,51.1,47.6,48.62,48.75,2.21,4.5333,17.5976,7039037,352420094.0,8153600000.0,2038400000.0
2015-06-02,'603611,诺力股份,48.75,50.0,47.41,49.5,51.25,-2.5,-4.878,23.2588,9303507,449526794.0,7800000000.0,1950000000.0
2015-06-01,'603611,诺力股份,51.25,57.0,50.01,54.66,55.47,-4.22,-7.6077,30.2839,12113549,632479482.0,8200000000.0,2050000000.0
2015-05-29,'603611,DR诺力股,55.47,55.47,46.45,51.11,50.43,5.04,9.9941,15.8962,6358494,341126292.0,8875200000.0,2218800000.0
2015-05-28,'603611,诺力股份,101.36,116.61,98.0,111.0,106.01,-4.65,-4.3864,30.1922,6038444,687855366.0,8108800000.0,2027200000.0
2015-05-27,'603611,诺力股份,106.01,106.01,96.3,98.3,96.37,9.64,10.0031,19.2842,3856842,396517245.0,8480800000.0,2120200000.0
2015-05-26,'603611,诺力股份,96.37,96.38,88.04,90.1,87.62,8.75,9.9863,17.4681,3493621,320867823.0,7709600000.0,1927400000.0
2015-05-25,'603611,诺力股份,87.62,93.88,81.56,85.0,86.04,1.58,1.8364,20.6873,4137450,361783517.0,7009600000.0,1752400000.0
2015-05-22,'603611,诺力股份,86.04,86.58,77.47,78.5,78.71,7.33,9.3127,14.1498,2829962,231728928.0,6883200000.0,1720800000.0
2015-05-21,'603611,诺力股份,78.71,81.0,76.01,76.51,76.51,2.2,2.8754,10.7506,2150121,168049353.0,6296800000.0,1574200000.0
2015-05-20,'603611,诺力股份,76.51,83.18,74.35,75.0,75.65,0.86,1.1368,12.7547,2550948,204412103.0,6120800000.0,1530200000.0
2015-05-19,'603611,诺力股份,75.65,75.65,67.3,68.79,68.77,6.88,10.0044,13.8828,2776564,197313392.0,6052000000.0,1513000000.0
2015-05-18,'603611,诺力股份,68.77,69.96,64.3,64.81,65.45,3.32,5.0726,10.2549,2050975,139860424.0,5501600000.0,1375400000.0
2015-05-15,'603611,诺力股份,65.45,66.3,61.78,64.0,65.07,0.38,0.584,11.9294,2385875,152672475.0,5236000000.0,1309000000.0
2015-05-14,'603611,诺力股份,65.07,66.5,60.03,61.58,61.43,3.64,5.9254,13.1425,2628497,167206231.0,5205600000.0,1301400000.0
2015-05-13,'603611,诺力股份,61.43,62.3,58.65,60.0,61.31,0.12,0.1957,12.8287,2565732,155040963.0,4914400000.0,1228600000.0
2015-05-12,'603611,诺力股份,61.31,65.79,59.73,61.46,61.03,0.28,0.4588,20.248,4049605,249942458.0,4904800000.0,1226200000.0
2015-05-11,'603611,诺力股份,61.03,61.5,58.11,59.29,58.72,2.31,3.9339,15.9582,3191633,192212424.0,4882400000.0,1220600000.0
2015-05-08,'603611,诺力股份,58.72,58.88,54.01,55.68,55.38,3.34,6.0311,17.3428,3468566,196063391.0,4697600000.0,1174400000.0
2015-05-07,'603611,诺力股份,55.38,56.51,51.66,52.3,53.17,2.21,4.1565,16.2866,3257312,178659685.0,4430400000.0,1107600000.0
2015-05-06,'603611,诺力股份,53.17,55.98,50.82,51.41,51.37,1.8,3.504,17.4079,3481572,186402979.0,4253600000.0,1063400000.0
2015-05-05,'603611,诺力股份,51.37,51.93,48.55,49.61,49.61,1.76,3.5477,12.6742,2534849,127714916.0,4109600000.0,1027400000.0
2015-05-04,'603611,诺力股份,49.61,51.18,49.35,50.42,50.57,-0.96,-1.8984,6.1239,1224771,60891835.0,3968800000.0,992200000.0
2015-04-30,'603611,诺力股份,50.57,51.58,49.88,49.9,49.59,0.98,1.9762,9.5306,1906110,97088290.0,4045600000.0,1011400000.0
2015-04-29,'603611,诺力股份,49.59,49.88,47.53,47.53,47.87,1.72,3.5931,6.6766,1335328,65682455.0,3967200000.0,991800000.0
2015-04-28,'603611,诺力股份,47.87,49.79,47.65,49.27,49.25,-1.38,-2.802,6.5854,1317085,63577705.0,3829600000.0,957400000.0
2015-04-27,'603611,诺力股份,49.25,49.98,48.75,48.75,48.69,0.56,1.1501,6.653,1330605,65572110.0,3940000000.0,985000000.0
2015-04-24,'603611,诺力股份,48.69,49.14,47.4,48.99,49.48,-0.79,-1.5966,7.7934,1558677,75448083.0,3895200000.0,973800000.0
2015-04-23,'603611,诺力股份,49.48,50.89,49.21,50.89,49.98,-0.5,-1.0004,7.7366,1547320,76632959.0,3958400000.0,989600000.0
2015-04-22,'603611,诺力股份,49.98,50.99,49.15,49.4,49.12,0.86,1.7508,7.2435,1448708,72726996.0,3998400000.0,999600000.0
2015-04-21,'603611,诺力股份,49.12,49.15,46.6,46.6,47.09,2.03,4.3109,5.7732,1154640,55896286.0,3929600000.0,982400000.0
2015-04-20,'603611,诺力股份,47.09,50.0,47.05,50.0,50.23,-3.14,-6.2512,12.4893,2497857,120230387.0,3767200000.0,941800000.0
2015-04-17,'603611,诺力股份,50.23,51.35,49.5,50.6,49.78,0.45,0.904,7.4778,1495566,75411860.0,4018400000.0,1004600000.0
2015-04-16,'603611,诺力股份,49.78,50.44,47.51,48.67,49.26,0.52,1.0556,6.754,1350798,66860642.0,3982400000.0,995600000.0
2015-04-15,'603611,诺力股份,49.26,52.6,48.93,52.5,53.36,-4.1,-7.6837,10.5625,2112508,106613797.0,3940800000.0,985200000.0
2015-04-14,'603611,诺力股份,53.36,55.13,52.95,55.13,55.23,-1.87,-3.3858,12.0723,2414466,129740875.0,4268800000.0,1067200000.0
2015-04-13,'603611,诺力股份,55.23,55.77,52.33,52.9,52.07,3.16,6.0688,13.0829,2616573,142298254.0,4418400000.0,1104600000.0
2015-04-10,'603611,诺力股份,52.07,52.6,50.0,50.71,50.86,1.21,2.3791,11.1023,2220452,115180105.0,4165600000.0,1041400000.0
2015-04-09,'603611,诺力股份,50.86,52.56,48.03,52.0,52.65,-1.79,-3.3998,15.1163,3023259,151524956.0,4068800000.0,1017200000.0
2015-04-08,'603611,诺力股份,52.65,55.0,50.68,51.15,50.68,1.97,3.8871,17.5319,3506375,184564582.0,4212000000.0,1053000000.0
2015-04-07,'603611,诺力股份,50.68,51.01,48.2,48.8,48.08,2.6,5.4077,15.0357,3007131,150017186.0,4054400000.0,1013600000.0
2015-04-03,'603611,诺力股份,48.08,49.62,45.5,45.8,45.88,2.2,4.7951,14.9662,2993238,143145715.0,3846400000.0,961600000.0
2015-04-02,'603611,诺力股份,45.88,45.9,45.05,45.62,45.3,0.58,1.2804,10.7517,2150348,97941821.0,3670400000.0,917600000.0
2015-04-01,'603611,诺力股份,45.3,45.45,44.15,44.47,44.38,0.92,2.073,8.0863,1617251,72757513.0,3624000000.0,906000000.0
2015-03-31,'603611,诺力股份,44.38,44.8,44.0,44.0,44.21,0.17,0.3845,7.5259,1505176,66947198.0,3550400000.0,887600000.0
2015-03-30,'603611,诺力股份,44.21,45.65,43.23,45.3,45.66,-1.45,-3.1756,16.3592,3271840,145031765.0,3536800000.0,884200000.0
2015-03-27,'603611,诺力股份,45.66,46.99,44.99,44.99,46.39,-0.73,-1.5736,9.9249,1984989,90614149.0,3652800000.0,913200000.0
2015-03-26,'603611,诺力股份,46.39,50.5,45.55,50.5,48.16,-1.77,-3.6752,29.0444,5808874,280452475.0,3711200000.0,927800000.0
2015-03-25,'603611,诺力股份,48.16,48.16,44.88,45.75,43.78,4.38,10.0046,31.5725,6314493,295826384.0,3852800000.0,963200000.0
2015-03-24,'603611,诺力股份,43.78,43.78,43.78,43.78,39.8,3.98,10.0,4.1868,837366,36659883.0,3502400000.0,875600000.0
2015-03-23,'603611,诺力股份,39.8,39.92,39.39,39.61,39.62,0.18,0.4543,9.5509,1910173,75707390.0,3184000000.0,796000000.0
2015-03-20,'603611,诺力股份,39.62,39.88,39.33,39.67,39.66,-0.04,-0.1009,8.0729,1614577,63837218.0,3169600000.0,792400000.0
2015-03-19,'603611,诺力股份,39.66,40.33,39.05,40.18,40.09,-0.43,-1.0726,11.0621,2212416,87369386.0,3172800000.0,793200000.0
2015-03-18,'603611,诺力股份,40.09,40.35,38.25,38.6,38.58,1.51,3.9139,14.3664,2873276,113974267.0,3207200000.0,801800000.0
2015-03-17,'603611,诺力股份,38.58,38.87,37.85,38.8,38.6,-0.02,-0.0518,15.8945,3178903,122084520.0,3086400000.0,771600000.0
2015-03-16,'603611,诺力股份,38.6,39.77,36.7,36.7,36.27,2.33,6.424,22.4411,4488223,172053372.0,3088000000.0,772000000.0
2015-03-13,'603611,诺力股份,36.27,36.45,35.42,35.46,35.28,0.99,2.8061,8.9975,1799504,64676663.0,2901600000.0,725400000.0
2015-03-12,'603611,诺力股份,35.28,35.69,34.98,35.68,35.57,-0.29,-0.8153,7.448,1489600,52550686.0,2822400000.0,705600000.0
2015-03-11,'603611,诺力股份,35.57,35.92,35.42,35.64,35.54,0.03,0.0844,6.2927,1258534,44867785.0,2845600000.0,711400000.0
2015-03-10,'603611,诺力股份,35.54,35.93,35.13,35.21,35.28,0.26,0.737,4.9564,991275,35349055.0,2843200000.0,710800000.0
2015-03-09,'603611,诺力股份,35.28,35.45,34.65,35.26,35.64,-0.36,-1.0101,6.9032,1380649,48345175.0,2822400000.0,705600000.0
2015-03-06,'603611,诺力股份,35.64,36.6,35.57,36.4,36.43,-0.79,-2.1685,7.9844,1596882,57458101.0,2851200000.0,712800000.0
2015-03-05,'603611,诺力股份,36.43,36.45,35.92,36.01,36.11,0.32,0.8862,7.2197,1443939,52302701.0,2914400000.0,728600000.0
2015-03-04,'603611,诺力股份,36.11,36.24,35.71,35.77,35.99,0.12,0.3334,8.6451,1729027,62203056.0,2888800000.0,722200000.0
2015-03-03,'603611,诺力股份,35.99,37.28,35.91,37.28,37.5,-1.51,-4.0267,15.6831,3136621,114657065.0,2879200000.0,719800000.0
2015-03-02,'603611,诺力股份,37.5,37.62,36.0,36.28,36.24,1.26,3.4768,15.3766,3075324,113340646.0,3000000000.0,750000000.0
2015-02-27,'603611,诺力股份,36.24,36.35,35.7,35.8,35.73,0.51,1.4274,9.1497,1829943,65830142.0,2899200000.0,724800000.0
2015-02-26,'603611,诺力股份,35.73,35.78,35.27,35.27,35.27,0.46,1.3042,6.4312,1286235,45655791.0,2858400000.0,714600000.0
2015-02-25,'603611,诺力股份,35.27,35.99,35.13,35.98,35.91,-0.64,-1.7822,8.3091,1661816,58782497.0,2821600000.0,705400000.0
2015-02-17,'603611,诺力股份,35.91,36.0,35.67,35.91,35.86,0.05,0.1394,8.0782,1615639,57910627.0,2872800000.0,718200000.0
2015-02-16,'603611,诺力股份,35.86,35.98,35.28,35.94,35.94,-0.08,-0.2226,10.1038,2020750,72105087.0,2868800000.0,717200000.0
2015-02-13,'603611,诺力股份,35.94,36.34,35.51,35.55,35.3,0.64,1.813,15.366,3073191,110179879.0,2875200000.0,718800000.0
2015-02-12,'603611,诺力股份,35.3,35.89,34.7,35.51,35.69,-0.39,-1.0927,15.5583,3111652,109775750.0,2824000000.0,706000000.0
2015-02-11,'603611,诺力股份,35.69,36.43,35.28,35.54,35.54,0.15,0.4221,19.3695,3873906,138639992.0,2855200000.0,713800000.0
2015-02-10,'603611,诺力股份,35.54,35.99,34.37,35.0,37.95,-2.41,-6.3505,31.9126,6382515,223585658.0,2843200000.0,710800000.0
2015-02-09,'603611,诺力股份,37.95,38.3,37.95,37.95,42.17,-4.22,-10.0071,10.197,2039400,77400118.0,3036000000.0,759000000.0
2015-02-06,'603611,诺力股份,42.17,51.0,42.17,51.0,46.86,-4.69,-10.0085,23.0938,4618756,210670677.0,3373600000.0,843400000.0
2015-02-05,'603611,诺力股份,46.86,46.86,46.86,46.86,42.6,4.26,10.0,1.856,371200,17394432.0,3748800000.0,937200000.0
2015-02-04,'603611,诺力股份,42.6,42.6,42.6,42.6,38.73,3.87,9.9923,0.4425,88499,3770057.0,3408000000.0,852000000.0
2015-02-03,'603611,诺力股份,38.73,38.73,38.73,38.73,35.21,3.52,9.9972,0.307,61400,2378022.0,3098400000.0,774600000.0
2015-02-02,'603611,诺力股份,35.21,35.21,35.21,35.21,32.01,3.2,9.9969,0.169,33800,1190098.0,2816800000.0,704200000.0
2015-01-30,'603611,诺力股份,32.01,32.01,32.01,32.01,29.1,2.91,10.0,0.0635,12700,406527.0,2560800000.0,640200000.0
2015-01-29,'603611,诺力股份,29.1,29.1,29.1,29.1,26.45,2.65,10.0189,0.0485,9700,282270.0,2328000000.0,582000000.0
2015-01-28,'603611,N诺力,26.45,26.45,22.04,22.04,18.37,8.08,43.9848,0.135,27000,705330.0,2116000000.0,529000000.0
