日期,股票代码,名称,收盘价,最高价,最低价,开盘价,前收盘,涨跌额,涨跌幅,换手率,成交量,成交金额,总市值,流通市值
2017-05-15,'603718,海利生物,13.66,13.84,13.36,13.42,13.62,0.04,0.2937,0.5671,1729349,23568465.0,8797040000.0,4165398440.0
2017-05-12,'603718,海利生物,13.62,13.87,12.99,13.68,14.37,-0.75,-5.2192,1.9626,5984683,80529282.0,8771280000.0,4153201080.0
2017-05-11,'603718,海利生物,14.37,14.59,14.04,14.55,14.51,-0.14,-0.9649,0.5973,1821330,26093434.0,9254280000.0,4381901580.0
2017-05-10,'603718,海利生物,14.51,14.9,14.42,14.49,14.52,-0.01,-0.0689,1.023,3119370,45574969.0,9344440000.0,4424592340.0
2017-05-09,'603718,海利生物,14.52,14.63,14.21,14.4,14.42,0.1,0.6935,0.7474,2279012,32972266.0,9350880000.0,4427641680.0
2017-05-08,'603718,海利生物,14.42,14.59,14.17,14.44,14.53,-0.11,-0.7571,0.4716,1437962,20628687.0,9286480000.0,4397148280.0
2017-05-05,'603718,海利生物,14.53,14.68,14.36,14.55,14.63,-0.1,-0.6835,0.3815,1163300,16856513.0,9357320000.0,4430691020.0
2017-05-04,'603718,海利生物,14.63,14.67,14.35,14.46,14.55,0.08,0.5498,0.456,1390422,20206088.0,9421720000.0,4461184420.0
2017-05-03,'603718,海利生物,14.55,14.57,14.39,14.53,14.53,0.02,0.1376,0.3044,928143,13426574.0,9370200000.0,4436789700.0
2017-05-02,'603718,海利生物,14.53,14.7,14.23,14.34,14.35,0.18,1.2544,0.4862,1482442,21472283.0,9357320000.0,4430691020.0
2017-04-28,'603718,海利生物,14.35,14.59,14.15,14.29,14.35,0.0,0.0,0.5146,1569169,22514453.0,9241400000.0,4375802900.0
2017-04-27,'603718,海利生物,14.35,14.65,14.06,14.65,14.41,-0.06,-0.4164,0.9364,2855387,40973257.0,9241400000.0,4375802900.0
2017-04-26,'603718,海利生物,14.41,14.8,13.76,13.9,13.76,0.65,4.7238,2.3174,7066523,100903465.0,9280040000.0,4394098940.0
2017-04-25,'603718,海利生物,13.76,13.97,13.7,13.81,13.74,0.02,0.1456,0.392,1195289,16462758.0,8861440000.0,4195891840.0
2017-04-24,'603718,海利生物,13.74,14.29,13.71,14.21,14.2,-0.46,-3.2394,0.856,2610282,36254307.0,8848560000.0,4189793160.0
2017-04-21,'603718,海利生物,14.2,14.33,14.12,14.12,14.21,-0.01,-0.0704,0.6493,1980086,28137935.0,9144800000.0,4330062800.0
2017-04-20,'603718,海利生物,14.21,14.65,14.1,14.4,14.35,-0.14,-0.9756,0.6154,1876510,26740048.0,9151240000.0,4333112140.0
2017-04-19,'603718,海利生物,14.35,14.46,14.13,14.26,14.26,0.09,0.6311,0.7179,2189175,31207630.0,9241400000.0,4375802900.0
2017-04-18,'603718,海利生物,14.26,14.57,14.2,14.53,14.57,-0.31,-2.1277,0.7381,2250660,32297240.0,9183440000.0,4348358840.0
2017-04-17,'603718,海利生物,14.57,15.56,14.09,15.54,15.54,-0.97,-6.242,2.5975,7920763,116053114.0,9383080000.0,4442888380.0
2017-04-14,'603718,海利生物,15.54,15.85,15.37,15.58,15.53,0.01,0.0644,2.2892,6980625,109309055.0,10007760000.0,4738674360.0
2017-04-13,'603718,海利生物,15.53,15.97,15.44,15.44,15.49,0.04,0.2582,1.0285,3136326,48990916.0,10001320000.0,4735625020.0
2017-04-12,'603718,海利生物,15.49,15.69,15.48,15.68,15.64,-0.15,-0.9591,0.3914,1193460,18599175.0,9975560000.0,4723427660.0
2017-04-11,'603718,海利生物,15.64,15.89,15.4,15.69,15.74,-0.1,-0.6353,0.8913,2717886,42373037.0,10072160000.0,4769167760.0
2017-04-10,'603718,海利生物,15.74,15.98,15.52,15.82,15.91,-0.17,-1.0685,0.7183,2190339,34350535.0,10136560000.0,4799661160.0
2017-04-07,'603718,海利生物,15.91,16.0,15.83,16.0,16.05,-0.14,-0.8723,0.6332,1930769,30698453.0,10246040000.0,4851499940.0
2017-04-06,'603718,海利生物,16.05,16.48,15.91,16.4,16.51,-0.46,-2.7862,2.4934,7603190,122121141.0,10336200000.0,4894190700.0
2017-04-05,'603718,海利生物,16.51,16.6,16.07,16.25,16.17,0.34,2.1027,0.843,2570604,41783060.0,10632440000.0,5034460340.0
2017-03-31,'603718,海利生物,16.17,16.39,16.09,16.18,16.18,-0.01,-0.0618,0.4229,1289639,20899409.0,10413480000.0,4930782780.0
2017-03-30,'603718,海利生物,16.18,16.82,16.11,16.82,16.58,-0.4,-2.4125,0.9865,3008292,49187944.0,10419920000.0,4933832120.0
2017-03-29,'603718,海利生物,16.58,16.97,15.97,15.97,15.98,0.6,3.7547,2.3494,7164200,119075578.0,10677520000.0,5055805720.0
2017-03-28,'603718,海利生物,15.98,16.41,15.91,16.38,16.38,-0.4,-2.442,0.7856,2395684,38663151.0,10291120000.0,4872845320.0
2017-03-27,'603718,海利生物,16.38,16.66,16.24,16.29,16.19,0.19,1.1736,0.7544,2300555,37757417.0,10548720000.0,4994818920.0
2017-03-24,'603718,海利生物,16.19,16.3,16.09,16.26,16.24,-0.05,-0.3079,0.566,1725860,27937315.0,10426360000.0,4936881460.0
2017-03-23,'603718,海利生物,16.24,16.32,16.13,16.13,16.2,0.04,0.2469,0.6527,1990455,32278949.0,10458560000.0,4952128160.0
2017-03-22,'603718,海利生物,16.2,16.42,16.18,16.37,16.35,-0.15,-0.9174,0.6223,1897700,30835798.0,10432800000.0,4939930800.0
2017-03-21,'603718,海利生物,16.35,16.66,16.3,16.57,16.47,-0.12,-0.7286,0.5955,1815990,29820018.0,10529400000.0,4985670900.0
2017-03-20,'603718,海利生物,16.47,16.54,16.18,16.18,16.46,0.01,0.0608,0.8267,2520773,41310517.0,10606680000.0,5022262980.0
2017-03-17,'603718,海利生物,16.46,17.23,16.08,17.02,16.95,-0.49,-2.8909,3.9569,12065798,202880155.0,10600240000.0,5019213640.0
2017-03-16,'603718,海利生物,16.95,17.6,16.88,16.88,16.87,0.08,0.4742,2.3937,7299331,125650234.0,10915800000.0,5168631300.0
2017-03-15,'603718,海利生物,16.87,16.98,16.79,16.83,16.91,-0.04,-0.2365,0.3338,1017898,17153517.0,10864280000.0,5144236580.0
2017-03-14,'603718,海利生物,16.91,17.03,16.87,16.96,16.96,-0.05,-0.2948,0.5061,1543280,26121079.0,10890040000.0,5156433940.0
2017-03-13,'603718,海利生物,16.96,17.09,16.82,16.98,16.96,0.0,0.0,0.4529,1380903,23414625.0,10922240000.0,5171680640.0
2017-03-10,'603718,海利生物,16.96,17.21,16.83,16.87,16.87,0.09,0.5335,0.7877,2401898,40987122.0,10922240000.0,5171680640.0
2017-03-09,'603718,海利生物,16.87,17.01,16.71,17.01,17.01,-0.14,-0.823,0.6671,2034114,34212900.0,10864280000.0,5144236580.0
2017-03-08,'603718,海利生物,17.01,17.19,16.93,17.1,17.26,-0.25,-1.4484,1.1189,3411785,58115505.0,10954440000.0,5186927340.0
2017-03-07,'603718,海利生物,17.26,17.28,16.43,16.45,16.45,0.81,4.924,3.4822,10618496,179233792.0,11115440000.0,5263160840.0
2017-03-06,'603718,海利生物,16.45,16.78,16.36,16.48,16.44,0.01,0.0608,0.7855,2395120,39450291.0,10593800000.0,5016164300.0
2017-03-03,'603718,海利生物,16.44,16.5,16.36,16.48,16.5,-0.06,-0.3636,0.2381,725910,11936040.0,10587360000.0,5013114960.0
2017-03-02,'603718,海利生物,16.5,16.7,16.46,16.7,16.74,-0.24,-1.4337,0.426,1298906,21483484.0,10626000000.0,5031411000.0
2017-03-01,'603718,海利生物,16.74,16.86,16.49,16.52,16.52,0.22,1.3317,0.7408,2258920,37620991.0,10780560000.0,5104595160.0
2017-02-28,'603718,海利生物,16.52,16.8,16.43,16.65,16.62,-0.1,-0.6017,0.5104,1556386,25790932.0,10638880000.0,5037509680.0
2017-02-27,'603718,海利生物,16.62,16.96,16.61,16.96,16.98,-0.36,-2.1201,0.6129,1868966,31369082.0,10703280000.0,5068003080.0
2017-02-24,'603718,海利生物,16.98,17.3,16.89,16.95,16.96,0.02,0.1179,0.8843,2696657,45960276.0,10935120000.0,5177779320.0
2017-02-23,'603718,海利生物,16.96,17.08,16.88,17.04,16.98,-0.02,-0.1178,0.2822,860379,14575345.0,10922240000.0,5171680640.0
2017-02-22,'603718,海利生物,16.98,17.15,16.86,16.98,16.99,-0.01,-0.0589,0.3576,1090440,18487574.0,10935120000.0,5177779320.0
2017-02-21,'603718,海利生物,16.99,17.2,16.88,16.99,17.01,-0.02,-0.1176,1.0413,3175208,54013283.0,10941560000.0,5180828660.0
2017-02-20,'603718,海利生物,17.01,17.13,16.76,16.82,16.82,0.19,1.1296,0.7385,2251800,38012041.0,10954440000.0,5186927340.0
2017-02-17,'603718,海利生物,16.82,17.25,16.82,17.05,17.06,-0.24,-1.4068,0.5037,1535860,26066998.0,10832080000.0,5128989880.0
2017-02-16,'603718,海利生物,17.06,17.09,16.76,17.0,17.08,-0.02,-0.1171,0.76,2317372,39190107.0,10986640000.0,5202174040.0
2017-02-15,'603718,海利生物,17.08,17.35,16.94,16.94,17.07,0.01,0.0586,2.0405,6222313,106645500.0,10999520000.0,5208272720.0
2017-02-14,'603718,海利生物,17.07,17.29,16.86,17.04,17.03,0.04,0.2349,0.7685,2343530,39909260.0,10993080000.0,5205223380.0
2017-02-13,'603718,海利生物,17.03,17.15,16.73,16.89,16.9,0.13,0.7692,0.5894,1797300,30456450.0,10967320000.0,5193026020.0
2017-02-10,'603718,海利生物,16.9,17.08,16.49,16.66,16.66,0.24,1.4406,1.3411,4089330,68559117.0,10883600000.0,5153384600.0
2017-02-09,'603718,海利生物,16.66,16.86,16.45,16.66,16.66,0.0,0.0,0.8209,2503327,41583303.0,10729040000.0,5080200440.0
2017-02-08,'603718,海利生物,16.66,16.74,15.99,16.1,16.01,0.65,4.06,1.3146,4008578,65301238.0,10729040000.0,5080200440.0
2017-02-07,'603718,海利生物,16.01,16.09,15.96,16.08,16.07,-0.06,-0.3734,0.3021,921160,14761263.0,10310440000.0,4881993340.0
2017-02-06,'603718,海利生物,16.07,16.36,15.93,16.07,15.99,0.08,0.5003,0.6868,2094432,33608758.0,10349080000.0,4900289380.0
2017-02-03,'603718,海利生物,15.99,16.17,15.83,15.99,15.97,0.02,0.1252,0.2961,903000,14437919.0,10297560000.0,4875894660.0
2017-01-26,'603718,海利生物,15.97,16.01,15.81,15.99,15.96,0.01,0.0627,0.2758,841070,13381791.0,10284680000.0,4869795980.0
2017-01-25,'603718,海利生物,15.96,16.38,15.88,15.98,15.91,0.05,0.3143,0.5913,1803140,29007169.0,10278240000.0,4866746640.0
2017-01-24,'603718,海利生物,15.91,15.93,15.81,15.87,15.9,0.01,0.0629,0.3903,1190284,18901462.0,10246040000.0,4851499940.0
2017-01-23,'603718,海利生物,15.9,15.96,15.76,15.82,15.92,-0.02,-0.1256,0.6173,1882433,29902059.0,10239600000.0,4848450600.0
2017-01-20,'603718,海利生物,15.92,16.21,15.77,15.92,16.01,-0.09,-0.5621,1.0541,3214350,51069483.0,10252480000.0,4854549280.0
2017-01-19,'603718,海利生物,16.01,16.1,15.5,15.95,15.95,0.06,0.3762,0.7773,2370320,37314995.0,10310440000.0,4881993340.0
2017-01-18,'603718,海利生物,15.95,16.4,15.86,16.15,16.17,-0.22,-1.3605,0.5399,1646211,26299720.0,10271800000.0,4863697300.0
2017-01-17,'603718,海利生物,16.17,16.3,15.7,16.0,16.1,0.07,0.4348,1.032,3146794,50130363.0,10413480000.0,4930782780.0
2017-01-16,'603718,海利生物,16.1,16.7,15.35,16.49,16.69,-0.59,-3.5351,2.3689,7223576,113573783.0,10368400000.0,4909437400.0
2017-01-13,'603718,海利生物,16.69,17.28,16.58,16.89,16.9,-0.21,-1.2426,0.5394,1644904,27614966.0,10748360000.0,5089348460.0
2017-01-12,'603718,海利生物,16.9,17.59,16.56,17.3,17.34,-0.44,-2.5375,1.4512,4425161,74829897.0,10883600000.0,5153384600.0
2017-01-11,'603718,海利生物,17.34,17.75,17.31,17.38,17.33,0.01,0.0577,0.3199,975389,17033859.0,11166960000.0,5287555560.0
2017-01-10,'603718,海利生物,17.33,17.45,17.27,17.42,17.41,-0.08,-0.4595,0.2915,888778,15425552.0,11160520000.0,5284506220.0
2017-01-09,'603718,海利生物,17.41,17.58,17.32,17.43,17.42,-0.01,-0.0574,0.5305,1617688,28125162.0,11212040000.0,5308900940.0
2017-01-06,'603718,海利生物,17.42,17.7,17.31,17.69,17.7,-0.28,-1.5819,0.5503,1677970,29399060.0,11218480000.0,5311950280.0
2017-01-05,'603718,海利生物,17.7,17.9,17.64,17.9,17.9,-0.2,-1.1173,0.3858,1176481,20877646.0,11398800000.0,5397331800.0
2017-01-04,'603718,海利生物,17.9,18.0,17.79,17.85,17.98,-0.08,-0.4449,0.8964,2733344,48827356.0,11527600000.0,5458318600.0
2017-01-03,'603718,海利生物,17.98,18.02,17.71,17.71,17.82,0.16,0.8979,0.5862,1787555,31919560.0,11579120000.0,5482713320.0
2016-12-30,'603718,海利生物,17.82,18.0,17.54,17.58,17.6,0.22,1.25,0.7104,2166291,38591403.0,11476080000.0,5433923880.0
2016-12-29,'603718,海利生物,17.6,17.79,17.53,17.6,17.67,-0.07,-0.3962,0.3192,973270,17186407.0,11334400000.0,5366838400.0
2016-12-28,'603718,海利生物,17.67,17.78,17.51,17.51,17.69,-0.02,-0.1131,0.3299,1006078,17762180.0,11379480000.0,5388183780.0
2016-12-27,'603718,海利生物,17.69,17.78,17.55,17.73,17.74,-0.05,-0.2818,0.4302,1311700,23174048.0,11392360000.0,5394282460.0
2016-12-26,'603718,海利生物,17.74,17.87,17.1,17.6,17.63,0.11,0.6239,0.6937,2115363,36745406.0,11424560000.0,5409529160.0
2016-12-23,'603718,海利生物,17.63,17.89,17.56,17.89,17.89,-0.26,-1.4533,0.5253,1601726,28341229.0,11353720000.0,5375986420.0
2016-12-22,'603718,海利生物,17.89,18.02,17.62,17.79,17.76,0.13,0.732,0.6035,1840397,32768208.0,11521160000.0,5455269260.0
2016-12-21,'603718,海利生物,17.76,18.36,17.64,17.78,17.65,0.11,0.6232,0.8289,2527650,45373884.0,11437440000.0,5415627840.0
2016-12-20,'603718,海利生物,17.65,17.83,17.61,17.77,17.78,-0.13,-0.7312,0.2845,867500,15359021.0,11366600000.0,5382085100.0
2016-12-19,'603718,海利生物,17.78,17.97,17.66,17.89,17.83,-0.05,-0.2804,0.4159,1268255,22560861.0,11450320000.0,5421726520.0
2016-12-16,'603718,海利生物,17.83,18.0,17.41,17.41,17.59,0.24,1.3644,0.9221,2811860,49988169.0,11482520000.0,5436973220.0
2016-12-15,'603718,海利生物,17.59,17.85,17.4,17.44,17.53,0.06,0.3423,0.6953,2120176,37422631.0,11327960000.0,5363789060.0
2016-12-14,'603718,海利生物,17.53,17.87,17.14,17.49,17.57,-0.04,-0.2277,1.1576,3529876,61252157.0,11289320000.0,5345493020.0
2016-12-13,'603718,海利生物,17.57,18.28,17.0,18.08,18.14,-0.57,-3.1422,2.7021,8239723,144410275.0,11315080000.0,5357690380.0
2016-12-12,'603718,海利生物,18.14,19.12,18.1,19.05,19.06,-0.92,-4.8269,1.082,3299395,61342639.0,11682160000.0,5531502760.0
2016-12-09,'603718,海利生物,19.06,19.48,19.03,19.34,19.34,-0.28,-1.4478,0.7232,2205330,42357736.0,12274640000.0,5812042040.0
2016-12-08,'603718,海利生物,19.34,19.6,19.25,19.49,19.53,-0.19,-0.9729,1.0147,3094076,60012292.0,12454960000.0,5897423560.0
2016-12-07,'603718,海利生物,19.53,19.55,18.85,19.26,19.15,0.38,1.9843,3.1541,9617911,186049570.0,12577320000.0,5955361020.0
2016-12-06,'603718,海利生物,19.15,19.48,18.93,19.1,19.16,-0.01,-0.0522,0.6557,1999489,38222345.0,12332600000.0,5839486100.0
2016-12-05,'603718,海利生物,19.16,19.29,18.55,18.8,18.85,0.31,1.6446,0.5853,1784633,33884970.0,12339040000.0,5842535440.0
2016-12-02,'603718,海利生物,18.85,19.24,18.84,19.06,19.14,-0.29,-1.5152,0.6146,1874127,35629553.0,12139400000.0,5748005900.0
2016-12-01,'603718,海利生物,19.14,19.2,18.68,18.68,18.8,0.34,1.8085,1.4852,4528915,86320741.0,12326160000.0,5836436760.0
2016-11-30,'603718,海利生物,18.8,19.02,18.74,19.02,19.01,-0.21,-1.1047,0.3376,1029550,19392236.0,12107200000.0,5732759200.0
2016-11-29,'603718,海利生物,19.01,19.14,18.73,18.98,18.98,0.03,0.1581,0.9315,2840561,53963542.0,12242440000.0,5796795340.0
2016-11-28,'603718,海利生物,18.98,19.0,18.66,18.8,18.94,0.04,0.2112,0.48,1463774,27595235.0,12223120000.0,5787647320.0
2016-11-25,'603718,海利生物,18.94,19.03,18.32,18.7,18.77,0.17,0.9057,1.0553,3217835,60244581.0,12197360000.0,5775449960.0
2016-11-24,'603718,海利生物,18.77,19.19,18.76,19.12,19.12,-0.35,-1.8305,0.791,2411946,45639238.0,12087880000.0,5723611180.0
2016-11-23,'603718,海利生物,19.12,19.4,19.02,19.4,19.4,-0.28,-1.4433,0.8043,2452662,47102320.0,12313280000.0,5830338080.0
2016-11-22,'603718,海利生物,19.4,19.65,19.16,19.2,19.41,-0.01,-0.0515,2.1409,6528366,126745097.0,12493600000.0,5915719600.0
2016-11-21,'603718,海利生物,19.41,19.52,19.11,19.39,19.39,0.02,0.1031,1.3622,4153767,80129418.0,12500040000.0,5918768940.0
2016-11-18,'603718,海利生物,19.39,19.85,19.28,19.68,19.6,-0.21,-1.0714,1.1007,3356264,65274123.0,12487160000.0,5912670260.0
2016-11-17,'603718,海利生物,19.6,19.69,19.25,19.52,19.53,0.07,0.3584,1.0423,3178475,61981342.0,12622400000.0,5976706400.0
2016-11-16,'603718,海利生物,19.53,19.59,19.22,19.42,19.57,-0.04,-0.2044,1.3611,4150502,80192537.0,12577320000.0,5955361020.0
2016-11-15,'603718,海利生物,19.57,19.85,18.75,18.92,18.92,0.65,3.4355,3.4035,10378516,201337907.0,12603080000.0,5967558380.0
2016-11-14,'603718,海利生物,18.92,19.15,18.59,18.81,18.97,-0.05,-0.2636,1.1495,3505366,66286773.0,12184480000.0,5769351280.0
2016-11-11,'603718,海利生物,18.97,19.01,18.56,18.61,18.85,0.12,0.6366,1.1428,3484742,65485388.0,12216680000.0,5784597980.0
2016-11-10,'603718,海利生物,18.85,19.1,18.61,19.08,18.78,0.07,0.3727,1.2781,3897406,73419296.0,12139400000.0,5748005900.0
2016-11-09,'603718,海利生物,18.78,18.86,18.12,18.58,18.46,0.32,1.7335,0.9936,3029848,56321112.0,12094320000.0,5726660520.0
2016-11-08,'603718,海利生物,18.46,18.75,18.41,18.53,18.49,-0.03,-0.1622,0.4404,1342998,24846078.0,11888240000.0,5629081640.0
2016-11-07,'603718,海利生物,18.49,18.6,18.25,18.43,18.54,-0.05,-0.2697,0.7696,2346669,43079627.0,11907560000.0,5638229660.0
2016-11-04,'603718,海利生物,18.54,18.8,18.43,18.59,18.55,-0.01,-0.0539,0.4921,1500502,27796698.0,11939760000.0,5653476360.0
2016-11-03,'603718,海利生物,18.55,18.81,18.49,18.49,18.69,-0.14,-0.7491,0.8409,2564126,47752146.0,11946200000.0,5656525700.0
2016-11-02,'603718,海利生物,18.69,18.81,18.41,18.65,18.66,0.03,0.1608,0.7683,2342788,43511656.0,12036360000.0,5699216460.0
2016-11-01,'603718,海利生物,18.66,18.85,18.42,18.68,18.55,0.11,0.593,0.8501,2592371,48170714.0,12017040000.0,5690068440.0
2016-10-31,'603718,海利生物,18.55,19.27,18.47,18.87,18.87,-0.32,-1.6958,1.0602,3232796,60325843.0,11946200000.0,5656525700.0
2016-10-28,'603718,海利生物,18.87,19.36,18.85,19.36,19.37,-0.5,-2.5813,0.6832,2083321,39790653.0,12152280000.0,5754104580.0
2016-10-27,'603718,海利生物,19.37,19.66,19.12,19.25,19.27,0.1,0.5189,1.4787,4509013,87275721.0,12474280000.0,5906571580.0
2016-10-26,'603718,海利生物,19.27,19.48,19.15,19.35,19.37,-0.1,-0.5163,0.4892,1491707,28730042.0,12409880000.0,5876078180.0
2016-10-25,'603718,海利生物,19.37,19.69,19.19,19.45,19.46,-0.09,-0.4625,0.737,2247449,43452462.0,12474280000.0,5906571580.0
2016-10-24,'603718,海利生物,19.46,19.55,19.0,19.15,19.15,0.31,1.6188,2.3081,7038114,136445864.0,12532240000.0,5934015640.0
2016-10-21,'603718,海利生物,19.15,19.3,18.71,19.05,19.04,0.11,0.5777,0.6511,1985328,37762750.0,12332600000.0,5839486100.0
2016-10-20,'603718,海利生物,19.04,19.3,18.82,19.16,19.06,-0.02,-0.1049,0.9247,2819677,53823982.0,12261760000.0,5805943360.0
2016-10-19,'603718,海利生物,19.06,19.4,18.94,19.4,19.25,-0.19,-0.987,0.8541,2604371,49640090.0,12274640000.0,5812042040.0
2016-10-18,'603718,海利生物,19.25,19.36,18.6,18.6,18.82,0.43,2.2848,1.1964,3648203,69642467.0,12397000000.0,5869979500.0
2016-10-17,'603718,海利生物,18.82,19.18,18.8,19.08,19.08,-0.26,-1.3627,0.8918,2719359,51470321.0,12120080000.0,5738857880.0
2016-10-14,'603718,海利生物,19.08,19.09,18.54,18.54,18.54,0.54,2.9126,1.1226,3423197,64551028.0,12287520000.0,5818140720.0
2016-10-13,'603718,海利生物,18.54,19.04,18.5,18.98,19.0,-0.46,-2.4211,1.0053,3065582,57361912.0,11939760000.0,5653476360.0
2016-10-12,'603718,海利生物,19.0,19.11,18.78,18.95,18.98,0.02,0.1054,0.8151,2485566,47097985.0,12236000000.0,5793746000.0
2016-10-11,'603718,海利生物,18.98,19.3,18.81,19.03,19.06,-0.08,-0.4197,0.9013,2748307,52046581.0,12223120000.0,5787647320.0
2016-10-10,'603718,海利生物,19.06,19.78,18.94,19.39,19.02,0.04,0.2103,1.1274,3437705,65553173.0,12274640000.0,5812042040.0
2016-09-30,'603718,海利生物,19.02,19.49,18.89,18.94,18.95,0.07,0.3694,0.736,2244246,43052707.0,12248880000.0,5799844680.0
2016-09-29,'603718,海利生物,18.95,19.18,18.61,19.0,19.13,-0.18,-0.9409,0.8849,2698395,51109746.0,12203800000.0,5778499300.0
2016-09-28,'603718,海利生物,19.13,19.31,18.88,19.1,19.31,-0.18,-0.9322,0.5822,1775381,33848506.0,12319720000.0,5833387420.0
2016-09-27,'603718,海利生物,19.31,19.57,18.69,19.22,19.22,0.09,0.4683,1.3795,4206648,80030882.0,12435640000.0,5888275540.0
2016-09-26,'603718,海利生物,19.22,19.88,19.0,19.68,19.68,-0.46,-2.3374,0.9947,3033040,58945369.0,12377680000.0,5860831480.0
2016-09-23,'603718,海利生物,19.68,20.1,19.51,19.91,20.0,-0.32,-1.6,1.1612,3540828,69749161.0,12673920000.0,6001101120.0
2016-09-22,'603718,海利生物,20.0,20.45,19.85,20.16,20.07,-0.07,-0.3488,0.6223,1897461,38016649.0,12880000000.0,6098680000.0
2016-09-21,'603718,海利生物,20.07,20.29,19.75,19.92,19.92,0.15,0.753,0.9387,2862351,57045061.0,12925080000.0,6120025380.0
2016-09-20,'603718,海利生物,19.92,20.64,19.5,20.46,20.46,-0.54,-2.6393,1.4925,4551172,91356058.0,12828480000.0,6074285280.0
2016-09-19,'603718,海利生物,20.46,21.02,20.3,20.66,20.67,-0.21,-1.016,0.9955,3035532,62385441.0,13176240000.0,6238949640.0
2016-09-14,'603718,海利生物,20.67,20.95,20.2,20.22,20.5,0.17,0.8293,1.6129,4918325,101528982.0,13311480000.0,6302985780.0
2016-09-13,'603718,海利生物,20.5,20.6,20.0,20.15,20.15,0.35,1.737,1.2906,3935606,79863147.0,13202000000.0,6251147000.0
2016-09-12,'603718,海利生物,20.15,20.4,19.56,19.63,19.99,0.16,0.8004,2.3524,7173265,143577943.0,12976600000.0,6144420100.0
2016-09-09,'603718,海利生物,19.99,20.8,19.93,20.66,20.56,-0.57,-2.7724,1.7292,5272798,106426089.0,12873560000.0,6095630660.0
2016-09-08,'603718,海利生物,20.56,20.96,20.41,20.5,20.36,0.2,0.9823,1.9458,5933507,122560939.0,13240640000.0,6269443040.0
2016-09-07,'603718,海利生物,20.36,20.91,20.2,20.38,20.56,-0.2,-0.9728,1.6312,4974115,101871528.0,13111840000.0,6208456240.0
2016-09-06,'603718,海利生物,20.56,21.4,19.82,21.4,21.05,-0.49,-2.3278,5.2408,15980861,325386823.0,13240640000.0,6269443040.0
2016-09-05,'603718,海利生物,21.05,21.18,19.91,20.14,20.14,0.91,4.5184,3.7471,11426218,237507955.0,13556200000.0,6418860700.0
2016-09-02,'603718,海利生物,20.14,20.31,19.3,19.5,19.31,0.83,4.2983,2.3905,7289487,144665137.0,12970160000.0,6141370760.0
2016-09-01,'603718,海利生物,19.31,20.19,19.28,20.17,19.87,-0.56,-2.8183,1.3777,4201218,82472307.0,12435640000.0,5888275540.0
2016-08-31,'603718,海利生物,19.87,20.42,19.6,20.15,20.35,-0.48,-2.3587,1.431,4363473,86873572.0,12796280000.0,6059038580.0
2016-08-30,'603718,海利生物,20.35,20.49,20.01,20.43,20.43,-0.08,-0.3916,1.336,4073908,82694793.0,13105400000.0,6205406900.0
2016-08-29,'603718,海利生物,20.43,20.48,19.76,20.09,19.87,0.56,2.8183,2.3093,7041903,142438143.0,13156920000.0,6229801620.0
2016-08-26,'603718,海利生物,19.87,20.45,19.61,19.8,19.81,0.06,0.3029,2.0995,6401951,128267470.0,12796280000.0,6059038580.0
2016-08-25,'603718,海利生物,19.81,20.08,19.21,19.75,20.14,-0.33,-1.6385,2.3333,7115090,140322452.0,12757640000.0,6040742540.0
2016-08-24,'603718,海利生物,20.14,20.55,18.82,18.97,19.04,1.1,5.7773,4.3565,13284544,263868847.0,12970160000.0,6141370760.0
2016-08-23,'603718,海利生物,19.04,19.12,18.38,18.59,18.19,0.85,4.6729,3.6424,11106845,209605359.0,12261760000.0,5805943360.0
2016-08-22,'603718,海利生物,18.19,18.9,18.16,18.36,18.37,-0.18,-0.9799,1.4986,4569776,84727018.0,11714360000.0,5546749460.0
2016-08-19,'603718,海利生物,18.37,18.52,18.26,18.43,18.54,-0.17,-0.9169,1.1632,3546953,65185469.0,11830280000.0,5601637580.0
2016-08-18,'603718,海利生物,18.54,18.69,18.0,18.07,18.07,0.47,2.601,3.4482,10514620,193638863.0,11939760000.0,5653476360.0
2016-08-17,'603718,海利生物,18.07,18.18,17.93,18.17,18.17,-0.1,-0.5504,1.0355,3157600,57010252.0,11637080000.0,5510157380.0
2016-08-16,'603718,海利生物,18.17,18.3,17.91,18.19,18.19,-0.02,-0.11,1.4327,4368838,79128468.0,11701480000.0,5540650780.0
2016-08-15,'603718,海利生物,18.19,18.36,17.82,17.9,17.98,0.21,1.168,2.4013,7322300,132756282.0,11714360000.0,5546749460.0
2016-08-12,'603718,海利生物,17.98,18.2,17.83,17.85,17.99,-0.01,-0.0556,1.3783,4202951,75547177.0,11579120000.0,5482713320.0
2016-08-11,'603718,海利生物,17.99,18.25,17.72,18.21,18.18,-0.19,-1.0451,1.8166,5539577,99606523.0,11585560000.0,5485762660.0
2016-08-10,'603718,海利生物,18.18,18.2,17.6,17.75,17.83,0.35,1.963,2.2994,7011681,125735351.0,11707920000.0,5543700120.0
2016-08-09,'603718,海利生物,17.83,18.0,17.35,17.59,17.58,0.25,1.4221,1.505,4589174,81680761.0,11482520000.0,5436973220.0
2016-08-08,'603718,海利生物,17.58,17.6,17.18,17.5,17.66,-0.08,-0.453,1.2535,3822456,66304621.0,11321520000.0,5360739720.0
2016-08-05,'603718,海利生物,17.66,18.1,17.56,17.77,17.74,-0.08,-0.451,1.3395,4084620,72805800.0,11373040000.0,5385134440.0
2016-08-04,'603718,海利生物,17.74,18.14,17.7,17.85,17.99,-0.25,-1.3897,0.9278,2829243,50536638.0,11424560000.0,5409529160.0
2016-08-03,'603718,海利生物,17.99,18.25,17.81,18.25,18.25,-0.26,-1.4247,1.1879,3622272,65288888.0,11585560000.0,5485762660.0
2016-08-02,'603718,海利生物,18.25,18.38,17.58,17.8,17.84,0.41,2.2982,1.5234,4645417,83730139.0,11753000000.0,5565045500.0
2016-08-01,'603718,海利生物,17.84,18.05,17.23,18.05,18.17,-0.33,-1.8162,1.9062,5812784,102251956.0,11488960000.0,5440022560.0
2016-07-29,'603718,海利生物,18.17,18.7,17.84,18.19,18.46,-0.29,-1.571,2.2224,6776817,123174205.0,11701480000.0,5540650780.0
2016-07-28,'603718,海利生物,18.46,18.5,17.12,17.35,17.38,1.08,6.214,3.9756,12123007,218005261.0,11888240000.0,5629081640.0
2016-07-27,'603718,海利生物,17.38,18.49,16.75,18.0,17.88,-0.5,-2.7964,3.8047,11601675,206784500.0,11192720000.0,5299752920.0
2016-07-26,'603718,海利生物,17.88,17.92,17.03,17.18,17.2,0.68,3.9535,2.4622,7508156,132465969.0,11514720000.0,5452219920.0
2016-07-25,'603718,海利生物,17.2,17.24,16.8,16.8,16.91,0.29,1.715,1.4182,4324651,73885497.0,11076800000.0,5244864800.0
2016-07-22,'603718,海利生物,16.91,17.17,16.89,17.17,17.14,-0.23,-1.3419,1.0663,3251635,55110774.0,10890040000.0,5156433940.0
2016-07-21,'603718,海利生物,17.14,17.22,16.87,16.9,16.92,0.22,1.3002,1.479,4509904,77011068.0,11038160000.0,5226568760.0
2016-07-20,'603718,海利生物,16.92,17.05,16.82,16.99,16.94,-0.02,-0.1181,0.9023,2751291,46544678.0,10896480000.0,5159483280.0
2016-07-19,'603718,海利生物,16.94,17.18,16.87,17.18,17.09,-0.15,-0.8777,0.8896,2712789,45926079.0,10909360000.0,5165581960.0
2016-07-18,'603718,海利生物,17.09,17.23,16.93,17.2,17.17,-0.08,-0.4659,1.2842,3915906,66681498.0,11005960000.0,5211322060.0
2016-07-15,'603718,海利生物,17.17,17.79,17.02,17.37,17.37,-0.2,-1.1514,2.743,8364407,144430274.0,11057480000.0,5235716780.0
2016-07-14,'603718,海利生物,17.37,17.4,17.13,17.3,17.35,0.02,0.1153,0.9494,2895133,49866539.0,11186280000.0,5296703580.0
2016-07-13,'603718,海利生物,17.35,17.68,16.89,16.89,16.88,0.47,2.7844,2.6745,8155606,141608102.0,11173400000.0,5290604900.0
2016-07-12,'603718,海利生物,16.88,17.25,16.2,16.56,16.58,0.3,1.8094,1.838,5604553,93549774.0,10870720000.0,5147285920.0
2016-07-11,'603718,海利生物,16.58,16.76,16.5,16.58,16.71,-0.13,-0.778,1.1663,3556400,59052173.0,10677520000.0,5055805720.0
2016-07-08,'603718,海利生物,16.71,16.95,16.53,16.88,16.85,-0.14,-0.8309,1.3582,4141706,68934292.0,10761240000.0,5095447140.0
2016-07-07,'603718,海利生物,16.85,16.98,16.53,16.58,16.57,0.28,1.6898,2.2574,6883534,115279795.0,10851400000.0,5138137900.0
2016-07-06,'603718,海利生物,16.57,16.78,16.41,16.6,16.63,-0.06,-0.3608,2.3598,7195838,119477458.0,10671080000.0,5052756380.0
2016-07-05,'603718,海利生物,16.63,16.73,16.36,16.58,16.45,0.18,1.0942,1.4518,4427077,72972951.0,10709720000.0,5071052420.0
2016-07-04,'603718,海利生物,16.45,16.8,16.03,16.2,16.32,0.13,0.7966,1.872,5708368,93989594.0,10593800000.0,5016164300.0
2016-07-01,'603718,海利生物,16.32,16.98,16.29,16.4,16.42,-0.1,-0.609,1.8405,5612286,92707400.0,10510080000.0,4976522880.0
2016-06-30,'603718,海利生物,16.42,16.66,16.29,16.64,16.62,-0.2,-1.2034,2.0586,6277290,102829374.0,10574480000.0,5007016280.0
2016-06-29,'603718,海利生物,16.62,16.64,16.1,16.17,16.2,0.42,2.5926,3.1821,9703184,159832856.0,10703280000.0,5068003080.0
2016-06-28,'603718,海利生物,16.2,16.3,16.02,16.3,16.31,-0.11,-0.6744,2.4834,7572677,122354099.0,10432800000.0,4939930800.0
2016-06-27,'603718,海利生物,16.31,16.39,15.5,15.6,15.59,0.72,4.6183,4.3853,13372420,215410297.0,10503640000.0,4973473540.0
2016-06-24,'603718,海利生物,15.59,15.86,15.11,15.49,15.31,0.28,1.8289,5.9423,18120171,282577619.0,10039960000.0,4753921060.0
2016-06-23,'603718,海利生物,15.31,15.37,14.9,15.0,14.99,0.32,2.1348,1.457,4442959,67236945.0,9859640000.0,4668539540.0
2016-06-22,'603718,海利生物,14.99,15.09,14.6,14.75,14.76,0.23,1.5583,1.3227,4033378,60241151.0,9653560000.0,4570960660.0
2016-06-21,'603718,海利生物,14.76,15.17,14.7,15.03,14.97,-0.21,-1.4028,1.2445,3794758,56605136.0,9505440000.0,4500825840.0
2016-06-20,'603718,海利生物,14.97,15.22,14.79,15.01,15.22,-0.25,-1.6426,1.1841,3610648,53853945.0,9640680000.0,4564861980.0
2016-06-17,'603718,海利生物,15.22,15.56,15.05,15.23,15.0,0.22,1.4667,2.3407,7137567,109250123.0,9801680000.0,4641095480.0
2016-06-16,'603718,海利生物,15.0,15.44,14.92,15.27,15.24,-0.24,-1.5748,1.0345,3154428,47575806.0,9660000000.0,4574010000.0
2016-06-15,'603718,海利生物,15.24,15.4,14.67,14.8,15.01,0.23,1.5323,1.4379,4384770,66663796.0,9814560000.0,4647194160.0
2016-06-14,'603718,海利生物,15.01,15.18,14.8,15.09,14.89,0.12,0.8059,0.9497,2895976,43381108.0,9666440000.0,4577059340.0
2016-06-13,'603718,海利生物,14.89,15.93,14.86,15.93,15.93,-1.04,-6.5286,2.354,7178226,110571129.0,9589160000.0,4540467260.0
2016-06-08,'603718,海利生物,15.93,16.17,15.8,16.17,16.19,-0.26,-1.6059,0.9916,3023781,48252468.0,10258920000.0,4857598620.0
2016-06-07,'603718,海利生物,16.19,16.36,16.01,16.2,16.25,-0.06,-0.3692,1.2643,3855374,62406725.0,10426360000.0,4936881460.0
2016-06-06,'603718,海利生物,16.25,16.54,16.18,16.5,16.43,-0.18,-1.0956,0.9557,2914358,47532628.0,10465000000.0,4955177500.0
2016-06-03,'603718,海利生物,16.43,16.54,16.0,16.0,16.19,0.24,1.4824,2.0406,6222350,101756904.0,10580920000.0,5010065620.0
2016-06-02,'603718,海利生物,16.19,16.45,16.05,16.38,16.37,-0.18,-1.0996,1.4936,4554592,73690334.0,10426360000.0,4936881460.0
2016-06-01,'603718,海利生物,16.37,16.79,16.31,16.49,16.42,-0.05,-0.3045,2.2003,6709520,110242090.0,10542280000.0,4991769580.0
2016-05-31,'603718,海利生物,16.42,16.7,16.1,16.1,16.1,0.32,1.9876,2.4799,7561911,124187840.0,10574480000.0,5007016280.0
2016-05-30,'603718,海利生物,16.1,16.34,15.81,16.08,16.02,0.08,0.4994,0.7437,2267899,36429210.0,10368400000.0,4909437400.0
2016-05-27,'603718,海利生物,16.02,16.26,15.4,15.4,15.83,0.19,1.2003,1.0302,3141548,50385149.0,10316880000.0,4885042680.0
2016-05-26,'603718,海利生物,15.83,15.98,15.31,15.8,15.9,-0.07,-0.4403,0.6479,1975730,30914766.0,10194520000.0,4827105220.0
2016-05-25,'603718,海利生物,15.9,16.08,15.83,15.98,15.89,0.01,0.0629,0.516,1573314,25111676.0,10239600000.0,4848450600.0
2016-05-24,'603718,海利生物,15.89,16.25,15.82,16.12,16.19,-0.3,-1.853,0.5123,1562236,24949393.0,10233160000.0,4845401260.0
2016-05-23,'603718,海利生物,16.19,16.38,16.05,16.15,16.16,0.03,0.1856,0.6254,1907100,30924499.0,10426360000.0,4936881460.0
2016-05-20,'603718,海利生物,16.16,16.25,15.66,15.66,15.96,0.2,1.2531,0.9798,2987756,47997396.0,10407040000.0,4927733440.0
2016-05-19,'603718,海利生物,15.96,16.55,15.8,16.2,16.13,-0.17,-1.0539,1.3396,4084900,65821067.0,10278240000.0,4866746640.0
2016-05-18,'603718,海利生物,16.13,17.21,16.06,17.09,17.41,-1.28,-7.3521,1.9523,5953204,98037872.0,10387720000.0,4918585420.0
2016-05-17,'603718,海利生物,17.41,17.69,16.97,17.05,17.06,0.35,2.0516,1.2921,3940105,68425603.0,11212040000.0,5308900940.0
2016-05-16,'603718,海利生物,17.06,17.18,16.71,16.71,17.01,0.05,0.2939,0.9819,2994250,50957120.0,10986640000.0,5202174040.0
2016-05-13,'603718,海利生物,17.01,17.39,16.66,16.9,16.89,0.12,0.7105,2.7138,4369156,73801581.0,10954440000.0,2738610000.0
2016-05-12,'603718,海利生物,16.89,17.3,16.59,17.11,17.07,-0.18,-1.0545,2.8614,4606874,78373475.0,10877160000.0,2719290000.0
2016-05-11,'603718,海利生物,17.07,17.88,16.74,17.68,17.35,-0.28,-1.6138,3.8953,6271359,107362823.0,10993080000.0,2748270000.0
2016-05-10,'603718,海利生物,17.35,18.4,17.2,18.0,17.88,-0.53,-2.9642,2.9263,4711367,82975309.0,11173400000.0,2793350000.0
2016-05-09,'603718,海利生物,17.88,18.96,17.88,18.83,19.87,-1.99,-10.0151,5.7221,9212587,166708989.0,11514720000.0,2878680000.0
2016-05-06,'603718,海利生物,19.87,21.6,19.5,21.58,20.9,-1.03,-4.9282,13.3343,21468241,444908163.0,12796280000.0,3199070000.0
2016-05-05,'603718,DR海利生,20.9,20.9,18.18,18.99,19.0,1.9,10.0,3.5144,5658112,115517148.0,13459600000.0,3364900000.0
2016-05-04,'603718,海利生物,43.79,43.96,42.4,42.98,42.89,0.9,2.0984,4.328,3029594,130909909.0,12261200000.0,3065300000.0
2016-05-03,'603718,海利生物,42.89,43.5,40.76,41.62,41.6,1.29,3.101,3.1985,2238946,93851436.0,12009200000.0,3002300000.0
2016-04-29,'603718,海利生物,41.6,42.2,39.8,39.89,39.89,1.71,4.2868,4.6464,3252470,135135279.0,11648000000.0,2912000000.0
2016-04-28,'603718,海利生物,39.89,40.56,39.43,40.38,40.37,-0.48,-1.189,1.1996,839735,33454312.0,11169200000.0,2792300000.0
2016-04-27,'603718,海利生物,40.37,41.0,40.04,40.6,40.65,-0.28,-0.6888,1.6553,1158724,46924471.0,11303600000.0,2825900000.0
2016-04-26,'603718,海利生物,40.65,40.88,39.71,40.0,40.02,0.63,1.5742,1.6696,1168691,46948023.0,11382000000.0,2845500000.0
2016-04-25,'603718,海利生物,40.02,40.69,39.33,39.8,39.8,0.22,0.5528,1.4175,992249,39690208.0,11205600000.0,2801400000.0
2016-04-22,'603718,海利生物,39.8,40.5,39.0,39.3,39.53,0.27,0.683,1.3582,950732,37801050.0,11144000000.0,2786000000.0
2016-04-21,'603718,海利生物,39.53,40.8,39.0,39.9,40.01,-0.48,-1.1997,2.2992,1609450,64102068.0,11068400000.0,2767100000.0
2016-04-20,'603718,海利生物,40.01,42.16,38.6,42.16,42.05,-2.04,-4.8514,3.2106,2247405,90337780.0,11202800000.0,2800700000.0
2016-04-19,'603718,海利生物,42.05,42.58,41.68,42.16,42.01,0.04,0.0952,2.6445,1851155,77987527.0,11774000000.0,2943500000.0
2016-04-18,'603718,海利生物,42.01,43.74,41.5,43.35,43.58,-1.57,-3.6026,2.6133,1829300,76980106.0,11762800000.0,2940700000.0
2016-04-15,'603718,海利生物,43.58,44.29,43.15,43.56,43.52,0.06,0.1379,1.9016,1331100,58176160.0,12202400000.0,3050600000.0
2016-04-14,'603718,海利生物,43.52,44.2,42.95,43.99,43.74,-0.22,-0.503,2.1428,1499950,65130073.0,12185600000.0,3046400000.0
2016-04-13,'603718,海利生物,43.74,44.58,43.65,44.4,44.05,-0.31,-0.7037,4.042,2829390,124479834.0,12247200000.0,3061800000.0
2016-04-12,'603718,海利生物,44.05,44.7,43.12,44.58,44.68,-0.63,-1.41,3.2179,2252550,98703816.0,12334000000.0,3083500000.0
2016-04-11,'603718,海利生物,44.68,45.54,44.41,45.09,44.66,0.02,0.0448,3.0157,2110990,94531058.0,12510400000.0,3127600000.0
2016-04-08,'603718,海利生物,44.66,44.91,43.22,44.27,44.92,-0.26,-0.5788,3.4323,2402600,105729176.0,12504800000.0,3126200000.0
2016-04-07,'603718,海利生物,44.92,46.1,44.71,45.09,45.03,-0.11,-0.2443,3.9717,2780205,126369841.0,12577600000.0,3144400000.0
2016-04-06,'603718,海利生物,45.03,45.3,43.5,43.74,43.74,1.29,2.9492,5.4174,3792178,168605989.0,12608400000.0,3152100000.0
2016-04-05,'603718,海利生物,43.74,43.93,42.24,42.88,42.77,0.97,2.2679,3.2522,2276518,98545426.0,12247200000.0,3061800000.0
2016-04-01,'603718,海利生物,42.77,43.85,42.0,43.2,42.91,-0.14,-0.3263,2.1641,1514892,65165827.0,11975600000.0,2993900000.0
2016-03-31,'603718,海利生物,42.91,44.0,42.68,43.91,43.17,-0.26,-0.6023,2.5372,1776007,76679803.0,12014800000.0,3003700000.0
2016-03-30,'603718,海利生物,43.17,43.28,42.07,42.5,42.15,1.02,2.4199,3.9905,2793347,119274756.0,12087600000.0,3021900000.0
2016-03-29,'603718,海利生物,42.15,42.3,41.04,42.0,41.81,0.34,0.8132,2.4976,1748303,72681158.0,11802000000.0,2950500000.0
2016-03-28,'603718,海利生物,41.81,44.22,41.51,42.75,42.67,-0.86,-2.0155,2.9091,2036363,87363563.0,11706800000.0,2926700000.0
2016-03-25,'603718,海利生物,42.67,43.8,41.8,43.1,43.03,-0.36,-0.8366,2.6605,1862358,79210407.0,11947600000.0,2986900000.0
2016-03-24,'603718,海利生物,43.03,44.5,42.65,43.58,43.41,-0.38,-0.8754,5.4912,3843840,166853863.0,12048400000.0,3012100000.0
2016-03-23,'603718,海利生物,43.41,43.48,41.67,41.91,42.36,1.05,2.4788,3.3987,2379062,101124223.0,12154800000.0,3038700000.0
2016-03-22,'603718,海利生物,42.36,42.87,40.22,40.8,40.87,1.49,3.6457,4.9644,3475053,145029431.0,11860800000.0,2965200000.0
2016-03-21,'603718,海利生物,40.87,41.09,39.5,40.25,40.04,0.83,2.0729,3.5214,2465003,99569285.0,11443600000.0,2860900000.0
2016-03-18,'603718,海利生物,40.04,40.5,39.22,39.5,39.22,0.82,2.0908,4.1807,2926500,116959527.0,11211200000.0,2802800000.0
2016-03-17,'603718,海利生物,39.22,40.3,38.2,38.49,38.9,0.32,0.8226,3.9013,2730940,107431586.0,10981600000.0,2745400000.0
2016-03-16,'603718,海利生物,38.9,40.0,38.0,39.4,38.67,0.23,0.5948,3.3817,2367159,92210033.0,10892000000.0,2723000000.0
2016-03-15,'603718,海利生物,38.67,39.6,38.42,39.3,39.0,-0.33,-0.8462,1.9614,1372980,53384585.0,10827600000.0,2706900000.0
2016-03-14,'603718,海利生物,39.0,39.5,38.08,38.8,37.93,1.07,2.821,3.6177,2532387,98582667.0,10920000000.0,2730000000.0
2016-03-11,'603718,海利生物,37.93,38.48,37.0,37.37,37.74,0.19,0.5034,1.1656,815911,30926434.0,10620400000.0,2655100000.0
2016-03-10,'603718,海利生物,37.74,38.8,37.3,38.5,38.23,-0.49,-1.2817,1.7002,1190147,45172941.0,10567200000.0,2641800000.0
2016-03-09,'603718,海利生物,38.23,38.44,36.61,37.01,37.8,0.43,1.1376,1.6446,1151224,43456935.0,10704400000.0,2676100000.0
2016-03-08,'603718,海利生物,37.8,38.16,35.88,37.59,37.19,0.61,1.6402,2.0779,1454527,53945057.0,10584000000.0,2646000000.0
2016-03-07,'603718,海利生物,37.19,38.2,36.21,36.58,36.6,0.59,1.612,2.3387,1637100,61114045.0,10413200000.0,2603300000.0
2016-03-04,'603718,海利生物,36.6,37.6,35.6,36.6,36.68,-0.08,-0.2181,1.7927,1254918,45918885.0,10248000000.0,2562000000.0
2016-03-03,'603718,海利生物,36.68,37.5,36.22,36.22,36.53,0.15,0.4106,1.5281,1069690,39471122.0,10270400000.0,2567600000.0
2016-03-02,'603718,海利生物,36.53,36.89,34.28,34.74,34.74,1.79,5.1526,2.1074,1475150,52877173.0,10228400000.0,2557100000.0
2016-03-01,'603718,海利生物,34.74,35.0,33.38,34.51,34.25,0.49,1.4307,1.3028,911940,31448558.0,9727200000.0,2431800000.0
2016-02-29,'603718,海利生物,34.25,36.17,33.0,36.17,36.17,-1.92,-5.3083,1.658,1160577,39081377.0,9590000000.0,2397500000.0
2016-02-26,'603718,海利生物,36.17,37.5,35.51,37.17,36.58,-0.41,-1.1208,1.6848,1179380,43219764.0,10127600000.0,2531900000.0
2016-02-25,'603718,海利生物,36.58,39.58,35.51,39.4,39.45,-2.87,-7.275,2.9016,2031146,74934757.0,10242400000.0,2560600000.0
2016-02-24,'603718,海利生物,39.45,40.5,38.7,39.75,39.73,-0.28,-0.7048,1.705,1193477,47068290.0,11046000000.0,2761500000.0
2016-02-23,'603718,海利生物,39.73,39.89,38.6,39.7,39.73,0.0,0.0,1.7868,1250780,49284911.0,11124400000.0,2781100000.0
2016-02-22,'603718,海利生物,39.73,40.7,39.31,39.9,39.39,0.34,0.8632,1.9886,1392050,55403746.0,11124400000.0,2781100000.0
2016-02-19,'603718,海利生物,39.39,39.7,38.47,38.5,38.99,0.4,1.0259,1.7751,1242550,48593313.0,11029200000.0,2757300000.0
2016-02-18,'603718,海利生物,38.99,39.5,38.42,38.98,38.47,0.52,1.3517,2.4297,1700800,66098605.0,10917200000.0,2729300000.0
2016-02-17,'603718,海利生物,38.47,38.85,37.64,37.9,37.88,0.59,1.5576,2.748,1923600,73800858.0,10771600000.0,2692900000.0
2016-02-16,'603718,海利生物,37.88,38.48,36.5,37.61,36.0,1.88,5.2222,2.361,1652726,62422425.0,10606400000.0,2651600000.0
2016-02-15,'603718,海利生物,36.0,36.7,35.0,35.0,36.85,-0.85,-2.3066,0.8368,585760,20988417.0,10080000000.0,2520000000.0
2016-02-05,'603718,海利生物,36.85,37.65,36.7,37.48,36.56,0.29,0.7932,2.375,1662501,61776790.0,10318000000.0,2579500000.0
2016-02-04,'603718,海利生物,36.56,36.94,35.85,35.88,35.89,0.67,1.8668,1.7463,1222389,44577858.0,10236800000.0,2559200000.0
2016-02-03,'603718,海利生物,35.89,36.2,35.18,35.85,36.22,-0.33,-0.9111,1.1565,809549,28825702.0,10049200000.0,2512300000.0
2016-02-02,'603718,海利生物,36.22,37.1,33.75,34.09,33.75,2.47,7.3185,2.9412,2058819,73469643.0,10141600000.0,2535400000.0
2016-02-01,'603718,海利生物,33.75,36.0,33.0,36.0,35.89,-2.14,-5.9627,1.2154,850748,29515839.0,9450000000.0,2362500000.0
2016-01-29,'603718,海利生物,35.89,36.89,34.51,34.87,34.75,1.14,3.2806,2.043,1430091,51388978.0,10049200000.0,2512300000.0
2016-01-28,'603718,海利生物,34.75,36.18,34.03,35.21,36.98,-2.23,-6.0303,1.1489,804200,28316830.0,9730000000.0,2432500000.0
2016-01-27,'603718,海利生物,36.98,37.0,33.08,35.64,36.75,0.23,0.6259,3.0362,2125349,73450961.0,10354400000.0,2588600000.0
2016-01-26,'603718,海利生物,36.75,40.87,36.75,40.8,40.83,-4.08,-9.9927,3.004,2102800,79369709.0,10290000000.0,2572500000.0
2016-01-25,'603718,海利生物,40.83,42.99,40.5,42.99,41.88,-1.05,-2.5072,2.0118,1408288,58342409.0,11432400000.0,2858100000.0
2016-01-22,'603718,海利生物,41.88,42.9,40.5,41.9,41.47,0.41,0.9887,2.1542,1507910,62687544.0,11726400000.0,2931600000.0
2016-01-21,'603718,海利生物,41.47,43.5,39.91,39.91,41.37,0.1,0.2417,4.6548,3258357,136401109.0,11611600000.0,2902900000.0
2016-01-20,'603718,海利生物,41.37,42.88,40.98,41.48,41.42,-0.05,-0.1207,2.5381,1776641,73749788.0,11583600000.0,2895900000.0
2016-01-19,'603718,海利生物,41.42,41.55,38.61,39.15,39.24,2.18,5.5556,2.3352,1634615,66235489.0,11597600000.0,2899400000.0
2016-01-18,'603718,海利生物,39.24,40.5,37.67,37.67,39.38,-0.14,-0.3555,1.7178,1202486,47211569.0,10987200000.0,2746800000.0
2016-01-15,'603718,海利生物,39.38,41.99,38.5,41.14,41.68,-2.3,-5.5182,2.3057,1613998,64834326.0,11026400000.0,2756600000.0
2016-01-14,'603718,海利生物,41.68,42.42,38.38,40.9,41.4,0.28,0.6763,3.1554,2208800,89094553.0,11670400000.0,2917600000.0
2016-01-13,'603718,海利生物,41.4,43.98,40.5,41.3,43.5,-2.1,-4.8276,3.8024,2661705,112716768.0,11592000000.0,2898000000.0
2016-01-12,'603718,海利生物,43.5,49.2,43.5,49.1,48.33,-4.83,-9.9938,6.6248,4637352,205842189.0,12180000000.0,3045000000.0
2016-01-11,'603718,海利生物,48.33,52.0,48.08,52.0,49.02,-0.69,-1.4076,7.3961,5177295,262249666.0,13532400000.0,3383100000.0
2016-01-08,'603718,海利生物,49.02,49.77,45.9,46.0,45.82,3.2,6.9838,4.4973,3148102,152394939.0,13725600000.0,3431400000.0
2016-01-07,'603718,海利生物,45.82,49.0,45.11,49.0,49.93,-4.11,-8.2315,0.4179,292500,13799414.0,12829600000.0,3207400000.0
2016-01-06,'603718,海利生物,49.93,49.97,47.4,48.7,48.14,1.79,3.7183,2.8496,1994734,96712111.0,13980400000.0,3495100000.0
2016-01-05,'603718,海利生物,48.14,48.5,43.1,47.0,46.56,1.58,3.3935,2.9458,2062053,96315148.0,13479200000.0,3369800000.0
2016-01-04,'603718,海利生物,46.56,51.86,46.5,51.86,51.46,-4.9,-9.522,0.8641,604850,29895579.0,13036800000.0,3259200000.0
2015-12-31,'603718,海利生物,51.46,51.9,50.01,50.81,51.39,0.07,0.1362,1.143,800118,40793664.0,14408800000.0,3602200000.0
2015-12-30,'603718,海利生物,51.39,52.79,50.13,50.6,50.95,0.44,0.8636,2.804,1962798,101484021.0,14389200000.0,3597300000.0
2015-12-29,'603718,海利生物,50.95,51.0,48.2,50.0,50.06,0.89,1.7779,3.4631,2424150,120828647.0,14266000000.0,3566500000.0
2015-12-28,'603718,海利生物,50.06,53.7,50.01,53.7,53.7,-3.64,-6.7784,3.1817,2227202,115061195.0,14016800000.0,3504200000.0
2015-12-25,'603718,海利生物,53.7,54.49,53.25,53.7,53.68,0.02,0.0373,1.8616,1303110,70051079.0,15036000000.0,3759000000.0
2015-12-24,'603718,海利生物,53.68,54.8,53.2,54.8,54.52,-0.84,-1.5407,2.3691,1658350,89316193.0,15030400000.0,3757600000.0
2015-12-23,'603718,海利生物,54.52,55.87,53.11,54.5,53.9,0.62,1.1503,4.0807,2856501,156077714.0,15265600000.0,3816400000.0
2015-12-22,'603718,海利生物,53.9,54.98,53.1,53.88,53.88,0.02,0.0371,3.7762,2643351,143004761.0,15092000000.0,3773000000.0
2015-12-21,'603718,海利生物,53.88,56.16,53.55,56.1,55.9,-2.02,-3.6136,3.7795,2645678,143868077.0,15086400000.0,3771600000.0
2015-12-18,'603718,海利生物,55.9,56.59,54.01,55.15,54.99,0.91,1.6548,6.9494,4864548,270079073.0,15652000000.0,3913000000.0
2015-12-17,'603718,海利生物,54.99,54.99,50.5,50.5,49.99,5.0,10.002,7.7,5390027,292325882.0,15397200000.0,3849300000.0
2015-12-16,'603718,海利生物,49.99,50.5,48.65,48.99,48.78,1.21,2.4805,3.1629,2214044,109848242.0,13997200000.0,3499300000.0
2015-12-15,'603718,海利生物,48.78,49.15,47.6,47.91,47.69,1.09,2.2856,2.012,1408386,68647001.0,13658400000.0,3414600000.0
2015-12-14,'603718,海利生物,47.69,47.7,46.21,46.3,46.96,0.73,1.5545,1.5534,1087397,50984279.0,13353200000.0,3338300000.0
2015-12-11,'603718,海利生物,46.96,47.3,46.66,47.3,46.95,0.01,0.0213,2.0266,1418615,66721743.0,13148800000.0,3287200000.0
2015-12-10,'603718,海利生物,46.95,47.48,45.9,46.57,46.57,0.38,0.816,1.9497,1364799,63678106.0,13146000000.0,3286500000.0
2015-12-09,'603718,海利生物,46.57,46.9,45.0,46.27,46.28,0.29,0.6266,1.7019,1191344,55053437.0,13039600000.0,3259900000.0
2015-12-08,'603718,海利生物,46.28,47.5,45.85,46.36,46.28,0.0,0.0,2.3315,1632049,75888415.0,12958400000.0,3239600000.0
2015-12-07,'603718,海利生物,46.28,46.6,45.53,45.81,45.47,0.81,1.7814,1.8782,1314762,60716453.0,12958400000.0,3239600000.0
2015-12-04,'603718,海利生物,45.47,46.78,44.89,46.2,46.56,-1.09,-2.3411,2.0813,1456916,66645448.0,12731600000.0,3182900000.0
2015-12-03,'603718,海利生物,46.56,47.05,44.61,45.0,44.93,1.63,3.6279,2.0429,1430049,66359684.0,13036800000.0,3259200000.0
2015-12-02,'603718,海利生物,44.93,47.6,43.55,46.97,46.38,-1.45,-3.1263,2.3079,1615560,72707383.0,12580400000.0,3145100000.0
2015-12-01,'603718,海利生物,46.38,46.98,45.03,46.4,46.43,-0.05,-0.1077,3.1437,2200589,101125839.0,12986400000.0,3246600000.0
2015-11-30,'603718,海利生物,46.43,47.4,44.0,45.15,45.15,1.28,2.835,3.3218,2325281,106890851.0,13000400000.0,3250100000.0
2015-11-27,'603718,海利生物,45.15,49.15,44.56,49.15,49.14,-3.99,-8.1197,2.7587,1931058,91003876.0,12642000000.0,3160500000.0
2015-11-26,'603718,海利生物,49.14,50.87,49.0,50.86,50.89,-1.75,-3.4388,2.7087,1896069,94578638.0,13759200000.0,3439800000.0
2015-11-25,'603718,海利生物,50.89,52.0,50.61,52.0,51.3,-0.41,-0.7992,2.8762,2013349,102953179.0,14249200000.0,3562300000.0
2015-11-24,'603718,海利生物,51.3,51.5,48.83,49.66,49.67,1.63,3.2817,3.8667,2706689,136132351.0,14364000000.0,3591000000.0
2015-11-23,'603718,海利生物,49.67,51.18,48.75,49.07,50.09,-0.42,-0.8385,2.0403,1428180,70979168.0,13907600000.0,3476900000.0
2015-11-20,'603718,海利生物,50.09,51.89,49.0,51.89,50.76,-0.67,-1.3199,3.4104,2387300,119327149.0,14025200000.0,3506300000.0
2015-11-19,'603718,海利生物,50.76,50.88,47.25,47.38,47.25,3.51,7.4286,4.4543,3118026,153649315.0,14212800000.0,3553200000.0
2015-11-18,'603718,海利生物,47.25,48.77,45.93,46.9,47.51,-0.26,-0.5473,2.1903,1533241,72708064.0,13230000000.0,3307500000.0
2015-11-17,'603718,海利生物,47.51,50.07,47.3,49.3,48.61,-1.1,-2.2629,2.8529,1997061,97697086.0,13302800000.0,3325700000.0
2015-11-16,'603718,海利生物,48.61,49.2,46.16,46.6,48.6,0.01,0.0206,2.6474,1853191,89030590.0,13610800000.0,3402700000.0
2015-11-13,'603718,海利生物,48.6,51.78,47.7,51.27,52.39,-3.79,-7.2342,5.9824,4187672,207948614.0,13608000000.0,3402000000.0
2015-11-12,'603718,海利生物,52.39,53.93,50.5,51.81,52.16,0.23,0.441,5.5483,3883784,201333403.0,14669200000.0,3667300000.0
2015-11-11,'603718,海利生物,52.16,52.65,49.58,50.1,50.15,2.01,4.008,4.2878,3001453,153569597.0,14604800000.0,3651200000.0
2015-11-10,'603718,海利生物,50.15,51.98,49.81,51.78,51.18,-1.03,-2.0125,4.747,3322888,168976312.0,14042000000.0,3510500000.0
2015-11-09,'603718,海利生物,51.18,51.2,45.4,46.75,47.36,3.82,8.0659,6.1099,4276953,208122148.0,14330400000.0,3582600000.0
2015-11-06,'603718,海利生物,47.36,49.55,46.14,46.14,46.78,0.58,1.2398,5.5422,3879528,185639577.0,13260800000.0,3315200000.0
2015-11-05,'603718,海利生物,46.78,47.5,45.41,46.7,46.75,0.03,0.0642,4.9515,3466026,160123474.0,13098400000.0,3274600000.0
2015-11-04,'603718,海利生物,46.75,47.23,44.66,45.8,45.06,1.69,3.7506,9.6862,6780350,309751902.0,13090000000.0,3272500000.0
2015-11-03,'603718,海利生物,45.06,45.15,41.92,42.0,42.99,2.07,4.8151,11.0625,7743763,336458755.0,12616800000.0,3154200000.0
2015-11-02,'603718,海利生物,42.99,44.38,41.96,42.18,43.66,-0.67,-1.5346,5.4167,3791690,163520953.0,12037200000.0,3009300000.0
2015-10-30,'603718,海利生物,43.66,44.85,41.9,43.3,43.37,0.29,0.6687,12.0409,8428599,369393383.0,12224800000.0,3056200000.0
2015-10-29,'603718,海利生物,43.37,44.4,42.79,44.4,43.19,0.18,0.4168,6.4737,4531560,196465942.0,12143600000.0,3035900000.0
2015-10-28,'603718,海利生物,43.19,44.44,41.85,43.4,43.18,0.01,0.0232,9.642,6749412,290229231.0,12093200000.0,3023300000.0
2015-10-27,'603718,海利生物,43.18,43.3,39.11,39.99,40.12,3.06,7.6271,13.4155,9390819,393073865.0,12090400000.0,3022600000.0
2015-10-26,'603718,海利生物,40.12,40.88,39.5,40.18,40.09,0.03,0.0748,3.4851,2439546,97724111.0,11233600000.0,2808400000.0
2015-10-23,'603718,海利生物,40.09,41.98,37.89,38.54,38.2,1.89,4.9476,6.8477,4793418,193013481.0,11225200000.0,2806300000.0
2015-10-22,'603718,海利生物,38.2,38.5,35.17,35.8,36.95,1.25,3.3829,3.6263,2538397,95158726.0,10696000000.0,2674000000.0
2015-10-21,'603718,海利生物,36.95,40.8,35.91,39.5,39.79,-2.84,-7.1375,6.6454,4651760,182730999.0,10346000000.0,2586500000.0
2015-10-20,'603718,海利生物,39.79,40.19,38.62,39.01,39.42,0.37,0.9386,4.577,3203869,125433464.0,11141200000.0,2785300000.0
2015-10-19,'603718,海利生物,39.42,41.6,39.21,40.53,40.68,-1.26,-3.0973,4.7497,3324760,133975013.0,11037600000.0,2759400000.0
2015-10-16,'603718,海利生物,40.68,41.97,40.08,40.59,40.49,0.19,0.4693,5.4018,3781285,155145459.0,11390400000.0,2847600000.0
2015-10-15,'603718,海利生物,40.49,40.8,38.11,39.41,39.99,0.5,1.2503,4.8704,3409289,135314133.0,11337200000.0,2834300000.0
2015-10-14,'603718,海利生物,39.99,41.5,39.7,39.96,39.91,0.08,0.2005,5.6705,3969380,161663837.0,11197200000.0,2799300000.0
2015-10-13,'603718,海利生物,39.91,40.62,39.32,40.39,40.49,-0.58,-1.4325,3.8395,2687677,107100246.0,11174800000.0,2793700000.0
2015-10-12,'603718,海利生物,40.49,41.59,39.15,39.9,39.55,0.94,2.3767,9.0656,6345885,257399793.0,11337200000.0,2834300000.0
2015-10-09,'603718,海利生物,39.55,40.48,37.61,38.02,38.02,1.53,4.0242,5.8012,4060852,159366783.0,11074000000.0,2768500000.0
2015-10-08,'603718,海利生物,38.02,38.25,36.5,37.0,36.03,1.99,5.5232,3.4395,2407639,90115641.0,10645600000.0,2661400000.0
2015-09-30,'603718,海利生物,36.03,37.45,35.9,36.55,37.58,-1.55,-4.1245,2.4941,1745866,63471545.0,10088400000.0,2522100000.0
2015-09-29,'603718,海利生物,37.58,38.57,37.1,37.75,37.42,0.16,0.4276,3.7313,2611937,98988494.0,10522400000.0,2630600000.0
2015-09-28,'603718,海利生物,37.42,37.95,36.5,37.01,37.24,0.18,0.4834,2.4928,1744988,65276742.0,10477600000.0,2619400000.0
2015-09-25,'603718,海利生物,37.24,38.05,35.3,37.85,37.86,-0.62,-1.6376,5.2828,3697988,136122149.0,10427200000.0,2606800000.0
2015-09-24,'603718,海利生物,37.86,37.88,35.6,36.4,36.27,1.59,4.3838,5.8645,4105164,150679434.0,10600800000.0,2650200000.0
2015-09-23,'603718,海利生物,36.27,37.58,35.15,35.25,36.3,-0.03,-0.0826,5.1071,3574989,130875658.0,10155600000.0,2538900000.0
2015-09-22,'603718,海利生物,36.3,38.5,36.0,37.82,38.24,-1.94,-5.0732,6.4741,4531880,167142639.0,10164000000.0,2541000000.0
2015-09-21,'603718,海利生物,38.24,39.25,37.19,37.58,38.58,-0.34,-0.8813,5.2281,3659693,140540330.0,10707200000.0,2676800000.0
2015-09-18,'603718,海利生物,38.58,39.1,36.48,38.0,38.65,-0.07,-0.1811,6.846,4792221,181643432.0,10802400000.0,2700600000.0
2015-09-17,'603718,海利生物,38.65,39.0,34.9,35.6,36.78,1.87,5.0843,14.2965,10007545,375866414.0,10822000000.0,2705500000.0
2015-09-16,'603718,海利生物,36.78,38.7,33.67,34.44,35.29,1.49,4.2222,12.3496,8644754,308600305.0,10298400000.0,2574600000.0
2015-09-15,'603718,海利生物,35.29,35.35,30.87,31.4,32.84,2.45,7.4604,14.4201,10094044,339509010.0,9881200000.0,2470300000.0
2015-09-14,'603718,海利生物,32.84,34.33,30.35,33.9,33.01,-0.17,-0.515,9.9631,6974147,224611378.0,9195200000.0,2298800000.0
2015-09-11,'603718,海利生物,33.01,33.01,29.33,29.33,30.01,3.0,9.9967,14.5399,10177922,327395611.0,9242800000.0,2310700000.0
2015-09-10,'603718,海利生物,30.01,30.01,26.65,26.95,27.28,2.73,10.0073,12.5881,8811669,258229100.0,8402800000.0,2100700000.0
2015-09-09,'603718,海利生物,27.28,27.57,26.08,26.3,26.04,1.24,4.7619,5.5586,3890986,104905089.0,7638400000.0,1909600000.0
2015-09-08,'603718,海利生物,26.04,26.51,23.7,24.0,24.1,1.94,8.0498,4.0039,2802756,70280288.0,7291200000.0,1822800000.0
2015-09-07,'603718,海利生物,24.1,25.2,23.62,24.2,23.44,0.66,2.8157,3.5819,2507322,61545542.0,6748000000.0,1687000000.0
2015-09-02,'603718,海利生物,23.44,26.78,23.44,24.0,26.04,-2.6,-9.9846,4.7174,3302165,80729724.0,6563200000.0,1640800000.0
2015-09-01,'603718,海利生物,26.04,28.48,26.04,28.48,28.93,-2.89,-9.9896,4.1713,2919878,77616958.0,7291200000.0,1822800000.0
2015-08-31,'603718,海利生物,28.93,30.0,28.51,29.78,30.25,-1.32,-4.3636,5.315,3720523,108801608.0,8100400000.0,2025100000.0
2015-08-28,'603718,海利生物,30.25,30.3,28.02,28.38,28.0,2.25,8.0357,5.1086,3576027,103928227.0,8470000000.0,2117500000.0
2015-08-27,'603718,海利生物,28.0,29.0,26.22,27.6,26.96,1.04,3.8576,4.7718,3340286,92053236.0,7840000000.0,1960000000.0
2015-08-26,'603718,海利生物,26.96,30.36,26.05,28.8,28.56,-1.6,-5.6022,5.9395,4157639,118699987.0,7548800000.0,1887200000.0
2015-08-25,'603718,海利生物,28.56,30.1,28.56,28.7,31.73,-3.17,-9.9905,5.5134,3859365,111244780.0,7996800000.0,1999200000.0
2015-08-24,'603718,海利生物,31.73,34.03,31.73,34.03,35.26,-3.53,-10.0113,8.6719,6070313,193731626.0,8884400000.0,2221100000.0
2015-08-21,'603718,海利生物,35.26,36.17,34.4,35.4,36.01,-0.75,-2.0828,4.7374,3316175,117184604.0,9872800000.0,2468200000.0
2015-08-20,'603718,海利生物,36.01,36.9,35.4,36.5,36.99,-0.98,-2.6494,5.9824,4187699,151123705.0,10082800000.0,2520700000.0
2015-08-19,'603718,海利生物,36.99,37.48,33.12,34.45,35.12,1.87,5.3246,8.2037,5742563,204222309.0,10357200000.0,2589300000.0
2015-08-18,'603718,海利生物,35.12,39.17,35.0,38.91,38.86,-3.74,-9.6243,8.1279,5689504,213540165.0,9833600000.0,2458400000.0
2015-08-17,'603718,海利生物,38.86,40.45,38.08,40.12,40.61,-1.75,-4.3093,8.4387,5907123,230588273.0,10880800000.0,2720200000.0
2015-08-14,'603718,海利生物,40.61,41.99,40.0,41.52,41.39,-0.78,-1.8845,9.2505,6475327,263396045.0,11370800000.0,2842700000.0
2015-08-13,'603718,海利生物,41.39,42.34,39.8,41.58,42.04,-0.65,-1.5461,10.2599,7181947,294566993.0,11589200000.0,2897300000.0
2015-08-12,'603718,海利生物,42.04,43.9,41.0,41.33,41.87,0.17,0.406,17.2749,12092423,511506042.0,11771200000.0,2942800000.0
2015-08-11,'603718,海利生物,41.87,42.98,40.51,41.0,42.13,-0.26,-0.6171,17.6863,12380435,514783546.0,11723600000.0,2930900000.0
2015-08-10,'603718,海利生物,42.13,42.9,39.17,39.51,39.0,3.13,8.0256,17.8522,12496574,523145173.0,11796400000.0,2949100000.0
2015-08-07,'603718,海利生物,39.0,39.92,38.28,38.81,38.41,0.59,1.5361,7.3801,5166080,202396162.0,10920000000.0,2730000000.0
2015-08-06,'603718,海利生物,38.41,39.44,37.6,38.39,39.94,-1.53,-3.8307,7.7573,5430122,209192131.0,10754800000.0,2688700000.0
2015-08-05,'603718,海利生物,39.94,41.18,37.3,37.7,37.93,2.01,5.2992,12.1173,8482109,335047234.0,11183200000.0,2795800000.0
2015-08-04,'603718,海利生物,37.93,38.0,35.69,35.75,35.86,2.07,5.7724,7.2491,5074376,187953138.0,10620400000.0,2655100000.0
2015-08-03,'603718,海利生物,35.86,39.67,35.21,38.0,39.01,-3.15,-8.0749,8.8313,6181914,229871323.0,10040800000.0,2510200000.0
2015-07-31,'603718,海利生物,39.01,40.6,36.62,37.3,38.75,0.26,0.671,12.8196,8973722,347162152.0,10922800000.0,2730700000.0
2015-07-30,'603718,海利生物,38.75,41.19,38.08,39.89,39.78,-1.03,-2.5892,13.6125,9528735,381593759.0,10850000000.0,2712500000.0
2015-07-29,'603718,海利生物,39.78,39.92,35.7,37.0,36.29,3.49,9.617,11.4225,7995754,304040385.0,11138400000.0,2784600000.0
2015-07-28,'603718,海利生物,36.29,38.98,33.35,34.55,37.05,-0.76,-2.0513,12.7766,8943652,318531060.0,10161200000.0,2540300000.0
2015-07-27,'603718,海利生物,37.05,42.53,37.0,38.39,38.66,-1.61,-4.1645,18.6977,13088373,527054996.0,10374000000.0,2593500000.0
2015-07-24,'603718,海利生物,38.66,40.88,38.2,39.9,39.99,-1.33,-3.3258,11.7189,8203243,326525851.0,10824800000.0,2706200000.0
2015-07-23,'603718,海利生物,39.99,40.57,35.68,36.96,37.15,2.84,7.6447,14.5076,10155320,386985803.0,11197200000.0,2799300000.0
2015-07-22,'603718,海利生物,37.15,39.52,35.3,38.15,37.14,0.01,0.0269,14.5616,10193095,382305297.0,10402000000.0,2600500000.0
2015-07-21,'603718,海利生物,37.14,37.14,32.5,34.07,33.76,3.38,10.0118,17.4576,12220290,440397232.0,10399200000.0,2599800000.0
2015-07-20,'603718,海利生物,33.76,34.75,32.05,33.0,33.02,0.74,2.2411,11.3995,7979676,269127346.0,9452800000.0,2363200000.0
2015-07-17,'603718,海利生物,33.02,33.6,30.5,31.3,30.91,2.11,6.8263,9.5238,6666634,214568842.0,9245600000.0,2311400000.0
2015-07-16,'603718,海利生物,30.91,32.52,28.2,28.2,30.87,0.04,0.1296,9.1593,6411478,197351705.0,8654800000.0,2163700000.0
2015-07-15,'603718,海利生物,30.87,33.56,30.01,33.56,30.51,0.36,1.1799,21.3979,14978550,477352811.0,8643600000.0,2160900000.0
2015-07-14,'603718,海利生物,30.51,30.51,30.51,30.51,27.74,2.77,9.9856,0.185,129500,3951045.0,8542800000.0,2135700000.0
2015-07-13,'603718,海利生物,27.74,27.74,27.74,27.74,25.22,2.52,9.9921,0.3464,242470,6726118.0,7767200000.0,1941800000.0
2015-07-10,'603718,海利生物,0.0,0.0,0.0,0.0,25.22,None,None,0.0,0,0.0,7061600000.0,1765400000.0
2015-07-09,'603718,海利生物,0.0,0.0,0.0,0.0,25.22,None,None,0.0,0,0.0,7061600000.0,1765400000.0
2015-07-08,'603718,海利生物,0.0,0.0,0.0,0.0,25.22,None,None,0.0,0,0.0,7061600000.0,1765400000.0
2015-07-07,'603718,海利生物,25.22,27.8,25.22,26.8,28.02,-2.8,-9.9929,3.9091,2736400,70760544.0,7061600000.0,1765400000.0
2015-07-06,'603718,海利生物,28.02,31.16,25.82,31.15,28.33,-0.31,-1.0942,11.0245,7717147,224522388.0,7845600000.0,1961400000.0
2015-07-03,'603718,海利生物,28.33,32.24,28.26,29.2,31.4,-3.07,-9.7771,11.6197,8133772,239970617.0,7932400000.0,1983100000.0
2015-07-02,'603718,海利生物,31.4,35.87,31.4,33.8,34.89,-3.49,-10.0029,9.7905,6853328,223088539.0,8792000000.0,2198000000.0
2015-07-01,'603718,海利生物,34.89,41.0,34.8,37.5,38.64,-3.75,-9.705,10.2599,7181903,278029215.0,9769200000.0,2442300000.0
2015-06-30,'603718,海利生物,38.64,40.6,34.3,35.0,38.11,0.53,1.3907,11.6073,8125132,301833298.0,10819200000.0,2704800000.0
2015-06-29,'603718,海利生物,38.11,43.1,38.11,43.0,42.34,-4.23,-9.9906,8.872,6210392,240952572.0,10670800000.0,2667700000.0
2015-06-26,'603718,海利生物,42.34,45.08,42.34,44.02,47.04,-4.7,-9.9915,7.0633,4944309,213477756.0,11855200000.0,2963800000.0
2015-06-25,'603718,海利生物,47.04,52.0,45.2,50.0,49.71,-2.67,-5.3712,12.0045,8403181,414571461.0,13171200000.0,3292800000.0
2015-06-24,'603718,海利生物,49.71,53.0,48.0,50.0,50.22,-0.51,-1.0155,14.3761,10063251,509171442.0,13918800000.0,3479700000.0
2015-06-23,'603718,海利生物,50.22,50.22,43.0,44.65,45.65,4.57,10.011,20.5046,14353228,686633003.0,14061600000.0,3515400000.0
2015-06-19,'603718,海利生物,45.65,50.8,45.65,46.0,50.72,-5.07,-9.9961,13.8921,9724470,461223501.0,12782000000.0,3195500000.0
2015-06-18,'603718,海利生物,50.72,52.9,49.55,50.45,48.1,2.62,5.447,25.3409,17738633,914950977.0,14201600000.0,3550400000.0
2015-06-17,'603718,海利生物,48.1,51.78,45.99,51.78,50.77,-2.67,-5.259,20.6406,14448407,695016669.0,13468000000.0,3367000000.0
2015-06-16,'603718,海利生物,50.77,54.98,49.54,49.54,55.04,-4.27,-7.758,39.0135,27309439,1388746888.0,14215600000.0,3553900000.0
2015-06-15,'603718,海利生物,55.04,55.04,55.04,55.04,61.15,-6.11,-9.9918,5.5467,3882700,213703808.0,15411200000.0,3852800000.0
2015-06-12,'603718,海利生物,61.15,66.03,59.2,66.03,60.03,1.12,1.8657,52.5437,36780571,2365137784.0,17122000000.0,4280500000.0
2015-06-11,'603718,海利生物,60.03,60.03,57.56,59.58,54.57,5.46,10.0055,10.2273,7159103,425394802.0,16808400000.0,4202100000.0
2015-06-10,'603718,海利生物,54.57,54.57,46.0,46.85,49.61,4.96,9.998,21.6399,15147922,778390593.0,15279600000.0,3819900000.0
2015-06-09,'603718,海利生物,49.61,49.61,41.51,49.61,45.1,4.51,10.0,60.4979,42348532,1978529446.0,13890800000.0,3472700000.0
2015-06-08,'603718,海利生物,45.1,45.1,45.1,45.1,41.0,4.1,10.0,0.339,237300,10702230.0,12628000000.0,3157000000.0
2015-06-05,'603718,海利生物,41.0,41.0,41.0,41.0,37.27,3.73,10.008,0.181,126700,5194700.0,11480000000.0,2870000000.0
2015-06-04,'603718,海利生物,37.27,37.27,37.27,37.27,33.88,3.39,10.0059,0.3464,242500,9037975.0,10435600000.0,2608900000.0
2015-06-03,'603718,海利生物,33.88,33.88,33.88,33.88,30.8,3.08,10.0,0.1581,110700,3750516.0,9486400000.0,2371600000.0
2015-06-02,'603718,海利生物,30.8,30.8,30.8,30.8,28.0,2.8,10.0,0.0603,42200,1299760.0,8624000000.0,2156000000.0
2015-06-01,'603718,海利生物,28.0,28.0,28.0,28.0,25.45,2.55,10.0196,0.0363,25400,711200.0,7840000000.0,1960000000.0
2015-05-29,'603718,海利生物,25.45,25.45,25.45,25.45,23.14,2.31,9.9827,0.1727,120900,3076905.0,7126000000.0,1781500000.0
2015-05-28,'603718,海利生物,23.14,23.14,23.14,23.14,21.04,2.1,9.981,0.065,45500,1052870.0,6479200000.0,1619800000.0
2015-05-27,'603718,海利生物,21.04,21.04,21.04,21.04,19.13,1.91,9.9843,0.0273,19100,401864.0,5891200000.0,1472800000.0
2015-05-26,'603718,海利生物,19.13,19.13,19.13,19.13,17.39,1.74,10.0058,0.0119,8300,158779.0,5356400000.0,1339100000.0
2015-05-25,'603718,海利生物,17.39,17.39,17.39,17.39,15.81,1.58,9.9937,0.0107,7500,130425.0,4869200000.0,1217300000.0
2015-05-22,'603718,海利生物,15.81,15.81,15.81,15.81,14.37,1.44,10.0209,0.011,7700,121737.0,4426800000.0,1106700000.0
2015-05-21,'603718,海利生物,14.37,14.37,14.37,14.37,13.06,1.31,10.0306,0.0143,10000,143700.0,4023600000.0,1005900000.0
2015-05-20,'603718,海利生物,13.06,13.06,13.06,13.06,11.87,1.19,10.0253,0.0099,6900,90114.0,3656800000.0,914200000.0
2015-05-19,'603718,海利生物,11.87,11.87,11.87,11.87,10.79,1.08,10.0093,0.0121,8500,100895.0,3323600000.0,830900000.0
2015-05-18,'603718,海利生物,10.79,10.79,10.79,10.79,9.81,0.98,9.9898,0.0137,9600,103584.0,3021200000.0,755300000.0
2015-05-15,'603718,N海利,9.81,9.81,9.81,9.81,6.81,3.0,44.0529,0.0457,32001,313930.0,2746800000.0,686700000.0
