日期,股票代码,名称,收盘价,最高价,最低价,开盘价,前收盘,涨跌额,涨跌幅,换手率,成交量,成交金额,总市值,流通市值
2017-05-15,'603789,星光农机,19.69,19.94,19.65,19.75,19.69,0.0,0.0,0.68,543974,10742576.0,3968696710.0,1575200000.0
2017-05-12,'603789,星光农机,19.69,19.89,19.5,19.66,19.66,0.03,0.1526,0.6514,521098,10241717.0,3968696710.0,1575200000.0
2017-05-11,'603789,星光农机,19.66,19.97,19.03,19.9,19.99,-0.33,-1.6508,1.258,1006370,19601119.0,3962649940.0,1572800000.0
2017-05-10,'603789,星光农机,19.99,20.73,19.98,20.4,20.41,-0.42,-2.0578,0.9899,791937,16126172.0,4029164410.0,1599200000.0
2017-05-09,'603789,星光农机,20.41,20.44,19.87,20.0,20.2,0.21,1.0396,1.0265,821239,16574813.0,4113819190.0,1632800000.0
2017-05-08,'603789,星光农机,20.2,20.77,20.18,20.77,20.81,-0.61,-2.9313,0.8054,644335,13195587.0,4071491800.0,1616000000.0
2017-05-05,'603789,星光农机,20.81,21.38,20.78,21.17,21.1,-0.29,-1.3744,0.9509,760738,15968607.0,4194442790.0,1664800000.0
2017-05-04,'603789,星光农机,21.1,21.5,20.9,21.22,21.23,-0.13,-0.6123,1.3395,1071622,22784963.0,4252894900.0,1688000000.0
2017-05-03,'603789,星光农机,21.23,21.25,20.55,21.01,20.95,0.28,1.3365,1.346,1076780,22604726.0,4279097570.0,1698400000.0
2017-05-02,'603789,星光农机,20.95,21.29,20.58,20.78,20.79,0.16,0.7696,1.7439,1395101,29277224.0,4222661050.0,1676000000.0
2017-04-28,'603789,星光农机,20.79,20.88,20.38,20.38,20.66,0.13,0.6292,1.4297,1143794,23590118.0,4190411610.0,1663200000.0
2017-04-27,'603789,星光农机,20.66,21.32,19.5,21.22,21.2,-0.54,-2.5472,2.945,2355970,47722619.0,4164208940.0,1652800000.0
2017-04-26,'603789,星光农机,21.2,21.92,21.15,21.92,21.77,-0.57,-2.6183,1.4337,1146968,24597613.0,4273050800.0,1696000000.0
2017-04-25,'603789,星光农机,21.77,22.0,21.72,21.73,21.79,-0.02,-0.0918,1.1338,907026,19826509.0,4387939430.0,1741600000.0
2017-04-24,'603789,星光农机,21.79,23.32,21.7,23.32,23.2,-1.41,-6.0776,1.6217,1297334,28818398.0,4391970610.0,1743200000.0
2017-04-21,'603789,星光农机,23.2,23.52,23.16,23.33,23.29,-0.09,-0.3864,0.7486,598889,13947907.0,4676168800.0,1856000000.0
2017-04-20,'603789,星光农机,23.29,23.76,23.08,23.68,23.69,-0.4,-1.6885,1.1515,921236,21527193.0,4694309110.0,1863200000.0
2017-04-19,'603789,星光农机,23.69,24.69,22.9,24.67,24.68,-0.99,-4.0113,2.2722,1817741,42931080.0,4774932710.0,1895200000.0
2017-04-18,'603789,星光农机,24.68,25.57,24.59,25.47,25.44,-0.76,-2.9874,1.1855,948423,23897562.0,4974476120.0,1974400000.0
2017-04-17,'603789,星光农机,25.44,25.79,25.4,25.6,25.86,-0.42,-1.6241,0.857,685614,17481112.0,5127660960.0,2035200000.0
2017-04-14,'603789,星光农机,25.86,26.39,25.76,26.27,26.28,-0.42,-1.5982,1.4653,1172202,30518675.0,5212315740.0,2068800000.0
2017-04-13,'603789,星光农机,26.28,27.9,25.4,25.4,25.47,0.81,3.1802,3.0517,2441384,64293353.0,5296970520.0,2102400000.0
2017-04-12,'603789,星光农机,25.47,25.79,25.43,25.57,25.75,-0.28,-1.0874,1.2651,1012069,25857227.0,5133707730.0,2037600000.0
2017-04-11,'603789,星光农机,25.75,25.85,25.43,25.63,25.87,-0.12,-0.4639,1.4927,1194141,30638298.0,5190144250.0,2060000000.0
2017-04-10,'603789,星光农机,25.87,26.39,25.86,26.25,26.27,-0.4,-1.5226,1.1045,883563,22948653.0,5214331330.0,2069600000.0
2017-04-07,'603789,星光农机,26.27,26.47,26.21,26.36,26.48,-0.21,-0.7931,0.6908,552643,14543611.0,5294954930.0,2101600000.0
2017-04-06,'603789,星光农机,26.48,26.68,26.26,26.34,26.35,0.13,0.4934,0.931,744819,19758587.0,5337282320.0,2118400000.0
2017-04-05,'603789,星光农机,26.35,26.36,26.01,26.3,26.06,0.29,1.1128,0.9315,745199,19556354.0,5311079650.0,2108000000.0
2017-03-31,'603789,星光农机,26.06,26.2,25.89,25.9,25.89,0.17,0.6566,0.7583,606633,15803787.0,5252627540.0,2084800000.0
2017-03-30,'603789,星光农机,25.89,26.75,25.8,26.7,26.7,-0.81,-3.0337,2.1155,1692436,44177307.0,5218362510.0,2071200000.0
2017-03-29,'603789,星光农机,26.7,27.15,26.68,27.05,27.06,-0.36,-1.3304,1.3389,1071085,28803904.0,5381625300.0,2136000000.0
2017-03-28,'603789,星光农机,27.06,27.18,27.03,27.18,27.22,-0.16,-0.5878,0.8465,677236,18344533.0,5454186540.0,2164800000.0
2017-03-27,'603789,星光农机,27.22,27.31,27.02,27.16,27.15,0.07,0.2578,1.221,976821,26520710.0,5486435980.0,2177600000.0
2017-03-24,'603789,星光农机,27.15,27.24,26.96,27.05,27.21,-0.06,-0.2205,1.724,1379225,37329193.0,5472326850.0,2172000000.0
2017-03-23,'603789,星光农机,27.21,27.39,26.9,27.39,27.28,-0.07,-0.2566,1.1936,954861,25967365.0,5484420390.0,2176800000.0
2017-03-22,'603789,星光农机,27.28,27.6,27.19,27.56,27.74,-0.46,-1.6583,1.3323,1065813,29162507.0,5498529520.0,2182400000.0
2017-03-21,'603789,星光农机,27.74,27.79,27.58,27.75,27.75,-0.01,-0.036,1.1789,943117,26086619.0,5591246660.0,2219200000.0
2017-03-20,'603789,星光农机,27.75,27.78,27.36,27.55,27.61,0.14,0.5071,1.2685,1014791,27940876.0,5593262250.0,2220000000.0
2017-03-17,'603789,星光农机,27.61,27.95,27.55,27.65,27.65,-0.04,-0.1447,2.3308,1864607,51774170.0,5565043990.0,2208800000.0
2017-03-16,'603789,星光农机,27.65,27.68,27.3,27.3,27.31,0.34,1.245,1.5659,1252718,34467015.0,5573106350.0,2212000000.0
2017-03-15,'603789,星光农机,27.31,27.44,27.2,27.3,27.31,0.0,0.0,0.9328,746258,20364892.0,5504576290.0,2184800000.0
2017-03-14,'603789,星光农机,27.31,27.68,27.26,27.4,27.43,-0.12,-0.4375,1.153,922397,25300693.0,5504576290.0,2184800000.0
2017-03-13,'603789,星光农机,27.43,27.59,27.09,27.5,27.58,-0.15,-0.5439,1.3572,1085748,29677742.0,5528763370.0,2194400000.0
2017-03-10,'603789,星光农机,27.58,27.81,27.56,27.77,27.77,-0.19,-0.6842,1.3601,1088093,30080864.0,5558997220.0,2206400000.0
2017-03-09,'603789,星光农机,27.77,27.85,27.55,27.55,27.63,0.14,0.5067,1.7941,1435307,39760953.0,5597293430.0,2221600000.0
2017-03-08,'603789,星光农机,27.63,27.83,27.58,27.83,27.83,-0.2,-0.7186,1.3639,1091098,30192292.0,5569075170.0,2210400000.0
2017-03-07,'603789,星光农机,27.83,27.9,27.65,27.74,27.71,0.12,0.4331,2.0473,1637821,45500107.0,5609386970.0,2226400000.0
2017-03-06,'603789,星光农机,27.71,27.74,27.3,27.37,27.34,0.37,1.3533,2.0997,1679774,46349363.0,5585199890.0,2216800000.0
2017-03-03,'603789,星光农机,27.34,27.38,27.08,27.38,27.4,-0.06,-0.219,1.4957,1196583,32559982.0,5510623060.0,2187200000.0
2017-03-02,'603789,星光农机,27.4,27.84,27.3,27.71,27.72,-0.32,-1.1544,2.0856,1668519,46005058.0,5522716600.0,2192000000.0
2017-03-01,'603789,星光农机,27.72,27.75,27.44,27.63,27.63,0.09,0.3257,1.7662,1412940,39044567.0,5587215480.0,2217600000.0
2017-02-28,'603789,星光农机,27.63,27.64,27.33,27.45,27.48,0.15,0.5459,1.3639,1091145,30005534.0,5569075170.0,2210400000.0
2017-02-27,'603789,星光农机,27.48,27.74,27.38,27.53,27.53,-0.05,-0.1816,2.0924,1673917,46161297.0,5538841320.0,2198400000.0
2017-02-24,'603789,星光农机,27.53,27.56,27.2,27.36,27.37,0.16,0.5846,1.8018,1441456,39495888.0,5548919270.0,2202400000.0
2017-02-23,'603789,星光农机,27.37,27.47,27.06,27.36,27.36,0.01,0.0365,1.7541,1403317,38205531.0,5516669830.0,2189600000.0
2017-02-22,'603789,星光农机,27.36,27.53,27.18,27.53,27.46,-0.1,-0.3642,1.5458,1236670,33759396.0,5514654240.0,2188800000.0
2017-02-21,'603789,星光农机,27.46,27.49,27.15,27.28,27.17,0.29,1.0674,1.3959,1116742,30532389.0,5534810140.0,2196800000.0
2017-02-20,'603789,星光农机,27.17,27.21,26.9,27.05,27.01,0.16,0.5924,0.9928,794240,21472423.0,5476358030.0,2173600000.0
2017-02-17,'603789,星光农机,27.01,27.38,26.99,27.3,27.29,-0.28,-1.026,1.6667,1333371,36205694.0,5444108590.0,2160800000.0
2017-02-16,'603789,星光农机,27.29,27.36,27.1,27.16,27.19,0.1,0.3678,1.2376,990091,26969819.0,5500545110.0,2183200000.0
2017-02-15,'603789,星光农机,27.19,27.8,27.02,27.8,27.76,-0.57,-2.0533,2.3195,1855589,50921436.0,5480389210.0,2175200000.0
2017-02-14,'603789,星光农机,27.76,27.95,27.65,27.81,27.88,-0.12,-0.4304,1.1033,882600,24486324.0,5595277840.0,2220800000.0
2017-02-13,'603789,星光农机,27.88,27.93,27.55,27.66,27.67,0.21,0.7589,1.595,1275987,35422220.0,5619464920.0,2230400000.0
2017-02-10,'603789,星光农机,27.67,28.05,27.62,27.93,27.94,-0.27,-0.9664,1.4963,1197000,33252021.0,5577137530.0,2213600000.0
2017-02-09,'603789,星光农机,27.94,28.13,27.85,27.9,27.9,0.04,0.1434,1.8441,1475247,41255372.0,5631558460.0,2235200000.0
2017-02-08,'603789,星光农机,27.9,27.96,27.45,27.8,27.99,-0.09,-0.3215,2.1431,1714456,47480468.0,5623496100.0,2232000000.0
2017-02-07,'603789,星光农机,27.99,28.38,27.21,27.55,27.61,0.38,1.3763,2.9195,2335608,65224837.0,5641636410.0,2239200000.0
2017-02-06,'603789,星光农机,27.61,27.85,27.5,27.65,27.32,0.29,1.0615,2.3701,1896105,52374297.0,5565043990.0,2208800000.0
2017-02-03,'603789,星光农机,27.32,27.61,27.0,27.2,27.17,0.15,0.5521,1.0855,868399,23720598.0,5506591880.0,2185600000.0
2017-01-26,'603789,星光农机,27.17,27.37,26.89,27.23,27.25,-0.08,-0.2936,1.2161,972900,26336454.0,5476358030.0,2173600000.0
2017-01-25,'603789,星光农机,27.25,27.3,27.0,27.17,27.35,-0.1,-0.3656,0.9908,792631,21536608.0,5492482750.0,2180000000.0
2017-01-24,'603789,星光农机,27.35,27.7,27.0,27.7,27.71,-0.36,-1.2992,1.1253,900251,24634812.0,5512638650.0,2188000000.0
2017-01-23,'603789,星光农机,27.71,27.85,27.52,27.83,27.58,0.13,0.4714,1.0573,845801,23399026.0,5585199890.0,2216800000.0
2017-01-20,'603789,星光农机,27.58,27.78,26.93,27.14,27.17,0.41,1.509,1.1407,912570,25101990.0,5558997220.0,2206400000.0
2017-01-19,'603789,星光农机,27.17,27.6,27.15,27.35,27.79,-0.62,-2.231,1.6943,1355457,37138765.0,5476358030.0,2173600000.0
2017-01-18,'603789,星光农机,27.79,28.66,26.7,26.9,26.9,0.89,3.3086,2.318,1854417,51030535.0,5601324610.0,2223200000.0
2017-01-17,'603789,星光农机,26.9,27.11,26.15,26.49,26.58,0.32,1.2039,1.5202,1216146,32470227.0,5421937100.0,2152000000.0
2017-01-16,'603789,星光农机,26.58,28.06,25.48,27.65,27.78,-1.2,-4.3197,3.1121,2489702,67360051.0,5357438220.0,2126400000.0
2017-01-13,'603789,星光农机,27.78,28.41,27.7,28.12,28.24,-0.46,-1.6289,1.8311,1464900,41074610.0,5599309020.0,2222400000.0
2017-01-12,'603789,星光农机,28.24,28.7,28.17,28.45,28.74,-0.5,-1.7397,2.0097,1607781,45689211.0,5692026160.0,2259200000.0
2017-01-11,'603789,星光农机,28.74,29.48,28.7,29.02,29.13,-0.39,-1.3388,2.7293,2183471,63773614.0,5792805660.0,2299200000.0
2017-01-10,'603789,星光农机,29.13,29.39,29.08,29.3,29.4,-0.27,-0.9184,2.2224,1777909,51908882.0,5871413670.0,2330400000.0
2017-01-09,'603789,星光农机,29.4,29.45,29.03,29.19,29.27,0.13,0.4441,2.8704,2296351,67183756.0,5925834600.0,2352000000.0
2017-01-06,'603789,星光农机,29.27,29.82,29.0,29.11,29.34,-0.07,-0.2386,4.4214,3537122,103806798.0,5899631930.0,2341600000.0
2017-01-05,'603789,星光农机,29.34,30.28,28.58,28.67,28.37,0.97,3.4191,6.9736,5578904,164526325.0,5913741060.0,2347200000.0
2017-01-04,'603789,星光农机,28.37,28.39,27.96,28.1,28.14,0.23,0.8173,2.4666,1973284,55677627.0,5718228830.0,2269600000.0
2017-01-03,'603789,星光农机,28.14,28.26,27.77,27.77,27.68,0.46,1.6618,1.9807,1584566,44461414.0,5671870260.0,2251200000.0
2016-12-30,'603789,星光农机,27.68,27.96,27.62,27.96,27.8,-0.12,-0.4317,1.0164,813093,22576751.0,5579153120.0,2214400000.0
2016-12-29,'603789,星光农机,27.8,27.96,27.6,27.77,27.83,-0.03,-0.1078,1.3217,1057396,29382925.0,5603340200.0,2224000000.0
2016-12-28,'603789,星光农机,27.83,28.2,27.81,28.15,28.15,-0.32,-1.1368,1.3354,1068285,29847465.0,5609386970.0,2226400000.0
2016-12-27,'603789,星光农机,28.15,28.42,28.05,28.06,28.36,-0.21,-0.7405,1.5427,1234162,34763416.0,5673885850.0,2252000000.0
2016-12-26,'603789,星光农机,28.36,28.39,27.6,28.38,28.5,-0.14,-0.4912,2.487,1989563,55619062.0,5716213240.0,2268800000.0
2016-12-23,'603789,星光农机,28.5,29.7,28.5,29.1,29.2,-0.7,-2.3973,3.8225,3057991,89181691.0,5744431500.0,2280000000.0
2016-12-22,'603789,星光农机,29.2,29.28,28.71,29.0,29.46,-0.26,-0.8826,2.9584,2366709,68521193.0,5885522800.0,2336000000.0
2016-12-21,'603789,星光农机,29.46,30.4,28.51,28.8,28.53,0.93,3.2597,5.8869,4709552,139337899.0,5937928140.0,2356800000.0
2016-12-20,'603789,星光农机,28.53,28.65,28.22,28.5,28.8,-0.27,-0.9375,2.0703,1656248,47055983.0,5750478270.0,2282400000.0
2016-12-19,'603789,星光农机,28.8,29.93,27.55,27.75,27.75,1.05,3.7838,4.167,3333571,95753518.0,5804899200.0,2304000000.0
2016-12-16,'603789,星光农机,27.75,27.92,27.37,27.5,27.5,0.25,0.9091,1.503,1202413,33328090.0,5593262250.0,2220000000.0
2016-12-15,'603789,星光农机,27.5,27.65,27.02,27.02,27.2,0.3,1.1029,1.4179,1134304,31097542.0,5542872500.0,2200000000.0
2016-12-14,'603789,星光农机,27.2,27.85,27.15,27.84,27.72,-0.52,-1.8759,1.6148,1291841,35405666.0,5482404800.0,2176000000.0
2016-12-13,'603789,星光农机,27.72,27.78,27.14,27.6,27.88,-0.16,-0.5739,2.6556,2124477,58386397.0,5587215480.0,2217600000.0
2016-12-12,'603789,星光农机,27.88,29.33,27.66,28.7,28.85,-0.97,-3.3622,3.5169,2813514,80017159.0,5619464920.0,2230400000.0
2016-12-09,'603789,星光农机,28.85,29.22,28.76,29.22,29.07,-0.22,-0.7568,1.7621,1409690,40779343.0,5814977150.0,2308000000.0
2016-12-08,'603789,星光农机,29.07,29.42,28.96,29.22,29.37,-0.3,-1.0215,1.4657,1172561,34309365.0,5859320130.0,2325600000.0
2016-12-07,'603789,星光农机,29.37,29.38,28.86,29.2,29.37,0.0,0.0,2.104,1683160,48927460.0,5919787830.0,2349600000.0
2016-12-06,'603789,星光农机,29.37,29.56,29.29,29.45,29.28,0.09,0.3074,1.1771,941702,27703944.0,5919787830.0,2349600000.0
2016-12-05,'603789,星光农机,29.28,29.4,28.7,29.0,29.28,0.0,0.0,1.5145,1211617,35352550.0,5901647520.0,2342400000.0
2016-12-02,'603789,星光农机,29.28,29.89,29.26,29.56,29.75,-0.47,-1.5798,2.6552,2124194,62819282.0,5901647520.0,2342400000.0
2016-12-01,'603789,星光农机,29.75,29.9,29.5,29.9,29.73,0.02,0.0673,2.5444,2035499,60399176.0,5996380250.0,2380000000.0
2016-11-30,'603789,星光农机,29.73,29.99,29.58,29.71,29.88,-0.15,-0.502,2.0603,1648245,49044551.0,5992349070.0,2378400000.0
2016-11-29,'603789,星光农机,29.88,30.69,29.8,30.55,30.5,-0.62,-2.0328,3.0501,2440055,73627276.0,6022582920.0,2390400000.0
2016-11-28,'603789,星光农机,30.5,30.98,30.43,30.85,30.64,-0.14,-0.4569,2.9002,2320131,71168997.0,6147549500.0,2440000000.0
2016-11-25,'603789,星光农机,30.64,30.89,30.0,30.85,31.03,-0.39,-1.2568,3.8424,3073940,93587302.0,6175767760.0,2451200000.0
2016-11-24,'603789,星光农机,31.03,31.36,30.67,30.73,30.77,0.26,0.845,4.471,3576815,110858342.0,6254375770.0,2482400000.0
2016-11-23,'603789,星光农机,30.77,31.77,30.53,31.77,31.6,-0.83,-2.6266,5.8908,4712656,146730043.0,6201970430.0,2461600000.0
2016-11-22,'603789,星光农机,31.6,32.15,31.3,31.45,31.74,-0.14,-0.4411,7.0241,5619296,177557756.0,6369264400.0,2528000000.0
2016-11-21,'603789,星光农机,31.74,31.98,30.85,30.85,31.01,0.73,2.3541,8.6553,6924229,217939898.0,6397482660.0,2539200000.0
2016-11-18,'603789,星光农机,31.01,32.33,29.92,30.07,29.93,1.08,3.6084,8.8627,7090199,219824087.0,6250344590.0,2480800000.0
2016-11-17,'603789,星光农机,29.93,30.07,29.65,29.9,30.12,-0.19,-0.6308,2.0162,1612957,48144442.0,6032660870.0,2394400000.0
2016-11-16,'603789,星光农机,30.12,30.43,29.98,30.42,30.4,-0.28,-0.9211,3.2616,2609265,78621594.0,6070957080.0,2409600000.0
2016-11-15,'603789,星光农机,30.4,30.68,30.18,30.37,30.39,0.01,0.0329,3.1267,2501398,76109229.0,6127393600.0,2432000000.0
2016-11-14,'603789,星光农机,30.39,30.49,30.02,30.2,30.2,0.19,0.6291,3.9843,3187442,96360479.0,6125378010.0,2431200000.0
2016-11-11,'603789,星光农机,30.2,30.73,30.13,30.26,30.44,-0.24,-0.7884,5.7198,4575825,138908615.0,6087081800.0,2416000000.0
2016-11-10,'603789,星光农机,30.44,30.64,29.7,29.8,29.58,0.86,2.9074,5.2577,4206179,126891870.0,6135455960.0,2435200000.0
2016-11-09,'603789,星光农机,29.58,30.0,29.38,30.0,30.0,-0.42,-1.4,3.5973,2877864,85282413.0,5962115220.0,2366400000.0
2016-11-08,'603789,星光农机,30.0,30.09,29.73,30.02,29.98,0.02,0.0667,2.8603,2288234,68418139.0,6046770000.0,2400000000.0
2016-11-07,'603789,星光农机,29.98,30.52,29.71,30.52,30.34,-0.36,-1.1866,4.8028,3842228,115131712.0,6042738820.0,2398400000.0
2016-11-04,'603789,星光农机,30.34,30.43,29.27,29.4,29.47,0.87,2.9522,6.4136,5130852,153842886.0,6115300060.0,2427200000.0
2016-11-03,'603789,星光农机,29.47,29.78,29.05,29.05,29.25,0.22,0.7521,3.6987,2958994,87189366.0,5939943730.0,2357600000.0
2016-11-02,'603789,星光农机,29.25,29.78,29.19,29.48,29.46,-0.21,-0.7128,4.1693,3335436,98257973.0,5895600750.0,2340000000.0
2016-11-01,'603789,星光农机,29.46,29.48,28.3,28.3,28.38,1.08,3.8055,4.2905,3432375,99663762.0,5937928140.0,2356800000.0
2016-10-31,'603789,星光农机,28.38,28.5,28.08,28.36,28.62,-0.24,-0.8386,1.293,1034388,29276976.0,5720244420.0,2270400000.0
2016-10-28,'603789,星光农机,28.62,29.16,28.6,29.15,29.12,-0.5,-1.717,1.9116,1529289,44030634.0,5768618580.0,2289600000.0
2016-10-27,'603789,星光农机,29.12,29.12,28.89,29.03,28.93,0.19,0.6568,1.1238,899073,26088150.0,5869398080.0,2329600000.0
2016-10-26,'603789,星光农机,28.93,29.24,28.83,29.19,29.19,-0.26,-0.8907,1.7801,1424105,41262824.0,5831101870.0,2314400000.0
2016-10-25,'603789,星光农机,29.19,29.41,29.09,29.3,29.41,-0.22,-0.748,1.7209,1376717,40226078.0,5883507210.0,2335200000.0
2016-10-24,'603789,星光农机,29.41,29.45,28.86,29.0,29.4,0.01,0.034,2.9584,2366720,68921977.0,5927850190.0,2352800000.0
2016-10-21,'603789,星光农机,29.4,29.98,29.05,29.14,29.33,0.07,0.2387,4.3068,3445452,101768868.0,5925834600.0,2352000000.0
2016-10-20,'603789,星光农机,29.33,29.39,28.64,28.7,28.7,0.63,2.1951,2.6823,2145848,62385902.0,5911725470.0,2346400000.0
2016-10-19,'603789,星光农机,28.7,29.09,28.61,29.07,28.82,-0.12,-0.4164,1.5011,1200856,34637052.0,5784743300.0,2296000000.0
2016-10-18,'603789,星光农机,28.82,28.88,28.2,28.46,28.35,0.47,1.6578,1.6707,1336539,38214976.0,5808930380.0,2305600000.0
2016-10-17,'603789,星光农机,28.35,28.88,28.15,28.75,28.77,-0.42,-1.4599,1.1813,945020,26993027.0,5714197650.0,2268000000.0
2016-10-14,'603789,星光农机,28.77,28.85,28.55,28.69,28.68,0.09,0.3138,1.5399,1231894,35390426.0,5798852430.0,2301600000.0
2016-10-13,'603789,星光农机,28.68,29.06,28.41,28.41,28.48,0.2,0.7022,2.1507,1720547,49488764.0,5780712120.0,2294400000.0
2016-10-12,'603789,星光农机,28.48,28.71,28.21,28.51,28.7,-0.22,-0.7666,2.6401,2112062,60102629.0,5740400320.0,2278400000.0
2016-10-11,'603789,星光农机,28.7,28.87,28.3,28.3,28.25,0.45,1.5929,2.4324,1945907,55549247.0,5784743300.0,2296000000.0
2016-10-10,'603789,星光农机,28.25,28.27,27.72,27.72,27.71,0.54,1.9488,1.7731,1418499,39832554.0,5694041750.0,2260000000.0
2016-09-30,'603789,星光农机,27.71,27.88,27.53,27.84,27.85,-0.14,-0.5027,1.1965,957182,26493978.0,5585199890.0,2216800000.0
2016-09-29,'603789,星光农机,27.85,27.98,27.72,27.8,27.75,0.1,0.3604,0.7487,598927,16692911.0,5613418150.0,2228000000.0
2016-09-28,'603789,星光农机,27.75,27.93,27.58,27.8,27.88,-0.13,-0.4663,0.6758,540649,14986145.0,5593262250.0,2220000000.0
2016-09-27,'603789,星光农机,27.88,27.95,27.39,27.82,27.63,0.25,0.9048,0.7894,631541,17482707.0,5619464920.0,2230400000.0
2016-09-26,'603789,星光农机,27.63,28.48,27.56,28.4,28.41,-0.78,-2.7455,1.5317,1225393,34354805.0,5569075170.0,2210400000.0
2016-09-23,'603789,星光农机,28.41,28.88,28.36,28.88,28.76,-0.35,-1.217,1.1937,954950,27278156.0,5726291190.0,2272800000.0
2016-09-22,'603789,星光农机,28.76,28.9,28.75,28.85,28.72,0.04,0.1393,1.1446,915707,26389046.0,5796836840.0,2300800000.0
2016-09-21,'603789,星光农机,28.72,28.82,28.51,28.68,28.63,0.09,0.3144,0.6697,535757,15377222.0,5788774480.0,2297600000.0
2016-09-20,'603789,星光农机,28.63,28.85,28.51,28.7,28.59,0.04,0.1399,0.5538,443042,12674217.0,5770634170.0,2290400000.0
2016-09-19,'603789,星光农机,28.59,28.95,28.34,28.34,28.32,0.27,0.9534,0.8162,652989,18712623.0,5762571810.0,2287200000.0
2016-09-14,'603789,星光农机,28.32,28.5,28.18,28.45,28.56,-0.24,-0.8403,0.9823,785814,22259236.0,5708150880.0,2265600000.0
2016-09-13,'603789,星光农机,28.56,28.82,28.46,28.82,28.56,0.0,0.0,1.2208,976643,27920792.0,5712000000.0,2284800000.0
2016-09-12,'603789,星光农机,28.56,28.9,28.46,28.7,29.52,-0.96,-3.252,1.801,1440766,41294523.0,5712000000.0,2284800000.0
2016-09-09,'603789,星光农机,29.52,30.03,29.5,30.01,30.03,-0.51,-1.6983,1.7767,1421387,42285314.0,5904000000.0,2361600000.0
2016-09-08,'603789,星光农机,30.03,30.11,29.61,29.61,29.69,0.34,1.1452,1.7616,1409242,42038952.0,6006000000.0,2402400000.0
2016-09-07,'603789,星光农机,29.69,30.2,29.61,30.0,30.27,-0.58,-1.9161,3.5338,2827062,84364363.0,5938000000.0,2375200000.0
2016-09-06,'603789,星光农机,30.27,30.4,29.1,29.15,29.24,1.03,3.5226,4.7575,3805980,114014416.0,6054000000.0,2421600000.0
2016-09-05,'603789,星光农机,29.24,29.51,29.08,29.24,29.13,0.11,0.3776,2.1378,1710208,50164094.0,5848000000.0,2339200000.0
2016-09-02,'603789,星光农机,29.13,29.28,28.9,28.9,28.95,0.18,0.6218,1.5795,1263583,36765022.0,5826000000.0,2330400000.0
2016-09-01,'603789,星光农机,28.95,29.25,28.87,28.98,28.95,0.0,0.0,1.4794,1183535,34424504.0,5790000000.0,2316000000.0
2016-08-31,'603789,星光农机,28.95,29.08,28.73,29.08,29.04,-0.09,-0.3099,0.8472,677720,19560275.0,5790000000.0,2316000000.0
2016-08-30,'603789,星光农机,29.04,29.25,28.95,29.25,29.15,-0.11,-0.3774,1.004,803220,23347395.0,5808000000.0,2323200000.0
2016-08-29,'603789,星光农机,29.15,29.16,28.8,29.1,29.44,-0.29,-0.9851,1.5754,1260342,36541156.0,5830000000.0,2332000000.0
2016-08-26,'603789,星光农机,29.44,29.47,28.8,29.0,28.89,0.55,1.9038,1.5145,1211615,35397280.0,5888000000.0,2355200000.0
2016-08-25,'603789,星光农机,28.89,29.35,28.51,29.35,29.5,-0.61,-2.0678,1.9984,1598728,46170575.0,5778000000.0,2311200000.0
2016-08-24,'603789,星光农机,29.5,29.69,28.95,28.95,29.03,0.47,1.619,2.4376,1950061,57367806.0,5900000000.0,2360000000.0
2016-08-23,'603789,星光农机,29.03,29.33,28.84,29.0,29.09,-0.06,-0.2063,1.1776,942059,27418704.0,5806000000.0,2322400000.0
2016-08-22,'603789,星光农机,29.09,29.14,28.83,28.94,29.07,0.02,0.0688,1.3171,1053694,30543621.0,5818000000.0,2327200000.0
2016-08-19,'603789,星光农机,29.07,29.22,28.9,29.22,29.23,-0.16,-0.5474,1.2163,973033,28220919.0,5814000000.0,2325600000.0
2016-08-18,'603789,星光农机,29.23,29.3,28.91,29.14,29.01,0.22,0.7584,1.4328,1146241,33357853.0,5846000000.0,2338400000.0
2016-08-17,'603789,星光农机,29.01,29.18,28.86,29.18,29.09,-0.08,-0.275,1.5786,1262900,36680436.0,5802000000.0,2320800000.0
2016-08-16,'603789,星光农机,29.09,29.28,28.93,29.12,29.05,0.04,0.1377,1.7655,1412407,41089644.0,5818000000.0,2327200000.0
2016-08-15,'603789,星光农机,29.05,29.16,28.32,28.4,28.36,0.69,2.433,2.0047,1603760,46203259.0,5810000000.0,2324000000.0
2016-08-12,'603789,星光农机,28.36,28.36,27.91,28.15,28.05,0.31,1.1052,0.7167,573320,16158444.0,5672000000.0,2268800000.0
2016-08-11,'603789,星光农机,28.05,28.49,28.02,28.35,28.51,-0.46,-1.6135,0.9342,747370,21062554.0,5610000000.0,2244000000.0
2016-08-10,'603789,星光农机,28.51,28.65,28.41,28.65,28.6,-0.09,-0.3147,1.0158,812600,23161292.0,5702000000.0,2280800000.0
2016-08-09,'603789,星光农机,28.6,28.62,28.2,28.36,28.36,0.24,0.8463,0.9848,787858,22423589.0,5720000000.0,2288000000.0
2016-08-08,'603789,星光农机,28.36,28.37,27.89,28.03,28.12,0.24,0.8535,1.099,879178,24709339.0,5672000000.0,2268800000.0
2016-08-05,'603789,星光农机,28.12,28.37,28.1,28.34,28.18,-0.06,-0.2129,0.9276,742102,20934907.0,5624000000.0,2249600000.0
2016-08-04,'603789,星光农机,28.18,28.25,27.98,28.1,28.13,0.05,0.1777,0.8773,701801,19735227.0,5636000000.0,2254400000.0
2016-08-03,'603789,星光农机,28.13,28.22,27.88,28.2,28.24,-0.11,-0.3895,0.9578,766225,21518695.0,5626000000.0,2250400000.0
2016-08-02,'603789,星光农机,28.24,28.4,27.8,27.8,28.03,0.21,0.7492,0.6657,532537,14990412.0,5648000000.0,2259200000.0
2016-08-01,'603789,星光农机,28.03,28.95,27.77,28.8,29.06,-1.03,-3.5444,1.849,1479235,41520218.0,5606000000.0,2242400000.0
2016-07-29,'603789,星光农机,29.06,29.5,28.38,28.89,28.88,0.18,0.6233,2.0893,1671401,48270255.0,5812000000.0,2324800000.0
2016-07-28,'603789,星光农机,28.88,29.27,28.68,28.9,28.97,-0.09,-0.3107,1.3428,1074275,31070588.0,5776000000.0,2310400000.0
2016-07-27,'603789,星光农机,28.97,30.88,28.71,30.88,30.85,-1.88,-6.094,3.1494,2519527,74693300.0,5794000000.0,2317600000.0
2016-07-26,'603789,星光农机,30.85,30.88,30.2,30.26,30.17,0.68,2.2539,2.0914,1673142,51400182.0,6170000000.0,2468000000.0
2016-07-25,'603789,星光农机,30.17,30.36,29.9,30.2,30.26,-0.09,-0.2974,1.149,919200,27685570.0,6034000000.0,2413600000.0
2016-07-22,'603789,星光农机,30.26,30.74,30.22,30.62,30.71,-0.45,-1.4653,1.5892,1271362,38721571.0,6052000000.0,2420800000.0
2016-07-21,'603789,星光农机,30.71,30.89,30.51,30.51,30.64,0.07,0.2285,1.639,1311189,40253204.0,6142000000.0,2456800000.0
2016-07-20,'603789,星光农机,30.64,30.94,30.6,30.62,30.82,-0.18,-0.584,1.2955,1036381,31888609.0,6128000000.0,2451200000.0
2016-07-19,'603789,星光农机,30.82,30.88,30.25,30.25,30.23,0.59,1.9517,1.6652,1332141,40590730.0,6164000000.0,2465600000.0
2016-07-18,'603789,星光农机,30.23,30.77,29.96,30.51,30.77,-0.54,-1.755,1.8129,1450343,43879712.0,6046000000.0,2418400000.0
2016-07-15,'603789,星光农机,30.77,31.08,30.65,31.08,30.86,-0.09,-0.2916,1.6893,1351469,41647421.0,6154000000.0,2461600000.0
2016-07-14,'603789,星光农机,30.86,31.13,30.55,31.12,31.0,-0.14,-0.4516,1.7156,1372496,42334172.0,6172000000.0,2468800000.0
2016-07-13,'603789,星光农机,31.0,31.1,30.6,30.89,30.89,0.11,0.3561,2.4273,1941848,59963290.0,6200000000.0,2480000000.0
2016-07-12,'603789,星光农机,30.89,31.32,29.86,31.04,30.9,-0.01,-0.0324,3.911,3128778,95640545.0,6178000000.0,2471200000.0
2016-07-11,'603789,星光农机,30.9,31.9,30.7,31.56,31.46,-0.56,-1.78,3.6814,2945107,92223378.0,6180000000.0,2472000000.0
2016-07-08,'603789,星光农机,31.46,31.98,31.09,31.09,31.33,0.13,0.4149,3.957,3165574,100112733.0,6292000000.0,2516800000.0
2016-07-07,'603789,星光农机,31.33,31.68,30.9,31.65,32.04,-0.71,-2.216,5.8154,4652359,145344949.0,6266000000.0,2506400000.0
2016-07-06,'603789,星光农机,32.04,32.68,30.9,30.9,30.62,1.42,4.6375,8.9428,7154243,228081251.0,6408000000.0,2563200000.0
2016-07-05,'603789,星光农机,30.62,30.8,29.66,29.7,29.68,0.94,3.1671,4.8442,3875369,117295451.0,6124000000.0,2449600000.0
2016-07-04,'603789,星光农机,29.68,29.85,28.95,29.1,29.18,0.5,1.7135,3.1301,2504104,74100215.0,5936000000.0,2374400000.0
2016-07-01,'603789,星光农机,29.18,29.67,29.05,29.63,29.44,-0.26,-0.8832,2.0654,1652342,48365457.0,5836000000.0,2334400000.0
2016-06-30,'603789,星光农机,29.44,29.8,28.91,29.16,29.16,0.28,0.9602,2.9678,2374258,69767572.0,5888000000.0,2355200000.0
2016-06-29,'603789,星光农机,29.16,29.29,28.81,29.19,29.26,-0.1,-0.3418,2.6925,2154026,62657489.0,5832000000.0,2332800000.0
2016-06-28,'603789,星光农机,29.26,29.47,28.4,28.4,28.54,0.72,2.5228,3.6902,2952194,85863840.0,5852000000.0,2340800000.0
2016-06-27,'603789,星光农机,28.54,28.54,27.48,27.48,27.88,0.66,2.3673,1.8989,1519137,43051646.0,5708000000.0,2283200000.0
2016-06-24,'603789,星光农机,27.88,28.8,27.1,28.45,28.41,-0.53,-1.8655,2.4367,1949381,54811511.0,5576000000.0,2230400000.0
2016-06-23,'603789,星光农机,28.41,28.73,28.16,28.67,28.68,-0.27,-0.9414,1.822,1457585,41455569.0,5682000000.0,2272800000.0
2016-06-22,'603789,星光农机,28.68,28.77,28.0,28.18,28.2,0.48,1.7021,1.7642,1411363,40127708.0,5736000000.0,2294400000.0
2016-06-21,'603789,星光农机,28.2,29.17,28.16,28.85,28.66,-0.46,-1.605,2.4016,1921263,55293277.0,5640000000.0,2256000000.0
2016-06-20,'603789,星光农机,28.66,28.69,27.97,28.35,28.27,0.39,1.3796,2.0657,1652550,46961328.0,5732000000.0,2292800000.0
2016-06-17,'603789,星光农机,28.27,28.68,28.1,28.1,28.09,0.18,0.6408,1.4574,1165929,33018807.0,5654000000.0,2261600000.0
2016-06-16,'603789,星光农机,28.09,28.44,27.9,28.26,28.4,-0.31,-1.0915,1.8638,1491001,41899896.0,5618000000.0,2247200000.0
2016-06-15,'603789,星光农机,28.4,28.52,27.03,27.2,27.57,0.83,3.0105,2.1145,1691614,47548667.0,5680000000.0,2272000000.0
2016-06-14,'603789,星光农机,27.57,27.75,27.2,27.35,27.43,0.14,0.5104,1.5798,1263833,34747866.0,5514000000.0,2205600000.0
2016-06-13,'603789,星光农机,27.43,29.18,27.37,29.01,29.75,-2.32,-7.7983,2.8427,2274130,64795875.0,5486000000.0,2194400000.0
2016-06-08,'603789,星光农机,29.75,30.12,29.5,29.98,30.06,-0.31,-1.0313,2.4555,1964436,58410562.0,5950000000.0,2380000000.0
2016-06-07,'603789,星光农机,30.06,30.2,29.2,29.59,29.53,0.53,1.7948,3.4153,2732246,81145136.0,6012000000.0,2404800000.0
2016-06-06,'603789,星光农机,29.53,29.88,29.21,29.5,29.45,0.08,0.2716,2.3583,1886609,55757556.0,5906000000.0,2362400000.0
2016-06-03,'603789,星光农机,29.45,29.55,29.01,29.4,29.54,-0.09,-0.3047,3.1155,2492416,72942842.0,5890000000.0,2356000000.0
2016-06-02,'603789,星光农机,29.54,29.58,28.42,28.47,28.6,0.94,3.2867,3.7899,3031889,88366040.0,5908000000.0,2363200000.0
2016-06-01,'603789,星光农机,28.6,28.76,28.28,28.58,28.51,0.09,0.3157,2.8276,2262041,64645249.0,5720000000.0,2288000000.0
2016-05-31,'603789,星光农机,28.51,28.53,27.41,27.48,27.38,1.13,4.1271,2.9791,2383242,67137630.0,5702000000.0,2280800000.0
2016-05-30,'603789,星光农机,27.38,27.65,27.2,27.49,27.72,-0.34,-1.2266,1.1856,948471,25990996.0,5476000000.0,2190400000.0
2016-05-27,'603789,星光农机,27.72,27.83,27.3,27.61,27.53,0.19,0.6902,1.7427,1394142,38575269.0,5544000000.0,2217600000.0
2016-05-26,'603789,星光农机,27.53,27.6,26.86,27.44,27.58,-0.05,-0.1813,1.7624,1409880,38287429.0,5506000000.0,2202400000.0
2016-05-25,'603789,星光农机,27.58,27.85,27.25,27.65,27.41,0.17,0.6202,1.441,1152811,31830533.0,5516000000.0,2206400000.0
2016-05-24,'603789,星光农机,27.41,27.82,27.21,27.68,27.97,-0.56,-2.0021,1.5941,1275306,34971199.0,5482000000.0,2192800000.0
2016-05-23,'603789,星光农机,27.97,27.99,27.38,27.4,27.39,0.58,2.1176,2.3037,1842931,50927779.0,5594000000.0,2237600000.0
2016-05-20,'603789,星光农机,27.39,27.46,26.82,27.2,27.28,0.11,0.4032,1.3103,1048273,28532014.0,5478000000.0,2191200000.0
2016-05-19,'603789,星光农机,27.28,27.8,27.18,27.25,27.22,0.06,0.2204,2.1152,1692188,46491592.0,5456000000.0,2182400000.0
2016-05-18,'603789,星光农机,27.22,28.0,27.0,28.0,28.13,-0.91,-3.235,1.9191,1535243,41856988.0,5444000000.0,2177600000.0
2016-05-17,'603789,星光农机,28.13,28.45,27.87,28.45,28.17,-0.04,-0.142,1.6108,1288605,36262426.0,5626000000.0,2250400000.0
2016-05-16,'603789,星光农机,28.17,28.2,27.58,27.83,27.74,0.43,1.5501,1.3479,1078352,30180370.0,5634000000.0,2253600000.0
2016-05-13,'603789,星光农机,27.74,28.3,27.65,27.97,27.97,-0.23,-0.8223,1.3292,1063333,29663093.0,5548000000.0,2219200000.0
2016-05-12,'603789,星光农机,27.97,28.26,27.06,28.26,29.12,-1.15,-3.9492,2.06,1648000,45698528.0,5594000000.0,2237600000.0
2016-05-11,'603789,星光农机,29.12,29.8,28.91,29.68,29.44,-0.32,-1.087,1.4553,1164232,34040205.0,5824000000.0,2329600000.0
2016-05-10,'603789,星光农机,29.44,29.86,28.88,28.88,29.34,0.1,0.3408,1.5442,1235354,36222689.0,5888000000.0,2355200000.0
2016-05-09,'603789,星光农机,29.34,31.0,29.3,31.0,31.11,-1.77,-5.6895,2.934,2347185,69992096.0,5868000000.0,2347200000.0
2016-05-06,'603789,星光农机,31.11,32.53,31.1,32.53,32.15,-1.04,-3.2348,3.4487,2758970,87384438.0,6222000000.0,2488800000.0
2016-05-05,'603789,星光农机,32.15,32.45,31.8,32.45,32.4,-0.25,-0.7716,3.5012,2800925,89820833.0,6430000000.0,2572000000.0
2016-05-04,'603789,星光农机,32.4,32.94,32.24,32.94,32.53,-0.13,-0.3996,2.8472,2277799,74156285.0,6480000000.0,2592000000.0
2016-05-03,'603789,星光农机,32.53,32.56,31.58,31.8,31.75,0.78,2.4567,2.0131,1610471,51948307.0,6506000000.0,2602400000.0
2016-04-29,'603789,星光农机,31.75,32.32,31.5,32.17,32.17,-0.42,-1.3056,1.391,1112784,35380249.0,6350000000.0,2540000000.0
2016-04-28,'603789,星光农机,32.17,32.6,31.5,32.27,32.17,0.0,0.0,1.8826,1506102,48315264.0,6434000000.0,2573600000.0
2016-04-27,'603789,星光农机,32.17,32.52,32.05,32.3,32.75,-0.58,-1.771,2.1893,1751471,56548633.0,6434000000.0,2573600000.0
2016-04-26,'603789,星光农机,32.75,33.8,31.6,31.64,31.64,1.11,3.5082,5.7999,2899929,94791878.0,6550000000.0,1637500000.0
2016-04-25,'603789,星光农机,31.64,31.8,31.01,31.49,31.68,-0.04,-0.1263,3.1358,1567924,49264330.0,6328000000.0,1582000000.0
2016-04-22,'603789,星光农机,31.68,31.88,31.1,31.43,31.78,-0.1,-0.3147,3.4891,1744569,55027045.0,6336000000.0,1584000000.0
2016-04-21,'603789,星光农机,31.78,32.5,31.5,32.0,32.32,-0.54,-1.6708,5.621,2810512,89673282.0,6356000000.0,1589000000.0
2016-04-20,'603789,星光农机,32.32,34.98,31.68,34.88,35.2,-2.88,-8.1818,12.8576,6428799,213423973.0,6464000000.0,1616000000.0
2016-04-19,'603789,星光农机,35.2,35.3,34.77,34.99,34.89,0.31,0.8885,4.1291,2064551,72333260.0,7040000000.0,1760000000.0
2016-04-18,'603789,星光农机,34.89,35.57,34.73,35.57,36.16,-1.27,-3.5122,6.607,3303521,115676220.0,6978000000.0,1744500000.0
2016-04-15,'603789,星光农机,36.16,37.77,36.08,37.77,36.38,-0.22,-0.6047,10.9126,5456275,201020233.0,7232000000.0,1808000000.0
2016-04-14,'603789,星光农机,36.38,36.42,35.15,35.15,35.35,1.03,2.9137,9.6358,4817914,172543429.0,7276000000.0,1819000000.0
2016-04-13,'603789,星光农机,35.35,35.75,34.92,34.92,34.94,0.41,1.1734,8.1779,4088928,144950376.0,7070000000.0,1767500000.0
2016-04-12,'603789,星光农机,34.94,35.73,34.4,35.73,35.7,-0.76,-2.1289,6.8845,3442255,120304789.0,6988000000.0,1747000000.0
2016-04-11,'603789,星光农机,35.7,35.87,34.8,34.8,34.72,0.98,2.8226,8.5198,4259876,150778450.0,7140000000.0,1785000000.0
2016-04-08,'603789,星光农机,34.72,34.81,33.5,33.79,34.1,0.62,1.8182,5.4732,2736576,93787917.0,6944000000.0,1736000000.0
2016-04-07,'603789,星光农机,34.1,35.3,34.08,35.3,34.98,-0.88,-2.5157,5.5096,2754809,95094342.0,6820000000.0,1705000000.0
2016-04-06,'603789,星光农机,34.98,35.49,34.22,34.52,34.52,0.46,1.3326,6.9212,3460606,120738474.0,6996000000.0,1749000000.0
2016-04-05,'603789,星光农机,34.52,34.55,33.08,33.38,33.46,1.06,3.168,5.369,2684479,91513241.0,6904000000.0,1726000000.0
2016-04-01,'603789,星光农机,33.46,34.1,32.95,33.87,33.87,-0.41,-1.2105,4.5621,2281050,76165084.0,6692000000.0,1673000000.0
2016-03-31,'603789,星光农机,33.87,34.67,33.85,34.28,34.08,-0.21,-0.6162,5.0753,2537653,87014750.0,6774000000.0,1693500000.0
2016-03-30,'603789,星光农机,34.08,34.12,32.97,33.3,32.83,1.25,3.8075,4.3725,2186237,73379751.0,6816000000.0,1704000000.0
2016-03-29,'603789,星光农机,32.83,33.96,32.42,33.7,33.88,-1.05,-3.0992,4.622,2310985,76670068.0,6566000000.0,1641500000.0
2016-03-28,'603789,星光农机,33.88,34.9,33.85,34.4,34.45,-0.57,-1.6546,5.1022,2551081,87832907.0,6776000000.0,1694000000.0
2016-03-25,'603789,星光农机,34.45,35.0,34.01,34.55,34.61,-0.16,-0.4623,5.7535,2876741,99363638.0,6890000000.0,1722500000.0
2016-03-24,'603789,星光农机,34.61,36.09,34.52,34.9,35.37,-0.76,-2.1487,10.0167,5008334,176308753.0,6922000000.0,1730500000.0
2016-03-23,'603789,星光农机,35.37,35.43,33.6,33.98,34.15,1.22,3.5725,10.6577,5328834,185133028.0,7074000000.0,1768500000.0
2016-03-22,'603789,星光农机,34.15,35.55,34.0,34.5,34.34,-0.19,-0.5533,9.9541,4977058,173002289.0,6830000000.0,1707500000.0
2016-03-21,'603789,星光农机,34.34,34.41,33.02,33.8,32.79,1.55,4.7271,9.1467,4573351,154139132.0,6868000000.0,1717000000.0
2016-03-18,'603789,星光农机,32.79,32.96,31.32,31.5,31.5,1.29,4.0952,8.6037,4301828,139016213.0,6558000000.0,1639500000.0
2016-03-17,'603789,星光农机,31.5,31.68,30.65,30.65,30.85,0.65,2.107,6.499,3249520,101534962.0,6300000000.0,1575000000.0
2016-03-16,'603789,星光农机,30.85,32.16,30.6,32.16,31.78,-0.93,-2.9264,4.8237,2411864,75021642.0,6170000000.0,1542500000.0
2016-03-15,'603789,星光农机,31.78,32.48,31.61,32.3,32.79,-1.01,-3.0802,4.7332,2366576,75583404.0,6356000000.0,1589000000.0
2016-03-14,'603789,星光农机,32.79,33.5,31.59,32.03,31.78,1.01,3.1781,7.1,3549982,115852194.0,6558000000.0,1639500000.0
2016-03-11,'603789,星光农机,31.78,32.96,31.01,32.51,34.08,-2.3,-6.7488,6.7919,3395974,108266462.0,6356000000.0,1589000000.0
2016-03-10,'603789,星光农机,34.08,36.89,33.62,34.39,33.59,0.49,1.4588,10.6787,5339360,187358323.0,6816000000.0,1704000000.0
2016-03-09,'603789,星光农机,0.0,0.0,0.0,0.0,33.59,None,None,0.0,0,0.0,6718000000.0,1679500000.0
2016-03-08,'603789,星光农机,0.0,0.0,0.0,0.0,33.59,None,None,0.0,0,0.0,6718000000.0,1679500000.0
2016-03-07,'603789,星光农机,0.0,0.0,0.0,0.0,33.59,None,None,0.0,0,0.0,6718000000.0,1679500000.0
2016-03-04,'603789,星光农机,0.0,0.0,0.0,0.0,33.59,None,None,0.0,0,0.0,6718000000.0,1679500000.0
2016-03-03,'603789,星光农机,0.0,0.0,0.0,0.0,33.59,None,None,0.0,0,0.0,6718000000.0,1679500000.0
2016-03-02,'603789,星光农机,0.0,0.0,0.0,0.0,33.59,None,None,0.0,0,0.0,6718000000.0,1679500000.0
2016-03-01,'603789,星光农机,0.0,0.0,0.0,0.0,33.59,None,None,0.0,0,0.0,6718000000.0,1679500000.0
2016-02-29,'603789,星光农机,0.0,0.0,0.0,0.0,33.59,None,None,0.0,0,0.0,6718000000.0,1679500000.0
2016-02-26,'603789,星光农机,0.0,0.0,0.0,0.0,33.59,None,None,0.0,0,0.0,6718000000.0,1679500000.0
2016-02-25,'603789,星光农机,0.0,0.0,0.0,0.0,33.59,None,None,0.0,0,0.0,6718000000.0,1679500000.0
2016-02-24,'603789,星光农机,0.0,0.0,0.0,0.0,33.59,None,None,0.0,0,0.0,6718000000.0,1679500000.0
2016-02-23,'603789,星光农机,0.0,0.0,0.0,0.0,33.59,None,None,0.0,0,0.0,6718000000.0,1679500000.0
2016-02-22,'603789,星光农机,0.0,0.0,0.0,0.0,33.59,None,None,0.0,0,0.0,6718000000.0,1679500000.0
2016-02-19,'603789,星光农机,0.0,0.0,0.0,0.0,33.59,None,None,0.0,0,0.0,6718000000.0,1679500000.0
2016-02-18,'603789,星光农机,0.0,0.0,0.0,0.0,33.59,None,None,0.0,0,0.0,6718000000.0,1679500000.0
2016-02-17,'603789,星光农机,0.0,0.0,0.0,0.0,33.59,None,None,0.0,0,0.0,6718000000.0,1679500000.0
2016-02-16,'603789,星光农机,0.0,0.0,0.0,0.0,33.59,None,None,0.0,0,0.0,6718000000.0,1679500000.0
2016-02-15,'603789,星光农机,0.0,0.0,0.0,0.0,33.59,None,None,0.0,0,0.0,6718000000.0,1679500000.0
2016-02-05,'603789,星光农机,33.59,34.39,33.3,34.33,34.17,-0.58,-1.6974,4.9272,2463624,82969173.0,6718000000.0,1679500000.0
2016-02-04,'603789,星光农机,34.17,35.0,32.56,32.6,32.43,1.74,5.3654,8.187,4093524,138072051.0,6834000000.0,1708500000.0
2016-02-03,'603789,星光农机,32.43,32.59,31.5,32.33,32.7,-0.27,-0.8257,3.6622,1831082,58580297.0,6486000000.0,1621500000.0
2016-02-02,'603789,星光农机,32.7,33.0,32.0,32.0,31.88,0.82,2.5721,4.7694,2384723,77789433.0,6540000000.0,1635000000.0
2016-02-01,'603789,星光农机,31.88,33.34,31.1,33.31,33.61,-1.73,-5.1473,5.7765,2888261,93676973.0,6376000000.0,1594000000.0
2016-01-29,'603789,星光农机,33.61,34.75,31.78,32.01,33.53,0.08,0.2386,8.5062,4253079,141426124.0,6722000000.0,1680500000.0
2016-01-28,'603789,星光农机,33.53,36.96,33.5,35.53,35.33,-1.8,-5.0948,12.588,6294009,222824216.0,6706000000.0,1676500000.0
2016-01-27,'603789,星光农机,35.33,35.33,30.91,33.0,32.12,3.21,9.9938,8.5524,4276205,141181899.0,7066000000.0,1766500000.0
2016-01-26,'603789,星光农机,32.12,34.88,31.4,34.02,34.54,-2.42,-7.0064,7.131,3565504,120250909.0,6424000000.0,1606000000.0
2016-01-25,'603789,星光农机,34.54,34.64,33.57,33.57,33.44,1.1,3.2895,5.1433,2571635,88009064.0,6908000000.0,1727000000.0
2016-01-22,'603789,星光农机,33.44,33.54,32.2,33.19,32.56,0.88,2.7027,4.7245,2362235,77736187.0,6688000000.0,1672000000.0
2016-01-21,'603789,星光农机,32.56,35.15,32.5,34.88,34.97,-2.41,-6.8916,6.5109,3255473,110782227.0,6512000000.0,1628000000.0
2016-01-20,'603789,星光农机,34.97,36.47,34.51,34.51,33.72,1.25,3.707,9.7206,4860303,171879694.0,6994000000.0,1748500000.0
2016-01-19,'603789,星光农机,33.72,33.79,32.16,32.6,32.69,1.03,3.1508,5.1051,2552568,84767970.0,6744000000.0,1686000000.0
2016-01-18,'603789,星光农机,32.69,32.87,31.0,31.25,31.7,0.99,3.123,4.3966,2198318,70696564.0,6538000000.0,1634500000.0
2016-01-15,'603789,星光农机,31.7,33.79,31.55,33.79,33.6,-1.9,-5.6548,4.8192,2409580,78703671.0,6340000000.0,1585000000.0
2016-01-14,'603789,星光农机,33.6,33.8,30.8,31.35,32.35,1.25,3.864,4.2636,2131812,69672753.0,6720000000.0,1680000000.0
2016-01-13,'603789,星光农机,32.35,34.37,32.3,33.93,33.54,-1.19,-3.548,3.9032,1951588,65531222.0,6470000000.0,1617500000.0
2016-01-12,'603789,星光农机,33.54,34.27,32.7,33.6,33.37,0.17,0.5094,4.1832,2091616,70331538.0,6708000000.0,1677000000.0
2016-01-11,'603789,星光农机,33.37,36.99,33.35,36.3,37.06,-3.69,-9.9568,5.8714,2935701,103617005.0,6674000000.0,1668500000.0
2016-01-08,'603789,星光农机,37.06,38.2,34.0,36.6,36.35,0.71,1.9532,7.3513,3675628,135170358.0,7412000000.0,1853000000.0
2016-01-07,'603789,星光农机,36.35,39.69,36.24,39.45,40.26,-3.91,-9.7119,1.4262,713100,27202335.0,7270000000.0,1817500000.0
2016-01-06,'603789,星光农机,40.26,40.33,38.89,39.3,38.66,1.6,4.1386,6.462,3230994,128206686.0,8052000000.0,2013000000.0
2016-01-05,'603789,星光农机,38.66,39.98,36.49,36.8,39.65,-0.99,-2.4968,7.7726,3886303,149524383.0,7732000000.0,1933000000.0
2016-01-04,'603789,星光农机,39.65,44.94,39.62,44.09,44.02,-4.37,-9.9273,4.5659,2282941,96706705.0,7930000000.0,1982500000.0
2015-12-31,'603789,星光农机,44.02,45.8,43.97,45.59,45.53,-1.51,-3.3165,5.2079,2603960,116464328.0,8804000000.0,2201000000.0
2015-12-30,'603789,星光农机,45.53,45.98,45.06,45.4,45.31,0.22,0.4855,4.6623,2331147,106122839.0,9106000000.0,2276500000.0
2015-12-29,'603789,星光农机,45.31,45.5,44.53,44.9,45.01,0.3,0.6665,5.1968,2598389,117072101.0,9062000000.0,2265500000.0
2015-12-28,'603789,星光农机,45.01,48.5,45.0,48.18,47.94,-2.93,-6.1118,12.3646,6182289,287841495.0,9002000000.0,2250500000.0
2015-12-25,'603789,星光农机,47.94,48.88,47.77,48.88,48.83,-0.89,-1.8227,8.8164,4408186,211827059.0,9588000000.0,2397000000.0
2015-12-24,'603789,星光农机,48.83,50.06,46.98,46.98,47.26,1.57,3.322,13.8229,6911462,337802709.0,9766000000.0,2441500000.0
2015-12-23,'603789,星光农机,47.26,49.25,47.1,49.18,49.04,-1.78,-3.6297,10.674,5337020,256765526.0,9452000000.0,2363000000.0
2015-12-22,'603789,星光农机,49.04,49.56,48.6,49.11,49.46,-0.42,-0.8492,8.93,4464985,219225005.0,9808000000.0,2452000000.0
2015-12-21,'603789,星光农机,49.46,49.98,47.95,49.0,49.47,-0.01,-0.0202,12.5614,6280679,306906313.0,9892000000.0,2473000000.0
2015-12-18,'603789,星光农机,49.47,50.29,47.7,48.2,48.73,0.74,1.5186,19.9661,9983047,490077970.0,9894000000.0,2473500000.0
2015-12-17,'603789,星光农机,48.73,49.81,45.99,45.99,45.52,3.21,7.0518,17.6751,8837538,426654253.0,9746000000.0,2436500000.0
2015-12-16,'603789,星光农机,45.52,47.1,45.5,46.13,45.94,-0.42,-0.9142,8.3812,4190619,194194283.0,9104000000.0,2276000000.0
2015-12-15,'603789,星光农机,45.94,46.78,45.0,45.26,44.93,1.01,2.2479,7.6724,3836220,176668241.0,9188000000.0,2297000000.0
2015-12-14,'603789,星光农机,44.93,44.95,43.0,43.12,43.88,1.05,2.3929,5.4656,2732792,120574802.0,8986000000.0,2246500000.0
2015-12-11,'603789,星光农机,43.88,44.68,43.66,44.36,44.96,-1.08,-2.4021,7.1224,3561202,156931860.0,8776000000.0,2194000000.0
2015-12-10,'603789,星光农机,44.96,46.5,44.3,45.03,45.03,-0.07,-0.1555,8.6581,4329062,196251803.0,8992000000.0,2248000000.0
2015-12-09,'603789,星光农机,45.03,46.5,44.32,45.83,46.98,-1.95,-4.1507,10.925,5462496,247949636.0,9006000000.0,2251500000.0
2015-12-08,'603789,星光农机,46.98,49.7,46.77,49.29,50.19,-3.21,-6.3957,15.2653,7632670,366328133.0,9396000000.0,2349000000.0
2015-12-07,'603789,星光农机,50.19,51.75,48.45,50.0,49.92,0.27,0.5409,20.7184,10359218,517050907.0,10038000000.0,2509500000.0
2015-12-04,'603789,星光农机,49.92,52.6,46.42,47.2,47.89,2.03,4.2389,27.0606,13530280,659112025.0,9984000000.0,2496000000.0
2015-12-03,'603789,星光农机,47.89,48.6,43.3,43.35,44.26,3.63,8.2015,19.3255,9662761,448467968.0,9578000000.0,2394500000.0
2015-12-02,'603789,星光农机,44.26,47.67,42.3,47.16,45.99,-1.73,-3.7617,14.0828,7041381,319122093.0,8852000000.0,2213000000.0
2015-12-01,'603789,星光农机,45.99,47.0,42.22,42.86,43.23,2.76,6.3845,17.4242,8712077,391593794.0,9198000000.0,2299500000.0
2015-11-30,'603789,星光农机,43.23,43.5,38.8,42.06,42.18,1.05,2.4893,10.9832,5491606,230559001.0,8646000000.0,2161500000.0
2015-11-27,'603789,星光农机,42.18,46.86,41.01,45.0,45.57,-3.39,-7.4391,13.2132,6606602,295003883.0,8436000000.0,2109000000.0
2015-11-26,'603789,星光农机,45.57,47.66,45.0,45.71,45.51,0.06,0.1318,14.257,7128487,331638681.0,9114000000.0,2278500000.0
2015-11-25,'603789,星光农机,45.51,45.8,44.5,45.8,45.95,-0.44,-0.9576,10.9985,5499261,248755798.0,9102000000.0,2275500000.0
2015-11-24,'603789,星光农机,45.95,46.0,43.12,43.21,43.63,2.32,5.3174,12.1615,6080765,273063609.0,9190000000.0,2297500000.0
2015-11-23,'603789,星光农机,43.63,44.9,43.21,44.71,45.28,-1.65,-3.644,10.5515,5275733,232410601.0,8726000000.0,2181500000.0
2015-11-20,'603789,星光农机,45.28,46.46,45.0,46.26,46.25,-0.97,-2.0973,11.9777,5988861,273032699.0,9056000000.0,2264000000.0
2015-11-19,'603789,星光农机,46.25,46.29,44.12,44.5,44.63,1.62,3.6298,11.302,5650981,254847866.0,9250000000.0,2312500000.0
2015-11-18,'603789,星光农机,44.63,45.89,43.0,45.89,45.37,-0.74,-1.631,11.0511,5525552,245041840.0,8926000000.0,2231500000.0
2015-11-17,'603789,星光农机,45.37,49.43,45.18,47.0,46.46,-1.09,-2.3461,15.6392,7819579,370381757.0,9074000000.0,2268500000.0
2015-11-16,'603789,星光农机,46.46,46.62,42.75,43.0,45.66,0.8,1.7521,15.28,7639998,341232750.0,9292000000.0,2323000000.0
2015-11-13,'603789,星光农机,45.66,51.78,44.95,49.5,48.59,-2.93,-6.03,31.2665,15633265,753880127.0,9132000000.0,2283000000.0
2015-11-12,'603789,星光农机,48.59,48.59,44.74,45.63,44.17,4.42,10.0068,25.6933,12846673,599267303.0,9718000000.0,2429500000.0
2015-11-11,'603789,星光农机,44.17,44.2,41.33,41.77,42.27,1.9,4.4949,19.1634,9581681,411709273.0,8834000000.0,2208500000.0
2015-11-10,'603789,星光农机,42.27,44.07,41.62,43.0,43.39,-1.12,-2.5812,17.4594,8729685,373518601.0,8454000000.0,2113500000.0
2015-11-09,'603789,星光农机,43.39,44.8,41.05,41.05,41.59,1.8,4.328,24.7468,12373388,532504322.0,8678000000.0,2169500000.0
2015-11-06,'603789,星光农机,41.59,41.98,40.16,40.17,41.13,0.46,1.1184,20.1304,10065185,416912136.0,8318000000.0,2079500000.0
2015-11-05,'603789,星光农机,41.13,42.88,40.83,41.11,42.68,-1.55,-3.6317,23.9674,11983684,498262538.0,8226000000.0,2056500000.0
2015-11-04,'603789,星光农机,42.68,43.69,40.05,42.27,40.88,1.8,4.4031,39.3047,19652355,824742848.0,8536000000.0,2134000000.0
2015-11-03,'603789,星光农机,40.88,40.88,38.28,38.68,37.16,3.72,10.0108,14.177,7088515,285627772.0,8176000000.0,2044000000.0
2015-11-02,'603789,星光农机,37.16,39.53,35.24,35.49,36.62,0.54,1.4746,18.3668,9183418,344480263.0,7432000000.0,1858000000.0
2015-10-30,'603789,星光农机,36.62,38.65,36.18,37.81,38.4,-1.78,-4.6354,17.3183,8659153,324751303.0,7324000000.0,1831000000.0
2015-10-29,'603789,星光农机,38.4,39.58,37.27,38.9,38.05,0.35,0.9198,20.0533,10026670,385262271.0,7680000000.0,1920000000.0
2015-10-28,'603789,星光农机,38.05,40.88,37.9,39.95,40.98,-2.93,-7.1498,29.4387,14719335,579424024.0,7610000000.0,1902500000.0
2015-10-27,'603789,星光农机,40.98,40.98,39.11,40.98,37.25,3.73,10.0134,40.9474,20473694,835190324.0,8196000000.0,2049000000.0
2015-10-26,'603789,星光农机,37.25,37.25,36.05,36.5,33.86,3.39,10.0118,10.693,5346504,198594286.0,7450000000.0,1862500000.0
2015-10-23,'603789,星光农机,33.86,34.33,31.65,31.88,31.86,2.0,6.2775,13.4346,6717279,219410886.0,6772000000.0,1693000000.0
2015-10-22,'603789,星光农机,31.86,31.98,30.26,30.9,31.06,0.8,2.5757,10.8688,5434393,169755574.0,6372000000.0,1593000000.0
2015-10-21,'603789,星光农机,31.06,34.56,31.06,34.55,34.51,-3.45,-9.9971,15.6321,7816071,256914177.0,6212000000.0,1553000000.0
2015-10-20,'603789,星光农机,34.51,34.55,33.39,33.99,33.97,0.54,1.5896,13.7701,6885050,234137767.0,6902000000.0,1725500000.0
2015-10-19,'603789,星光农机,33.97,34.43,32.5,32.5,32.77,1.2,3.6619,16.0175,8008759,268012242.0,6794000000.0,1698500000.0
2015-10-16,'603789,星光农机,32.77,33.33,32.12,33.29,32.83,-0.06,-0.1828,12.9966,6498320,212431271.0,6554000000.0,1638500000.0
2015-10-15,'603789,星光农机,32.83,32.88,31.23,31.9,31.6,1.23,3.8924,12.8752,6437609,206823261.0,6566000000.0,1641500000.0
2015-10-14,'603789,星光农机,31.6,34.5,31.53,33.58,32.6,-1.0,-3.0675,16.0858,8042906,264893598.0,6320000000.0,1580000000.0
2015-10-13,'603789,星光农机,32.6,33.3,31.7,32.0,32.47,0.13,0.4004,12.6493,6324639,206054874.0,6520000000.0,1630000000.0
2015-10-12,'603789,星光农机,32.47,32.99,30.7,30.81,30.95,1.52,4.9111,15.6595,7829748,250716024.0,6494000000.0,1623500000.0
2015-10-09,'603789,星光农机,30.95,31.87,29.52,30.23,30.21,0.74,2.4495,15.0848,7542382,231087714.0,6190000000.0,1547500000.0
2015-10-08,'603789,XD星光农,30.21,30.88,29.29,30.01,29.03,1.18,4.0648,13.0301,6515052,196206127.0,6042000000.0,1510500000.0
2015-09-30,'603789,星光农机,29.43,29.83,28.72,29.34,29.08,0.35,1.2036,7.6739,3836936,113004028.0,5886000000.0,1471500000.0
2015-09-29,'603789,星光农机,29.08,29.68,28.7,29.2,29.98,-0.9,-3.002,8.0273,4013641,117127472.0,5816000000.0,1454000000.0
2015-09-28,'603789,星光农机,29.98,30.32,28.41,28.98,28.53,1.45,5.0824,9.5941,4797040,141169921.0,5996000000.0,1499000000.0
2015-09-25,'603789,星光农机,28.53,29.8,28.3,29.8,30.22,-1.69,-5.5923,13.0337,6516870,189656847.0,5706000000.0,1426500000.0
2015-09-24,'603789,星光农机,30.22,30.38,28.66,29.4,29.31,0.91,3.1047,16.2068,8103413,241143252.0,6044000000.0,1511000000.0
2015-09-23,'603789,星光农机,29.31,30.5,27.8,28.0,28.99,0.32,1.1038,15.431,7715480,223690942.0,5862000000.0,1465500000.0
2015-09-22,'603789,星光农机,28.99,29.8,28.51,29.14,29.8,-0.81,-2.7181,18.1289,9064439,263003655.0,5798000000.0,1449500000.0
2015-09-21,'603789,星光农机,29.8,30.19,27.35,27.69,27.5,2.3,8.3636,22.7843,11392144,325203404.0,5960000000.0,1490000000.0
2015-09-18,'603789,星光农机,27.5,27.5,25.14,25.14,25.0,2.5,10.0,18.2691,9134544,246002316.0,5500000000.0,1375000000.0
2015-09-17,'603789,星光农机,25.0,27.33,24.76,25.72,25.52,-0.52,-2.0376,10.9689,5484469,142727711.0,5000000000.0,1250000000.0
2015-09-16,'603789,星光农机,25.52,25.52,23.51,23.51,23.2,2.32,10.0,7.9852,3992591,97688761.0,5104000000.0,1276000000.0
2015-09-15,'603789,星光农机,23.2,25.36,23.2,24.51,25.78,-2.58,-10.0078,8.9282,4464109,107478455.0,4640000000.0,1160000000.0
2015-09-14,'603789,星光农机,25.78,29.0,25.78,29.0,28.64,-2.86,-9.986,9.2805,4640250,124997058.0,5156000000.0,1289000000.0
2015-09-11,'603789,星光农机,28.64,29.1,27.7,28.38,28.19,0.45,1.5963,8.6332,4316609,123086448.0,5728000000.0,1432000000.0
2015-09-10,'603789,星光农机,28.19,29.46,28.18,28.88,30.08,-1.89,-6.2832,11.7484,5874184,169430950.0,5638000000.0,1409500000.0
2015-09-09,'603789,星光农机,30.08,30.28,28.5,28.95,27.58,2.5,9.0645,20.3192,10159622,295530058.0,6016000000.0,1504000000.0
2015-09-08,'603789,星光农机,27.58,27.58,24.61,25.0,25.07,2.51,10.012,16.4812,8240587,222745443.0,5516000000.0,1379000000.0
2015-09-07,'603789,星光农机,25.07,25.77,24.64,25.0,24.08,0.99,4.1113,7.4987,3749366,94379682.0,5014000000.0,1253500000.0
2015-09-02,'603789,星光农机,24.08,26.85,23.36,24.1,25.44,-1.36,-5.3459,7.9124,3956198,99245636.0,4816000000.0,1204000000.0
2015-09-01,'603789,星光农机,25.44,27.6,25.44,27.6,28.27,-2.83,-10.0106,8.3515,4175751,108971386.0,5088000000.0,1272000000.0
2015-08-31,'603789,星光农机,28.27,30.8,28.26,30.8,31.4,-3.13,-9.9682,8.8904,4445205,131103962.0,5654000000.0,1413500000.0
2015-08-28,'603789,星光农机,31.4,32.0,28.8,29.51,29.54,1.86,6.2965,15.2328,7616377,229083068.0,6280000000.0,1570000000.0
2015-08-27,'603789,星光农机,29.54,29.98,27.31,28.88,28.39,1.15,4.0507,13.8016,6900781,197488705.0,5908000000.0,1477000000.0
2015-08-26,'603789,星光农机,28.39,29.56,26.77,27.3,26.87,1.52,5.6569,17.4578,8728876,248217605.0,5678000000.0,1419500000.0
2015-08-25,'603789,星光农机,26.87,31.5,26.87,26.97,29.85,-2.98,-9.9832,12.6632,6331614,178105850.0,5374000000.0,1343500000.0
2015-08-24,'603789,星光农机,29.85,31.7,29.85,31.0,33.17,-3.32,-10.009,4.1048,2052400,61848005.0,5970000000.0,1492500000.0
2015-08-21,'603789,星光农机,33.17,36.6,33.08,35.6,36.76,-3.59,-9.7661,7.6026,3801309,132873208.0,6634000000.0,1658500000.0
2015-08-20,'603789,星光农机,36.76,40.0,36.68,40.0,40.24,-3.48,-8.6481,10.4686,5234308,199854574.0,7352000000.0,1838000000.0
2015-08-19,'603789,星光农机,40.24,41.4,36.0,38.38,39.98,0.26,0.6503,10.4612,5230601,199834375.0,8048000000.0,2012000000.0
2015-08-18,'603789,星光农机,39.98,44.87,39.98,43.68,44.42,-4.44,-9.9955,10.9425,5471259,232146056.0,7996000000.0,1999000000.0
2015-08-17,'603789,星光农机,44.42,44.9,43.5,44.51,45.45,-1.03,-2.2662,10.6895,5344735,235711637.0,8884000000.0,2221000000.0
2015-08-14,'603789,星光农机,45.45,46.3,43.5,43.72,44.0,1.45,3.2955,14.6186,7309278,328483338.0,9090000000.0,2272500000.0
2015-08-13,'603789,星光农机,44.0,44.27,42.57,43.0,43.06,0.94,2.183,8.4309,4215457,182844694.0,8800000000.0,2200000000.0
2015-08-12,'603789,星光农机,43.06,45.38,42.9,44.6,45.61,-2.55,-5.5909,12.6493,6324636,279781448.0,8612000000.0,2153000000.0
2015-08-11,'603789,星光农机,45.61,46.89,45.3,45.44,46.23,-0.62,-1.3411,18.3839,9191937,423120405.0,9122000000.0,2280500000.0
2015-08-10,'603789,星光农机,46.23,46.95,44.78,45.05,44.39,1.84,4.1451,20.2134,10106675,463134430.0,9246000000.0,2311500000.0
2015-08-07,'603789,星光农机,44.39,44.65,42.17,42.17,42.41,1.98,4.6687,13.6358,6817904,299130072.0,8878000000.0,2219500000.0
2015-08-06,'603789,星光农机,42.41,45.6,41.87,44.2,45.89,-3.48,-7.5834,15.5866,7793304,340400432.0,8482000000.0,2120500000.0
2015-08-05,'603789,星光农机,45.89,47.5,43.48,44.5,45.72,0.17,0.3718,25.4097,12704854,579113956.0,9178000000.0,2294500000.0
2015-08-04,'603789,星光农机,45.72,46.0,42.0,42.97,42.97,2.75,6.3998,25.0329,12516459,553593790.0,9144000000.0,2286000000.0
2015-08-03,'603789,星光农机,42.97,43.33,39.3,40.0,40.88,2.09,5.1125,19.6765,9838238,409582256.0,8594000000.0,2148500000.0
2015-07-31,'603789,星光农机,40.88,44.02,38.98,40.0,40.97,-0.09,-0.2197,19.7264,9863217,408639881.0,8176000000.0,2044000000.0
2015-07-30,'603789,星光农机,40.97,44.86,40.0,43.0,42.16,-1.19,-2.8226,20.6889,10344434,449041587.0,8194000000.0,2048500000.0
2015-07-29,'603789,星光农机,42.16,42.16,38.8,39.39,38.33,3.83,9.9922,17.3198,8659922,350456811.0,8432000000.0,2108000000.0
2015-07-28,'603789,星光农机,38.33,42.3,37.55,37.98,41.72,-3.39,-8.1256,17.09,8545010,332376122.0,7666000000.0,1916500000.0
2015-07-27,'603789,星光农机,41.72,47.3,41.72,43.6,46.35,-4.63,-9.9892,18.8075,9403747,417664140.0,8344000000.0,2086000000.0
2015-07-24,'603789,星光农机,46.35,52.0,46.05,49.26,48.3,-1.95,-4.0373,33.1339,16566929,807789500.0,9270000000.0,2317500000.0
2015-07-23,'603789,星光农机,48.3,48.3,42.72,43.89,43.91,4.39,9.9977,24.6527,12326328,564852163.0,9660000000.0,2415000000.0
2015-07-22,'603789,星光农机,43.91,43.91,39.95,40.28,39.92,3.99,9.995,24.8891,12444527,520401938.0,8782000000.0,2195500000.0
2015-07-21,'603789,星光农机,39.92,39.92,34.58,35.55,36.29,3.63,10.0028,20.1822,10091110,382768091.0,7984000000.0,1996000000.0
2015-07-20,'603789,星光农机,36.29,37.9,35.58,36.11,36.3,-0.01,-0.0275,12.1396,6069784,221815631.0,7258000000.0,1814500000.0
2015-07-17,'603789,星光农机,36.3,37.1,34.0,34.51,34.16,2.14,6.2646,11.6522,5826124,206451780.0,7260000000.0,1815000000.0
2015-07-16,'603789,星光农机,34.16,36.6,31.53,31.58,35.03,-0.87,-2.4836,13.0627,6531337,221547969.0,6832000000.0,1708000000.0
2015-07-15,'603789,星光农机,35.03,39.0,35.03,39.0,38.92,-3.89,-9.9949,13.1699,6584945,237851883.0,7006000000.0,1751500000.0
2015-07-14,'603789,星光农机,38.92,38.92,36.2,37.2,35.38,3.54,10.0057,20.0182,10009105,384743288.0,7784000000.0,1946000000.0
2015-07-13,'603789,星光农机,35.38,35.38,34.0,35.38,32.16,3.22,10.0124,14.2286,7114305,250285907.0,7076000000.0,1769000000.0
2015-07-10,'603789,星光农机,32.16,32.16,30.0,31.0,29.24,2.92,9.9863,4.8353,2417634,76432454.0,6432000000.0,1608000000.0
2015-07-09,'603789,星光农机,29.24,29.24,24.19,24.19,26.58,2.66,10.0075,14.6282,7314124,204282537.0,5848000000.0,1462000000.0
2015-07-08,'603789,星光农机,26.58,27.11,26.58,26.58,29.53,-2.95,-9.9898,6.7537,3376869,89836545.0,5316000000.0,1329000000.0
2015-07-07,'603789,星光农机,29.53,31.5,29.53,31.0,32.81,-3.28,-9.997,6.7129,3356439,101243509.0,5906000000.0,1476500000.0
2015-07-06,'603789,星光农机,32.81,34.25,30.2,34.25,31.14,1.67,5.3629,16.9798,8489890,279652253.0,6562000000.0,1640500000.0
2015-07-03,'603789,星光农机,31.14,33.49,29.36,31.5,32.45,-1.31,-4.037,12.5004,6250191,194413838.0,6228000000.0,1557000000.0
2015-07-02,'603789,星光农机,32.45,36.69,32.45,36.13,36.05,-3.6,-9.9861,11.5153,5757626,198464697.0,6490000000.0,1622500000.0
2015-07-01,'603789,星光农机,36.05,41.5,36.02,38.91,40.01,-3.96,-9.8975,13.8217,6910861,273506663.0,7210000000.0,1802500000.0
2015-06-30,'603789,星光农机,40.01,40.4,34.16,37.6,37.95,2.06,5.4282,14.4793,7239643,268156250.0,8002000000.0,2000500000.0
2015-06-29,'603789,星光农机,37.95,43.66,37.95,43.06,42.17,-4.22,-10.0071,10.3273,5163668,205380268.0,7590000000.0,1897500000.0
2015-06-26,'603789,星光农机,42.17,45.87,42.17,45.4,46.85,-4.68,-9.9893,8.7156,4357788,190265481.0,8434000000.0,2108500000.0
2015-06-25,'603789,星光农机,46.85,50.05,46.5,49.56,50.17,-3.32,-6.6175,10.5368,5268414,255434700.0,9370000000.0,2342500000.0
2015-06-24,'603789,星光农机,50.17,51.48,48.62,50.3,50.14,0.03,0.0598,13.0549,6527439,326632622.0,10034000000.0,2508500000.0
2015-06-23,'603789,星光农机,50.14,50.78,46.26,46.9,46.76,3.38,7.2284,13.3145,6657234,323256186.0,10028000000.0,2507000000.0
2015-06-19,'603789,星光农机,46.76,51.5,46.6,49.7,51.58,-4.82,-9.3447,10.7395,5369726,263447310.0,9352000000.0,2338000000.0
2015-06-18,'603789,星光农机,51.58,57.19,51.58,57.19,57.31,-5.73,-9.9983,12.071,6035522,326196694.0,10316000000.0,2579000000.0
2015-06-17,'603789,星光农机,57.31,58.5,54.18,55.45,55.44,1.87,3.373,13.7453,6872661,388683582.0,11462000000.0,2865500000.0
2015-06-16,'603789,星光农机,55.44,57.97,52.86,54.8,57.66,-2.22,-3.8502,14.7552,7377581,405996300.0,11088000000.0,2772000000.0
2015-06-15,'603789,星光农机,57.66,62.0,57.66,62.0,64.07,-6.41,-10.0047,19.795,9897521,582223967.0,11532000000.0,2883000000.0
2015-06-12,'603789,星光农机,64.07,70.6,64.0,68.15,69.17,-5.1,-7.3731,24.8302,12415088,820657114.0,12814000000.0,3203500000.0
2015-06-11,'603789,星光农机,69.17,72.1,65.1,66.0,68.0,1.17,1.7206,30.9729,15486459,1070062604.0,13834000000.0,3458500000.0
2015-06-10,'603789,星光农机,68.0,68.09,60.25,60.27,61.9,6.1,9.8546,29.0408,14520388,950767107.0,13600000000.0,3400000000.0
2015-06-09,'603789,星光农机,61.9,63.55,59.13,60.26,61.59,0.31,0.5033,16.5127,8256370,511523792.0,12380000000.0,3095000000.0
2015-06-08,'603789,星光农机,61.59,66.6,61.5,66.6,66.64,-5.05,-7.578,22.496,11247979,709123337.0,12318000000.0,3079500000.0
2015-06-05,'603789,星光农机,66.64,68.1,64.18,65.8,63.06,3.58,5.6771,26.9259,13462951,892948391.0,13328000000.0,3332000000.0
2015-06-04,'603789,星光农机,63.06,69.0,62.82,68.0,69.8,-6.74,-9.6562,23.4841,11742044,758538545.0,12612000000.0,3153000000.0
2015-06-03,'603789,星光农机,69.8,72.48,67.67,71.06,70.28,-0.48,-0.683,23.7076,11853790,833232626.0,13960000000.0,3490000000.0
2015-06-02,'603789,星光农机,70.28,75.0,69.63,70.02,77.37,-7.09,-9.1638,39.6423,19821132,1393297601.0,14056000000.0,3514000000.0
2015-06-01,'603789,星光农机,77.37,82.1,77.37,81.0,85.97,-8.6,-10.0035,28.6102,14305095,1119809921.0,15474000000.0,3868500000.0
2015-05-29,'603789,星光农机,85.97,97.0,79.46,79.46,88.29,-2.32,-2.6277,49.0674,24533721,2086346162.0,17194000000.0,4298500000.0
2015-05-28,'603789,星光农机,88.29,107.91,88.29,107.91,98.1,-9.81,-10.0,3.8199,1909931,190077763.0,17658000000.0,4414500000.0
2015-05-27,'603789,星光农机,98.1,98.1,98.1,98.1,89.18,8.92,10.0022,0.8692,434600,42634260.0,19620000000.0,4905000000.0
2015-05-26,'603789,星光农机,89.18,89.18,89.18,89.18,81.07,8.11,10.0037,1.0042,502096,44776921.0,17836000000.0,4459000000.0
2015-05-25,'603789,星光农机,81.07,81.07,74.7,81.05,73.7,7.37,10.0,10.1441,5072073,405965079.0,16214000000.0,4053500000.0
2015-05-22,'603789,星光农机,73.7,73.7,71.06,73.7,67.0,6.7,10.0,17.4225,8711274,641095787.0,14740000000.0,3685000000.0
2015-05-21,'603789,星光农机,67.0,67.0,63.95,64.0,60.91,6.09,9.9984,18.3252,9162615,604714715.0,13400000000.0,3350000000.0
2015-05-20,'603789,星光农机,60.91,60.91,52.0,55.7,55.37,5.54,10.0054,33.4887,16744370,983683369.0,12182000000.0,3045500000.0
2015-05-19,'603789,星光农机,55.37,55.37,45.7,55.37,50.34,5.03,9.9921,47.9355,23967741,1247034986.0,11074000000.0,2768500000.0
2015-05-18,'603789,星光农机,50.34,50.34,50.34,50.34,45.76,4.58,10.0087,0.8555,427730,21531928.0,10068000000.0,2517000000.0
2015-05-15,'603789,星光农机,45.76,45.76,45.3,45.75,41.6,4.16,10.0,8.206,4103005,187671932.0,9152000000.0,2288000000.0
2015-05-14,'603789,星光农机,41.6,41.6,40.8,41.0,37.82,3.78,9.9947,15.2488,7624419,315752003.0,8320000000.0,2080000000.0
2015-05-13,'603789,星光农机,37.82,37.82,36.03,37.0,34.38,3.44,10.0058,24.6877,12343855,458265239.0,7564000000.0,1891000000.0
2015-05-12,'603789,星光农机,34.38,34.38,33.01,34.0,31.25,3.13,10.016,12.0215,6010725,204731864.0,6876000000.0,1719000000.0
2015-05-11,'603789,星光农机,31.25,31.25,29.6,29.71,28.41,2.84,9.9965,38.3096,19154810,588986340.0,6250000000.0,1562500000.0
2015-05-08,'603789,星光农机,28.41,28.41,25.91,25.91,25.83,2.58,9.9884,24.8561,12428043,340676784.0,5682000000.0,1420500000.0
2015-05-07,'603789,星光农机,25.83,28.66,25.79,28.66,28.66,-2.83,-9.8744,44.2839,22141954,587317214.0,5166000000.0,1291500000.0
2015-05-06,'603789,星光农机,28.66,28.66,28.66,28.66,26.05,2.61,10.0192,3.4679,1733945,49694864.0,5732000000.0,1433000000.0
2015-05-05,'603789,星光农机,26.05,26.05,26.05,26.05,23.68,2.37,10.0084,0.2434,121700,3170285.0,5210000000.0,1302500000.0
2015-05-04,'603789,星光农机,23.68,23.68,23.68,23.68,21.53,2.15,9.9861,0.1566,78300,1854144.0,4736000000.0,1184000000.0
2015-04-30,'603789,星光农机,21.53,21.53,21.53,21.53,19.57,1.96,10.0153,0.082,41000,882730.0,4306000000.0,1076500000.0
2015-04-29,'603789,星光农机,19.57,19.57,19.57,19.57,17.79,1.78,10.0056,0.0376,18800,367916.0,3914000000.0,978500000.0
2015-04-28,'603789,星光农机,17.79,17.79,17.79,17.79,16.17,1.62,10.0186,0.0271,13566,241339.0,3558000000.0,889500000.0
2015-04-27,'603789,N星光,16.17,16.17,13.48,13.48,11.23,4.94,43.9893,0.0592,29600,478363.0,3234000000.0,808500000.0
