日期,股票代码,名称,收盘价,最高价,最低价,开盘价,前收盘,涨跌额,涨跌幅,换手率,成交量,成交金额,总市值,流通市值
2017-05-15,'603779,威龙股份,21.5,22.5,21.23,22.19,22.4,-0.9,-4.0179,6.2132,3119017,67475327.0,4304300000.0,1079300000.0
2017-05-12,'603779,威龙股份,22.4,23.05,22.21,22.86,23.05,-0.65,-2.82,4.8128,2416022,54383698.0,4484480000.0,1124480000.0
2017-05-11,'603779,威龙股份,23.05,24.15,22.13,24.15,24.45,-1.4,-5.726,5.0363,2528223,58496659.0,4614610000.0,1157110000.0
2017-05-10,'603779,威龙股份,24.45,25.7,24.4,24.55,24.46,-0.01,-0.0409,3.4482,1730983,43242789.0,4894890000.0,1227390000.0
2017-05-09,'603779,威龙股份,24.46,24.76,24.12,24.15,24.41,0.05,0.2048,2.4466,1228204,29994271.0,4896892000.0,1227892000.0
2017-05-08,'603779,威龙股份,24.41,25.87,24.31,25.68,25.92,-1.51,-5.8256,3.5757,1794993,45249379.0,4886882000.0,1225382000.0
2017-05-05,'603779,威龙股份,25.92,26.48,25.23,25.66,25.15,0.77,3.0616,6.0846,3054493,79400544.0,5189184000.0,1301184000.0
2017-05-04,'603779,威龙股份,25.15,25.69,24.8,25.6,25.51,-0.36,-1.4112,2.265,1137027,28788495.0,5035030000.0,1262530000.0
2017-05-03,'603779,威龙股份,25.51,25.75,25.28,25.4,25.65,-0.14,-0.5458,2.3794,1194443,30467909.0,5107102000.0,1280602000.0
2017-05-02,'603779,威龙股份,25.65,26.02,25.51,25.65,25.93,-0.28,-1.0798,2.2474,1128206,29037420.0,5135130000.0,1287630000.0
2017-04-28,'603779,威龙股份,25.93,25.99,25.05,25.05,25.43,0.5,1.9662,3.1351,1573840,40370881.0,5191186000.0,1301686000.0
2017-04-27,'603779,威龙股份,25.43,25.68,24.3,25.45,25.6,-0.17,-0.6641,4.3682,2192838,54726003.0,5091086000.0,1276586000.0
2017-04-26,'603779,威龙股份,25.6,25.8,25.31,25.8,25.62,-0.02,-0.0781,1.7566,881829,22535260.0,5125120000.0,1285120000.0
2017-04-25,'603779,威龙股份,25.62,26.11,25.3,25.5,25.58,0.04,0.1564,2.3276,1168446,29956301.0,5129124000.0,1286124000.0
2017-04-24,'603779,威龙股份,25.58,26.79,25.1,26.43,26.43,-0.85,-3.216,3.2397,1626340,41603342.0,5121116000.0,1284116000.0
2017-04-21,'603779,威龙股份,26.43,27.2,26.36,26.9,26.85,-0.42,-1.5642,2.4207,1215188,32355143.0,5291286000.0,1326786000.0
2017-04-20,'603779,威龙股份,26.85,27.78,26.6,27.3,27.52,-0.67,-2.4346,3.374,1693764,46056091.0,5375370000.0,1347870000.0
2017-04-19,'603779,威龙股份,27.52,27.96,25.91,26.26,26.35,1.17,4.4402,6.5536,3289892,88460712.0,5509504000.0,1381504000.0
2017-04-18,'603779,威龙股份,26.35,26.72,26.11,26.19,26.11,0.24,0.9192,4.0602,2038200,53846927.0,5275270000.0,1322770000.0
2017-04-17,'603779,威龙股份,26.11,28.5,25.8,27.3,28.67,-2.56,-8.9292,6.8324,3429848,91709703.0,5227222000.0,1310722000.0
2017-04-14,'603779,威龙股份,28.67,29.86,28.6,29.67,29.68,-1.01,-3.403,3.9994,2007708,58453194.0,5739734000.0,1439234000.0
2017-04-13,'603779,威龙股份,29.68,29.99,29.54,29.54,29.73,-0.05,-0.1682,2.3796,1194551,35559833.0,5941936000.0,1489936000.0
2017-04-12,'603779,威龙股份,29.73,30.5,29.65,30.5,30.23,-0.5,-1.654,2.9676,1489759,44492368.0,5951946000.0,1492446000.0
2017-04-11,'603779,威龙股份,30.23,30.6,29.3,30.23,30.23,0.0,0.0,5.8839,2953733,88262715.0,6052046000.0,1517546000.0
2017-04-10,'603779,威龙股份,30.23,31.35,30.13,31.34,31.03,-0.8,-2.5782,5.311,2666132,82013757.0,6052046000.0,1517546000.0
2017-04-07,'603779,威龙股份,31.03,31.73,30.9,31.68,31.63,-0.6,-1.8969,5.149,2584800,80376212.0,6212206000.0,1557706000.0
2017-04-06,'603779,威龙股份,31.63,32.11,31.45,32.1,31.58,0.05,0.1583,3.2424,1627700,51508293.0,6332326000.0,1587826000.0
2017-04-05,'603779,威龙股份,31.58,31.98,30.13,31.0,31.1,0.48,1.5434,4.0526,2034411,64267631.0,6322316000.0,1585316000.0
2017-03-31,'603779,威龙股份,31.1,31.6,31.02,31.08,31.0,0.1,0.3226,4.4178,2217723,69249261.0,6226220000.0,1561220000.0
2017-03-30,'603779,威龙股份,31.0,32.85,30.95,32.85,33.17,-2.17,-6.5421,12.2015,6125141,193576802.0,6206200000.0,1556200000.0
2017-03-29,'603779,威龙股份,33.17,34.57,33.09,34.06,34.21,-1.04,-3.04,9.1984,4617601,155642923.0,6640634000.0,1665134000.0
2017-03-28,'603779,威龙股份,34.21,34.99,33.95,34.58,34.74,-0.53,-1.5256,9.4701,4754010,163146438.0,6848842000.0,1717342000.0
2017-03-27,'603779,威龙股份,34.74,34.9,33.26,33.59,33.46,1.28,3.8255,15.626,7844246,268894964.0,6954948000.0,1743948000.0
2017-03-24,'603779,威龙股份,33.46,33.72,33.08,33.4,33.34,0.12,0.3599,5.684,2853377,95264730.0,6698692000.0,1679692000.0
2017-03-23,'603779,威龙股份,33.34,33.82,32.86,33.5,33.64,-0.3,-0.8918,7.8114,3921301,130717099.0,6674668000.0,1673668000.0
2017-03-22,'603779,威龙股份,33.64,34.08,33.1,34.0,34.38,-0.74,-2.1524,9.2507,4643848,155950039.0,6734728000.0,1688728000.0
2017-03-21,'603779,威龙股份,34.38,34.5,33.75,33.95,33.74,0.64,1.8969,9.0048,4520395,154801703.0,6882876000.0,1725876000.0
2017-03-20,'603779,威龙股份,33.74,33.85,33.0,33.0,34.06,-0.32,-0.9395,7.1258,3577139,119862235.0,6754748000.0,1693748000.0
2017-03-17,'603779,威龙股份,34.06,35.0,34.02,35.0,34.91,-0.85,-2.4348,10.7499,5396444,185922748.0,6818812000.0,1709812000.0
2017-03-16,'603779,威龙股份,34.91,35.2,34.44,34.68,34.5,0.41,1.1884,11.36,5702700,198288757.0,6988982000.0,1752482000.0
2017-03-15,'603779,威龙股份,34.5,35.14,34.28,35.0,35.17,-0.67,-1.905,9.9861,5013000,173498984.0,6906900000.0,1731900000.0
2017-03-14,'603779,威龙股份,35.17,35.8,34.3,34.42,34.54,0.63,1.824,18.0613,9066773,319331722.0,7041034000.0,1765534000.0
2017-03-13,'603779,威龙股份,34.54,34.65,33.9,34.4,34.64,-0.1,-0.2887,7.65,3840282,131658159.0,6914908000.0,1733908000.0
2017-03-10,'603779,威龙股份,34.64,35.23,34.27,34.55,34.87,-0.23,-0.6596,11.7021,5874454,203724451.0,6934928000.0,1738928000.0
2017-03-09,'603779,威龙股份,34.87,35.48,33.67,34.0,33.88,0.99,2.9221,18.4716,9272732,322341677.0,6980974000.0,1750474000.0
2017-03-08,'603779,威龙股份,33.88,34.5,33.74,34.13,34.53,-0.65,-1.8824,10.0169,5028474,171164582.0,6782776000.0,1700776000.0
2017-03-07,'603779,威龙股份,34.53,34.97,33.61,33.8,33.71,0.82,2.4325,17.0013,8534664,293541483.0,6912906000.0,1733406000.0
2017-03-06,'603779,威龙股份,33.71,33.87,32.88,33.25,33.01,0.7,2.1206,9.0348,4535467,151931005.0,6748742000.0,1692242000.0
2017-03-03,'603779,威龙股份,33.01,33.23,32.6,32.69,32.87,0.14,0.4259,4.9839,2501913,82472243.0,6608602000.0,1657102000.0
2017-03-02,'603779,威龙股份,32.87,33.68,32.8,33.62,33.65,-0.78,-2.318,7.4645,3747199,124149856.0,6580574000.0,1650074000.0
2017-03-01,'603779,威龙股份,33.65,33.97,33.18,33.18,33.51,0.14,0.4178,7.1686,3598632,120540260.0,6736730000.0,1689230000.0
2017-02-28,'603779,威龙股份,33.51,33.84,33.2,33.42,33.62,-0.11,-0.3272,6.5234,3274751,109422479.0,6708702000.0,1682202000.0
2017-02-27,'603779,威龙股份,33.62,34.6,33.55,34.59,34.51,-0.89,-2.579,9.0805,4558409,155148499.0,6730724000.0,1687724000.0
2017-02-24,'603779,威龙股份,34.51,34.68,33.0,33.08,33.07,1.44,4.3544,16.1175,8090991,276897239.0,6908902000.0,1732402000.0
2017-02-23,'603779,威龙股份,33.07,33.27,32.6,32.78,32.96,0.11,0.3337,6.3824,3203977,105595803.0,6620614000.0,1660114000.0
2017-02-22,'603779,威龙股份,32.96,33.58,32.71,33.3,33.41,-0.45,-1.3469,7.3702,3699863,122354611.0,6598592000.0,1654592000.0
2017-02-21,'603779,威龙股份,33.41,33.92,32.96,33.1,33.11,0.3,0.9061,8.0027,4017370,134461759.0,6688682000.0,1677182000.0
2017-02-20,'603779,威龙股份,33.11,33.29,32.45,32.5,32.67,0.44,1.3468,6.9288,3478275,114242134.0,6628622000.0,1662122000.0
2017-02-17,'603779,威龙股份,32.67,33.45,32.5,32.81,33.14,-0.47,-1.4182,6.8756,3451535,113582470.0,6540534000.0,1640034000.0
2017-02-16,'603779,威龙股份,33.14,33.49,32.85,33.38,33.73,-0.59,-1.7492,9.3508,4694120,155337508.0,6634628000.0,1663628000.0
2017-02-15,'603779,威龙股份,33.73,34.65,33.7,34.35,34.3,-0.57,-1.6618,9.804,4921630,167911589.0,6752746000.0,1693246000.0
2017-02-14,'603779,威龙股份,34.3,34.85,34.07,34.85,34.84,-0.54,-1.5499,8.065,4048645,139122176.0,6866860000.0,1721860000.0
2017-02-13,'603779,威龙股份,34.84,35.5,34.1,34.51,34.83,0.01,0.0287,11.5305,5788297,201687787.0,6974968000.0,1748968000.0
2017-02-10,'603779,威龙股份,34.83,35.83,34.73,35.52,36.04,-1.21,-3.3574,16.3204,8192846,288180579.0,6972966000.0,1748466000.0
2017-02-09,'603779,威龙股份,36.04,36.2,34.05,34.5,34.58,1.46,4.2221,24.5435,12320826,435742871.0,7215208000.0,1809208000.0
2017-02-08,'603779,威龙股份,34.58,35.17,33.49,33.49,33.39,1.19,3.5639,20.2228,10151842,348752339.0,6922916000.0,1735916000.0
2017-02-07,'603779,威龙股份,33.39,33.68,32.94,33.26,33.44,-0.05,-0.1495,9.5821,4810212,160085522.0,6684678000.0,1676178000.0
2017-02-06,'603779,威龙股份,33.44,33.69,32.0,32.0,32.4,1.04,3.2099,10.7882,5415652,179871829.0,6694688000.0,1678688000.0
2017-02-03,'603779,威龙股份,32.4,32.95,32.3,32.68,32.69,-0.29,-0.8871,4.4606,2239200,72894499.0,6486480000.0,1626480000.0
2017-01-26,'603779,威龙股份,32.69,33.38,32.22,33.02,33.08,-0.39,-1.179,6.9402,3483965,114488270.0,6544538000.0,1641038000.0
2017-01-25,'603779,威龙股份,33.08,33.48,32.5,32.83,32.97,0.11,0.3336,7.315,3672136,121787913.0,6622616000.0,1660616000.0
2017-01-24,'603779,威龙股份,32.97,34.37,32.88,34.2,34.48,-1.51,-4.3794,11.8962,5971899,199993964.0,6600594000.0,1655094000.0
2017-01-23,'603779,威龙股份,34.48,34.76,33.85,34.1,34.17,0.31,0.9072,9.7475,4893238,167882205.0,6902896000.0,1730896000.0
2017-01-20,'603779,威龙股份,34.17,34.48,33.3,33.7,33.77,0.4,1.1845,9.8875,4963508,168715832.0,6840834000.0,1715334000.0
2017-01-19,'603779,威龙股份,33.77,34.74,33.25,33.98,34.12,-0.35,-1.0258,11.8136,5930427,202137164.0,6760754000.0,1695254000.0
2017-01-18,'603779,威龙股份,34.12,35.1,33.33,34.14,34.1,0.02,0.0587,13.5805,6817408,233133089.0,6830824000.0,1712824000.0
2017-01-17,'603779,威龙股份,34.1,34.5,31.89,33.0,32.85,1.25,3.8052,13.9301,6992928,232554940.0,6826820000.0,1711820000.0
2017-01-16,'603779,威龙股份,32.85,34.5,31.35,33.99,33.89,-1.04,-3.0688,15.1811,7620897,254813535.0,6576570000.0,1649070000.0
2017-01-13,'603779,威龙股份,33.89,35.82,33.58,35.04,35.46,-1.57,-4.4275,17.554,8812125,303942293.0,6784778000.0,1701278000.0
2017-01-12,'603779,威龙股份,35.46,38.12,35.36,37.88,38.47,-3.01,-7.8243,22.4765,11283208,415997648.0,7099092000.0,1780092000.0
2017-01-11,'603779,威龙股份,38.47,38.75,36.36,37.25,37.53,0.94,2.5047,33.0276,16579831,627968857.0,7701694000.0,1931194000.0
2017-01-10,'603779,威龙股份,37.53,38.63,37.16,37.6,38.23,-0.7,-1.831,22.978,11534945,436784572.0,7513506000.0,1884006000.0
2017-01-09,'603779,威龙股份,38.23,40.5,38.11,40.5,42.34,-4.11,-9.7071,48.209,24200916,929431030.0,7653646000.0,1919146000.0
2017-01-06,'603779,威龙股份,42.34,44.05,42.34,43.52,47.04,-4.7,-9.9915,24.8163,12457800,530576094.0,8476468000.0,2125468000.0
2017-01-05,'603779,威龙股份,47.04,51.27,47.04,48.5,52.27,-5.23,-10.0057,59.2815,29759307,1415077386.0,9417408000.0,2361408000.0
2017-01-04,'603779,威龙股份,52.27,52.27,46.88,47.68,47.52,4.75,9.9958,32.0942,16111302,807191894.0,10464454000.0,2623954000.0
2017-01-03,'603779,威龙股份,47.52,47.52,42.03,43.2,43.2,4.32,10.0,24.8402,12469768,573642945.0,9513504000.0,2385504000.0
2016-12-30,'603779,威龙股份,43.2,44.44,41.5,41.98,42.38,0.82,1.9349,20.7679,10425476,451963095.0,8648640000.0,2168640000.0
2016-12-29,'603779,威龙股份,42.38,43.6,40.55,40.55,41.14,1.24,3.0141,27.2847,13696937,581701454.0,8484476000.0,2127476000.0
2016-12-28,'603779,威龙股份,41.14,41.65,39.56,40.4,41.27,-0.13,-0.315,26.0031,13053546,530072987.0,8236228000.0,2065228000.0
2016-12-27,'603779,威龙股份,41.27,42.56,40.2,41.7,41.77,-0.5,-1.197,31.4157,15770704,657586842.0,8262254000.0,2071754000.0
2016-12-26,'603779,威龙股份,41.77,44.7,41.02,41.34,45.58,-3.81,-8.3589,26.7296,13418237,572862752.0,8362354000.0,2096854000.0
2016-12-23,'603779,威龙股份,45.58,45.88,40.55,40.55,41.98,3.6,8.5755,44.2202,22198542,962716644.0,9125116000.0,2288116000.0
2016-12-22,'603779,威龙股份,41.98,42.02,40.4,40.5,41.91,0.07,0.167,24.5059,12301966,509577809.0,8404396000.0,2107396000.0
2016-12-21,'603779,威龙股份,41.91,41.95,37.5,37.64,38.14,3.77,9.8846,43.1501,21661364,867352036.0,8390382000.0,2103882000.0
2016-12-20,'603779,威龙股份,38.14,40.1,37.2,38.73,38.04,0.1,0.2629,44.0909,22133625,863343211.0,7635628000.0,1914628000.0
2016-12-19,'603779,威龙股份,38.04,38.04,32.65,34.0,34.58,3.46,10.0058,42.8189,21495067,782175937.0,7615608000.0,1909608000.0
2016-12-16,'603779,威龙股份,34.58,34.67,32.47,32.77,32.77,1.81,5.5233,26.1118,13108099,439341498.0,6922916000.0,1735916000.0
2016-12-15,'603779,威龙股份,32.77,32.77,29.65,29.65,29.79,2.98,10.0034,13.0409,6546511,210307818.0,6560554000.0,1645054000.0
2016-12-14,'603779,威龙股份,29.79,30.4,29.0,30.38,30.17,-0.38,-1.2595,3.9426,1979165,58528189.0,5963958000.0,1495458000.0
2016-12-13,'603779,威龙股份,30.17,30.6,29.57,29.99,29.99,0.18,0.6002,3.0111,1511554,45482282.0,6040034000.0,1514534000.0
2016-12-12,'603779,威龙股份,29.99,32.28,29.9,32.06,32.14,-2.15,-6.6895,4.0785,2047396,63929355.0,6003998000.0,1505498000.0
2016-12-09,'603779,威龙股份,32.14,32.89,31.84,32.73,32.91,-0.77,-2.3397,3.5807,1797501,57797941.0,6434428000.0,1613428000.0
2016-12-08,'603779,威龙股份,32.91,33.59,32.86,33.0,33.0,-0.09,-0.2727,3.2379,1625432,53920730.0,6588582000.0,1652082000.0
2016-12-07,'603779,威龙股份,33.0,33.4,32.81,33.36,32.98,0.02,0.0606,2.5935,1301930,42981029.0,6606600000.0,1656600000.0
2016-12-06,'603779,威龙股份,32.98,33.25,32.58,32.58,32.77,0.21,0.6408,2.5203,1265190,41717474.0,6602596000.0,1655596000.0
2016-12-05,'603779,威龙股份,32.77,33.06,32.22,32.22,31.98,0.79,2.4703,3.938,1976863,64715571.0,6560554000.0,1645054000.0
2016-12-02,'603779,威龙股份,31.98,33.87,31.85,33.77,33.73,-1.75,-5.1883,5.0371,2528628,82571592.0,6402396000.0,1605396000.0
2016-12-01,'603779,威龙股份,33.73,33.92,33.3,33.6,33.28,0.45,1.3522,2.8446,1427970,47899124.0,6752746000.0,1693246000.0
2016-11-30,'603779,威龙股份,33.28,34.51,33.0,34.51,34.6,-1.32,-3.815,4.9622,2491018,83410018.0,6662656000.0,1670656000.0
2016-11-29,'603779,威龙股份,34.6,35.15,34.55,34.55,34.61,-0.01,-0.0289,3.6781,1846412,64396260.0,6926920000.0,1736920000.0
2016-11-28,'603779,威龙股份,34.61,35.47,34.51,35.19,35.04,-0.43,-1.2272,4.2285,2122720,74062957.0,6928922000.0,1737422000.0
2016-11-25,'603779,威龙股份,35.04,35.8,33.93,35.5,35.63,-0.59,-1.6559,6.8447,3436062,119316325.0,7015008000.0,1759008000.0
2016-11-24,'603779,威龙股份,35.63,36.51,35.3,36.51,36.27,-0.64,-1.7645,6.7313,3379098,121085816.0,7133126000.0,1788626000.0
2016-11-23,'603779,威龙股份,36.27,37.75,36.09,37.13,37.33,-1.06,-2.8395,6.8582,3442799,126938013.0,7261254000.0,1820754000.0
2016-11-22,'603779,威龙股份,37.33,38.23,37.09,37.9,37.7,-0.37,-0.9814,9.4282,4732941,178085801.0,7473466000.0,1873966000.0
2016-11-21,'603779,威龙股份,37.7,38.18,36.0,36.22,36.34,1.36,3.7424,13.6447,6849643,255576695.0,7547540000.0,1892540000.0
2016-11-18,'603779,威龙股份,36.34,36.84,35.8,35.86,35.92,0.42,1.1693,7.5252,3777659,137651947.0,7275268000.0,1824268000.0
2016-11-17,'603779,威龙股份,35.92,36.36,35.61,35.7,35.93,-0.01,-0.0278,4.9688,2494359,89727272.0,7191184000.0,1803184000.0
2016-11-16,'603779,威龙股份,35.93,36.87,35.84,36.8,36.87,-0.94,-2.5495,7.2426,3635802,131411996.0,7193186000.0,1803686000.0
2016-11-15,'603779,威龙股份,36.87,37.78,36.5,37.49,37.6,-0.73,-1.9415,12.3325,6190935,228690745.0,7381374000.0,1850874000.0
2016-11-14,'603779,威龙股份,37.6,37.62,35.35,35.35,35.85,1.75,4.8815,19.825,9952129,365826393.0,7527520000.0,1887520000.0
2016-11-11,'603779,威龙股份,35.85,36.9,35.66,36.13,36.21,-0.36,-0.9942,12.9506,6501213,235011198.0,7177170000.0,1799670000.0
2016-11-10,'603779,威龙股份,36.21,36.88,34.82,34.88,34.73,1.48,4.2614,17.8389,8955134,322264706.0,7249242000.0,1817742000.0
2016-11-09,'603779,威龙股份,34.73,35.25,33.6,35.2,35.23,-0.5,-1.4192,11.582,5814171,201029356.0,6952946000.0,1743446000.0
2016-11-08,'603779,威龙股份,35.23,35.49,34.28,34.66,34.27,0.96,2.8013,10.8657,5454563,190123011.0,7053046000.0,1768546000.0
2016-11-07,'603779,威龙股份,34.27,35.48,34.1,35.19,34.68,-0.41,-1.1822,10.0347,5037431,174023630.0,6860854000.0,1720354000.0
2016-11-04,'603779,威龙股份,34.68,35.75,33.21,33.21,33.46,1.22,3.6461,15.9011,7982346,277907678.0,6942936000.0,1740936000.0
2016-11-03,'603779,威龙股份,33.46,33.9,32.64,32.9,32.81,0.65,1.9811,10.261,5151017,172380519.0,6698692000.0,1679692000.0
2016-11-02,'603779,威龙股份,32.81,33.26,32.28,32.56,32.55,0.26,0.7988,6.1614,3093027,101726126.0,6568562000.0,1647062000.0
2016-11-01,'603779,威龙股份,32.55,32.65,31.99,32.0,31.99,0.56,1.7505,4.4037,2210638,71719575.0,6516510000.0,1634010000.0
2016-10-31,'603779,威龙股份,31.99,32.8,31.83,32.8,32.84,-0.85,-2.5883,4.595,2306701,74100622.0,6404398000.0,1605898000.0
2016-10-28,'603779,威龙股份,32.84,33.65,32.8,33.5,33.63,-0.79,-2.3491,5.8302,2926741,96860562.0,6574568000.0,1648568000.0
2016-10-27,'603779,威龙股份,33.63,33.65,32.6,33.36,33.48,0.15,0.448,7.0599,3544078,117508415.0,6732726000.0,1688226000.0
2016-10-26,'603779,威龙股份,33.48,34.54,33.25,34.0,34.43,-0.95,-2.7592,12.6299,6340187,213646292.0,6702696000.0,1680696000.0
2016-10-25,'603779,威龙股份,34.43,35.18,32.05,32.05,32.29,2.14,6.6274,19.9406,10010170,339534630.0,6892886000.0,1728386000.0
2016-10-24,'603779,威龙股份,32.29,33.6,32.1,32.28,32.21,0.08,0.2484,6.0988,3061617,99596507.0,6464458000.0,1620958000.0
2016-10-21,'603779,威龙股份,32.21,32.29,31.78,32.29,32.2,0.01,0.0311,3.3684,1690957,54190263.0,6448442000.0,1616942000.0
2016-10-20,'603779,威龙股份,32.2,32.58,32.1,32.34,32.39,-0.19,-0.5866,2.8294,1420349,45797184.0,6446440000.0,1616440000.0
2016-10-19,'603779,威龙股份,32.39,32.9,32.31,32.6,32.76,-0.37,-1.1294,4.0958,2056113,66750807.0,6484478000.0,1625978000.0
2016-10-18,'603779,威龙股份,32.76,34.03,31.58,31.76,31.8,0.96,3.0189,7.4628,3746314,122809983.0,6558552000.0,1644552000.0
2016-10-17,'603779,威龙股份,31.8,32.78,31.74,32.56,32.56,-0.76,-2.3342,5.4299,2725787,88204238.0,6366360000.0,1596360000.0
2016-10-14,'603779,威龙股份,32.56,32.82,31.61,31.83,31.93,0.63,1.9731,6.0778,3051059,97891136.0,6518512000.0,1634512000.0
2016-10-13,'603779,威龙股份,31.93,32.31,31.7,31.7,31.99,-0.06,-0.1876,5.0348,2527477,80813469.0,6392386000.0,1602886000.0
2016-10-12,'603779,威龙股份,31.99,32.56,30.65,30.65,30.74,1.25,4.0664,10.8806,5462047,174160538.0,6404398000.0,1605898000.0
2016-10-11,'603779,威龙股份,30.74,30.82,30.51,30.8,30.83,-0.09,-0.2919,3.3117,1662468,50964397.0,6154148000.0,1543148000.0
2016-10-10,'603779,威龙股份,30.83,30.88,30.0,30.0,29.92,0.91,3.0414,4.4638,2240848,68436929.0,6172166000.0,1547666000.0
2016-09-30,'603779,威龙股份,29.92,30.06,29.8,29.89,29.89,0.03,0.1004,2.7621,1386560,41482855.0,5989984000.0,1501984000.0
2016-09-29,'603779,威龙股份,29.89,30.25,29.85,29.9,29.85,0.04,0.134,2.9054,1458522,43776266.0,5983978000.0,1500478000.0
2016-09-28,'603779,威龙股份,29.85,30.43,29.79,30.26,30.26,-0.41,-1.3549,3.3192,1666262,49972878.0,5975970000.0,1498470000.0
2016-09-27,'603779,威龙股份,30.26,30.3,29.6,29.9,29.92,0.34,1.1364,3.6227,1818606,54751264.0,6058052000.0,1519052000.0
2016-09-26,'603779,威龙股份,29.92,31.47,29.81,31.25,31.7,-1.78,-5.6151,7.6785,3854584,117621672.0,5989984000.0,1501984000.0
2016-09-23,'603779,威龙股份,31.7,32.98,31.6,32.98,32.89,-1.19,-3.6181,7.4338,3731747,119860588.0,6346340000.0,1591340000.0
2016-09-22,'603779,威龙股份,32.89,33.42,32.7,33.33,33.14,-0.25,-0.7544,6.0335,3028799,99957525.0,6584578000.0,1651078000.0
2016-09-21,'603779,威龙股份,33.14,33.67,33.01,33.5,33.33,-0.19,-0.5701,3.855,1935199,64193583.0,6634628000.0,1663628000.0
2016-09-20,'603779,威龙股份,33.33,34.24,33.21,34.13,34.16,-0.83,-2.4297,5.3817,2701617,90860421.0,6672666000.0,1673166000.0
2016-09-19,'603779,威龙股份,34.16,34.55,33.8,34.09,34.45,-0.29,-0.8418,4.9929,2506427,85437834.0,6838832000.0,1714832000.0
2016-09-14,'603779,威龙股份,34.45,35.9,34.0,35.66,36.38,-1.93,-5.3051,7.9202,3975952,137314227.0,6896890000.0,1729390000.0
2016-09-13,'603779,威龙股份,36.38,38.09,35.11,35.8,34.64,1.74,5.0231,15.3082,7684694,281725107.0,7283276000.0,1826276000.0
2016-09-12,'603779,威龙股份,0.0,0.0,0.0,0.0,34.64,None,None,0.0,0,0.0,6934928000.0,1738928000.0
2016-09-09,'603779,威龙股份,0.0,0.0,0.0,0.0,34.64,None,None,0.0,0,0.0,6934928000.0,1738928000.0
2016-09-08,'603779,威龙股份,0.0,0.0,0.0,0.0,34.64,None,None,0.0,0,0.0,6934928000.0,1738928000.0
2016-09-07,'603779,威龙股份,0.0,0.0,0.0,0.0,34.64,None,None,0.0,0,0.0,6934928000.0,1738928000.0
2016-09-06,'603779,威龙股份,0.0,0.0,0.0,0.0,34.64,None,None,0.0,0,0.0,6934928000.0,1738928000.0
2016-09-05,'603779,威龙股份,0.0,0.0,0.0,0.0,34.64,None,None,0.0,0,0.0,6934928000.0,1738928000.0
2016-09-02,'603779,威龙股份,34.64,35.5,34.58,35.0,35.3,-0.66,-1.8697,3.9509,1983329,69242670.0,6934928000.0,1738928000.0
2016-09-01,'603779,威龙股份,35.3,35.89,35.29,35.5,35.65,-0.35,-0.9818,3.5794,1796877,64010506.0,7067060000.0,1772060000.0
2016-08-31,'603779,威龙股份,35.65,35.79,35.18,35.7,35.52,0.13,0.366,3.6959,1855357,65860761.0,7137130000.0,1789630000.0
2016-08-30,'603779,威龙股份,35.52,35.9,35.38,35.78,35.54,-0.02,-0.0563,2.817,1414143,50374104.0,7111104000.0,1783104000.0
2016-08-29,'603779,威龙股份,35.54,35.79,35.11,35.19,35.35,0.19,0.5375,3.5347,1774408,63145005.0,7115108000.0,1784108000.0
2016-08-26,'603779,威龙股份,35.35,36.18,35.21,35.66,35.51,-0.16,-0.4506,4.0707,2043468,73004981.0,7077070000.0,1774570000.0
2016-08-25,'603779,威龙股份,35.51,35.76,34.49,35.7,35.99,-0.48,-1.3337,6.2148,3119829,109655613.0,7109102000.0,1782602000.0
2016-08-24,'603779,威龙股份,35.99,36.36,35.85,36.28,36.23,-0.24,-0.6624,4.4299,2223811,80340662.0,7205198000.0,1806698000.0
2016-08-23,'603779,威龙股份,36.23,36.39,35.78,35.9,35.82,0.41,1.1446,4.6425,2330526,84094438.0,7253246000.0,1818746000.0
2016-08-22,'603779,威龙股份,35.82,37.39,35.61,37.39,37.39,-1.57,-4.199,7.7059,3868338,140682840.0,7171164000.0,1798164000.0
2016-08-19,'603779,威龙股份,37.39,38.05,37.1,37.98,37.93,-0.54,-1.4237,6.3708,3198135,120035956.0,7485478000.0,1876978000.0
2016-08-18,'603779,威龙股份,37.93,38.52,37.56,38.51,38.55,-0.62,-1.6083,10.94,5491881,208443525.0,7593586000.0,1904086000.0
2016-08-17,'603779,威龙股份,38.55,38.87,37.51,37.68,37.6,0.95,2.5266,14.9846,7522265,288083326.0,7717710000.0,1935210000.0
2016-08-16,'603779,威龙股份,37.6,38.64,37.3,37.45,37.75,-0.15,-0.3974,14.3942,7225875,273878315.0,7527520000.0,1887520000.0
2016-08-15,'603779,威龙股份,37.75,38.2,35.75,35.92,35.92,1.83,5.0947,14.8406,7449981,278871670.0,7557550000.0,1895050000.0
2016-08-12,'603779,威龙股份,35.92,36.16,35.02,35.7,35.58,0.34,0.9556,8.8233,4429305,157851454.0,7191184000.0,1803184000.0
2016-08-11,'603779,威龙股份,35.58,37.65,35.53,36.72,37.22,-1.64,-4.4062,9.0208,4528438,166159106.0,7123116000.0,1786116000.0
2016-08-10,'603779,威龙股份,37.22,37.65,36.8,37.58,37.58,-0.36,-0.958,11.4255,5735623,213798906.0,7451444000.0,1868444000.0
2016-08-09,'603779,威龙股份,37.58,37.88,37.0,37.11,37.8,-0.22,-0.582,13.0157,6533898,244060622.0,7523516000.0,1886516000.0
2016-08-08,'603779,威龙股份,37.8,38.17,36.7,37.5,37.38,0.42,1.1236,19.5292,9803676,368058875.0,7567560000.0,1897560000.0
2016-08-05,'603779,威龙股份,37.38,37.44,35.25,35.64,35.64,1.74,4.8822,18.9544,9515095,349884516.0,7483476000.0,1876476000.0
2016-08-04,'603779,威龙股份,35.64,36.0,35.27,35.75,35.92,-0.28,-0.7795,5.1612,2590907,92306161.0,7135128000.0,1789128000.0
2016-08-03,'603779,威龙股份,35.92,36.2,34.83,35.1,35.05,0.87,2.4822,8.1191,4075806,145101476.0,7191184000.0,1803184000.0
2016-08-02,'603779,威龙股份,35.05,35.33,34.39,34.59,34.39,0.66,1.9192,5.3392,2680271,93535773.0,7017010000.0,1759510000.0
2016-08-01,'603779,威龙股份,34.39,36.45,33.88,36.45,36.83,-2.44,-6.625,7.0644,3546327,123054911.0,6884878000.0,1726378000.0
2016-07-29,'603779,威龙股份,36.83,37.32,36.16,37.18,37.08,-0.25,-0.6742,7.3248,3677038,135686576.0,7373366000.0,1848866000.0
2016-07-28,'603779,威龙股份,37.08,37.5,35.71,37.2,37.31,-0.23,-0.6165,8.2337,4133302,152415606.0,7423416000.0,1861416000.0
2016-07-27,'603779,威龙股份,37.31,40.68,36.25,40.55,40.24,-2.93,-7.2813,12.8211,6436185,245537905.0,7469462000.0,1872962000.0
2016-07-26,'603779,威龙股份,40.24,40.35,39.29,39.4,39.46,0.78,1.9767,7.39,3709759,148523000.0,8056048000.0,2020048000.0
2016-07-25,'603779,威龙股份,39.46,40.46,38.96,38.96,39.34,0.12,0.305,8.396,4214798,166516113.0,7899892000.0,1980892000.0
2016-07-22,'603779,威龙股份,39.34,41.95,38.5,41.8,41.77,-2.43,-5.8176,17.5365,8803325,350830552.0,7875868000.0,1974868000.0
2016-07-21,'603779,威龙股份,41.77,43.56,41.68,42.9,42.94,-1.17,-2.7247,13.0931,6572716,279927033.0,8362354000.0,2096854000.0
2016-07-20,'603779,威龙股份,42.94,43.93,42.9,43.41,43.41,-0.47,-1.0827,8.8446,4440000,192816477.0,8596588000.0,2155588000.0
2016-07-19,'603779,威龙股份,43.41,44.44,42.52,44.3,44.08,-0.67,-1.52,12.895,6473288,280674556.0,8690682000.0,2179182000.0
2016-07-18,'603779,威龙股份,44.08,45.47,43.71,45.47,45.83,-1.75,-3.8185,15.1679,7614300,337133069.0,8824816000.0,2212816000.0
2016-07-15,'603779,威龙股份,45.83,47.18,44.75,44.8,45.21,0.62,1.3714,23.6119,11853165,545100239.0,9175166000.0,2300666000.0
2016-07-14,'603779,威龙股份,45.21,45.45,43.55,44.55,44.67,0.54,1.2089,14.1657,7111206,316880000.0,9051042000.0,2269542000.0
2016-07-13,'603779,威龙股份,44.67,46.5,44.27,45.5,46.0,-1.33,-2.8913,21.6997,10893267,492115542.0,8942934000.0,2242434000.0
2016-07-12,'603779,威龙股份,46.0,46.66,42.75,42.9,42.83,3.17,7.4014,28.0628,14087534,628269387.0,9209200000.0,2309200000.0
2016-07-11,'603779,威龙股份,42.83,45.99,42.0,45.28,45.55,-2.72,-5.9715,22.8466,11469009,499701497.0,8574566000.0,2150066000.0
2016-07-08,'603779,威龙股份,45.55,47.0,45.31,46.47,47.28,-1.73,-3.6591,24.1352,12115892,556698924.0,9119110000.0,2286610000.0
2016-07-07,'603779,威龙股份,47.28,48.91,44.52,44.96,45.26,2.02,4.4631,40.894,20528803,969047430.0,9465456000.0,2373456000.0
2016-07-06,'603779,威龙股份,45.26,45.61,42.8,44.51,44.73,0.53,1.1849,31.8166,15971934,709559019.0,9061052000.0,2272052000.0
2016-07-05,'603779,威龙股份,44.73,45.16,42.9,43.03,42.84,1.89,4.4118,29.8675,14993484,665395315.0,8954946000.0,2245446000.0
2016-07-04,'603779,威龙股份,42.84,43.28,41.0,42.0,42.28,0.56,1.3245,16.9051,8486356,361271840.0,8576568000.0,2150568000.0
2016-07-01,'603779,威龙股份,42.28,43.2,41.7,41.7,41.96,0.32,0.7626,16.1605,8112582,344703082.0,8464456000.0,2122456000.0
2016-06-30,'603779,威龙股份,41.96,44.44,41.3,43.38,45.61,-3.65,-8.0026,32.0968,16112584,691936324.0,8400392000.0,2106392000.0
2016-06-29,'603779,威龙股份,45.61,46.94,42.0,43.5,43.19,2.42,5.6031,47.495,23842490,1052367150.0,9131122000.0,2289622000.0
2016-06-28,'603779,威龙股份,43.19,43.94,40.58,41.25,41.22,1.97,4.7792,35.3546,17747992,757977583.0,8646638000.0,2168138000.0
2016-06-27,'603779,威龙股份,41.22,41.81,39.16,39.16,40.07,1.15,2.87,22.0326,11060386,452738862.0,8252244000.0,2069244000.0
2016-06-24,'603779,威龙股份,40.07,41.64,37.16,41.26,41.16,-1.09,-2.6482,25.9881,13046009,520329708.0,8022014000.0,2011514000.0
2016-06-23,'603779,威龙股份,41.16,42.88,40.79,42.39,42.61,-1.45,-3.403,23.7753,11935180,496541247.0,8240232000.0,2066232000.0
2016-06-22,'603779,威龙股份,42.61,43.85,41.79,42.89,43.95,-1.34,-3.0489,34.2228,17179833,731370904.0,8530522000.0,2139022000.0
2016-06-21,'603779,威龙股份,43.95,45.23,40.7,41.3,41.26,2.69,6.5196,53.2356,26724258,1146822009.0,8798790000.0,2206290000.0
2016-06-20,'603779,威龙股份,41.26,42.4,39.13,40.7,40.88,0.38,0.9295,38.3131,19233196,788896181.0,8260252000.0,2071252000.0
2016-06-17,'603779,威龙股份,40.88,42.5,38.6,39.21,39.69,1.19,2.9982,45.0344,22607266,912475783.0,8184176000.0,2052176000.0
2016-06-16,'603779,威龙股份,39.69,41.8,39.5,40.11,41.2,-1.51,-3.665,41.4714,20818636,841671031.0,7945938000.0,1992438000.0
2016-06-15,'603779,威龙股份,41.2,44.52,38.5,40.42,40.56,0.64,1.5779,66.5723,33419318,1371667186.0,8248240000.0,2068240000.0
2016-06-14,'603779,威龙股份,40.56,40.56,37.5,37.99,36.87,3.69,10.0081,64.165,32210832,1261226805.0,8120112000.0,2036112000.0
2016-06-13,'603779,威龙股份,36.87,36.87,36.87,36.87,33.52,3.35,9.994,13.0555,6553857,241640708.0,7381374000.0,1850874000.0
2016-06-08,'603779,威龙股份,33.52,33.52,33.52,33.52,30.47,3.05,10.0098,0.4807,241323,8089147.0,6710704000.0,1682704000.0
2016-06-07,'603779,威龙股份,30.47,30.47,30.47,30.47,27.7,2.77,10.0,0.4835,242714,7395496.0,6100094000.0,1529594000.0
2016-06-06,'603779,威龙股份,27.7,27.7,27.7,27.7,25.18,2.52,10.0079,0.4583,230083,6373299.0,5545540000.0,1390540000.0
2016-06-03,'603779,威龙股份,25.18,25.18,25.18,25.18,22.89,2.29,10.0044,1.2259,615424,15496376.0,5041036000.0,1264036000.0
2016-06-02,'603779,威龙股份,22.89,22.89,22.89,22.89,20.81,2.08,9.9952,0.6989,350852,8031002.0,4582578000.0,1149078000.0
2016-06-01,'603779,威龙股份,20.81,20.81,20.81,20.81,18.92,1.89,9.9894,0.4822,242049,5037040.0,4166162000.0,1044662000.0
2016-05-31,'603779,威龙股份,18.92,18.92,18.92,18.92,17.2,1.72,10.0,0.3194,160338,3033595.0,3787784000.0,949784000.0
2016-05-30,'603779,威龙股份,17.2,17.2,17.2,17.2,15.64,1.56,9.9744,0.5862,294279,5061599.0,3443440000.0,863440000.0
2016-05-27,'603779,威龙股份,15.64,15.64,15.64,15.64,14.22,1.42,9.9859,0.8517,427568,6687164.0,3131128000.0,785128000.0
2016-05-26,'603779,威龙股份,14.22,14.22,14.22,14.22,12.93,1.29,9.9768,0.7112,356999,5076526.0,2846844000.0,713844000.0
2016-05-25,'603779,威龙股份,12.93,12.93,12.93,12.93,11.75,1.18,10.0426,0.1172,58812,760439.0,2588586000.0,649086000.0
2016-05-24,'603779,威龙股份,11.75,11.75,11.75,11.75,10.68,1.07,10.0187,0.0889,44629,524391.0,2352350000.0,589850000.0
2016-05-23,'603779,威龙股份,10.68,10.68,10.68,10.68,9.71,0.97,9.9897,0.0499,25032,267342.0,2138136000.0,536136000.0
2016-05-20,'603779,威龙股份,9.71,9.71,9.71,9.71,8.83,0.88,9.966,0.0757,38009,369067.0,1943942000.0,487442000.0
2016-05-19,'603779,威龙股份,8.83,8.83,8.83,8.83,8.03,0.8,9.9626,0.0583,29253,258304.0,1767766000.0,443266000.0
2016-05-18,'603779,威龙股份,8.03,8.03,8.03,8.03,7.3,0.73,10.0,0.027,13576,109015.0,1607606000.0,403106000.0
2016-05-17,'603779,威龙股份,7.3,7.3,7.3,7.3,6.64,0.66,9.9398,0.0265,13300,97090.0,1461460000.0,366460000.0
2016-05-16,'603779,N威龙,6.64,6.64,6.64,6.64,4.61,2.03,44.0347,0.0884,44401,294823.0,1329328000.0,333328000.0
