日期,股票代码,名称,收盘价,最高价,最低价,开盘价,前收盘,涨跌额,涨跌幅,换手率,成交量,成交金额,总市值,流通市值
2017-05-15,'603708,家家悦,22.7,22.96,22.63,22.81,22.82,-0.12,-0.5259,2.0542,1848800,42118367.0,8172000000.0,2043000000.0
2017-05-12,'603708,家家悦,22.82,22.92,22.53,22.79,22.79,0.03,0.1316,2.7451,2470612,56174240.0,8215200000.0,2053800000.0
2017-05-11,'603708,家家悦,22.79,22.82,22.09,22.29,22.4,0.39,1.7411,3.5337,3180352,71567167.0,8204400000.0,2051100000.0
2017-05-10,'603708,家家悦,22.4,23.08,22.36,22.94,22.94,-0.54,-2.354,3.1392,2825281,64466473.0,8064000000.0,2016000000.0
2017-05-09,'603708,家家悦,22.94,22.99,22.36,22.48,22.58,0.36,1.5943,3.0966,2786912,63273662.0,8258400000.0,2064600000.0
2017-05-08,'603708,家家悦,22.58,23.27,22.55,23.25,23.37,-0.79,-3.3804,3.0914,2782237,63743937.0,8128800000.0,2032200000.0
2017-05-05,'603708,家家悦,23.37,23.75,23.32,23.7,23.58,-0.21,-0.8906,2.8278,2545049,60026428.0,8413200000.0,2103300000.0
2017-05-04,'603708,家家悦,23.58,24.06,23.55,24.0,24.09,-0.51,-2.1171,3.9944,3594960,85460691.0,8488800000.0,2122200000.0
2017-05-03,'603708,家家悦,24.09,24.1,23.68,23.68,23.82,0.27,1.1335,3.834,3450624,82677481.0,8672400000.0,2168100000.0
2017-05-02,'603708,家家悦,23.82,24.12,23.65,23.75,23.89,-0.07,-0.293,3.3472,3012451,71961386.0,8575200000.0,2143800000.0
2017-04-28,'603708,家家悦,23.89,24.07,23.61,23.78,23.76,0.13,0.5471,4.7231,4250796,101421662.0,8600400000.0,2150100000.0
2017-04-27,'603708,家家悦,23.76,23.79,22.62,23.35,23.27,0.49,2.1057,6.2569,5631225,131576226.0,8553600000.0,2138400000.0
2017-04-26,'603708,家家悦,23.27,23.92,22.67,22.68,22.42,0.85,3.7913,6.0321,5428848,126401408.0,8377200000.0,2094300000.0
2017-04-25,'603708,家家悦,22.42,22.72,22.38,22.55,22.4,0.02,0.0893,2.6539,2388544,53878371.0,8071200000.0,2017800000.0
2017-04-24,'603708,家家悦,22.4,23.3,22.22,23.19,23.22,-0.82,-3.5314,3.1815,2863308,64610424.0,8064000000.0,2016000000.0
2017-04-21,'603708,家家悦,23.22,23.75,23.2,23.54,23.51,-0.29,-1.2335,2.9197,2627755,61478332.0,8359200000.0,2089800000.0
2017-04-20,'603708,家家悦,23.51,23.86,23.21,23.5,23.66,-0.15,-0.634,4.2055,3784968,89246250.0,8463600000.0,2115900000.0
2017-04-19,'603708,家家悦,23.66,23.69,22.9,22.91,23.12,0.54,2.3356,5.7872,5208448,121703913.0,8517600000.0,2129400000.0
2017-04-18,'603708,家家悦,23.12,23.6,23.04,23.22,23.09,0.03,0.1299,3.6629,3296565,76741219.0,8323200000.0,2080800000.0
2017-04-17,'603708,家家悦,23.09,23.45,22.88,23.0,24.16,-1.07,-4.4288,5.0368,4533120,104854010.0,8312400000.0,2078100000.0
2017-04-14,'603708,家家悦,24.16,24.57,24.06,24.57,24.5,-0.34,-1.3878,3.5505,3195464,77550182.0,8697600000.0,2174400000.0
2017-04-13,'603708,家家悦,24.5,24.8,24.31,24.34,24.42,0.08,0.3276,3.1163,2804686,68876632.0,8820000000.0,2205000000.0
2017-04-12,'603708,家家悦,24.42,24.96,24.35,24.89,25.0,-0.58,-2.32,4.4677,4020944,98853550.0,8791200000.0,2197800000.0
2017-04-11,'603708,家家悦,25.0,25.06,24.26,24.44,24.6,0.4,1.626,6.981,6282917,155036377.0,9000000000.0,2250000000.0
2017-04-10,'603708,家家悦,24.6,26.01,24.38,26.01,26.15,-1.55,-5.9273,10.8356,9752062,244622879.0,8856000000.0,2214000000.0
2017-04-07,'603708,家家悦,26.15,26.74,26.11,26.74,26.76,-0.61,-2.2795,6.7467,6072033,159705391.0,9414000000.0,2353500000.0
2017-04-06,'603708,家家悦,26.76,26.98,26.5,26.66,26.69,0.07,0.2623,5.5659,5009292,134048697.0,9633600000.0,2408400000.0
2017-04-05,'603708,家家悦,26.69,26.75,26.02,26.39,26.39,0.3,1.1368,5.6619,5095700,134984036.0,9608400000.0,2402100000.0
2017-03-31,'603708,家家悦,26.39,26.69,26.01,26.32,26.17,0.22,0.8407,5.7051,5134632,135313055.0,9500400000.0,2375100000.0
2017-03-30,'603708,家家悦,26.17,27.17,26.01,26.85,27.22,-1.05,-3.8575,8.3502,7515174,198975642.0,9421200000.0,2355300000.0
2017-03-29,'603708,家家悦,27.22,29.39,27.18,29.39,29.4,-2.18,-7.415,14.8624,13376153,374738893.0,9799200000.0,2449800000.0
2017-03-28,'603708,家家悦,29.4,30.58,29.38,30.42,30.42,-1.02,-3.3531,9.133,8219706,246091823.0,10584000000.0,2646000000.0
2017-03-27,'603708,家家悦,30.42,31.2,30.2,30.84,31.05,-0.63,-2.029,11.0135,9912107,303238230.0,10951200000.0,2737800000.0
2017-03-24,'603708,家家悦,31.05,31.4,30.51,30.85,31.2,-0.15,-0.4808,20.5166,18464947,571791325.0,11178000000.0,2794500000.0
2017-03-23,'603708,家家悦,31.2,31.5,29.65,29.85,29.94,1.26,4.2084,31.4182,28276411,867607867.0,11232000000.0,2808000000.0
2017-03-22,'603708,家家悦,29.94,30.14,29.2,29.8,30.1,-0.16,-0.5316,11.9492,10754248,319527335.0,10778400000.0,2694600000.0
2017-03-21,'603708,家家悦,30.1,30.16,29.45,29.89,29.86,0.24,0.8038,10.6865,9617848,287426086.0,10836000000.0,2709000000.0
2017-03-20,'603708,家家悦,29.86,29.88,28.88,29.16,29.41,0.45,1.5301,8.6196,7757645,227604303.0,10749600000.0,2687400000.0
2017-03-17,'603708,家家悦,29.41,30.47,29.36,30.2,30.25,-0.84,-2.7769,14.6293,13166380,394902535.0,10587600000.0,2646900000.0
2017-03-16,'603708,家家悦,30.25,30.66,29.48,29.5,29.34,0.91,3.1016,19.0757,17168106,516013456.0,10890000000.0,2722500000.0
2017-03-15,'603708,家家悦,29.34,29.68,28.92,28.92,29.17,0.17,0.5828,9.6993,8729340,256287530.0,10562400000.0,2640600000.0
2017-03-14,'603708,家家悦,29.17,29.77,28.91,29.0,29.02,0.15,0.5169,8.7614,7885257,231187174.0,10501200000.0,2625300000.0
2017-03-13,'603708,家家悦,29.02,29.07,28.02,28.45,28.63,0.39,1.3622,7.7055,6934908,198026397.0,10447200000.0,2611800000.0
2017-03-10,'603708,家家悦,28.63,29.6,28.6,29.3,29.32,-0.69,-2.3533,9.2289,8306005,240851805.0,10306800000.0,2576700000.0
2017-03-09,'603708,家家悦,29.32,30.03,29.16,29.98,29.98,-0.66,-2.2015,7.9516,7156470,210608181.0,10555200000.0,2638800000.0
2017-03-08,'603708,家家悦,29.98,30.29,29.7,30.23,30.33,-0.35,-1.154,10.4043,9363900,280389903.0,10792800000.0,2698200000.0
2017-03-07,'603708,家家悦,30.33,30.44,29.31,29.38,29.35,0.98,3.339,16.2446,14620125,438122315.0,10918800000.0,2729700000.0
2017-03-06,'603708,家家悦,29.35,29.49,28.99,29.02,29.0,0.35,1.2069,7.4747,6727231,197204486.0,10566000000.0,2641500000.0
2017-03-03,'603708,家家悦,29.0,29.74,28.9,29.59,29.91,-0.91,-3.0425,11.8956,10706082,312826810.0,10440000000.0,2610000000.0
2017-03-02,'603708,家家悦,29.91,30.48,29.51,29.7,29.93,-0.02,-0.0668,12.5168,11265118,337702979.0,10767600000.0,2691900000.0
2017-03-01,'603708,家家悦,29.93,30.86,29.9,30.25,30.43,-0.5,-1.6431,13.7167,12345071,374121587.0,10774800000.0,2693700000.0
2017-02-28,'603708,家家悦,30.43,30.49,29.02,29.7,29.76,0.67,2.2513,14.1463,12731666,378678130.0,10954800000.0,2738700000.0
2017-02-27,'603708,家家悦,29.76,30.78,29.67,30.0,30.32,-0.56,-1.847,18.3069,16476184,498079572.0,10713600000.0,2678400000.0
2017-02-24,'603708,家家悦,30.32,31.28,28.89,28.94,29.06,1.26,4.3359,27.6429,24878603,748183792.0,10915200000.0,2728800000.0
2017-02-23,'603708,家家悦,29.06,29.47,28.3,28.55,28.69,0.37,1.2896,15.1371,13623401,394837633.0,10461600000.0,2615400000.0
2017-02-22,'603708,家家悦,28.69,29.3,28.4,28.9,29.27,-0.58,-1.9816,15.4151,13873562,398999518.0,10328400000.0,2582100000.0
2017-02-21,'603708,家家悦,29.27,30.19,27.39,27.5,27.63,1.64,5.9356,22.8078,20526991,592420125.0,10537200000.0,2634300000.0
2017-02-20,'603708,家家悦,27.63,28.35,26.86,28.32,28.59,-0.96,-3.3578,12.7895,11510592,317013057.0,9946800000.0,2486700000.0
2017-02-17,'603708,家家悦,28.59,28.98,28.0,28.24,28.25,0.34,1.2035,16.7324,15059136,429601908.0,10292400000.0,2573100000.0
2017-02-16,'603708,家家悦,28.25,28.4,27.81,28.28,28.47,-0.22,-0.7727,12.1777,10959971,307506397.0,10170000000.0,2542500000.0
2017-02-15,'603708,家家悦,28.47,29.38,27.76,27.9,28.27,0.2,0.7075,23.7278,21355049,609586980.0,10249200000.0,2562300000.0
2017-02-14,'603708,家家悦,28.27,29.5,27.25,27.29,27.19,1.08,3.972,25.8017,23221497,658626416.0,10177200000.0,2544300000.0
2017-02-13,'603708,家家悦,27.19,27.38,26.38,26.39,26.37,0.82,3.1096,12.024,10821623,292165985.0,9788400000.0,2447100000.0
2017-02-10,'603708,家家悦,26.37,27.09,26.34,27.08,27.05,-0.68,-2.5139,9.1092,8198271,218342871.0,9493200000.0,2373300000.0
2017-02-09,'603708,家家悦,27.05,27.47,26.81,26.94,27.01,0.04,0.1481,10.936,9842392,266525484.0,9738000000.0,2434500000.0
2017-02-08,'603708,家家悦,27.01,27.2,26.34,26.7,26.77,0.24,0.8965,11.4028,10262546,275971399.0,9723600000.0,2430900000.0
2017-02-07,'603708,家家悦,26.77,27.2,26.4,27.2,27.07,-0.3,-1.1082,11.3982,10258385,274057483.0,9637200000.0,2409300000.0
2017-02-06,'603708,家家悦,27.07,27.16,25.9,25.9,25.77,1.3,5.0446,15.5606,14004548,373642268.0,9745200000.0,2436300000.0
2017-02-03,'603708,家家悦,25.77,26.08,25.17,25.33,25.29,0.48,1.898,7.4062,6665541,171115340.0,9277200000.0,2319300000.0
2017-01-26,'603708,家家悦,25.29,25.53,25.11,25.44,25.3,-0.01,-0.0395,4.5527,4097419,103669250.0,9104400000.0,2276100000.0
2017-01-25,'603708,家家悦,25.3,25.49,24.92,25.02,24.99,0.31,1.2405,5.8883,5299433,133551438.0,9108000000.0,2277000000.0
2017-01-24,'603708,家家悦,24.99,26.09,24.94,25.8,26.04,-1.05,-4.0323,9.7871,8808409,223250930.0,8996400000.0,2249100000.0
2017-01-23,'603708,家家悦,26.04,26.48,25.74,25.82,25.82,0.22,0.8521,9.4038,8463407,221651229.0,9374400000.0,2343600000.0
2017-01-20,'603708,家家悦,25.82,26.19,25.12,25.2,25.4,0.42,1.6535,9.5944,8634961,223116494.0,9295200000.0,2323800000.0
2017-01-19,'603708,家家悦,25.4,26.29,24.88,25.37,25.79,-0.39,-1.5122,10.7316,9658401,246805156.0,9144000000.0,2286000000.0
2017-01-18,'603708,家家悦,25.79,26.99,25.75,26.82,27.25,-1.46,-5.3578,13.2131,11891764,313674113.0,9284400000.0,2321100000.0
2017-01-17,'603708,家家悦,27.25,27.35,25.03,25.9,26.29,0.96,3.6516,19.7281,17755274,468888443.0,9810000000.0,2452500000.0
2017-01-16,'603708,家家悦,26.29,27.5,24.25,25.7,25.66,0.63,2.4552,19.67,17703037,462497636.0,9464400000.0,2366100000.0
2017-01-13,'603708,家家悦,25.66,26.83,25.59,26.73,26.84,-1.18,-4.3964,12.441,11196897,292179146.0,9237600000.0,2309400000.0
2017-01-12,'603708,家家悦,26.84,27.58,26.68,27.1,27.26,-0.42,-1.5407,9.8196,8837655,239148740.0,9662400000.0,2415600000.0
2017-01-11,'603708,家家悦,27.26,28.5,27.17,28.48,28.72,-1.46,-5.0836,14.4979,13048105,364389797.0,9813600000.0,2453400000.0
2017-01-10,'603708,家家悦,28.72,29.64,28.23,28.24,28.36,0.36,1.2694,17.805,16024460,465095860.0,10339200000.0,2584800000.0
2017-01-09,'603708,家家悦,28.36,28.68,28.01,28.01,28.41,-0.05,-0.176,11.0422,9937960,282219624.0,10209600000.0,2552400000.0
2017-01-06,'603708,家家悦,28.41,30.1,28.27,29.94,30.26,-1.85,-6.1137,20.1422,18127993,527841650.0,10227600000.0,2556900000.0
2017-01-05,'603708,家家悦,30.26,31.68,30.16,31.55,31.7,-1.44,-4.5426,20.8663,18779692,576919654.0,10893600000.0,2723400000.0
2017-01-04,'603708,家家悦,31.7,32.1,31.52,32.1,32.21,-0.51,-1.5834,17.3569,15621234,496197273.0,11412000000.0,2853000000.0
2017-01-03,'603708,家家悦,32.21,32.49,31.5,31.75,31.63,0.58,1.8337,18.8385,16954631,542944767.0,11595600000.0,2898900000.0
2016-12-30,'603708,家家悦,31.63,32.59,31.51,32.1,32.22,-0.59,-1.8312,17.3337,15600331,500228627.0,11386800000.0,2846700000.0
2016-12-29,'603708,家家悦,32.22,33.44,32.1,32.78,32.84,-0.62,-1.8879,19.5234,17571030,574797797.0,11599200000.0,2899800000.0
2016-12-28,'603708,家家悦,32.84,34.29,32.56,33.67,34.32,-1.48,-4.3124,27.8733,25085994,835894813.0,11822400000.0,2955600000.0
2016-12-27,'603708,家家悦,34.32,36.22,33.6,35.0,36.38,-2.06,-5.6625,41.9901,37791117,1307734720.0,12355200000.0,3088800000.0
2016-12-26,'603708,家家悦,36.38,37.97,36.38,37.12,40.42,-4.04,-9.9951,9.3736,8436277,309700070.0,13096800000.0,3274200000.0
2016-12-23,'603708,家家悦,40.42,42.1,38.88,40.58,38.27,2.15,5.618,63.9058,57515203,2345241898.0,14551200000.0,3637800000.0
2016-12-22,'603708,家家悦,38.27,38.27,38.27,38.27,34.79,3.48,10.0029,1.044,939597,35958377.0,13777200000.0,3444300000.0
2016-12-21,'603708,家家悦,34.79,34.79,34.79,34.79,31.63,3.16,9.9905,0.2328,209537,7289792.0,12524400000.0,3131100000.0
2016-12-20,'603708,家家悦,31.63,31.63,31.63,31.63,28.75,2.88,10.0174,0.2091,188177,5952039.0,11386800000.0,2846700000.0
2016-12-19,'603708,家家悦,28.75,28.75,28.75,28.75,26.14,2.61,9.9847,0.1451,130600,3754750.0,10350000000.0,2587500000.0
2016-12-16,'603708,家家悦,26.14,26.14,26.14,26.14,23.76,2.38,10.0168,0.0499,44900,1173686.0,9410400000.0,2352600000.0
2016-12-15,'603708,家家悦,23.76,23.76,23.76,23.76,21.6,2.16,10.0,0.0354,31901,757968.0,8553600000.0,2138400000.0
2016-12-14,'603708,家家悦,21.6,21.6,21.6,21.6,19.64,1.96,9.9796,0.0201,18100,390960.0,7776000000.0,1944000000.0
2016-12-13,'603708,N家家悦,19.64,19.64,16.37,16.37,13.64,6.0,43.9883,0.039,35100,689037.0,7070400000.0,1767600000.0
