日期,股票代码,名称,收盘价,最高价,最低价,开盘价,前收盘,涨跌额,涨跌幅,换手率,成交量,成交金额,总市值,流通市值
2017-05-15,'603808,歌力思,28.68,28.82,28.08,28.55,28.16,0.52,1.8466,1.5379,1277014,36317124.0,7119323874.0,2381547191.4
2017-05-12,'603808,歌力思,28.16,28.84,28.01,28.47,28.31,-0.15,-0.5298,0.912,757324,21497515.0,6990242688.0,2338367116.8
2017-05-11,'603808,歌力思,28.31,28.76,27.9,28.76,28.84,-0.53,-1.8377,0.9337,775307,21891458.0,7027477645.5,2350822907.55
2017-05-10,'603808,歌力思,28.84,29.55,28.71,29.0,29.32,-0.48,-1.6371,1.6078,1335123,38637312.0,7159041162.0,2394833368.2
2017-05-09,'603808,歌力思,29.32,29.47,28.29,28.69,28.69,0.63,2.1959,0.8926,741238,21518444.0,7278193026.0,2434691898.6
2017-05-08,'603808,歌力思,28.69,29.37,28.13,29.1,29.4,-0.71,-2.415,2.5941,2154145,61582912.0,7121806204.5,2382377577.45
2017-05-05,'603808,歌力思,29.4,31.16,29.3,31.16,30.92,-1.52,-4.9159,1.8792,1560439,46662269.0,7298051670.0,2441334987.0
2017-05-04,'603808,歌力思,30.92,31.64,30.71,31.64,31.64,-0.72,-2.2756,1.5748,1307719,40545972.0,7675365906.0,2567553666.6
2017-05-03,'603808,歌力思,31.64,31.8,31.02,31.2,31.58,0.06,0.19,1.2083,1003384,31597787.0,7854093702.0,2627341462.2
2017-05-02,'603808,歌力思,31.58,31.69,30.98,31.43,31.38,0.2,0.6373,1.9557,1623946,50872750.0,7839199719.0,2622359145.9
2017-04-28,'603808,歌力思,31.38,31.47,30.0,30.11,30.1,1.28,4.2525,1.9051,1581965,48901528.0,7789553109.0,2605751424.9
2017-04-27,'603808,歌力思,30.1,30.3,29.09,29.64,29.63,0.47,1.5862,0.8383,696137,20660471.0,7471814805.0,2499462010.5
2017-04-26,'603808,歌力思,29.63,30.56,29.6,29.81,29.72,-0.09,-0.3028,0.7965,661438,19914548.0,7355145271.5,2460433866.15
2017-04-25,'603808,歌力思,29.72,30.38,29.7,29.7,29.99,-0.27,-0.9003,0.8036,667257,20098619.0,7377486246.0,2467907340.6
2017-04-24,'603808,歌力思,29.99,30.5,29.7,29.99,30.14,-0.15,-0.4977,0.6362,528253,15898878.0,7444509169.5,2490327763.95
2017-04-21,'603808,歌力思,30.14,30.2,28.52,29.01,29.06,1.08,3.7164,1.5376,1276765,38076697.0,7481744127.0,2502783554.7
2017-04-20,'603808,歌力思,29.06,29.34,28.8,29.29,29.16,-0.1,-0.3429,0.96,797174,23156197.0,7213652433.0,2413101861.3
2017-04-19,'603808,歌力思,29.16,29.33,28.4,29.13,29.16,0.0,0.0,0.9521,790580,22727751.0,7238475738.0,2421405721.8
2017-04-18,'603808,歌力思,29.16,30.09,28.81,29.8,29.78,-0.62,-2.0819,1.0902,905284,26516529.0,7238475738.0,2421405721.8
2017-04-17,'603808,歌力思,29.78,30.18,29.05,29.05,29.61,0.17,0.5741,1.3142,1091332,32328610.0,7392380229.0,2472889656.9
2017-04-14,'603808,歌力思,29.61,30.0,29.5,29.9,29.98,-0.37,-1.2342,0.8658,718910,21380226.0,7350180610.5,2458773094.05
2017-04-13,'603808,歌力思,29.98,30.02,28.53,29.01,29.01,0.97,3.3437,2.0538,1705445,50211606.0,7442026839.0,2489497377.9
2017-04-12,'603808,歌力思,29.01,29.5,28.34,29.5,29.2,-0.19,-0.6507,2.8359,2354877,67777431.0,7201240780.5,2408949931.05
2017-04-11,'603808,歌力思,29.2,30.46,27.38,30.32,30.42,-1.22,-4.0105,3.4592,2872491,83860090.0,7248405060.0,2424727266.0
2017-04-10,'603808,歌力思,30.42,31.63,30.39,31.21,31.31,-0.89,-2.8425,2.6852,2229763,68655381.0,7551249381.0,2526034364.1
2017-04-07,'603808,歌力思,31.31,31.97,31.0,31.93,31.92,-0.61,-1.911,1.7064,1416973,44453477.0,7772176795.5,2599938722.55
2017-04-06,'603808,歌力思,31.92,32.35,31.45,32.1,32.39,-0.47,-1.4511,1.6834,1397845,44619029.0,7923598956.0,2650592271.6
2017-04-05,'603808,歌力思,32.39,32.45,30.98,31.68,31.68,0.71,2.2412,2.4433,2028855,64533766.0,8040268489.5,2689620415.95
2017-03-31,'603808,歌力思,31.68,32.02,31.33,31.45,31.42,0.26,0.8275,1.3392,1112072,35233001.0,7864023024.0,2630663006.4
2017-03-30,'603808,歌力思,31.42,32.84,31.33,32.83,32.67,-1.25,-3.8261,1.6144,1340613,42763278.0,7807023231.0,2609072969.1
2017-03-29,'603808,歌力思,32.67,33.0,32.5,32.98,32.96,-0.29,-0.8799,0.9711,806370,26424976.0,8117614543.5,2712871225.35
2017-03-28,'603808,歌力思,32.96,33.33,32.59,33.27,33.25,-0.29,-0.8722,1.648,1368493,44905114.0,8189671728.0,2736952420.8
2017-03-27,'603808,歌力思,33.25,33.94,32.69,33.0,33.09,0.16,0.4835,2.0594,1710132,57101014.0,8261728912.5,2761033616.25
2017-03-24,'603808,歌力思,33.09,33.48,32.45,33.4,33.86,-0.77,-2.2741,3.6769,3053243,100500497.0,8221973224.5,2747747439.45
2017-03-23,'603808,歌力思,33.86,34.95,32.0,32.0,31.97,1.89,5.9118,5.3681,4457605,147695185.0,8413297473.0,2811687165.3
2017-03-22,'603808,歌力思,31.97,32.03,31.04,31.35,31.45,0.52,1.6534,2.6608,2209485,69816933.0,7943683408.5,2654744201.85
2017-03-21,'603808,歌力思,31.45,31.48,30.3,30.3,30.42,1.03,3.3859,2.4616,2044113,63597808.0,7814477422.5,2611564127.25
2017-03-20,'603808,歌力思,30.42,30.79,30.0,30.21,30.38,0.04,0.1317,1.0633,882928,26802208.0,7558550181.0,2526034364.1
2017-03-17,'603808,歌力思,30.38,31.17,30.01,31.05,30.95,-0.57,-1.8417,1.158,961558,29554965.0,7548611259.0,2522712819.9
2017-03-16,'603808,歌力思,30.95,31.05,30.29,30.64,30.52,0.43,1.4089,1.5473,1284848,39376252.0,7690240897.5,2570044824.75
2017-03-15,'603808,歌力思,30.52,31.0,30.37,30.75,30.7,-0.18,-0.5863,0.9143,759200,23188721.0,7583397486.0,2534338224.6
2017-03-14,'603808,歌力思,30.7,31.51,30.62,30.96,31.18,-0.48,-1.5394,1.4795,1228543,38147952.0,7628122635.0,2549285173.5
2017-03-13,'603808,歌力思,31.18,31.47,30.5,30.94,30.94,0.24,0.7757,1.9878,1650604,51314157.0,7747389699.0,2589143703.9
2017-03-10,'603808,歌力思,30.94,31.2,29.9,30.25,30.15,0.79,2.6202,2.7587,2290750,70279130.0,7687756167.0,2569214438.7
2017-03-09,'603808,歌力思,30.15,30.5,28.89,29.92,29.84,0.31,1.0389,2.5317,2102295,62596151.0,7491462457.5,2503613940.75
2017-03-08,'603808,歌力思,29.84,30.23,29.7,29.97,29.63,0.21,0.7087,1.0667,885807,26496538.0,7414435812.0,2477871973.2
2017-03-07,'603808,歌力思,29.63,30.07,29.61,29.82,30.03,-0.4,-1.332,1.4086,1169663,34820734.0,7362256471.5,2460433866.15
2017-03-06,'603808,歌力思,30.03,30.14,29.6,29.99,30.18,-0.15,-0.497,1.7539,1456393,43566894.0,7461645691.5,2493649308.15
2017-03-03,'603808,歌力思,30.18,30.6,29.5,29.83,29.83,0.35,1.1733,3.3727,2800632,84514751.0,7498916649.0,2506105098.9
2017-03-02,'603808,歌力思,29.83,31.19,28.52,28.53,28.57,1.26,4.4102,3.9722,3298478,98150492.0,7411951081.5,2477041587.15
2017-03-01,'603808,歌力思,28.57,28.72,28.38,28.69,28.55,0.02,0.0701,0.9512,789851,22556430.0,7098875038.5,2372412944.85
2017-02-28,'603808,歌力思,28.55,28.78,28.36,28.47,28.64,-0.09,-0.3142,0.9685,804193,22897491.0,7093905577.5,2370752172.75
2017-02-27,'603808,歌力思,28.64,28.9,28.36,28.86,28.77,-0.13,-0.4519,0.9994,829853,23758873.0,7116268152.0,2378225647.2
2017-02-24,'603808,歌力思,28.77,28.89,28.52,28.75,28.78,-0.01,-0.0347,0.9133,758424,21786358.0,7148569648.5,2389020665.85
2017-02-23,'603808,歌力思,28.78,28.8,28.35,28.53,28.59,0.19,0.6646,1.8232,1513971,43261536.0,7151054379.0,2389851051.9
2017-02-22,'603808,歌力思,28.59,29.18,28.1,28.38,28.62,-0.03,-0.1048,2.103,1746261,50023461.0,7103844499.5,2374073716.95
2017-02-21,'603808,歌力思,28.62,28.74,27.73,28.5,28.55,0.07,0.2452,2.785,2312648,65013011.0,7111298691.0,2376564875.1
2017-02-20,'603808,歌力思,28.55,29.2,27.4,29.13,29.09,-0.54,-1.8563,4.5221,3755084,105337629.0,7093905577.5,2370752172.75
2017-02-17,'603808,歌力思,29.09,29.26,28.74,29.26,28.91,0.18,0.6226,0.5251,436050,12656444.0,7228081024.5,2415593019.45
2017-02-16,'603808,歌力思,28.91,29.18,28.86,28.98,28.99,-0.08,-0.276,0.782,649357,18823505.0,7183355875.5,2400646070.55
2017-02-15,'603808,歌力思,28.99,29.36,28.9,29.07,29.26,-0.27,-0.9228,0.5346,443953,12940058.0,7203233719.5,2407289158.95
2017-02-14,'603808,歌力思,29.26,29.85,29.11,29.83,29.75,-0.49,-1.6471,1.1933,990915,29014180.0,7270321443.0,2429709582.3
2017-02-13,'603808,歌力思,29.75,29.89,29.12,29.63,29.47,0.28,0.9501,1.1264,935336,27532834.0,7392073237.5,2470398498.75
2017-02-10,'603808,歌力思,29.47,29.94,29.33,29.93,29.98,-0.51,-1.7011,1.0759,893393,26427895.0,7322500783.5,2447147689.35
2017-02-09,'603808,歌力思,29.98,30.19,29.7,30.19,30.06,-0.08,-0.2661,1.1483,953505,28503921.0,7449222039.0,2489497377.9
2017-02-08,'603808,歌力思,30.06,30.28,29.57,29.83,29.8,0.26,0.8725,0.9128,758004,22706351.0,7469099883.0,2496140466.3
2017-02-07,'603808,歌力思,29.8,29.85,29.43,29.78,29.57,0.23,0.7778,0.5494,456196,13571072.0,7404496890.0,2474550429.0
2017-02-06,'603808,歌力思,29.57,29.99,29.23,29.37,29.14,0.43,1.4756,0.8249,684951,20280557.0,7347348088.5,2455451549.85
2017-02-03,'603808,歌力思,29.14,29.23,28.91,28.91,29.08,0.06,0.2063,0.3282,272550,7937157.0,7240504677.0,2419744949.7
2017-01-26,'603808,歌力思,29.08,29.28,28.8,28.91,29.05,0.03,0.1033,0.4923,408827,11877772.0,7225596294.0,2414762633.4
2017-01-25,'603808,歌力思,29.05,29.5,28.98,29.2,29.3,-0.25,-0.8532,0.7804,648009,18881525.0,7218142102.5,2412271475.25
2017-01-24,'603808,歌力思,29.3,29.96,29.0,29.63,29.71,-0.41,-1.38,0.5477,454800,13401563.0,7280260365.0,2433031126.5
2017-01-23,'603808,歌力思,29.71,30.17,29.38,29.38,29.38,0.33,1.1232,1.3551,1125248,33598696.0,7382134315.5,2467076954.55
2017-01-20,'603808,歌力思,29.38,29.7,28.3,28.42,28.65,0.73,2.548,2.1571,1791216,52574261.0,7300138209.0,2439674214.9
2017-01-19,'603808,歌力思,28.65,29.05,28.05,28.74,28.87,-0.22,-0.762,1.3619,1130922,32394142.0,7118752882.5,2379056033.25
2017-01-18,'603808,歌力思,28.87,29.08,28.4,28.62,29.0,-0.13,-0.4483,1.3259,1100978,31662072.0,7173416953.5,2397324526.35
2017-01-17,'603808,歌力思,29.0,29.16,27.5,28.99,28.67,0.33,1.151,1.7846,1481913,41849335.0,7205718450.0,2408119545.0
2017-01-16,'603808,歌力思,28.67,30.2,27.88,29.7,29.88,-1.21,-4.0495,1.6209,1346002,39594219.0,7123722343.5,2380716805.35
2017-01-13,'603808,歌力思,29.88,30.48,29.5,30.29,30.26,-0.38,-1.2558,1.7296,1436197,43147568.0,7424374734.0,2481193517.4
2017-01-12,'603808,歌力思,30.26,31.3,30.02,30.8,30.47,-0.21,-0.6892,1.454,1207370,37067749.0,7518794493.0,2512748187.3
2017-01-11,'603808,歌力思,30.47,31.78,30.3,31.4,31.49,-1.02,-3.2391,1.0878,903300,28074667.0,7570973833.5,2530186294.35
2017-01-10,'603808,歌力思,31.49,31.79,31.21,31.53,31.5,-0.01,-0.0317,0.931,773124,24356125.0,7824416344.5,2614885671.45
2017-01-09,'603808,歌力思,31.5,31.94,31.45,31.82,31.82,-0.32,-1.0057,0.9989,829450,26218781.0,7826901075.0,2615716057.5
2017-01-06,'603808,歌力思,31.82,32.46,31.51,32.11,32.11,-0.29,-0.9031,1.5725,1305746,41841078.0,7906412451.0,2642288411.1
2017-01-05,'603808,歌力思,32.11,32.54,31.8,32.2,32.32,-0.21,-0.6498,1.289,1070384,34481533.0,7978469635.5,2666369606.55
2017-01-04,'603808,歌力思,32.32,32.46,31.45,31.72,31.89,0.43,1.3484,1.0671,886091,28354170.0,8030648976.0,2683807713.6
2017-01-03,'603808,歌力思,31.89,32.46,31.4,32.46,32.09,-0.2,-0.6232,1.2492,1037301,32787733.0,7923805564.5,2648101113.45
2016-12-30,'603808,歌力思,32.09,32.51,31.6,31.7,31.87,0.22,0.6903,1.3378,1110854,35738028.0,7973500174.5,2664708834.45
2016-12-29,'603808,歌力思,31.87,31.94,31.5,31.51,31.76,0.11,0.3463,1.0887,904029,28639695.0,7918836103.5,2646440341.35
2016-12-28,'603808,歌力思,31.76,32.06,31.4,31.6,31.88,-0.12,-0.3764,1.5321,1272201,40253687.0,7891504068.0,2637306094.8
2016-12-27,'603808,歌力思,31.88,31.96,30.8,31.27,31.27,0.61,1.9508,1.3514,1122187,35532198.0,7921320834.0,2647270727.4
2016-12-26,'603808,歌力思,31.27,31.35,30.24,30.65,30.65,0.62,2.0228,0.9126,757801,23440150.0,7769752273.5,2596617178.35
2016-12-23,'603808,歌力思,30.65,30.99,30.52,30.99,30.98,-0.33,-1.0652,0.8351,693449,21346784.0,7615698982.5,2545133243.25
2016-12-22,'603808,歌力思,30.98,31.3,30.53,31.19,31.18,-0.2,-0.6414,1.4927,1239510,38086540.0,7697695089.0,2572535982.9
2016-12-21,'603808,歌力思,31.18,31.67,30.91,31.47,31.21,-0.03,-0.0961,1.0171,844571,26366549.0,7747389699.0,2589143703.9
2016-12-20,'603808,歌力思,31.21,31.67,31.0,31.38,31.38,-0.17,-0.5417,1.351,1121849,35183779.0,7754843890.5,2591634862.05
2016-12-19,'603808,歌力思,31.38,31.47,30.52,30.96,30.79,0.59,1.9162,0.9527,791132,24610324.0,7797084309.0,2605751424.9
2016-12-16,'603808,歌力思,30.79,30.95,30.31,30.31,30.32,0.47,1.5501,1.1699,971474,29831064.0,7650485209.5,2556758647.95
2016-12-15,'603808,歌力思,30.32,30.7,30.1,30.1,30.4,-0.08,-0.2632,1.2073,1002561,30483495.0,7533702876.0,2517730503.6
2016-12-14,'603808,歌力思,30.4,30.77,30.0,30.2,30.53,-0.13,-0.4258,1.101,914293,27749158.0,7553580720.0,2524373592.0
2016-12-13,'603808,歌力思,30.53,30.8,29.11,29.7,29.37,1.16,3.9496,1.7943,1489945,44751811.0,7585882216.5,2535168610.65
2016-12-12,'603808,歌力思,29.37,31.44,29.12,31.44,31.46,-2.09,-6.6434,2.2263,1848650,56168222.0,7297653478.5,2438843828.85
2016-12-09,'603808,歌力思,31.46,32.44,31.28,32.12,32.34,-0.88,-2.7211,1.3037,1082580,34274886.0,7816962153.0,2612394513.3
2016-12-08,'603808,歌力思,32.34,32.58,32.1,32.33,32.33,0.01,0.0309,1.3421,1114453,36016720.0,8035618437.0,2685468485.7
2016-12-07,'603808,歌力思,32.33,32.46,31.83,32.18,32.14,0.19,0.5912,1.214,1008082,32486790.0,8033133706.5,2684638099.65
2016-12-06,'603808,歌力思,32.14,32.29,31.61,31.88,31.49,0.65,2.0641,1.1203,930260,29838813.0,7985923827.0,2668860764.7
2016-12-05,'603808,歌力思,31.49,32.14,30.8,31.31,31.38,0.11,0.3505,1.5668,1301054,41311420.0,7824416344.5,2614885671.45
2016-12-02,'603808,歌力思,31.38,32.4,31.31,32.4,32.18,-0.8,-2.486,1.3066,1084998,34507627.0,7797084309.0,2605751424.9
2016-12-01,'603808,歌力思,32.18,32.58,31.3,31.6,31.8,0.38,1.195,2.1236,1763400,56901813.0,7995862749.0,2672182308.9
2016-11-30,'603808,歌力思,31.8,31.98,30.61,31.58,31.69,0.11,0.3471,3.8139,3167007,98036583.0,7901442990.0,2640627639.0
2016-11-29,'603808,歌力思,31.69,33.15,31.66,32.8,32.7,-1.01,-3.0887,2.549,2116619,68238436.0,7874110954.5,2631493392.45
2016-11-28,'603808,歌力思,32.7,33.57,32.5,33.4,33.41,-0.71,-2.1251,2.1398,1776845,58350475.0,8125068735.0,2715362383.5
2016-11-25,'603808,歌力思,33.41,33.5,32.14,32.9,32.97,0.44,1.3345,1.2859,1067765,35091891.0,8301484600.5,2774319793.05
2016-11-24,'603808,歌力思,32.97,34.1,32.6,33.92,33.92,-0.95,-2.8007,1.515,1258040,42212501.0,8192156458.5,2737782806.85
2016-11-23,'603808,歌力思,33.92,35.15,33.25,33.51,33.5,0.42,1.2537,3.6245,3009743,102979449.0,8428205856.0,2816669481.6
2016-11-22,'603808,歌力思,33.5,33.65,32.53,32.8,32.8,0.7,2.1341,1.9752,1640175,54577721.0,8323847175.0,2781793267.5
2016-11-21,'603808,歌力思,32.8,33.1,32.5,32.6,32.79,0.01,0.0305,1.7952,1490700,48880941.0,8149916040.0,2723666244.0
2016-11-18,'603808,歌力思,32.79,33.24,32.65,33.23,33.24,-0.45,-1.3538,1.2261,1018149,33495766.0,8147431309.5,2722835857.95
2016-11-17,'603808,歌力思,33.24,33.44,32.5,33.44,33.67,-0.43,-1.2771,1.589,1319484,43400805.0,8259244182.0,2760203230.2
2016-11-16,'603808,歌力思,33.67,34.06,33.51,33.87,33.88,-0.21,-0.6198,1.6134,1339762,45255734.0,8366087593.5,2795909830.35
2016-11-15,'603808,歌力思,33.88,33.98,32.41,32.48,32.64,1.24,3.799,2.9699,2466197,81837487.0,8418266934.0,2813347937.4
2016-11-14,'603808,歌力思,32.64,34.18,32.16,33.4,33.73,-1.09,-3.2315,3.3956,2819625,92657957.0,8110160352.0,2710380067.2
2016-11-11,'603808,歌力思,33.73,34.14,33.65,34.02,33.94,-0.21,-0.6187,1.298,1077815,36501905.0,8380995976.5,2800892146.65
2016-11-10,'603808,歌力思,33.94,34.09,33.3,33.45,33.15,0.79,2.3831,1.6109,1337628,45232049.0,8433175317.0,2818330253.7
2016-11-09,'603808,歌力思,33.15,34.27,33.0,33.82,33.95,-0.8,-2.3564,1.7784,1476798,49423965.0,8236881607.5,2752729755.75
2016-11-08,'603808,歌力思,33.95,33.99,33.7,33.73,33.58,0.37,1.1018,0.9491,788100,26681708.0,8435660047.5,2819160639.75
2016-11-07,'603808,歌力思,33.58,34.19,33.3,33.65,33.92,-0.34,-1.0024,1.3083,1086381,36565341.0,8343725019.0,2788436355.9
2016-11-04,'603808,歌力思,33.92,34.94,33.5,34.8,34.74,-0.82,-2.3604,3.3254,2761389,93695412.0,8428205856.0,2816669481.6
2016-11-03,'603808,歌力思,34.74,35.33,34.5,34.95,35.33,-0.59,-1.67,1.8893,1568878,54610976.0,8631953757.0,2884761137.7
2016-11-02,'603808,歌力思,35.33,36.27,34.8,35.2,35.34,-0.01,-0.0283,2.7741,2303597,82285438.0,8778552856.5,2933753914.65
2016-11-01,'603808,歌力思,35.34,35.49,34.49,35.0,35.26,0.08,0.2269,2.7078,2248495,78904574.0,8781037587.0,2934584300.7
2016-10-31,'603808,歌力思,35.26,35.98,33.37,33.4,33.6,1.66,4.9405,3.6067,2994974,104682650.0,8761159743.0,2927941212.3
2016-10-28,'603808,歌力思,33.6,34.45,33.58,33.58,33.84,-0.24,-0.7092,1.829,1518800,51772426.0,8348694480.0,2790097128.0
2016-10-27,'603808,歌力思,33.84,34.11,33.3,33.7,33.81,0.03,0.0887,2.1617,1795070,60516543.0,8408328012.0,2810026393.2
2016-10-26,'603808,歌力思,33.81,34.25,33.51,33.51,33.86,-0.05,-0.1477,1.7098,1419834,48040944.0,8400873820.5,2807535235.05
2016-10-25,'603808,歌力思,33.86,34.5,33.4,34.5,34.22,-0.36,-1.052,1.9391,1610162,54554917.0,8413297473.0,2811687165.3
2016-10-24,'603808,歌力思,34.22,34.9,33.6,34.9,34.72,-0.5,-1.4401,2.9303,2433306,83154368.0,8502747771.0,2841581063.1
2016-10-21,'603808,歌力思,34.72,35.1,33.91,34.8,35.02,-0.3,-0.8567,3.5522,2949711,101540489.0,8626984296.0,2883100365.6
2016-10-20,'603808,歌力思,35.02,35.2,33.57,33.8,33.93,1.09,3.2125,5.9774,4963510,171519587.0,8701526211.0,2908011947.1
2016-10-19,'603808,歌力思,33.93,34.18,33.06,33.35,33.53,0.4,1.193,6.0528,5026189,169781576.0,8430690586.5,2817499867.65
2016-10-18,'603808,歌力思,33.53,33.89,32.0,32.11,32.11,1.42,4.4223,9.9285,8244482,274510129.0,8331301366.5,2784284425.65
2016-10-17,'603808,歌力思,32.11,32.49,31.5,32.18,32.02,0.09,0.2811,7.7271,6416462,205380896.0,7978469635.5,2666369606.55
2016-10-14,'603808,歌力思,32.02,32.56,30.89,30.89,31.19,0.83,2.6611,7.4538,6189500,197948626.0,7956107061.0,2658896132.1
2016-10-13,'603808,歌力思,31.19,31.26,30.35,31.15,31.2,-0.01,-0.0321,4.6584,3868292,118898293.0,7749874429.5,2589974089.95
2016-10-12,'603808,歌力思,31.2,32.01,31.18,32.0,32.11,-0.91,-2.834,6.2376,5179613,162629554.0,7752359160.0,2590804476.0
2016-10-11,'603808,歌力思,32.11,32.25,29.88,30.2,30.25,1.86,6.1488,5.2244,4338247,136464483.0,7978469635.5,2666369606.55
2016-10-10,'603808,歌力思,30.25,30.3,29.71,30.0,29.85,0.4,1.34,1.7735,1472676,44183228.0,7516309762.5,2511917801.25
2016-09-30,'603808,歌力思,29.85,30.07,29.64,30.0,30.04,-0.19,-0.6325,1.1164,927044,27744887.0,7416920542.5,2478702359.25
2016-09-29,'603808,歌力思,30.04,30.1,29.6,29.84,29.84,0.2,0.6702,1.3751,1141858,34198420.0,7464130422.0,2494479694.2
2016-09-28,'603808,歌力思,29.84,30.31,29.8,29.96,30.31,-0.47,-1.5506,1.0439,866827,26021944.0,7414435812.0,2477871973.2
2016-09-27,'603808,歌力思,30.31,30.48,28.65,28.68,31.09,-0.78,-2.5088,3.7375,3103597,92784820.0,7531218145.5,2516900117.55
2016-09-26,'603808,歌力思,31.09,31.75,30.69,30.7,31.02,0.07,0.2257,3.395,2675357,83589763.0,7725027124.5,2449956667.2
2016-09-23,'603808,歌力思,31.02,31.8,30.69,30.69,30.64,0.38,1.2402,4.6161,3637621,114217570.0,7707634011.0,2444440521.6
2016-09-22,'603808,歌力思,30.64,30.91,30.3,30.6,30.52,0.12,0.3932,2.9903,2356457,72280089.0,7613214252.0,2414495731.2
2016-09-21,'603808,歌力思,30.52,30.9,30.22,30.85,30.67,-0.15,-0.4891,3.0602,2411470,73881401.0,7583397486.0,2405039481.6
2016-09-20,'603808,歌力思,30.67,30.98,28.98,29.07,28.84,1.83,6.3454,3.7724,2972763,89350116.0,7620668443.5,2416859793.6
2016-09-19,'603808,歌力思,28.84,29.3,28.62,28.79,28.77,0.07,0.2433,0.7391,582398,16818205.0,7165962762.0,2272651987.2
2016-09-14,'603808,歌力思,28.77,29.56,28.75,29.56,29.8,-1.03,-3.4564,1.6875,1329816,38525765.0,7148569648.5,2267135841.6
2016-09-13,'603808,歌力思,29.8,30.46,29.7,30.01,30.16,-0.36,-1.1936,1.8407,1450493,43399268.0,7404496890.0,2348301984.0
2016-09-12,'603808,歌力思,30.16,30.99,29.48,29.98,30.3,-0.14,-0.462,2.8466,2243150,67902965.0,7493947188.0,2376670732.8
2016-09-09,'603808,歌力思,30.3,30.32,29.28,29.66,29.37,0.93,3.1665,3.4484,2717429,81249328.0,7528733415.0,2387703024.0
2016-09-08,'603808,歌力思,29.37,29.79,29.29,29.51,29.56,-0.19,-0.6428,1.2473,982877,28944668.0,7297653478.5,2314417089.6
2016-09-07,'603808,歌力思,29.56,30.19,29.52,29.99,29.98,-0.42,-1.4009,1.549,1220665,36302492.0,7344863358.0,2329389484.8
2016-09-06,'603808,歌力思,29.98,29.99,29.42,29.42,29.42,0.56,1.9035,2.8342,2233446,66470624.0,7449222039.0,2362486358.4
2016-09-05,'603808,歌力思,29.42,29.48,28.93,29.1,29.02,0.4,1.3784,1.7619,1388400,40686204.0,7310077131.0,2318357193.6
2016-09-02,'603808,歌力思,29.02,29.29,28.93,29.12,29.11,-0.09,-0.3092,1.0673,841023,24445401.0,7210687911.0,2286836361.6
2016-09-01,'603808,歌力思,29.11,29.41,29.06,29.2,29.2,-0.09,-0.3082,1.2958,1021132,29853283.0,7233050485.5,2293928548.8
2016-08-31,'603808,歌力思,29.2,29.45,28.87,29.41,29.32,-0.12,-0.4093,2.0207,1592375,46276039.0,7255413060.0,2301020736.0
2016-08-30,'603808,歌力思,29.32,29.46,29.13,29.28,29.09,0.23,0.7906,1.0107,796429,23338008.0,7285229826.0,2310476985.6
2016-08-29,'603808,歌力思,29.09,29.59,29.07,29.45,29.45,-0.36,-1.2224,1.4958,1178686,34543789.0,7228081024.5,2292352507.2
2016-08-26,'603808,歌力思,29.45,29.89,29.24,29.6,29.64,-0.19,-0.641,1.8799,1481380,43739277.0,7317531322.5,2320721256.0
2016-08-25,'603808,歌力思,29.64,30.0,29.1,30.0,30.01,-0.37,-1.2329,1.9283,1519578,44796400.0,7364741202.0,2335693651.2
2016-08-24,'603808,歌力思,30.01,30.38,29.8,30.04,30.04,-0.03,-0.0999,1.8465,1455092,43695072.0,7456676230.5,2364850420.8
2016-08-23,'603808,歌力思,30.04,30.4,29.8,30.4,30.52,-0.48,-1.5727,2.8952,2281463,68388954.0,7464130422.0,2367214483.2
2016-08-22,'603808,歌力思,30.52,30.89,29.6,29.7,29.75,0.77,2.5882,3.9342,3100239,94491034.0,7583397486.0,2405039481.6
2016-08-19,'603808,歌力思,29.75,30.37,29.7,30.37,30.39,-0.64,-2.106,3.243,2555514,76410126.0,7392073237.5,2344361880.0
2016-08-18,'603808,歌力思,30.39,30.75,29.88,30.66,30.64,-0.25,-0.8159,3.3178,2614502,79026910.0,7551095989.5,2394795211.2
2016-08-17,'603808,歌力思,30.64,31.47,30.6,31.47,31.47,-0.83,-2.6374,3.9459,3109436,95953880.0,7613214252.0,2414495731.2
2016-08-16,'603808,歌力思,31.47,31.79,30.85,31.05,31.25,0.22,0.704,4.5089,3553078,110911554.0,7819446883.5,2479901457.6
2016-08-15,'603808,歌力思,31.25,31.49,30.51,30.97,31.0,0.25,0.8065,4.7852,3770824,117454126.0,7764782812.5,2462565000.0
2016-08-12,'603808,歌力思,31.0,31.56,30.57,30.81,31.14,-0.14,-0.4496,4.3304,3412461,105264439.0,7702664550.0,2442864480.0
2016-08-11,'603808,歌力思,31.14,31.9,31.08,31.19,31.47,-0.33,-1.0486,4.4552,3510752,110554315.0,7737450777.0,2453896771.2
2016-08-10,'603808,歌力思,31.47,31.86,30.86,31.57,32.02,-0.55,-1.7177,7.2163,5686606,178216883.0,7819446883.5,2479901457.6
2016-08-09,'603808,歌力思,32.02,32.4,31.56,32.4,32.45,-0.43,-1.3251,8.3279,6562531,209080184.0,7956107061.0,2523242601.6
2016-08-08,'603808,歌力思,32.45,34.15,31.51,34.15,33.02,-0.57,-1.7262,10.5645,8325044,268970226.0,8062950472.5,2557127496.0
2016-08-05,'603808,歌力思,33.02,33.02,31.37,31.37,30.02,3.0,9.9933,2.5435,2004367,65651740.0,8204580111.0,2602044681.6
2016-08-04,'603808,歌力思,30.02,30.36,29.53,30.36,29.93,0.09,0.3007,1.0325,813659,24324253.0,7459160961.0,2365638441.6
2016-08-03,'603808,歌力思,29.93,30.4,29.68,29.68,29.68,0.25,0.8423,1.1043,870190,26127965.0,7436798386.5,2358546254.4
2016-08-02,'603808,歌力思,29.68,29.99,29.3,29.9,29.67,0.01,0.0337,0.7722,608509,18049376.0,7374680124.0,2338845734.4
2016-08-01,'603808,歌力思,29.67,29.88,28.6,29.11,29.96,-0.29,-0.968,2.0734,1633881,48007192.0,7372195393.5,2338057713.6
2016-07-29,'603808,歌力思,29.96,30.95,29.81,30.95,30.77,-0.81,-2.6324,2.2608,1781591,53902857.0,7444252578.0,2360910316.8
2016-07-28,'603808,歌力思,30.77,31.13,29.79,30.49,30.43,0.34,1.1173,2.1101,1662796,50798549.0,7645515748.5,2424740001.6
2016-07-27,'603808,歌力思,30.43,31.7,29.45,31.69,31.81,-1.38,-4.3383,4.8984,3860038,118853298.0,7561034911.5,2397947294.4
2016-07-26,'603808,歌力思,31.81,32.0,31.02,31.7,31.74,0.07,0.2205,5.265,4148948,130995094.0,7903927720.5,2506694164.8
2016-07-25,'603808,歌力思,31.74,31.86,29.49,29.76,30.1,1.64,5.4485,7.5156,5922488,184154183.0,7886534607.0,2501178019.2
2016-07-22,'603808,歌力思,30.1,30.67,29.76,29.97,30.45,-0.35,-1.1494,5.7883,4561324,137614289.0,7479038805.0,2371942608.0
2016-07-21,'603808,歌力思,30.45,30.8,28.09,28.61,29.24,1.21,4.1382,9.4715,7463760,222543081.0,7566004372.5,2399523336.0
2016-07-20,'603808,歌力思,29.24,31.7,29.22,31.5,29.13,0.11,0.3776,9.8856,7790022,235411911.0,7265351982.0,2304172819.2
2016-07-19,'603808,歌力思,0.0,0.0,0.0,0.0,29.13,None,None,0.0,0,0.0,7238019946.5,2295504590.4
2016-07-18,'603808,歌力思,0.0,0.0,0.0,0.0,29.13,None,None,0.0,0,0.0,7238019946.5,2295504590.4
2016-07-15,'603808,歌力思,0.0,0.0,0.0,0.0,29.13,None,None,0.0,0,0.0,7238019946.5,2295504590.4
2016-07-14,'603808,歌力思,0.0,0.0,0.0,0.0,29.13,None,None,0.0,0,0.0,7238019946.5,2295504590.4
2016-07-13,'603808,歌力思,0.0,0.0,0.0,0.0,29.13,None,None,0.0,0,0.0,7238019946.5,2295504590.4
2016-07-12,'603808,歌力思,0.0,0.0,0.0,0.0,29.13,None,None,0.0,0,0.0,7238019946.5,2295504590.4
2016-07-11,'603808,歌力思,0.0,0.0,0.0,0.0,29.13,None,None,0.0,0,0.0,7238019946.5,2295504590.4
2016-07-08,'603808,歌力思,0.0,0.0,0.0,0.0,29.13,None,None,0.0,0,0.0,7238019946.5,2295504590.4
2016-07-07,'603808,歌力思,0.0,0.0,0.0,0.0,29.13,None,None,0.0,0,0.0,7238019946.5,2295504590.4
2016-07-06,'603808,歌力思,0.0,0.0,0.0,0.0,29.13,None,None,0.0,0,0.0,7238019946.5,2295504590.4
2016-07-05,'603808,歌力思,0.0,0.0,0.0,0.0,29.13,None,None,0.0,0,0.0,7238019946.5,2295504590.4
2016-07-04,'603808,歌力思,0.0,0.0,0.0,0.0,29.13,None,None,0.0,0,0.0,7238019946.5,2295504590.4
2016-07-01,'603808,歌力思,0.0,0.0,0.0,0.0,29.13,None,None,0.0,0,0.0,7238019946.5,2295504590.4
2016-06-30,'603808,歌力思,0.0,0.0,0.0,0.0,29.13,None,None,0.0,0,0.0,7238019946.5,2295504590.4
2016-06-29,'603808,歌力思,0.0,0.0,0.0,0.0,29.13,None,None,0.0,0,0.0,7238019946.5,2295504590.4
2016-06-28,'603808,歌力思,0.0,0.0,0.0,0.0,29.13,None,None,0.0,0,0.0,7238019946.5,2295504590.4
2016-06-27,'603808,歌力思,0.0,0.0,0.0,0.0,29.13,None,None,0.0,0,0.0,7238019946.5,2295504590.4
2016-06-24,'603808,歌力思,0.0,0.0,0.0,0.0,29.13,None,None,0.0,0,0.0,7238019946.5,2295504590.4
2016-06-23,'603808,DR歌力思,0.0,0.0,0.0,0.0,29.13,None,None,0.0,0,0.0,7238019946.5,2295504590.4
2016-06-22,'603808,歌力思,0.0,0.0,0.0,0.0,43.96,None,None,0.0,0,0.0,7281916852.0,2309426291.2
2016-06-21,'603808,歌力思,0.0,0.0,0.0,0.0,43.96,None,None,0.0,0,0.0,7281916852.0,2309426291.2
2016-06-20,'603808,歌力思,0.0,0.0,0.0,0.0,43.96,None,None,0.0,0,0.0,7281916852.0,2309426291.2
2016-06-17,'603808,歌力思,0.0,0.0,0.0,0.0,43.96,None,None,0.0,0,0.0,7281916852.0,2309426291.2
2016-06-16,'603808,歌力思,0.0,0.0,0.0,0.0,43.96,None,None,0.0,0,0.0,7281916852.0,2309426291.2
2016-06-15,'603808,歌力思,0.0,0.0,0.0,0.0,43.96,None,None,0.0,0,0.0,7281916852.0,2309426291.2
2016-06-14,'603808,歌力思,0.0,0.0,0.0,0.0,43.96,None,None,0.0,0,0.0,7281916852.0,2309426291.2
2016-06-13,'603808,歌力思,0.0,0.0,0.0,0.0,43.96,None,None,0.0,0,0.0,7281916852.0,2309426291.2
2016-06-08,'603808,歌力思,0.0,0.0,0.0,0.0,43.96,None,None,0.0,0,0.0,7281916852.0,2309426291.2
2016-06-07,'603808,歌力思,0.0,0.0,0.0,0.0,43.96,None,None,0.0,0,0.0,7281916852.0,2309426291.2
2016-06-06,'603808,歌力思,0.0,0.0,0.0,0.0,43.96,None,None,0.0,0,0.0,7281916852.0,2309426291.2
2016-06-03,'603808,歌力思,0.0,0.0,0.0,0.0,43.96,None,None,0.0,0,0.0,7281916852.0,2309426291.2
2016-06-02,'603808,歌力思,0.0,0.0,0.0,0.0,43.96,None,None,0.0,0,0.0,7281916852.0,2309426291.2
2016-06-01,'603808,歌力思,0.0,0.0,0.0,0.0,43.96,None,None,0.0,0,0.0,7281916852.0,2309426291.2
2016-05-31,'603808,歌力思,0.0,0.0,0.0,0.0,43.96,None,None,0.0,0,0.0,7281916852.0,2309426291.2
2016-05-30,'603808,歌力思,0.0,0.0,0.0,0.0,43.96,None,None,0.0,0,0.0,7281916852.0,2309426291.2
2016-05-27,'603808,歌力思,0.0,0.0,0.0,0.0,43.96,None,None,0.0,0,0.0,7281916852.0,2309426291.2
2016-05-26,'603808,歌力思,0.0,0.0,0.0,0.0,43.96,None,None,0.0,0,0.0,7281916852.0,2309426291.2
2016-05-25,'603808,歌力思,0.0,0.0,0.0,0.0,43.96,None,None,0.0,0,0.0,7281916852.0,2309426291.2
2016-05-24,'603808,歌力思,0.0,0.0,0.0,0.0,43.96,None,None,0.0,0,0.0,7281916852.0,2309426291.2
2016-05-23,'603808,歌力思,0.0,0.0,0.0,0.0,43.96,None,None,0.0,0,0.0,7281916852.0,2309426291.2
2016-05-20,'603808,歌力思,0.0,0.0,0.0,0.0,43.96,None,None,0.0,0,0.0,7281916852.0,2309426291.2
2016-05-19,'603808,歌力思,0.0,0.0,0.0,0.0,43.96,None,None,0.0,0,0.0,7281916852.0,2309426291.2
2016-05-18,'603808,歌力思,0.0,0.0,0.0,0.0,43.96,None,None,0.0,0,0.0,7281916852.0,2309426291.2
2016-05-17,'603808,歌力思,0.0,0.0,0.0,0.0,43.96,None,None,0.0,0,0.0,7281916852.0,2309426291.2
2016-05-16,'603808,歌力思,0.0,0.0,0.0,0.0,43.96,None,None,0.0,0,0.0,7281916852.0,2309426291.2
2016-05-13,'603808,歌力思,0.0,0.0,0.0,0.0,43.96,None,None,0.0,0,0.0,7281916852.0,2309426291.2
2016-05-12,'603808,歌力思,0.0,0.0,0.0,0.0,43.96,None,None,0.0,0,0.0,7281916852.0,2309426291.2
2016-05-11,'603808,歌力思,0.0,0.0,0.0,0.0,43.96,None,None,0.0,0,0.0,7281916852.0,2309426291.2
2016-05-10,'603808,歌力思,0.0,0.0,0.0,0.0,43.96,None,None,0.0,0,0.0,7281916852.0,2309426291.2
2016-05-09,'603808,歌力思,0.0,0.0,0.0,0.0,43.96,None,None,0.0,0,0.0,7281916852.0,2309426291.2
2016-05-06,'603808,歌力思,0.0,0.0,0.0,0.0,43.96,None,None,0.0,0,0.0,7281916852.0,2309426291.2
2016-05-05,'603808,歌力思,0.0,0.0,0.0,0.0,43.96,None,None,0.0,0,0.0,7281916852.0,2309426291.2
2016-05-04,'603808,歌力思,0.0,0.0,0.0,0.0,43.96,None,None,0.0,0,0.0,7281916852.0,2309426291.2
2016-05-03,'603808,歌力思,0.0,0.0,0.0,0.0,43.96,None,None,0.0,0,0.0,7281916852.0,2309426291.2
2016-04-29,'603808,歌力思,0.0,0.0,0.0,0.0,43.96,None,None,0.0,0,0.0,7281916852.0,2309426291.2
2016-04-28,'603808,歌力思,0.0,0.0,0.0,0.0,43.96,None,None,0.0,0,0.0,7281916852.0,2309426291.2
2016-04-27,'603808,歌力思,0.0,0.0,0.0,0.0,43.96,None,None,0.0,0,0.0,7281916852.0,2309426291.2
2016-04-26,'603808,歌力思,0.0,0.0,0.0,0.0,43.96,None,None,0.0,0,0.0,7281916852.0,2309426291.2
2016-04-25,'603808,歌力思,0.0,0.0,0.0,0.0,43.96,None,None,0.0,0,0.0,7281916852.0,2309426291.2
2016-04-22,'603808,歌力思,0.0,0.0,0.0,0.0,43.96,None,None,0.0,0,0.0,7281916852.0,2309426291.2
2016-04-21,'603808,歌力思,0.0,0.0,0.0,0.0,43.96,None,None,0.0,0,0.0,7281916852.0,1758400000.0
2016-04-20,'603808,歌力思,0.0,0.0,0.0,0.0,43.96,None,None,0.0,0,0.0,7281916852.0,1758400000.0
2016-04-19,'603808,歌力思,43.96,44.45,41.62,42.6,42.15,1.81,4.2942,9.8334,3933343,170183720.0,7281916852.0,1758400000.0
2016-04-18,'603808,歌力思,42.15,43.28,41.6,43.28,43.78,-1.63,-3.7232,6.7705,2708195,114282527.0,6982092705.0,1686000000.0
2016-04-15,'603808,歌力思,43.78,44.44,43.06,44.37,45.96,-2.18,-4.7433,14.6059,5842360,254891104.0,7252100086.0,1751200000.0
2016-04-14,'603808,歌力思,45.96,47.88,43.16,47.01,46.84,-0.88,-1.8787,12.8066,5122647,235443497.0,7613214252.0,1838400000.0
2016-04-13,'603808,歌力思,46.84,47.59,44.1,44.1,44.68,2.16,4.8344,9.5691,3827640,177543085.0,7758985108.0,1873600000.0
2016-04-12,'603808,歌力思,44.68,45.93,44.51,45.48,46.36,-1.68,-3.6238,7.5081,3003224,135730350.0,7401183916.0,1787200000.0
2016-04-11,'603808,歌力思,46.36,47.5,43.27,44.7,43.27,3.09,7.1412,12.8712,5148494,234317641.0,7679473732.0,1854400000.0
2016-04-08,'603808,歌力思,43.27,43.45,40.01,40.55,40.91,2.36,5.7688,11.3591,4543653,191787334.0,7167619249.0,1730800000.0
2016-04-07,'603808,歌力思,40.91,41.15,40.04,40.31,40.31,0.6,1.4885,5.4761,2190454,89167914.0,6776688317.0,1636400000.0
2016-04-06,'603808,歌力思,40.31,41.39,39.45,39.97,39.98,0.33,0.8254,4.6754,1870142,75717363.0,6677299097.0,1612400000.0
2016-04-05,'603808,歌力思,39.98,40.0,38.6,39.2,39.06,0.92,2.3554,4.2208,1688310,66712052.0,6622635026.0,1599200000.0
2016-04-01,'603808,歌力思,39.06,39.7,38.0,39.1,39.46,-0.4,-1.0137,3.4589,1383568,53716850.0,6470238222.0,1562400000.0
2016-03-31,'603808,歌力思,39.46,40.2,39.29,40.2,39.74,-0.28,-0.7046,3.5988,1439536,57359279.0,6536497702.0,1578400000.0
2016-03-30,'603808,歌力思,39.74,39.9,38.35,38.86,38.33,1.41,3.6786,3.8723,1548930,60779165.0,6582879338.0,1589600000.0
2016-03-29,'603808,歌力思,38.33,38.4,37.45,37.95,37.93,0.4,1.0546,3.3363,1334522,50538721.0,6349314671.0,1533200000.0
2016-03-28,'603808,歌力思,37.93,39.58,37.89,39.13,38.75,-0.82,-2.1161,3.6921,1476844,57444660.0,6283055191.0,1517200000.0
2016-03-25,'603808,歌力思,38.75,38.93,38.15,38.27,38.65,0.1,0.2587,3.581,1432403,55323098.0,6418887125.0,1550000000.0
2016-03-24,'603808,歌力思,38.65,39.95,38.09,38.51,38.99,-0.34,-0.872,6.5943,2637733,103199440.0,6402322255.0,1546000000.0
2016-03-23,'603808,歌力思,38.99,40.0,37.73,37.85,38.12,0.87,2.2823,6.1384,2455347,95824190.0,6458642813.0,1559600000.0
2016-03-22,'603808,歌力思,38.12,38.35,37.11,37.6,37.8,0.32,0.8466,4.6035,1841392,69793416.0,6314528444.0,1524800000.0
2016-03-21,'603808,歌力思,37.8,37.98,37.0,37.67,37.24,0.56,1.5038,5.0471,2018832,75807476.0,6261520860.0,1512000000.0
2016-03-18,'603808,歌力思,37.24,37.45,35.26,35.26,35.78,1.46,4.0805,6.0164,2406541,88562131.0,6168757588.0,1489600000.0
2016-03-17,'603808,歌力思,35.78,35.97,34.81,34.81,34.9,0.88,2.5215,2.762,1104805,39266831.0,5926910486.0,1431200000.0
2016-03-16,'603808,歌力思,34.9,35.76,34.2,35.22,35.19,-0.29,-0.8241,2.3478,939104,32849372.0,5781139630.0,1396000000.0
2016-03-15,'603808,歌力思,35.19,35.97,35.01,35.95,35.95,-0.76,-2.114,2.5123,1004918,35611346.0,5829177753.0,1407600000.0
2016-03-14,'603808,歌力思,35.95,36.48,35.12,35.47,34.94,1.01,2.8907,3.4596,1383822,49843799.0,5955070765.0,1438000000.0
2016-03-11,'603808,歌力思,34.94,35.03,33.9,34.18,34.42,0.52,1.5107,2.2456,898220,30964215.0,5787765578.0,1397600000.0
2016-03-10,'603808,歌力思,34.42,35.5,34.31,34.76,34.81,-0.39,-1.1204,2.148,859200,30030861.0,5701628254.0,1376800000.0
2016-03-09,'603808,歌力思,34.81,35.35,34.19,34.21,35.5,-0.69,-1.9437,2.373,949201,33096672.0,5766231247.0,1392400000.0
2016-03-08,'603808,歌力思,35.5,35.86,33.52,35.86,35.96,-0.46,-1.2792,3.3393,1335733,46310047.0,5880528850.0,1420000000.0
2016-03-07,'603808,歌力思,35.96,36.6,35.53,36.5,35.5,0.46,1.2958,3.0059,1202340,43395909.0,5956727252.0,1438400000.0
2016-03-04,'603808,歌力思,35.5,38.29,35.46,38.0,38.81,-3.31,-8.5287,6.4477,2579085,94524292.0,5880528850.0,1420000000.0
2016-03-03,'603808,歌力思,38.81,40.4,38.5,39.58,38.72,0.09,0.2324,10.2095,4083787,159478618.0,6428826047.0,1552400000.0
2016-03-02,'603808,歌力思,38.72,38.98,35.08,35.57,35.58,3.14,8.8252,6.1048,2441925,90793820.0,6413917664.0,1548800000.0
2016-03-01,'603808,歌力思,35.58,35.83,33.2,33.68,33.55,2.03,6.0507,3.8266,1530630,52359855.0,5893780746.0,1423200000.0
2016-02-29,'603808,歌力思,33.55,36.85,33.0,36.32,36.32,-2.77,-7.6267,3.0753,1230119,41868214.0,5557513885.0,1342000000.0
2016-02-26,'603808,歌力思,36.32,37.38,35.5,36.23,36.11,0.21,0.5816,2.9245,1169790,42657542.0,6016360784.0,1452800000.0
2016-02-25,'603808,歌力思,36.11,39.8,35.89,39.8,39.88,-3.77,-9.4534,4.9129,1965171,73838558.0,5981574557.0,1444400000.0
2016-02-24,'603808,歌力思,39.88,40.49,38.86,40.2,40.34,-0.46,-1.1403,3.646,1458419,57817545.0,6606070156.0,1595200000.0
2016-02-23,'603808,歌力思,40.34,41.36,39.81,41.08,41.07,-0.73,-1.7775,3.8054,1522140,61535907.0,6682268558.0,1613600000.0
2016-02-22,'603808,歌力思,41.07,41.36,40.22,40.39,40.19,0.88,2.1896,6.7438,2697511,109837750.0,6803192109.0,1642800000.0
2016-02-19,'603808,歌力思,40.19,40.51,39.68,40.51,40.31,-0.12,-0.2977,3.2826,1313030,52690343.0,6657421253.0,1607600000.0
2016-02-18,'603808,歌力思,40.31,41.25,40.01,41.25,40.51,-0.2,-0.4937,5.1037,2041480,82765811.0,6677299097.0,1612400000.0
2016-02-17,'603808,歌力思,40.51,40.65,39.18,39.84,40.39,0.12,0.2971,4.8345,1933790,77283009.0,6710428837.0,1620400000.0
2016-02-16,'603808,歌力思,40.39,41.12,39.24,39.5,38.98,1.41,3.6172,4.4868,1794721,72221133.0,6690550993.0,1615600000.0
2016-02-15,'603808,歌力思,38.98,39.6,36.66,39.15,40.55,-1.57,-3.8718,4.3529,1741172,67321724.0,6456986326.0,1559200000.0
2016-02-05,'603808,歌力思,40.55,41.39,39.3,39.39,38.7,1.85,4.7804,8.6848,3473920,140552588.0,6717054785.0,1622000000.0
2016-02-04,'603808,歌力思,38.7,38.7,38.0,38.0,35.18,3.52,10.0057,4.5367,1814682,70034538.0,6410604690.0,1548000000.0
2016-02-03,'603808,歌力思,0.0,0.0,0.0,0.0,35.18,None,None,0.0,0,0.0,5827521266.0,1407200000.0
2016-02-02,'603808,歌力思,0.0,0.0,0.0,0.0,35.18,None,None,0.0,0,0.0,5827521266.0,1407200000.0
2016-02-01,'603808,歌力思,0.0,0.0,0.0,0.0,35.18,None,None,0.0,0,0.0,5827521266.0,1407200000.0
2016-01-29,'603808,歌力思,0.0,0.0,0.0,0.0,35.18,None,None,0.0,0,0.0,5827521266.0,1407200000.0
2016-01-28,'603808,歌力思,0.0,0.0,0.0,0.0,35.18,None,None,0.0,0,0.0,5827521266.0,1407200000.0
2016-01-27,'603808,歌力思,0.0,0.0,0.0,0.0,35.18,None,None,0.0,0,0.0,5827521266.0,1407200000.0
2016-01-26,'603808,歌力思,35.18,39.2,35.18,38.82,39.09,-3.91,-10.0026,4.1963,1678500,62650081.0,5827521266.0,1407200000.0
2016-01-25,'603808,歌力思,39.09,39.38,38.5,39.01,38.56,0.53,1.3745,2.4825,992997,38698817.0,6475207683.0,1563600000.0
2016-01-22,'603808,歌力思,38.56,39.0,37.46,37.68,37.22,1.34,3.6002,4.3041,1721651,65833901.0,6387413872.0,1542400000.0
2016-01-21,'603808,歌力思,37.22,39.6,37.01,38.56,39.36,-2.14,-5.437,4.2064,1682550,65129282.0,6165444614.0,1488800000.0
2016-01-20,'603808,歌力思,39.36,40.56,39.11,40.03,40.49,-1.13,-2.7908,4.6116,1844626,73438379.0,6519932832.0,1574400000.0
2016-01-19,'603808,歌力思,40.49,40.65,39.01,39.3,39.46,1.03,2.6102,5.0818,2032733,81269115.0,6707115863.0,1619600000.0
2016-01-18,'603808,歌力思,39.46,40.15,37.8,37.88,38.92,0.54,1.3875,3.3378,1335125,52485719.0,6536497702.0,1578400000.0
2016-01-15,'603808,歌力思,38.92,40.64,38.5,40.1,40.46,-1.54,-3.8062,3.5443,1417733,55947131.0,6447047404.0,1556800000.0
2016-01-14,'603808,歌力思,40.46,40.99,37.3,37.82,38.56,1.9,4.9274,4.0175,1607015,63104215.0,6702146402.0,1618400000.0
2016-01-13,'603808,歌力思,38.56,40.7,38.5,39.55,39.36,-0.8,-2.0325,4.1406,1656250,65552206.0,6387413872.0,1542400000.0
2016-01-12,'603808,歌力思,39.36,40.4,38.52,38.8,38.79,0.57,1.4695,4.4357,1774282,69883721.0,6519932832.0,1574400000.0
2016-01-11,'603808,歌力思,38.79,41.95,38.61,40.0,41.66,-2.87,-6.8891,5.5547,2221878,89113522.0,6425513073.0,1551600000.0
2016-01-08,'603808,歌力思,41.66,42.96,38.8,41.99,40.67,0.99,2.4342,6.8598,2743912,113954002.0,6900924842.0,1666400000.0
2016-01-07,'603808,歌力思,40.67,43.9,40.67,43.9,45.19,-4.52,-10.0022,1.7123,684900,28944256.0,6736932629.0,1626800000.0
2016-01-06,'603808,歌力思,45.19,45.3,42.58,43.0,41.98,3.21,7.6465,6.9756,2790229,121510982.0,7485664753.0,1807600000.0
2016-01-05,'603808,歌力思,41.98,43.58,40.0,41.79,44.11,-2.13,-4.8288,6.4374,2574942,108212597.0,6953932426.0,1679200000.0
2016-01-04,'603808,歌力思,44.11,49.05,44.11,49.05,49.01,-4.9,-9.998,4.4226,1769044,82085247.0,7306764157.0,1764400000.0
2015-12-31,'603808,歌力思,49.01,50.22,48.96,49.9,49.91,-0.9,-1.8032,3.9193,1567731,78030821.0,8118442787.0,1960400000.0
2015-12-30,'603808,歌力思,49.91,50.55,49.47,50.21,50.54,-0.63,-1.2465,4.2142,1685670,84340732.0,8267526617.0,1996400000.0
2015-12-29,'603808,歌力思,50.54,50.78,49.05,50.1,50.09,0.45,0.8984,5.9618,2384708,118748862.0,8371885298.0,2021600000.0
2015-12-28,'603808,歌力思,50.09,54.98,50.0,53.6,53.01,-2.92,-5.5084,10.3828,4153124,220347159.0,8297343383.0,2003600000.0
2015-12-25,'603808,歌力思,53.01,53.55,51.83,52.28,52.11,0.9,1.7271,7.8282,3131268,165061377.0,8781037587.0,2120400000.0
2015-12-24,'603808,歌力思,52.11,52.32,50.55,50.55,50.98,1.13,2.2166,5.4297,2171890,111686756.0,8631953757.0,2084400000.0
2015-12-23,'603808,歌力思,50.98,52.3,50.78,51.48,51.33,-0.35,-0.6819,6.7521,2700829,139152601.0,8444770726.0,2039200000.0
2015-12-22,'603808,歌力思,51.33,51.56,50.64,50.75,50.73,0.6,1.1827,4.5226,1809059,92512499.0,8502747771.0,2053200000.0
2015-12-21,'603808,歌力思,50.73,51.1,50.15,50.5,51.05,-0.32,-0.6268,6.2039,2481563,125563765.0,8403358551.0,2029200000.0
2015-12-18,'603808,歌力思,51.05,52.84,50.53,52.57,52.46,-1.41,-2.6878,6.6366,2654649,136958220.0,8456366135.0,2042000000.0
2015-12-17,'603808,歌力思,52.46,52.74,50.72,50.72,50.26,2.2,4.3772,8.0492,3219663,166202914.0,8689930802.0,2098400000.0
2015-12-16,'603808,歌力思,50.26,51.06,49.53,50.0,49.82,0.44,0.8832,5.3852,2154065,108492586.0,8325503662.0,2010400000.0
2015-12-15,'603808,歌力思,49.82,50.5,49.5,49.64,49.64,0.18,0.3626,4.4983,1799301,90081870.0,8252618234.0,1992800000.0
2015-12-14,'603808,歌力思,49.64,49.7,47.0,47.44,47.92,1.72,3.5893,5.2106,2084243,101537227.0,8222801468.0,1985600000.0
2015-12-11,'603808,歌力思,47.92,49.49,47.88,48.8,49.3,-1.38,-2.7992,5.1688,2067524,100302055.0,7937885704.0,1916800000.0
2015-12-10,'603808,歌力思,49.3,50.28,49.01,50.0,49.52,-0.22,-0.4443,5.6413,2256537,111714384.0,8166480910.0,1972000000.0
2015-12-09,'603808,歌力思,49.52,52.35,49.2,51.54,51.54,-2.02,-3.9193,8.007,3202816,161527898.0,8202923624.0,1980800000.0
2015-12-08,'603808,歌力思,51.54,52.88,51.35,51.73,52.19,-0.65,-1.2454,7.3032,2921275,152322644.0,8537533998.0,2061600000.0
2015-12-07,'603808,歌力思,52.19,52.5,51.0,52.45,52.52,-0.33,-0.6283,6.6999,2679947,138711262.0,8645205653.0,2087600000.0
2015-12-04,'603808,歌力思,52.52,54.6,51.88,53.56,54.22,-1.7,-3.1354,12.3192,4927676,262478201.0,8699869724.0,2100800000.0
2015-12-03,'603808,歌力思,54.22,54.91,52.4,52.4,52.49,1.73,3.2959,11.4249,4569955,245139829.0,8981472514.0,2168800000.0
2015-12-02,'603808,歌力思,52.49,54.35,49.6,53.5,54.69,-2.2,-4.0227,11.5436,4617432,240434058.0,8694900263.0,2099600000.0
2015-12-01,'603808,歌力思,54.69,57.84,53.51,55.9,55.17,-0.48,-0.87,18.1314,7252540,406019995.0,9059327403.0,2187600000.0
2015-11-30,'603808,歌力思,55.17,55.17,49.18,50.68,50.15,5.02,10.01,16.2271,6490833,339581084.0,9138838779.0,2206800000.0
2015-11-27,'603808,歌力思,50.15,53.48,48.0,51.5,52.45,-2.3,-4.3851,11.7793,4711710,242599267.0,8307282305.0,2006000000.0
2015-11-26,'603808,歌力思,52.45,56.18,52.16,53.82,54.03,-1.58,-2.9243,13.6692,5467696,295737292.0,8688274315.0,2098000000.0
2015-11-25,'603808,歌力思,54.03,55.62,51.8,52.89,52.74,1.29,2.446,14.1895,5675815,307086502.0,8949999261.0,2161200000.0
2015-11-24,'603808,歌力思,52.74,52.8,48.3,48.62,48.73,4.01,8.229,15.5805,6232206,318013844.0,8736312438.0,2109600000.0
2015-11-23,'603808,歌力思,48.73,49.98,48.23,48.98,49.09,-0.36,-0.7333,7.8291,3131643,153588444.0,8072061151.0,1949200000.0
2015-11-20,'603808,歌力思,49.09,49.95,47.75,47.8,47.62,1.47,3.0869,9.4523,3780929,184280649.0,8131694683.0,1963600000.0
2015-11-19,'603808,歌力思,47.62,47.63,45.45,45.51,45.36,2.26,4.9824,6.6133,2645328,122449925.0,7888191094.0,1904800000.0
2015-11-18,'603808,歌力思,45.36,47.88,45.2,47.3,47.65,-2.29,-4.8059,7.8892,3155662,146419686.0,7513825032.0,1814400000.0
2015-11-17,'603808,歌力思,47.65,50.6,47.48,49.55,49.1,-1.45,-2.9532,10.5875,4234995,208827199.0,7893160555.0,1906000000.0
2015-11-16,'603808,歌力思,49.1,49.29,45.02,45.03,47.12,1.98,4.202,9.8698,3947921,188071420.0,8133351170.0,1964000000.0
2015-11-13,'603808,歌力思,47.12,51.8,46.5,50.36,51.62,-4.5,-8.7176,12.9467,5178681,252574446.0,7805366744.0,1884800000.0
2015-11-12,'603808,歌力思,51.62,53.38,48.0,49.45,48.64,2.98,6.1266,16.1619,6464759,324643723.0,8550785894.0,2064800000.0
2015-11-11,'603808,歌力思,48.64,48.8,45.5,46.2,46.32,2.32,5.0086,13.0943,5237713,249048767.0,8057152768.0,1945600000.0
2015-11-10,'603808,歌力思,46.32,47.99,45.9,47.1,47.96,-1.64,-3.4195,9.663,3865193,181277594.0,7672847784.0,1852800000.0
2015-11-09,'603808,歌力思,47.96,48.9,45.68,46.06,46.6,1.36,2.9185,14.4608,5784336,274430168.0,7944511652.0,1918400000.0
2015-11-06,'603808,歌力思,46.6,47.46,44.5,44.79,44.78,1.82,4.0643,13.0613,5224536,241945981.0,7719229420.0,1864000000.0
2015-11-05,'603808,歌力思,44.78,45.39,43.04,44.0,44.65,0.13,0.2912,14.1154,5646155,249116112.0,7417748786.0,1791200000.0
2015-11-04,'603808,歌力思,44.65,45.8,42.88,43.85,43.45,1.2,2.7618,15.261,6104388,268962557.0,7396214455.0,1786000000.0
2015-11-03,'603808,歌力思,43.45,44.36,40.0,40.9,40.86,2.59,6.3387,15.271,6108414,255991348.0,7197436015.0,1738000000.0
2015-11-02,'603808,歌力思,40.86,42.06,38.39,38.98,39.49,1.37,3.4692,12.4959,4998367,203906901.0,6768405882.0,1634400000.0
2015-10-30,'603808,歌力思,39.49,40.0,38.7,39.01,39.09,0.4,1.0233,6.1961,2478423,98107759.0,6541467163.0,1579600000.0
2015-10-29,'603808,歌力思,39.09,39.85,38.6,39.26,38.63,0.46,1.1908,4.8399,1935978,75906726.0,6475207683.0,1563600000.0
2015-10-28,'603808,歌力思,38.63,40.5,38.5,39.4,39.3,-0.67,-1.7048,6.811,2724403,107828814.0,6399009281.0,1545200000.0
2015-10-27,'603808,歌力思,39.3,39.47,37.3,39.01,39.45,-0.15,-0.3802,4.5649,1825969,70481058.0,6509993910.0,1572000000.0
2015-10-26,'603808,歌力思,39.45,39.6,37.74,38.0,37.8,1.65,4.3651,8.0889,3235547,125285871.0,6534841215.0,1578000000.0
2015-10-23,'603808,歌力思,37.8,37.92,36.8,37.67,37.3,0.5,1.3405,5.0316,2012655,75197757.0,6261520860.0,1512000000.0
2015-10-22,'603808,歌力思,37.3,37.63,36.0,36.68,36.5,0.8,2.1918,4.1034,1641376,60576131.0,6178696510.0,1492000000.0
2015-10-21,'603808,歌力思,36.5,40.1,36.01,39.85,39.67,-3.17,-7.9909,6.8886,2755433,106765565.0,5840000000.0,1460000000.0
2015-10-20,'603808,歌力思,39.67,39.68,38.5,38.96,38.94,0.73,1.8747,5.3719,2148771,84461159.0,6347200000.0,1586800000.0
2015-10-19,'603808,歌力思,38.94,40.0,38.36,39.56,40.14,-1.2,-2.9895,5.66,2263994,88918536.0,6230400000.0,1557600000.0
2015-10-16,'603808,歌力思,40.14,40.87,38.8,40.0,39.14,1.0,2.5549,9.2433,3697300,147646585.0,6422400000.0,1605600000.0
2015-10-15,'603808,歌力思,39.14,39.5,36.7,37.26,37.1,2.04,5.4987,7.16,2864016,108596517.0,6262400000.0,1565600000.0
2015-10-14,'603808,歌力思,37.1,38.5,36.93,37.95,37.98,-0.88,-2.317,5.2145,2085813,78803733.0,5936000000.0,1484000000.0
2015-10-13,'603808,歌力思,37.98,38.18,37.25,37.65,38.18,-0.2,-0.5238,4.038,1615218,61070402.0,6076800000.0,1519200000.0
2015-10-12,'603808,歌力思,38.18,38.6,36.3,36.6,36.41,1.77,4.8613,6.0844,2433760,91439718.0,6108800000.0,1527200000.0
2015-10-09,'603808,歌力思,36.41,36.53,35.8,36.03,36.41,0.0,0.0,3.7437,1497477,54235324.0,5825600000.0,1456400000.0
2015-10-08,'603808,歌力思,36.41,36.83,35.59,36.09,35.09,1.32,3.7618,4.5624,1824965,66162543.0,5825600000.0,1456400000.0
2015-09-30,'603808,歌力思,35.09,35.78,33.76,33.97,33.76,1.33,3.9396,3.802,1520819,53221627.0,5614400000.0,1403600000.0
2015-09-29,'603808,歌力思,33.76,34.26,33.55,33.85,34.43,-0.67,-1.946,1.9034,761343,25725694.0,5401600000.0,1350400000.0
2015-09-28,'603808,歌力思,34.43,34.85,33.6,33.7,33.92,0.51,1.5035,2.6488,1059523,36218587.0,5508800000.0,1377200000.0
2015-09-25,'603808,歌力思,33.92,35.75,33.6,35.75,35.77,-1.85,-5.1719,3.4435,1377382,47608508.0,5427200000.0,1356800000.0
2015-09-24,'603808,歌力思,35.77,36.2,35.28,35.56,35.37,0.4,1.1309,3.5169,1406770,50337439.0,5723200000.0,1430800000.0
2015-09-23,'603808,歌力思,35.37,36.4,34.4,35.0,35.59,-0.22,-0.6182,4.6429,1857170,65566604.0,5659200000.0,1414800000.0
2015-09-22,'603808,歌力思,35.59,36.54,34.73,35.99,35.98,-0.39,-1.0839,4.9811,1992439,71269266.0,5694400000.0,1423600000.0
2015-09-21,'603808,歌力思,35.98,36.58,34.0,34.0,35.09,0.89,2.5363,6.7602,2704087,96573240.0,5756800000.0,1439200000.0
2015-09-18,'603808,歌力思,35.09,35.59,33.68,34.5,34.07,1.02,2.9938,3.6206,1448250,49979465.0,5614400000.0,1403600000.0
2015-09-17,'603808,歌力思,34.07,36.83,33.88,36.59,36.83,-2.76,-7.4939,5.7605,2304199,82259805.0,5451200000.0,1362800000.0
2015-09-16,'603808,歌力思,36.83,37.2,33.8,34.15,34.04,2.79,8.1962,6.6741,2669656,93955076.0,5892800000.0,1473200000.0
2015-09-15,'603808,歌力思,34.04,35.0,32.36,35.0,35.95,-1.91,-5.3129,5.3506,2140259,70942816.0,5446400000.0,1361600000.0
2015-09-14,'603808,歌力思,35.95,40.35,35.95,40.05,39.94,-3.99,-9.99,6.1186,2447452,91193491.0,5752000000.0,1438000000.0
2015-09-11,'603808,歌力思,39.94,42.3,39.03,41.2,41.15,-1.21,-2.9405,3.826,1530388,61351785.0,6390400000.0,1597600000.0
2015-09-10,'603808,歌力思,41.15,44.58,41.0,43.79,45.09,-3.94,-8.7381,5.0457,2018284,86042576.0,6584000000.0,1646000000.0
2015-09-09,'603808,歌力思,45.09,46.54,40.41,40.41,42.76,2.33,5.449,6.4859,2594376,114531852.0,7214400000.0,1803600000.0
2015-09-08,'603808,歌力思,0.0,0.0,0.0,0.0,42.76,None,None,0.0,0,0.0,6841600000.0,1710400000.0
2015-09-07,'603808,歌力思,0.0,0.0,0.0,0.0,42.76,None,None,0.0,0,0.0,6841600000.0,1710400000.0
2015-09-02,'603808,歌力思,0.0,0.0,0.0,0.0,42.76,None,None,0.0,0,0.0,6841600000.0,1710400000.0
2015-09-01,'603808,歌力思,0.0,0.0,0.0,0.0,42.76,None,None,0.0,0,0.0,6841600000.0,1710400000.0
2015-08-31,'603808,歌力思,0.0,0.0,0.0,0.0,42.76,None,None,0.0,0,0.0,6841600000.0,1710400000.0
2015-08-28,'603808,歌力思,0.0,0.0,0.0,0.0,42.76,None,None,0.0,0,0.0,6841600000.0,1710400000.0
2015-08-27,'603808,歌力思,0.0,0.0,0.0,0.0,42.76,None,None,0.0,0,0.0,6841600000.0,1710400000.0
2015-08-26,'603808,歌力思,0.0,0.0,0.0,0.0,42.76,None,None,0.0,0,0.0,6841600000.0,1710400000.0
2015-08-25,'603808,歌力思,0.0,0.0,0.0,0.0,42.76,None,None,0.0,0,0.0,6841600000.0,1710400000.0
2015-08-24,'603808,歌力思,42.76,45.15,42.04,45.02,46.71,-3.95,-8.4564,7.0056,2802253,119389936.0,6841600000.0,1710400000.0
2015-08-21,'603808,歌力思,46.71,47.72,44.51,47.03,47.8,-1.09,-2.2803,3.1949,1277950,59088244.0,7473600000.0,1868400000.0
2015-08-20,'603808,歌力思,47.8,49.45,47.05,48.1,49.82,-2.02,-4.0546,3.1652,1266061,60910538.0,7648000000.0,1912000000.0
2015-08-19,'603808,歌力思,49.82,50.0,44.88,45.9,48.28,1.54,3.1897,6.0224,2408951,113948400.0,7971200000.0,1992800000.0
2015-08-18,'603808,歌力思,48.28,52.48,47.23,51.55,52.48,-4.2,-8.003,6.5071,2602844,128681653.0,7724800000.0,1931200000.0
2015-08-17,'603808,歌力思,52.48,53.94,52.0,52.9,53.02,-0.54,-1.0185,4.5842,1833677,97023560.0,8396800000.0,2099200000.0
2015-08-14,'603808,歌力思,53.02,54.0,51.0,52.15,52.08,0.94,1.8049,8.5482,3419282,179283884.0,8483200000.0,2120800000.0
2015-08-13,'603808,歌力思,52.08,52.5,50.0,51.09,51.34,0.74,1.4414,6.2464,2498577,128075338.0,8332800000.0,2083200000.0
2015-08-12,'603808,歌力思,51.34,54.88,51.01,52.19,52.52,-1.18,-2.2468,10.7418,4296709,230639604.0,8214400000.0,2053600000.0
2015-08-11,'603808,歌力思,52.52,52.84,50.6,51.96,52.85,-0.33,-0.6244,10.1663,4066515,211375499.0,8403200000.0,2100800000.0
2015-08-10,'603808,歌力思,52.85,53.1,48.51,49.01,49.01,3.84,7.8351,11.509,4603597,233685066.0,8456000000.0,2114000000.0
2015-08-07,'603808,歌力思,49.01,49.89,46.3,46.3,46.46,2.55,5.4886,12.6028,5041100,244282938.0,7841600000.0,1960400000.0
2015-08-06,'603808,歌力思,46.46,46.8,43.98,45.3,47.11,-0.65,-1.3797,7.2553,2902134,131695203.0,7433600000.0,1858400000.0
2015-08-05,'603808,歌力思,47.11,48.78,46.99,48.0,49.21,-2.1,-4.2674,9.02,3607982,172033311.0,7537600000.0,1884400000.0
2015-08-04,'603808,歌力思,49.21,49.6,43.39,48.0,47.83,1.38,2.8852,18.2501,7300047,342670444.0,7873600000.0,1968400000.0
2015-08-03,'603808,歌力思,47.83,49.17,45.6,48.98,49.93,-2.1,-4.2059,9.2713,3708538,177912308.0,7652800000.0,1913200000.0
2015-07-31,'603808,歌力思,49.93,51.97,48.0,48.5,49.88,0.05,0.1002,10.0481,4019223,201970685.0,7988800000.0,1997200000.0
2015-07-30,'603808,歌力思,49.88,52.38,47.85,48.5,49.88,0.0,0.0,17.7864,7114540,359546148.0,7980800000.0,1995200000.0
2015-07-29,'603808,歌力思,49.88,49.95,43.7,46.01,45.65,4.23,9.2662,13.0409,5216367,243140456.0,7980800000.0,1995200000.0
2015-07-28,'603808,歌力思,45.65,46.0,40.0,41.06,43.21,2.44,5.6468,15.1656,6066237,264907198.0,7304000000.0,1826000000.0
2015-07-27,'603808,歌力思,43.21,50.5,42.9,46.99,47.45,-4.24,-8.9357,13.4898,5395929,256791898.0,6913600000.0,1728400000.0
2015-07-24,'603808,歌力思,47.45,49.65,45.8,48.04,47.33,0.12,0.2535,14.9134,5965367,287474556.0,7592000000.0,1898000000.0
2015-07-23,'603808,歌力思,47.33,47.33,43.15,43.15,43.03,4.3,9.993,14.8125,5925001,271068195.0,7572800000.0,1893200000.0
2015-07-22,'603808,歌力思,43.03,43.5,41.6,43.2,43.12,-0.09,-0.2087,11.0529,4421174,188866900.0,6884800000.0,1721200000.0
2015-07-21,'603808,歌力思,43.12,44.9,40.4,41.5,42.77,0.35,0.8183,15.0467,6018686,257659056.0,6899200000.0,1724800000.0
2015-07-20,'603808,歌力思,42.77,43.28,38.86,40.06,40.06,2.71,6.7649,20.1235,8049381,335316696.0,6843200000.0,1710800000.0
2015-07-17,'603808,歌力思,40.06,40.06,36.87,38.0,36.42,3.64,9.9945,19.6887,7875490,303793852.0,6409600000.0,1602400000.0
2015-07-16,'603808,歌力思,36.42,36.42,33.11,36.42,33.11,3.31,9.997,15.9769,6390742,228252377.0,5827200000.0,1456800000.0
2015-07-15,'603808,歌力思,33.11,33.11,33.11,33.11,30.1,3.01,10.0,0.7687,307460,10180001.0,5297600000.0,1324400000.0
2015-07-14,'603808,歌力思,0.0,0.0,0.0,0.0,30.1,None,None,0.0,0,0.0,4816000000.0,1204000000.0
2015-07-13,'603808,歌力思,0.0,0.0,0.0,0.0,30.1,None,None,0.0,0,0.0,4816000000.0,1204000000.0
2015-07-10,'603808,歌力思,0.0,0.0,0.0,0.0,30.1,None,None,0.0,0,0.0,4816000000.0,1204000000.0
2015-07-09,'603808,歌力思,0.0,0.0,0.0,0.0,30.1,None,None,0.0,0,0.0,4816000000.0,1204000000.0
2015-07-08,'603808,歌力思,30.1,30.1,30.1,30.1,33.44,-3.34,-9.988,0.7063,282500,8503250.0,4816000000.0,1204000000.0
2015-07-07,'603808,歌力思,33.44,36.0,33.44,35.01,37.15,-3.71,-9.9865,5.7071,2282845,77737466.0,5350400000.0,1337600000.0
2015-07-06,'603808,歌力思,37.15,44.38,36.36,44.38,40.4,-3.25,-8.0446,12.8304,5132162,203841669.0,5944000000.0,1486000000.0
2015-07-03,'603808,歌力思,40.4,46.5,40.4,40.88,44.89,-4.49,-10.0022,12.8098,5123934,216037115.0,6464000000.0,1616000000.0
2015-07-02,'603808,XD歌力思,44.89,48.98,44.3,48.0,49.19,-4.3,-8.7416,10.9396,4375842,201743249.0,7182400000.0,1795600000.0
2015-07-01,'603808,歌力思,49.44,55.0,49.02,52.86,54.26,-4.82,-8.8832,16.2927,6517071,345329831.0,7910400000.0,1977600000.0
2015-06-30,'603808,歌力思,54.26,54.36,44.53,46.8,49.42,4.84,9.7936,17.851,7140398,354151967.0,8681600000.0,2170400000.0
2015-06-29,'603808,歌力思,49.42,51.0,44.02,50.88,48.31,1.11,2.2977,16.8304,6732170,331917513.0,7907200000.0,1976800000.0
2015-06-26,'603808,歌力思,48.31,50.99,46.91,48.6,49.09,-0.78,-1.5889,17.9207,7168298,350112862.0,7729600000.0,1932400000.0
2015-06-25,'603808,歌力思,49.09,53.5,48.68,53.3,53.8,-4.71,-8.7546,9.2611,3704432,190293937.0,7854400000.0,1963600000.0
2015-06-24,'603808,歌力思,53.8,54.44,51.49,52.54,52.17,1.63,3.1244,12.8181,5127235,271306061.0,8608000000.0,2152000000.0
2015-06-23,'603808,歌力思,52.17,52.43,47.01,49.19,48.73,3.44,7.0593,9.7221,3888824,195488030.0,8347200000.0,2086800000.0
2015-06-19,'603808,歌力思,48.73,52.12,48.66,50.09,51.68,-2.95,-5.7082,9.1036,3641426,182194454.0,7796800000.0,1949200000.0
2015-06-18,'603808,歌力思,51.68,57.41,51.67,57.35,57.41,-5.73,-9.9808,9.8695,3947815,214494141.0,8268800000.0,2067200000.0
2015-06-17,'603808,歌力思,57.41,57.96,54.9,55.01,55.93,1.48,2.6462,9.5465,3818585,215688168.0,9185600000.0,2296400000.0
2015-06-16,'603808,歌力思,55.93,57.49,52.19,55.0,56.65,-0.72,-1.271,13.1798,5271936,290110472.0,8948800000.0,2237200000.0
2015-06-15,'603808,歌力思,56.65,61.0,56.13,60.5,62.37,-5.72,-9.1711,16.4174,6566968,378622728.0,9064000000.0,2266000000.0
2015-06-12,'603808,歌力思,62.37,67.99,62.35,65.85,66.38,-4.01,-6.041,17.54,7016018,450223076.0,9979200000.0,2494800000.0
2015-06-11,'603808,歌力思,66.38,66.9,61.3,62.44,62.44,3.94,6.3101,18.9048,7561924,489630417.0,10620800000.0,2655200000.0
2015-06-10,'603808,歌力思,62.44,64.2,58.8,58.8,60.29,2.15,3.5661,15.8356,6334229,396447003.0,9990400000.0,2497600000.0
2015-06-09,'603808,歌力思,60.29,61.0,57.1,58.21,59.17,1.12,1.8929,12.3952,4958079,296242865.0,9646400000.0,2411600000.0
2015-06-08,'603808,歌力思,59.17,64.56,58.95,64.56,65.02,-5.85,-8.9972,19.8502,7940086,480185976.0,9467200000.0,2366800000.0
2015-06-05,'603808,歌力思,65.02,69.66,63.58,65.99,67.24,-2.22,-3.3016,17.1534,6861367,456427360.0,10403200000.0,2600800000.0
2015-06-04,'603808,歌力思,67.24,73.29,67.24,73.29,74.71,-7.47,-9.9987,16.2421,6496824,446532853.0,10758400000.0,2689600000.0
2015-06-03,'603808,歌力思,74.71,76.0,67.01,67.94,69.11,5.6,8.103,28.8027,11521077,829229809.0,11953600000.0,2988400000.0
2015-06-02,'603808,歌力思,69.11,71.6,64.86,69.0,72.07,-2.96,-4.1071,32.7192,13087683,875611380.0,11057600000.0,2764400000.0
2015-06-01,'603808,歌力思,72.07,79.9,72.07,76.51,80.08,-8.01,-10.0025,26.711,10684386,784171058.0,11531200000.0,2882800000.0
2015-05-29,'603808,歌力思,80.08,91.81,75.92,75.92,84.35,-4.27,-5.0622,40.0858,16034311,1297976610.0,12812800000.0,3203200000.0
2015-05-28,'603808,歌力思,0.0,0.0,0.0,0.0,84.35,None,None,0.0,0,0.0,13496000000.0,3374000000.0
2015-05-27,'603808,歌力思,0.0,0.0,0.0,0.0,84.35,None,None,0.0,0,0.0,13496000000.0,3374000000.0
2015-05-26,'603808,歌力思,84.35,84.35,78.68,84.0,76.68,7.67,10.0026,22.7715,9108613,764362401.0,13496000000.0,3374000000.0
2015-05-25,'603808,歌力思,76.68,76.68,69.86,74.0,69.71,6.97,9.9986,21.479,8591609,642365957.0,12268800000.0,3067200000.0
2015-05-22,'603808,歌力思,69.71,69.71,63.5,65.3,63.37,6.34,10.0047,30.2186,12087455,811811347.0,11153600000.0,2788400000.0
2015-05-21,'603808,歌力思,63.37,65.97,58.39,59.48,61.05,2.32,3.8002,34.8658,13946304,855432905.0,10139200000.0,2534800000.0
2015-05-20,'603808,歌力思,61.05,66.01,58.8,59.8,62.06,-1.01,-1.6275,33.6962,13478493,845095358.0,9768000000.0,2442000000.0
2015-05-19,'603808,歌力思,62.06,69.05,58.0,69.05,62.77,-0.71,-1.1311,51.2565,20502618,1298255735.0,9929600000.0,2482400000.0
2015-05-18,'603808,歌力思,62.77,62.77,60.01,62.5,57.06,5.71,10.007,7.4514,2980559,185497164.0,10043200000.0,2510800000.0
2015-05-15,'603808,歌力思,57.06,57.06,52.09,55.0,51.87,5.19,10.0058,30.1757,12070286,674603426.0,9129600000.0,2282400000.0
2015-05-14,'603808,歌力思,51.87,51.87,47.35,47.57,47.15,4.72,10.0106,30.2919,12116761,618262468.0,8299200000.0,2074800000.0
2015-05-13,'603808,歌力思,47.15,47.66,44.51,45.4,46.0,1.15,2.5,23.0693,9227712,429339408.0,7544000000.0,1886000000.0
2015-05-12,'603808,歌力思,46.0,47.8,45.57,46.4,46.49,-0.49,-1.054,20.8963,8358512,386591781.0,7360000000.0,1840000000.0
2015-05-11,'603808,歌力思,46.49,46.88,43.5,44.01,44.23,2.26,5.1097,22.7335,9093400,411584628.0,7438400000.0,1859600000.0
2015-05-08,'603808,歌力思,44.23,44.38,42.73,43.87,43.85,0.38,0.8666,13.8053,5522126,241097482.0,7076800000.0,1769200000.0
2015-05-07,'603808,歌力思,43.85,45.0,42.01,42.5,42.43,1.42,3.3467,17.4444,6977770,302628085.0,7016000000.0,1754000000.0
2015-05-06,'603808,歌力思,42.43,44.14,42.0,43.89,43.77,-1.34,-3.0615,16.4533,6581313,282788572.0,6788800000.0,1697200000.0
2015-05-05,'603808,歌力思,43.77,45.65,43.03,45.0,47.26,-3.49,-7.3847,27.0095,10803819,478782207.0,7003200000.0,1750800000.0
2015-05-04,'603808,歌力思,47.26,53.77,47.05,52.5,48.88,-1.62,-3.3142,47.8427,19137066,958980209.0,7561600000.0,1890400000.0
2015-04-30,'603808,歌力思,48.88,48.88,47.0,48.0,44.44,4.44,9.991,16.9135,6765418,326102495.0,7820800000.0,1955200000.0
2015-04-29,'603808,歌力思,44.44,44.44,42.44,44.44,40.4,4.04,10.0,16.5023,6600929,292497722.0,7110400000.0,1777600000.0
2015-04-28,'603808,歌力思,40.4,40.4,40.4,40.4,36.73,3.67,9.9918,1.0548,421900,17044760.0,6464000000.0,1616000000.0
2015-04-27,'603808,歌力思,36.73,36.73,36.73,36.73,33.39,3.34,10.003,0.1243,49700,1825481.0,5876800000.0,1469200000.0
2015-04-24,'603808,歌力思,33.39,33.39,33.39,33.39,30.35,3.04,10.0165,0.0778,31100,1038429.0,5342400000.0,1335600000.0
2015-04-23,'603808,歌力思,30.35,30.35,30.35,30.35,27.59,2.76,10.0036,0.0455,18200,552370.0,4856000000.0,1214000000.0
2015-04-22,'603808,N歌力思,27.59,27.59,27.59,27.59,19.16,8.43,43.9979,0.137,54780,1511380.0,4414400000.0,1103600000.0
