日期,股票代码,名称,收盘价,最高价,最低价,开盘价,前收盘,涨跌额,涨跌幅,换手率,成交量,成交金额,总市值,流通市值
2017-05-15,'603800,道森股份,24.06,24.75,24.03,24.73,24.63,-0.57,-2.3143,4.5478,3074300,74844655.0,5004480000.0,1626456000.0
2017-05-12,'603800,道森股份,24.63,24.79,24.36,24.55,24.64,-0.01,-0.0406,4.3867,2965411,72905012.0,5123040000.0,1664988000.0
2017-05-11,'603800,道森股份,24.64,24.68,23.7,24.62,24.81,-0.17,-0.6852,6.8739,4646754,112822190.0,5125120000.0,1665664000.0
2017-05-10,'603800,道森股份,24.81,25.69,24.78,25.2,25.37,-0.56,-2.2073,5.6992,3852660,97556689.0,5160480000.0,1677156000.0
2017-05-09,'603800,道森股份,25.37,25.49,24.66,24.81,25.28,0.09,0.356,5.1604,3488400,87506221.0,5276960000.0,1715012000.0
2017-05-08,'603800,道森股份,25.28,26.5,25.21,26.5,26.57,-1.29,-4.8551,6.0127,4064600,105251899.0,5258240000.0,1708928000.0
2017-05-05,'603800,道森股份,26.57,27.7,26.53,27.7,27.74,-1.17,-4.2177,7.1297,4819647,130961068.0,5526560000.0,1796132000.0
2017-05-04,'603800,道森股份,27.74,28.1,27.6,28.03,28.28,-0.54,-1.9095,6.476,4377800,121829062.0,5769920000.0,1875224000.0
2017-05-03,'603800,道森股份,28.28,28.58,27.8,28.4,28.66,-0.38,-1.3259,11.8675,8022447,225685257.0,5882240000.0,1911728000.0
2017-05-02,'603800,道森股份,28.66,28.69,27.52,27.52,26.85,1.81,6.7412,16.8601,11397400,320978036.0,5961280000.0,1937416000.0
2017-04-28,'603800,道森股份,26.85,26.97,26.52,26.8,26.82,0.03,0.1119,5.7584,3892700,104384591.0,5584800000.0,1815060000.0
2017-04-27,'603800,道森股份,26.82,26.88,25.3,26.31,26.47,0.35,1.3223,8.9775,6068800,158578504.0,5578560000.0,1813032000.0
2017-04-26,'603800,道森股份,26.47,26.58,26.03,26.23,26.21,0.26,0.992,5.2422,3543758,93465751.0,5505760000.0,1789372000.0
2017-04-25,'603800,道森股份,26.21,26.6,26.08,26.2,26.13,0.08,0.3062,4.7312,3198300,84137753.0,5451680000.0,1771796000.0
2017-04-24,'603800,道森股份,26.13,27.85,26.08,27.8,27.77,-1.64,-5.9057,7.0753,4782900,128258035.0,5435040000.0,1766388000.0
2017-04-21,'603800,道森股份,27.77,27.99,27.6,27.81,27.66,0.11,0.3977,4.5602,3082700,85606129.0,5776160000.0,1877252000.0
2017-04-20,'603800,道森股份,27.66,28.39,27.39,27.97,27.97,-0.31,-1.1083,6.3698,4306000,120002706.0,5753280000.0,1869816000.0
2017-04-19,'603800,道森股份,27.97,28.07,27.04,27.49,27.64,0.33,1.1939,7.2124,4875600,134424948.0,5817760000.0,1890772000.0
2017-04-18,'603800,道森股份,27.64,27.99,27.31,27.61,27.55,0.09,0.3267,5.9575,4027300,111476459.0,5749120000.0,1868464000.0
2017-04-17,'603800,道森股份,27.55,28.85,27.29,28.85,28.95,-1.4,-4.8359,8.1686,5522000,154487956.0,5730400000.0,1862380000.0
2017-04-14,'603800,道森股份,28.95,29.52,28.8,29.36,29.31,-0.36,-1.2282,6.6273,4480052,130602456.0,6021600000.0,1957020000.0
2017-04-13,'603800,道森股份,29.31,29.8,29.0,29.02,29.22,0.09,0.308,6.5143,4403677,129206174.0,6096480000.0,1981356000.0
2017-04-12,'603800,道森股份,29.22,30.19,29.12,30.0,30.21,-0.99,-3.2771,7.8312,5293905,157458937.0,6077760000.0,1975272000.0
2017-04-11,'603800,道森股份,30.21,30.37,29.45,29.79,29.74,0.47,1.5804,9.2607,6260210,187781846.0,6283680000.0,2042196000.0
2017-04-10,'603800,道森股份,29.74,31.05,29.56,31.03,31.23,-1.49,-4.7711,13.8335,9351445,282103665.0,6185920000.0,2010424000.0
2017-04-07,'603800,道森股份,31.23,32.4,31.21,32.23,32.23,-1.0,-3.1027,10.903,7370447,234293838.0,6495840000.0,2111148000.0
2017-04-06,'603800,道森股份,32.23,32.88,32.2,32.5,32.58,-0.35,-1.0743,9.2479,6251547,203262494.0,6703840000.0,2178748000.0
2017-04-05,'603800,道森股份,32.58,32.73,31.8,31.8,32.22,0.36,1.1173,8.9899,6077200,197190627.0,6776640000.0,2202408000.0
2017-03-31,'603800,道森股份,32.22,32.59,31.68,32.15,32.1,0.12,0.3738,9.6977,6555673,210842202.0,6701760000.0,2178072000.0
2017-03-30,'603800,道森股份,32.1,33.03,31.91,33.01,33.33,-1.23,-3.6904,15.5097,10484541,338819523.0,6676800000.0,2169960000.0
2017-03-29,'603800,道森股份,33.33,35.49,33.21,35.3,35.43,-2.1,-5.9272,19.9895,13512900,460904375.0,6932640000.0,2253108000.0
2017-03-28,'603800,道森股份,35.43,36.32,35.38,36.3,36.25,-0.82,-2.2621,11.6433,7870842,281939205.0,7369440000.0,2395068000.0
2017-03-27,'603800,道森股份,36.25,36.55,35.8,35.99,35.89,0.36,1.0031,15.0598,10180426,368210187.0,7540000000.0,2450500000.0
2017-03-24,'603800,道森股份,35.89,36.2,35.66,36.2,36.29,-0.4,-1.1022,14.2089,9605205,344851824.0,7465120000.0,2426164000.0
2017-03-23,'603800,道森股份,36.29,36.99,35.7,36.6,36.73,-0.44,-1.1979,20.7383,14019065,510357696.0,7548320000.0,2453204000.0
2017-03-22,'603800,道森股份,36.73,37.98,36.55,37.98,38.23,-1.5,-3.9236,28.9503,19570399,725152179.0,7639840000.0,2482948000.0
2017-03-21,'603800,道森股份,38.23,38.85,37.69,38.36,39.38,-1.15,-2.9203,30.2598,20455602,780383478.0,7951840000.0,2584348000.0
2017-03-20,'603800,道森股份,39.38,40.88,38.87,40.4,43.19,-3.81,-8.8215,63.9605,43237295,1688425638.0,8191040000.0,2662088000.0
2017-03-17,'603800,道森股份,43.19,48.5,43.19,46.0,47.99,-4.8,-10.0021,54.5295,36861936,1600012356.0,8983520000.0,2919644000.0
2017-03-16,'603800,道森股份,47.99,52.52,46.8,48.5,47.85,0.14,0.2926,29.3235,19822705,973483578.0,9981920000.0,3244124000.0
2017-03-15,'603800,道森股份,47.85,47.85,43.2,44.1,43.5,4.35,10.0,14.0418,9492265,435855135.0,9952800000.0,3234660000.0
2017-03-14,'603800,道森股份,43.5,44.9,42.05,43.9,44.27,-0.77,-1.7393,16.5977,11220058,490782414.0,9048000000.0,2940600000.0
2017-03-13,'603800,道森股份,44.27,44.3,39.4,39.5,40.27,4.0,9.933,30.049,20313130,864696779.0,9208160000.0,2992652000.0
2017-03-10,'603800,道森股份,40.27,40.63,36.66,36.89,36.94,3.33,9.0146,37.219,25160027,980530377.0,8376160000.0,2722252000.0
2017-03-09,'603800,道森股份,36.94,37.23,36.49,37.2,37.15,-0.21,-0.5653,4.8671,3290156,121002653.0,7683520000.0,2497144000.0
2017-03-08,'603800,道森股份,37.15,37.25,36.01,36.24,36.23,0.92,2.5393,9.7142,6566816,240623705.0,7727200000.0,2511340000.0
2017-03-07,'603800,道森股份,36.23,36.45,35.61,36.21,36.21,0.02,0.0552,10.8529,7336552,265624553.0,7535840000.0,2449148000.0
2017-03-06,'603800,道森股份,36.21,36.94,36.0,36.8,36.67,-0.46,-1.2544,12.926,8738005,318550881.0,7531680000.0,2447796000.0
2017-03-03,'603800,道森股份,36.67,37.06,36.01,37.0,36.92,-0.25,-0.6771,12.3846,8371971,307538983.0,7627360000.0,2478892000.0
2017-03-02,'603800,道森股份,36.92,38.62,35.24,38.62,39.15,-2.23,-5.696,23.6697,16000701,579421011.0,7679360000.0,2495792000.0
2017-03-01,'603800,道森股份,39.15,39.3,35.33,39.1,39.26,-0.11,-0.2802,8.8849,6006174,231740980.0,8143200000.0,2646540000.0
2017-02-28,'603800,道森股份,39.26,39.35,37.33,38.55,38.64,0.62,1.6046,17.1238,11575688,443341150.0,8166080000.0,2653976000.0
2017-02-27,'603800,道森股份,38.64,39.02,37.95,38.45,38.22,0.42,1.0989,13.569,9172639,355315481.0,8037120000.0,2612064000.0
2017-02-24,'603800,道森股份,38.22,38.87,37.02,37.24,37.29,0.93,2.494,9.378,6339528,242250445.0,7949760000.0,2583672000.0
2017-02-23,'603800,道森股份,37.29,37.41,36.7,36.95,37.24,0.05,0.1343,4.7695,3224201,119436206.0,7756320000.0,2520804000.0
2017-02-22,'603800,道森股份,37.24,37.5,36.69,36.81,37.26,-0.02,-0.0537,7.7328,5227383,193397602.0,7745920000.0,2517424000.0
2017-02-21,'603800,道森股份,37.26,37.6,36.51,37.3,37.25,0.01,0.0268,7.2709,4915133,182268889.0,7750080000.0,2518776000.0
2017-02-20,'603800,道森股份,37.25,37.45,35.7,35.82,35.83,1.42,3.9632,11.8467,8008355,294487545.0,7748000000.0,2518100000.0
2017-02-17,'603800,道森股份,35.83,36.15,35.4,35.75,35.63,0.2,0.5613,6.4422,4354900,155755991.0,7452640000.0,2422108000.0
2017-02-16,'603800,道森股份,35.63,36.14,34.82,35.18,35.19,0.44,1.2504,9.4878,6413734,228038590.0,7411040000.0,2408588000.0
2017-02-15,'603800,道森股份,35.19,35.44,34.42,34.56,34.81,0.38,1.0916,9.4901,6415283,225134729.0,7319520000.0,2378844000.0
2017-02-14,'603800,道森股份,34.81,35.85,34.59,35.8,35.94,-1.13,-3.1441,9.4398,6381298,222994360.0,7240480000.0,2353156000.0
2017-02-13,'603800,道森股份,35.94,36.6,35.28,36.5,36.59,-0.65,-1.7764,10.9888,7428449,266855716.0,7475520000.0,2429544000.0
2017-02-10,'603800,道森股份,36.59,38.1,34.69,34.69,34.93,1.66,4.7524,19.687,13308428,484654207.0,7610720000.0,2473484000.0
2017-02-09,'603800,道森股份,34.93,36.35,34.78,36.0,36.11,-1.18,-3.2678,10.151,6862104,243960485.0,7265440000.0,2361268000.0
2017-02-08,'603800,道森股份,36.11,36.5,35.01,35.15,35.5,0.61,1.7183,16.1921,10945842,394383972.0,7510880000.0,2441036000.0
2017-02-07,'603800,道森股份,35.5,35.92,35.11,35.92,35.46,0.04,0.1128,8.4779,5731063,202884480.0,7384000000.0,2399800000.0
2017-02-06,'603800,道森股份,35.46,35.78,34.7,35.32,35.32,0.14,0.3964,12.0947,8175997,288974570.0,7375680000.0,2397096000.0
2017-02-03,'603800,道森股份,35.32,35.5,34.51,35.0,35.35,-0.03,-0.0849,11.9068,8049001,283022427.0,7346560000.0,2387632000.0
2017-01-26,'603800,道森股份,35.35,35.7,33.56,33.8,33.8,1.55,4.5858,23.392,15813011,551625304.0,7352800000.0,2389660000.0
2017-01-25,'603800,道森股份,33.8,34.3,33.03,33.64,33.66,0.14,0.4159,13.8624,9370950,314986839.0,7030400000.0,2284880000.0
2017-01-24,'603800,道森股份,33.66,33.88,32.65,33.66,33.76,-0.1,-0.2962,13.4106,9065588,303175159.0,7001280000.0,2275416000.0
2017-01-23,'603800,道森股份,33.76,33.95,33.1,33.18,33.32,0.44,1.3205,17.2825,11682990,391574997.0,7022080000.0,2282176000.0
2017-01-20,'603800,道森股份,33.32,33.47,32.0,32.33,32.6,0.72,2.2086,12.1581,8218845,270723875.0,6930560000.0,2252432000.0
2017-01-19,'603800,道森股份,32.6,32.9,32.41,32.75,32.8,-0.2,-0.6098,6.6153,4471945,146077861.0,6780800000.0,2203760000.0
2017-01-18,'603800,道森股份,32.8,32.9,31.84,32.1,32.5,0.3,0.9231,10.447,7062203,229222918.0,6822400000.0,2217280000.0
2017-01-17,'603800,道森股份,32.5,32.6,30.65,31.99,32.57,-0.07,-0.2149,15.4941,10474040,332473648.0,6760000000.0,2197000000.0
2017-01-16,'603800,道森股份,32.57,34.02,29.7,33.43,32.96,-0.39,-1.1833,17.0056,11495756,375075232.0,6774560000.0,2201732000.0
2017-01-13,'603800,道森股份,32.96,33.45,32.1,32.88,32.94,0.02,0.0607,10.7645,7276810,238604618.0,6855680000.0,2228096000.0
2017-01-12,'603800,道森股份,32.94,33.49,32.63,32.71,32.77,0.17,0.5188,13.5578,9165079,303403561.0,6851520000.0,2226744000.0
2017-01-11,'603800,道森股份,32.77,32.79,30.7,30.88,31.16,1.61,5.1669,13.1383,8881490,283742106.0,6816160000.0,2215252000.0
2017-01-10,'603800,道森股份,31.16,31.6,30.8,31.6,31.28,-0.12,-0.3836,5.997,4054001,126068600.0,6481280000.0,2106416000.0
2017-01-09,'603800,道森股份,31.28,31.3,30.5,30.78,30.78,0.5,1.6244,12.6506,8551775,264776844.0,6506240000.0,2114528000.0
2017-01-06,'603800,道森股份,30.78,30.81,30.12,30.49,30.55,0.23,0.7529,6.8733,4646351,141535990.0,6402240000.0,2080728000.0
2017-01-05,'603800,道森股份,30.55,30.99,30.19,30.87,30.77,-0.22,-0.715,7.5346,5093400,155316204.0,6354400000.0,2065180000.0
2017-01-04,'603800,道森股份,30.77,30.91,30.08,30.49,30.42,0.35,1.1506,8.4567,5716700,174205541.0,6400160000.0,2080052000.0
2017-01-03,'603800,道森股份,30.42,30.75,29.92,30.0,30.17,0.25,0.8286,8.2052,5546700,168340584.0,6327360000.0,2056392000.0
2016-12-30,'603800,道森股份,30.17,30.4,29.7,29.94,29.94,0.23,0.7682,5.447,3682200,110713097.0,6275360000.0,2039492000.0
2016-12-29,'603800,道森股份,29.94,30.13,29.31,29.8,30.04,-0.1,-0.3329,7.4543,5039100,149880664.0,6227520000.0,2023944000.0
2016-12-28,'603800,道森股份,30.04,30.18,29.5,29.88,29.93,0.11,0.3675,5.8207,3934766,117814120.0,6248320000.0,2030704000.0
2016-12-27,'603800,道森股份,29.93,30.29,29.5,30.29,30.03,-0.1,-0.333,5.9913,4050100,120709764.0,6225440000.0,2023268000.0
2016-12-26,'603800,道森股份,30.03,30.08,28.36,28.4,28.57,1.46,5.1103,9.409,6360470,187303967.0,6246240000.0,2030028000.0
2016-12-23,'603800,道森股份,28.57,29.35,28.51,29.3,29.17,-0.6,-2.0569,3.396,2295680,66256015.0,5942560000.0,1931332000.0
2016-12-22,'603800,道森股份,29.17,29.45,29.0,29.03,29.41,-0.24,-0.816,4.1375,2796975,81662408.0,6067360000.0,1971892000.0
2016-12-21,'603800,道森股份,29.41,29.65,28.2,28.2,28.51,0.9,3.1568,11.0552,7473338,217600005.0,6117280000.0,1988116000.0
2016-12-20,'603800,道森股份,28.51,28.75,28.05,28.33,28.68,-0.17,-0.5927,3.8256,2586095,73402681.0,5930080000.0,1927276000.0
2016-12-19,'603800,道森股份,28.68,29.6,28.4,28.88,28.97,-0.29,-1.001,11.1569,7542095,219607661.0,5965440000.0,1938768000.0
2016-12-16,'603800,道森股份,28.97,29.05,27.5,27.92,27.7,1.27,4.5848,9.7108,6564507,185522601.0,6025760000.0,1958372000.0
2016-12-15,'603800,道森股份,27.7,27.77,26.8,26.9,26.97,0.73,2.7067,8.4379,5704027,156093661.0,5761600000.0,1872520000.0
2016-12-14,'603800,道森股份,26.97,27.35,26.75,27.17,27.61,-0.64,-2.318,7.2096,4873700,131952215.0,5609760000.0,1823172000.0
2016-12-13,'603800,道森股份,27.61,27.91,26.58,27.8,27.77,-0.16,-0.5762,3.8299,2589000,70825134.0,5742880000.0,1866436000.0
2016-12-12,'603800,道森股份,27.77,30.99,27.77,30.9,30.85,-3.08,-9.9838,6.5806,4448500,129469814.0,5776160000.0,1877252000.0
2016-12-09,'603800,道森股份,30.85,31.27,30.47,30.7,30.66,0.19,0.6197,6.0005,3120244,96370396.0,6416800000.0,1604200000.0
2016-12-08,'603800,道森股份,30.66,30.96,30.31,30.88,30.93,-0.27,-0.8729,5.1311,2668176,81708604.0,6377280000.0,1594320000.0
2016-12-07,'603800,道森股份,30.93,31.38,30.3,31.38,30.99,-0.06,-0.1936,4.8486,2521262,77395518.0,6433440000.0,1608360000.0
2016-12-06,'603800,道森股份,30.99,31.58,30.93,31.06,31.2,-0.21,-0.6731,4.2599,2215155,69038925.0,6445920000.0,1611480000.0
2016-12-05,'603800,道森股份,31.2,31.9,30.16,31.9,32.63,-1.43,-4.3825,5.7989,3015432,94513857.0,6489600000.0,1622400000.0
2016-12-02,'603800,道森股份,32.63,33.5,32.37,32.49,32.73,-0.1,-0.3055,9.2195,4794137,158286614.0,6787040000.0,1696760000.0
2016-12-01,'603800,道森股份,32.73,33.3,32.68,32.68,32.28,0.45,1.3941,8.0898,4206700,138718099.0,6807840000.0,1701960000.0
2016-11-30,'603800,道森股份,32.28,32.37,31.5,31.82,31.94,0.34,1.0645,5.0524,2627231,84133092.0,6714240000.0,1678560000.0
2016-11-29,'603800,道森股份,31.94,32.83,31.8,32.5,32.55,-0.61,-1.874,5.0941,2648949,85636835.0,6643520000.0,1660880000.0
2016-11-28,'603800,道森股份,32.55,33.34,32.51,32.89,32.94,-0.39,-1.184,5.3549,2784537,91359881.0,6770400000.0,1692600000.0
2016-11-25,'603800,道森股份,32.94,33.0,31.7,32.7,32.99,-0.05,-0.1516,9.147,4756439,154099831.0,6851520000.0,1712880000.0
2016-11-24,'603800,道森股份,32.99,34.3,32.68,33.92,34.17,-1.18,-3.4533,9.8165,5104600,171141413.0,6861920000.0,1715480000.0
2016-11-23,'603800,道森股份,34.17,35.3,34.0,35.03,35.1,-0.93,-2.6496,10.2836,5347485,184522057.0,7107360000.0,1776840000.0
2016-11-22,'603800,道森股份,35.1,35.64,34.69,34.88,34.98,0.12,0.3431,12.4197,6458227,227159578.0,7300800000.0,1825200000.0
2016-11-21,'603800,道森股份,34.98,35.02,33.73,34.31,34.62,0.36,1.0399,12.6194,6562086,225254433.0,7275840000.0,1818960000.0
2016-11-18,'603800,道森股份,34.62,35.49,34.5,34.81,34.65,-0.03,-0.0866,10.2012,5304606,185580440.0,7200960000.0,1800240000.0
2016-11-17,'603800,道森股份,34.65,35.51,34.6,35.39,35.6,-0.95,-2.6685,11.0673,5755019,200920621.0,7207200000.0,1801800000.0
2016-11-16,'603800,道森股份,35.6,35.81,35.0,35.45,35.26,0.34,0.9643,9.386,4880734,172734363.0,7404800000.0,1851200000.0
2016-11-15,'603800,道森股份,35.26,36.24,35.1,36.11,36.04,-0.78,-2.1643,10.6774,5552248,196515722.0,7334080000.0,1833520000.0
2016-11-14,'603800,道森股份,36.04,36.18,35.4,35.49,35.73,0.31,0.8676,12.6678,6587250,235479191.0,7496320000.0,1874080000.0
2016-11-11,'603800,道森股份,35.73,37.5,35.56,37.3,37.4,-1.67,-4.4652,21.1603,11003359,399727562.0,7431840000.0,1857960000.0
2016-11-10,'603800,道森股份,37.4,37.87,36.67,37.57,37.26,0.14,0.3757,20.2031,10505586,391549900.0,7779200000.0,1944800000.0
2016-11-09,'603800,道森股份,37.26,37.9,35.92,37.3,38.03,-0.77,-2.0247,23.9393,12448457,460822443.0,7750080000.0,1937520000.0
2016-11-08,'603800,道森股份,38.03,39.0,35.68,36.08,36.05,1.98,5.4924,29.7784,15484769,576613494.0,7910240000.0,1977560000.0
2016-11-07,'603800,道森股份,36.05,37.2,35.31,37.08,37.27,-1.22,-3.2734,22.4183,11657515,421356685.0,7498400000.0,1874600000.0
2016-11-04,'603800,道森股份,37.27,38.3,35.3,35.55,35.79,1.48,4.1352,34.0756,17719320,659292355.0,7752160000.0,1938040000.0
2016-11-03,'603800,道森股份,35.79,36.97,34.67,35.0,35.61,0.18,0.5055,28.2769,14703995,526431704.0,7444320000.0,1861080000.0
2016-11-02,'603800,道森股份,35.61,36.2,34.41,35.22,35.27,0.34,0.964,29.2416,15205615,538779580.0,7406880000.0,1851720000.0
2016-11-01,'603800,道森股份,35.27,37.8,34.67,35.04,35.66,-0.39,-1.0937,40.0731,20838000,745980580.0,7336160000.0,1834040000.0
2016-10-31,'603800,道森股份,35.66,37.38,34.45,34.8,34.5,1.16,3.3623,42.0896,21886607,787180136.0,7417280000.0,1854320000.0
2016-10-28,'603800,道森股份,34.5,34.5,31.3,31.5,31.36,3.14,10.0128,38.5307,20035969,663084906.0,7176000000.0,1794000000.0
2016-10-27,'603800,道森股份,31.36,31.5,30.14,30.2,30.21,1.15,3.8067,11.368,5911367,183231335.0,6522880000.0,1630720000.0
2016-10-26,'603800,道森股份,30.21,30.97,30.1,30.83,30.79,-0.58,-1.8837,7.0048,3642480,111307653.0,6283680000.0,1570920000.0
2016-10-25,'603800,道森股份,30.79,31.07,30.62,30.78,30.86,-0.07,-0.2268,5.6886,2958089,91170087.0,6404320000.0,1601080000.0
2016-10-24,'603800,道森股份,30.86,31.68,30.7,31.14,31.14,-0.28,-0.8992,7.7545,4032322,125304917.0,6418880000.0,1604720000.0
2016-10-21,'603800,道森股份,31.14,31.4,30.6,31.4,31.39,-0.25,-0.7964,5.6434,2934554,90917894.0,6477120000.0,1619280000.0
2016-10-20,'603800,道森股份,31.39,31.8,31.15,31.24,31.32,0.07,0.2235,7.9162,4116419,129593469.0,6529120000.0,1632280000.0
2016-10-19,'603800,道森股份,31.32,31.62,30.47,30.8,30.88,0.44,1.4249,9.3251,4849048,150948074.0,6514560000.0,1628640000.0
2016-10-18,'603800,道森股份,30.88,30.98,30.12,30.23,30.41,0.47,1.5455,6.0466,3144257,96178307.0,6423040000.0,1605760000.0
2016-10-17,'603800,道森股份,30.41,31.79,30.3,31.3,31.48,-1.07,-3.399,8.4362,4386807,136277754.0,6325280000.0,1581320000.0
2016-10-14,'603800,道森股份,31.48,31.54,30.97,31.21,31.13,0.35,1.1243,6.994,3636889,113731139.0,6547840000.0,1636960000.0
2016-10-13,'603800,道森股份,31.13,31.97,31.09,31.62,31.41,-0.28,-0.8914,9.248,4808965,151153105.0,6475040000.0,1618760000.0
2016-10-12,'603800,道森股份,31.41,31.46,30.4,30.69,30.83,0.58,1.8813,11.0194,5730106,178153381.0,6533280000.0,1633320000.0
2016-10-11,'603800,道森股份,30.83,30.88,30.31,30.5,30.44,0.39,1.2812,7.8451,4079438,124941837.0,6412640000.0,1603160000.0
2016-10-10,'603800,道森股份,30.44,30.47,29.7,29.88,29.99,0.45,1.5005,5.6108,2917621,87981664.0,6331520000.0,1582880000.0
2016-09-30,'603800,道森股份,29.99,30.31,29.35,30.06,30.13,-0.14,-0.4647,5.8148,3023701,90084132.0,6237920000.0,1559480000.0
2016-09-29,'603800,道森股份,30.13,30.87,30.1,30.5,30.51,-0.38,-1.2455,5.7604,2995396,90990807.0,6267040000.0,1566760000.0
2016-09-28,'603800,道森股份,30.51,30.97,30.4,30.78,30.85,-0.34,-1.1021,7.3195,3806129,116798150.0,6346080000.0,1586520000.0
2016-09-27,'603800,道森股份,30.85,31.2,30.01,30.1,30.41,0.44,1.4469,10.8209,5626860,172131773.0,6416800000.0,1604200000.0
2016-09-26,'603800,道森股份,30.41,30.5,29.66,30.05,30.51,-0.1,-0.3278,5.9253,3081156,92582545.0,6325280000.0,1581320000.0
2016-09-23,'603800,道森股份,30.51,31.48,30.45,31.2,31.16,-0.65,-2.086,7.8458,4079815,126217407.0,6346080000.0,1586520000.0
2016-09-22,'603800,道森股份,31.16,31.23,30.5,30.85,30.69,0.47,1.5314,8.742,4545855,140425174.0,6481280000.0,1620320000.0
2016-09-21,'603800,道森股份,30.69,31.06,30.4,30.61,30.69,0.0,0.0,8.0634,4192951,129228246.0,6383520000.0,1595880000.0
2016-09-20,'603800,道森股份,30.69,30.86,30.2,30.71,30.71,-0.02,-0.0651,9.0204,4690591,143120804.0,6383520000.0,1595880000.0
2016-09-19,'603800,道森股份,30.71,30.77,29.05,29.05,29.05,1.66,5.7143,14.5459,7563883,228749662.0,6387680000.0,1596920000.0
2016-09-14,'603800,道森股份,29.05,30.0,28.88,29.78,30.18,-1.13,-3.7442,7.4393,3868451,114016161.0,6042400000.0,1510600000.0
2016-09-13,'603800,道森股份,30.18,30.58,29.45,29.45,29.52,0.66,2.2358,13.2929,6912330,208362195.0,6277440000.0,1569360000.0
2016-09-12,'603800,道森股份,29.52,29.68,28.57,29.0,29.43,0.09,0.3058,5.9632,3100857,90219595.0,6140160000.0,1535040000.0
2016-09-09,'603800,道森股份,29.43,30.25,29.4,29.85,29.97,-0.54,-1.8018,4.2379,2203732,65768723.0,6121440000.0,1530360000.0
2016-09-08,'603800,道森股份,29.97,30.41,29.67,29.67,29.93,0.04,0.1336,6.296,3273894,98173158.0,6233760000.0,1558440000.0
2016-09-07,'603800,道森股份,29.93,30.44,29.09,29.32,29.23,0.7,2.3948,12.5914,6547534,195437458.0,6225440000.0,1556360000.0
2016-09-06,'603800,道森股份,29.23,29.27,28.81,29.15,28.92,0.31,1.0719,3.7402,1944898,56536020.0,6079840000.0,1519960000.0
2016-09-05,'603800,道森股份,28.92,29.03,28.64,28.98,28.79,0.13,0.4515,2.4138,1255151,36255841.0,6015360000.0,1503840000.0
2016-09-02,'603800,道森股份,28.79,29.18,28.61,28.8,28.94,-0.15,-0.5183,3.5515,1846797,53487538.0,5988320000.0,1497080000.0
2016-09-01,'603800,道森股份,28.94,29.19,28.71,28.83,28.81,0.13,0.4512,3.3939,1764809,51103778.0,6019520000.0,1504880000.0
2016-08-31,'603800,道森股份,28.81,29.18,28.51,29.18,29.03,-0.22,-0.7578,3.2798,1705485,49048505.0,5992480000.0,1498120000.0
2016-08-30,'603800,道森股份,29.03,29.36,28.98,29.32,28.98,0.05,0.1725,2.793,1452383,42352991.0,6038240000.0,1509560000.0
2016-08-29,'603800,道森股份,28.98,29.28,28.63,28.95,28.86,0.12,0.4158,3.4889,1814220,52611590.0,6027840000.0,1506960000.0
2016-08-26,'603800,道森股份,28.86,29.45,28.74,29.29,28.88,-0.02,-0.0693,3.628,1886549,54990359.0,6002880000.0,1500720000.0
2016-08-25,'603800,道森股份,28.88,29.25,28.44,29.1,29.28,-0.4,-1.3661,4.8923,2544000,73103522.0,6007040000.0,1501760000.0
2016-08-24,'603800,道森股份,29.28,29.5,29.14,29.14,29.3,-0.02,-0.0683,3.717,1932846,56644248.0,6090240000.0,1522560000.0
2016-08-23,'603800,道森股份,29.3,29.5,29.02,29.05,29.22,0.08,0.2738,3.8421,1997895,58502241.0,6094400000.0,1523600000.0
2016-08-22,'603800,道森股份,29.22,29.64,29.0,29.6,29.8,-0.58,-1.9463,5.9009,3068475,89675168.0,6077760000.0,1519440000.0
2016-08-19,'603800,道森股份,29.8,30.65,29.0,30.56,30.47,-0.67,-2.1989,6.743,3506356,105500419.0,6198400000.0,1549600000.0
2016-08-18,'603800,道森股份,30.47,30.99,30.06,30.93,31.34,-0.87,-2.776,11.5975,6030721,183847517.0,6337760000.0,1584440000.0
2016-08-17,'603800,道森股份,31.34,31.49,29.1,29.44,29.31,2.03,6.926,18.5567,9649499,295702076.0,6518720000.0,1629680000.0
2016-08-16,'603800,道森股份,29.31,29.61,29.2,29.31,29.32,-0.01,-0.0341,5.1918,2699724,79352417.0,6096480000.0,1524120000.0
2016-08-15,'603800,道森股份,29.32,29.48,28.71,28.91,28.7,0.62,2.1603,4.6207,2402760,70179002.0,6098560000.0,1524640000.0
2016-08-12,'603800,道森股份,28.7,28.95,28.24,28.4,28.71,-0.01,-0.0348,3.3559,1745064,50054698.0,5969600000.0,1492400000.0
2016-08-11,'603800,道森股份,28.71,29.89,28.54,29.48,29.81,-1.1,-3.69,5.7071,2967679,86136681.0,5971680000.0,1492920000.0
2016-08-10,'603800,道森股份,29.81,30.22,29.53,29.82,29.81,0.0,0.0,5.044,2622899,78421348.0,6200480000.0,1550120000.0
2016-08-09,'603800,道森股份,29.81,30.0,29.48,29.85,29.85,-0.04,-0.134,4.313,2242767,66615680.0,6200480000.0,1550120000.0
2016-08-08,'603800,道森股份,29.85,30.11,29.11,29.11,29.76,0.09,0.3024,6.6928,3480237,103097292.0,6208800000.0,1552200000.0
2016-08-05,'603800,道森股份,29.76,31.45,29.69,31.0,31.02,-1.26,-4.0619,10.6726,5549750,169071961.0,6190080000.0,1547520000.0
2016-08-04,'603800,道森股份,31.02,32.65,29.07,29.7,29.69,1.33,4.4796,13.6147,7079669,216882918.0,6452160000.0,1613040000.0
2016-08-03,'603800,道森股份,29.69,30.92,29.56,30.88,30.09,-0.4,-1.3293,12.3288,6410995,193933542.0,6175520000.0,1543880000.0
2016-08-02,'603800,道森股份,30.09,30.15,28.4,28.44,28.73,1.36,4.7337,10.1299,5267573,154610743.0,6258720000.0,1564680000.0
2016-08-01,'603800,道森股份,28.73,28.9,26.7,27.6,27.82,0.91,3.271,9.2913,4831490,136450534.0,5975840000.0,1493960000.0
2016-07-29,'603800,道森股份,27.82,28.17,26.98,27.5,27.52,0.3,1.0901,5.7698,3000289,83023770.0,5786560000.0,1446640000.0
2016-07-28,'603800,道森股份,27.52,28.43,26.71,28.18,28.15,-0.63,-2.238,7.3265,3809756,104873026.0,5724160000.0,1431040000.0
2016-07-27,'603800,道森股份,28.15,30.89,27.81,30.75,30.75,-2.6,-8.4553,9.435,4906195,142861360.0,5855200000.0,1463800000.0
2016-07-26,'603800,道森股份,30.75,30.78,29.89,29.89,29.99,0.76,2.5342,5.8409,3037242,92763112.0,6396000000.0,1599000000.0
2016-07-25,'603800,道森股份,29.99,30.25,29.5,30.03,30.07,-0.08,-0.266,4.738,2463736,73638285.0,6237920000.0,1559480000.0
2016-07-22,'603800,道森股份,30.07,30.58,29.99,30.34,30.34,-0.27,-0.8899,4.2854,2228428,67334335.0,6254560000.0,1563640000.0
2016-07-21,'603800,道森股份,30.34,30.77,30.2,30.38,30.55,-0.21,-0.6874,5.0187,2609702,79581347.0,6310720000.0,1577680000.0
2016-07-20,'603800,道森股份,30.55,30.96,30.4,30.61,30.68,-0.13,-0.4237,5.0955,2649671,81247327.0,6354400000.0,1588600000.0
2016-07-19,'603800,道森股份,30.68,30.75,29.95,29.99,30.07,0.61,2.0286,5.7903,3010931,91656308.0,6381440000.0,1595360000.0
2016-07-18,'603800,道森股份,30.07,31.25,30.02,31.02,31.38,-1.31,-4.1746,9.28,4825590,146336823.0,6254560000.0,1563640000.0
2016-07-15,'603800,道森股份,31.38,32.26,31.35,32.03,32.31,-0.93,-2.8784,9.2244,4796690,152246045.0,6527040000.0,1631760000.0
2016-07-14,'603800,道森股份,32.31,32.59,31.97,32.15,32.34,-0.03,-0.0928,6.5442,3402972,109898515.0,6720480000.0,1680120000.0
2016-07-13,'603800,道森股份,32.34,33.09,32.07,32.75,32.75,-0.41,-1.2519,11.0037,5721911,186089308.0,6726720000.0,1681680000.0
2016-07-12,'603800,道森股份,32.75,32.93,31.23,32.2,32.18,0.57,1.7713,11.2754,5863207,187606469.0,6812000000.0,1703000000.0
2016-07-11,'603800,道森股份,32.18,34.24,32.0,33.9,34.12,-1.94,-5.6858,17.264,8977294,294977594.0,6693440000.0,1673360000.0
2016-07-08,'603800,道森股份,34.12,34.8,33.87,33.9,34.1,0.02,0.0587,14.1984,7383188,253823022.0,7096960000.0,1774240000.0
2016-07-07,'603800,道森股份,34.1,34.94,33.55,33.82,34.44,-0.34,-0.9872,21.6174,11241067,385514415.0,7092800000.0,1773200000.0
2016-07-06,'603800,道森股份,34.44,35.0,31.41,32.13,32.57,1.87,5.7415,29.9457,15571749,521422872.0,7163520000.0,1790880000.0
2016-07-05,'603800,道森股份,32.57,33.18,30.8,31.3,31.18,1.39,4.458,20.7578,10794044,341988740.0,6774560000.0,1693640000.0
2016-07-04,'603800,道森股份,31.18,31.39,30.12,30.37,30.65,0.53,1.7292,12.769,6639875,205003843.0,6485440000.0,1621360000.0
2016-07-01,'603800,道森股份,30.65,31.48,30.3,31.0,30.75,-0.1,-0.3252,8.0832,4203285,129485976.0,6375200000.0,1593800000.0
2016-06-30,'603800,道森股份,30.75,31.59,30.5,31.15,31.69,-0.94,-2.9662,12.4208,6458819,199871941.0,6396000000.0,1599000000.0
2016-06-29,'603800,道森股份,31.69,31.95,30.2,30.57,30.52,1.17,3.8336,18.3679,9551317,296982438.0,6591520000.0,1647880000.0
2016-06-28,'603800,道森股份,30.52,31.29,30.15,30.25,30.47,0.05,0.1641,11.7266,6097854,187294018.0,6348160000.0,1587040000.0
2016-06-27,'603800,道森股份,30.47,30.57,29.0,29.7,29.75,0.72,2.4202,9.6277,5006384,150975993.0,6337760000.0,1584440000.0
2016-06-24,'603800,道森股份,29.75,31.44,28.5,30.85,30.84,-1.09,-3.5344,14.1961,7381979,222726801.0,6188000000.0,1547000000.0
2016-06-23,'603800,道森股份,30.84,31.82,30.35,31.09,30.89,-0.05,-0.1619,14.0191,7289924,226722259.0,6414720000.0,1603680000.0
2016-06-22,'603800,道森股份,30.89,30.9,29.02,29.55,30.13,0.76,2.5224,12.7707,6640765,201216340.0,6425120000.0,1606280000.0
2016-06-21,'603800,道森股份,30.13,31.5,29.2,30.72,30.57,-0.44,-1.4393,13.6819,7114608,218306368.0,6267040000.0,1566760000.0
2016-06-20,'603800,道森股份,30.57,30.88,29.68,30.0,29.46,1.11,3.7678,14.8418,7717737,234760276.0,6358560000.0,1589640000.0
2016-06-17,'603800,道森股份,29.46,29.83,29.02,29.2,29.09,0.37,1.2719,8.4805,4409838,129446557.0,6127680000.0,1531920000.0
2016-06-16,'603800,道森股份,29.09,30.27,28.75,29.36,29.25,-0.16,-0.547,11.3298,5891511,173792614.0,6050720000.0,1512680000.0
2016-06-15,'603800,道森股份,29.25,29.86,27.31,27.49,27.93,1.32,4.7261,12.2804,6385804,185454592.0,6084000000.0,1521000000.0
2016-06-14,'603800,道森股份,27.93,28.17,27.28,27.28,28.33,-0.4,-1.4119,10.4365,5426997,150356824.0,5809440000.0,1452360000.0
2016-06-13,'603800,道森股份,28.33,30.5,28.33,30.5,31.48,-3.15,-10.0064,15.1686,7887647,232043875.0,5892640000.0,1473160000.0
2016-06-08,'603800,道森股份,31.48,32.53,31.18,32.5,33.07,-1.59,-4.808,18.256,9493099,301870333.0,6547840000.0,1636960000.0
2016-06-07,'603800,道森股份,33.07,33.44,30.51,30.67,30.41,2.66,8.7471,26.6555,13860857,444693666.0,6878560000.0,1719640000.0
2016-06-06,'603800,道森股份,30.41,30.58,29.8,30.4,30.4,0.01,0.0329,12.1592,6322800,190535379.0,6325280000.0,1581320000.0
2016-06-03,'603800,道森股份,30.4,31.5,30.1,30.61,31.29,-0.89,-2.8444,22.0958,11489837,353041121.0,6323200000.0,1580800000.0
2016-06-02,'603800,道森股份,31.29,31.88,29.29,29.96,29.16,2.13,7.3045,34.2124,17790433,545148794.0,6508320000.0,1627080000.0
2016-06-01,'603800,道森股份,29.16,29.16,26.31,26.48,26.51,2.65,9.9962,10.3342,5373787,153958036.0,6065280000.0,1516320000.0
2016-05-31,'603800,XD道森股,26.51,26.53,25.47,25.55,25.52,0.99,3.8793,9.0043,4682223,122721746.0,5514080000.0,1378520000.0
2016-05-30,'603800,道森股份,25.62,26.0,25.21,25.9,26.27,-0.65,-2.4743,5.7787,3004943,77087062.0,5328960000.0,1332240000.0
2016-05-27,'603800,道森股份,26.27,26.52,25.31,25.56,25.6,0.67,2.6172,10.7756,5603325,146341075.0,5464160000.0,1366040000.0
2016-05-26,'603800,道森股份,25.6,25.7,24.86,25.7,25.79,-0.19,-0.7367,7.0454,3663629,92622322.0,5324800000.0,1331200000.0
2016-05-25,'603800,道森股份,25.79,25.9,25.02,25.02,24.86,0.93,3.7409,9.8875,5141520,130898781.0,5364320000.0,1341080000.0
2016-05-24,'603800,道森股份,24.86,25.35,24.82,25.35,25.54,-0.68,-2.6625,4.5894,2386509,59670393.0,5170880000.0,1292720000.0
2016-05-23,'603800,道森股份,25.54,25.79,25.37,25.65,25.32,0.22,0.8689,6.7223,3495604,89476122.0,5312320000.0,1328080000.0
2016-05-20,'603800,道森股份,25.32,25.6,24.08,24.1,24.46,0.86,3.5159,4.9059,2551074,62996840.0,5266560000.0,1316640000.0
2016-05-19,'603800,道森股份,24.46,24.78,24.28,24.35,24.29,0.17,0.6999,3.8782,2016669,49497996.0,5087680000.0,1271920000.0
2016-05-18,'603800,道森股份,24.29,25.17,24.01,25.17,25.24,-0.95,-3.7639,5.4642,2841377,69616130.0,5052320000.0,1263080000.0
2016-05-17,'603800,道森股份,25.24,25.7,25.07,25.07,25.19,0.05,0.1985,4.5844,2383902,60425923.0,5249920000.0,1312480000.0
2016-05-16,'603800,道森股份,25.19,25.2,24.53,24.82,24.81,0.38,1.5316,3.9359,2046681,50959382.0,5239520000.0,1309880000.0
2016-05-13,'603800,道森股份,24.81,25.55,24.62,25.08,25.24,-0.43,-1.7036,4.3197,2246256,56210162.0,5160480000.0,1290120000.0
2016-05-12,'603800,道森股份,25.24,25.28,24.52,25.06,25.55,-0.31,-1.2133,5.0873,2645383,65798400.0,5249920000.0,1312480000.0
2016-05-11,'603800,道森股份,25.55,26.35,25.51,26.35,25.71,-0.16,-0.6223,6.3607,3307585,85638024.0,5314400000.0,1328600000.0
2016-05-10,'603800,道森股份,25.71,25.99,24.83,24.83,24.97,0.74,2.9636,6.8951,3585475,91951297.0,5347680000.0,1336920000.0
2016-05-09,'603800,道森股份,24.97,25.85,24.5,25.8,26.27,-1.3,-4.9486,7.0357,3658561,92204166.0,5193760000.0,1298440000.0
2016-05-06,'603800,道森股份,26.27,27.99,26.2,27.99,27.73,-1.46,-5.2651,10.5534,5487775,148815355.0,5464160000.0,1366040000.0
2016-05-05,'603800,道森股份,27.73,27.78,27.02,27.23,27.42,0.31,1.1306,7.2139,3751203,103316339.0,5767840000.0,1441960000.0
2016-05-04,'603800,道森股份,27.42,27.89,26.92,27.2,27.21,0.21,0.7718,8.0637,4193137,114875214.0,5703360000.0,1425840000.0
2016-05-03,'603800,道森股份,27.21,27.24,25.82,26.21,26.21,1.0,3.8153,7.9759,4147477,110956114.0,5659680000.0,1414920000.0
2016-04-29,'603800,道森股份,26.21,26.7,26.07,26.18,26.48,-0.27,-1.0196,4.1404,2153026,56707745.0,5451680000.0,1362920000.0
2016-04-28,'603800,道森股份,26.48,27.0,25.86,27.0,26.77,-0.29,-1.0833,5.3569,2785605,73484157.0,5507840000.0,1376960000.0
2016-04-27,'603800,道森股份,26.77,27.19,26.31,26.44,26.42,0.35,1.3248,8.5948,4469292,119738270.0,5568160000.0,1392040000.0
2016-04-26,'603800,道森股份,26.42,26.49,25.75,26.3,26.26,0.16,0.6093,7.0902,3686912,96295167.0,5495360000.0,1373840000.0
2016-04-25,'603800,道森股份,26.26,26.69,25.6,26.58,26.9,-0.64,-2.3792,5.9449,3091364,80813954.0,5462080000.0,1365520000.0
2016-04-22,'603800,道森股份,26.9,27.01,26.33,26.34,26.57,0.33,1.242,6.6766,3471818,92664960.0,5595200000.0,1398800000.0
2016-04-21,'603800,道森股份,26.57,27.89,26.32,27.33,27.57,-1.0,-3.6271,9.9246,5160800,140261173.0,5526560000.0,1381640000.0
2016-04-20,'603800,道森股份,27.57,30.49,27.29,30.25,30.32,-2.75,-9.0699,15.2552,7932712,225357919.0,5734560000.0,1433640000.0
2016-04-19,'603800,道森股份,30.32,30.5,29.71,30.1,29.81,0.51,1.7108,9.7317,5060475,152027821.0,6306560000.0,1576640000.0
2016-04-18,'603800,道森股份,29.81,30.84,29.69,30.84,31.14,-1.33,-4.271,12.3101,6401232,192090438.0,6200480000.0,1550120000.0
2016-04-15,'603800,道森股份,31.14,32.5,31.0,31.54,31.96,-0.82,-2.5657,19.1729,9969902,314866796.0,6477120000.0,1619280000.0
2016-04-14,'603800,道森股份,31.96,32.25,29.5,30.14,29.98,1.98,6.6044,24.77,12880376,398044834.0,6647680000.0,1661920000.0
2016-04-13,'603800,道森股份,29.98,30.7,29.22,29.24,29.52,0.46,1.5583,19.0175,9889121,295574888.0,6235840000.0,1558960000.0
2016-04-12,'603800,道森股份,29.52,30.5,28.96,29.27,29.28,0.24,0.8197,17.7002,9204117,273541853.0,6140160000.0,1535040000.0
2016-04-11,'603800,道森股份,29.28,29.4,28.0,28.3,28.34,0.94,3.3169,12.6746,6590773,190775765.0,6090240000.0,1522560000.0
2016-04-08,'603800,道森股份,28.34,28.8,27.72,28.6,28.93,-0.59,-2.0394,10.2716,5341247,150991819.0,5894720000.0,1473680000.0
2016-04-07,'603800,道森股份,28.93,29.8,28.05,28.53,28.25,0.68,2.4071,18.9835,9871403,287361582.0,6017440000.0,1504360000.0
2016-04-06,'603800,道森股份,28.25,28.88,27.62,27.79,27.91,0.34,1.2182,11.1411,5793381,164056183.0,5876000000.0,1469000000.0
2016-04-05,'603800,道森股份,27.91,28.0,26.7,26.7,26.87,1.04,3.8705,8.4096,4373014,120253678.0,5805280000.0,1451320000.0
2016-04-01,'603800,道森股份,26.87,27.2,26.42,27.07,27.38,-0.51,-1.8627,6.905,3590576,96069645.0,5588960000.0,1397240000.0
2016-03-31,'603800,道森股份,27.38,27.95,27.3,27.38,27.32,0.06,0.2196,8.3549,4344536,119698968.0,5695040000.0,1423760000.0
2016-03-30,'603800,道森股份,27.32,27.35,26.5,26.5,26.41,0.91,3.4457,8.3072,4319757,116425597.0,5682560000.0,1420640000.0
2016-03-29,'603800,道森股份,26.41,27.68,26.01,27.52,27.53,-1.12,-4.0683,7.5097,3905027,104235199.0,5493280000.0,1373320000.0
2016-03-28,'603800,道森股份,27.53,28.36,27.43,27.9,27.78,-0.25,-0.8999,7.9105,4113443,115029286.0,5726240000.0,1431560000.0
2016-03-25,'603800,道森股份,27.78,27.93,27.38,27.61,27.93,-0.15,-0.5371,8.8284,4590764,126858280.0,5778240000.0,1444560000.0
2016-03-24,'603800,道森股份,27.93,28.9,27.81,28.71,29.21,-1.28,-4.3821,12.0752,6279117,178445596.0,5809440000.0,1452360000.0
2016-03-23,'603800,道森股份,29.21,29.9,27.55,27.76,27.82,1.39,4.9964,16.0791,8361110,240500901.0,6075680000.0,1518920000.0
2016-03-22,'603800,道森股份,27.82,28.55,27.77,28.26,28.55,-0.73,-2.5569,10.677,5552033,155936165.0,5786560000.0,1446640000.0
2016-03-21,'603800,道森股份,28.55,28.6,27.68,28.0,27.83,0.72,2.5871,16.3328,8493068,238585919.0,5938400000.0,1484600000.0
2016-03-18,'603800,道森股份,27.83,28.0,26.45,26.7,26.54,1.29,4.8606,16.0818,8362550,228047632.0,5788640000.0,1447160000.0
2016-03-17,'603800,道森股份,26.54,26.68,25.52,25.91,25.85,0.69,2.6692,10.8783,5656714,148311307.0,5520320000.0,1380080000.0
2016-03-16,'603800,道森股份,25.85,26.7,25.58,26.2,25.82,0.03,0.1162,7.5032,3901674,101901409.0,5376800000.0,1344200000.0
2016-03-15,'603800,道森股份,25.82,26.61,25.74,26.22,26.61,-0.79,-2.9688,7.7312,4020228,105034934.0,5370560000.0,1342640000.0
2016-03-14,'603800,道森股份,26.61,26.88,25.68,25.9,25.39,1.22,4.805,11.5425,6002108,158879900.0,5534880000.0,1383720000.0
2016-03-11,'603800,道森股份,25.39,25.74,24.7,24.81,25.35,0.04,0.1578,6.7324,3500862,88272279.0,5281120000.0,1320280000.0
2016-03-10,'603800,道森股份,25.35,26.27,25.15,25.7,25.94,-0.59,-2.2745,7.6108,3957640,101903691.0,5272800000.0,1318200000.0
2016-03-09,'603800,道森股份,25.94,26.8,24.7,24.9,25.75,0.19,0.7379,10.9807,5709944,147680754.0,5395520000.0,1348880000.0
2016-03-08,'603800,道森股份,25.75,25.85,24.0,25.36,25.59,0.16,0.6252,7.8052,4058689,101161354.0,5356000000.0,1339000000.0
2016-03-07,'603800,道森股份,25.59,26.1,25.02,25.02,24.66,0.93,3.7713,7.5812,3942205,100831669.0,5322720000.0,1330680000.0
2016-03-04,'603800,道森股份,24.66,26.48,24.15,26.31,26.59,-1.93,-7.2584,10.9737,5706341,144380445.0,5129280000.0,1282320000.0
2016-03-03,'603800,道森股份,26.59,27.99,26.53,27.0,27.16,-0.57,-2.0987,12.1412,6313431,171656745.0,5530720000.0,1382680000.0
2016-03-02,'603800,道森股份,27.16,27.5,25.71,25.9,26.08,1.08,4.1411,12.737,6623220,176578695.0,5649280000.0,1412320000.0
2016-03-01,'603800,道森股份,26.08,26.49,24.08,25.6,25.63,0.45,1.7558,10.0212,5211028,133464369.0,5424640000.0,1356160000.0
2016-02-29,'603800,道森股份,25.63,28.19,25.63,28.19,28.48,-2.85,-10.007,10.2866,5349023,139616312.0,5331040000.0,1332760000.0
2016-02-26,'603800,道森股份,28.48,30.1,27.81,29.66,29.6,-1.12,-3.7838,10.5331,5477228,158113225.0,5923840000.0,1480960000.0
2016-02-25,'603800,道森股份,29.6,32.59,29.6,32.5,32.89,-3.29,-10.003,14.8468,7720358,236607427.0,6156800000.0,1539200000.0
2016-02-24,'603800,道森股份,32.89,34.3,31.85,33.83,34.3,-1.41,-4.1108,15.3346,7973985,262822643.0,6841120000.0,1710280000.0
2016-02-23,'603800,道森股份,34.3,34.88,33.35,33.83,33.88,0.42,1.2397,17.7163,9212498,314211340.0,7134400000.0,1783600000.0
2016-02-22,'603800,道森股份,33.88,34.6,33.3,34.5,33.56,0.32,0.9535,19.2805,10025837,340682300.0,7047040000.0,1761760000.0
2016-02-19,'603800,道森股份,33.56,34.0,31.81,32.1,32.38,1.18,3.6442,18.2349,9482131,309939572.0,6980480000.0,1745120000.0
2016-02-18,'603800,道森股份,32.38,32.98,31.41,32.11,31.78,0.6,1.888,17.3228,9007865,289469720.0,6735040000.0,1683760000.0
2016-02-17,'603800,道森股份,31.78,32.5,30.68,30.8,31.08,0.7,2.2523,15.2796,7945400,251526990.0,6610240000.0,1652560000.0
2016-02-16,'603800,道森股份,31.08,31.32,30.2,30.2,30.07,1.01,3.3588,11.4619,5960187,184338037.0,6464640000.0,1616160000.0
2016-02-15,'603800,道森股份,30.07,30.64,29.1,29.13,31.24,-1.17,-3.7452,11.2708,5860817,173488750.0,6254560000.0,1563640000.0
2016-02-05,'603800,道森股份,31.24,32.9,31.11,32.78,32.92,-1.68,-5.1033,11.7571,6113684,194847129.0,6497920000.0,1624480000.0
2016-02-04,'603800,道森股份,32.92,33.8,31.75,31.75,31.7,1.22,3.8486,17.5129,9106729,300340874.0,6847360000.0,1711840000.0
2016-02-03,'603800,道森股份,31.7,32.08,30.08,31.96,32.47,-0.77,-2.3714,13.4813,7010257,219043279.0,6593600000.0,1648400000.0
2016-02-02,'603800,道森股份,32.47,32.8,31.7,31.7,31.93,0.54,1.6912,17.0449,8863339,287412657.0,6753760000.0,1688440000.0
2016-02-01,'603800,道森股份,31.93,32.68,30.7,31.0,31.54,0.39,1.2365,15.9104,8273393,262793636.0,6641440000.0,1660360000.0
2016-01-29,'603800,道森股份,31.54,32.15,30.0,30.24,30.4,1.14,3.75,15.5135,8067018,253903519.0,6560320000.0,1640080000.0
2016-01-28,'603800,道森股份,30.4,32.15,29.7,30.9,32.02,-1.62,-5.0593,15.511,8065732,248536130.0,6323200000.0,1580800000.0
2016-01-27,'603800,道森股份,32.02,32.79,29.02,30.0,30.2,1.82,6.0265,21.3005,11076260,342026002.0,6660160000.0,1665040000.0
2016-01-26,'603800,道森股份,30.2,32.85,30.2,32.58,33.55,-3.35,-9.9851,15.0887,7846106,244684999.0,6281600000.0,1570400000.0
2016-01-25,'603800,道森股份,33.55,34.28,32.51,33.42,33.7,-0.15,-0.4451,17.8995,9307724,309655303.0,6978400000.0,1744600000.0
2016-01-22,'603800,道森股份,33.7,34.08,31.2,31.8,31.02,2.68,8.6396,21.4136,11135068,366369477.0,7009600000.0,1752400000.0
2016-01-21,'603800,道森股份,31.02,33.8,30.85,32.7,33.39,-2.37,-7.0979,16.3793,8517249,276237218.0,6452160000.0,1613040000.0
2016-01-20,'603800,道森股份,33.39,35.8,33.03,35.8,35.93,-2.54,-7.0693,20.5943,10709044,367442031.0,6945120000.0,1736280000.0
2016-01-19,'603800,道森股份,35.93,36.55,33.72,33.97,34.0,1.93,5.6765,20.2253,10517149,373922469.0,7473440000.0,1868360000.0
2016-01-18,'603800,道森股份,34.0,35.84,32.5,33.12,35.46,-1.46,-4.1173,19.7254,10257223,350929469.0,7072000000.0,1768000000.0
2016-01-15,'603800,道森股份,35.46,39.11,35.46,38.71,39.4,-3.94,-10.0,18.7815,9766355,360052234.0,7375680000.0,1843920000.0
2016-01-14,'603800,道森股份,39.4,40.15,37.38,37.38,39.34,0.06,0.1525,22.9619,11940195,467796658.0,8195200000.0,2048800000.0
2016-01-13,'603800,道森股份,39.34,39.79,36.48,37.7,38.81,0.53,1.3656,26.7261,13897552,531416077.0,8182720000.0,2045680000.0
2016-01-12,'603800,道森股份,38.81,42.0,38.81,40.97,43.12,-4.31,-9.9954,19.2715,10021176,397596132.0,8072480000.0,2018120000.0
2016-01-11,'603800,道森股份,43.12,44.94,43.12,43.13,47.91,-4.79,-9.9979,19.3813,10078265,437008129.0,8968960000.0,2242240000.0
2016-01-08,'603800,道森股份,47.91,54.0,46.58,52.0,51.56,-3.65,-7.0791,41.116,21380308,1075311025.0,9965280000.0,2491320000.0
2016-01-07,'603800,道森股份,51.56,57.8,51.56,57.8,57.29,-5.73,-10.0017,17.1713,8929073,490778807.0,10724480000.0,2681120000.0
2016-01-06,'603800,道森股份,57.29,57.29,50.54,50.54,52.08,5.21,10.0038,44.6865,23236965,1267509774.0,11916320000.0,2979080000.0
2016-01-05,'603800,道森股份,52.08,53.29,45.1,46.2,49.25,2.83,5.7462,44.6544,23220296,1138372255.0,10832640000.0,2708160000.0
2016-01-04,'603800,道森股份,49.25,57.43,48.68,48.69,53.93,-4.68,-8.6779,38.8071,20179689,1063845418.0,10244000000.0,2561000000.0
2015-12-31,'603800,道森股份,53.93,58.49,53.93,58.0,59.92,-5.99,-9.9967,49.8868,25941114,1420262386.0,11217440000.0,2804360000.0
2015-12-30,'603800,道森股份,59.92,59.92,57.28,59.92,54.47,5.45,10.0055,52.4975,27298714,1633019275.0,12463360000.0,3115840000.0
2015-12-29,'603800,道森股份,54.47,54.47,54.47,54.47,49.52,4.95,9.996,1.9509,1014488,55259161.0,11329760000.0,2832440000.0
2015-12-28,'603800,道森股份,49.52,49.52,49.52,49.52,45.02,4.5,9.9956,1.3366,695022,34417489.0,10300160000.0,2575040000.0
2015-12-25,'603800,道森股份,45.02,45.02,45.02,45.02,40.93,4.09,9.9927,1.2072,627740,28260855.0,9364160000.0,2341040000.0
2015-12-24,'603800,道森股份,40.93,40.93,40.93,40.93,37.21,3.72,9.9973,1.3071,679712,27820612.0,8513440000.0,2128360000.0
2015-12-23,'603800,道森股份,37.21,37.21,37.21,37.21,33.83,3.38,9.9911,0.4163,216500,8055965.0,7739680000.0,1934920000.0
2015-12-22,'603800,道森股份,33.83,33.83,33.83,33.83,30.75,3.08,10.0163,0.5316,276434,9351762.0,7036640000.0,1759160000.0
2015-12-21,'603800,道森股份,30.75,30.75,30.75,30.75,27.95,2.8,10.0179,0.3555,184850,5684138.0,6396000000.0,1599000000.0
2015-12-18,'603800,道森股份,27.95,27.95,27.95,27.95,25.41,2.54,9.9961,0.1373,71400,1995630.0,5813600000.0,1453400000.0
2015-12-17,'603800,道森股份,25.41,25.41,25.41,25.41,23.1,2.31,10.0,0.1063,55300,1405173.0,5285280000.0,1321320000.0
2015-12-16,'603800,道森股份,23.1,23.1,23.1,23.1,21.0,2.1,10.0,0.0888,46200,1067220.0,4804800000.0,1201200000.0
2015-12-15,'603800,道森股份,21.0,21.0,21.0,21.0,19.09,1.91,10.0052,0.0815,42400,890400.0,4368000000.0,1092000000.0
2015-12-14,'603800,道森股份,19.09,19.09,19.09,19.09,17.35,1.74,10.0288,0.0673,35000,668150.0,3970720000.0,992680000.0
2015-12-11,'603800,道森股份,17.35,17.35,17.35,17.35,15.77,1.58,10.019,0.0213,11100,192585.0,3608800000.0,902200000.0
2015-12-10,'603800,N道森,15.77,15.77,15.77,15.77,10.95,4.82,44.0183,0.054,28100,443137.0,3280160000.0,820040000.0
