日期,股票代码,名称,收盘价,最高价,最低价,开盘价,前收盘,涨跌额,涨跌幅,换手率,成交量,成交金额,总市值,流通市值
2017-05-15,'603883,老百姓,42.58,42.8,41.91,42.29,42.17,0.41,0.9723,0.7912,665602,28257551.0,11368860000.0,3581967601.78
2017-05-12,'603883,老百姓,42.17,42.44,41.99,42.3,42.43,-0.26,-0.6128,0.9329,784781,33096949.0,11259390000.0,3547477072.97
2017-05-11,'603883,老百姓,42.43,42.6,41.5,42.0,42.15,0.28,0.6643,1.0335,869386,36455445.0,11328810000.0,3569349115.63
2017-05-10,'603883,老百姓,42.15,43.56,41.88,43.47,43.47,-1.32,-3.0366,1.0016,842592,36047228.0,11254050000.0,3545794608.15
2017-05-09,'603883,老百姓,43.47,43.49,42.88,43.0,43.16,0.31,0.7183,0.7755,652407,28236888.0,11606490000.0,3656837286.27
2017-05-08,'603883,老百姓,43.16,44.28,43.05,43.95,43.95,-0.79,-1.7975,0.8458,711503,31205466.0,11523720000.0,3630759081.56
2017-05-05,'603883,老百姓,43.95,44.22,43.7,43.95,44.08,-0.13,-0.2949,0.784,659537,29017431.0,11734650000.0,3697216441.95
2017-05-04,'603883,老百姓,44.08,44.31,42.73,43.03,43.29,0.79,1.8249,2.1944,1845979,81005189.0,11769360000.0,3708152463.28
2017-05-03,'603883,老百姓,43.29,43.48,42.53,43.48,43.28,0.01,0.0231,1.136,955680,41108758.0,11558430000.0,3641695102.89
2017-05-02,'603883,老百姓,43.28,44.27,43.0,44.01,43.71,-0.43,-0.9838,1.3337,1121967,48742557.0,11555760000.0,3640853870.48
2017-04-28,'603883,老百姓,43.71,43.88,43.38,43.8,43.9,-0.19,-0.4328,0.67,563603,24574624.0,11670570000.0,3677026864.11
2017-04-27,'603883,老百姓,43.9,44.05,43.26,43.8,43.67,0.23,0.5267,1.4734,1239511,54137175.0,11721300000.0,3693010279.9
2017-04-26,'603883,老百姓,43.67,43.86,42.8,42.8,42.93,0.74,1.7237,1.8455,1552478,67579261.0,11659890000.0,3673661934.47
2017-04-25,'603883,老百姓,42.93,43.03,42.11,42.14,41.95,0.98,2.3361,1.3733,1155286,49433822.0,11462310000.0,3611410736.13
2017-04-24,'603883,老百姓,41.95,42.19,41.01,42.0,41.97,-0.02,-0.0477,0.7667,645006,26828165.0,11200650000.0,3528969959.95
2017-04-21,'603883,老百姓,41.97,42.9,41.8,42.23,42.47,-0.5,-1.1773,0.9471,796758,33763408.0,11205990000.0,3530652424.77
2017-04-20,'603883,老百姓,42.47,43.0,41.05,41.2,41.37,1.1,2.6589,1.7188,1445944,60434589.0,11339490000.0,3572714045.27
2017-04-19,'603883,老百姓,41.37,41.74,41.01,41.74,41.62,-0.25,-0.6007,0.708,595575,24575828.0,11045790000.0,3480178480.17
2017-04-18,'603883,老百姓,41.62,42.08,41.05,41.39,41.29,0.33,0.7992,1.004,844634,35268364.0,11112540000.0,3501209290.42
2017-04-17,'603883,老百姓,41.29,42.18,41.2,42.18,42.16,-0.87,-2.0636,0.7671,645337,26846718.0,11024430000.0,3473448620.89
2017-04-14,'603883,老百姓,42.16,42.7,41.93,42.55,42.65,-0.49,-1.1489,1.238,1041472,43911010.0,11256720000.0,3546635840.56
2017-04-13,'603883,老百姓,42.65,42.94,42.55,42.66,42.64,0.01,0.0235,0.5281,444256,18971283.0,11387550000.0,3587856228.65
2017-04-12,'603883,老百姓,42.64,43.29,42.61,43.02,43.11,-0.47,-1.0902,0.6875,578331,24755663.0,11384880000.0,3587014996.24
2017-04-11,'603883,老百姓,43.11,43.13,42.61,43.06,43.06,0.05,0.1161,0.833,700751,30037516.0,11510370000.0,3626552919.51
2017-04-10,'603883,老百姓,43.06,43.5,42.39,43.5,43.58,-0.52,-1.1932,2.0456,1720802,73656032.0,11497020000.0,3622346757.46
2017-04-07,'603883,老百姓,43.58,43.97,43.51,43.97,44.07,-0.49,-1.1119,1.2065,1014929,44321640.0,11635860000.0,3666090842.78
2017-04-06,'603883,老百姓,44.07,44.64,43.85,44.04,44.03,0.04,0.0908,1.1627,978112,43343387.0,11766690000.0,3707311230.87
2017-04-05,'603883,老百姓,44.03,44.2,43.6,43.93,43.99,0.04,0.0909,1.0725,902256,39643433.0,11756010000.0,3703946301.23
2017-03-31,'603883,老百姓,43.99,44.05,42.91,43.23,43.5,0.49,1.1264,1.8552,1560634,67916206.0,11745330000.0,3700581371.59
2017-03-30,'603883,老百姓,43.5,43.74,42.1,42.87,42.91,0.59,1.375,3.0533,2568547,110830884.0,11614500000.0,3659360983.5
2017-03-29,'603883,老百姓,42.91,44.06,42.89,43.92,43.79,-0.88,-2.0096,2.3598,1985142,86101684.0,11456970000.0,3609728271.31
2017-03-28,'603883,老百姓,43.79,45.4,43.78,45.33,45.41,-1.62,-3.5675,3.5591,2994058,132744402.0,11691930000.0,3683756723.39
2017-03-27,'603883,老百姓,45.41,46.1,45.35,45.73,45.87,-0.46,-1.0028,1.8122,1524505,69586110.0,12124470000.0,3820036373.81
2017-03-24,'603883,老百姓,45.87,46.37,45.51,46.12,47.23,-1.36,-2.8795,3.8176,3211484,147418672.0,12247290000.0,3858733064.67
2017-03-23,'603883,老百姓,47.23,47.82,46.25,47.11,46.96,0.27,0.575,3.279,2758393,129881974.0,12610410000.0,3973140672.43
2017-03-22,'603883,老百姓,46.96,47.0,46.03,46.5,46.84,0.12,0.2562,2.2012,1851744,85912481.0,12538320000.0,3950427397.36
2017-03-21,'603883,老百姓,46.84,47.22,46.4,46.79,46.81,0.03,0.0641,1.8664,1570071,73430685.0,12506280000.0,3940332608.44
2017-03-20,'603883,老百姓,46.81,46.85,46.02,46.32,46.3,0.51,1.1015,1.6838,1416472,65828321.0,12498270000.0,3937808911.21
2017-03-17,'603883,老百姓,46.3,46.88,45.92,46.05,46.01,0.29,0.6303,2.4147,2031284,94387043.0,12362100000.0,3894906058.3
2017-03-16,'603883,老百姓,46.01,46.45,45.59,45.59,45.53,0.48,1.0542,2.6443,2224434,102453285.0,12284670000.0,3870510318.41
2017-03-15,'603883,老百姓,45.53,45.6,45.18,45.4,45.52,0.01,0.022,0.9373,788505,35769693.0,12156510000.0,3830131162.73
2017-03-14,'603883,老百姓,45.52,45.97,45.36,45.45,45.45,0.07,0.154,1.3958,1174154,53533412.0,12153840000.0,3829289930.32
2017-03-13,'603883,老百姓,45.45,45.46,44.96,45.29,45.29,0.16,0.3533,1.3207,1111037,50213096.0,12135150000.0,3823401303.45
2017-03-10,'603883,老百姓,45.29,45.38,44.96,45.05,45.18,0.11,0.2435,0.788,662890,29968100.0,12092430000.0,3809941584.89
2017-03-09,'603883,老百姓,45.18,45.45,44.88,45.2,45.17,0.01,0.0221,0.9098,765323,34603740.0,12063060000.0,3800688028.38
2017-03-08,'603883,老百姓,45.17,45.49,44.97,45.45,45.48,-0.31,-0.6816,1.2191,1025548,46308468.0,12060390000.0,3799846795.97
2017-03-07,'603883,老百姓,45.48,45.49,44.91,45.3,45.29,0.19,0.4195,1.2386,1041968,47145871.0,12143160000.0,3825925000.68
2017-03-06,'603883,老百姓,45.29,45.5,44.7,44.71,44.69,0.6,1.3426,1.1311,951548,43084341.0,12092430000.0,3809941584.89
2017-03-03,'603883,老百姓,44.69,44.85,44.33,44.85,44.85,-0.16,-0.3567,0.6568,552488,24641488.0,11932230000.0,3759467640.29
2017-03-02,'603883,老百姓,44.85,45.55,44.78,45.46,45.34,-0.49,-1.0807,0.8729,734332,33079045.0,11974950000.0,3772927358.85
2017-03-01,'603883,老百姓,45.34,45.64,45.15,45.35,45.35,-0.01,-0.0221,0.8312,699259,31710743.0,12105780000.0,3814147746.94
2017-02-28,'603883,老百姓,45.35,45.59,45.16,45.45,45.45,-0.1,-0.22,0.5631,473701,21444396.0,12108450000.0,3814988979.35
2017-02-27,'603883,老百姓,45.45,45.56,45.12,45.35,45.39,0.06,0.1322,0.6492,546088,24790149.0,12135150000.0,3823401303.45
2017-02-24,'603883,老百姓,45.39,45.76,45.17,45.26,45.47,-0.08,-0.1759,0.8338,701407,31858213.0,12119130000.0,3818353908.99
2017-02-23,'603883,老百姓,45.47,45.89,44.7,44.8,44.89,0.58,1.292,1.4618,1229729,55815656.0,12140490000.0,3825083768.27
2017-02-22,'603883,老百姓,44.89,45.21,44.66,44.88,44.87,0.02,0.0446,0.76,639355,28649206.0,11985630000.0,3776292288.49
2017-02-21,'603883,老百姓,44.87,45.04,44.03,44.25,44.26,0.61,1.3782,0.8866,745836,33334096.0,11980290000.0,3774609823.67
2017-02-20,'603883,老百姓,44.26,44.3,43.7,44.01,44.03,0.23,0.5224,0.9632,810289,35610655.0,11817420000.0,3723294646.66
2017-02-17,'603883,老百姓,44.03,45.49,44.0,45.23,45.4,-1.37,-3.0176,1.2403,1043392,46509018.0,11756010000.0,3703946301.23
2017-02-16,'603883,老百姓,45.4,45.48,44.8,45.0,45.03,0.37,0.8217,0.7079,595522,26831847.0,12121800000.0,3819195141.4
2017-02-15,'603883,老百姓,45.03,45.85,44.95,45.81,46.06,-1.03,-2.2362,1.1767,989864,45035586.0,12023010000.0,3788069542.23
2017-02-14,'603883,老百姓,46.06,48.0,44.68,45.03,44.95,1.11,2.4694,3.1494,2649398,122326986.0,12298020000.0,3874716480.46
2017-02-13,'603883,老百姓,44.95,45.15,44.54,44.82,44.9,0.05,0.1114,1.0919,918533,41182815.0,12001650000.0,3781339682.95
2017-02-10,'603883,老百姓,44.9,45.38,44.81,45.01,45.01,-0.11,-0.2444,1.0641,895196,40358979.0,11988300000.0,3777133520.9
2017-02-09,'603883,老百姓,45.01,45.05,44.31,44.45,44.48,0.53,1.1915,0.9245,777747,34882276.0,12017670000.0,3786387077.41
2017-02-08,'603883,老百姓,44.48,44.49,43.8,44.21,44.22,0.26,0.588,0.5945,500098,22077846.0,11876160000.0,3741801759.68
2017-02-07,'603883,老百姓,44.22,44.46,44.02,44.46,44.45,-0.23,-0.5174,0.5885,495075,21895594.0,11806740000.0,3719929717.02
2017-02-06,'603883,老百姓,44.45,44.49,43.9,44.32,44.02,0.43,0.9768,0.7155,601867,26596274.0,11868150000.0,3739278062.45
2017-02-03,'603883,老百姓,44.02,44.3,43.88,44.0,44.14,-0.12,-0.2719,0.34,285979,12603345.0,11753340000.0,3703105068.82
2017-01-26,'603883,老百姓,44.14,44.39,44.06,44.35,44.05,0.09,0.2043,0.402,338190,14932266.0,11785380000.0,3713199857.74
2017-01-25,'603883,老百姓,44.05,44.25,43.53,44.0,43.74,0.31,0.7087,0.5098,428873,18868952.0,11761350000.0,3705628766.05
2017-01-24,'603883,老百姓,43.74,44.58,43.7,44.39,44.39,-0.65,-1.4643,0.5686,478337,21133178.0,11678580000.0,3679550561.34
2017-01-23,'603883,老百姓,44.39,44.78,44.07,44.4,44.42,-0.03,-0.0675,0.6449,542549,24114367.0,11852130000.0,3734230667.99
2017-01-20,'603883,老百姓,44.42,44.48,43.25,43.58,43.49,0.93,2.1384,0.6821,573846,25318146.0,11860140000.0,3736754365.22
2017-01-19,'603883,老百姓,43.49,43.76,42.8,43.4,43.67,-0.18,-0.4122,0.5707,480063,20817304.0,11611830000.0,3658519751.09
2017-01-18,'603883,老百姓,43.67,43.9,43.06,43.6,43.75,-0.08,-0.1829,0.5726,481654,21038908.0,11659890000.0,3673661934.47
2017-01-17,'603883,老百姓,43.75,43.8,42.91,43.27,43.29,0.46,1.0626,0.701,589733,25595211.0,11681250000.0,3680391793.75
2017-01-16,'603883,老百姓,43.29,44.6,42.06,44.4,44.83,-1.54,-3.4352,1.829,1538653,66527070.0,11558430000.0,3641695102.89
2017-01-13,'603883,老百姓,44.83,46.7,43.75,46.5,46.57,-1.74,-3.7363,2.4953,2099126,93989254.0,11969610000.0,3771244894.03
2017-01-12,'603883,老百姓,46.57,47.58,46.52,47.58,47.49,-0.92,-1.9372,0.7112,598294,28092778.0,12434190000.0,3917619333.37
2017-01-11,'603883,老百姓,47.49,47.7,47.01,47.15,47.15,0.34,0.7211,0.9922,834654,39566904.0,12679830000.0,3995012715.09
2017-01-10,'603883,老百姓,47.15,47.46,46.9,47.2,47.09,0.06,0.1274,0.9167,771152,36442395.0,12589050000.0,3966410813.15
2017-01-09,'603883,老百姓,47.09,47.15,46.15,46.17,46.33,0.76,1.6404,0.972,817638,38286165.0,12573030000.0,3961363418.69
2017-01-06,'603883,老百姓,46.33,47.32,46.14,47.2,47.14,-0.81,-1.7183,1.3418,1128728,52518447.0,12370110000.0,3897429755.53
2017-01-05,'603883,老百姓,47.14,47.31,47.01,47.31,47.32,-0.18,-0.3804,0.7707,648374,30553917.0,12586380000.0,3965569580.74
2017-01-04,'603883,老百姓,47.32,47.4,46.87,47.0,47.14,0.18,0.3818,1.1394,958515,45189863.0,12634440000.0,3980711764.12
2017-01-03,'603883,老百姓,47.14,47.45,46.6,46.66,46.65,0.49,1.0504,1.0868,914240,43102404.0,12586380000.0,3965569580.74
2016-12-30,'603883,老百姓,46.65,46.83,46.46,46.62,46.43,0.22,0.4738,0.5703,479732,22372367.0,12455550000.0,3924349192.65
2016-12-29,'603883,老百姓,46.43,46.82,46.31,46.64,46.74,-0.31,-0.6632,0.5327,448089,20858984.0,12396810000.0,3905842079.63
2016-12-28,'603883,老百姓,46.74,46.98,46.5,46.55,46.78,-0.04,-0.0855,0.8607,724056,33867038.0,12479580000.0,3931920284.34
2016-12-27,'603883,老百姓,46.78,46.97,46.6,46.76,46.76,0.02,0.0428,0.5341,449329,21039456.0,12490260000.0,3935285213.98
2016-12-26,'603883,老百姓,46.76,46.92,45.95,46.41,46.39,0.37,0.7976,0.9474,797000,36857614.0,12484920000.0,3933602749.16
2016-12-23,'603883,老百姓,46.39,47.2,46.3,47.2,47.25,-0.86,-1.8201,0.8918,750200,34976585.0,12386130000.0,3902477149.99
2016-12-22,'603883,老百姓,47.25,47.29,47.01,47.21,47.23,0.02,0.0423,0.7016,590215,27811407.0,12615750000.0,3974823137.25
2016-12-21,'603883,老百姓,47.23,47.45,46.8,46.88,46.77,0.46,0.9835,1.1701,984288,46471549.0,12610410000.0,3973140672.43
2016-12-20,'603883,老百姓,46.77,46.99,46.66,46.81,46.89,-0.12,-0.2559,0.6799,571987,26760994.0,12487590000.0,3934443981.57
2016-12-19,'603883,老百姓,46.89,47.3,46.59,47.05,47.03,-0.14,-0.2977,0.832,699904,32745026.0,12519630000.0,3944538770.49
2016-12-16,'603883,老百姓,47.03,47.32,46.71,46.8,46.8,0.23,0.4915,0.6996,588521,27699854.0,12557010000.0,3956316024.23
2016-12-15,'603883,老百姓,46.8,47.38,46.49,46.87,46.51,0.29,0.6235,1.0481,881670,41404829.0,12495600000.0,3936967678.8
2016-12-14,'603883,老百姓,46.51,47.15,45.95,46.78,47.15,-0.64,-1.3574,1.3096,1101671,51215815.0,12418170000.0,3912571938.91
2016-12-13,'603883,老百姓,47.15,47.49,46.1,46.1,46.99,0.16,0.3405,1.382,1162564,54708883.0,12589050000.0,3966410813.15
2016-12-12,'603883,老百姓,46.99,49.58,46.37,49.3,49.43,-2.44,-4.9363,3.2209,2709538,128558168.0,12546330000.0,3952951094.59
2016-12-09,'603883,老百姓,49.43,49.85,49.38,49.55,49.68,-0.25,-0.5032,1.0865,913982,45356241.0,13197810000.0,4158211802.63
2016-12-08,'603883,老百姓,49.68,50.31,49.61,50.2,50.08,-0.4,-0.7987,1.2383,1041686,52019518.0,13264560000.0,4179242612.88
2016-12-07,'603883,老百姓,50.08,50.15,49.41,49.87,49.61,0.47,0.9474,1.5337,1290201,64356456.0,13371360000.0,4212891909.28
2016-12-06,'603883,老百姓,49.61,50.24,49.58,49.78,49.76,-0.15,-0.3014,1.1807,993236,49489567.0,13245870000.0,4173353986.01
2016-12-05,'603883,老百姓,49.76,50.25,48.7,49.1,49.63,0.13,0.2619,1.6718,1406368,69919430.0,13285920000.0,4185972472.16
2016-12-02,'603883,老百姓,49.63,51.79,49.61,51.79,51.82,-2.19,-4.2262,3.3904,2852100,144193904.0,13251210000.0,4175036450.83
2016-12-01,'603883,老百姓,51.82,52.11,51.3,51.45,51.6,0.22,0.4264,2.0476,1722499,88998669.0,13835940000.0,4359266348.62
2016-11-30,'603883,老百姓,51.6,51.84,51.09,51.39,51.49,0.11,0.2136,2.0285,1706404,87870231.0,13777200000.0,4340759235.6
2016-11-29,'603883,老百姓,51.49,52.3,51.3,51.53,51.76,-0.27,-0.5216,2.3939,2013834,104196490.0,13747830000.0,4331505679.09
2016-11-28,'603883,老百姓,51.76,52.55,51.7,52.23,52.18,-0.42,-0.8049,2.3494,1976379,102642967.0,13819920000.0,4354218954.16
2016-11-25,'603883,老百姓,52.18,52.66,51.1,52.6,52.39,-0.21,-0.4008,4.2531,3577862,185215968.0,13932060000.0,4389550715.38
2016-11-24,'603883,老百姓,52.39,53.65,51.95,53.18,52.95,-0.56,-1.0576,5.076,4270106,224928709.0,13988130000.0,4407216595.99
2016-11-23,'603883,老百姓,52.95,53.89,52.77,53.5,53.94,-0.99,-1.8354,3.9576,3329301,177585430.0,14137650000.0,4454325610.95
2016-11-22,'603883,老百姓,53.94,54.79,53.4,54.2,54.16,-0.22,-0.4062,6.7123,5646598,304267521.0,14401980000.0,4537607619.54
2016-11-21,'603883,老百姓,54.16,54.3,52.61,53.05,52.97,1.19,2.2466,8.1166,6827975,366403400.0,14460720000.0,4556114732.56
2016-11-18,'603883,老百姓,52.97,53.8,51.56,51.6,51.45,1.52,2.9543,7.61,6401757,338510169.0,14142990000.0,4456008075.77
2016-11-17,'603883,老百姓,51.45,52.38,51.21,52.34,52.39,-0.94,-1.7942,2.2645,1905005,98362625.0,13737150000.0,4328140749.45
2016-11-16,'603883,老百姓,52.39,52.88,51.67,51.95,51.89,0.5,0.9636,2.8564,2402856,125737832.0,13988130000.0,4407216595.99
2016-11-15,'603883,老百姓,51.89,52.25,51.42,52.25,52.12,-0.23,-0.4413,2.3344,1963799,101607290.0,13854630000.0,4365154975.49
2016-11-14,'603883,老百姓,52.12,52.98,51.86,52.15,52.08,0.04,0.0768,2.8117,2365303,123614235.0,13916040000.0,4384503320.92
2016-11-11,'603883,老百姓,52.08,53.47,51.7,51.85,51.92,0.16,0.3082,5.5164,4640576,243750020.0,13905360000.0,4381138391.28
2016-11-10,'603883,老百姓,51.92,52.3,50.42,50.75,50.33,1.59,3.1591,4.3543,3662951,188722141.0,13862640000.0,4367678672.72
2016-11-09,'603883,老百姓,50.33,51.5,50.01,51.48,51.45,-1.12,-2.1769,2.7239,2291471,115984037.0,13438110000.0,4233922719.53
2016-11-08,'603883,老百姓,51.45,51.6,51.01,51.48,51.53,-0.08,-0.1552,1.9243,1618799,83018455.0,13737150000.0,4328140749.45
2016-11-07,'603883,老百姓,51.53,52.49,51.18,52.14,51.77,-0.24,-0.4636,2.7037,2274399,117483599.0,13758510000.0,4334870608.73
2016-11-04,'603883,老百姓,51.77,51.98,50.8,50.8,50.77,1.0,1.9697,3.809,3204289,165256217.0,13822590000.0,4355060186.57
2016-11-03,'603883,老百姓,50.77,51.38,50.19,50.5,50.46,0.31,0.6143,2.6573,2235414,113693256.0,13555590000.0,4270936945.57
2016-11-02,'603883,老百姓,50.46,51.61,50.27,51.61,51.46,-1.0,-1.9433,2.6535,2232216,113693493.0,13472820000.0,4244858740.86
2016-11-01,'603883,老百姓,51.46,51.81,50.52,51.0,50.99,0.47,0.9217,3.8942,3275953,167425894.0,13739820000.0,4328981981.86
2016-10-31,'603883,老百姓,50.99,51.0,49.17,49.7,49.32,1.67,3.3861,3.2167,2705974,136294361.0,13614330000.0,4289444058.59
2016-10-28,'603883,老百姓,49.32,49.64,49.12,49.64,49.54,-0.22,-0.4441,1.1048,929362,45841484.0,13168440000.0,4148958246.12
2016-10-27,'603883,老百姓,49.54,50.0,49.09,49.99,49.96,-0.42,-0.8407,1.5201,1278729,63316748.0,13227180000.0,4167465359.14
2016-10-26,'603883,老百姓,49.96,49.98,49.11,49.23,49.2,0.76,1.5447,2.3347,1963998,97250958.0,13339320000.0,4202797120.36
2016-10-25,'603883,老百姓,49.2,49.88,49.19,49.77,49.75,-0.55,-1.1055,2.3506,1977372,97834459.0,13136400000.0,4138863457.2
2016-10-24,'603883,老百姓,49.75,50.1,49.13,49.67,49.67,0.08,0.1611,1.991,1674864,83277032.0,13283250000.0,4185131239.75
2016-10-21,'603883,老百姓,49.67,50.57,49.5,49.8,50.22,-0.55,-1.0952,2.1879,1840521,91873923.0,13261890000.0,4178401380.47
2016-10-20,'603883,老百姓,50.22,51.06,50.1,50.95,50.86,-0.64,-1.2584,2.1388,1799186,90445068.0,13408740000.0,4224669163.02
2016-10-19,'603883,老百姓,50.86,51.55,50.72,51.41,51.8,-0.94,-1.8147,3.0163,2537439,129667401.0,13579620000.0,4278508037.26
2016-10-18,'603883,老百姓,51.8,53.73,48.88,49.99,50.32,1.48,2.9412,6.9021,5806288,299874971.0,13830600000.0,4357583883.8
2016-10-17,'603883,老百姓,0.0,0.0,0.0,0.0,50.32,None,None,0.0,0,0.0,13435440000.0,4233081487.12
2016-10-14,'603883,老百姓,0.0,0.0,0.0,0.0,50.32,None,None,0.0,0,0.0,13435440000.0,4233081487.12
2016-10-13,'603883,老百姓,0.0,0.0,0.0,0.0,50.32,None,None,0.0,0,0.0,13435440000.0,4233081487.12
2016-10-12,'603883,老百姓,0.0,0.0,0.0,0.0,50.32,None,None,0.0,0,0.0,13435440000.0,4233081487.12
2016-10-11,'603883,老百姓,0.0,0.0,0.0,0.0,50.32,None,None,0.0,0,0.0,13435440000.0,4233081487.12
2016-10-10,'603883,老百姓,0.0,0.0,0.0,0.0,50.32,None,None,0.0,0,0.0,13435440000.0,4233081487.12
2016-09-30,'603883,老百姓,0.0,0.0,0.0,0.0,50.32,None,None,0.0,0,0.0,13435440000.0,4233081487.12
2016-09-29,'603883,老百姓,0.0,0.0,0.0,0.0,50.32,None,None,0.0,0,0.0,13435440000.0,4233081487.12
2016-09-28,'603883,老百姓,0.0,0.0,0.0,0.0,50.32,None,None,0.0,0,0.0,13435440000.0,4233081487.12
2016-09-27,'603883,老百姓,0.0,0.0,0.0,0.0,50.32,None,None,0.0,0,0.0,13435440000.0,4233081487.12
2016-09-26,'603883,老百姓,0.0,0.0,0.0,0.0,50.32,None,None,0.0,0,0.0,13435440000.0,4233081487.12
2016-09-23,'603883,老百姓,0.0,0.0,0.0,0.0,50.32,None,None,0.0,0,0.0,13435440000.0,4233081487.12
2016-09-22,'603883,老百姓,0.0,0.0,0.0,0.0,50.32,None,None,0.0,0,0.0,13435440000.0,4233081487.12
2016-09-21,'603883,老百姓,0.0,0.0,0.0,0.0,50.32,None,None,0.0,0,0.0,13435440000.0,4233081487.12
2016-09-20,'603883,老百姓,0.0,0.0,0.0,0.0,50.32,None,None,0.0,0,0.0,13435440000.0,4233081487.12
2016-09-19,'603883,老百姓,0.0,0.0,0.0,0.0,50.32,None,None,0.0,0,0.0,13435440000.0,4233081487.12
2016-09-14,'603883,老百姓,0.0,0.0,0.0,0.0,50.32,None,None,0.0,0,0.0,13435440000.0,4233081487.12
2016-09-13,'603883,老百姓,0.0,0.0,0.0,0.0,50.32,None,None,0.0,0,0.0,13435440000.0,4233081487.12
2016-09-12,'603883,老百姓,0.0,0.0,0.0,0.0,50.32,None,None,0.0,0,0.0,13435440000.0,4233081487.12
2016-09-09,'603883,老百姓,0.0,0.0,0.0,0.0,50.32,None,None,0.0,0,0.0,13435440000.0,4233081487.12
2016-09-08,'603883,老百姓,0.0,0.0,0.0,0.0,50.32,None,None,0.0,0,0.0,13435440000.0,4233081487.12
2016-09-07,'603883,老百姓,0.0,0.0,0.0,0.0,50.32,None,None,0.0,0,0.0,13435440000.0,4233081487.12
2016-09-06,'603883,老百姓,0.0,0.0,0.0,0.0,50.32,None,None,0.0,0,0.0,13435440000.0,4233081487.12
2016-09-05,'603883,老百姓,0.0,0.0,0.0,0.0,50.32,None,None,0.0,0,0.0,13435440000.0,4233081487.12
2016-09-02,'603883,老百姓,0.0,0.0,0.0,0.0,50.32,None,None,0.0,0,0.0,13435440000.0,4233081487.12
2016-09-01,'603883,老百姓,0.0,0.0,0.0,0.0,50.32,None,None,0.0,0,0.0,13435440000.0,4233081487.12
2016-08-31,'603883,老百姓,0.0,0.0,0.0,0.0,50.32,None,None,0.0,0,0.0,13435440000.0,4233081487.12
2016-08-30,'603883,老百姓,0.0,0.0,0.0,0.0,50.32,None,None,0.0,0,0.0,13435440000.0,4233081487.12
2016-08-29,'603883,老百姓,0.0,0.0,0.0,0.0,50.32,None,None,0.0,0,0.0,13435440000.0,4233081487.12
2016-08-26,'603883,老百姓,0.0,0.0,0.0,0.0,50.32,None,None,0.0,0,0.0,13435440000.0,4233081487.12
2016-08-25,'603883,老百姓,0.0,0.0,0.0,0.0,50.32,None,None,0.0,0,0.0,13435440000.0,4233081487.12
2016-08-24,'603883,老百姓,0.0,0.0,0.0,0.0,50.32,None,None,0.0,0,0.0,13435440000.0,4233081487.12
2016-08-23,'603883,老百姓,0.0,0.0,0.0,0.0,50.32,None,None,0.0,0,0.0,13435440000.0,4233081487.12
2016-08-22,'603883,老百姓,0.0,0.0,0.0,0.0,50.32,None,None,0.0,0,0.0,13435440000.0,4233081487.12
2016-08-19,'603883,老百姓,0.0,0.0,0.0,0.0,50.32,None,None,0.0,0,0.0,13435440000.0,4233081487.12
2016-08-18,'603883,老百姓,0.0,0.0,0.0,0.0,50.32,None,None,0.0,0,0.0,13435440000.0,4233081487.12
2016-08-17,'603883,老百姓,50.32,50.55,49.93,50.12,50.32,0.0,0.0,1.4275,1200830,60422154.0,13435440000.0,4233081487.12
2016-08-16,'603883,老百姓,50.32,50.49,49.96,49.96,49.95,0.37,0.7407,1.8697,1572893,79025982.0,13435440000.0,4233081487.12
2016-08-15,'603883,老百姓,49.95,50.05,48.43,48.76,48.65,1.3,2.6721,1.946,1637059,81083718.0,13336650000.0,4201955887.95
2016-08-12,'603883,老百姓,48.65,48.75,48.02,48.21,48.4,0.25,0.5165,1.097,922831,44735048.0,12989550000.0,4092595674.65
2016-08-11,'603883,老百姓,48.4,49.69,48.26,49.55,49.55,-1.15,-2.3209,1.6157,1359192,66365564.0,12922800000.0,4071564864.4
2016-08-10,'603883,老百姓,49.55,50.09,49.54,49.85,49.85,-0.3,-0.6018,1.129,949752,47262501.0,13229850000.0,4168306591.55
2016-08-09,'603883,老百姓,49.85,49.89,49.11,49.43,49.42,0.43,0.8701,1.3744,1156158,57350503.0,13309950000.0,4193543563.85
2016-08-08,'603883,老百姓,49.42,49.45,48.47,49.27,49.18,0.24,0.488,1.3993,1177159,57544436.0,13195140000.0,4157370570.22
2016-08-05,'603883,老百姓,49.18,49.99,49.05,49.87,49.88,-0.7,-1.4034,1.2071,1015456,50248286.0,13131060000.0,4137180992.38
2016-08-04,'603883,老百姓,49.88,50.39,49.55,49.98,49.96,-0.08,-0.1601,1.3948,1173342,58395155.0,13317960000.0,4196067261.08
2016-08-03,'603883,老百姓,49.96,50.23,49.63,50.05,50.12,-0.16,-0.3192,1.3257,1115190,55604637.0,13339320000.0,4202797120.36
2016-08-02,'603883,老百姓,50.12,50.41,48.59,48.59,48.59,1.53,3.1488,2.2056,1855393,92398256.0,13382040000.0,4216256838.92
2016-08-01,'603883,老百姓,48.59,49.44,47.91,49.44,49.69,-1.1,-2.2137,1.7593,1480008,71806906.0,12973530000.0,4087548280.19
2016-07-29,'603883,老百姓,49.69,50.49,49.5,49.5,49.5,0.19,0.3838,2.2778,1916180,95732915.0,13267230000.0,4180083845.29
2016-07-28,'603883,老百姓,49.5,49.8,48.51,48.72,48.95,0.55,1.1236,2.5147,2115468,104185318.0,13216500000.0,4164100429.5
2016-07-27,'603883,老百姓,48.95,51.81,48.2,51.3,51.23,-2.28,-4.4505,4.9824,4191388,209003110.0,13069650000.0,4117832646.95
2016-07-26,'603883,老百姓,51.23,51.38,50.2,50.2,50.11,1.12,2.2351,2.6044,2190880,111678540.0,13678410000.0,4309633636.43
2016-07-25,'603883,老百姓,50.11,50.65,49.61,49.66,49.66,0.45,0.9062,2.5861,2175477,109234584.0,13379370000.0,4215415606.51
2016-07-22,'603883,老百姓,49.66,50.98,49.6,50.62,51.11,-1.45,-2.837,4.1596,3499200,175670820.0,13259220000.0,4177560148.06
2016-07-21,'603883,老百姓,51.11,51.81,51.0,51.55,51.51,-0.4,-0.7765,2.2878,1924538,99007493.0,13646370000.0,4299538847.51
2016-07-20,'603883,老百姓,51.51,51.77,51.11,51.6,51.62,-0.11,-0.2131,2.0995,1766135,91084264.0,13753170000.0,4333188143.91
2016-07-19,'603883,老百姓,51.62,51.73,50.72,51.5,51.55,0.07,0.1358,2.4749,2081981,106461923.0,13782540000.0,4342441700.42
2016-07-18,'603883,老百姓,51.55,51.89,50.1,51.53,51.66,-0.11,-0.2129,3.2288,2716136,139194769.0,13763850000.0,4336553073.55
2016-07-15,'603883,老百姓,51.66,53.85,50.96,53.6,53.57,-1.91,-3.5654,7.6836,6463696,335651118.0,13793220000.0,4345806630.06
2016-07-14,'603883,老百姓,53.57,54.68,53.5,54.0,54.42,-0.85,-1.5619,4.6638,3923359,211424282.0,14303190000.0,4506482020.37
2016-07-13,'603883,老百姓,54.42,56.29,53.87,55.6,55.44,-1.02,-1.8398,5.5193,4643016,254394960.0,14530140000.0,4577986775.22
2016-07-12,'603883,老百姓,55.44,55.5,53.3,53.8,53.9,1.54,2.8571,10.1758,8560218,468607699.0,14802480000.0,4663792481.04
2016-07-11,'603883,老百姓,53.9,55.38,50.39,50.39,50.65,3.25,6.4166,8.41,7074747,375958170.0,14391300000.0,4534242689.9
2016-07-08,'603883,老百姓,50.65,52.1,49.8,50.0,50.39,0.26,0.516,3.1521,2651638,135205114.0,13523550000.0,4260842156.65
2016-07-07,'603883,老百姓,50.39,52.08,50.0,50.8,50.79,-0.4,-0.7876,4.0119,3374976,173054048.0,13454130000.0,4238970113.99
2016-07-06,'603883,老百姓,50.79,51.1,49.08,49.77,49.8,0.99,1.988,3.2565,2739458,137172757.0,13560930000.0,4272619410.39
2016-07-05,'603883,XD老百姓,49.8,50.19,49.44,50.0,50.16,-0.36,-0.7177,2.0549,1728648,85968581.0,13296600000.0,4189337401.8
2016-07-04,'603883,老百姓,50.46,50.99,49.0,49.06,49.31,1.15,2.3322,3.6725,3089400,154869799.0,13472820000.0,4244858740.86
2016-07-01,'603883,老百姓,49.31,50.44,49.22,49.88,49.74,-0.43,-0.8645,2.0075,1688780,84278483.0,13165770000.0,4148117013.71
2016-06-30,'603883,老百姓,49.74,50.02,49.1,49.64,49.63,0.11,0.2216,2.8151,2368145,117305064.0,13280580000.0,4184290007.34
2016-06-29,'603883,老百姓,49.63,49.85,48.8,49.49,49.57,0.06,0.121,2.8957,2435935,120258591.0,13251210000.0,4175036450.83
2016-06-28,'603883,老百姓,49.57,49.97,48.11,48.11,48.43,1.14,2.3539,5.2195,4390840,216831781.0,13235190000.0,4169989056.37
2016-06-27,'603883,老百姓,48.43,48.45,46.1,46.1,46.45,1.98,4.2626,4.204,3536528,168760092.0,12930810000.0,4074088561.63
2016-06-24,'603883,老百姓,46.45,47.88,45.01,47.3,47.6,-1.15,-2.416,3.077,2588454,120621204.0,12402150000.0,3907524544.45
2016-06-23,'603883,老百姓,47.6,47.8,46.9,47.37,47.35,0.25,0.528,2.4559,2065978,97972120.0,12709200000.0,4004266271.6
2016-06-22,'603883,老百姓,47.35,47.37,46.41,46.52,46.75,0.6,1.2834,2.1416,1801544,84656795.0,12642450000.0,3983235461.35
2016-06-21,'603883,老百姓,46.75,47.9,46.33,47.7,47.6,-0.85,-1.7857,2.4753,2082287,98251515.0,12482250000.0,3932761516.75
2016-06-20,'603883,老百姓,47.6,47.88,45.7,45.93,45.91,1.69,3.6811,2.8275,2378577,111738160.0,12709200000.0,4004266271.6
2016-06-17,'603883,老百姓,45.91,46.75,45.58,45.8,45.49,0.42,0.9233,2.0845,1753529,81014564.0,12257970000.0,3862097994.31
2016-06-16,'603883,老百姓,45.49,46.5,45.33,45.88,46.1,-0.61,-1.3232,1.8464,1553222,71353567.0,12145830000.0,3826766233.09
2016-06-15,'603883,老百姓,46.1,46.38,44.65,45.05,45.06,1.04,2.308,2.3891,2009751,92239999.0,12308700000.0,3878081410.1
2016-06-14,'603883,老百姓,45.06,45.49,44.65,45.01,45.07,-0.01,-0.0222,2.1963,1847624,83112176.0,12031020000.0,3790593239.46
2016-06-13,'603883,老百姓,45.07,47.5,45.02,47.5,48.25,-3.18,-6.5907,2.7098,2279604,106218020.0,12033690000.0,3791434471.87
2016-06-08,'603883,老百姓,48.25,48.84,48.03,48.65,48.84,-0.59,-1.208,2.0223,1701189,82283834.0,12882750000.0,4058946378.25
2016-06-07,'603883,老百姓,48.84,49.1,48.2,48.23,48.51,0.33,0.6803,1.8008,1514899,73609962.0,13040280000.0,4108579090.44
2016-06-06,'603883,老百姓,48.51,49.5,48.21,49.1,48.9,-0.39,-0.7975,1.9166,1612292,78395059.0,12952170000.0,4080818420.91
2016-06-03,'603883,老百姓,48.9,49.24,48.29,48.99,48.91,-0.01,-0.0204,3.0024,2525719,123224882.0,13056300000.0,4113626484.9
2016-06-02,'603883,老百姓,48.91,49.34,48.0,48.04,48.25,0.66,1.3679,3.6107,3037453,147761708.0,13058970000.0,4114467717.31
2016-06-01,'603883,老百姓,48.25,48.85,46.9,47.0,47.06,1.19,2.5287,3.8219,3215098,154958831.0,12882750000.0,4058946378.25
2016-05-31,'603883,老百姓,47.06,47.1,45.56,45.8,45.2,1.86,4.115,3.5204,2961462,137450429.0,12565020000.0,3958839721.46
2016-05-30,'603883,老百姓,45.2,45.78,44.8,45.53,45.57,-0.37,-0.8119,1.359,1143214,51743279.0,12068400000.0,3802370493.2
2016-05-27,'603883,老百姓,45.57,45.95,45.5,45.6,45.88,-0.31,-0.6757,1.4353,1207421,55177080.0,12167190000.0,3833496092.37
2016-05-26,'603883,老百姓,45.88,46.7,44.9,46.2,46.44,-0.56,-1.2059,2.1568,1814329,82580047.0,12249960000.0,3859574297.08
2016-05-25,'603883,老百姓,46.44,47.58,46.3,47.2,46.9,-0.46,-0.9808,1.5142,1273757,59703514.0,12399480000.0,3906683312.04
2016-05-24,'603883,老百姓,46.9,47.38,46.55,46.55,46.74,0.16,0.3423,1.8701,1573186,73797808.0,12522300000.0,3945380002.9
2016-05-23,'603883,老百姓,46.74,47.22,46.26,46.26,46.19,0.55,1.1907,1.3424,1129250,52792014.0,12479580000.0,3931920284.34
2016-05-20,'603883,老百姓,46.19,46.45,45.51,46.45,46.35,-0.16,-0.3452,1.2218,1027788,47188099.0,12332730000.0,3885652501.79
2016-05-19,'603883,老百姓,46.35,47.43,46.34,46.34,46.34,0.01,0.0216,1.2419,1044736,48864116.0,12375450000.0,3899112220.35
2016-05-18,'603883,老百姓,46.34,47.8,46.11,47.8,48.22,-1.88,-3.8988,1.848,1554626,72754588.0,12372780000.0,3898270987.94
2016-05-17,'603883,老百姓,48.22,48.6,47.2,47.7,47.69,0.53,1.1113,2.0957,1762932,84599901.0,12874740000.0,4056422681.02
2016-05-16,'603883,老百姓,47.69,47.7,46.22,46.99,47.12,0.57,1.2097,1.6369,1377050,64904682.0,12733230000.0,4011837363.29
2016-05-13,'603883,老百姓,47.12,47.9,46.8,47.24,47.38,-0.26,-0.5488,1.4103,1186369,56076665.0,12581040000.0,3963887115.92
2016-05-12,'603883,老百姓,47.38,47.7,46.5,47.15,47.84,-0.46,-0.9615,1.9964,1679432,79001045.0,12650460000.0,3985759158.58
2016-05-11,'603883,老百姓,47.84,48.88,47.2,47.49,47.28,0.56,1.1844,2.4225,2037915,97941398.0,12773280000.0,4024455849.44
2016-05-10,'603883,老百姓,47.28,47.48,46.86,47.07,47.07,0.21,0.4461,1.3681,1150928,54318329.0,12623760000.0,3977346834.48
2016-05-09,'603883,老百姓,47.07,47.96,46.6,47.96,48.06,-0.99,-2.0599,2.514,2114856,99654884.0,12567690000.0,3959680953.87
2016-05-06,'603883,老百姓,48.06,51.3,48.01,50.43,50.43,-2.37,-4.6996,3.5032,2947042,146022667.0,12832020000.0,4042962962.46
2016-05-05,'603883,老百姓,50.43,51.0,49.6,50.8,50.96,-0.53,-1.04,2.8773,2420494,121904182.0,13464810000.0,4242335043.63
2016-05-04,'603883,老百姓,50.96,51.48,48.6,49.0,48.82,2.14,4.3834,4.1988,3532175,177923873.0,13606320000.0,4286920361.36
2016-05-03,'603883,老百姓,48.82,49.29,46.9,47.39,47.27,1.55,3.279,2.6454,2225360,108050365.0,13034940000.0,4106896625.62
2016-04-29,'603883,老百姓,47.27,48.47,47.0,47.0,47.77,-0.5,-1.0467,1.5358,1291933,61529957.0,12621090000.0,3976505602.07
2016-04-28,'603883,老百姓,47.77,48.96,46.81,48.6,48.57,-0.8,-1.6471,2.2304,1876312,89367986.0,12754590000.0,4018567222.57
2016-04-27,'603883,老百姓,48.57,49.49,48.29,48.87,48.84,-0.27,-0.5528,2.2569,1898599,92993634.0,12968190000.0,4085865815.37
2016-04-26,'603883,老百姓,48.84,48.88,47.6,47.99,47.92,0.92,1.9199,2.0121,1692635,81634625.0,13040280000.0,4108579090.44
2016-04-25,'603883,老百姓,47.92,48.55,46.8,48.55,48.54,-0.62,-1.2773,2.2191,1866771,88715157.0,12794640000.0,4031185708.72
2016-04-22,'603883,老百姓,48.54,49.0,47.5,47.88,47.98,0.56,1.1672,2.7436,1838210,88897842.0,12960180000.0,3252180000.0
2016-04-21,'603883,老百姓,47.98,49.5,47.5,48.1,49.08,-1.1,-2.2412,5.02,3363395,163866421.0,12810660000.0,3214660000.0
2016-04-20,'603883,老百姓,49.08,53.66,47.98,53.62,53.03,-3.95,-7.4486,8.3267,5578894,281459647.0,13104360000.0,3288360000.0
2016-04-19,'603883,老百姓,53.03,53.49,50.9,50.9,50.2,2.83,5.6375,7.4675,5003250,261016878.0,14159010000.0,3553010000.0
2016-04-18,'603883,老百姓,50.2,51.3,49.39,51.3,51.58,-1.38,-2.6755,3.824,2562069,128300983.0,13403400000.0,3363400000.0
2016-04-15,'603883,老百姓,51.58,52.45,51.49,51.92,52.23,-0.65,-1.2445,4.5336,3037527,157106046.0,13771860000.0,3455860000.0
2016-04-14,'603883,老百姓,52.23,52.67,51.16,52.67,52.01,0.22,0.423,6.142,4115135,212786963.0,13945410000.0,3499410000.0
2016-04-13,'603883,老百姓,52.01,53.22,51.98,52.12,52.01,0.0,0.0,6.472,4336272,227955344.0,13886670000.0,3484670000.0
2016-04-12,'603883,老百姓,52.01,54.5,51.02,54.5,54.89,-2.88,-5.2469,9.2976,6229400,327607843.0,13886670000.0,3484670000.0
2016-04-11,'603883,老百姓,54.89,57.28,51.18,53.93,52.21,2.68,5.1331,16.39,10981267,591758745.0,14655630000.0,3677630000.0
2016-04-08,'603883,老百姓,52.21,52.21,46.07,46.07,47.46,4.75,10.0084,13.833,9268082,456643629.0,13940070000.0,3498070000.0
2016-04-07,'603883,老百姓,47.46,49.45,46.38,46.38,46.14,1.32,2.8609,10.1549,6803787,326103223.0,12671820000.0,3179820000.0
2016-04-06,'603883,老百姓,46.14,46.6,45.58,46.0,46.0,0.14,0.3043,4.3715,2928921,134821878.0,12319380000.0,3091380000.0
2016-04-05,'603883,老百姓,46.0,46.4,44.65,44.85,44.81,1.19,2.6557,3.7803,2532814,115813588.0,12282000000.0,3082000000.0
2016-04-01,'603883,老百姓,44.81,45.54,44.1,45.44,45.52,-0.71,-1.5598,2.6808,1796112,80144808.0,11964270000.0,3002270000.0
2016-03-31,'603883,老百姓,45.52,46.54,45.5,46.23,45.69,-0.17,-0.3721,3.7441,2508561,115259960.0,12153840000.0,3049840000.0
2016-03-30,'603883,老百姓,45.69,46.05,44.16,44.5,44.05,1.64,3.723,4.0763,2731144,123053219.0,12199230000.0,3061230000.0
2016-03-29,'603883,老百姓,44.05,45.47,43.54,45.2,45.12,-1.07,-2.3715,4.0392,2706242,119389898.0,11761350000.0,2951350000.0
2016-03-28,'603883,老百姓,45.12,46.75,45.05,46.1,46.33,-1.21,-2.6117,5.4921,3679726,169185571.0,12047040000.0,3023040000.0
2016-03-25,'603883,老百姓,46.33,47.49,45.18,47.13,49.09,-2.76,-5.6223,8.2374,5519082,255877409.0,12370110000.0,3104110000.0
2016-03-24,'603883,老百姓,49.09,49.52,47.01,48.09,48.09,1.0,2.0794,7.2788,4876825,237628318.0,13107030000.0,3289030000.0
2016-03-23,'603883,老百姓,48.09,48.66,46.0,46.17,46.12,1.97,4.2715,5.6269,3769998,179271926.0,12840030000.0,3222030000.0
2016-03-22,'603883,老百姓,46.12,46.69,45.55,46.21,46.36,-0.24,-0.5177,3.6985,2478009,114200647.0,12314040000.0,3090040000.0
2016-03-21,'603883,老百姓,46.36,46.9,45.55,46.9,45.99,0.37,0.8045,6.4848,4344812,200390344.0,12378120000.0,3106120000.0
2016-03-18,'603883,老百姓,45.99,46.62,42.42,42.91,42.38,3.61,8.5182,8.0394,5386385,240797972.0,12279330000.0,3081330000.0
2016-03-17,'603883,老百姓,42.38,42.71,41.01,41.22,40.97,1.41,3.4415,4.0674,2725191,114687950.0,11315460000.0,2839460000.0
2016-03-16,'603883,老百姓,40.97,42.3,40.85,41.51,41.64,-0.67,-1.609,2.0056,1343727,55556178.0,10938990000.0,2744990000.0
2016-03-15,'603883,老百姓,41.64,42.2,41.5,41.97,42.31,-0.67,-1.5835,2.1694,1453496,60713918.0,11117880000.0,2789880000.0
2016-03-14,'603883,老百姓,42.31,43.0,41.31,41.9,41.05,1.26,3.0694,4.8511,3250206,137784508.0,11296770000.0,2834770000.0
2016-03-11,'603883,老百姓,41.05,41.22,39.5,39.7,40.41,0.64,1.5838,2.4902,1668408,67941758.0,10960350000.0,2750350000.0
2016-03-10,'603883,老百姓,40.41,41.2,40.15,40.84,40.79,-0.38,-0.9316,1.7278,1157595,47131961.0,10789470000.0,2707470000.0
2016-03-09,'603883,老百姓,40.79,41.23,40.01,40.5,41.37,-0.58,-1.402,1.6379,1097384,44727999.0,10890930000.0,2732930000.0
2016-03-08,'603883,老百姓,41.37,41.4,39.65,41.23,41.34,0.03,0.0726,2.6745,1791921,72522330.0,11045790000.0,2771790000.0
2016-03-07,'603883,老百姓,41.34,42.5,40.53,40.59,40.31,1.03,2.5552,2.9513,1977390,82168443.0,11037780000.0,2769780000.0
2016-03-04,'603883,老百姓,40.31,42.76,39.99,42.53,42.82,-2.51,-5.8617,4.3545,2917494,120131234.0,10762770000.0,2700770000.0
2016-03-03,'603883,老百姓,42.82,43.98,42.56,43.5,43.41,-0.59,-1.3591,3.9058,2616860,112899970.0,11432940000.0,2868940000.0
2016-03-02,'603883,老百姓,43.41,43.5,41.0,41.51,41.74,1.67,4.001,3.6369,2436718,102627955.0,11590470000.0,2908470000.0
2016-03-01,'603883,老百姓,41.74,42.01,40.5,41.12,40.88,0.86,2.1037,1.9013,1273872,52906217.0,11144580000.0,2796580000.0
2016-02-29,'603883,老百姓,40.88,43.76,40.0,43.6,43.76,-2.88,-6.5814,3.1078,2082228,85785044.0,10914960000.0,2738960000.0
2016-02-26,'603883,老百姓,43.76,45.12,43.05,44.43,44.41,-0.65,-1.4636,2.8872,1934449,85308943.0,11683920000.0,2931920000.0
2016-02-25,'603883,老百姓,44.41,49.39,44.15,49.19,49.05,-4.64,-9.4597,3.6284,2431006,111846998.0,11857470000.0,2975470000.0
2016-02-24,'603883,老百姓,49.05,50.21,47.93,49.92,49.88,-0.83,-1.664,2.5992,1741434,85273396.0,13096350000.0,3286350000.0
2016-02-23,'603883,老百姓,49.88,51.3,49.41,50.77,50.77,-0.89,-1.753,3.0459,2040786,102817914.0,13317960000.0,3341960000.0
2016-02-22,'603883,老百姓,50.77,53.24,49.63,49.75,48.93,1.84,3.7605,3.4877,2336768,117977897.0,13555590000.0,3401590000.0
2016-02-19,'603883,老百姓,48.93,49.49,48.5,48.7,48.4,0.53,1.095,2.1788,1459803,71510852.0,13064310000.0,3278310000.0
2016-02-18,'603883,老百姓,48.4,50.55,48.33,50.29,50.08,-1.68,-3.3546,4.0318,2701289,133157839.0,12922800000.0,3242800000.0
2016-02-17,'603883,老百姓,50.08,50.6,49.0,50.48,50.36,-0.28,-0.556,2.6564,1779793,88507928.0,13371360000.0,3355360000.0
2016-02-16,'603883,老百姓,50.36,51.0,49.37,49.37,48.91,1.45,2.9646,2.3939,1603927,80729379.0,13446120000.0,3374120000.0
2016-02-15,'603883,老百姓,48.91,49.99,46.61,47.0,48.92,-0.01,-0.0204,1.7828,1194467,57640698.0,13058970000.0,3276970000.0
2016-02-05,'603883,老百姓,48.92,50.45,48.49,48.49,48.25,0.67,1.3886,2.8413,1903687,94036154.0,13061640000.0,3277640000.0
2016-02-04,'603883,老百姓,48.25,48.93,47.11,47.4,47.09,1.16,2.4634,2.0149,1350000,65219256.0,12882750000.0,3232750000.0
2016-02-03,'603883,老百姓,47.09,47.4,45.48,46.49,47.22,-0.13,-0.2753,1.4206,951770,44118559.0,12573030000.0,3155030000.0
2016-02-02,'603883,老百姓,47.22,47.6,45.42,45.95,45.41,1.81,3.9859,2.3459,1571729,73689899.0,12607740000.0,3163740000.0
2016-02-01,'603883,老百姓,45.41,46.79,44.7,45.2,45.2,0.21,0.4646,1.9193,1285920,58930961.0,12124470000.0,3042470000.0
2016-01-29,'603883,老百姓,45.2,46.31,42.98,42.98,42.98,2.22,5.1652,3.2231,2159472,97668550.0,12068400000.0,3028400000.0
2016-01-28,'603883,老百姓,42.98,46.0,42.88,46.0,46.01,-3.03,-6.5855,1.9182,1285199,56990117.0,11475660000.0,2879660000.0
2016-01-27,'603883,老百姓,46.01,46.89,42.8,46.0,45.91,0.1,0.2178,3.0759,2060837,91694586.0,12284670000.0,3082670000.0
2016-01-26,'603883,老百姓,45.91,50.5,45.9,50.1,51.0,-5.09,-9.9804,3.1845,2133641,102138666.0,12257970000.0,3075970000.0
2016-01-25,'603883,老百姓,51.0,51.8,50.61,51.05,50.98,0.02,0.0392,1.9452,1303316,66818781.0,13617000000.0,3417000000.0
2016-01-22,'603883,老百姓,50.98,51.88,49.61,51.55,50.17,0.81,1.6145,2.1661,1451279,73689373.0,13611660000.0,3415660000.0
2016-01-21,'603883,老百姓,50.17,53.1,50.04,52.01,53.01,-2.84,-5.3575,2.6674,1787127,92516746.0,13395390000.0,3361390000.0
2016-01-20,'603883,老百姓,53.01,53.55,51.4,52.84,53.45,-0.44,-0.8232,3.8731,2594984,136649210.0,14153670000.0,3551670000.0
2016-01-19,'603883,老百姓,53.45,53.99,49.65,50.51,50.51,2.94,5.8206,5.7226,3834124,200335524.0,14271150000.0,3581150000.0
2016-01-18,'603883,老百姓,50.51,51.49,46.5,47.6,48.41,2.1,4.3379,4.5182,3027163,150231875.0,13486170000.0,3384170000.0
2016-01-15,'603883,老百姓,48.41,51.1,47.8,50.82,51.54,-3.13,-6.073,4.0147,2689874,132968160.0,12925470000.0,3243470000.0
2016-01-14,'603883,老百姓,51.54,52.5,47.8,48.8,50.53,1.01,1.9988,6.0107,4027156,202358278.0,13761180000.0,3453180000.0
2016-01-13,'603883,老百姓,50.53,54.12,50.5,53.9,53.16,-2.63,-4.9473,3.5612,2386037,125976003.0,13491510000.0,3385510000.0
2016-01-12,'603883,老百姓,53.16,54.0,50.9,52.2,51.83,1.33,2.5661,4.5675,3060218,161966252.0,14193720000.0,3561720000.0
2016-01-11,'603883,老百姓,51.83,57.76,51.83,55.85,57.59,-5.76,-10.0017,5.8508,3920052,213818495.0,13838610000.0,3472610000.0
2016-01-08,'603883,老百姓,57.59,59.5,53.01,57.21,56.89,0.7,1.2304,5.9957,4017128,230908320.0,15376530000.0,3858530000.0
2016-01-07,'603883,老百姓,56.89,61.62,56.89,61.62,63.21,-6.32,-9.9984,1.2557,841320,49447233.0,15189630000.0,3811630000.0
2016-01-06,'603883,老百姓,63.21,63.98,58.81,61.88,60.0,3.21,5.35,5.781,3873298,236444981.0,16877070000.0,4235070000.0
2016-01-05,'603883,老百姓,60.0,63.0,57.5,60.04,63.87,-3.87,-6.0592,6.5959,4419249,268660381.0,16020000000.0,4020000000.0
2016-01-04,'603883,老百姓,63.87,70.7,63.87,70.7,70.97,-7.1,-10.0042,6.8946,4619393,302860778.0,17053290000.0,4279290000.0
2015-12-31,'603883,老百姓,70.97,75.0,70.79,74.49,73.39,-2.42,-3.2975,6.7222,4503875,330169159.0,18948990000.0,4754990000.0
2015-12-30,'603883,老百姓,73.39,73.8,72.25,73.0,73.62,-0.23,-0.3124,5.8768,3937460,287053877.0,19595130000.0,4917130000.0
2015-12-29,'603883,老百姓,73.62,74.0,71.15,72.01,72.42,1.2,1.657,8.5772,5746753,418993778.0,19656540000.0,4932540000.0
2015-12-28,'603883,老百姓,72.42,75.52,72.07,72.07,71.1,1.32,1.8565,13.7275,9197408,677704559.0,19336140000.0,4852140000.0
2015-12-25,'603883,老百姓,71.1,73.0,70.03,71.2,70.62,0.48,0.6797,7.8366,5250497,377784784.0,18983700000.0,4763700000.0
2015-12-24,'603883,老百姓,70.62,70.99,67.58,68.21,68.66,1.96,2.8546,6.819,4568743,318085233.0,18855540000.0,4731540000.0
2015-12-23,'603883,老百姓,68.66,70.28,68.52,69.39,69.58,-0.92,-1.3222,4.7896,3209044,222773956.0,18332220000.0,4600220000.0
2015-12-22,'603883,老百姓,69.58,70.3,69.15,69.3,69.8,-0.22,-0.3152,4.3694,2927529,203796200.0,18577860000.0,4661860000.0
2015-12-21,'603883,老百姓,69.8,70.42,69.25,70.42,70.66,-0.86,-1.2171,4.2875,2872647,200259456.0,18636600000.0,4676600000.0
2015-12-18,'603883,老百姓,70.66,73.0,70.0,72.2,73.16,-2.5,-3.4172,7.7187,5171525,369095582.0,18866220000.0,4734220000.0
2015-12-17,'603883,老百姓,73.16,73.5,69.6,69.6,69.58,3.58,5.1452,11.7221,7853824,564093471.0,19533720000.0,4901720000.0
2015-12-16,'603883,老百姓,69.58,70.7,68.38,69.0,68.92,0.66,0.9576,6.5063,4359237,302794861.0,18577860000.0,4661860000.0
2015-12-15,'603883,老百姓,68.92,70.31,68.71,69.98,69.25,-0.33,-0.4765,5.6817,3806708,264818861.0,18401640000.0,4617640000.0
2015-12-14,'603883,老百姓,69.25,69.8,67.13,67.95,68.91,0.34,0.4934,4.9211,3297158,225133929.0,18489750000.0,4639750000.0
2015-12-11,'603883,老百姓,68.91,70.5,67.0,68.0,67.81,1.1,1.6222,7.1908,4817838,331738622.0,18398970000.0,4616970000.0
2015-12-10,'603883,老百姓,67.81,69.31,67.56,69.31,69.47,-1.66,-2.3895,5.6855,3809283,261137453.0,18105270000.0,4543270000.0
2015-12-09,'603883,老百姓,69.47,70.5,67.55,69.04,69.02,0.45,0.652,7.8901,5286365,364335314.0,18548490000.0,4654490000.0
2015-12-08,'603883,老百姓,69.02,71.05,68.7,71.01,71.79,-2.77,-3.8585,9.6273,6450272,448073663.0,18428340000.0,4624340000.0
2015-12-07,'603883,老百姓,71.79,73.97,71.18,73.61,73.0,-1.21,-1.6575,8.5818,5749781,415439457.0,19167930000.0,4809930000.0
2015-12-04,'603883,老百姓,73.0,75.85,72.36,73.38,73.26,-0.26,-0.3549,10.0968,6764861,499846729.0,19491000000.0,4891000000.0
2015-12-03,'603883,老百姓,73.26,73.4,71.02,72.1,72.56,0.7,0.9647,9.4059,6301970,457152536.0,19560420000.0,4908420000.0
2015-12-02,'603883,老百姓,72.56,73.68,68.7,72.02,71.57,0.99,1.3833,10.8041,7238722,518830003.0,19373520000.0,4861520000.0
2015-12-01,'603883,老百姓,71.57,76.46,69.88,74.51,75.88,-4.31,-5.68,11.4635,7680515,563623075.0,19109190000.0,4795190000.0
2015-11-30,'603883,老百姓,75.88,77.0,70.2,74.11,75.35,0.53,0.7034,14.8726,9964618,739700500.0,20259960000.0,5083960000.0
2015-11-27,'603883,老百姓,75.35,80.0,74.0,77.88,81.27,-5.92,-7.2844,19.006,12734046,983751891.0,20118450000.0,5048450000.0
2015-11-26,'603883,老百姓,81.27,81.27,76.19,76.46,73.88,7.39,10.0027,31.5407,21132287,1671324893.0,21699090000.0,5445090000.0
2015-11-25,'603883,老百姓,73.88,73.88,71.0,73.85,67.16,6.72,10.006,14.7042,9851781,722086060.0,19725960000.0,4949960000.0
2015-11-24,'603883,老百姓,67.16,67.16,66.85,67.16,61.05,6.11,10.0082,15.1471,10148526,681539168.0,17931720000.0,4499720000.0
2015-11-23,'603883,老百姓,61.05,61.05,61.05,61.05,55.5,5.55,10.0,0.1054,70600,4310130.0,16300350000.0,4090350000.0
2015-11-20,'603883,老百姓,55.5,55.5,55.5,55.5,50.45,5.05,10.0099,0.1709,114491,6354251.0,14818500000.0,3718500000.0
2015-11-19,'603883,老百姓,0.0,0.0,0.0,0.0,50.45,None,None,0.0,0,0.0,13470150000.0,3380150000.0
2015-11-18,'603883,老百姓,0.0,0.0,0.0,0.0,50.45,None,None,0.0,0,0.0,13470150000.0,3380150000.0
2015-11-17,'603883,老百姓,0.0,0.0,0.0,0.0,50.45,None,None,0.0,0,0.0,13470150000.0,3380150000.0
2015-11-16,'603883,老百姓,0.0,0.0,0.0,0.0,50.45,None,None,0.0,0,0.0,13470150000.0,3380150000.0
2015-11-13,'603883,老百姓,0.0,0.0,0.0,0.0,50.45,None,None,0.0,0,0.0,13470150000.0,3380150000.0
2015-11-12,'603883,老百姓,0.0,0.0,0.0,0.0,50.45,None,None,0.0,0,0.0,13470150000.0,3380150000.0
2015-11-11,'603883,老百姓,0.0,0.0,0.0,0.0,50.45,None,None,0.0,0,0.0,13470150000.0,3380150000.0
2015-11-10,'603883,老百姓,0.0,0.0,0.0,0.0,50.45,None,None,0.0,0,0.0,13470150000.0,3380150000.0
2015-11-09,'603883,老百姓,0.0,0.0,0.0,0.0,50.45,None,None,0.0,0,0.0,13470150000.0,3380150000.0
2015-11-06,'603883,老百姓,0.0,0.0,0.0,0.0,50.45,None,None,0.0,0,0.0,13470150000.0,3380150000.0
2015-11-05,'603883,老百姓,0.0,0.0,0.0,0.0,50.45,None,None,0.0,0,0.0,13470150000.0,3380150000.0
2015-11-04,'603883,老百姓,0.0,0.0,0.0,0.0,50.45,None,None,0.0,0,0.0,13470150000.0,3380150000.0
2015-11-03,'603883,老百姓,0.0,0.0,0.0,0.0,50.45,None,None,0.0,0,0.0,13470150000.0,3380150000.0
2015-11-02,'603883,老百姓,0.0,0.0,0.0,0.0,50.45,None,None,0.0,0,0.0,13470150000.0,3380150000.0
2015-10-30,'603883,老百姓,0.0,0.0,0.0,0.0,50.45,None,None,0.0,0,0.0,13470150000.0,3380150000.0
2015-10-29,'603883,老百姓,0.0,0.0,0.0,0.0,50.45,None,None,0.0,0,0.0,13470150000.0,3380150000.0
2015-10-28,'603883,老百姓,0.0,0.0,0.0,0.0,50.45,None,None,0.0,0,0.0,13470150000.0,3380150000.0
2015-10-27,'603883,老百姓,0.0,0.0,0.0,0.0,50.45,None,None,0.0,0,0.0,13470150000.0,3380150000.0
2015-10-26,'603883,老百姓,0.0,0.0,0.0,0.0,50.45,None,None,0.0,0,0.0,13470150000.0,3380150000.0
2015-10-23,'603883,老百姓,0.0,0.0,0.0,0.0,50.45,None,None,0.0,0,0.0,13470150000.0,3380150000.0
2015-10-22,'603883,老百姓,0.0,0.0,0.0,0.0,50.45,None,None,0.0,0,0.0,13470150000.0,3380150000.0
2015-10-21,'603883,老百姓,0.0,0.0,0.0,0.0,50.45,None,None,0.0,0,0.0,13470150000.0,3380150000.0
2015-10-20,'603883,老百姓,0.0,0.0,0.0,0.0,50.45,None,None,0.0,0,0.0,13470150000.0,3380150000.0
2015-10-19,'603883,老百姓,0.0,0.0,0.0,0.0,50.45,None,None,0.0,0,0.0,13470150000.0,3380150000.0
2015-10-16,'603883,老百姓,0.0,0.0,0.0,0.0,50.45,None,None,0.0,0,0.0,13470150000.0,3380150000.0
2015-10-15,'603883,老百姓,0.0,0.0,0.0,0.0,50.45,None,None,0.0,0,0.0,13470150000.0,3380150000.0
2015-10-14,'603883,老百姓,0.0,0.0,0.0,0.0,50.45,None,None,0.0,0,0.0,13470150000.0,3380150000.0
2015-10-13,'603883,老百姓,0.0,0.0,0.0,0.0,50.45,None,None,0.0,0,0.0,13470150000.0,3380150000.0
2015-10-12,'603883,老百姓,0.0,0.0,0.0,0.0,50.45,None,None,0.0,0,0.0,13470150000.0,3380150000.0
2015-10-09,'603883,老百姓,0.0,0.0,0.0,0.0,50.45,None,None,0.0,0,0.0,13470150000.0,3380150000.0
2015-10-08,'603883,老百姓,0.0,0.0,0.0,0.0,50.45,None,None,0.0,0,0.0,13470150000.0,3380150000.0
2015-09-30,'603883,老百姓,0.0,0.0,0.0,0.0,50.45,None,None,0.0,0,0.0,13470150000.0,3380150000.0
2015-09-29,'603883,老百姓,0.0,0.0,0.0,0.0,50.45,None,None,0.0,0,0.0,13470150000.0,3380150000.0
2015-09-28,'603883,老百姓,0.0,0.0,0.0,0.0,50.45,None,None,0.0,0,0.0,13470150000.0,3380150000.0
2015-09-25,'603883,老百姓,0.0,0.0,0.0,0.0,50.45,None,None,0.0,0,0.0,13470150000.0,3380150000.0
2015-09-24,'603883,老百姓,0.0,0.0,0.0,0.0,50.45,None,None,0.0,0,0.0,13470150000.0,3380150000.0
2015-09-23,'603883,老百姓,0.0,0.0,0.0,0.0,50.45,None,None,0.0,0,0.0,13470150000.0,3380150000.0
2015-09-22,'603883,老百姓,0.0,0.0,0.0,0.0,50.45,None,None,0.0,0,0.0,13470150000.0,3380150000.0
2015-09-21,'603883,老百姓,0.0,0.0,0.0,0.0,50.45,None,None,0.0,0,0.0,13470150000.0,3380150000.0
2015-09-18,'603883,老百姓,0.0,0.0,0.0,0.0,50.45,None,None,0.0,0,0.0,13470150000.0,3380150000.0
2015-09-17,'603883,老百姓,0.0,0.0,0.0,0.0,50.45,None,None,0.0,0,0.0,13470150000.0,3380150000.0
2015-09-16,'603883,老百姓,0.0,0.0,0.0,0.0,50.45,None,None,0.0,0,0.0,13470150000.0,3380150000.0
2015-09-15,'603883,老百姓,0.0,0.0,0.0,0.0,50.45,None,None,0.0,0,0.0,13470150000.0,3380150000.0
2015-09-14,'603883,老百姓,0.0,0.0,0.0,0.0,50.45,None,None,0.0,0,0.0,13470150000.0,3380150000.0
2015-09-11,'603883,老百姓,0.0,0.0,0.0,0.0,50.45,None,None,0.0,0,0.0,13470150000.0,3380150000.0
2015-09-10,'603883,老百姓,0.0,0.0,0.0,0.0,50.45,None,None,0.0,0,0.0,13470150000.0,3380150000.0
2015-09-09,'603883,老百姓,0.0,0.0,0.0,0.0,50.45,None,None,0.0,0,0.0,13470150000.0,3380150000.0
2015-09-08,'603883,老百姓,0.0,0.0,0.0,0.0,50.45,None,None,0.0,0,0.0,13470150000.0,3380150000.0
2015-09-07,'603883,老百姓,0.0,0.0,0.0,0.0,50.45,None,None,0.0,0,0.0,13470150000.0,3380150000.0
2015-09-02,'603883,老百姓,0.0,0.0,0.0,0.0,50.45,None,None,0.0,0,0.0,13470150000.0,3380150000.0
2015-09-01,'603883,老百姓,0.0,0.0,0.0,0.0,50.45,None,None,0.0,0,0.0,13470150000.0,3380150000.0
2015-08-31,'603883,老百姓,0.0,0.0,0.0,0.0,50.45,None,None,0.0,0,0.0,13470150000.0,3380150000.0
2015-08-28,'603883,老百姓,0.0,0.0,0.0,0.0,50.45,None,None,0.0,0,0.0,13470150000.0,3380150000.0
2015-08-27,'603883,老百姓,0.0,0.0,0.0,0.0,50.45,None,None,0.0,0,0.0,13470150000.0,3380150000.0
2015-08-26,'603883,老百姓,0.0,0.0,0.0,0.0,50.45,None,None,0.0,0,0.0,13470150000.0,3380150000.0
2015-08-25,'603883,老百姓,0.0,0.0,0.0,0.0,50.45,None,None,0.0,0,0.0,13470150000.0,3380150000.0
2015-08-24,'603883,老百姓,0.0,0.0,0.0,0.0,50.45,None,None,0.0,0,0.0,13470150000.0,3380150000.0
2015-08-21,'603883,老百姓,50.45,53.19,49.5,52.45,52.4,-1.95,-3.7214,4.531,3035763,155777051.0,13470150000.0,3380150000.0
2015-08-20,'603883,老百姓,52.4,54.0,52.11,54.0,54.49,-2.09,-3.8356,3.6625,2453895,129894160.0,13990800000.0,3510800000.0
2015-08-19,'603883,老百姓,54.49,55.0,50.52,51.5,52.9,1.59,3.0057,5.7354,3842717,202606015.0,14548830000.0,3650830000.0
2015-08-18,'603883,老百姓,52.9,58.16,52.01,57.79,57.71,-4.81,-8.3348,6.1898,4147199,230860338.0,14124300000.0,3544300000.0
2015-08-17,'603883,老百姓,57.71,58.88,55.84,58.43,58.39,-0.68,-1.1646,4.7772,3200713,184015380.0,15408570000.0,3866570000.0
2015-08-14,'603883,老百姓,58.39,60.5,57.89,59.1,59.1,-0.71,-1.2014,4.9676,3328311,197147537.0,15590130000.0,3912130000.0
2015-08-13,'603883,老百姓,59.1,59.78,56.66,58.0,58.19,0.91,1.5638,5.3438,3580368,210814063.0,15779700000.0,3959700000.0
2015-08-12,'603883,老百姓,58.19,61.48,57.95,61.22,62.88,-4.69,-7.4587,9.3386,6256849,372635015.0,15536730000.0,3898730000.0
2015-08-11,'603883,老百姓,62.88,66.41,60.6,60.6,60.37,2.51,4.1577,14.113,9455715,607530168.0,16788960000.0,4212960000.0
2015-08-10,'603883,老百姓,60.37,61.99,57.65,58.9,57.92,2.45,4.23,10.5246,7051477,419184867.0,16118790000.0,4044790000.0
2015-08-07,'603883,老百姓,57.92,57.92,53.45,53.7,52.65,5.27,10.0095,9.1553,6134074,349521318.0,15464640000.0,3880640000.0
2015-08-06,'603883,老百姓,52.65,53.26,51.8,52.0,53.67,-1.02,-1.9005,2.9803,1996803,105240409.0,14057550000.0,3527550000.0
2015-08-05,'603883,老百姓,53.67,55.48,52.8,54.31,54.9,-1.23,-2.2404,6.6047,4425136,239397842.0,14329890000.0,3595890000.0
2015-08-04,'603883,老百姓,54.9,54.91,49.94,50.78,49.92,4.98,9.976,7.0215,4704427,246350124.0,14658300000.0,3678300000.0
2015-08-03,'603883,老百姓,49.92,54.8,49.57,54.0,55.08,-5.16,-9.3682,8.6105,5769067,295759191.0,13328640000.0,3344640000.0
2015-07-31,'603883,老百姓,55.08,57.98,53.88,55.51,56.77,-1.69,-2.9769,3.4336,2300540,127983991.0,14706360000.0,3690360000.0
2015-07-30,'603883,老百姓,56.77,60.5,56.16,58.1,59.2,-2.43,-4.1047,4.757,3187190,187730669.0,15157590000.0,3803590000.0
2015-07-29,'603883,老百姓,59.2,59.69,53.3,56.77,55.7,3.5,6.2837,5.2812,3538414,197342188.0,15806400000.0,3966400000.0
2015-07-28,'603883,老百姓,55.7,60.5,54.89,57.0,60.99,-5.29,-8.6736,8.3647,5604358,317688026.0,14871900000.0,3731900000.0
2015-07-27,'603883,老百姓,60.99,67.2,60.87,65.2,67.63,-6.64,-9.8181,6.5966,4419703,283374914.0,16284330000.0,4086330000.0
2015-07-24,'603883,老百姓,67.63,70.5,66.52,68.8,68.96,-1.33,-1.9287,9.2001,6164100,424456925.0,18057210000.0,4531210000.0
2015-07-23,'603883,老百姓,68.96,70.2,63.0,65.2,64.89,4.07,6.2722,10.8728,7284791,489412136.0,18412320000.0,4620320000.0
2015-07-22,'603883,老百姓,64.89,65.5,62.5,63.6,64.29,0.6,0.9333,4.7174,3160634,203699879.0,17325630000.0,4347630000.0
2015-07-21,'603883,老百姓,64.29,66.0,61.7,62.78,63.89,0.4,0.6261,4.5238,3030960,194114551.0,17165430000.0,4307430000.0
2015-07-20,'603883,老百姓,63.89,66.58,62.0,64.79,65.28,-1.39,-2.1293,6.0216,4034441,260152328.0,17058630000.0,4280630000.0
2015-07-17,'603883,老百姓,65.28,66.56,61.2,63.0,61.72,3.56,5.768,7.2729,4872850,310241571.0,17429760000.0,4373760000.0
2015-07-16,'603883,老百姓,61.72,63.97,53.99,54.5,59.81,1.91,3.1934,5.8993,3952535,238578130.0,16479240000.0,4135240000.0
2015-07-15,'603883,老百姓,59.81,65.8,59.81,65.8,66.46,-6.65,-10.006,7.4215,4972426,304444754.0,15969270000.0,4007270000.0
2015-07-14,'603883,老百姓,66.46,66.46,60.43,62.0,60.42,6.04,9.9967,13.1016,8778056,572194202.0,17744820000.0,4452820000.0
2015-07-13,'603883,老百姓,60.42,60.42,57.05,60.42,54.93,5.49,9.9945,6.5451,4385210,263437870.0,16132140000.0,4048140000.0
2015-07-10,'603883,老百姓,54.93,54.93,52.5,52.9,49.94,4.99,9.992,3.2806,2197979,119115024.0,14666310000.0,3680310000.0
2015-07-09,'603883,老百姓,49.94,49.94,40.86,40.86,45.4,4.54,10.0,12.4604,8348469,390774403.0,13333980000.0,3345980000.0
2015-07-08,'603883,老百姓,45.4,45.4,45.4,45.4,50.44,-5.04,-9.9921,3.4209,2292000,104056800.0,12121800000.0,3041800000.0
2015-07-07,'603883,老百姓,50.44,55.85,50.44,52.51,56.04,-5.6,-9.9929,5.2078,3489230,180335204.0,13467480000.0,3379480000.0
2015-07-06,'603883,老百姓,56.04,64.71,53.5,64.71,58.83,-2.79,-4.7425,8.8285,5915073,356305991.0,14962680000.0,3754680000.0
2015-07-03,'603883,老百姓,58.83,66.04,56.25,60.72,62.5,-3.67,-5.872,8.5413,5722698,342332170.0,15707610000.0,3941610000.0
2015-07-02,'603883,老百姓,62.5,70.28,61.61,68.1,68.45,-5.95,-8.6925,7.8571,5264289,338019568.0,16687500000.0,4187500000.0
2015-07-01,'603883,老百姓,68.45,77.16,68.11,70.0,73.19,-4.74,-6.4763,9.3905,6291603,459724269.0,18276150000.0,4586150000.0
2015-06-30,'603883,老百姓,73.19,73.26,60.04,62.88,66.71,6.48,9.7137,14.7674,9894156,634567481.0,19541730000.0,4903730000.0
2015-06-29,'603883,老百姓,66.71,77.0,66.71,77.0,74.12,-7.41,-9.9973,7.3449,4921105,340678549.0,17811570000.0,4469570000.0
2015-06-26,'603883,老百姓,74.12,80.97,74.12,79.42,82.35,-8.23,-9.9939,8.1355,5450788,419056052.0,19790040000.0,4966040000.0
2015-06-25,'603883,老百姓,82.35,87.18,81.0,86.99,85.43,-3.08,-3.6053,10.1362,6791245,574063776.0,21987450000.0,5517450000.0
2015-06-24,'603883,老百姓,85.43,88.0,82.36,83.98,83.03,2.4,2.8905,11.1375,7462129,633568188.0,22809810000.0,5723810000.0
2015-06-23,'603883,老百姓,83.03,84.09,76.72,77.05,76.72,6.31,8.2247,13.5503,9078677,735616522.0,22169010000.0,5563010000.0
2015-06-19,'603883,老百姓,76.72,80.29,75.0,75.36,79.12,-2.4,-3.0334,7.1626,4798931,374268066.0,20484240000.0,5140240000.0
2015-06-18,'603883,老百姓,79.12,85.0,77.21,81.59,82.01,-2.89,-3.524,8.9964,6027584,495645440.0,21125040000.0,5301040000.0
2015-06-17,'603883,老百姓,82.01,83.0,77.02,78.6,78.15,3.86,4.9392,7.6432,5120938,408178806.0,21896670000.0,5494670000.0
2015-06-16,'603883,老百姓,78.15,80.92,75.1,77.01,79.21,-1.06,-1.3382,8.0842,5416441,422089720.0,20866050000.0,5236050000.0
2015-06-15,'603883,老百姓,79.21,84.88,78.08,84.88,86.19,-6.98,-8.0984,10.4171,6979489,567286653.0,21149070000.0,5307070000.0
2015-06-12,'603883,老百姓,86.19,89.49,83.01,88.0,88.71,-2.52,-2.8407,13.6639,9154817,786579833.0,23012730000.0,5774730000.0
2015-06-11,'603883,老百姓,88.71,90.79,84.25,84.25,86.17,2.54,2.9477,14.1691,9493276,835979638.0,23685570000.0,5943570000.0
2015-06-10,'603883,老百姓,86.17,88.0,81.0,82.4,83.29,2.88,3.4578,12.7329,8531061,731550857.0,23007390000.0,5773390000.0
2015-06-09,'603883,老百姓,83.29,84.89,80.02,80.02,78.93,4.36,5.5239,12.4721,8356303,692860461.0,22238430000.0,5580430000.0
2015-06-08,'603883,老百姓,78.93,86.36,77.38,85.65,85.65,-6.72,-7.8459,17.4446,11687911,937903731.0,21074310000.0,5288310000.0
2015-06-05,'603883,老百姓,85.65,90.5,85.0,88.18,87.9,-2.25,-2.5597,14.0657,9424043,822425044.0,22868550000.0,5738550000.0
2015-06-04,'603883,老百姓,87.9,95.0,85.57,95.0,95.08,-7.18,-7.5515,15.0804,10103838,894083012.0,23469300000.0,5889300000.0
2015-06-03,'603883,老百姓,95.08,96.81,89.1,93.1,91.71,3.37,3.6746,19.3809,12985186,1216735741.0,25386360000.0,6370360000.0
2015-06-02,'603883,老百姓,91.71,92.19,86.4,89.84,90.75,0.96,1.0579,19.4242,13014232,1163131588.0,24486570000.0,6144570000.0
2015-06-01,'603883,老百姓,90.75,95.93,89.0,95.93,97.22,-6.47,-6.655,25.6578,17190715,1569231616.0,24230250000.0,6080250000.0
2015-05-29,'603883,老百姓,97.22,110.0,94.9,94.9,105.44,-8.22,-7.7959,36.584,24511262,2419441844.0,25957740000.0,6513740000.0
2015-05-28,'603883,老百姓,105.44,120.79,98.85,118.99,109.81,-4.37,-3.9796,37.1058,24860871,2943807261.0,28152480000.0,7064480000.0
2015-05-27,'603883,老百姓,109.81,109.81,98.01,99.3,99.83,9.98,9.997,22.2463,14905015,1563486721.0,29319270000.0,7357270000.0
2015-05-26,'603883,老百姓,99.83,102.0,95.0,95.9,98.36,1.47,1.4945,27.4861,18415697,1834063772.0,26654610000.0,6688610000.0
2015-05-25,'603883,老百姓,98.36,105.01,91.0,96.57,96.57,1.79,1.8536,32.8159,21986669,2172843745.0,26262120000.0,6590120000.0
2015-05-22,'603883,老百姓,96.57,96.57,86.1,88.8,87.79,8.78,10.0011,33.0449,22140108,2039390086.0,25784190000.0,6470190000.0
2015-05-21,'603883,老百姓,87.79,90.21,86.0,87.91,90.61,-2.82,-3.1122,25.5892,17144751,1496401733.0,23439930000.0,5881930000.0
2015-05-20,'603883,老百姓,90.61,97.9,88.0,90.0,93.47,-2.86,-3.0598,24.2732,16263013,1499294271.0,24192870000.0,6070870000.0
2015-05-19,'603883,老百姓,93.47,106.4,92.98,100.11,96.77,-3.3,-3.4101,33.4768,22429448,2201765935.0,24956490000.0,6262490000.0
2015-05-18,'603883,老百姓,96.77,96.77,81.68,84.0,87.97,8.8,10.0034,34.3878,23039800,2112334181.0,25837590000.0,6483590000.0
2015-05-15,'603883,老百姓,87.97,95.02,79.0,94.0,86.38,1.59,1.8407,41.337,27695801,2481075145.0,23487990000.0,5893990000.0
2015-05-14,'603883,老百姓,86.38,86.38,83.0,84.5,78.53,7.85,9.9962,9.8909,6626878,567468452.0,23063460000.0,5787460000.0
2015-05-13,'603883,老百姓,78.53,78.53,73.0,75.0,71.39,7.14,10.0014,16.7885,11248313,865421568.0,20967510000.0,5261510000.0
2015-05-12,'603883,老百姓,71.39,71.39,66.0,67.0,64.9,6.49,10.0,22.8169,15287324,1062843757.0,19061130000.0,4783130000.0
2015-05-11,'603883,老百姓,64.9,64.9,59.01,59.01,59.0,5.9,10.0,29.6795,19885253,1236222039.0,17328300000.0,4348300000.0
2015-05-08,'603883,老百姓,59.0,61.18,55.75,58.0,55.74,3.26,5.8486,42.4551,28444936,1666769358.0,15753000000.0,3953000000.0
2015-05-07,'603883,老百姓,55.74,55.74,49.15,50.0,50.67,5.07,10.0059,33.4024,22379580,1184652413.0,14882580000.0,3734580000.0
2015-05-06,'603883,老百姓,50.67,50.67,49.0,50.67,46.06,4.61,10.0087,23.3039,15613625,787552039.0,13528890000.0,3394890000.0
2015-05-05,'603883,老百姓,46.06,46.06,46.06,46.06,41.87,4.19,10.0072,0.621,416100,19165566.0,12298020000.0,3086020000.0
2015-05-04,'603883,老百姓,41.87,41.87,41.87,41.87,38.06,3.81,10.0105,0.2819,188900,7909243.0,11179290000.0,2805290000.0
2015-04-30,'603883,老百姓,38.06,38.06,38.06,38.06,34.6,3.46,10.0,0.1616,108299,4121860.0,10162020000.0,2550020000.0
2015-04-29,'603883,老百姓,34.6,34.6,34.6,34.6,31.45,3.15,10.0159,0.1037,69499,2404665.0,9238200000.0,2318200000.0
2015-04-28,'603883,老百姓,31.45,31.45,31.45,31.45,28.59,2.86,10.0035,0.0601,40300,1267435.0,8397150000.0,2107150000.0
2015-04-27,'603883,老百姓,28.59,28.59,28.59,28.59,25.99,2.6,10.0038,0.0187,12500,357375.0,7633530000.0,1915530000.0
2015-04-24,'603883,老百姓,25.99,25.99,25.99,25.99,23.63,2.36,9.9873,0.0276,18500,480815.0,6939330000.0,1741330000.0
2015-04-23,'603883,N老百姓,23.63,23.63,19.69,19.69,16.41,7.22,43.9976,0.076,50900,1198827.0,6309210000.0,1583210000.0
