日期,股票代码,名称,收盘价,最高价,最低价,开盘价,前收盘,涨跌额,涨跌幅,换手率,成交量,成交金额,总市值,流通市值
2017-05-15,'603818,曲美家居,16.22,16.42,16.2,16.2,16.31,-0.09,-0.5518,0.794,1045021,17017120.0,7852426400.0,2134681760.0
2017-05-12,'603818,曲美家居,16.31,16.59,16.0,16.44,16.64,-0.33,-1.9832,2.0966,2759238,44817165.0,7895997200.0,2146526480.0
2017-05-11,'603818,曲美家居,16.64,16.75,16.3,16.75,16.72,-0.08,-0.4785,0.895,1177899,19422073.0,8055756800.0,2189957120.0
2017-05-10,'603818,曲美家居,16.72,16.93,16.56,16.81,16.8,-0.08,-0.4762,1.0663,1403400,23580687.0,8094486400.0,2200485760.0
2017-05-09,'603818,曲美家居,16.8,16.94,16.28,16.59,16.82,-0.02,-0.1189,1.2173,1602117,26610085.0,8133216000.0,2211014400.0
2017-05-08,'603818,曲美家居,16.82,17.27,16.11,17.01,17.16,-0.34,-1.9814,3.4942,4598698,76253705.0,8142898400.0,2213646560.0
2017-05-05,'603818,曲美家居,17.16,17.74,17.07,17.69,17.68,-0.52,-2.9412,1.1611,1528100,26668214.0,8307499200.0,2258393280.0
2017-05-04,'603818,曲美家居,17.68,17.8,17.45,17.64,17.68,0.0,0.0,1.5407,2027650,35634863.0,8559241600.0,2326829440.0
2017-05-03,'603818,曲美家居,17.68,17.85,17.42,17.6,17.88,-0.2,-1.1186,2.0613,2712869,48026489.0,8559241600.0,2326829440.0
2017-05-02,'603818,曲美家居,17.88,17.9,17.15,17.7,17.8,0.08,0.4494,2.6313,3463037,60481771.0,8656065600.0,2353151040.0
2017-04-28,'603818,曲美家居,17.8,18.1,17.6,17.8,18.05,-0.25,-1.385,2.0978,2760899,49339148.0,8617336000.0,2342622400.0
2017-04-27,'603818,曲美家居,18.05,18.1,17.23,17.6,17.87,0.18,1.0073,2.5674,3378910,59869979.0,8738366000.0,2375524400.0
2017-04-26,'603818,曲美家居,17.87,18.15,17.43,17.65,17.4,0.47,2.7011,5.0882,6696514,119672277.0,8651224400.0,2351834960.0
2017-04-25,'603818,曲美家居,17.4,17.52,16.5,16.6,16.61,0.79,4.7562,3.1326,4122799,70898653.0,8423688000.0,2289979200.0
2017-04-24,'603818,曲美家居,16.61,16.86,16.1,16.86,16.69,-0.08,-0.4793,1.591,2093851,34642000.0,8041233200.0,2186008880.0
2017-04-21,'603818,曲美家居,16.69,16.85,16.52,16.62,16.62,0.07,0.4212,0.8836,1162887,19405182.0,8079962800.0,2196537520.0
2017-04-20,'603818,曲美家居,16.62,16.63,16.34,16.42,16.42,0.2,1.218,1.3513,1778363,29306666.0,8046074400.0,2187324960.0
2017-04-19,'603818,曲美家居,16.42,16.5,16.03,16.05,16.26,0.16,0.984,2.233,2938843,47904503.0,7949250400.0,2161003360.0
2017-04-18,'603818,曲美家居,16.26,16.65,16.03,16.16,16.16,0.1,0.6188,2.1077,2773848,45246897.0,7871791200.0,2139946080.0
2017-04-17,'603818,曲美家居,16.16,16.78,15.8,16.6,16.61,-0.45,-2.7092,1.7883,2353492,37903078.0,7823379200.0,2126785280.0
2017-04-14,'603818,曲美家居,16.61,17.1,16.41,16.58,16.51,0.1,0.6057,1.9292,2539006,42568744.0,8041233200.0,2186008880.0
2017-04-13,'603818,曲美家居,16.51,16.8,16.31,16.44,16.44,0.07,0.4258,1.2301,1618845,26788877.0,7992821200.0,2172848080.0
2017-04-12,'603818,曲美家居,16.44,16.67,16.2,16.53,16.75,-0.31,-1.8507,1.971,2594009,42536796.0,7958932800.0,2163635520.0
2017-04-11,'603818,曲美家居,16.75,16.99,16.5,16.96,17.13,-0.38,-2.2183,2.4917,3279237,54785023.0,8109010000.0,2204434000.0
2017-04-10,'603818,曲美家居,17.13,17.3,16.71,16.9,16.96,0.17,1.0024,2.1931,2886342,49140066.0,8292975600.0,2254445040.0
2017-04-07,'603818,曲美家居,16.96,17.3,16.91,17.3,17.31,-0.35,-2.022,1.5246,2006447,34272860.0,8210675200.0,2232071680.0
2017-04-06,'603818,曲美家居,17.31,17.55,17.21,17.33,17.32,-0.01,-0.0577,1.5233,2004818,34765654.0,8380117200.0,2278134480.0
2017-04-05,'603818,曲美家居,17.32,17.38,16.8,17.0,16.69,0.63,3.7747,2.0226,2661931,45598705.0,8384958400.0,2279450560.0
2017-03-31,'603818,曲美家居,16.69,17.1,16.51,16.9,16.9,-0.21,-1.2426,2.7892,3670799,61630892.0,8079962800.0,2196537520.0
2017-03-30,'603818,曲美家居,16.9,17.2,16.79,17.2,17.46,-0.56,-3.2073,2.7078,3563718,60616788.0,8181628000.0,2224175200.0
2017-03-29,'603818,曲美家居,17.46,18.1,17.1,17.87,17.87,-0.41,-2.2943,4.7473,6247802,109772269.0,8452735200.0,2297875680.0
2017-03-28,'603818,曲美家居,17.87,17.94,17.41,17.6,17.69,0.18,1.0175,2.2298,2934631,51927720.0,8651224400.0,2351834960.0
2017-03-27,'603818,曲美家居,17.69,18.15,17.63,17.73,17.89,-0.2,-1.1179,1.799,2367611,42161114.0,8564082800.0,2328145520.0
2017-03-24,'603818,曲美家居,17.89,18.28,17.65,17.83,17.97,-0.08,-0.4452,3.0241,3980018,71497038.0,8660906800.0,2354467120.0
2017-03-23,'603818,曲美家居,17.97,18.38,17.1,17.1,17.21,0.76,4.416,5.7215,7529927,134574970.0,8699636400.0,2364995760.0
2017-03-22,'603818,曲美家居,17.21,17.38,17.02,17.35,17.44,-0.23,-1.3188,2.4956,3284442,56321551.0,8331705200.0,2264973680.0
2017-03-21,'603818,曲美家居,17.44,17.45,17.0,17.17,17.18,0.26,1.5134,2.0025,2635405,45533083.0,8443052800.0,2295243520.0
2017-03-20,'603818,曲美家居,17.18,17.2,16.93,17.11,17.1,0.08,0.4678,1.8005,2369601,40380925.0,8317181600.0,2261025440.0
2017-03-17,'603818,曲美家居,17.1,17.7,17.03,17.58,17.58,-0.48,-2.7304,2.5798,3395236,58864040.0,8278452000.0,2250496800.0
2017-03-16,'603818,曲美家居,17.58,17.81,17.51,17.75,17.65,-0.07,-0.3966,1.6533,2175895,38337388.0,8510829600.0,2313668640.0
2017-03-15,'603818,曲美家居,17.65,17.77,17.46,17.55,17.55,0.1,0.5698,1.926,2534763,44657379.0,8544718000.0,2322881200.0
2017-03-14,'603818,曲美家居,17.55,17.99,17.42,17.54,17.62,-0.07,-0.3973,3.1079,4090309,72431178.0,8496306000.0,2309720400.0
2017-03-13,'603818,曲美家居,17.62,17.98,17.1,17.45,17.5,0.12,0.6857,4.5673,6010918,105888044.0,8530194400.0,2318932960.0
2017-03-10,'603818,曲美家居,17.5,17.63,16.81,16.91,17.01,0.49,2.8807,4.28,5632881,97352513.0,8472100000.0,2303140000.0
2017-03-09,'603818,曲美家居,17.01,17.25,16.86,17.2,17.27,-0.26,-1.5055,2.2357,2942371,50152651.0,8234881200.0,2238652080.0
2017-03-08,'603818,曲美家居,17.27,17.45,16.95,17.11,17.11,0.16,0.9351,3.3684,4433060,76400911.0,8360752400.0,2272870160.0
2017-03-07,'603818,曲美家居,17.11,17.3,16.91,17.08,17.07,0.04,0.2343,3.6236,4769009,81365998.0,8283293200.0,2251812880.0
2017-03-06,'603818,曲美家居,17.07,17.3,16.01,16.15,16.1,0.97,6.0248,7.2786,9579188,161389495.0,8263928400.0,2246548560.0
2017-03-03,'603818,曲美家居,16.1,16.17,15.96,16.17,16.18,-0.08,-0.4944,1.5024,1977283,31712014.0,7794332000.0,2118888800.0
2017-03-02,'603818,曲美家居,16.18,16.35,16.01,16.28,16.25,-0.07,-0.4308,1.996,2626846,42412763.0,7833061600.0,2129417440.0
2017-03-01,'603818,曲美家居,16.25,16.42,16.19,16.42,16.35,-0.1,-0.6116,1.8916,2489507,40564518.0,7866950000.0,2138630000.0
2017-02-28,'603818,曲美家居,16.35,16.48,16.27,16.31,16.43,-0.08,-0.4869,1.746,2297821,37591153.0,7915362000.0,2151790800.0
2017-02-27,'603818,曲美家居,16.43,16.79,16.38,16.53,16.55,-0.12,-0.7251,3.17,4171938,69225622.0,7954091600.0,2162319440.0
2017-02-24,'603818,曲美家居,16.55,16.71,16.05,16.25,15.97,0.58,3.6318,5.2763,6944006,113825348.0,8012186000.0,2178112400.0
2017-02-23,'603818,曲美家居,15.97,16.13,15.79,16.05,16.13,-0.16,-0.9919,2.0179,2655653,42266741.0,7731396400.0,2101779760.0
2017-02-22,'603818,曲美家居,16.13,16.17,15.97,16.17,16.14,-0.01,-0.062,1.942,2555820,41000768.0,7808855600.0,2122837040.0
2017-02-21,'603818,曲美家居,16.14,16.16,15.7,15.87,15.81,0.33,2.0873,2.559,3367793,54069549.0,7813696800.0,2124153120.0
2017-02-20,'603818,曲美家居,15.81,15.96,15.65,15.9,15.95,-0.14,-0.8777,1.6022,2108575,33213783.0,7653937200.0,2080722480.0
2017-02-17,'603818,曲美家居,15.95,16.12,15.82,15.82,15.83,0.12,0.7581,1.469,1933350,30835782.0,7721714000.0,2099147600.0
2017-02-16,'603818,曲美家居,15.83,15.95,15.77,15.9,15.82,0.01,0.0632,0.7682,1010970,16035135.0,7663619600.0,2083354640.0
2017-02-15,'603818,曲美家居,15.82,16.01,15.78,15.91,15.9,-0.08,-0.5031,0.9415,1239143,19719076.0,7658778400.0,2082038560.0
2017-02-14,'603818,曲美家居,15.9,16.15,15.78,16.12,16.16,-0.26,-1.6089,1.5383,2024475,32263717.0,7697508000.0,2092567200.0
2017-02-13,'603818,曲美家居,16.16,16.18,15.93,16.09,16.1,0.06,0.3727,1.5448,2033123,32667984.0,7823379200.0,2126785280.0
2017-02-10,'603818,曲美家居,16.1,16.2,16.01,16.18,16.16,-0.06,-0.3713,0.8949,1177741,18935309.0,7794332000.0,2118888800.0
2017-02-09,'603818,曲美家居,16.16,16.26,16.1,16.17,16.14,0.02,0.1239,1.1804,1553515,25141992.0,7823379200.0,2126785280.0
2017-02-08,'603818,曲美家居,16.14,16.17,15.9,16.01,16.01,0.13,0.812,0.7849,1032950,16607792.0,7813696800.0,2124153120.0
2017-02-07,'603818,曲美家居,16.01,16.17,15.95,16.08,16.08,-0.07,-0.4353,0.886,1166077,18696553.0,7750761200.0,2107044080.0
2017-02-06,'603818,曲美家居,16.08,16.23,15.67,15.67,15.74,0.34,2.1601,1.8973,2497018,40026301.0,7784649600.0,2116256640.0
2017-02-03,'603818,曲美家居,15.74,15.86,15.6,15.7,15.69,0.05,0.3187,1.0049,1322518,20774109.0,7620048800.0,2071509920.0
2017-01-26,'603818,曲美家居,15.69,15.82,15.49,15.69,15.65,0.04,0.2556,1.2183,1603338,25035714.0,7595842800.0,2064929520.0
2017-01-25,'603818,曲美家居,15.65,15.7,15.35,15.57,15.54,0.11,0.7079,1.0919,1437012,22346784.0,7576478000.0,2059665200.0
2017-01-24,'603818,曲美家居,15.54,15.88,15.38,15.88,15.84,-0.3,-1.8939,1.2611,1659679,25899643.0,7523224800.0,2045188320.0
2017-01-23,'603818,曲美家居,15.84,15.88,15.6,15.6,15.6,0.24,1.5385,1.2521,1647810,26057412.0,7668460800.0,2084670720.0
2017-01-20,'603818,曲美家居,15.6,15.73,15.4,15.4,15.37,0.23,1.4964,1.3626,1793338,27958457.0,7552272000.0,2053084800.0
2017-01-19,'603818,曲美家居,15.37,15.8,15.26,15.8,15.69,-0.32,-2.0395,1.3883,1827173,28154687.0,7440924400.0,2022814960.0
2017-01-18,'603818,曲美家居,15.69,16.34,15.65,16.03,16.41,-0.72,-4.3876,1.9198,2526571,40173922.0,7595842800.0,2064929520.0
2017-01-17,'603818,曲美家居,16.41,16.53,15.42,16.53,16.55,-0.14,-0.8459,2.2649,2980754,47421630.0,7944409200.0,2159687280.0
2017-01-16,'603818,曲美家居,16.55,17.86,15.88,17.04,17.04,-0.49,-2.8756,2.8361,3732596,63128699.0,8012186000.0,2178112400.0
2017-01-13,'603818,曲美家居,17.04,17.64,17.0,17.53,17.52,-0.48,-2.7397,1.2228,1609351,27671402.0,8249404800.0,2242600320.0
2017-01-12,'603818,曲美家居,17.52,17.71,17.47,17.7,17.7,-0.18,-1.0169,0.6015,791614,13907597.0,8481782400.0,2305772160.0
2017-01-11,'603818,曲美家居,17.7,17.93,17.6,17.8,17.81,-0.11,-0.6176,0.6188,814432,14453431.0,8568924000.0,2329461600.0
2017-01-10,'603818,曲美家居,17.81,18.05,17.56,18.03,18.02,-0.21,-1.1654,1.4591,1920247,34152183.0,8622177200.0,2343938480.0
2017-01-09,'603818,曲美家居,18.02,18.03,17.56,17.76,17.75,0.27,1.5211,1.2455,1639124,29080551.0,8723842400.0,2371576160.0
2017-01-06,'603818,曲美家居,17.75,18.38,17.71,18.1,18.17,-0.42,-2.3115,1.2191,1604376,28950134.0,8593130000.0,2336042000.0
2017-01-05,'603818,曲美家居,18.17,18.48,18.0,18.0,17.99,0.18,1.0006,1.9125,2516990,45941947.0,8796460400.0,2391317360.0
2017-01-04,'603818,曲美家居,17.99,18.13,17.83,17.95,17.95,0.04,0.2228,1.8137,2387035,42963704.0,8709318800.0,2367627920.0
2017-01-03,'603818,曲美家居,17.95,18.0,17.45,17.45,17.45,0.5,2.8653,1.9412,2554769,45597063.0,8689954000.0,2362363600.0
2016-12-30,'603818,曲美家居,17.45,17.68,17.33,17.45,17.45,0.0,0.0,1.1082,1458509,25539313.0,8447894000.0,2296559600.0
2016-12-29,'603818,曲美家居,17.45,17.74,17.32,17.71,17.62,-0.17,-0.9648,1.1385,1498301,26241049.0,8447894000.0,2296559600.0
2016-12-28,'603818,曲美家居,17.62,17.86,17.51,17.86,17.76,-0.14,-0.7883,0.6993,920360,16247550.0,8530194400.0,2318932960.0
2016-12-27,'603818,曲美家居,17.76,17.92,17.65,17.7,17.7,0.06,0.339,0.778,1023928,18199353.0,8597971200.0,2337358080.0
2016-12-26,'603818,曲美家居,17.7,17.73,17.28,17.6,17.47,0.23,1.3165,0.9553,1257207,22053023.0,8568924000.0,2329461600.0
2016-12-23,'603818,曲美家居,17.47,17.76,17.4,17.52,17.65,-0.18,-1.0198,0.8313,1094003,19161204.0,8457576400.0,2299191760.0
2016-12-22,'603818,曲美家居,17.65,18.07,17.56,17.95,17.95,-0.3,-1.6713,1.2234,1610105,28576624.0,8544718000.0,2322881200.0
2016-12-21,'603818,曲美家居,17.95,18.19,17.78,17.93,17.97,-0.02,-0.1113,1.1159,1468662,26404379.0,8689954000.0,2362363600.0
2016-12-20,'603818,曲美家居,17.97,18.06,17.74,17.84,17.83,0.14,0.7852,1.0554,1389034,24911541.0,8699636400.0,2364995760.0
2016-12-19,'603818,曲美家居,17.83,18.15,17.67,17.67,17.67,0.16,0.9055,1.0171,1338566,23964413.0,8631859600.0,2346570640.0
2016-12-16,'603818,曲美家居,17.67,17.77,17.52,17.53,17.53,0.14,0.7986,0.8975,1181189,20869409.0,8554400400.0,2325513360.0
2016-12-15,'603818,曲美家居,17.53,17.9,17.3,17.35,17.48,0.05,0.286,1.0727,1411802,24919850.0,8486623600.0,2307088240.0
2016-12-14,'603818,曲美家居,17.48,17.85,17.15,17.5,17.42,0.06,0.3444,1.3384,1761451,30790482.0,8462417600.0,2300507840.0
2016-12-13,'603818,曲美家居,17.42,17.42,17.03,17.1,17.14,0.28,1.6336,1.3269,1746243,30173120.0,8433370400.0,2292611360.0
2016-12-12,'603818,曲美家居,17.14,18.28,17.0,18.07,18.08,-0.94,-5.1991,2.1397,2815995,49922667.0,8297816800.0,2255761120.0
2016-12-09,'603818,曲美家居,18.08,18.51,18.0,18.38,18.38,-0.3,-1.6322,2.0672,2720636,49584559.0,8752889600.0,2379472640.0
2016-12-08,'603818,曲美家居,18.38,18.73,18.36,18.73,18.69,-0.31,-1.6586,1.3014,1712734,31636445.0,8898125600.0,2418955040.0
2016-12-07,'603818,曲美家居,18.69,18.82,18.52,18.52,18.62,0.07,0.3759,0.8272,1088720,20344290.0,9048202800.0,2459753520.0
2016-12-06,'603818,曲美家居,18.62,18.73,18.5,18.58,18.5,0.12,0.6486,1.0162,1337418,24914970.0,9014314400.0,2450540960.0
2016-12-05,'603818,曲美家居,18.5,18.54,18.1,18.21,18.36,0.14,0.7625,1.0467,1377530,25398793.0,8956220000.0,2434748000.0
2016-12-02,'603818,曲美家居,18.36,18.59,18.3,18.51,18.51,-0.15,-0.8104,1.2866,1693269,31138354.0,8888443200.0,2416322880.0
2016-12-01,'603818,曲美家居,18.51,18.75,18.44,18.61,18.64,-0.13,-0.6974,1.4923,1963977,36385705.0,8961061200.0,2436064080.0
2016-11-30,'603818,曲美家居,18.64,18.99,18.54,18.7,18.93,-0.29,-1.532,1.0757,1415696,26435582.0,9023996800.0,2453173120.0
2016-11-29,'603818,曲美家居,18.93,19.16,18.79,18.8,18.77,0.16,0.8524,1.8185,2393291,45515075.0,9164391600.0,2491339440.0
2016-11-28,'603818,曲美家居,18.77,18.88,18.57,18.78,18.54,0.23,1.2406,1.5939,2097660,39396988.0,9086932400.0,2470282160.0
2016-11-25,'603818,曲美家居,18.54,19.09,18.5,19.01,19.01,-0.47,-2.4724,3.2683,4301393,79936868.0,8975584800.0,2440012320.0
2016-11-24,'603818,曲美家居,19.01,19.47,18.85,19.32,19.32,-0.31,-1.6046,2.3064,3035370,57733970.0,9203121200.0,2501868080.0
2016-11-23,'603818,曲美家居,19.32,19.69,19.2,19.56,19.61,-0.29,-1.4788,1.6066,2114361,40975389.0,9353198400.0,2542666560.0
2016-11-22,'603818,曲美家居,19.61,19.78,19.5,19.64,19.64,-0.03,-0.1527,1.8421,2424306,47571515.0,9493593200.0,2580832880.0
2016-11-21,'603818,曲美家居,19.64,19.65,19.11,19.11,19.31,0.33,1.709,1.9136,2518501,48991257.0,9508116800.0,2584781120.0
2016-11-18,'603818,曲美家居,19.31,19.65,19.26,19.53,19.53,-0.22,-1.1265,1.5054,1981173,38404080.0,9348357200.0,2541350480.0
2016-11-17,'603818,曲美家居,19.53,19.8,19.36,19.59,19.8,-0.27,-1.3636,2.1213,2791768,54521869.0,9454863600.0,2570304240.0
2016-11-16,'603818,曲美家居,19.8,20.13,19.7,19.7,19.7,0.1,0.5076,2.8398,3737453,74418860.0,9585576000.0,2605838400.0
2016-11-15,'603818,曲美家居,19.7,19.71,19.41,19.51,19.51,0.19,0.9739,1.9445,2559058,50155888.0,9537164000.0,2592677600.0
2016-11-14,'603818,曲美家居,19.51,19.72,19.38,19.47,19.47,0.04,0.2054,2.2478,2958290,57857460.0,9445181200.0,2567672080.0
2016-11-11,'603818,曲美家居,19.47,19.75,19.38,19.7,19.73,-0.26,-1.3178,3.0348,3994089,77832442.0,9425816400.0,2562407760.0
2016-11-10,'603818,曲美家居,19.73,19.8,19.43,19.55,19.42,0.31,1.5963,3.053,4017969,78774117.0,9551687600.0,2596625840.0
2016-11-09,'603818,曲美家居,19.42,19.95,19.33,19.95,20.05,-0.63,-3.1421,3.6363,4785696,93658767.0,9401610400.0,2555827360.0
2016-11-08,'603818,曲美家居,20.05,20.19,19.77,19.92,19.85,0.2,1.0076,2.7696,3644991,72790297.0,9706606000.0,2638740400.0
2016-11-07,'603818,曲美家居,19.85,20.43,19.78,20.29,20.24,-0.39,-1.9269,4.8835,6427110,129193433.0,9609782000.0,2612418800.0
2016-11-04,'603818,曲美家居,20.24,20.6,19.56,19.8,19.95,0.29,1.4536,8.0222,10557898,214073938.0,9798588800.0,2663745920.0
2016-11-03,'603818,曲美家居,19.95,20.49,18.85,18.85,18.84,1.11,5.8917,11.0139,14495230,285558862.0,9658194000.0,2625579600.0
2016-11-02,'603818,曲美家居,18.84,19.0,18.65,18.67,18.76,0.08,0.4264,2.3123,3043231,57315413.0,9120820800.0,2479494720.0
2016-11-01,'603818,曲美家居,18.76,18.96,18.52,18.52,18.62,0.14,0.7519,2.4665,3246101,61042442.0,9082091200.0,2468966080.0
2016-10-31,'603818,曲美家居,18.62,18.85,18.49,18.49,18.62,0.0,0.0,2.1383,2814205,52601519.0,9014314400.0,2450540960.0
2016-10-28,'603818,曲美家居,18.62,18.85,18.24,18.25,18.24,0.38,2.0833,4.9519,6517085,120960280.0,9014314400.0,2450540960.0
2016-10-27,'603818,曲美家居,18.24,18.48,18.07,18.33,18.39,-0.15,-0.8157,4.0852,5376419,98172047.0,8830348800.0,2400529920.0
2016-10-26,'603818,曲美家居,18.39,19.35,18.2,19.33,19.27,-0.88,-4.5667,6.1136,8045949,149729522.0,8902966800.0,2420271120.0
2016-10-25,'603818,曲美家居,19.27,19.36,19.1,19.15,19.28,-0.01,-0.0519,1.6113,2120566,40754692.0,9328992400.0,2536086160.0
2016-10-24,'603818,曲美家居,19.28,19.52,19.15,19.27,19.29,-0.01,-0.0518,3.227,4246936,82253982.0,9333833600.0,2537402240.0
2016-10-21,'603818,曲美家居,19.29,19.46,18.85,19.07,19.15,0.14,0.7311,3.7525,4938560,95040643.0,9338674800.0,2538718320.0
2016-10-20,'603818,曲美家居,19.15,19.25,18.52,18.72,18.69,0.46,2.4612,3.9,5132665,97670549.0,9270898000.0,2520293200.0
2016-10-19,'603818,曲美家居,18.69,18.9,18.57,18.89,18.8,-0.11,-0.5851,1.9503,2566696,48025033.0,9048202800.0,2459753520.0
2016-10-18,'603818,曲美家居,18.8,18.87,18.55,18.67,18.68,0.12,0.6424,2.3981,3156133,59167399.0,9101456000.0,2474230400.0
2016-10-17,'603818,曲美家居,18.68,19.28,18.65,19.25,19.3,-0.62,-3.2124,3.8931,5123573,97123148.0,9043361600.0,2458437440.0
2016-10-14,'603818,曲美家居,19.3,20.5,19.1,19.29,19.33,-0.03,-0.1552,3.1728,4175594,81062641.0,9343516000.0,2540034400.0
2016-10-13,'603818,曲美家居,19.33,19.4,19.0,19.29,19.35,-0.02,-0.1034,2.9561,3890524,74547024.0,9358039600.0,2543982640.0
2016-10-12,'603818,曲美家居,19.35,19.46,19.07,19.21,19.32,0.03,0.1553,2.0234,2662988,51406951.0,9367722000.0,2546614800.0
2016-10-11,'603818,曲美家居,19.32,19.8,19.12,19.79,19.9,-0.58,-2.9146,5.6176,7393182,142766431.0,9353198400.0,2542666560.0
2016-10-10,'603818,曲美家居,19.9,20.71,19.4,20.16,20.31,-0.41,-2.0187,4.9584,6525645,128517252.0,9633988000.0,2618999200.0
2016-09-30,'603818,曲美家居,20.31,20.58,20.11,20.26,20.26,0.05,0.2468,1.3361,1758368,35845437.0,9832477200.0,2672958480.0
2016-09-29,'603818,曲美家居,20.26,20.49,20.01,20.2,20.2,0.06,0.297,1.6614,2186583,44305914.0,9808271200.0,2666378080.0
2016-09-28,'603818,曲美家居,20.2,20.24,19.39,19.58,19.75,0.45,2.2785,1.8929,2491238,49469008.0,9779224000.0,2658481600.0
2016-09-27,'603818,曲美家居,19.75,19.78,19.02,19.54,19.73,0.02,0.1014,1.4595,1920771,37260190.0,9561370000.0,2599258000.0
2016-09-26,'603818,曲美家居,19.73,20.28,19.63,20.28,20.42,-0.69,-3.379,2.1915,2884211,57462555.0,9551687600.0,2596625840.0
2016-09-23,'603818,曲美家居,20.42,20.81,20.1,20.22,20.22,0.2,0.9891,3.1946,4204377,86436473.0,9885730400.0,2687435360.0
2016-09-22,'603818,曲美家居,20.22,20.4,20.01,20.18,20.19,0.03,0.1486,1.8198,2395066,48308892.0,9788906400.0,2661113760.0
2016-09-21,'603818,曲美家居,20.19,20.45,19.93,20.31,20.31,-0.12,-0.5908,2.165,2849322,57412716.0,9774382800.0,2657165520.0
2016-09-20,'603818,曲美家居,20.31,20.33,19.45,19.5,19.5,0.81,4.1538,4.0114,5279358,105483587.0,9832477200.0,2672958480.0
2016-09-19,'603818,曲美家居,19.5,19.55,19.22,19.31,19.15,0.35,1.8277,1.1638,1531656,29787710.0,9440340000.0,2566356000.0
2016-09-14,'603818,曲美家居,19.15,19.66,19.0,19.01,19.26,-0.11,-0.5711,0.91,1197685,23069150.0,9270898000.0,2520293200.0
2016-09-13,'603818,曲美家居,19.26,19.4,18.9,19.0,18.9,0.36,1.9048,1.8208,2396354,45970607.0,9324151200.0,2534770080.0
2016-09-12,'603818,曲美家居,18.9,19.59,18.5,18.7,19.13,-0.23,-1.2023,1.7844,2348403,44831397.0,9149868000.0,2487391200.0
2016-09-09,'603818,曲美家居,19.13,19.69,19.1,19.5,19.5,-0.37,-1.8974,1.5103,1987725,38257423.0,9261215600.0,2517661040.0
2016-09-08,'603818,曲美家居,19.5,19.88,19.4,19.7,19.71,-0.21,-1.0654,1.4271,1878192,36740501.0,9440340000.0,2566356000.0
2016-09-07,'603818,曲美家居,19.71,20.21,19.6,19.95,19.99,-0.28,-1.4007,2.6706,3514768,69746141.0,9542005200.0,2593993680.0
2016-09-06,'603818,曲美家居,19.99,20.25,18.78,18.97,19.09,0.9,4.7145,3.9832,5242194,102180308.0,9677558800.0,2630843920.0
2016-09-05,'603818,曲美家居,19.09,19.32,18.78,19.0,18.96,0.13,0.6857,2.3813,3133918,59667776.0,9241850800.0,2512396720.0
2016-09-02,'603818,曲美家居,18.96,19.59,18.75,19.5,19.67,-0.71,-3.6096,3.7949,4994404,95510643.0,9178915200.0,2495287680.0
2016-09-01,'603818,曲美家居,19.67,20.25,19.65,19.89,19.93,-0.26,-1.3046,1.8965,2495882,49481718.0,9522640400.0,2588729360.0
2016-08-31,'603818,曲美家居,19.93,20.5,19.7,20.12,19.9,0.03,0.1508,2.721,3581000,72042673.0,9648511600.0,2622947440.0
2016-08-30,'603818,曲美家居,19.9,20.28,19.66,20.15,20.24,-0.34,-1.6798,2.5012,3291766,65423139.0,9633988000.0,2618999200.0
2016-08-29,'603818,曲美家居,20.24,20.7,19.96,20.67,20.69,-0.45,-2.175,3.4221,4503778,91206395.0,9798588800.0,2663745920.0
2016-08-26,'603818,曲美家居,20.69,21.25,20.05,20.21,19.95,0.74,3.7093,4.7958,6311631,131251564.0,10016442800.0,2722969520.0
2016-08-25,'603818,曲美家居,19.95,20.39,19.75,20.31,20.63,-0.68,-3.2962,3.8521,5069607,101361867.0,9658194000.0,2625579600.0
2016-08-24,'603818,曲美家居,20.63,21.09,19.33,21.09,21.19,-0.56,-2.6428,5.1632,6795199,140119896.0,9987395600.0,2715073040.0
2016-08-23,'603818,曲美家居,21.19,21.48,20.0,20.08,20.11,1.08,5.3705,7.44,9791622,204795444.0,10258502800.0,2788773520.0
2016-08-22,'603818,曲美家居,20.11,21.0,19.7,19.89,19.83,0.28,1.412,7.4393,9790727,200865598.0,9735653200.0,2646636880.0
2016-08-19,'603818,曲美家居,19.83,20.15,19.47,19.6,19.7,0.13,0.6599,4.0621,5346038,105954763.0,9600099600.0,2609786640.0
2016-08-18,'603818,曲美家居,19.7,20.13,19.41,19.82,20.14,-0.44,-2.1847,4.0667,5352126,105338171.0,9537164000.0,2592677600.0
2016-08-17,'603818,曲美家居,20.14,20.3,19.07,19.34,19.39,0.75,3.868,5.6057,7377549,146005082.0,9750176800.0,2650585120.0
2016-08-16,'603818,曲美家居,19.39,19.89,19.34,19.86,20.13,-0.74,-3.6761,5.0025,6583627,129389428.0,9387086800.0,2551879120.0
2016-08-15,'603818,曲美家居,20.13,20.58,19.05,19.8,19.79,0.34,1.718,7.3295,9646220,191576692.0,9745335600.0,2649269040.0
2016-08-12,'603818,曲美家居,19.79,20.0,19.38,19.55,19.99,-0.2,-1.0005,7.1368,9392657,185168203.0,9580734800.0,2604522320.0
2016-08-11,'603818,曲美家居,19.99,20.1,18.12,18.76,18.64,1.35,7.2425,10.928,14382131,277207116.0,9677558800.0,2630843920.0
2016-08-10,'603818,曲美家居,18.64,19.54,18.53,19.25,18.93,-0.29,-1.532,10.8915,14334144,270907293.0,9023996800.0,2453173120.0
2016-08-09,'603818,曲美家居,18.93,18.93,17.51,17.69,17.21,1.72,9.9942,9.7523,12834872,237691913.0,9164391600.0,2491339440.0
2016-08-08,'603818,曲美家居,17.21,17.3,16.83,16.85,16.8,0.41,2.4405,3.6025,4741219,81198486.0,8331705200.0,2264973680.0
2016-08-05,'603818,曲美家居,16.8,16.85,16.05,16.06,16.18,0.62,3.8319,3.5515,4674009,77732742.0,8133216000.0,2211014400.0
2016-08-04,'603818,曲美家居,16.18,16.35,15.96,16.13,16.26,-0.08,-0.492,1.6186,2130202,34386941.0,7833061600.0,2129417440.0
2016-08-03,'603818,曲美家居,16.26,16.45,16.11,16.29,16.27,-0.01,-0.0615,1.0486,1380066,22492215.0,7871791200.0,2139946080.0
2016-08-02,'603818,曲美家居,16.27,16.44,16.01,16.13,16.23,0.04,0.2465,1.1511,1514960,24670159.0,7876632400.0,2141262160.0
2016-08-01,'603818,曲美家居,16.23,16.36,15.62,15.9,16.04,0.19,1.1845,1.4734,1939160,31301684.0,7857267600.0,2135997840.0
2016-07-29,'603818,曲美家居,16.04,16.17,15.9,16.16,16.17,-0.13,-0.804,1.2886,1695955,27190032.0,7765284800.0,2110992320.0
2016-07-28,'603818,曲美家居,16.17,16.67,15.37,16.46,16.49,-0.32,-1.9406,3.035,3994294,64155827.0,7828220400.0,2128101360.0
2016-07-27,'603818,曲美家居,16.49,17.6,16.15,17.39,17.34,-0.85,-4.902,3.7614,4950310,83372999.0,7983138800.0,2170215920.0
2016-07-26,'603818,曲美家居,17.34,17.5,16.7,16.78,16.65,0.69,4.1441,3.2724,4306678,74482816.0,8394640800.0,2282082720.0
2016-07-25,'603818,曲美家居,16.65,16.96,16.47,16.55,16.58,0.07,0.4222,1.2917,1699923,28492418.0,8060598000.0,2191273200.0
2016-07-22,'603818,曲美家居,16.58,17.09,16.57,17.09,17.08,-0.5,-2.9274,1.8615,2449895,41096101.0,8026709600.0,2182060640.0
2016-07-21,'603818,曲美家居,17.08,17.49,17.02,17.25,17.25,-0.17,-0.9855,1.494,1966220,33777208.0,8268769600.0,2247864640.0
2016-07-20,'603818,曲美家居,17.25,17.6,16.8,16.86,16.96,0.29,1.7099,2.6335,3465888,60078064.0,8351070000.0,2270238000.0
2016-07-19,'603818,曲美家居,16.96,16.96,16.51,16.83,16.66,0.3,1.8007,1.645,2164899,36334898.0,8210675200.0,2232071680.0
2016-07-18,'603818,曲美家居,16.66,17.1,16.52,17.01,17.01,-0.35,-2.0576,2.3069,3036038,50881264.0,8065439200.0,2192589280.0
2016-07-15,'603818,曲美家居,17.01,17.56,17.0,17.5,17.46,-0.45,-2.5773,2.2757,2995026,51726246.0,8234881200.0,2238652080.0
2016-07-14,'603818,曲美家居,17.46,17.49,17.2,17.38,17.38,0.08,0.4603,2.1848,2875333,49781677.0,8452735200.0,2297875680.0
2016-07-13,'603818,曲美家居,17.38,17.63,17.15,17.5,17.4,-0.02,-0.1149,3.1639,4164004,72404616.0,8414005600.0,2287347040.0
2016-07-12,'603818,曲美家居,17.4,17.63,16.52,16.72,16.73,0.67,4.0048,4.7822,6293757,107356078.0,8423688000.0,2289979200.0
2016-07-11,'603818,曲美家居,16.73,16.89,16.51,16.51,16.5,0.23,1.3939,3.4708,4567836,76327574.0,8099327600.0,2201801840.0
2016-07-08,'603818,曲美家居,16.5,16.86,16.4,16.75,16.8,-0.3,-1.7857,2.2344,2940688,48762858.0,7987980000.0,2171532000.0
2016-07-07,'603818,曲美家居,16.8,17.16,16.76,16.85,17.03,-0.23,-1.3506,3.6027,4741497,80162152.0,8133216000.0,2211014400.0
2016-07-06,'603818,曲美家居,17.03,17.25,16.38,16.6,16.67,0.36,2.1596,5.3569,7050115,118871838.0,8244563600.0,2241284240.0
2016-07-05,'603818,曲美家居,16.67,17.27,16.53,16.75,16.87,-0.2,-1.1855,4.5779,6024829,101476170.0,8070280400.0,2193905360.0
2016-07-04,'603818,曲美家居,16.87,17.09,16.14,16.4,16.58,0.29,1.7491,5.1357,6758994,113251858.0,8167104400.0,2220226960.0
2016-07-01,'603818,曲美家居,16.58,17.09,15.9,15.9,16.0,0.58,3.625,9.0833,11954373,200259222.0,8026709600.0,2182060640.0
2016-06-30,'603818,曲美家居,16.0,16.15,15.6,16.13,16.22,-0.22,-1.3564,5.1149,6731593,107214219.0,7745920000.0,2105728000.0
2016-06-29,'603818,XD曲美家,16.22,16.48,15.46,15.68,15.77,0.45,2.8535,7.6265,10037039,160967087.0,7852426400.0,2134681760.0
2016-06-28,'603818,曲美家居,15.82,15.93,15.36,15.52,15.6,0.22,1.4103,6.155,8100457,127796854.0,7658778400.0,2082038560.0
2016-06-27,'603818,曲美家居,15.6,15.77,14.6,14.7,14.78,0.82,5.548,7.4962,9865574,152053001.0,7552272000.0,2053084800.0
2016-06-24,'603818,曲美家居,14.78,15.27,14.18,15.0,15.07,-0.29,-1.9244,3.7423,4925167,72921515.0,7155293600.0,1945166240.0
2016-06-23,'603818,曲美家居,15.07,15.39,14.92,15.22,15.4,-0.33,-2.1429,3.3014,4344868,65601081.0,7295688400.0,1983332560.0
2016-06-22,'603818,曲美家居,15.4,15.89,15.1,15.2,15.23,0.17,1.1162,6.3269,8326667,128410355.0,7455448000.0,2026763200.0
2016-06-21,'603818,曲美家居,15.23,15.83,15.13,15.83,15.76,-0.53,-3.3629,6.981,9187557,141537115.0,7373147600.0,2004389840.0
2016-06-20,'603818,曲美家居,15.76,15.87,14.5,14.57,14.62,1.14,7.7975,10.4178,13710599,210786797.0,7629731200.0,2074142080.0
2016-06-17,'603818,曲美家居,14.62,14.75,14.09,14.1,14.04,0.58,4.1311,5.2983,6972997,100542121.0,7077834400.0,1924108960.0
2016-06-16,'603818,曲美家居,14.04,14.44,13.9,13.98,13.99,0.05,0.3574,3.7205,4896500,69432211.0,6797044800.0,1847776320.0
2016-06-15,'603818,曲美家居,13.99,14.1,13.29,13.38,13.56,0.43,3.1711,3.7222,4898758,67999146.0,6772838800.0,1841195920.0
2016-06-14,'603818,曲美家居,13.56,13.63,13.34,13.5,13.51,0.05,0.3701,3.2716,4305692,58088716.0,6564667200.0,1784604480.0
2016-06-13,'603818,曲美家居,13.51,14.55,13.45,14.52,14.83,-1.32,-8.9009,3.771,4962886,70651261.0,6540461200.0,1778024080.0
2016-06-08,'603818,曲美家居,14.83,15.16,14.71,15.07,15.14,-0.31,-2.0476,3.8346,5046588,75211404.0,7179499600.0,1951746640.0
2016-06-07,'603818,曲美家居,15.14,15.25,14.97,15.19,15.22,-0.08,-0.5256,3.9407,5186245,78249107.0,7329576800.0,1992545120.0
2016-06-06,'603818,曲美家居,15.22,15.26,14.8,15.09,15.08,0.14,0.9284,4.1871,5510534,83158257.0,7368306400.0,2003073760.0
2016-06-03,'603818,曲美家居,15.08,15.33,15.0,15.3,15.33,-0.25,-1.6308,5.3785,7078535,107169275.0,7300529600.0,1984648640.0
2016-06-02,'603818,曲美家居,15.33,15.6,15.04,15.32,15.41,-0.08,-0.5191,5.9103,7778457,118989956.0,7421559600.0,2017550640.0
2016-06-01,'603818,曲美家居,15.41,15.89,14.79,14.9,15.0,0.41,2.7333,9.3201,12265989,188691687.0,7460289200.0,2028079280.0
2016-05-31,'603818,曲美家居,15.0,15.16,14.41,14.45,14.45,0.55,3.8062,7.9538,10467836,156201487.0,7261800000.0,1974120000.0
2016-05-30,'603818,曲美家居,14.45,14.78,13.78,14.12,14.27,0.18,1.2614,6.0296,7935411,113622281.0,6995534000.0,1901735600.0
2016-05-27,'603818,曲美家居,14.27,14.85,14.05,14.09,14.3,-0.03,-0.2098,7.9265,10431884,150909611.0,6908392400.0,1878046160.0
2016-05-26,'603818,曲美家居,14.3,14.53,13.74,14.52,14.54,-0.24,-1.6506,9.513,12519886,177052928.0,6922916000.0,1881994400.0
2016-05-25,'603818,曲美家居,14.54,14.54,13.35,13.35,13.22,1.32,9.9849,7.2108,9489940,131627107.0,7039104800.0,1913580320.0
2016-05-24,'603818,曲美家居,13.22,13.41,13.06,13.41,13.41,-0.19,-1.4169,1.7395,2289357,30235679.0,6400066400.0,1739857760.0
2016-05-23,'603818,曲美家居,13.41,13.6,13.27,13.32,13.27,0.14,1.055,2.3725,3122360,41929235.0,6492049200.0,1764863280.0
2016-05-20,'603818,曲美家居,13.27,13.29,12.88,12.92,13.12,0.15,1.1433,1.8078,2379172,31140824.0,6424272400.0,1746438160.0
2016-05-19,'603818,曲美家居,13.12,13.3,12.85,12.88,12.87,0.25,1.9425,2.9552,3889301,51136432.0,6351654400.0,1726696960.0
2016-05-18,'603818,曲美家居,12.87,13.22,12.63,13.16,13.35,-0.48,-3.5955,2.6007,3422785,44295490.0,6230624400.0,1693794960.0
2016-05-17,'603818,曲美家居,13.35,13.62,13.22,13.41,13.46,-0.11,-0.8172,2.2453,2955033,39566967.0,6463002000.0,1756966800.0
2016-05-16,'603818,曲美家居,13.46,13.47,12.95,13.07,13.07,0.39,2.9839,2.5618,3371563,44615343.0,6516255200.0,1771443680.0
2016-05-13,'603818,曲美家居,13.07,13.27,12.9,13.0,13.09,-0.02,-0.1528,1.7729,2333234,30591333.0,6327448400.0,1720116560.0
2016-05-12,'603818,曲美家居,13.09,13.13,12.65,13.1,13.09,0.0,0.0,2.5568,3364953,43400671.0,6337130800.0,1722748720.0
2016-05-11,'603818,曲美家居,13.09,13.41,13.07,13.3,13.28,-0.19,-1.4307,2.3275,3063195,40577636.0,6337130800.0,1722748720.0
2016-05-10,'603818,曲美家居,13.28,13.31,13.0,13.16,13.13,0.15,1.1424,2.2656,2981705,39309340.0,6429113600.0,1747754240.0
2016-05-09,'603818,曲美家居,13.13,13.73,13.02,13.65,13.93,-0.8,-5.743,3.4286,4512361,60143962.0,6356495600.0,1728013040.0
2016-05-06,'603818,曲美家居,13.93,14.85,13.88,14.77,14.76,-0.83,-5.6233,5.6052,7376908,105365256.0,6743791600.0,1833299440.0
2016-05-05,'603818,曲美家居,14.76,14.9,14.59,14.59,14.59,0.17,1.1652,3.2727,4307166,63536294.0,7145611200.0,1942534080.0
2016-05-04,'603818,曲美家居,14.59,14.86,14.4,14.5,14.6,-0.01,-0.0685,4.2305,5567640,81710195.0,7063310800.0,1920160720.0
2016-05-03,'603818,曲美家居,14.6,14.62,13.0,14.08,13.99,0.61,4.3603,4.1292,5434348,78107117.0,7068152000.0,1921476800.0
2016-04-29,'603818,曲美家居,13.99,14.25,13.9,14.05,14.13,-0.14,-0.9908,1.895,2493952,35075457.0,6772838800.0,1841195920.0
2016-04-28,'603818,曲美家居,14.13,14.29,13.75,14.29,14.19,-0.06,-0.4228,2.6101,3435161,48231621.0,6840615600.0,1859621040.0
2016-04-27,'603818,曲美家居,14.19,14.48,14.15,14.31,14.33,-0.14,-0.977,3.4537,4545301,65036950.0,6869662800.0,1867517520.0
2016-04-26,'603818,曲美家居,14.33,14.36,13.73,13.74,13.84,0.49,3.5405,3.1271,4115466,57677637.0,6937439600.0,1885942640.0
2016-04-25,'603818,曲美家居,13.84,14.0,13.52,13.88,14.04,-0.2,-1.4245,2.3244,3059081,42036202.0,6700220800.0,1821454720.0
2016-04-22,'603818,曲美家居,14.04,14.08,13.6,13.72,13.84,0.2,1.4451,2.6911,3541763,49272705.0,6797044800.0,1847776320.0
2016-04-21,'603818,曲美家居,13.84,14.36,13.78,14.17,14.18,-0.34,-2.3977,4.3534,5269365,74166591.0,6700220800.0,1675193600.0
2016-04-20,'603818,曲美家居,14.18,15.44,13.82,15.38,15.36,-1.18,-7.6823,7.6445,9252859,133796531.0,6864821600.0,1716347200.0
2016-04-19,'603818,曲美家居,15.36,15.4,15.03,15.23,15.23,0.13,0.8536,3.7935,4591605,70004802.0,7436083200.0,1859174400.0
2016-04-18,'603818,曲美家居,15.23,15.73,15.2,15.71,15.87,-0.64,-4.0328,5.3864,6519682,100038458.0,7373147600.0,1843439200.0
2016-04-15,'603818,曲美家居,15.87,16.13,15.75,16.08,16.1,-0.23,-1.4286,4.7097,5700676,90476439.0,7682984400.0,1920904800.0
2016-04-14,'603818,曲美家居,16.1,16.14,15.78,16.02,15.99,0.11,0.6879,6.6955,8104223,128981243.0,7794332000.0,1948744000.0
2016-04-13,'603818,曲美家居,15.99,16.4,15.8,16.28,16.0,-0.01,-0.0625,11.9253,14434370,231523799.0,7741078800.0,1935429600.0
2016-04-12,'603818,曲美家居,16.0,16.19,15.36,15.49,15.42,0.58,3.7613,12.4898,15117660,240112600.0,7745920000.0,1936640000.0
2016-04-11,'603818,曲美家居,15.42,15.64,15.28,15.28,15.16,0.26,1.715,5.4087,6546633,101328754.0,7465130400.0,1866436800.0
2016-04-08,'603818,曲美家居,15.16,15.2,14.89,15.18,15.41,-0.25,-1.6223,5.2959,6410130,96508215.0,7339259200.0,1834966400.0
2016-04-07,'603818,曲美家居,15.41,15.72,15.22,15.61,15.63,-0.22,-1.4075,5.9439,7194475,111167872.0,7460289200.0,1865226400.0
2016-04-06,'603818,曲美家居,15.63,15.83,15.38,15.83,15.84,-0.21,-1.3258,6.1868,7488511,116972594.0,7566795600.0,1891855200.0
2016-04-05,'603818,曲美家居,15.84,15.85,15.18,15.28,15.28,0.56,3.6649,7.4554,9024031,140859275.0,7668460800.0,1917273600.0
2016-04-01,'603818,曲美家居,15.28,15.52,14.97,15.48,15.58,-0.3,-1.9255,6.0054,7268929,110350952.0,7397353600.0,1849491200.0
2016-03-31,'603818,曲美家居,15.58,16.11,15.5,16.0,15.85,-0.27,-1.7035,8.8042,10656643,167494576.0,7542589600.0,1885803200.0
2016-03-30,'603818,曲美家居,15.85,15.88,15.26,15.36,15.21,0.64,4.2078,9.683,11720250,182644584.0,7673302000.0,1918484000.0
2016-03-29,'603818,曲美家居,15.21,15.67,14.91,15.54,15.62,-0.41,-2.6248,9.131,11052187,168110285.0,7363465200.0,1841018400.0
2016-03-28,'603818,曲美家居,15.62,16.39,15.5,16.14,16.09,-0.47,-2.9211,12.5088,15140679,241698534.0,7561954400.0,1890644800.0
2016-03-25,'603818,曲美家居,16.09,17.09,15.8,17.02,17.02,-0.93,-5.4642,19.1656,23198053,380409066.0,7789490800.0,1947533600.0
2016-03-24,'603818,曲美家居,17.02,17.02,15.56,16.17,15.47,1.55,10.0194,28.8696,34943743,580611293.0,8239722400.0,2060100800.0
2016-03-23,'603818,曲美家居,15.47,15.47,13.9,13.9,14.06,1.41,10.0284,11.0696,13398693,199880568.0,7489336400.0,1872488800.0
2016-03-22,'603818,曲美家居,14.06,14.34,13.82,13.88,14.22,-0.16,-1.1252,6.4666,7827167,110225512.0,6806727200.0,1701822400.0
2016-03-21,'603818,曲美家居,14.22,14.36,13.77,14.16,13.88,0.34,2.4496,9.5526,11562443,162293259.0,6884186400.0,1721188800.0
2016-03-18,'603818,曲美家居,13.88,14.05,13.43,13.5,13.49,0.39,2.891,10.6885,12937354,177594147.0,6719585600.0,1680035200.0
2016-03-17,'603818,曲美家居,13.49,13.58,12.75,12.8,12.74,0.75,5.887,7.6927,9311212,123591982.0,6530778800.0,1632829600.0
2016-03-16,'603818,曲美家居,12.74,13.22,12.6,13.07,12.98,-0.24,-1.849,2.8512,3451122,44446843.0,6167688800.0,1542049600.0
2016-03-15,'603818,曲美家居,12.98,13.32,12.86,13.11,13.39,-0.41,-3.062,4.1187,4985261,65255407.0,6283877600.0,1571099200.0
2016-03-14,'603818,曲美家居,13.39,13.57,13.01,13.25,12.8,0.59,4.6094,5.9141,7158464,95656084.0,6482366800.0,1620725600.0
2016-03-11,'603818,曲美家居,12.8,13.1,12.07,12.29,12.32,0.48,3.8961,4.1419,5013302,63452790.0,6196736000.0,1549312000.0
2016-03-10,'603818,曲美家居,12.32,12.75,12.29,12.62,12.57,-0.25,-1.9889,2.1476,2599500,32595038.0,5964358400.0,1491212800.0
2016-03-09,'603818,曲美家居,12.57,12.86,12.4,12.51,12.93,-0.36,-2.7842,2.1983,2660792,33536766.0,6085388400.0,1521472800.0
2016-03-08,'603818,曲美家居,12.93,12.99,12.23,12.9,13.06,-0.13,-0.9954,3.9492,4780072,60299980.0,6259671600.0,1565047200.0
2016-03-07,'603818,曲美家居,13.06,13.35,12.8,12.91,12.76,0.3,2.3511,4.1548,5028978,65968032.0,6322607200.0,1580782400.0
2016-03-04,'603818,曲美家居,12.76,13.08,12.03,12.84,13.01,-0.25,-1.9216,4.8818,5908956,74652416.0,6177371200.0,1544470400.0
2016-03-03,'603818,曲美家居,13.01,13.48,12.97,13.1,13.13,-0.12,-0.9139,4.8961,5926290,78400315.0,6298401200.0,1574730400.0
2016-03-02,'603818,曲美家居,13.13,13.38,12.13,12.15,12.25,0.88,7.1837,6.0506,7323694,94145390.0,6356495600.0,1589255200.0
2016-03-01,'603818,曲美家居,12.25,12.28,11.74,11.88,11.83,0.42,3.5503,3.1356,3795387,45786517.0,5930470000.0,1482740000.0
2016-02-29,'603818,曲美家居,11.83,12.6,11.6,12.6,12.6,-0.77,-6.1111,3.8547,4665694,55545484.0,5727139600.0,1431903200.0
2016-02-26,'603818,曲美家居,12.6,13.1,12.16,12.94,12.8,-0.2,-1.5625,3.9455,4775587,60654715.0,6099912000.0,1525104000.0
2016-02-25,'603818,曲美家居,12.8,14.22,12.8,14.22,14.22,-1.42,-9.9859,5.3864,6519658,87144786.0,6196736000.0,1549312000.0
2016-02-24,'603818,曲美家居,14.22,14.37,13.81,14.16,14.3,-0.08,-0.5594,4.2918,5194766,73213172.0,6884186400.0,1721188800.0
2016-02-23,'603818,曲美家居,14.3,14.63,14.01,14.52,14.63,-0.33,-2.2556,5.1908,6282954,89744736.0,6922916000.0,1730872000.0
2016-02-22,'603818,曲美家居,14.63,14.89,14.17,14.26,14.12,0.51,3.6119,7.4493,9016575,131609855.0,7082675600.0,1770815200.0
2016-02-19,'603818,曲美家居,14.12,14.25,13.68,13.91,13.91,0.21,1.5097,4.8356,5853044,82081398.0,6835774400.0,1709084800.0
2016-02-18,'603818,曲美家居,13.91,14.3,13.83,14.29,14.14,-0.23,-1.6266,4.9285,5965500,83818215.0,6734109200.0,1683666400.0
2016-02-17,'603818,曲美家居,14.14,14.19,13.72,13.8,14.09,0.05,0.3549,5.3567,6483750,90790041.0,6845456800.0,1711505600.0
2016-02-16,'603818,曲美家居,14.09,14.3,13.4,13.4,13.4,0.69,5.1493,5.5766,6749950,94262677.0,6821250800.0,1705453600.0
2016-02-15,'603818,曲美家居,13.4,13.55,12.46,13.01,13.72,-0.32,-2.3324,4.8597,5882220,77003582.0,6487208000.0,1621936000.0
2016-02-05,'603818,曲美家居,13.72,14.35,13.68,14.1,13.78,-0.06,-0.4354,8.0222,9710036,136379399.0,6642126400.0,1660668800.0
2016-02-04,'603818,曲美家居,13.78,13.78,12.59,12.59,12.53,1.25,9.9761,5.6148,6796209,89982641.0,6671173600.0,1667931200.0
2016-02-03,'603818,曲美家居,12.53,12.64,12.16,12.2,12.55,-0.02,-0.1594,3.6815,4456072,55069744.0,6066023600.0,1516631200.0
2016-02-02,'603818,曲美家居,12.55,12.65,12.0,12.0,12.08,0.47,3.8907,4.6726,5655729,70459193.0,6075706000.0,1519052000.0
2016-02-01,'603818,曲美家居,12.08,12.46,11.65,12.39,12.39,-0.31,-2.502,2.864,3466556,42076438.0,5848169600.0,1462163200.0
2016-01-29,'603818,曲美家居,12.39,12.61,11.96,11.98,11.96,0.43,3.5953,3.7644,4556468,56090864.0,5998246800.0,1499685600.0
2016-01-28,'603818,曲美家居,11.96,12.95,11.9,12.67,12.97,-1.01,-7.7872,3.126,3783674,47108823.0,5790075200.0,1447638400.0
2016-01-27,'603818,曲美家居,12.97,13.55,12.01,13.16,13.1,-0.13,-0.9924,4.05,4902153,62261647.0,6279036400.0,1569888800.0
2016-01-26,'603818,曲美家居,13.1,14.36,13.1,14.36,14.55,-1.45,-9.9656,4.7828,5789108,79068973.0,6341972000.0,1585624000.0
2016-01-25,'603818,曲美家居,14.55,14.77,14.35,14.43,14.3,0.25,1.7483,3.1399,3800563,55432275.0,7043946000.0,1761132000.0
2016-01-22,'603818,曲美家居,14.3,14.59,13.79,14.39,14.11,0.19,1.3466,4.0227,4869063,69016202.0,6922916000.0,1730872000.0
2016-01-21,'603818,曲美家居,14.11,15.19,14.09,14.81,15.09,-0.98,-6.4944,4.8015,5811724,85292829.0,6830933200.0,1707874400.0
2016-01-20,'603818,曲美家居,15.09,15.57,15.0,15.31,15.57,-0.48,-3.0829,5.6246,6807996,103902587.0,7305370800.0,1826493600.0
2016-01-19,'603818,曲美家居,15.57,15.67,14.81,14.98,15.01,0.56,3.7308,5.6766,6870963,105030303.0,7537748400.0,1884592800.0
2016-01-18,'603818,曲美家居,15.01,15.38,14.05,14.2,14.84,0.17,1.1456,5.3263,6446956,96882923.0,7266641200.0,1816810400.0
2016-01-15,'603818,曲美家居,14.84,15.42,14.51,14.77,14.94,-0.1,-0.6693,7.0056,8479584,126925782.0,7184340800.0,1796233600.0
2016-01-14,'603818,曲美家居,14.94,14.98,13.01,13.2,13.65,1.29,9.4505,6.3916,7736397,108341888.0,7232752800.0,1808337600.0
2016-01-13,'603818,曲美家居,13.65,14.79,13.53,14.68,14.44,-0.79,-5.4709,4.5359,5490310,78882580.0,6608238000.0,1652196000.0
2016-01-12,'603818,曲美家居,14.44,14.78,13.86,14.0,14.55,-0.11,-0.756,4.5691,5530409,79409013.0,6990692800.0,1747817600.0
2016-01-11,'603818,曲美家居,14.55,15.95,14.55,15.9,16.17,-1.62,-10.0186,5.1164,6192934,94189951.0,7043946000.0,1761132000.0
2016-01-08,'603818,曲美家居,16.17,17.18,14.94,16.97,16.36,-0.19,-1.1614,5.8038,7024868,114725510.0,7828220400.0,1957216800.0
2016-01-07,'603818,曲美家居,16.36,17.95,16.32,17.65,18.13,-1.77,-9.7628,1.5784,1910500,32805673.0,7920203200.0,1980214400.0
2016-01-06,'603818,曲美家居,18.13,18.2,17.41,17.9,17.67,0.46,2.6033,6.078,7356777,131434687.0,8777095600.0,2194455200.0
2016-01-05,'603818,曲美家居,17.67,18.45,16.83,17.38,18.61,-0.94,-5.051,7.4071,8965512,158813575.0,8554400400.0,2138776800.0
2016-01-04,'603818,曲美家居,18.61,20.5,18.6,20.25,20.58,-1.97,-9.5724,6.2193,7527854,145887769.0,9009473200.0,2252554400.0
2015-12-31,'603818,曲美家居,20.58,21.89,20.5,21.68,21.67,-1.09,-5.03,9.8977,11980119,252053166.0,9963189600.0,2491003200.0
2015-12-30,'603818,曲美家居,21.67,21.8,21.25,21.58,21.7,-0.03,-0.1382,5.4853,6639394,142486400.0,10490880400.0,2622936800.0
2015-12-29,'603818,曲美家居,21.7,21.8,21.01,21.6,21.83,-0.13,-0.5955,6.501,7868813,168242922.0,10505404000.0,2626568000.0
2015-12-28,'603818,曲美家居,21.83,22.77,21.76,22.42,22.42,-0.59,-2.6316,9.0973,11011340,244273965.0,10568339600.0,2642303200.0
2015-12-25,'603818,曲美家居,22.42,23.6,22.1,22.9,22.81,-0.39,-1.7098,13.9411,16874340,384499767.0,10853970400.0,2713716800.0
2015-12-24,'603818,曲美家居,22.81,23.33,21.33,21.4,21.65,1.16,5.358,19.8486,24024784,543953328.0,11042777200.0,2760922400.0
2015-12-23,'603818,曲美家居,21.65,21.99,21.33,21.67,21.55,0.1,0.464,7.1155,8612558,186442627.0,10481198000.0,2620516000.0
2015-12-22,'603818,曲美家居,21.55,21.91,21.12,21.68,21.7,-0.15,-0.6912,5.4798,6632775,142401421.0,10432786000.0,2608412000.0
2015-12-21,'603818,曲美家居,21.7,22.48,21.51,22.09,21.92,-0.22,-1.0036,7.0032,8476732,185547136.0,10505404000.0,2626568000.0
2015-12-18,'603818,曲美家居,21.92,22.8,21.65,21.91,21.89,0.03,0.137,11.443,13850659,308296708.0,10611910400.0,2653196800.0
2015-12-17,'603818,曲美家居,21.89,22.0,20.71,20.71,20.7,1.19,5.7488,8.8286,10686176,227702312.0,10597386800.0,2649565600.0
2015-12-16,'603818,曲美家居,20.7,21.17,20.6,21.05,20.73,-0.03,-0.1447,4.2617,5158414,107583997.0,10021284000.0,2505528000.0
2015-12-15,'603818,曲美家居,20.73,21.19,20.52,20.52,20.57,0.16,0.7778,4.5647,5525104,115513728.0,10035807600.0,2509159200.0
2015-12-14,'603818,曲美家居,20.57,20.8,19.63,19.63,20.11,0.46,2.2874,4.4451,5380408,109189802.0,9958348400.0,2489792800.0
2015-12-11,'603818,曲美家居,20.11,20.5,19.85,20.5,20.67,-0.56,-2.7092,5.6525,6841773,137351962.0,9735653200.0,2434114400.0
2015-12-10,'603818,曲美家居,20.67,21.5,20.6,21.22,21.12,-0.45,-2.1307,5.5345,6698974,140673982.0,10006760400.0,2501896800.0
2015-12-09,'603818,曲美家居,21.12,21.5,20.8,21.46,21.77,-0.65,-2.9858,7.3346,8877776,187550892.0,10224614400.0,2556364800.0
2015-12-08,'603818,曲美家居,21.77,22.96,21.7,22.96,22.86,-1.09,-4.7682,9.7201,11765212,260539247.0,10539292400.0,2635040800.0
2015-12-07,'603818,曲美家居,22.86,23.19,22.0,22.43,22.66,0.2,0.8826,15.1344,18318711,416295827.0,11066983200.0,2766974400.0
2015-12-04,'603818,曲美家居,22.66,23.2,20.99,21.26,21.22,1.44,6.7861,19.8666,24046538,539062995.0,10970159200.0,2742766400.0
2015-12-03,'603818,曲美家居,21.22,21.46,20.77,20.77,20.77,0.45,2.1666,5.273,6382422,134830081.0,10273026400.0,2568468800.0
2015-12-02,'603818,曲美家居,20.77,21.44,20.01,21.44,21.62,-0.85,-3.9315,6.6258,8019820,166569108.0,10055172400.0,2514000800.0
2015-12-01,'603818,曲美家居,21.62,22.5,21.01,21.56,21.63,-0.01,-0.0462,10.3292,12502411,272557652.0,10466674400.0,2616884800.0
2015-11-30,'603818,曲美家居,21.63,21.65,19.2,20.53,20.86,0.77,3.6913,11.2429,13608410,281301927.0,10471515600.0,2618095200.0
2015-11-27,'603818,曲美家居,20.86,21.98,20.08,21.48,22.19,-1.33,-5.9937,14.1123,17081513,361480224.0,10098743200.0,2524894400.0
2015-11-26,'603818,曲美家居,22.19,22.88,22.15,22.28,22.28,-0.09,-0.4039,12.9156,15633063,352470878.0,10742622800.0,2685877600.0
2015-11-25,'603818,曲美家居,22.28,22.68,21.81,22.4,22.54,-0.26,-1.1535,13.2305,16014168,355203564.0,10786193600.0,2696771200.0
2015-11-24,'603818,曲美家居,22.54,22.85,20.67,21.05,21.03,1.51,7.1802,15.543,18813211,411248371.0,10912064800.0,2728241600.0
2015-11-23,'603818,曲美家居,21.03,21.8,20.89,21.24,21.47,-0.44,-2.0494,9.6107,11632774,246698178.0,10181043600.0,2545471200.0
2015-11-20,'603818,曲美家居,21.47,22.02,21.02,21.57,21.47,0.0,0.0,12.5221,15156810,326689598.0,10394056400.0,2598728800.0
2015-11-19,'603818,曲美家居,21.47,21.63,20.44,20.44,20.43,1.04,5.0906,10.5924,12821096,269560108.0,10394056400.0,2598728800.0
2015-11-18,'603818,曲美家居,20.43,21.3,20.33,20.62,20.9,-0.47,-2.2488,9.815,11880035,246685599.0,9890571600.0,2472847200.0
2015-11-17,'603818,曲美家居,20.9,22.49,20.81,21.9,21.49,-0.59,-2.7455,13.5076,16349587,354667415.0,10118108000.0,2529736000.0
2015-11-16,'603818,曲美家居,21.49,21.85,20.12,20.84,21.84,-0.35,-1.6026,13.6122,16476220,347513387.0,10403738800.0,2601149600.0
2015-11-13,'603818,曲美家居,21.84,24.8,21.75,23.42,23.99,-2.15,-8.9621,24.5862,29759177,683210694.0,10573180800.0,2643513600.0
2015-11-12,'603818,曲美家居,23.99,24.26,21.76,21.8,22.05,1.94,8.7982,26.5192,32098816,735449241.0,11614038800.0,2903749600.0
2015-11-11,'603818,曲美家居,22.05,22.5,20.8,20.94,21.23,0.82,3.8625,20.8554,25243335,550652182.0,10674846000.0,2668932000.0
2015-11-10,'603818,曲美家居,21.23,22.2,20.88,21.29,21.83,-0.6,-2.7485,22.7899,27584928,591443427.0,10277867600.0,2569679200.0
2015-11-09,'603818,曲美家居,21.83,22.56,20.01,20.5,21.27,0.56,2.6328,30.636,37081818,793892736.0,10568339600.0,2642303200.0
2015-11-06,'603818,曲美家居,21.27,22.0,19.58,20.27,20.06,1.21,6.0319,35.406,42855392,896362674.0,10297232400.0,2574520800.0
2015-11-05,'603818,曲美家居,20.06,20.06,17.75,17.88,18.24,1.82,9.9781,31.9874,38717554,737921576.0,9711447200.0,2428062400.0
2015-11-04,'603818,曲美家居,18.24,18.6,17.5,17.8,17.0,1.24,7.2941,33.0651,40022036,720281851.0,8830348800.0,2207769600.0
2015-11-03,'603818,曲美家居,17.0,17.0,15.5,15.8,15.45,1.55,10.0324,20.503,24816855,409005791.0,8230040000.0,2057680000.0
2015-11-02,'603818,曲美家居,15.45,16.38,14.51,14.8,15.13,0.32,2.115,13.6026,16464552,257180312.0,7479654000.0,1870068000.0
2015-10-30,'603818,曲美家居,15.13,15.54,14.88,15.45,15.5,-0.37,-2.3871,7.1153,8612331,131327980.0,7324735600.0,1831335200.0
2015-10-29,'603818,曲美家居,15.5,15.76,15.19,15.52,15.47,0.03,0.1939,7.2093,8726174,135266912.0,7503860000.0,1876120000.0
2015-10-28,'603818,曲美家居,15.47,16.49,15.38,16.11,16.01,-0.54,-3.3729,13.5191,16363556,261700066.0,7489336400.0,1872488800.0
2015-10-27,'603818,曲美家居,16.01,16.09,14.7,15.53,15.5,0.51,3.2903,13.9977,16942803,261445756.0,7750761200.0,1937850400.0
2015-10-26,'603818,曲美家居,15.5,15.86,15.01,15.37,15.02,0.48,3.1957,14.0474,17003025,262482307.0,7503860000.0,1876120000.0
2015-10-23,'603818,曲美家居,15.02,15.18,14.45,14.82,14.71,0.31,2.1074,11.8106,14295562,211146300.0,7271482400.0,1818020800.0
2015-10-22,'603818,曲美家居,14.71,14.84,13.88,14.04,14.42,0.29,2.0111,11.9843,14505776,209465284.0,7121405200.0,1780498400.0
2015-10-21,'603818,曲美家居,14.42,16.03,14.42,16.02,16.02,-1.6,-9.9875,15.0213,18181786,275245244.0,6981010400.0,1745396800.0
2015-10-20,'603818,曲美家居,16.02,16.16,15.41,16.0,15.99,0.03,0.1876,13.1227,15883723,250923971.0,7755602400.0,1939060800.0
2015-10-19,'603818,曲美家居,15.99,16.5,15.41,15.75,15.67,0.32,2.0421,20.046,24263657,388713709.0,7741078800.0,1935429600.0
2015-10-16,'603818,曲美家居,15.67,15.89,14.75,15.13,15.01,0.66,4.3971,21.522,26050252,400667738.0,7586160400.0,1896696800.0
2015-10-15,'603818,曲美家居,15.01,15.24,14.26,14.46,14.42,0.59,4.0915,13.8703,16788565,247726651.0,7266641200.0,1816810400.0
2015-10-14,'603818,曲美家居,14.42,15.16,14.4,14.9,15.13,-0.71,-4.6927,11.5254,13950298,205989943.0,6981010400.0,1745396800.0
2015-10-13,'603818,曲美家居,15.13,15.18,14.4,14.7,14.8,0.33,2.2297,13.3311,16135950,236968796.0,7324735600.0,1831335200.0
2015-10-12,'603818,曲美家居,14.8,14.99,14.07,14.18,13.98,0.82,5.8655,15.5345,18802969,273524650.0,7164976000.0,1791392000.0
2015-10-09,'603818,曲美家居,13.98,14.44,13.8,14.16,14.19,-0.21,-1.4799,11.3999,13798392,193952324.0,6767997600.0,1692139200.0
2015-10-08,'603818,曲美家居,14.19,14.41,13.3,13.8,13.1,1.09,8.3206,13.7015,16584310,230912022.0,6869662800.0,1717557600.0
2015-09-30,'603818,曲美家居,13.1,13.55,13.03,13.08,13.05,0.05,0.3831,6.8951,8345799,110543542.0,6341972000.0,1585624000.0
2015-09-29,'603818,曲美家居,13.05,13.7,12.99,13.35,13.71,-0.66,-4.814,9.3941,11370585,150663099.0,6317766000.0,1579572000.0
2015-09-28,'603818,曲美家居,13.71,13.99,13.0,13.23,13.5,0.21,1.5556,11.7289,14196622,193957981.0,6637285200.0,1659458400.0
2015-09-25,'603818,曲美家居,13.5,14.8,13.5,14.54,15.0,-1.5,-10.0,18.3799,22247068,312479086.0,6535620000.0,1634040000.0
2015-09-24,'603818,曲美家居,15.0,15.5,14.01,14.25,14.29,0.71,4.9685,28.0652,33970154,507843559.0,7261800000.0,1815600000.0
2015-09-23,'603818,曲美家居,14.29,14.29,12.3,12.36,12.99,1.3,10.0077,26.5386,32122359,428517294.0,6918074800.0,1729661600.0
2015-09-22,'603818,曲美家居,12.99,13.82,12.8,13.19,13.59,-0.6,-4.415,22.5391,27281341,361339785.0,6288718800.0,1572309600.0
2015-09-21,'603818,XR曲美家,13.59,13.59,12.3,12.53,12.35,1.24,10.0405,9.8907,11971663,156043204.0,6579190800.0,1644933600.0
2015-09-18,'603818,曲美家居,24.7,24.77,22.8,23.88,23.56,1.14,4.8387,14.7881,8949761,213148533.0,5978882000.0,1494844000.0
2015-09-17,'603818,曲美家居,23.56,23.56,21.6,22.06,21.42,2.14,9.9907,11.9728,7245935,166918490.0,5702933600.0,1425851200.0
2015-09-16,'603818,曲美家居,21.42,21.42,19.82,19.88,19.47,1.95,10.0154,7.8415,4745666,97970513.0,5184925200.0,1296338400.0
2015-09-15,'603818,曲美家居,19.47,21.65,19.05,20.34,21.16,-1.69,-7.9868,8.7818,5314757,107598953.0,4712908200.0,1178324400.0
2015-09-14,'603818,曲美家居,21.16,24.69,21.16,24.45,23.51,-2.35,-9.9957,10.125,6127629,140967961.0,5121989600.0,1280603200.0
2015-09-11,'603818,曲美家居,23.51,23.88,23.12,23.33,23.57,-0.06,-0.2546,6.3342,3833476,90281864.0,5690830600.0,1422825200.0
2015-09-10,'603818,曲美家居,23.57,24.45,22.81,23.02,23.7,-0.13,-0.5485,9.462,5726398,135942353.0,5705354200.0,1426456400.0
2015-09-09,'603818,曲美家居,23.7,23.98,22.6,22.95,22.54,1.16,5.1464,11.0793,6705164,156937340.0,5736822000.0,1434324000.0
2015-09-08,'603818,曲美家居,22.54,22.66,20.32,20.32,20.71,1.83,8.8363,8.8836,5376350,116105448.0,5456032400.0,1364120800.0
2015-09-07,'603818,曲美家居,20.71,21.18,20.3,20.38,19.63,1.08,5.5018,7.5955,4596796,95135628.0,5013062600.0,1253369200.0
2015-09-02,'603818,曲美家居,19.63,21.99,19.33,20.0,21.18,-1.55,-7.3182,8.3251,5038349,103112998.0,4751637800.0,1188007600.0
2015-09-01,'603818,曲美家居,21.18,23.0,21.18,23.0,23.53,-2.35,-9.9873,8.6347,5225739,113838995.0,5126830800.0,1281813600.0
2015-08-31,'603818,曲美家居,23.53,25.88,23.52,25.51,26.13,-2.6,-9.9502,10.4426,6319836,156639920.0,5695671800.0,1424035600.0
2015-08-28,'603818,曲美家居,26.13,26.2,24.05,24.6,24.05,2.08,8.6486,15.9172,9633113,242059396.0,6325027800.0,1581387600.0
2015-08-27,'603818,曲美家居,24.05,26.06,22.0,24.85,24.42,-0.37,-1.5152,16.6859,10098278,241322082.0,5821543000.0,1455506000.0
2015-08-26,'603818,曲美家居,24.42,28.18,24.01,26.4,26.53,-2.11,-7.9533,19.3452,11707713,307492242.0,5911105200.0,1477898400.0
2015-08-25,'603818,曲美股份,26.53,28.49,26.53,26.53,29.48,-2.95,-10.0068,13.0878,7920714,213031805.0,6421851800.0,1605595600.0
2015-08-24,'603818,曲美股份,29.48,30.8,29.48,29.48,32.76,-3.28,-10.0122,4.706,2848100,84368307.0,7135928800.0,1784129600.0
2015-08-21,'603818,曲美股份,32.76,34.9,31.68,32.11,31.93,0.83,2.5994,33.086,20023617,661730768.0,7929885600.0,1982635200.0
2015-08-20,'603818,曲美股份,31.93,31.93,30.1,30.7,29.03,2.9,9.9897,15.0612,9115021,287858029.0,7728975800.0,1932403600.0
2015-08-19,'603818,曲美股份,29.03,29.12,25.73,27.35,28.49,0.54,1.8954,11.6156,7029763,194017307.0,7027001800.0,1756895600.0
2015-08-18,'603818,曲美股份,28.49,32.49,28.49,31.21,31.66,-3.17,-10.0126,12.2911,7438555,228624374.0,6896289400.0,1724214800.0
2015-08-17,'603818,曲美股份,31.66,32.5,31.18,32.5,32.71,-1.05,-3.21,10.9295,6614517,209751070.0,7663619600.0,1916063200.0
2015-08-14,'603818,曲美股份,32.71,33.25,31.04,31.58,31.27,1.44,4.6051,17.2144,10418183,335725590.0,7917782600.0,1979609200.0
2015-08-13,'603818,曲美股份,31.27,31.39,30.21,30.6,30.79,0.48,1.5589,7.8647,4759721,146942759.0,7569216200.0,1892460400.0
2015-08-12,'603818,曲美股份,30.79,32.36,30.54,31.8,32.64,-1.85,-5.6679,12.5697,7607187,239612340.0,7453027400.0,1863410800.0
2015-08-11,'603818,曲美股份,32.64,33.63,32.26,33.25,33.15,-0.51,-1.5385,16.95,10258126,339251903.0,7900838400.0,1975372800.0
2015-08-10,'603818,曲美股份,33.15,33.68,31.37,31.58,31.66,1.49,4.7063,16.6461,10074230,327750002.0,8024289000.0,2006238000.0
2015-08-07,'603818,曲美股份,31.66,32.3,31.0,31.0,31.23,0.43,1.3769,11.5371,6982276,221546484.0,7663619600.0,1916063200.0
2015-08-06,'603818,曲美股份,31.23,33.28,30.7,32.4,33.8,-2.57,-7.6036,18.2587,11050169,353666878.0,7559533800.0,1890039600.0
2015-08-05,'603818,曲美股份,33.8,34.99,31.51,32.0,32.99,0.81,2.4553,29.3563,17766428,591797606.0,8181628000.0,2045576000.0
2015-08-04,'603818,曲美股份,32.99,33.1,30.2,31.36,31.28,1.71,5.4668,27.3236,16536232,530311921.0,7985559400.0,1996554800.0
2015-08-03,'603818,曲美股份,31.28,31.51,27.3,29.3,29.46,1.82,6.1779,21.8627,13231277,394527338.0,7571636800.0,1893065600.0
2015-07-31,'603818,曲美股份,29.46,30.7,27.68,28.0,28.68,0.78,2.7197,16.3981,9924149,290888437.0,7131087600.0,1782919200.0
2015-07-30,'603818,曲美股份,28.68,30.67,28.01,28.5,29.07,-0.39,-1.3416,18.0518,10924924,321952806.0,6942280800.0,1735713600.0
2015-07-29,'603818,曲美股份,29.07,29.12,24.88,26.95,26.47,2.6,9.8224,15.8305,9580643,260383443.0,7036684200.0,1759316400.0
2015-07-28,'603818,曲美股份,26.47,29.72,26.43,27.29,29.37,-2.9,-9.874,15.6141,9449671,257632856.0,6407328200.0,1601964400.0
2015-07-27,'603818,曲美股份,29.37,33.1,29.37,31.07,32.63,-3.26,-9.9908,14.5542,8808188,275328517.0,7109302200.0,1777472400.0
2015-07-24,'603818,曲美股份,32.63,34.78,31.83,33.0,33.41,-0.78,-2.3346,25.7718,15597074,524287499.0,7898417800.0,1974767600.0
2015-07-23,'603818,曲美股份,33.41,33.86,30.01,30.7,30.97,2.44,7.8786,22.7423,13763642,443973583.0,8087224600.0,2021973200.0
2015-07-22,'603818,曲美股份,30.97,31.86,29.86,31.4,31.51,-0.54,-1.7137,18.6568,11291069,350068845.0,7496598200.0,1874304400.0
2015-07-21,'603818,曲美股份,31.51,31.6,28.02,28.47,29.28,2.23,7.6161,22.862,13836065,416976507.0,7627310600.0,1906985200.0
2015-07-20,'603818,曲美股份,29.28,30.69,28.3,29.33,29.25,0.03,0.1026,23.65,14312973,423017877.0,7087516800.0,1772025600.0
2015-07-17,'603818,曲美股份,29.25,29.41,26.19,26.75,26.74,2.51,9.3867,22.2,13435449,377110949.0,7080255000.0,1770210000.0
2015-07-16,'603818,曲美股份,26.74,27.61,22.75,22.75,25.1,1.64,6.5339,21.6666,13112650,337335708.0,6472684400.0,1618304800.0
2015-07-15,'603818,曲美股份,25.1,26.97,24.61,26.97,24.52,0.58,2.3654,31.3573,18977468,498030964.0,6075706000.0,1519052000.0
2015-07-14,'603818,曲美股份,24.52,24.52,24.52,24.52,22.29,2.23,10.0045,0.2854,172751,4235855.0,5935311200.0,1483950400.0
2015-07-13,'603818,曲美股份,22.29,22.29,22.29,22.29,20.26,2.03,10.0197,0.2763,167238,3727735.0,5395517400.0,1348990800.0
2015-07-10,'603818,曲美股份,0.0,0.0,0.0,0.0,20.26,None,None,0.0,0,0.0,4904135600.0,1226135200.0
2015-07-09,'603818,曲美股份,0.0,0.0,0.0,0.0,20.26,None,None,0.0,0,0.0,4904135600.0,1226135200.0
2015-07-08,'603818,曲美股份,20.26,20.26,20.26,20.26,22.51,-2.25,-9.9956,0.7343,444400,9003544.0,4904135600.0,1226135200.0
2015-07-07,'603818,曲美股份,22.51,24.25,22.51,23.5,25.01,-2.5,-9.996,7.1431,4323016,99272455.0,5448770600.0,1362305200.0
2015-07-06,'603818,曲美股份,25.01,28.05,23.16,28.05,25.5,-0.49,-1.9216,17.3323,10489508,272089611.0,6053920600.0,1513605200.0
2015-07-03,'603818,曲美股份,25.5,29.1,25.21,26.78,28.01,-2.51,-8.9611,13.9036,8414486,225213950.0,6172530000.0,1543260000.0
2015-07-02,'603818,曲美股份,28.01,31.15,27.01,28.5,29.42,-1.41,-4.7927,14.968,9058608,260644761.0,6780100600.0,1695165200.0
2015-07-01,'603818,曲美股份,29.42,33.72,29.42,32.0,32.69,-3.27,-10.0031,16.8501,10197686,326837419.0,7121405200.0,1780498400.0
2015-06-30,'603818,曲美股份,32.69,33.3,28.05,29.51,31.17,1.52,4.8765,18.1209,10966778,335197291.0,7912941400.0,1978398800.0
2015-06-29,'603818,曲美股份,31.17,35.34,31.17,35.3,34.63,-3.46,-9.9913,13.4181,8120631,261598735.0,7545010200.0,1886408400.0
2015-06-26,'603818,曲美股份,34.63,37.48,34.63,37.48,38.48,-3.85,-10.0052,9.7377,5893251,210740911.0,8382537800.0,2095807600.0
2015-06-25,'603818,曲美股份,38.48,41.89,38.09,41.89,41.88,-3.4,-8.1184,12.4543,7537351,302275340.0,9314468800.0,2328809600.0
2015-06-24,'603818,曲美股份,41.88,42.88,40.5,42.7,42.3,-0.42,-0.9929,15.1444,9165380,383315095.0,10137472800.0,2534577600.0
2015-06-23,'603818,曲美股份,42.3,42.4,36.9,38.85,39.61,2.69,6.7912,15.246,9226899,371974738.0,10239138000.0,2559996000.0
2015-06-19,'603818,曲美股份,39.61,43.0,39.61,41.1,44.01,-4.4,-9.9977,11.6739,7065015,290823061.0,9587996600.0,2397197200.0
2015-06-18,'603818,曲美股份,44.01,48.66,43.62,47.51,48.47,-4.46,-9.2016,15.8468,9590499,438251817.0,10653060600.0,2663485200.0
2015-06-17,'603818,曲美股份,48.47,49.3,45.49,48.1,49.14,-0.67,-1.3635,15.8891,9616075,458866370.0,11732648200.0,2933404400.0
2015-06-16,'603818,曲美股份,49.14,50.87,44.32,45.92,48.45,0.69,1.4241,23.1335,14000413,666387023.0,11894828400.0,2973952800.0
2015-06-15,'603818,曲美股份,48.45,51.16,48.45,51.16,53.83,-5.38,-9.9944,22.2384,13458685,661495361.0,11727807000.0,2932194000.0
2015-06-12,'603818,曲美股份,53.83,62.0,53.02,59.6,57.59,-3.76,-6.5289,38.3718,23222617,1327664996.0,13030089800.0,3257791600.0
2015-06-11,'603818,曲美股份,57.59,57.59,50.0,50.0,52.35,5.24,10.0096,43.6087,26391955,1439854545.0,13940235400.0,3485346800.0
2015-06-10,'603818,曲美股份,52.35,52.35,45.94,46.5,47.59,4.76,10.0021,32.9611,19948073,1023514196.0,12671841000.0,3168222000.0
2015-06-09,'603818,曲美股份,47.59,48.88,44.51,46.55,46.6,0.99,2.1245,17.4689,10572174,501053438.0,11519635400.0,2880146800.0
2015-06-08,'603818,曲美股份,46.6,50.99,46.18,50.99,51.3,-4.7,-9.1618,23.8104,14410075,686793402.0,11279996000.0,2820232000.0
2015-06-05,'603818,曲美股份,51.3,52.46,49.0,51.0,50.67,0.63,1.2433,25.1524,15222255,777804795.0,12417678000.0,3104676000.0
2015-06-04,'603818,曲美股份,50.67,55.58,50.67,54.39,56.3,-5.63,-10.0,24.9566,15103758,782046778.0,12265180200.0,3066548400.0
2015-06-03,'603818,曲美股份,56.3,60.95,53.4,53.8,59.25,-2.95,-4.9789,30.4631,18436271,1045032104.0,13627978000.0,3407276000.0
2015-06-02,'603818,曲美股份,59.25,63.0,59.25,59.92,65.83,-6.58,-9.9954,12.7077,7690700,458567500.0,14342055000.0,3585810000.0
2015-06-01,'603818,曲美股份,65.83,72.5,65.83,70.0,73.14,-7.31,-9.9945,32.5964,19727322,1325967373.0,15934809800.0,3984031600.0
2015-05-29,'603818,曲美股份,73.14,73.14,59.84,59.84,66.49,6.65,10.0015,55.1125,33354103,2182721298.0,17704268400.0,4426432800.0
2015-05-28,'603818,曲美股份,66.49,81.27,66.49,81.27,73.88,-7.39,-10.0027,7.2817,4406869,329835490.0,16094569400.0,4023974800.0
2015-05-27,'603818,曲美股份,73.88,73.88,73.88,73.88,67.16,6.72,10.006,0.4468,270410,19977891.0,17883392800.0,4471217600.0
2015-05-26,'603818,曲美股份,67.16,67.16,67.16,67.16,61.05,6.11,10.0082,0.6145,371883,24975662.0,16256749600.0,4064523200.0
2015-05-25,'603818,曲美股份,61.05,61.05,58.0,60.7,55.5,5.55,10.0,10.3787,6281163,380396998.0,14777763000.0,3694746000.0
2015-05-22,'603818,曲美股份,55.5,55.5,53.05,55.2,50.45,5.05,10.0099,21.9831,13304199,734273545.0,13434330000.0,3358860000.0
2015-05-21,'603818,曲美股份,50.45,50.45,43.5,45.48,45.86,4.59,10.0087,27.3119,16529158,802782826.0,12211927000.0,3053234000.0
2015-05-20,'603818,曲美股份,45.86,46.94,39.46,42.0,42.69,3.17,7.4256,38.9381,23565334,1056042310.0,11100871600.0,2775447200.0
2015-05-19,'603818,曲美股份,42.69,42.69,36.02,42.69,38.81,3.88,9.9974,50.348,30470608,1227441920.0,10333541400.0,2583598800.0
2015-05-18,'603818,曲美股份,38.81,38.81,38.81,38.81,35.28,3.53,10.0057,0.992,600349,23299545.0,9394348600.0,2348781200.0
2015-05-15,'603818,曲美股份,35.28,35.28,33.9,35.25,32.07,3.21,10.0094,11.1939,6774547,237969522.0,8539876800.0,2135145600.0
2015-05-14,'603818,曲美股份,32.07,32.07,29.15,29.15,29.15,2.92,10.0172,13.5001,8170234,253281432.0,7762864200.0,1940876400.0
2015-05-13,'603818,曲美股份,29.15,29.88,27.42,28.0,28.44,0.71,2.4965,26.2142,15864807,454346909.0,7056049000.0,1764158000.0
2015-05-12,'603818,曲美股份,28.44,29.87,28.01,28.15,28.76,-0.32,-1.1127,28.9004,17490508,503135390.0,6884186400.0,1721188800.0
2015-05-11,'603818,曲美股份,28.76,29.0,25.61,26.47,26.5,2.26,8.5283,29.715,17983527,491517984.0,6961645600.0,1740555200.0
2015-05-08,'603818,曲美股份,26.5,26.95,24.8,25.07,25.19,1.31,5.2005,28.6753,17354263,448882544.0,6414590000.0,1603780000.0
2015-05-07,'603818,曲美股份,25.19,26.9,25.19,26.1,27.99,-2.8,-10.0036,28.4073,17192073,435988135.0,6097491400.0,1524498800.0
2015-05-06,'603818,曲美股份,27.99,30.44,27.7,30.44,27.7,0.29,1.0469,55.3082,33472547,969642329.0,6775259400.0,1693954800.0
2015-05-05,'603818,曲美股份,27.7,27.7,27.7,27.7,25.18,2.52,10.0079,2.2558,1365200,37816040.0,6705062000.0,1676404000.0
2015-05-04,'603818,曲美股份,25.18,25.18,25.18,25.18,22.89,2.29,10.0044,0.5701,345000,8687100.0,6095070800.0,1523893600.0
2015-04-30,'603818,曲美股份,22.89,22.89,22.89,22.89,20.81,2.08,9.9952,0.4205,254500,5825505.0,5540753400.0,1385302800.0
2015-04-29,'603818,曲美股份,20.81,20.81,20.81,20.81,18.92,1.89,9.9894,0.4177,252800,5260768.0,5037268600.0,1259421200.0
2015-04-28,'603818,曲美股份,18.92,18.92,18.92,18.92,17.2,1.72,10.0,0.2481,150150,2840838.0,4579775200.0,1145038400.0
2015-04-27,'603818,曲美股份,17.2,17.2,17.2,17.2,15.64,1.56,9.9744,0.0565,34200,588240.0,4163432000.0,1040944000.0
2015-04-24,'603818,曲美股份,15.64,15.64,15.64,15.64,14.22,1.42,9.9859,0.0317,19200,300288.0,3785818400.0,946532800.0
2015-04-23,'603818,曲美股份,14.22,14.22,14.22,14.22,12.93,1.29,9.9768,0.036,21800,309996.0,3442093200.0,860594400.0
2015-04-22,'603818,N曲美,12.93,12.93,12.93,12.93,8.98,3.95,43.9866,0.0826,50000,646500.0,3129835800.0,782523600.0
