日期,股票代码,名称,收盘价,最高价,最低价,开盘价,前收盘,涨跌额,涨跌幅,换手率,成交量,成交金额,总市值,流通市值
2017-05-15,'603887,城地股份,35.07,35.76,35.06,35.67,35.54,-0.47,-1.3225,1.2882,316900,11202123.0,3440367000.0,862722000.0
2017-05-12,'603887,城地股份,35.54,36.39,35.31,35.6,35.55,-0.01,-0.0281,2.065,508000,18195316.0,3486474000.0,874284000.0
2017-05-11,'603887,城地股份,35.55,36.04,34.16,36.04,36.22,-0.67,-1.8498,2.902,713887,25128216.0,3487455000.0,874530000.0
2017-05-10,'603887,城地股份,36.22,37.44,36.2,37.1,37.05,-0.83,-2.2402,1.7854,439200,16243888.0,3553182000.0,891012000.0
2017-05-09,'603887,城地股份,37.05,37.29,36.16,36.8,36.73,0.32,0.8712,1.6867,414928,15246108.0,3634605000.0,911430000.0
2017-05-08,'603887,城地股份,36.73,37.95,36.7,37.46,38.01,-1.28,-3.3675,1.6772,412600,15431203.0,3603213000.0,903558000.0
2017-05-05,'603887,城地股份,38.01,38.92,38.0,38.7,38.96,-0.95,-2.4384,1.7095,420525,16152914.0,3728781000.0,935046000.0
2017-05-04,'603887,城地股份,38.96,39.44,38.7,39.07,39.34,-0.38,-0.9659,1.7064,419775,16408464.0,3821976000.0,958416000.0
2017-05-03,'603887,城地股份,39.34,40.34,38.84,39.11,39.11,0.23,0.5881,2.3179,570200,22472549.0,3859254000.0,967764000.0
2017-05-02,'603887,城地股份,39.11,39.32,38.71,39.15,39.11,0.0,0.0,1.7606,433100,16872763.0,3836691000.0,962106000.0
2017-04-28,'603887,城地股份,39.11,39.42,38.4,38.76,38.75,0.36,0.929,2.0691,509000,19854725.0,3836691000.0,962106000.0
2017-04-27,'603887,城地股份,38.75,38.9,37.48,38.11,37.9,0.85,2.2427,3.1898,784690,30008728.0,3801375000.0,953250000.0
2017-04-26,'603887,城地股份,37.9,38.23,37.54,37.54,37.59,0.31,0.8247,1.8235,448571,16983789.0,3717990000.0,932340000.0
2017-04-25,'603887,城地股份,37.59,38.01,37.47,37.7,37.43,0.16,0.4275,1.6004,393700,14859842.0,3687579000.0,924714000.0
2017-04-24,'603887,城地股份,37.43,39.07,37.38,38.97,38.97,-1.54,-3.9518,2.048,503819,19071220.0,3671883000.0,920778000.0
2017-04-21,'603887,城地股份,38.97,39.66,38.91,39.64,39.44,-0.47,-1.1917,1.598,393100,15419438.0,3822957000.0,958662000.0
2017-04-20,'603887,城地股份,39.44,40.37,38.66,39.41,39.56,-0.12,-0.3033,2.5648,630939,24904703.0,3869064000.0,970224000.0
2017-04-19,'603887,城地股份,39.56,39.98,38.0,38.85,38.55,1.01,2.62,3.1951,785988,30749208.0,3880836000.0,973176000.0
2017-04-18,'603887,城地股份,38.55,40.34,38.52,39.9,39.79,-1.24,-3.1164,2.0695,509100,20123823.0,3781755000.0,948330000.0
2017-04-17,'603887,城地股份,39.79,42.49,38.99,42.31,43.08,-3.29,-7.637,3.3079,813751,33103419.0,3903399000.0,978834000.0
2017-04-14,'603887,城地股份,43.08,43.53,42.8,43.17,43.35,-0.27,-0.6228,1.9305,474911,20525071.0,4226148000.0,1059768000.0
2017-04-13,'603887,城地股份,43.35,43.73,43.08,43.27,43.25,0.1,0.2312,1.8067,444451,19292485.0,4252635000.0,1066410000.0
2017-04-12,'603887,城地股份,43.25,43.82,42.71,43.49,43.52,-0.27,-0.6204,2.389,587700,25449299.0,4242825000.0,1063950000.0
2017-04-11,'603887,城地股份,43.52,43.8,42.24,42.71,42.66,0.86,2.0159,2.9407,723419,31137685.0,4269312000.0,1070592000.0
2017-04-10,'603887,城地股份,42.66,45.32,42.0,45.12,45.12,-2.46,-5.4521,6.1912,1523047,66647179.0,4184946000.0,1049436000.0
2017-04-07,'603887,城地股份,45.12,45.9,45.1,45.71,45.7,-0.58,-1.2691,3.0194,742771,33673443.0,4426272000.0,1109952000.0
2017-04-06,'603887,城地股份,45.7,46.2,45.24,45.58,45.54,0.16,0.3513,3.3945,835045,38232016.0,4483170000.0,1124220000.0
2017-04-05,'603887,城地股份,45.54,45.74,44.82,45.6,44.72,0.82,1.8336,3.4271,843075,38290037.0,4467474000.0,1120284000.0
2017-03-31,'603887,城地股份,44.72,45.49,44.21,44.62,44.62,0.1,0.2241,3.3186,816386,36674846.0,4387032000.0,1100112000.0
2017-03-30,'603887,城地股份,44.62,47.0,44.52,47.0,47.17,-2.55,-5.406,7.5133,1848273,83959912.0,4377222000.0,1097652000.0
2017-03-29,'603887,城地股份,47.17,51.16,47.11,50.9,50.89,-3.72,-7.3099,10.4406,2568399,124393046.0,4627377000.0,1160382000.0
2017-03-28,'603887,城地股份,50.89,52.29,50.86,52.19,52.24,-1.35,-2.5842,6.1724,1518422,78326553.0,4992309000.0,1251894000.0
2017-03-27,'603887,城地股份,52.24,52.75,52.06,52.73,52.72,-0.48,-0.9105,4.8103,1183322,62017851.0,5124744000.0,1285104000.0
2017-03-24,'603887,城地股份,52.72,52.99,52.36,52.81,52.7,0.02,0.038,6.9639,1713130,90243846.0,5171832000.0,1296912000.0
2017-03-23,'603887,城地股份,52.7,52.85,51.5,52.23,52.45,0.25,0.4766,8.4511,2078973,108808338.0,5169870000.0,1296420000.0
2017-03-22,'603887,城地股份,52.45,52.85,51.2,52.6,52.97,-0.52,-0.9817,8.8296,2172087,113064571.0,5145345000.0,1290270000.0
2017-03-21,'603887,城地股份,52.97,53.57,52.4,52.42,52.52,0.45,0.8568,8.1505,2005013,106387599.0,5196357000.0,1303062000.0
2017-03-20,'603887,城地股份,52.52,52.59,51.59,52.0,52.76,-0.24,-0.4549,8.3139,2045218,106547739.0,5152212000.0,1291992000.0
2017-03-17,'603887,城地股份,52.76,55.19,51.5,54.63,56.97,-4.21,-7.3899,26.2399,6455023,345928285.0,5175756000.0,1297896000.0
2017-03-16,'603887,城地股份,56.97,57.5,54.5,56.0,55.36,1.61,2.9082,20.9227,5146988,287161427.0,5588757000.0,1401462000.0
2017-03-15,'603887,城地股份,55.36,55.48,52.86,53.0,53.37,1.99,3.7287,23.4668,5772828,314911810.0,5430816000.0,1361856000.0
2017-03-14,'603887,城地股份,53.37,53.5,52.56,53.02,53.39,-0.02,-0.0375,9.0487,2225968,117847364.0,5235597000.0,1312902000.0
2017-03-13,'603887,城地股份,53.39,53.51,52.02,52.42,52.45,0.94,1.7922,13.5549,3334495,176562520.0,5237559000.0,1313394000.0
2017-03-10,'603887,城地股份,52.45,54.5,49.57,49.74,49.65,2.8,5.6395,16.1461,3971931,207066250.0,5145345000.0,1290270000.0
2017-03-09,'603887,城地股份,49.65,49.92,49.31,49.92,49.9,-0.25,-0.501,3.4503,848767,42048808.0,4870665000.0,1221390000.0
2017-03-08,'603887,城地股份,49.9,50.24,49.31,49.6,49.81,0.09,0.1807,4.0157,987856,49249585.0,4895190000.0,1227540000.0
2017-03-07,'603887,城地股份,49.81,49.82,48.9,49.32,49.14,0.67,1.3635,4.3544,1071186,52934246.0,4886361000.0,1225326000.0
2017-03-06,'603887,城地股份,49.14,49.15,48.11,48.3,48.19,0.95,1.9714,3.05,750298,36580371.0,4820634000.0,1208844000.0
2017-03-03,'603887,城地股份,48.19,48.41,47.15,47.15,48.35,-0.16,-0.3309,2.0986,516251,24761967.0,4727439000.0,1185474000.0
2017-03-02,'603887,城地股份,48.35,48.99,48.28,48.47,48.46,-0.11,-0.227,1.8716,460418,22329128.0,4743135000.0,1189410000.0
2017-03-01,'603887,城地股份,48.46,48.99,48.3,48.7,48.78,-0.32,-0.656,2.238,550536,26794509.0,4753926000.0,1192116000.0
2017-02-28,'603887,城地股份,48.78,49.22,48.23,49.22,49.23,-0.45,-0.9141,4.6337,1139894,55400604.0,4785318000.0,1199988000.0
2017-02-27,'603887,城地股份,49.23,49.81,49.09,49.56,49.64,-0.41,-0.8259,2.4287,597451,29487351.0,4829463000.0,1211058000.0
2017-02-24,'603887,城地股份,49.64,49.85,48.75,48.75,48.77,0.87,1.7839,3.872,952508,46986650.0,4869684000.0,1221144000.0
2017-02-23,'603887,城地股份,48.77,49.22,48.28,48.5,48.7,0.07,0.1437,2.3003,565880,27550289.0,4784337000.0,1199742000.0
2017-02-22,'603887,城地股份,48.7,49.53,47.15,48.52,48.81,-0.11,-0.2254,2.2228,546804,26567622.0,4777470000.0,1198020000.0
2017-02-21,'603887,城地股份,48.81,50.15,47.88,48.02,48.07,0.74,1.5394,2.1482,528464,25951587.0,4788261000.0,1200726000.0
2017-02-20,'603887,城地股份,48.07,48.82,46.87,48.48,48.51,-0.44,-0.907,2.2298,548533,26336940.0,4715667000.0,1182522000.0
2017-02-17,'603887,城地股份,48.51,50.09,48.47,49.65,49.64,-1.13,-2.2764,2.7091,666443,32716414.0,4758831000.0,1193346000.0
2017-02-16,'603887,城地股份,49.64,50.21,49.3,50.05,50.14,-0.5,-0.9972,2.5667,631400,31385484.0,4869684000.0,1221144000.0
2017-02-15,'603887,城地股份,50.14,50.86,49.8,50.0,50.01,0.13,0.2599,3.6517,898324,45246424.0,4918734000.0,1233444000.0
2017-02-14,'603887,城地股份,50.01,50.76,49.52,49.52,49.83,0.18,0.3612,3.2513,799808,39975794.0,4905981000.0,1230246000.0
2017-02-13,'603887,城地股份,49.83,50.35,48.7,49.02,49.24,0.59,1.1982,3.5985,885240,43955683.0,4888323000.0,1225818000.0
2017-02-10,'603887,城地股份,49.24,50.0,48.88,49.02,49.46,-0.22,-0.4448,2.7746,682540,33647496.0,4830444000.0,1211304000.0
2017-02-09,'603887,城地股份,49.46,49.85,48.51,48.51,48.7,0.76,1.5606,2.8594,703424,34611330.0,4852026000.0,1216716000.0
2017-02-08,'603887,城地股份,48.7,48.94,48.01,48.16,48.32,0.38,0.7864,1.7849,439084,21287625.0,4777470000.0,1198020000.0
2017-02-07,'603887,城地股份,48.32,49.2,48.01,49.0,48.78,-0.46,-0.943,2.1313,524300,25411019.0,4740192000.0,1188672000.0
2017-02-06,'603887,城地股份,48.78,48.8,47.9,47.9,47.83,0.95,1.9862,2.0214,497260,24046178.0,4785318000.0,1199988000.0
2017-02-03,'603887,城地股份,47.83,48.72,47.7,48.72,47.86,-0.03,-0.0627,0.8545,210200,10067173.0,4692123000.0,1176618000.0
2017-01-26,'603887,城地股份,47.86,48.4,47.31,47.95,47.84,0.02,0.0418,1.3086,321911,15438086.0,4695066000.0,1177356000.0
2017-01-25,'603887,城地股份,47.84,47.95,47.53,47.8,47.73,0.11,0.2305,1.2941,318351,15215746.0,4693104000.0,1176864000.0
2017-01-24,'603887,城地股份,47.73,48.71,47.6,48.18,48.0,-0.27,-0.5625,1.0187,250600,11989681.0,4682313000.0,1174158000.0
2017-01-23,'603887,城地股份,48.0,48.28,47.44,47.44,47.49,0.51,1.0739,1.7499,430469,20636762.0,4708800000.0,1180800000.0
2017-01-20,'603887,城地股份,47.49,47.69,46.3,46.3,46.69,0.8,1.7134,2.3668,582240,27563382.0,4658769000.0,1168254000.0
2017-01-19,'603887,城地股份,46.69,47.39,45.55,46.48,46.48,0.21,0.4518,2.4023,590954,27647777.0,4580289000.0,1148574000.0
2017-01-18,'603887,城地股份,46.48,47.47,46.4,47.46,47.7,-1.22,-2.5577,1.85,455111,21345153.0,4559688000.0,1143408000.0
2017-01-17,'603887,城地股份,47.7,48.47,44.0,46.05,47.12,0.58,1.2309,4.1233,1014341,47259785.0,4679370000.0,1173420000.0
2017-01-16,'603887,城地股份,47.12,50.99,46.54,50.99,51.71,-4.59,-8.8764,7.1573,1760688,85836280.0,4622472000.0,1159152000.0
2017-01-13,'603887,城地股份,51.71,54.29,51.5,53.24,52.88,-1.17,-2.2126,6.6991,1647972,87223117.0,5072751000.0,1272066000.0
2017-01-12,'603887,城地股份,52.88,54.3,51.25,51.25,51.23,1.65,3.2208,8.6315,2123340,112161713.0,5187528000.0,1300848000.0
2017-01-11,'603887,城地股份,51.23,52.4,51.03,52.4,52.0,-0.77,-1.4808,3.2875,808734,41769102.0,5025663000.0,1260258000.0
2017-01-10,'603887,城地股份,52.0,52.5,51.75,51.99,51.8,0.2,0.3861,3.6159,889517,46376164.0,5101200000.0,1279200000.0
2017-01-09,'603887,城地股份,51.8,52.5,51.41,52.01,52.37,-0.57,-1.0884,4.172,1026304,53226665.0,5081580000.0,1274280000.0
2017-01-06,'603887,城地股份,52.37,54.85,52.05,54.68,54.71,-2.34,-4.2771,6.5529,1612012,85769351.0,5137497000.0,1288302000.0
2017-01-05,'603887,城地股份,54.71,55.25,54.69,55.05,55.05,-0.34,-0.6176,4.0203,988987,54316716.0,5367051000.0,1345866000.0
2017-01-04,'603887,城地股份,55.05,55.21,54.64,54.9,54.82,0.23,0.4196,3.9566,973332,53439822.0,5400405000.0,1354230000.0
2017-01-03,'603887,城地股份,54.82,54.88,54.2,54.21,54.3,0.52,0.9576,3.1702,779876,42561037.0,5377842000.0,1348572000.0
2016-12-30,'603887,城地股份,54.3,54.97,54.06,54.7,54.76,-0.46,-0.84,3.0033,738801,40268281.0,5326830000.0,1335780000.0
2016-12-29,'603887,城地股份,54.76,55.2,54.7,54.81,54.96,-0.2,-0.3639,3.2218,792551,43536686.0,5371956000.0,1347096000.0
2016-12-28,'603887,城地股份,54.96,55.09,54.6,54.89,54.92,0.04,0.0728,3.9752,977908,53690175.0,5391576000.0,1352016000.0
2016-12-27,'603887,城地股份,54.92,55.0,54.21,54.5,54.93,-0.01,-0.0182,5.237,1288314,70654599.0,5387652000.0,1351032000.0
2016-12-26,'603887,城地股份,54.93,55.09,52.88,54.31,54.51,0.42,0.7705,6.2088,1527371,82645531.0,5388633000.0,1351278000.0
2016-12-23,'603887,城地股份,54.51,55.45,54.18,55.35,55.58,-1.07,-1.9252,7.9598,1958114,107259744.0,5347431000.0,1340946000.0
2016-12-22,'603887,城地股份,55.58,55.95,54.28,55.9,55.96,-0.38,-0.6791,10.6038,2608538,143743730.0,5452398000.0,1367268000.0
2016-12-21,'603887,城地股份,55.96,57.7,55.6,57.68,56.53,-0.57,-1.0083,8.3033,2042602,114936175.0,5489676000.0,1376616000.0
2016-12-20,'603887,城地股份,56.53,56.98,55.33,56.11,56.22,0.31,0.5514,6.5814,1619027,90684638.0,5545593000.0,1390638000.0
2016-12-19,'603887,城地股份,56.22,56.99,55.8,56.5,56.74,-0.52,-0.9165,6.0732,1494009,84016851.0,5515182000.0,1383012000.0
2016-12-16,'603887,城地股份,56.74,59.0,55.19,58.99,59.78,-3.04,-5.0853,16.6329,4091702,232516376.0,5566194000.0,1395804000.0
2016-12-15,'603887,城地股份,59.78,65.41,56.8,65.41,59.46,0.32,0.5382,15.3461,3775148,226610303.0,5864418000.0,1470588000.0
2016-12-14,'603887,城地股份,59.46,63.74,57.01,63.74,63.34,-3.88,-6.1257,14.9593,3679998,224067902.0,5833026000.0,1462716000.0
2016-12-13,'603887,城地股份,63.34,65.65,61.5,65.0,64.86,-1.52,-2.3435,10.3441,2544658,161815875.0,6213654000.0,1558164000.0
2016-12-12,'603887,城地股份,64.86,68.44,63.7,68.13,67.46,-2.6,-3.8541,13.094,3221135,211943435.0,6362766000.0,1595556000.0
2016-12-09,'603887,城地股份,67.46,68.06,65.28,66.95,67.28,0.18,0.2675,21.8398,5372593,358507844.0,6617826000.0,1659516000.0
2016-12-08,'603887,城地股份,67.28,67.3,64.7,65.23,65.0,2.28,3.5077,26.2759,6463867,428099180.0,6600168000.0,1655088000.0
2016-12-07,'603887,城地股份,65.0,66.0,64.0,64.65,64.72,0.28,0.4326,13.7517,3382929,220482987.0,6376500000.0,1599000000.0
2016-12-06,'603887,城地股份,64.72,66.5,64.4,65.18,65.14,-0.42,-0.6448,6.7271,1654878,107418620.0,6349032000.0,1592112000.0
2016-12-05,'603887,城地股份,65.14,65.2,63.05,63.9,65.3,-0.16,-0.245,8.6965,2139351,137661966.0,6390234000.0,1602444000.0
2016-12-02,'603887,城地股份,65.3,67.55,63.9,67.32,66.72,-1.42,-2.1283,12.7645,3140078,204775022.0,6405930000.0,1606380000.0
2016-12-01,'603887,城地股份,66.72,67.01,61.2,64.21,64.46,2.26,3.5061,9.677,2380533,154669779.0,6545232000.0,1641312000.0
2016-11-30,'603887,城地股份,64.46,64.55,62.92,64.25,64.3,0.16,0.2488,7.0311,1729646,110619899.0,6323526000.0,1585716000.0
2016-11-29,'603887,城地股份,64.3,67.57,64.0,67.13,67.45,-3.15,-4.6701,9.4347,2320932,153330674.0,6307830000.0,1581780000.0
2016-11-28,'603887,城地股份,67.45,68.9,67.0,68.9,68.96,-1.51,-2.1897,7.0411,1732116,117001103.0,6616845000.0,1659270000.0
2016-11-25,'603887,城地股份,68.96,69.99,65.5,68.12,69.02,-0.06,-0.0869,12.4744,3068693,208348450.0,6764976000.0,1696416000.0
2016-11-24,'603887,城地股份,69.02,70.37,67.6,69.24,70.07,-1.05,-1.4985,14.996,3689020,254659842.0,6770862000.0,1697892000.0
2016-11-23,'603887,城地股份,70.07,70.98,69.27,69.9,70.77,-0.7,-0.9891,16.6484,4095504,287199627.0,6873867000.0,1723722000.0
2016-11-22,'603887,城地股份,70.77,71.0,68.05,68.05,68.0,2.77,4.0735,22.594,5558118,387969797.0,6942537000.0,1740942000.0
2016-11-21,'603887,城地股份,68.0,68.03,65.08,66.82,66.89,1.11,1.6594,14.0846,3464816,230643692.0,6670800000.0,1672800000.0
2016-11-18,'603887,城地股份,66.89,68.1,65.81,66.56,66.15,0.74,1.1187,11.0285,2713021,182432248.0,6561909000.0,1645494000.0
2016-11-17,'603887,城地股份,66.15,66.59,65.02,65.13,65.55,0.6,0.9153,8.9969,2213235,145970958.0,6489315000.0,1627290000.0
2016-11-16,'603887,城地股份,65.55,68.42,65.11,68.08,68.28,-2.73,-3.9982,15.3737,3781933,253069037.0,6430455000.0,1612530000.0
2016-11-15,'603887,城地股份,68.28,70.2,67.85,69.76,69.93,-1.65,-2.3595,14.1643,3484426,239379013.0,6698268000.0,1679688000.0
2016-11-14,'603887,城地股份,69.93,74.3,69.88,73.3,73.88,-3.95,-5.3465,21.609,5315808,380189863.0,6860133000.0,1720278000.0
2016-11-11,'603887,城地股份,73.88,75.5,72.05,72.4,73.27,0.61,0.8325,32.1937,7919659,583635692.0,7247628000.0,1817448000.0
2016-11-10,'603887,城地股份,73.27,74.88,69.5,70.3,69.75,3.52,5.0466,36.7924,9050926,655091417.0,7187787000.0,1802442000.0
2016-11-09,'603887,城地股份,69.75,70.98,67.61,68.63,68.73,1.02,1.4841,24.9107,6128032,423814965.0,6842475000.0,1715850000.0
2016-11-08,'603887,城地股份,68.73,69.4,67.62,69.0,68.86,-0.13,-0.1888,15.3399,3773627,258305358.0,6742413000.0,1690758000.0
2016-11-07,'603887,城地股份,68.86,69.48,67.51,68.44,68.22,0.64,0.9381,17.9322,4411331,302647958.0,6755166000.0,1693956000.0
2016-11-04,'603887,城地股份,68.22,68.99,66.8,68.0,69.28,-1.06,-1.53,22.1477,5448335,369749481.0,6692382000.0,1678212000.0
2016-11-03,'603887,城地股份,69.28,73.19,67.8,71.21,72.7,-3.42,-4.7043,36.454,8967689,634709835.0,6796368000.0,1704288000.0
2016-11-02,'603887,城地股份,72.7,75.14,69.02,69.9,72.2,0.5,0.6925,44.9946,11068669,796179527.0,7131870000.0,1788420000.0
2016-11-01,'603887,城地股份,72.2,77.99,70.11,72.9,73.01,-0.81,-1.1094,60.6971,14931487,1102829326.0,7082820000.0,1776120000.0
2016-10-31,'603887,城地股份,73.01,73.01,66.81,67.9,66.37,6.64,10.0045,70.3652,17309831,1211643782.0,7162281000.0,1796046000.0
2016-10-28,'603887,城地股份,66.37,66.37,66.37,66.37,60.34,6.03,9.9934,1.666,409834,27200683.0,6510897000.0,1632702000.0
2016-10-27,'603887,城地股份,60.34,60.34,60.34,60.34,54.85,5.49,10.0091,13.0241,3203940,193325740.0,5919354000.0,1484364000.0
2016-10-26,'603887,城地股份,54.85,54.85,54.85,54.85,49.86,4.99,10.008,1.026,252402,13844250.0,5380785000.0,1349310000.0
2016-10-25,'603887,城地股份,49.86,49.86,49.86,49.86,45.33,4.53,9.9934,0.6864,168844,8418562.0,4891266000.0,1226556000.0
2016-10-24,'603887,城地股份,45.33,45.33,45.33,45.33,41.21,4.12,9.9976,0.7426,182669,8280386.0,4446873000.0,1115118000.0
2016-10-21,'603887,城地股份,41.21,41.21,41.21,41.21,37.46,3.75,10.0107,0.4136,101734,4192458.0,4042701000.0,1013766000.0
2016-10-20,'603887,城地股份,37.46,37.46,37.46,37.46,34.05,3.41,10.0147,0.1199,29500,1105070.0,3674826000.0,921516000.0
2016-10-19,'603887,城地股份,34.05,34.05,34.05,34.05,30.95,3.1,10.0162,0.1358,33411,1137645.0,3340305000.0,837630000.0
2016-10-18,'603887,城地股份,30.95,30.95,30.95,30.95,28.14,2.81,9.9858,0.1222,30062,930419.0,3036195000.0,761370000.0
2016-10-17,'603887,城地股份,28.14,28.14,28.14,28.14,25.58,2.56,10.0078,0.0476,11700,329238.0,2760534000.0,692244000.0
2016-10-14,'603887,城地股份,25.58,25.58,25.58,25.58,23.25,2.33,10.0215,0.074,18211,465837.0,2509398000.0,629268000.0
2016-10-13,'603887,城地股份,23.25,23.25,23.25,23.25,21.14,2.11,9.9811,0.0398,9800,227850.0,2280825000.0,571950000.0
2016-10-12,'603887,城地股份,21.14,21.14,21.14,21.14,19.22,1.92,9.9896,0.0207,5100,107814.0,2073834000.0,520044000.0
2016-10-11,'603887,城地股份,19.22,19.22,19.22,19.22,17.47,1.75,10.0172,0.0065,1600,30752.0,1885482000.0,472812000.0
2016-10-10,'603887,N城地,17.47,17.47,14.56,14.56,12.13,5.34,44.0231,0.0363,8936,155821.0,1713807000.0,429762000.0
