日期,股票代码,名称,收盘价,最高价,最低价,开盘价,前收盘,涨跌额,涨跌幅,换手率,成交量,成交金额,总市值,流通市值
2017-05-15,'603869,北部湾旅,27.51,27.9,27.19,27.19,27.19,0.32,1.1769,0.9962,725947,20085529.0,9595660432.68,2004732928.8
2017-05-12,'603869,北部湾旅,27.19,27.42,26.83,27.24,27.22,-0.03,-0.1102,0.8826,643164,17410893.0,9484042426.92,1981413607.2
2017-05-11,'603869,北部湾旅,27.22,28.27,26.0,28.05,28.32,-1.1,-3.8842,2.3545,1715812,46606016.0,9494506614.96,1983599793.6
2017-05-10,'603869,北部湾旅,28.32,29.34,28.11,29.18,29.18,-0.86,-2.9472,2.0365,1484036,42500566.0,9878193509.76,2063759961.6
2017-05-09,'603869,北部湾旅,29.18,29.27,28.0,28.0,28.1,1.08,3.8434,1.5875,1156866,33228563.0,10178166900.2,2126430638.4
2017-05-08,'603869,北部湾旅,28.1,28.75,28.01,28.5,28.66,-0.56,-1.9539,1.2273,894390,25387048.0,9801456130.8,2047727928.0
2017-05-05,'603869,北部湾旅,28.66,29.06,28.57,29.0,28.89,-0.23,-0.7961,1.2086,880731,25430499.0,9996787640.88,2088536740.8
2017-05-04,'603869,北部湾旅,28.89,29.44,28.7,28.76,28.76,0.13,0.452,1.7796,1296827,37710619.0,10077013082.5,2105297503.2
2017-05-03,'603869,北部湾旅,28.76,29.37,28.56,29.1,29.16,-0.4,-1.3717,1.2319,897709,25887649.0,10031668267.7,2095824028.8
2017-05-02,'603869,北部湾旅,29.16,30.14,29.0,30.01,30.15,-0.99,-3.2836,1.9962,1454672,42672714.0,10171190774.9,2124973180.8
2017-04-28,'603869,北部湾旅,30.15,30.39,29.77,30.09,30.1,0.05,0.1661,1.0746,783115,23570470.0,10516508980.2,2197117332.0
2017-04-27,'603869,北部湾旅,30.1,30.32,29.4,29.69,29.64,0.46,1.552,1.4,1020207,30499779.0,10499068666.8,2193473688.0
2017-04-26,'603869,北部湾旅,29.64,29.99,29.58,29.6,29.38,0.26,0.885,1.1941,870175,25879490.0,10338617783.5,2159952163.2
2017-04-25,'603869,北部湾旅,29.38,29.88,29.12,29.12,29.52,-0.14,-0.4743,1.3063,951902,28127847.0,10247928153.8,2141005214.4
2017-04-24,'603869,北部湾旅,29.52,29.68,28.0,29.23,29.28,0.24,0.8197,2.4072,1754195,50800821.0,10296761031.4,2151207417.6
2017-04-21,'603869,北部湾旅,29.28,31.63,29.23,31.36,31.9,-2.62,-8.2132,4.6258,3370942,101445915.0,10213047527.0,2133717926.4
2017-04-20,'603869,北部湾旅,31.9,33.3,31.72,33.0,31.7,0.2,0.6309,3.4517,2515322,81456322.0,11126919949.2,2324644872.0
2017-04-19,'603869,北部湾旅,31.7,32.36,31.58,32.0,32.24,-0.54,-1.6749,1.6129,1175380,37382547.0,11057158695.6,2310070296.0
2017-04-18,'603869,北部湾旅,32.24,32.98,31.76,32.19,32.1,0.14,0.4361,2.7432,1999028,64901634.0,11245514080.3,2349421651.2
2017-04-17,'603869,北部湾旅,32.1,32.28,31.0,31.5,31.71,0.39,1.2299,2.0831,1518011,48293172.0,11196681202.8,2339219448.0
2017-04-14,'603869,北部湾旅,31.71,32.1,31.4,32.1,32.19,-0.48,-1.4911,2.019,1471301,46542398.0,11060646758.3,2310799024.8
2017-04-13,'603869,北部湾旅,32.19,32.45,31.31,32.4,32.29,-0.1,-0.3097,3.2817,2391459,76188603.0,11228073766.9,2345778007.2
2017-04-12,'603869,北部湾旅,32.29,33.34,31.77,33.1,33.41,-1.12,-3.3523,3.2152,2343037,76323956.0,11262954393.7,2353065295.2
2017-04-11,'603869,北部湾旅,33.41,34.21,32.68,34.21,33.91,-0.5,-1.4745,4.0864,2977888,98785034.0,11653617413.9,2434682920.8
2017-04-10,'603869,北部湾旅,33.91,35.0,33.5,33.58,33.91,0.0,0.0,6.4635,4710119,162406457.0,11828020547.9,2471119360.8
2017-04-07,'603869,北部湾旅,33.91,34.29,32.71,33.82,33.58,0.33,0.9827,4.7091,3431637,114918627.0,11828020547.9,2471119360.8
2017-04-06,'603869,北部湾旅,33.58,35.0,33.1,33.1,32.37,1.21,3.738,9.8904,7207387,244909084.0,11712914479.4,2447071310.4
2017-04-05,'603869,北部湾旅,32.37,32.49,31.6,31.82,31.66,0.71,2.2426,2.8494,2076431,66584405.0,11290858895.2,2358895125.6
2017-03-31,'603869,北部湾旅,31.66,32.29,31.62,32.14,31.84,-0.18,-0.5653,2.0393,1486098,47344174.0,11043206444.9,2307155380.8
2017-03-30,'603869,北部湾旅,31.84,33.1,31.6,33.1,32.88,-1.04,-3.163,3.9761,2897533,93120652.0,11105991573.1,2320272499.2
2017-03-29,'603869,北部湾旅,32.88,33.15,32.02,32.1,32.43,0.45,1.3876,5.3029,3864380,125826839.0,11468750091.8,2396060294.4
2017-03-28,'603869,北部湾旅,32.43,33.14,31.13,31.28,30.98,1.45,4.6804,6.2457,4551449,146844632.0,11311787271.2,2363267498.4
2017-03-27,'603869,北部湾旅,30.98,32.28,30.94,31.79,31.91,-0.93,-2.9144,2.8834,2101213,66393659.0,10806018182.6,2257601822.4
2017-03-24,'603869,北部湾旅,31.91,32.12,31.55,32.0,32.09,-0.18,-0.5609,3.3714,2456814,78110978.0,11130408011.9,2325373600.8
2017-03-23,'603869,北部湾旅,32.09,32.15,30.8,30.99,31.03,1.06,3.416,5.3639,3908806,123138445.0,11193193140.1,2338490719.2
2017-03-22,'603869,北部湾旅,31.03,31.29,30.4,30.82,30.88,0.15,0.4858,3.0714,2238234,69022763.0,10823458496.0,2261245466.4
2017-03-21,'603869,北部湾旅,30.88,31.18,30.54,30.74,30.8,0.08,0.2597,3.2671,2380863,73444902.0,10771137555.8,2250314534.4
2017-03-20,'603869,北部湾旅,30.8,30.83,29.71,29.75,29.91,0.89,2.9756,3.422,2493716,76189353.0,10743233054.4,2244484704.0
2017-03-17,'603869,北部湾旅,29.91,31.0,29.86,30.28,30.15,-0.24,-0.796,2.8044,2043640,62219324.0,10432795475.9,2179627840.8
2017-03-16,'603869,北部湾旅,30.15,30.16,29.66,29.68,29.64,0.51,1.7206,1.9464,1418373,42548453.0,10516508980.2,2197117332.0
2017-03-15,'603869,北部湾旅,29.64,29.99,29.5,29.67,29.65,-0.01,-0.0337,1.7199,1253338,37218487.0,10338617783.5,2159952163.2
2017-03-14,'603869,北部湾旅,29.65,30.3,29.52,30.18,30.19,-0.54,-1.7887,1.9608,1428874,42665539.0,10342105846.2,2160680892.0
2017-03-13,'603869,北部湾旅,30.19,30.39,29.52,29.78,29.77,0.42,1.4108,1.4092,1026898,30875389.0,10530461230.9,2200032247.2
2017-03-10,'603869,北部湾旅,29.77,30.0,29.55,29.72,29.69,0.08,0.2695,1.1066,806418,24048145.0,10383962598.4,2169425637.6
2017-03-09,'603869,北部湾旅,29.69,30.23,29.58,30.23,30.08,-0.39,-1.2965,1.0434,760383,22585684.0,10356058096.9,2163595807.2
2017-03-08,'603869,北部湾旅,30.08,30.78,30.02,30.75,30.67,-0.59,-1.9237,1.5996,1165700,35241581.0,10492092541.4,2192016230.4
2017-03-07,'603869,北部湾旅,30.67,31.08,30.08,30.08,30.05,0.62,2.0632,3.4674,2526775,77396594.0,10697888239.6,2235011229.6
2017-03-06,'603869,北部湾旅,30.05,30.18,29.38,29.55,29.33,0.72,2.4548,2.556,1862643,55619792.0,10481628353.4,2189830044.0
2017-03-03,'603869,北部湾旅,29.33,29.54,29.13,29.13,29.23,0.1,0.3421,0.9271,675611,19827950.0,10230487840.4,2137361570.4
2017-03-02,'603869,北部湾旅,29.23,29.9,29.2,29.82,29.82,-0.59,-1.9785,1.3745,1001613,29591578.0,10195607213.6,2130074282.4
2017-03-01,'603869,北部湾旅,29.82,29.97,29.59,29.89,29.89,-0.07,-0.2342,1.3593,990540,29447212.0,10401402911.8,2173069281.6
2017-02-28,'603869,北部湾旅,29.89,30.18,29.69,30.18,30.03,-0.14,-0.4662,1.3102,954745,28497895.0,10425819350.5,2178170383.2
2017-02-27,'603869,北部湾旅,30.03,30.11,29.4,29.5,29.53,0.5,1.6932,2.8529,2078968,62180213.0,10474652228.0,2188372586.4
2017-02-24,'603869,北部湾旅,29.53,29.7,29.23,29.7,29.53,0.0,0.0,1.6415,1196194,35199516.0,10300249094.0,2151936146.4
2017-02-23,'603869,北部湾旅,29.53,29.7,29.2,29.3,29.4,0.13,0.4422,1.7888,1303564,38380280.0,10300249094.0,2151936146.4
2017-02-22,'603869,北部湾旅,29.4,29.68,29.21,29.68,29.5,-0.1,-0.339,1.5791,1150701,33795882.0,10254904279.2,2142462672.0
2017-02-21,'603869,北部湾旅,29.5,29.91,29.43,29.5,29.49,0.01,0.0339,1.8268,1331265,39333716.0,10289784906.0,2149749960.0
2017-02-20,'603869,北部湾旅,29.49,29.84,28.93,29.44,29.32,0.17,0.5798,2.4446,1781425,52289812.0,10286296843.3,2149021231.2
2017-02-17,'603869,北部湾旅,29.32,29.88,29.17,29.83,29.77,-0.45,-1.5116,1.7579,1281016,37742820.0,10226999777.8,2136632841.6
2017-02-16,'603869,北部湾旅,29.77,29.89,29.38,29.62,29.62,0.15,0.5064,1.6413,1196099,35452964.0,10383962598.4,2169425637.6
2017-02-15,'603869,北部湾旅,29.62,30.32,29.6,30.0,30.34,-0.72,-2.3731,2.8188,2054160,61391588.0,10331641658.2,2158494705.6
2017-02-14,'603869,北部湾旅,30.34,30.86,30.15,30.35,30.53,-0.19,-0.6223,3.456,2518502,76660600.0,10582782171.1,2210963179.2
2017-02-13,'603869,北部湾旅,30.53,30.64,29.73,30.21,30.52,0.01,0.0328,4.5238,3296644,99527654.0,10649055362.0,2224809026.4
2017-02-10,'603869,北部湾旅,30.52,32.67,30.2,32.0,31.28,-0.76,-2.4297,9.6645,7042785,220715952.0,10645567299.4,2224080297.6
2017-02-09,'603869,北部湾旅,31.28,31.28,29.58,30.16,28.44,2.84,9.9859,2.6546,1934499,59858549.0,10910660063.0,2279463686.4
2017-02-08,'603869,北部湾旅,28.44,28.69,28.08,28.26,28.12,0.32,1.138,2.1032,1532673,43556473.0,9920050261.92,2072504707.2
2017-02-07,'603869,北部湾旅,28.12,28.3,28.06,28.24,28.23,-0.11,-0.3897,1.2691,924842,26046943.0,9808432256.16,2049185385.6
2017-02-06,'603869,北部湾旅,28.23,28.43,27.91,28.43,28.41,-0.18,-0.6336,2.9831,2173889,61138133.0,9846800945.64,2057201402.4
2017-02-03,'603869,北部湾旅,28.41,28.75,28.01,28.45,28.47,-0.06,-0.2107,0.96,699545,19725142.0,9909586073.88,2070318520.8
2017-01-26,'603869,北部湾旅,28.47,28.58,28.13,28.46,28.46,0.01,0.0351,1.0822,788665,22318759.0,9930514449.96,2074690893.6
2017-01-25,'603869,北部湾旅,28.46,28.5,27.45,27.54,27.54,0.92,3.3406,1.3646,994459,27979555.0,9927026387.28,2073962164.8
2017-01-24,'603869,北部湾旅,27.54,27.93,27.36,27.66,27.93,-0.39,-1.3963,0.8872,646510,17862143.0,9606124620.72,2006919115.2
2017-01-23,'603869,北部湾旅,27.93,28.16,27.58,27.65,27.88,0.05,0.1793,0.9035,658401,18368991.0,9742159065.24,2035339538.4
2017-01-20,'603869,北部湾旅,27.88,28.28,27.55,27.68,27.34,0.54,1.9751,1.2986,946331,26396207.0,9724718751.84,2031695894.4
2017-01-19,'603869,北部湾旅,27.34,27.58,27.2,27.27,27.32,0.02,0.0732,1.0361,755072,20668333.0,9536363367.12,1992344539.2
2017-01-18,'603869,北部湾旅,27.32,27.66,26.5,26.79,26.92,0.4,1.4859,1.818,1324798,36318740.0,9529387241.76,1990887081.6
2017-01-17,'603869,北部湾旅,26.92,27.24,25.73,26.9,26.96,-0.04,-0.1484,2.9795,2171265,57365801.0,9389864734.56,1961737929.6
2017-01-16,'603869,北部湾旅,26.96,29.51,26.58,29.42,29.53,-2.57,-8.703,3.6606,2667557,73373943.0,9403816985.28,1964652844.8
2017-01-13,'603869,北部湾旅,29.53,30.2,29.51,30.2,30.18,-0.65,-2.1537,1.0257,747480,22246432.0,10300249094.0,2151936146.4
2017-01-12,'603869,北部湾旅,30.18,30.59,30.09,30.2,30.37,-0.19,-0.6256,1.1527,839988,25544586.0,10526973168.2,2199303518.4
2017-01-11,'603869,北部湾旅,30.37,30.85,29.95,30.7,30.75,-0.38,-1.2358,1.4512,1057506,32097574.0,10593246359.2,2213149365.6
2017-01-10,'603869,北部湾旅,30.75,31.35,30.55,31.08,31.06,-0.31,-0.9981,1.3639,993880,30660558.0,10725792741.0,2240841060.0
2017-01-09,'603869,北部湾旅,31.06,31.3,30.3,30.98,31.3,-0.24,-0.7668,2.444,1780979,54813903.0,10833922684.1,2263431652.8
2017-01-06,'603869,北部湾旅,31.3,31.87,30.8,31.02,31.13,0.17,0.5461,2.921,2128621,66946010.0,10917636188.4,2280921144.0
2017-01-05,'603869,北部湾旅,31.13,31.74,30.47,30.47,30.64,0.49,1.5992,4.7224,3441384,107841442.0,10858339122.8,2268532754.4
2017-01-04,'603869,北部湾旅,30.64,31.13,30.28,30.88,30.82,-0.18,-0.584,2.9504,2150006,65876075.0,10687424051.5,2232825043.2
2017-01-03,'603869,北部湾旅,30.82,31.26,28.22,28.22,28.43,2.39,8.4066,5.1792,3774254,113754621.0,10750209179.8,2245942161.6
2016-12-30,'603869,北部湾旅,28.43,28.92,28.38,28.92,28.63,-0.2,-0.6986,1.0588,771543,22141663.0,9916562199.24,2071775978.4
2016-12-29,'603869,北部湾旅,28.63,29.15,28.53,28.98,29.06,-0.43,-1.4797,0.9858,718417,20689614.0,9986323452.84,2086350554.4
2016-12-28,'603869,北部湾旅,29.06,29.44,28.9,29.03,29.26,-0.2,-0.6835,0.8806,641696,18645072.0,10136310148.1,2117685892.8
2016-12-27,'603869,北部湾旅,29.26,29.59,29.02,29.28,29.27,-0.01,-0.0342,1.7192,1252835,36818260.0,10206071401.7,2132260468.8
2016-12-26,'603869,北部湾旅,29.27,29.29,27.8,28.26,28.4,0.87,3.0634,1.4315,1043148,29819589.0,10209559464.4,2132989197.6
2016-12-23,'603869,北部湾旅,28.4,29.16,28.38,29.04,29.04,-0.64,-2.2039,1.0787,786068,22526760.0,9906098011.2,2069589792.0
2016-12-22,'603869,北部湾旅,29.04,29.4,28.95,29.21,29.33,-0.29,-0.9887,1.2917,941267,27352487.0,10129334022.7,2116228435.2
2016-12-21,'603869,北部湾旅,29.33,29.53,29.02,29.15,29.09,0.24,0.825,1.798,1310288,38295799.0,10230487840.4,2137361570.4
2016-12-20,'603869,北部湾旅,29.09,29.37,28.7,28.8,28.79,0.3,1.042,1.6001,1166020,33899061.0,10146774336.1,2119872079.2
2016-12-19,'603869,北部湾旅,28.79,28.9,28.5,28.65,28.73,0.06,0.2088,1.0155,740002,21202657.0,10042132455.7,2098010215.2
2016-12-16,'603869,北部湾旅,28.73,29.25,28.21,28.4,28.39,0.34,1.1976,1.8481,1346733,38604782.0,10021204079.6,2093637842.4
2016-12-15,'603869,北部湾旅,28.39,28.56,27.73,27.73,27.96,0.43,1.5379,1.7646,1285885,36279378.0,9902609948.52,2068861063.2
2016-12-14,'603869,北部湾旅,27.96,28.86,27.85,28.36,28.54,-0.58,-2.0322,1.5709,1144730,32396342.0,9752623253.28,2037525724.8
2016-12-13,'603869,北部湾旅,28.54,28.9,27.9,28.82,28.82,-0.28,-0.9715,2.0938,1525833,43102675.0,9954930888.72,2079791995.2
2016-12-12,'603869,北部湾旅,28.82,30.5,28.8,30.21,30.57,-1.75,-5.7246,2.9026,2115198,62044967.0,10052596643.8,2100196401.6
2016-12-09,'603869,北部湾旅,30.57,30.7,30.3,30.5,30.51,0.06,0.1967,1.3298,969056,29572452.0,10663007612.8,2227723941.6
2016-12-08,'603869,北部湾旅,30.51,31.48,30.5,31.17,31.13,-0.62,-1.9916,1.67,1216949,37572177.0,10642079236.7,2223351568.8
2016-12-07,'603869,北部湾旅,31.13,31.2,30.53,30.65,30.7,0.43,1.4007,1.5458,1126472,34824154.0,10858339122.8,2268532754.4
2016-12-06,'603869,北部湾旅,30.7,31.55,30.67,31.13,31.12,-0.42,-1.3496,1.4053,1024106,31883931.0,10708352427.6,2237197416.0
2016-12-05,'603869,北部湾旅,31.12,31.54,30.0,31.3,31.38,-0.26,-0.8286,1.4549,1060200,33145124.0,10854851060.2,2267804025.6
2016-12-02,'603869,北部湾旅,31.38,31.85,31.0,31.85,31.66,-0.28,-0.8844,2.0791,1515111,47479765.0,10945540689.8,2286750974.4
2016-12-01,'603869,北部湾旅,31.66,31.96,31.26,31.39,31.28,0.38,1.2148,2.1259,1549239,49079768.0,11043206444.9,2307155380.8
2016-11-30,'603869,北部湾旅,31.28,31.94,31.13,31.76,31.7,-0.42,-1.3249,2.5273,1841698,58081402.0,10910660063.0,2279463686.4
2016-11-29,'603869,北部湾旅,31.7,32.82,31.68,32.35,32.78,-1.08,-3.2947,3.0193,2200237,70740412.0,11057158695.6,2310070296.0
2016-11-28,'603869,北部湾旅,32.78,33.18,32.61,33.08,32.9,-0.12,-0.3647,2.5023,1823507,59890390.0,11433869465.0,2388773006.4
2016-11-25,'603869,北部湾旅,32.9,32.99,32.0,32.78,32.49,0.41,1.2619,3.4409,2507513,82109548.0,11475726217.2,2397517752.0
2016-11-24,'603869,北部湾旅,32.49,32.9,32.23,32.4,32.37,0.12,0.3707,2.0115,1465854,47707825.0,11332715647.3,2367639871.2
2016-11-23,'603869,北部湾旅,32.37,33.09,32.28,32.92,32.8,-0.43,-1.311,2.5222,1837982,59825087.0,11290858895.2,2358895125.6
2016-11-22,'603869,北部湾旅,32.8,32.89,32.08,32.4,32.19,0.61,1.895,3.9506,2878930,93841779.0,11440845590.4,2390230464.0
2016-11-21,'603869,北部湾旅,32.19,32.33,31.61,31.61,31.79,0.4,1.2583,2.6785,1951913,62678538.0,11228073766.9,2345778007.2
2016-11-18,'603869,北部湾旅,31.79,32.4,31.73,31.99,31.95,-0.16,-0.5008,2.3289,1697158,54395176.0,11088551259.7,2316628855.2
2016-11-17,'603869,北部湾旅,31.95,32.35,31.64,32.0,32.09,-0.14,-0.4363,2.6414,1924896,61353584.0,11144360262.6,2328288516.0
2016-11-16,'603869,北部湾旅,32.09,33.0,31.86,32.38,32.24,-0.15,-0.4653,5.1713,3768454,122905520.0,11193193140.1,2338490719.2
2016-11-15,'603869,北部湾旅,32.24,32.84,31.7,32.67,32.63,-0.39,-1.1952,3.0485,2221527,71321592.0,11245514080.3,2349421651.2
2016-11-14,'603869,北部湾旅,32.63,32.87,31.9,31.9,32.23,0.4,1.2411,3.4154,2488891,80924044.0,11381548524.8,2377842074.4
2016-11-11,'603869,北部湾旅,32.23,32.85,31.5,32.85,32.87,-0.64,-1.9471,6.482,4723603,150902469.0,11242026017.6,2348692922.4
2016-11-10,'603869,北部湾旅,32.87,33.36,32.6,33.34,32.57,0.3,0.9211,3.0064,2190838,71960775.0,11465262029.2,2395331565.6
2016-11-09,'603869,北部湾旅,32.57,33.09,32.22,33.09,33.16,-0.59,-1.7793,2.3488,1711608,55880998.0,11360620148.8,2373469701.6
2016-11-08,'603869,北部湾旅,33.16,33.21,32.26,32.32,32.14,1.02,3.1736,3.6357,2649455,87173386.0,11566415846.9,2416464700.8
2016-11-07,'603869,北部湾旅,32.14,32.42,31.93,31.93,31.92,0.22,0.6892,2.3356,1702049,54674364.0,11210633453.5,2342134363.2
2016-11-04,'603869,北部湾旅,31.92,32.8,31.86,32.67,32.68,-0.76,-2.3256,3.2668,2380610,76728750.0,11133896074.6,2326102329.6
2016-11-03,'603869,北部湾旅,32.68,33.2,32.26,32.26,32.63,0.05,0.1532,3.3602,2448660,80215055.0,11398988838.2,2381485718.4
2016-11-02,'603869,北部湾旅,32.63,34.4,32.29,34.16,34.12,-1.49,-4.3669,5.6362,4107243,136134392.0,11381548524.8,2377842074.4
2016-11-01,'603869,北部湾旅,34.12,34.48,34.0,34.07,34.07,0.05,0.1468,3.2016,2333107,79703528.0,11901269864.2,2486422665.6
2016-10-31,'603869,北部湾旅,34.07,34.99,33.53,34.3,34.71,-0.64,-1.8438,2.4738,1802693,61332601.0,11883829550.8,2482779021.6
2016-10-28,'603869,北部湾旅,34.71,36.38,34.67,35.6,35.68,-0.97,-2.7186,2.5127,1831050,64389728.0,10370697430.5,2529417664.8
2016-10-27,'603869,北部湾旅,35.68,36.79,35.5,35.98,36.05,-0.37,-1.0264,1.9965,1454905,52341302.0,10660515249.8,2600104358.4
2016-10-26,'603869,北部湾旅,36.05,36.58,35.2,36.12,36.14,-0.09,-0.249,2.7549,2007587,71940249.0,10771064314.9,2627067324.0
2016-10-25,'603869,北部湾旅,36.14,36.46,34.6,34.87,34.9,1.24,3.553,4.6005,3352537,119964883.0,10797954628.0,2633625883.2
2016-10-24,'603869,北部湾旅,34.9,35.14,34.26,34.26,34.32,0.58,1.69,2.4283,1769595,61400267.0,10427465869.3,2543263512.0
2016-10-21,'603869,北部湾旅,34.32,35.69,33.8,35.69,35.6,-1.28,-3.5955,4.3518,3171284,109235843.0,10254172740.2,2500997241.6
2016-10-20,'603869,北部湾旅,35.6,36.34,35.16,36.06,36.07,-0.47,-1.303,3.2447,2364515,83983815.0,10636612749.2,2594274528.0
2016-10-19,'603869,北部湾旅,36.07,37.29,36.04,36.38,36.45,-0.38,-1.0425,2.6863,1957561,71639437.0,10777039940.0,2628524781.6
2016-10-18,'603869,北部湾旅,36.45,36.5,34.88,35.0,35.71,0.74,2.0722,3.6947,2692441,96069689.0,10890576817.6,2656216476.0
2016-10-17,'603869,北部湾旅,35.71,36.91,34.88,34.99,35.05,0.66,1.883,4.887,3561327,129048439.0,10669478687.5,2602290544.8
2016-10-14,'603869,北部湾旅,35.05,35.6,34.5,34.95,35.4,-0.35,-0.9887,2.016,1469122,51143351.0,10472283057.9,2554194444.0
2016-10-13,'603869,北部湾旅,35.4,36.54,34.91,35.29,34.93,0.47,1.3455,4.1284,3008454,107667582.0,10576856497.8,2579699952.0
2016-10-12,'603869,北部湾旅,34.93,35.6,34.8,35.18,34.84,0.09,0.2583,2.8007,2040949,71666578.0,10436429307.0,2545449698.4
2016-10-11,'603869,北部湾旅,34.84,35.14,34.47,34.8,34.99,-0.15,-0.4287,2.3461,1709670,59394233.0,10409538993.9,2538891139.2
2016-10-10,'603869,北部湾旅,34.99,35.0,33.08,33.08,33.01,1.98,5.9982,3.6575,2665349,91388854.0,10454356182.4,2549822071.2
2016-09-30,'603869,北部湾旅,33.01,34.1,32.88,33.76,33.91,-0.9,-2.6541,2.8565,2081630,69594732.0,9862769293.57,2405533768.8
2016-09-29,'603869,北部湾旅,33.91,34.96,33.81,34.45,34.49,-0.58,-1.6816,3.1472,2293473,78566726.0,7332698400.0,2471119360.8
2016-09-28,'603869,北部湾旅,34.49,35.69,34.21,35.04,35.44,-0.95,-2.6806,2.8019,2041859,71481834.0,7458117600.0,2513385631.2
2016-09-27,'603869,北部湾旅,35.44,35.45,33.52,34.2,35.12,0.32,0.9112,4.8963,3568066,122313098.0,7663545600.0,2582614867.2
2016-09-26,'603869,北部湾旅,35.12,36.2,35.1,35.81,36.12,-1.0,-2.7685,3.9209,2857284,101702603.0,7594348800.0,2559295545.6
2016-09-23,'603869,北部湾旅,36.12,36.7,34.72,34.75,34.73,1.39,4.0023,8.4982,6192903,222931084.0,7810588800.0,2632168425.6
2016-09-22,'603869,北部湾旅,34.73,34.84,33.24,33.69,33.48,1.25,3.7336,4.9056,3574852,122415679.0,7510015200.0,2530875122.4
2016-09-21,'603869,北部湾旅,33.48,33.65,32.72,33.39,33.39,0.09,0.2695,3.8779,2825968,93629474.0,7239715200.0,2439784022.4
2016-09-20,'603869,北部湾旅,33.39,34.95,33.2,34.95,34.75,-1.36,-3.9137,4.4364,3232910,110067816.0,7220253600.0,2433225463.2
2016-09-19,'603869,北部湾旅,34.75,35.38,33.24,33.83,33.75,1.0,2.963,5.3592,3905412,135051722.0,7514340000.0,2532332580.0
2016-09-14,'603869,北部湾旅,33.75,34.5,33.01,33.78,34.29,-0.54,-1.5748,5.1311,3739163,126021588.0,7298100000.0,2459459700.0
2016-09-13,'603869,北部湾旅,34.29,34.76,33.55,33.55,33.59,0.7,2.084,5.7877,4217694,144091873.0,7414869600.0,2498811055.2
2016-09-12,'603869,北部湾旅,33.59,35.58,33.5,34.65,35.85,-2.26,-6.304,12.5383,9137005,314844403.0,7263501600.0,2447800039.2
2016-09-09,'603869,北部湾旅,35.85,36.62,33.4,34.0,33.99,1.86,5.4722,9.965,7261806,256559519.0,7752204000.0,2612492748.0
2016-09-08,'603869,北部湾旅,33.99,34.72,33.3,34.72,34.55,-0.56,-1.6208,6.3321,4614376,156112522.0,7349997600.0,2476949191.2
2016-09-07,'603869,北部湾旅,34.55,34.8,32.31,32.32,31.89,2.66,8.3412,12.3467,8997388,301114584.0,7471092000.0,2517758004.0
2016-09-06,'603869,北部湾旅,31.89,32.35,31.55,31.78,31.86,0.03,0.0942,5.7275,4173784,133311678.0,6895893600.0,2323916143.2
2016-09-05,'603869,北部湾旅,31.86,32.58,31.53,31.8,32.2,-0.34,-1.0559,4.921,3586052,114604541.0,6889406400.0,2321729956.8
2016-09-02,'603869,北部湾旅,32.2,33.29,31.6,32.8,33.01,-0.81,-2.4538,7.0254,5119591,164422453.0,6962928000.0,2346506736.0
2016-09-01,'603869,北部湾旅,33.01,33.88,32.75,33.77,33.81,-0.8,-2.3662,7.1701,5225048,173275180.0,7138082400.0,2405533768.8
2016-08-31,'603869,北部湾旅,33.81,34.2,31.65,32.4,32.37,1.44,4.4486,15.0344,10956016,363318704.0,7311074400.0,2463832072.8
2016-08-30,'603869,北部湾旅,32.37,32.37,29.23,29.58,29.43,2.94,9.9898,14.3059,10425146,327894528.0,6999688800.0,2358895125.6
2016-08-29,'603869,北部湾旅,29.43,30.72,29.35,30.25,30.35,-0.92,-3.0313,4.4101,3213786,95566688.0,6363943200.0,2144648858.4
2016-08-26,'603869,北部湾旅,30.35,30.99,29.89,30.21,29.7,0.65,2.1886,7.4444,5424980,165120774.0,6562884000.0,2211691908.0
2016-08-25,'603869,北部湾旅,29.7,29.89,28.63,29.3,29.3,0.4,1.3652,4.6233,3369151,99246823.0,6422328000.0,2164324536.0
2016-08-24,'603869,北部湾旅,29.3,30.25,29.21,29.8,29.82,-0.52,-1.7438,4.2629,3106534,92579284.0,6335832000.0,2135175384.0
2016-08-23,'603869,北部湾旅,29.82,30.57,28.83,29.01,29.03,0.79,2.7213,8.9195,6499870,194668384.0,6448276800.0,2173069281.6
2016-08-22,'603869,北部湾旅,29.03,29.7,27.6,28.11,28.1,0.93,3.3096,5.5414,4038200,117300271.0,6277447200.0,2115499706.4
2016-08-19,'603869,北部湾旅,28.1,28.44,28.01,28.12,28.27,-0.17,-0.6013,1.1763,857235,24177779.0,6076344000.0,2047727928.0
2016-08-18,'603869,北部湾旅,28.27,28.46,27.88,28.1,28.14,0.13,0.462,1.8265,1331027,37570283.0,6113104800.0,2060116317.6
2016-08-17,'603869,北部湾旅,28.14,28.18,27.75,27.96,27.79,0.35,1.2594,1.6598,1209579,33941262.0,6084993600.0,2050642843.2
2016-08-16,'603869,北部湾旅,27.79,28.06,27.68,27.98,27.71,0.08,0.2887,1.8034,1314171,36634622.0,6009309600.0,2025137335.2
2016-08-15,'603869,北部湾旅,27.71,28.17,27.5,27.5,27.6,0.11,0.3986,1.7369,1265733,35247051.0,5992010400.0,2019307504.8
2016-08-12,'603869,北部湾旅,27.6,27.62,27.0,27.23,27.29,0.31,1.1359,0.7342,535001,14649479.0,5968224000.0,2011291488.0
2016-08-11,'603869,北部湾旅,27.29,27.8,27.27,27.8,27.74,-0.45,-1.6222,0.6855,499562,13750785.0,5901189600.0,1988700895.2
2016-08-10,'603869,北部湾旅,27.74,27.95,27.66,27.88,27.84,-0.1,-0.3592,0.9354,681643,18966010.0,5998497600.0,2021493691.2
2016-08-09,'603869,北部湾旅,27.84,27.98,27.44,27.75,27.8,0.04,0.1439,0.9651,703325,19507419.0,6020121600.0,2028780979.2
2016-08-08,'603869,北部湾旅,27.8,27.98,27.05,27.08,27.05,0.75,2.7726,1.4375,1047571,28927076.0,6011472000.0,2025866064.0
2016-08-05,'603869,北部湾旅,27.05,27.3,27.02,27.24,27.29,-0.24,-0.8794,0.7917,576925,15657742.0,5849292000.0,1971211404.0
2016-08-04,'603869,北部湾旅,27.29,27.41,26.9,27.11,27.11,0.18,0.664,0.966,703927,19113326.0,5901189600.0,1988700895.2
2016-08-03,'603869,北部湾旅,27.11,27.29,27.0,27.22,27.28,-0.17,-0.6232,0.7427,541200,14649452.0,5862266400.0,1975583776.8
2016-08-02,'603869,北部湾旅,27.28,27.4,26.8,26.94,26.93,0.35,1.2997,0.4723,344154,9350417.0,5899027200.0,1987972166.4
2016-08-01,'603869,北部湾旅,26.93,27.84,26.8,27.56,27.84,-0.91,-3.2687,1.6856,1228335,33257504.0,5823343200.0,1962466658.4
2016-07-29,'603869,北部湾旅,27.84,27.95,27.32,27.32,27.4,0.44,1.6058,1.0565,769925,21252295.0,6020121600.0,2028780979.2
2016-07-28,'603869,北部湾旅,27.4,27.69,27.0,27.13,27.35,0.05,0.1828,1.3995,1019865,27908809.0,5924976000.0,1996716912.0
2016-07-27,'603869,北部湾旅,27.35,28.45,27.0,28.4,28.18,-0.83,-2.9454,2.985,2175253,59988176.0,5914164000.0,1993073268.0
2016-07-26,'603869,北部湾旅,28.18,28.43,27.4,27.58,27.58,0.6,2.1755,2.3208,1691246,47401570.0,6093643200.0,2053557758.4
2016-07-25,'603869,北部湾旅,27.58,28.13,27.36,27.73,27.73,-0.15,-0.5409,2.9912,2179798,60467097.0,5963899200.0,2009834030.4
2016-07-22,'603869,北部湾旅,27.73,28.79,27.68,28.7,28.7,-0.97,-3.3798,4.128,3008193,84329431.0,5996335200.0,2020764962.4
2016-07-21,'603869,北部湾旅,28.7,29.08,28.6,28.6,28.69,0.01,0.0349,2.1348,1555656,44928838.0,6206088000.0,2091451656.0
2016-07-20,'603869,北部湾旅,28.69,29.26,28.65,29.06,29.19,-0.5,-1.7129,2.2885,1667678,48313239.0,6203925600.0,2090722927.2
2016-07-19,'603869,北部湾旅,29.19,29.24,28.23,28.55,28.74,0.45,1.5658,3.2752,2386734,68863546.0,6312045600.0,2127159367.2
2016-07-18,'603869,北部湾旅,28.74,29.1,28.6,28.75,28.75,-0.01,-0.0348,1.9816,1444066,41680288.0,6214737600.0,2094366571.2
2016-07-15,'603869,北部湾旅,28.75,29.15,28.67,29.11,29.11,-0.36,-1.2367,2.4992,1821203,52535019.0,6216900000.0,2095095300.0
2016-07-14,'603869,北部湾旅,29.11,29.43,28.03,28.35,28.3,0.81,2.8622,6.3177,4603890,133054102.0,6294746400.0,2121329536.8
2016-07-13,'603869,北部湾旅,28.3,28.5,27.87,28.2,28.13,0.17,0.6043,2.8149,2051289,57844249.0,6119592000.0,2062302504.0
2016-07-12,'603869,北部湾旅,28.13,28.4,27.32,28.14,28.17,-0.04,-0.142,2.8418,2070916,57791194.0,6082831200.0,2049914114.4
2016-07-11,'603869,北部湾旅,28.17,28.88,28.15,28.41,28.41,-0.24,-0.8448,2.7131,1977106,56260286.0,6091480800.0,2052829029.6
2016-07-08,'603869,北部湾旅,28.41,28.7,28.13,28.49,28.86,-0.45,-1.5593,2.7882,2031825,57718616.0,6143378400.0,2070318520.8
2016-07-07,'603869,北部湾旅,28.86,29.08,28.25,29.0,29.43,-0.57,-1.9368,5.9881,4363687,124884607.0,6240686400.0,2103111316.8
2016-07-06,'603869,北部湾旅,29.43,30.67,28.09,28.09,28.07,1.36,4.845,10.0476,7322001,214936845.0,6363943200.0,2144648858.4
2016-07-05,'603869,北部湾旅,28.07,28.36,27.9,28.0,28.2,-0.13,-0.461,2.9085,2119519,59458403.0,6069856800.0,2045541741.6
2016-07-04,'603869,北部湾旅,28.2,28.5,27.86,27.88,27.61,0.59,2.1369,5.6841,4142146,116989163.0,6097968000.0,2055015216.0
2016-07-01,'603869,北部湾旅,27.61,28.24,27.51,28.2,27.85,-0.24,-0.8618,1.7808,1297696,35988751.0,5970386400.0,2012020216.8
2016-06-30,'603869,北部湾旅,27.85,27.89,27.42,27.73,27.72,0.13,0.469,2.3372,1703168,47019084.0,6022284000.0,2029509708.0
2016-06-29,'603869,北部湾旅,27.72,27.99,27.32,27.56,27.54,0.18,0.6536,3.9093,2848822,78805072.0,5994172800.0,2020036233.6
2016-06-28,'603869,北部湾旅,27.54,28.19,27.21,27.7,27.24,0.3,1.1013,6.3719,4643364,128398848.0,5955249600.0,2006919115.2
2016-06-27,'603869,北部湾旅,27.24,27.32,25.93,26.35,26.33,0.91,3.4561,2.5782,1878792,50586841.0,5890377600.0,1985057251.2
2016-06-24,'603869,北部湾旅,26.33,27.0,25.73,26.8,26.77,-0.44,-1.6436,2.1082,1536281,40451976.0,5693599200.0,1918742930.4
2016-06-23,'603869,北部湾旅,26.77,27.18,26.6,27.0,27.07,-0.3,-1.1082,1.7955,1308405,35182586.0,5788744800.0,1950806997.6
2016-06-22,'603869,北部湾旅,27.07,27.2,26.42,26.47,26.47,0.6,2.2667,1.756,1279667,34425951.0,5853616800.0,1972668861.6
2016-06-21,'603869,北部湾旅,26.47,27.1,26.35,26.54,26.6,-0.13,-0.4887,1.7565,1280046,34186446.0,5723872800.0,1928945133.6
2016-06-20,'603869,北部湾旅,26.6,26.92,26.11,26.79,26.79,-0.19,-0.7092,1.8985,1383520,36582872.0,5751984000.0,1938418608.0
2016-06-17,'603869,北部湾旅,26.79,27.18,26.56,26.97,26.79,0.0,0.0,1.7695,1289486,34657327.0,5793069600.0,1952264455.2
2016-06-16,'603869,北部湾旅,26.79,27.55,26.71,27.55,27.4,-0.61,-2.2263,2.2823,1663177,44933329.0,5793069600.0,1952264455.2
2016-06-15,'603869,北部湾旅,27.4,27.99,26.5,26.58,26.83,0.57,2.1245,3.6439,2655399,72404961.0,5924976000.0,1996716912.0
2016-06-14,'603869,北部湾旅,26.83,27.37,26.61,27.05,27.04,-0.21,-0.7766,2.5022,1823435,49004112.0,5801719200.0,1955179370.4
2016-06-13,'603869,北部湾旅,27.04,28.19,27.01,27.8,28.2,-1.16,-4.1135,2.648,1929706,53094660.0,5847129600.0,1970482675.2
2016-06-08,'603869,北部湾旅,28.2,28.68,27.83,28.48,28.47,-0.27,-0.9484,2.7533,2006445,56471437.0,6097968000.0,2055015216.0
2016-06-07,'603869,北部湾旅,28.47,28.59,28.25,28.25,28.3,0.17,0.6007,2.2583,1645709,46827115.0,6156352800.0,2074690893.6
2016-06-06,'603869,北部湾旅,28.3,28.98,28.2,28.88,28.43,-0.13,-0.4573,3.4374,2504938,71641752.0,6119592000.0,2062302504.0
2016-06-03,'603869,北部湾旅,28.43,28.69,27.9,28.2,28.01,0.42,1.4995,4.1345,3012964,85460293.0,6147703200.0,2071775978.4
2016-06-02,'603869,北部湾旅,28.01,28.15,27.7,27.9,27.88,0.13,0.4663,2.2017,1604466,44799548.0,6056882400.0,2041169368.8
2016-06-01,'603869,北部湾旅,27.88,28.25,27.72,28.03,28.05,-0.17,-0.6061,3.2413,2362041,66063659.0,6028771200.0,2031695894.4
2016-05-31,'603869,XD北部湾,28.05,28.07,26.85,27.0,27.38,0.67,2.447,5.01,3650964,101038273.0,6065532000.0,2044084284.0
2016-05-30,'603869,北部湾旅,27.48,28.38,27.46,28.0,27.32,0.16,0.5857,3.3555,2445255,68418811.0,5942275200.0,2002546742.4
2016-05-27,'603869,北部湾旅,27.32,27.5,26.85,27.21,27.24,0.08,0.2937,1.5794,1150949,31282323.0,5907676800.0,1990887081.6
2016-05-26,'603869,北部湾旅,27.24,27.58,26.38,27.1,27.36,-0.12,-0.4386,3.1843,2320525,62194892.0,5890377600.0,1985057251.2
2016-05-25,'603869,北部湾旅,27.36,28.78,27.3,28.5,28.36,-1.0,-3.5261,3.4087,2484030,69192228.0,5916326400.0,1993801996.8
2016-05-24,'603869,北部湾旅,28.36,29.2,28.21,28.99,29.56,-1.2,-4.0595,3.4747,2532093,72568827.0,6132566400.0,2066674876.8
2016-05-23,'603869,北部湾旅,29.56,30.35,26.1,28.88,28.68,0.88,3.0683,6.2057,4522252,129960995.0,6392054400.0,2154122332.8
2016-05-20,'603869,北部湾旅,0.0,0.0,0.0,0.0,28.68,None,None,0.0,0,0.0,6201763200.0,2089994198.4
2016-05-19,'603869,北部湾旅,0.0,0.0,0.0,0.0,28.68,None,None,0.0,0,0.0,6201763200.0,2089994198.4
2016-05-18,'603869,北部湾旅,0.0,0.0,0.0,0.0,28.68,None,None,0.0,0,0.0,6201763200.0,2089994198.4
2016-05-17,'603869,北部湾旅,0.0,0.0,0.0,0.0,28.68,None,None,0.0,0,0.0,6201763200.0,2089994198.4
2016-05-16,'603869,北部湾旅,0.0,0.0,0.0,0.0,28.68,None,None,0.0,0,0.0,6201763200.0,2089994198.4
2016-05-13,'603869,北部湾旅,0.0,0.0,0.0,0.0,28.68,None,None,0.0,0,0.0,6201763200.0,2089994198.4
2016-05-12,'603869,北部湾旅,0.0,0.0,0.0,0.0,28.68,None,None,0.0,0,0.0,6201763200.0,2089994198.4
2016-05-11,'603869,北部湾旅,0.0,0.0,0.0,0.0,28.68,None,None,0.0,0,0.0,6201763200.0,2089994198.4
2016-05-10,'603869,北部湾旅,0.0,0.0,0.0,0.0,28.68,None,None,0.0,0,0.0,6201763200.0,2089994198.4
2016-05-09,'603869,北部湾旅,0.0,0.0,0.0,0.0,28.68,None,None,0.0,0,0.0,6201763200.0,2089994198.4
2016-05-06,'603869,北部湾旅,0.0,0.0,0.0,0.0,28.68,None,None,0.0,0,0.0,6201763200.0,2089994198.4
2016-05-05,'603869,北部湾旅,0.0,0.0,0.0,0.0,28.68,None,None,0.0,0,0.0,6201763200.0,2089994198.4
2016-05-04,'603869,北部湾旅,28.68,28.8,28.33,28.8,28.9,-0.22,-0.7612,3.2389,2360259,67413244.0,6201763200.0,2089994198.4
2016-05-03,'603869,北部湾旅,28.9,28.98,27.79,28.3,28.1,0.8,2.847,3.0974,2257150,64352247.0,6249336000.0,2106026232.0
2016-04-29,'603869,北部湾旅,28.1,28.49,27.41,27.41,27.82,0.28,1.0065,2.102,1531806,43007359.0,6076344000.0,2047727928.0
2016-04-28,'603869,北部湾旅,27.82,28.5,27.46,28.5,28.53,-0.71,-2.4886,4.1425,3018739,84095221.0,6015796800.0,2027323521.6
2016-04-27,'603869,北部湾旅,28.53,29.27,28.11,28.11,28.08,0.45,1.6026,3.7741,2750327,79209549.0,6169327200.0,2079063266.4
2016-04-26,'603869,北部湾旅,28.08,28.49,27.1,28.3,28.32,-0.24,-0.8475,4.4869,3269711,90949246.0,6072019200.0,2046270470.4
2016-04-25,'603869,北部湾旅,28.32,29.3,28.2,28.8,29.19,-0.87,-2.9805,3.3166,2416892,68992570.0,6123916800.0,2063759961.6
2016-04-22,'603869,北部湾旅,29.19,29.27,27.83,28.0,28.63,0.56,1.956,2.9082,2119259,60943061.0,6312045600.0,2127159367.2
2016-04-21,'603869,北部湾旅,28.63,29.2,28.5,28.82,29.1,-0.47,-1.6151,5.269,3839684,110836668.0,6190951200.0,2086350554.4
2016-04-20,'603869,北部湾旅,29.1,31.63,28.39,31.3,31.43,-2.33,-7.4133,8.0702,5881000,174073855.0,6292584000.0,2120600808.0
2016-04-19,'603869,北部湾旅,31.43,32.0,30.97,31.9,31.59,-0.16,-0.5065,3.9605,2886100,90383725.0,6796423200.0,2290394618.4
2016-04-18,'603869,北部湾旅,31.59,32.09,30.75,31.68,31.99,-0.4,-1.2504,5.041,3673509,114829821.0,6831021600.0,2302054279.2
2016-04-15,'603869,北部湾旅,31.99,32.8,31.58,32.69,32.49,-0.5,-1.5389,5.4263,3954278,126547509.0,6917517600.0,2331203431.2
2016-04-14,'603869,北部湾旅,32.49,32.8,31.27,31.27,31.5,0.99,3.1429,9.7858,7131211,230687386.0,7025637600.0,2367639871.2
2016-04-13,'603869,北部湾旅,31.5,32.22,30.79,30.96,30.9,0.6,1.9417,7.8836,5745014,181155836.0,6811560000.0,2295495720.0
2016-04-12,'603869,北部湾旅,30.9,32.0,30.39,31.0,31.25,-0.35,-1.12,6.4554,4704234,146893676.0,6681816000.0,2251771992.0
2016-04-11,'603869,北部湾旅,31.25,32.3,29.95,29.96,29.6,1.65,5.5743,6.4925,4731272,148020054.0,6757500000.0,2277277500.0
2016-04-08,'603869,北部湾旅,29.6,30.09,29.25,29.82,30.25,-0.65,-2.1488,3.7758,2751563,81266032.0,6400704000.0,2157037248.0
2016-04-07,'603869,北部湾旅,30.25,32.09,30.2,31.6,31.75,-1.5,-4.7244,6.8871,5018860,156492934.0,6541260000.0,2204404620.0
2016-04-06,'603869,北部湾旅,31.75,32.26,30.59,31.11,31.19,0.56,1.7954,9.238,6731965,212000943.0,6865620000.0,2313713940.0
2016-04-05,'603869,北部湾旅,31.19,31.6,29.25,30.52,30.48,0.71,2.3294,9.0249,6576729,200649793.0,6744525600.0,2272905127.2
2016-04-01,'603869,北部湾旅,30.48,32.97,30.38,31.5,31.52,-1.04,-3.2995,12.9234,9417658,300551502.0,6590995200.0,2221165382.4
2016-03-31,'603869,北部湾旅,31.52,31.52,29.0,29.0,28.65,2.87,10.0175,10.18,7418454,225845524.0,6815884800.0,2296953177.6
2016-03-30,'603869,北部湾旅,28.65,28.78,27.91,27.98,27.61,1.04,3.7668,4.73,3446898,97633648.0,6195276000.0,2087808012.0
2016-03-29,'603869,北部湾旅,27.61,29.8,27.55,29.5,29.92,-2.31,-7.7206,5.7171,4166239,118774006.0,5970386400.0,2012020216.8
2016-03-28,'603869,北部湾旅,29.92,30.4,29.56,30.1,29.81,0.11,0.369,4.9089,3577270,107560864.0,6469900800.0,2180356569.6
2016-03-25,'603869,北部湾旅,29.81,30.27,29.37,29.7,29.9,-0.09,-0.301,6.0349,3262450,97149392.0,6446114400.0,1611528600.0
2016-03-24,'603869,北部湾旅,29.9,30.65,29.5,30.04,30.13,-0.23,-0.7634,7.1205,3849323,115690610.0,6465576000.0,1616394000.0
2016-03-23,'603869,北部湾旅,30.13,30.7,29.69,30.31,30.79,-0.66,-2.1436,10.1961,5512015,165339307.0,6515311200.0,1628827800.0
2016-03-22,'603869,北部湾旅,30.79,31.45,30.58,31.45,31.45,-0.66,-2.0986,6.6963,3619996,112422252.0,6658029600.0,1664507400.0
2016-03-21,'603869,北部湾旅,31.45,33.0,30.45,30.88,30.77,0.68,2.2099,15.829,8557162,270976419.0,6800748000.0,1700187000.0
2016-03-18,'603869,北部湾旅,30.77,31.58,29.62,29.98,30.07,0.7,2.3279,11.0972,5999170,185286032.0,6653704800.0,1663426200.0
2016-03-17,'603869,北部湾旅,30.07,30.53,28.92,29.3,28.9,1.17,4.0484,11.8638,6413567,190672767.0,6502336800.0,1625584200.0
2016-03-16,'603869,北部湾旅,28.9,29.5,27.7,28.81,28.77,0.13,0.4519,9.1629,4953469,141586393.0,6249336000.0,1562334000.0
2016-03-15,'603869,北部湾旅,28.77,29.42,28.01,28.01,28.42,0.35,1.2315,10.2326,5531728,160017282.0,6221224800.0,1555306200.0
2016-03-14,'603869,北部湾旅,28.42,28.91,27.31,27.8,27.06,1.36,5.0259,8.019,4335067,122659248.0,6145540800.0,1536385200.0
2016-03-11,'603869,北部湾旅,27.06,27.13,25.3,25.37,26.06,1.0,3.8373,6.3207,3416958,90445165.0,5851454400.0,1462863600.0
2016-03-10,'603869,北部湾旅,26.06,27.87,26.0,27.15,27.2,-1.14,-4.1912,5.1596,2789272,74803901.0,5635214400.0,1408803600.0
2016-03-09,'603869,北部湾旅,27.2,28.18,25.8,26.5,27.16,0.04,0.1473,8.4104,4546665,125033747.0,5881728000.0,1470432000.0
2016-03-08,'603869,北部湾旅,27.16,27.3,23.98,25.55,25.88,1.28,4.9459,7.4655,4035849,104056764.0,5873078400.0,1468269600.0
2016-03-07,'603869,北部湾旅,25.88,26.65,25.52,25.8,25.6,0.28,1.0938,4.5562,2463064,64323012.0,5596291200.0,1399072800.0
2016-03-04,'603869,北部湾旅,25.6,27.66,25.5,27.3,27.79,-2.19,-7.8805,8.5648,4630157,121913977.0,5535744000.0,1383936000.0
2016-03-03,'603869,北部湾旅,27.79,29.55,27.65,28.2,28.3,-0.51,-1.8021,8.6807,4692787,134986166.0,6009309600.0,1502327400.0
2016-03-02,'603869,北部湾旅,28.3,29.09,26.6,27.0,27.49,0.81,2.9465,8.8366,4777054,133590152.0,6119592000.0,1529898000.0
2016-03-01,'603869,北部湾旅,27.49,27.55,24.1,26.45,26.54,0.95,3.5795,9.9523,5380193,140963943.0,5944437600.0,1486109400.0
2016-02-29,'603869,北部湾旅,26.54,27.99,25.8,27.53,28.61,-2.07,-7.2352,6.9297,3746179,99495861.0,5739009600.0,1434752400.0
2016-02-26,'603869,北部湾旅,28.61,29.18,27.23,28.03,28.11,0.5,1.7787,9.2163,4982309,141242414.0,6186626400.0,1546656600.0
2016-02-25,'603869,北部湾旅,28.11,31.7,28.11,31.66,31.23,-3.12,-9.9904,13.7023,7407442,215353443.0,6078506400.0,1519626600.0
2016-02-24,'603869,北部湾旅,31.23,33.72,30.86,33.0,33.72,-2.49,-7.3843,12.0853,6533296,208513116.0,6753175200.0,1688293800.0
2016-02-23,'603869,北部湾旅,33.72,34.37,32.3,32.93,33.67,0.05,0.1485,16.1084,8708189,290079459.0,7291612800.0,1822903200.0
2016-02-22,'603869,北部湾旅,33.67,33.67,30.3,30.7,30.61,3.06,9.9967,14.7466,7972000,252123094.0,7280800800.0,1820200200.0
2016-02-19,'603869,北部湾旅,30.61,31.15,29.71,31.0,31.54,-0.93,-2.9486,12.2509,6622860,201663147.0,6619106400.0,1654776600.0
2016-02-18,'603869,北部湾旅,31.54,32.9,30.33,31.8,31.73,-0.19,-0.5988,16.823,9094509,284292558.0,6820209600.0,1705052400.0
2016-02-17,'603869,北部湾旅,31.73,34.5,31.09,32.99,31.74,-0.01,-0.0315,19.793,10700105,352176566.0,6861295200.0,1715323800.0
2016-02-16,'603869,北部湾旅,31.74,31.74,28.9,28.99,28.85,2.89,10.0173,13.8339,7478630,230124049.0,6863457600.0,1715864400.0
2016-02-15,'603869,北部湾旅,28.85,29.9,25.51,28.0,28.34,0.51,1.7996,25.1806,13612609,372716196.0,6238524000.0,1559631000.0
2016-02-05,'603869,北部湾旅,28.34,28.34,28.34,28.34,25.76,2.58,10.0155,11.7333,6342998,179760563.0,6128241600.0,1532060400.0
2016-02-04,'603869,北部湾旅,0.0,0.0,0.0,0.0,25.76,None,None,0.0,0,0.0,5570342400.0,1392585600.0
2016-02-03,'603869,北部湾旅,0.0,0.0,0.0,0.0,25.76,None,None,0.0,0,0.0,5570342400.0,1392585600.0
2016-02-02,'603869,北部湾旅,0.0,0.0,0.0,0.0,25.76,None,None,0.0,0,0.0,5570342400.0,1392585600.0
2016-02-01,'603869,北部湾旅,0.0,0.0,0.0,0.0,25.76,None,None,0.0,0,0.0,5570342400.0,1392585600.0
2016-01-29,'603869,北部湾旅,0.0,0.0,0.0,0.0,25.76,None,None,0.0,0,0.0,5570342400.0,1392585600.0
2016-01-28,'603869,北部湾旅,0.0,0.0,0.0,0.0,25.76,None,None,0.0,0,0.0,5570342400.0,1392585600.0
2016-01-27,'603869,北部湾旅,0.0,0.0,0.0,0.0,25.76,None,None,0.0,0,0.0,5570342400.0,1392585600.0
2016-01-26,'603869,北部湾旅,0.0,0.0,0.0,0.0,25.76,None,None,0.0,0,0.0,5570342400.0,1392585600.0
2016-01-25,'603869,北部湾旅,0.0,0.0,0.0,0.0,25.76,None,None,0.0,0,0.0,5570342400.0,1392585600.0
2016-01-22,'603869,北部湾旅,0.0,0.0,0.0,0.0,25.76,None,None,0.0,0,0.0,5570342400.0,1392585600.0
2016-01-21,'603869,北部湾旅,0.0,0.0,0.0,0.0,25.76,None,None,0.0,0,0.0,5570342400.0,1392585600.0
2016-01-20,'603869,北部湾旅,0.0,0.0,0.0,0.0,25.76,None,None,0.0,0,0.0,5570342400.0,1392585600.0
2016-01-19,'603869,北部湾旅,0.0,0.0,0.0,0.0,25.76,None,None,0.0,0,0.0,5570342400.0,1392585600.0
2016-01-18,'603869,北部湾旅,0.0,0.0,0.0,0.0,25.76,None,None,0.0,0,0.0,5570342400.0,1392585600.0
2016-01-15,'603869,北部湾旅,0.0,0.0,0.0,0.0,25.76,None,None,0.0,0,0.0,5570342400.0,1392585600.0
2016-01-14,'603869,北部湾旅,0.0,0.0,0.0,0.0,25.76,None,None,0.0,0,0.0,5570342400.0,1392585600.0
2016-01-13,'603869,北部湾旅,0.0,0.0,0.0,0.0,25.76,None,None,0.0,0,0.0,5570342400.0,1392585600.0
2016-01-12,'603869,北部湾旅,0.0,0.0,0.0,0.0,25.76,None,None,0.0,0,0.0,5570342400.0,1392585600.0
2016-01-11,'603869,北部湾旅,0.0,0.0,0.0,0.0,25.76,None,None,0.0,0,0.0,5570342400.0,1392585600.0
2016-01-08,'603869,北部湾旅,0.0,0.0,0.0,0.0,25.76,None,None,0.0,0,0.0,5570342400.0,1392585600.0
2016-01-07,'603869,北部湾旅,0.0,0.0,0.0,0.0,25.76,None,None,0.0,0,0.0,5570342400.0,1392585600.0
2016-01-06,'603869,北部湾旅,0.0,0.0,0.0,0.0,25.76,None,None,0.0,0,0.0,5570342400.0,1392585600.0
2016-01-05,'603869,北部湾旅,0.0,0.0,0.0,0.0,25.76,None,None,0.0,0,0.0,5570342400.0,1392585600.0
2016-01-04,'603869,北部湾旅,0.0,0.0,0.0,0.0,25.76,None,None,0.0,0,0.0,5570342400.0,1392585600.0
2015-12-31,'603869,北部湾旅,0.0,0.0,0.0,0.0,25.76,None,None,0.0,0,0.0,5570342400.0,1392585600.0
2015-12-30,'603869,北部湾旅,0.0,0.0,0.0,0.0,25.76,None,None,0.0,0,0.0,5570342400.0,1392585600.0
2015-12-29,'603869,北部湾旅,0.0,0.0,0.0,0.0,25.76,None,None,0.0,0,0.0,5570342400.0,1392585600.0
2015-12-28,'603869,北部湾旅,0.0,0.0,0.0,0.0,25.76,None,None,0.0,0,0.0,5570342400.0,1392585600.0
2015-12-25,'603869,北部湾旅,0.0,0.0,0.0,0.0,25.76,None,None,0.0,0,0.0,5570342400.0,1392585600.0
2015-12-24,'603869,北部湾旅,0.0,0.0,0.0,0.0,25.76,None,None,0.0,0,0.0,5570342400.0,1392585600.0
2015-12-23,'603869,北部湾旅,0.0,0.0,0.0,0.0,25.76,None,None,0.0,0,0.0,5570342400.0,1392585600.0
2015-12-22,'603869,北部湾旅,0.0,0.0,0.0,0.0,25.76,None,None,0.0,0,0.0,5570342400.0,1392585600.0
2015-12-21,'603869,北部湾旅,0.0,0.0,0.0,0.0,25.76,None,None,0.0,0,0.0,5570342400.0,1392585600.0
2015-12-18,'603869,北部湾旅,0.0,0.0,0.0,0.0,25.76,None,None,0.0,0,0.0,5570342400.0,1392585600.0
2015-12-17,'603869,北部湾旅,0.0,0.0,0.0,0.0,25.76,None,None,0.0,0,0.0,5570342400.0,1392585600.0
2015-12-16,'603869,北部湾旅,0.0,0.0,0.0,0.0,25.76,None,None,0.0,0,0.0,5570342400.0,1392585600.0
2015-12-15,'603869,北部湾旅,0.0,0.0,0.0,0.0,25.76,None,None,0.0,0,0.0,5570342400.0,1392585600.0
2015-12-14,'603869,北部湾旅,0.0,0.0,0.0,0.0,25.76,None,None,0.0,0,0.0,5570342400.0,1392585600.0
2015-12-11,'603869,北部湾旅,0.0,0.0,0.0,0.0,25.76,None,None,0.0,0,0.0,5570342400.0,1392585600.0
2015-12-10,'603869,北部湾旅,0.0,0.0,0.0,0.0,25.76,None,None,0.0,0,0.0,5570342400.0,1392585600.0
2015-12-09,'603869,北部湾旅,0.0,0.0,0.0,0.0,25.76,None,None,0.0,0,0.0,5570342400.0,1392585600.0
2015-12-08,'603869,北部湾旅,0.0,0.0,0.0,0.0,25.76,None,None,0.0,0,0.0,5570342400.0,1392585600.0
2015-12-07,'603869,北部湾旅,0.0,0.0,0.0,0.0,25.76,None,None,0.0,0,0.0,5570342400.0,1392585600.0
2015-12-04,'603869,北部湾旅,0.0,0.0,0.0,0.0,25.76,None,None,0.0,0,0.0,5570342400.0,1392585600.0
2015-12-03,'603869,北部湾旅,0.0,0.0,0.0,0.0,25.76,None,None,0.0,0,0.0,5570342400.0,1392585600.0
2015-12-02,'603869,北部湾旅,0.0,0.0,0.0,0.0,25.76,None,None,0.0,0,0.0,5570342400.0,1392585600.0
2015-12-01,'603869,北部湾旅,0.0,0.0,0.0,0.0,25.76,None,None,0.0,0,0.0,5570342400.0,1392585600.0
2015-11-30,'603869,北部湾旅,0.0,0.0,0.0,0.0,25.76,None,None,0.0,0,0.0,5570342400.0,1392585600.0
2015-11-27,'603869,北部湾旅,0.0,0.0,0.0,0.0,25.76,None,None,0.0,0,0.0,5570342400.0,1392585600.0
2015-11-26,'603869,北部湾旅,0.0,0.0,0.0,0.0,25.76,None,None,0.0,0,0.0,5570342400.0,1392585600.0
2015-11-25,'603869,北部湾旅,0.0,0.0,0.0,0.0,25.76,None,None,0.0,0,0.0,5570342400.0,1392585600.0
2015-11-24,'603869,北部湾旅,0.0,0.0,0.0,0.0,25.76,None,None,0.0,0,0.0,5570342400.0,1392585600.0
2015-11-23,'603869,北部湾旅,0.0,0.0,0.0,0.0,25.76,None,None,0.0,0,0.0,5570342400.0,1392585600.0
2015-11-20,'603869,北部湾旅,0.0,0.0,0.0,0.0,25.76,None,None,0.0,0,0.0,5570342400.0,1392585600.0
2015-11-19,'603869,北部湾旅,0.0,0.0,0.0,0.0,25.76,None,None,0.0,0,0.0,5570342400.0,1392585600.0
2015-11-18,'603869,北部湾旅,0.0,0.0,0.0,0.0,25.76,None,None,0.0,0,0.0,5570342400.0,1392585600.0
2015-11-17,'603869,北部湾旅,0.0,0.0,0.0,0.0,25.76,None,None,0.0,0,0.0,5570342400.0,1392585600.0
2015-11-16,'603869,北部湾旅,0.0,0.0,0.0,0.0,25.76,None,None,0.0,0,0.0,5570342400.0,1392585600.0
2015-11-13,'603869,北部湾旅,0.0,0.0,0.0,0.0,25.76,None,None,0.0,0,0.0,5570342400.0,1392585600.0
2015-11-12,'603869,北部湾旅,0.0,0.0,0.0,0.0,25.76,None,None,0.0,0,0.0,5570342400.0,1392585600.0
2015-11-11,'603869,北部湾旅,0.0,0.0,0.0,0.0,25.76,None,None,0.0,0,0.0,5570342400.0,1392585600.0
2015-11-10,'603869,北部湾旅,0.0,0.0,0.0,0.0,25.76,None,None,0.0,0,0.0,5570342400.0,1392585600.0
2015-11-09,'603869,北部湾旅,0.0,0.0,0.0,0.0,25.76,None,None,0.0,0,0.0,5570342400.0,1392585600.0
2015-11-06,'603869,北部湾旅,0.0,0.0,0.0,0.0,25.76,None,None,0.0,0,0.0,5570342400.0,1392585600.0
2015-11-05,'603869,北部湾旅,0.0,0.0,0.0,0.0,25.76,None,None,0.0,0,0.0,5570342400.0,1392585600.0
2015-11-04,'603869,北部湾旅,0.0,0.0,0.0,0.0,25.76,None,None,0.0,0,0.0,5570342400.0,1392585600.0
2015-11-03,'603869,北部湾旅,0.0,0.0,0.0,0.0,25.76,None,None,0.0,0,0.0,5570342400.0,1392585600.0
2015-11-02,'603869,北部湾旅,0.0,0.0,0.0,0.0,25.76,None,None,0.0,0,0.0,5570342400.0,1392585600.0
2015-10-30,'603869,北部湾旅,0.0,0.0,0.0,0.0,25.76,None,None,0.0,0,0.0,5570342400.0,1392585600.0
2015-10-29,'603869,北部湾旅,0.0,0.0,0.0,0.0,25.76,None,None,0.0,0,0.0,5570342400.0,1392585600.0
2015-10-28,'603869,北部湾旅,0.0,0.0,0.0,0.0,25.76,None,None,0.0,0,0.0,5570342400.0,1392585600.0
2015-10-27,'603869,北部湾旅,0.0,0.0,0.0,0.0,25.76,None,None,0.0,0,0.0,5570342400.0,1392585600.0
2015-10-26,'603869,北部湾旅,0.0,0.0,0.0,0.0,25.76,None,None,0.0,0,0.0,5570342400.0,1392585600.0
2015-10-23,'603869,北部湾旅,0.0,0.0,0.0,0.0,25.76,None,None,0.0,0,0.0,5570342400.0,1392585600.0
2015-10-22,'603869,北部湾旅,0.0,0.0,0.0,0.0,25.76,None,None,0.0,0,0.0,5570342400.0,1392585600.0
2015-10-21,'603869,北部湾旅,0.0,0.0,0.0,0.0,25.76,None,None,0.0,0,0.0,5570342400.0,1392585600.0
2015-10-20,'603869,北部湾旅,0.0,0.0,0.0,0.0,25.76,None,None,0.0,0,0.0,5570342400.0,1392585600.0
2015-10-19,'603869,北部湾旅,0.0,0.0,0.0,0.0,25.76,None,None,0.0,0,0.0,5570342400.0,1392585600.0
2015-10-16,'603869,北部湾旅,0.0,0.0,0.0,0.0,25.76,None,None,0.0,0,0.0,5570342400.0,1392585600.0
2015-10-15,'603869,北部湾旅,25.76,26.06,24.66,24.9,25.28,0.48,1.8987,11.5248,6230298,159176669.0,5570342400.0,1392585600.0
2015-10-14,'603869,北部湾旅,25.28,26.8,25.11,26.6,26.43,-1.15,-4.3511,19.8279,10718953,278431974.0,5466547200.0,1366636800.0
2015-10-13,'603869,北部湾旅,26.43,26.43,24.03,24.5,24.03,2.4,9.9875,23.6768,12799693,326885330.0,5715223200.0,1428805800.0
2015-10-12,'603869,北部湾旅,24.03,24.95,23.17,23.36,23.16,0.87,3.7565,13.0601,7060289,170196123.0,5196247200.0,1299061800.0
2015-10-09,'603869,北部湾旅,23.16,23.5,22.24,22.68,22.96,0.2,0.8711,12.569,6794808,155513012.0,5008118400.0,1252029600.0
2015-10-08,'603869,北部湾旅,22.96,23.1,21.3,21.78,21.0,1.96,9.3333,12.5028,6759013,149526761.0,4964870400.0,1241217600.0
2015-09-30,'603869,北部湾旅,21.0,21.5,20.09,21.38,21.02,-0.02,-0.0951,7.3561,3976701,82099477.0,4541040000.0,1135260000.0
2015-09-29,'603869,北部湾旅,21.02,21.95,20.6,21.5,22.34,-1.32,-5.9087,9.2819,5017820,106536808.0,4545364800.0,1136341200.0
2015-09-28,'603869,北部湾旅,22.34,22.58,21.0,21.0,20.78,1.56,7.5072,10.5408,5698383,125051622.0,4830801600.0,1207700400.0
2015-09-25,'603869,北部湾旅,20.78,22.79,20.52,22.76,22.75,-1.97,-8.6593,11.711,6330973,135997303.0,4493467200.0,1123366800.0
2015-09-24,'603869,北部湾旅,22.75,23.6,22.4,22.9,22.48,0.27,1.2011,11.7321,6342388,145921528.0,4919460000.0,1229865000.0
2015-09-23,'603869,北部湾旅,22.48,23.15,22.35,22.44,23.39,-0.91,-3.8906,14.1949,7673751,174580387.0,4861075200.0,1215268800.0
2015-09-22,'603869,北部湾旅,23.39,25.45,22.82,24.4,23.88,-0.49,-2.0519,23.5437,12727709,304796670.0,5057853600.0,1264463400.0
2015-09-21,'603869,北部湾旅,23.88,23.88,21.52,21.76,21.71,2.17,9.9954,23.4726,12689289,295190844.0,5163811200.0,1290952800.0
2015-09-18,'603869,北部湾旅,21.71,21.71,19.22,19.88,19.74,1.97,9.9797,17.0401,9211895,190317748.0,4694570400.0,1173642600.0
2015-09-17,'603869,北部湾旅,19.74,21.5,18.2,19.65,19.91,-0.17,-0.8538,14.6977,7945593,155381522.0,4268577600.0,1067144400.0
2015-09-16,'603869,北部湾旅,0.0,0.0,0.0,0.0,19.91,None,None,0.0,0,0.0,4305338400.0,1076334600.0
2015-09-15,'603869,北部湾旅,0.0,0.0,0.0,0.0,19.91,None,None,0.0,0,0.0,4305338400.0,1076334600.0
2015-09-14,'603869,北部湾旅,0.0,0.0,0.0,0.0,19.91,None,None,0.0,0,0.0,4305338400.0,1076334600.0
2015-09-11,'603869,北部湾旅,0.0,0.0,0.0,0.0,19.91,None,None,0.0,0,0.0,4305338400.0,1076334600.0
2015-09-10,'603869,北部湾旅,0.0,0.0,0.0,0.0,19.91,None,None,0.0,0,0.0,4305338400.0,1076334600.0
2015-09-09,'603869,北部湾旅,19.91,19.91,18.57,18.82,18.1,1.81,10.0,13.7065,7409707,144142294.0,4305338400.0,1076334600.0
2015-09-08,'603869,北部湾旅,18.1,18.1,16.1,16.39,16.45,1.65,10.0304,10.4087,5626919,98122974.0,3913944000.0,978486000.0
2015-09-07,'603869,北部湾旅,16.45,17.1,16.03,16.3,15.65,0.8,5.1118,7.9089,4275578,71037265.0,3557148000.0,889287000.0
2015-09-02,'603869,北部湾旅,15.65,17.98,15.62,16.28,17.29,-1.64,-9.4853,8.5456,4619735,76113323.0,3384156000.0,846039000.0
2015-09-01,'603869,北部湾旅,17.29,18.72,17.29,18.72,19.21,-1.92,-9.9948,6.9044,3732514,66019775.0,3738789600.0,934697400.0
2015-08-31,'603869,北部湾旅,19.21,20.88,19.2,20.88,20.69,-1.48,-7.1532,7.9205,4281849,85223200.0,4153970400.0,1038492600.0
2015-08-28,'603869,北部湾旅,20.69,20.7,19.2,19.4,18.85,1.84,9.7613,10.9613,5925673,117568999.0,4474005600.0,1118501400.0
2015-08-27,'603869,北部湾旅,18.85,18.95,17.0,18.5,17.87,0.98,5.4841,9.3707,5065783,92233408.0,4076124000.0,1019031000.0
2015-08-26,'603869,北部湾旅,17.87,20.38,17.24,17.99,19.16,-1.29,-6.7328,13.8359,7479693,140512466.0,3864208800.0,966052200.0
2015-08-25,'603869,北部湾旅,19.16,20.2,19.16,19.16,21.29,-2.13,-10.0047,6.0451,3268007,63248080.0,4143158400.0,1035789600.0
2015-08-24,'603869,北部湾旅,21.29,23.3,21.29,22.05,23.65,-2.36,-9.9789,4.047,2187800,47059746.0,4603749600.0,1150937400.0
2015-08-21,'603869,北部湾旅,23.65,26.52,23.48,24.8,26.03,-2.38,-9.1433,9.5971,5188200,129793517.0,5114076000.0,1278519000.0
2015-08-20,'603869,北部湾旅,26.03,27.43,25.18,25.85,26.08,-0.05,-0.1917,12.2879,6642824,175002205.0,5628727200.0,1407181800.0
2015-08-19,'603869,北部湾旅,26.08,27.0,23.46,25.09,26.06,0.02,0.0767,12.9118,6980111,174615096.0,5639539200.0,1409884800.0
2015-08-18,'603869,北部湾旅,26.06,28.88,26.06,28.85,28.96,-2.9,-10.0138,11.037,5966596,164503624.0,5635214400.0,1408803600.0
2015-08-17,'603869,北部湾旅,28.96,30.45,28.31,30.45,30.48,-1.52,-4.9869,14.3488,7756985,224980327.0,6262310400.0,1565577600.0
2015-08-14,'603869,北部湾旅,30.48,32.23,30.35,31.15,31.07,-0.59,-1.8989,20.043,10835232,339338460.0,6590995200.0,1647748800.0
2015-08-13,'603869,北部湾旅,31.07,31.3,29.85,30.61,31.22,-0.15,-0.4805,10.1514,5487831,168463889.0,6718576800.0,1679644200.0
2015-08-12,'603869,北部湾旅,31.22,31.56,30.0,31.0,31.61,-0.39,-1.2338,18.5507,10028512,309825017.0,6751012800.0,1687753200.0
2015-08-11,'603869,北部湾旅,31.61,33.5,30.33,30.5,31.17,0.44,1.4116,29.5913,15997037,506241513.0,6835346400.0,1708836600.0
2015-08-10,'603869,北部湾旅,31.17,32.48,29.3,30.19,30.19,0.98,3.2461,18.6015,10055995,308716235.0,6740200800.0,1685050200.0
2015-08-07,'603869,北部湾旅,30.19,30.3,28.75,28.75,28.75,1.44,5.0087,29.2672,15821850,474094901.0,6528285600.0,1632071400.0
2015-08-06,'603869,北部湾旅,28.75,29.59,28.3,28.89,29.61,-0.86,-2.9044,12.1043,6543563,189458498.0,6216900000.0,1554225000.0
2015-08-05,'603869,北部湾旅,29.61,30.75,27.52,27.9,28.36,1.25,4.4076,24.7178,13362447,393047998.0,6402866400.0,1600716600.0
2015-08-04,'603869,北部湾旅,28.36,28.68,24.95,25.2,26.09,2.27,8.7007,20.5242,11095393,296994117.0,6132566400.0,1533141600.0
2015-08-03,'603869,北部湾旅,26.09,28.9,26.09,28.0,28.99,-2.9,-10.0034,20.012,10818495,298351998.0,5641701600.0,1410425400.0
2015-07-31,'603869,北部湾旅,28.99,29.3,25.2,26.0,26.78,2.21,8.2524,28.5171,15416330,421362701.0,6268797600.0,1567199400.0
2015-07-30,'603869,北部湾旅,26.78,27.8,24.71,25.0,25.31,1.47,5.808,29.7245,16069039,427235620.0,5790907200.0,1447726800.0
2015-07-29,'603869,北部湾旅,25.31,25.31,22.3,23.5,23.01,2.3,9.9957,16.5406,8941857,213697125.0,5473034400.0,1368258600.0
2015-07-28,'603869,北部湾旅,23.01,25.21,21.68,22.5,24.01,-1.0,-4.1649,14.5318,7855913,181873415.0,4975682400.0,1243920600.0
2015-07-27,'603869,北部湾旅,24.01,28.49,23.98,26.0,26.63,-2.62,-9.8385,22.7806,12315212,327277415.0,5191922400.0,1297980600.0
2015-07-24,'603869,北部湾旅,26.63,27.0,24.95,25.33,25.17,1.46,5.8006,20.8201,11255349,290959432.0,5758471200.0,1439617800.0
2015-07-23,'603869,北部湾旅,25.17,25.22,22.92,22.93,22.93,2.24,9.7689,15.5731,8418794,204050092.0,5442760800.0,1360690200.0
2015-07-22,'603869,北部湾旅,22.93,23.5,22.29,23.5,23.39,-0.46,-1.9667,10.6972,5782901,132602320.0,4958383200.0,1239595800.0
2015-07-21,'603869,北部湾旅,23.39,23.97,21.18,21.7,22.13,1.26,5.6936,14.0633,7602624,172544135.0,5057853600.0,1264463400.0
2015-07-20,'603869,北部湾旅,22.13,22.97,21.4,22.0,21.9,0.23,1.0502,12.5232,6770019,150341474.0,4785391200.0,1196347800.0
2015-07-17,'603869,北部湾旅,21.9,22.27,20.4,20.4,20.5,1.4,6.8293,12.1985,6594520,141274380.0,4735656000.0,1183914000.0
2015-07-16,'603869,北部湾旅,20.5,21.38,18.3,18.6,20.27,0.23,1.1347,13.0488,7054197,141494738.0,4432920000.0,1108230000.0
2015-07-15,'603869,北部湾旅,20.27,22.16,19.16,21.14,21.14,-0.87,-4.1154,22.9406,12401673,260551545.0,4383184800.0,1095796200.0
2015-07-14,'603869,北部湾旅,21.14,21.14,20.0,21.14,19.22,1.92,9.9896,8.1004,4379096,92374476.0,4571313600.0,1142828400.0
2015-07-13,'603869,北部湾旅,19.22,19.22,18.91,19.22,17.47,1.75,10.0172,8.1854,4425006,84855414.0,4156132800.0,1039033200.0
2015-07-10,'603869,北部湾旅,17.47,17.47,16.41,16.88,15.88,1.59,10.0126,4.1796,2259479,38926783.0,3777712800.0,944428200.0
2015-07-09,'603869,XD北部湾,15.88,15.88,13.0,13.06,14.44,1.44,9.9723,12.7753,6906312,102826996.0,3433891200.0,858472800.0
2015-07-08,'603869,北部湾旅,14.52,14.52,14.52,14.52,16.13,-1.61,-9.9814,1.015,548700,7967124.0,3139804800.0,784951200.0
2015-07-07,'603869,北部湾旅,16.13,17.27,16.13,17.02,17.92,-1.79,-9.9888,4.7402,2562571,42003387.0,3487951200.0,871987800.0
2015-07-06,'603869,北部湾旅,17.92,20.97,17.2,20.97,19.06,-1.14,-5.9811,9.4329,5099426,97608312.0,3875020800.0,968755200.0
2015-07-03,'603869,北部湾旅,19.06,21.78,19.06,19.33,21.18,-2.12,-10.0094,8.6194,4659651,91921810.0,4121534400.0,1030383600.0
2015-07-02,'603869,北部湾旅,21.18,23.75,21.18,22.98,23.53,-2.35,-9.9873,8.9549,4841023,107626016.0,4579963200.0,1144990800.0
2015-07-01,'603869,北部湾旅,23.53,26.66,23.24,24.6,25.72,-2.19,-8.5148,10.7179,5794094,148065442.0,5088127200.0,1272031800.0
2015-06-30,'603869,北部湾旅,25.72,26.35,21.75,23.65,24.17,1.55,6.4129,12.549,6783970,161056958.0,5561692800.0,1390423200.0
2015-06-29,'603869,北部湾旅,24.17,27.85,24.17,27.41,26.85,-2.68,-9.9814,9.1015,4920274,122846721.0,5226520800.0,1306630200.0
2015-06-26,'603869,北部湾旅,26.85,28.98,26.85,28.98,29.83,-2.98,-9.9899,6.3056,3408790,93231440.0,5806044000.0,1451511000.0
2015-06-25,'603869,北部湾旅,29.83,32.8,29.49,32.6,32.76,-2.93,-8.9438,7.6001,4108613,128638573.0,6450439200.0,1612609800.0
2015-06-24,'603869,北部湾旅,32.76,33.49,31.5,32.46,31.98,0.78,2.439,8.5254,4608849,150395188.0,7084022400.0,1771005600.0
2015-06-23,'603869,北部湾旅,31.98,32.44,29.23,30.49,32.48,-0.5,-1.5394,9.5243,5148823,158695515.0,6915355200.0,1728838800.0
2015-06-19,'603869,北部湾旅,32.48,34.62,32.48,34.62,36.09,-3.61,-10.0028,7.603,4110177,137501491.0,7023475200.0,1755868800.0
2015-06-18,'603869,北部湾旅,36.09,39.66,35.9,39.66,39.59,-3.5,-8.8406,10.4398,5643743,211795344.0,7804101600.0,1951025400.0
2015-06-17,'603869,北部湾旅,39.59,40.2,37.0,38.9,38.97,0.62,1.591,11.4647,6197836,243965430.0,8560941600.0,2140235400.0
2015-06-16,'603869,北部湾旅,38.97,40.52,35.0,37.0,38.65,0.32,0.8279,14.6207,7903970,299089581.0,8426872800.0,2106718200.0
2015-06-15,'603869,北部湾旅,38.65,42.9,38.65,42.9,42.94,-4.29,-9.9907,16.9614,9169342,362858724.0,8357676000.0,2089419000.0
2015-06-12,'603869,北部湾旅,42.94,45.45,42.42,44.24,45.45,-2.51,-5.5226,18.4707,9985276,435843238.0,9285345600.0,2321336400.0
2015-06-11,'603869,北部湾旅,45.45,45.88,43.75,43.75,42.88,2.57,5.9935,25.5343,13803855,619963709.0,9828108000.0,2457027000.0
2015-06-10,'603869,北部湾旅,42.88,42.88,38.5,39.19,38.98,3.9,10.0051,18.1893,9833122,409153465.0,9272371200.0,2318092800.0
2015-06-09,'603869,北部湾旅,38.98,39.0,36.84,36.84,36.82,2.16,5.8664,11.4424,6185737,237492488.0,8429035200.0,2107258800.0
2015-06-08,'603869,北部湾旅,36.82,39.26,36.3,39.26,39.32,-2.5,-6.3581,13.3451,7214373,268485287.0,7961956800.0,1990489200.0
2015-06-05,'603869,北部湾旅,39.32,40.85,39.1,40.0,39.08,0.24,0.6141,11.5999,6270929,249240305.0,8502556800.0,2125639200.0
2015-06-04,'603869,北部湾旅,39.08,41.85,37.88,41.85,42.09,-3.01,-7.1513,17.6015,9515384,372513944.0,8450659200.0,2112664800.0
2015-06-03,'603869,北部湾旅,42.09,43.58,40.5,41.95,42.46,-0.37,-0.8714,14.741,7968981,338097548.0,9101541600.0,2275385400.0
2015-06-02,'603869,北部湾旅,42.46,44.81,41.47,43.9,44.85,-2.39,-5.3289,19.496,10539523,453280834.0,9181550400.0,2295387600.0
2015-06-01,'603869,北部湾旅,44.85,45.57,40.5,44.4,44.39,0.46,1.0363,27.7064,14978097,644013562.0,9698364000.0,2424591000.0
2015-05-29,'603869,北部湾旅,44.39,47.64,40.41,41.05,44.9,-0.51,-1.1359,34.0162,18389134,799991179.0,9598893600.0,2399723400.0
2015-05-28,'603869,北部湾旅,44.9,54.86,44.88,53.51,49.87,-4.97,-9.9659,29.2974,15838154,844456342.0,9709176000.0,2427294000.0
2015-05-27,'603869,北部湾旅,49.87,49.87,45.51,48.88,45.34,4.53,9.9912,20.5691,11119668,540028431.0,10783888800.0,2695972200.0
2015-05-26,'603869,北部湾旅,45.34,45.34,41.68,42.1,41.22,4.12,9.9951,23.0882,12481465,546183031.0,9804321600.0,2451080400.0
2015-05-25,'603869,北部湾旅,41.22,41.22,35.4,37.47,37.47,3.75,10.008,27.3881,14805999,584910997.0,8913412800.0,2228353200.0
2015-05-22,'603869,北部湾旅,37.47,38.4,34.16,35.81,35.65,1.82,5.1052,29.7807,16099472,581338542.0,8102512800.0,2025628200.0
2015-05-21,'603869,北部湾旅,35.65,37.69,35.06,36.2,37.07,-1.42,-3.8306,24.4361,13210169,472818730.0,7708956000.0,1927239000.0
2015-05-20,'603869,北部湾旅,37.07,39.98,35.38,35.48,36.88,0.19,0.5152,29.6916,16051260,604541467.0,8016016800.0,2004004200.0
2015-05-19,'603869,北部湾旅,36.88,38.67,35.5,37.67,35.15,1.73,4.9218,41.9013,22651845,847963931.0,7974931200.0,1993732800.0
2015-05-18,'603869,北部湾旅,35.15,35.15,31.68,32.1,31.95,3.2,10.0156,31.532,17046214,586459396.0,7600836000.0,1900209000.0
2015-05-15,'603869,北部湾旅,31.95,33.85,30.85,33.09,34.05,-2.1,-6.1674,28.0321,15154163,494135629.0,6908868000.0,1727217000.0
2015-05-14,'603869,北部湾旅,34.05,34.09,30.48,31.1,30.99,3.06,9.8742,37.3633,20198599,664292353.0,7362972000.0,1840743000.0
2015-05-13,'603869,北部湾旅,30.99,31.0,28.0,29.03,29.6,1.39,4.6959,27.8253,15042356,449509682.0,6701277600.0,1675319400.0
2015-05-12,'603869,北部湾旅,29.6,30.3,28.58,28.58,28.14,1.46,5.1883,24.8634,13441175,395629638.0,6400704000.0,1600176000.0
2015-05-11,'603869,北部湾旅,28.14,28.14,25.6,25.62,25.58,2.56,10.0078,17.8205,9633762,261579169.0,6084993600.0,1521248400.0
2015-05-08,'603869,北部湾旅,25.58,25.8,24.5,24.89,24.47,1.11,4.5362,10.9391,5913658,147580621.0,5531419200.0,1382854800.0
2015-05-07,'603869,北部湾旅,24.47,26.06,24.25,26.0,26.36,-1.89,-7.17,10.5786,5718773,142698938.0,5291392800.0,1322848200.0
2015-05-06,'603869,北部湾旅,26.36,27.29,26.25,26.59,26.51,-0.15,-0.5658,9.1038,4921530,131437575.0,5700086400.0,1425021600.0
2015-05-05,'603869,北部湾旅,26.51,27.69,26.5,27.47,27.4,-0.89,-3.2482,10.2463,5539141,149674682.0,5732522400.0,1433130600.0
2015-05-04,'603869,北部湾旅,27.4,28.25,27.2,28.03,28.0,-0.6,-2.1429,9.3365,5047311,138632027.0,5924976000.0,1481244000.0
2015-04-30,'603869,北部湾旅,28.0,28.75,27.99,28.48,28.36,-0.36,-1.2694,11.1909,6049827,171087541.0,6054720000.0,1513680000.0
2015-04-29,'603869,北部湾旅,28.36,28.56,26.8,27.45,27.73,0.63,2.2719,13.626,7366201,205172078.0,6132566400.0,1533141600.0
2015-04-28,'603869,北部湾旅,27.73,29.88,27.37,29.85,30.35,-2.62,-8.6326,24.3494,13163293,373688754.0,5996335200.0,1499083800.0
2015-04-27,'603869,北部湾旅,30.35,30.87,29.5,30.26,29.52,0.83,2.8117,27.8525,15057051,455492133.0,6562884000.0,1640721000.0
2015-04-24,'603869,北部湾旅,29.52,30.47,28.07,28.4,29.12,0.4,1.3736,25.9605,14034261,412304863.0,6383404800.0,1595851200.0
2015-04-23,'603869,北部湾旅,29.12,29.76,29.0,29.3,29.97,-0.85,-2.8362,22.216,12009988,351213006.0,6296908800.0,1574227200.0
2015-04-22,'603869,北部湾旅,29.97,30.05,28.55,28.55,30.25,-0.28,-0.9256,34.617,18713958,548561448.0,6480712800.0,1620178200.0
2015-04-21,'603869,北部湾旅,30.25,36.6,29.95,35.0,33.28,-3.03,-9.1046,57.7547,31222208,986366163.0,6541260000.0,1635315000.0
2015-04-20,'603869,北部湾旅,33.28,33.28,31.52,33.28,30.25,3.03,10.0165,22.0473,11918772,395329792.0,7196467200.0,1799116800.0
2015-04-17,'603869,北部湾旅,30.25,30.25,28.87,29.01,27.5,2.75,10.0,9.806,5301108,157240770.0,6541260000.0,1635315000.0
2015-04-16,'603869,北部湾旅,27.5,27.5,23.52,24.5,25.0,2.5,10.0,53.382,28858312,755701377.0,5946600000.0,1486650000.0
2015-04-15,'603869,北部湾旅,25.0,25.0,25.0,25.0,22.73,2.27,9.9868,20.4867,11075134,276878350.0,5406000000.0,1351500000.0
2015-04-14,'603869,北部湾旅,22.73,22.73,22.73,22.73,20.66,2.07,10.0194,2.3215,1255000,28526150.0,4915135200.0,1228783800.0
2015-04-13,'603869,北部湾旅,20.66,20.66,20.66,20.66,18.78,1.88,10.0106,1.4619,790289,16327371.0,4467518400.0,1116879600.0
2015-04-10,'603869,北部湾旅,18.78,18.78,18.78,18.78,17.07,1.71,10.0176,0.7432,401800,7545804.0,4060987200.0,1015246800.0
2015-04-09,'603869,北部湾旅,17.07,17.07,17.07,17.07,15.52,1.55,9.9871,0.6627,358252,6115362.0,3691216800.0,922804200.0
2015-04-08,'603869,北部湾旅,15.52,15.52,15.52,15.52,14.11,1.41,9.9929,0.4584,247800,3845856.0,3356044800.0,839011200.0
2015-04-07,'603869,北部湾旅,14.11,14.11,14.11,14.11,12.83,1.28,9.9766,0.197,106500,1502715.0,3051146400.0,762786600.0
2015-04-03,'603869,北部湾旅,12.83,12.83,12.83,12.83,11.66,1.17,10.0343,0.2199,118900,1525487.0,2774359200.0,693589800.0
2015-04-02,'603869,北部湾旅,11.66,11.66,11.66,11.66,10.6,1.06,10.0,0.1171,63300,738078.0,2521358400.0,630339600.0
2015-04-01,'603869,北部湾旅,10.6,10.6,10.6,10.6,9.64,0.96,9.9585,0.0786,42500,450500.0,2292144000.0,573036000.0
2015-03-31,'603869,北部湾旅,9.64,9.64,9.64,9.64,8.76,0.88,10.0457,0.0298,16100,155204.0,2084553600.0,521138400.0
2015-03-30,'603869,北部湾旅,8.76,8.76,8.76,8.76,7.96,0.8,10.0503,0.0351,19000,166440.0,1894262400.0,473565600.0
2015-03-27,'603869,北部湾旅,7.96,7.96,7.96,7.96,7.24,0.72,9.9448,0.0251,13550,107858.0,1721270400.0,430317600.0
2015-03-26,'603869,N北部,7.24,7.24,7.24,7.24,5.03,2.21,43.9364,0.0564,30500,220820.0,1565577600.0,391394400.0
