日期,股票代码,名称,收盘价,最高价,最低价,开盘价,前收盘,涨跌额,涨跌幅,换手率,成交量,成交金额,总市值,流通市值
2017-05-15,'603817,海峡环保,20.54,21.0,19.28,19.65,19.36,1.18,6.095,27.2225,30625366,618896967.0,9243000000.0,2310750000.0
2017-05-12,'603817,海峡环保,19.36,19.36,17.31,17.45,17.6,1.76,10.0,14.9959,16870378,313285819.0,8712000000.0,2178000000.0
2017-05-11,'603817,海峡环保,17.6,17.71,16.56,16.88,17.03,0.57,3.347,8.46,9517556,164643537.0,7920000000.0,1980000000.0
2017-05-10,'603817,海峡环保,17.03,17.71,17.0,17.41,17.45,-0.42,-2.4069,6.3058,7094055,122779406.0,7663500000.0,1915875000.0
2017-05-09,'603817,海峡环保,17.45,17.74,16.5,16.69,16.75,0.7,4.1791,7.4235,8351415,145211609.0,7852500000.0,1963125000.0
2017-05-08,'603817,海峡环保,16.75,17.9,16.5,17.84,18.0,-1.25,-6.9444,7.2549,8161737,141056824.0,7537500000.0,1884375000.0
2017-05-05,'603817,海峡环保,18.0,19.28,17.96,19.0,19.13,-1.13,-5.907,7.4862,8421952,157703570.0,8100000000.0,2025000000.0
2017-05-04,'603817,海峡环保,19.13,19.8,19.0,19.45,19.72,-0.59,-2.9919,8.3689,9414964,182399889.0,8608500000.0,2152125000.0
2017-05-03,'603817,海峡环保,19.72,19.78,18.88,19.29,19.38,0.34,1.7544,11.2152,12617087,244801170.0,8874000000.0,2218500000.0
2017-05-02,'603817,海峡环保,19.38,19.84,19.17,19.47,19.54,-0.16,-0.8188,7.0363,7915864,154236940.0,8721000000.0,2180250000.0
2017-04-28,'603817,海峡环保,19.54,20.1,19.26,19.45,19.82,-0.28,-1.4127,9.9608,11205859,220138712.0,8793000000.0,2198250000.0
2017-04-27,'603817,海峡环保,19.82,20.69,18.08,18.68,18.84,0.98,5.2017,17.316,19480543,375405753.0,8919000000.0,2229750000.0
2017-04-26,'603817,海峡环保,18.84,19.18,18.41,18.56,18.87,-0.03,-0.159,10.1625,11432790,214844509.0,8478000000.0,2119500000.0
2017-04-25,'603817,海峡环保,18.87,19.15,18.02,18.4,18.2,0.67,3.6813,11.6403,13095378,245285842.0,8491500000.0,2122875000.0
2017-04-24,'603817,海峡环保,18.2,18.61,17.46,18.06,18.01,0.19,1.055,9.3563,10525799,192925361.0,8190000000.0,2047500000.0
2017-04-21,'603817,海峡环保,18.01,19.0,17.7,18.9,19.2,-1.19,-6.1979,9.0777,10212359,188511541.0,8104500000.0,2026125000.0
2017-04-20,'603817,海峡环保,19.2,19.95,18.68,19.18,18.82,0.38,2.0191,17.3684,19539494,377636922.0,8640000000.0,2160000000.0
2017-04-19,'603817,海峡环保,18.82,18.82,17.16,17.16,17.11,1.71,9.9942,13.9958,15745221,284633868.0,8469000000.0,2117250000.0
2017-04-18,'603817,海峡环保,17.11,18.86,17.05,17.98,18.69,-1.58,-8.4537,10.8994,12261870,218879328.0,7699500000.0,1924875000.0
2017-04-17,'603817,海峡环保,18.69,19.79,18.69,19.79,20.77,-2.08,-10.0144,8.1705,9191805,173709223.0,8410500000.0,2102625000.0
2017-04-14,'603817,海峡环保,20.77,21.92,20.71,21.64,21.78,-1.01,-4.6373,8.0246,9027719,191031555.0,9346500000.0,2336625000.0
2017-04-13,'603817,海峡环保,21.78,22.49,21.0,21.0,21.59,0.19,0.88,7.2584,8165646,179397765.0,9801000000.0,2450250000.0
2017-04-12,'603817,海峡环保,21.59,22.74,21.5,22.5,22.95,-1.36,-5.9259,9.7132,10927360,241752023.0,9715500000.0,2428875000.0
2017-04-11,'603817,海峡环保,22.95,23.26,21.8,22.19,22.89,0.06,0.2621,13.854,15585710,351443006.0,10327500000.0,2581875000.0
2017-04-10,'603817,海峡环保,22.89,25.0,22.7,25.0,25.02,-2.13,-8.5132,18.4484,20754479,494625555.0,10300500000.0,2575125000.0
2017-04-07,'603817,海峡环保,25.02,25.8,23.41,23.5,23.76,1.26,5.303,22.4553,25262268,626805434.0,11259000000.0,2814750000.0
2017-04-06,'603817,海峡环保,23.76,24.2,22.82,23.14,23.16,0.6,2.5907,13.7028,15415663,366480792.0,10692000000.0,2673000000.0
2017-04-05,'603817,海峡环保,23.16,23.68,21.7,22.49,22.49,0.67,2.9791,12.7869,14385273,329582875.0,10422000000.0,2605500000.0
2017-03-31,'603817,海峡环保,22.49,24.49,22.19,23.91,24.01,-1.52,-6.3307,14.0549,15811768,369526563.0,10120500000.0,2530125000.0
2017-03-30,'603817,海峡环保,24.01,24.99,23.91,24.5,25.21,-1.2,-4.76,13.3779,15050128,366805018.0,10804500000.0,2701125000.0
2017-03-29,'603817,海峡环保,25.21,25.79,23.05,24.74,24.83,0.38,1.5304,21.6148,24316661,592882034.0,11344500000.0,2836125000.0
2017-03-28,'603817,海峡环保,24.83,26.4,24.76,26.2,26.48,-1.65,-6.2311,18.3493,20642966,525596555.0,11173500000.0,2793375000.0
2017-03-27,'603817,海峡环保,26.48,27.45,26.19,27.12,27.12,-0.64,-2.3599,14.6114,16437870,437951384.0,11916000000.0,2979000000.0
2017-03-24,'603817,海峡环保,27.12,27.73,26.82,27.09,27.33,-0.21,-0.7684,15.3386,17255876,469710028.0,12204000000.0,3051000000.0
2017-03-23,'603817,海峡环保,27.33,28.45,26.19,28.01,28.37,-1.04,-3.6658,29.0388,32668642,899399304.0,12298500000.0,3074625000.0
2017-03-22,'603817,海峡环保,28.37,28.99,27.59,28.0,28.5,-0.13,-0.4561,32.4228,36475653,1037371947.0,12766500000.0,3191625000.0
2017-03-21,'603817,海峡环保,28.5,28.97,26.71,26.88,27.15,1.35,4.9724,36.2105,40736762,1151564919.0,12825000000.0,3206250000.0
2017-03-20,'603817,海峡环保,27.15,27.5,26.27,26.74,27.64,-0.49,-1.7728,26.551,29869888,800818039.0,12217500000.0,3054375000.0
2017-03-17,'603817,海峡环保,27.64,30.0,26.88,28.18,27.95,-0.31,-1.1091,61.4115,69087944,1968288809.0,12438000000.0,3109500000.0
2017-03-16,'603817,海峡环保,27.95,27.95,24.4,24.6,25.41,2.54,9.9961,56.4322,63486202,1681322329.0,12577500000.0,3144375000.0
2017-03-15,'603817,海峡环保,25.41,26.0,22.6,23.04,23.71,1.7,7.17,53.4359,60115365,1453697129.0,11434500000.0,2858625000.0
2017-03-14,'603817,海峡环保,23.71,24.91,22.3,22.58,23.5,0.21,0.8936,52.0155,58517414,1387936132.0,10669500000.0,2667375000.0
2017-03-13,'603817,海峡环保,23.5,24.11,22.3,22.9,22.09,1.41,6.383,62.7506,70594427,1631983232.0,10575000000.0,2643750000.0
2017-03-10,'603817,海峡环保,22.09,22.09,22.09,22.09,20.08,2.01,10.01,0.8946,1006439,22232238.0,9940500000.0,2485125000.0
2017-03-09,'603817,海峡环保,20.08,20.08,20.08,20.08,18.25,1.83,10.0274,0.4875,548396,11011792.0,9036000000.0,2259000000.0
2017-03-08,'603817,海峡环保,18.25,18.25,18.25,18.25,16.59,1.66,10.006,0.2122,238738,4356969.0,8212500000.0,2053125000.0
2017-03-07,'603817,海峡环保,16.59,16.59,16.59,16.59,15.08,1.51,10.0133,0.2253,253420,4204238.0,7465500000.0,1866375000.0
2017-03-06,'603817,海峡环保,15.08,15.08,15.08,15.08,13.71,1.37,9.9927,0.3906,439425,6626529.0,6786000000.0,1696500000.0
2017-03-03,'603817,海峡环保,13.71,13.71,13.71,13.71,12.46,1.25,10.0321,0.2159,242901,3330173.0,6169500000.0,1542375000.0
2017-03-02,'603817,海峡环保,12.46,12.46,12.46,12.46,11.33,1.13,9.9735,0.0969,109010,1358265.0,5607000000.0,1401750000.0
2017-03-01,'603817,海峡环保,11.33,11.33,11.33,11.33,10.3,1.03,10.0,0.0464,52213,591573.0,5098500000.0,1274625000.0
2017-02-28,'603817,海峡环保,10.3,10.3,10.3,10.3,9.36,0.94,10.0427,0.0402,45217,465735.0,4635000000.0,1158750000.0
2017-02-27,'603817,海峡环保,9.36,9.36,9.36,9.36,8.51,0.85,9.9882,0.0645,72558,679143.0,4212000000.0,1053000000.0
2017-02-24,'603817,海峡环保,8.51,8.51,8.51,8.51,7.74,0.77,9.9483,0.0395,44409,377921.0,3829500000.0,957375000.0
2017-02-23,'603817,海峡环保,7.74,7.74,7.74,7.74,7.04,0.7,9.9432,0.0219,24600,190404.0,3483000000.0,870750000.0
2017-02-22,'603817,海峡环保,7.04,7.04,7.04,7.04,6.4,0.64,10.0,0.0106,11900,83776.0,3168000000.0,792000000.0
2017-02-21,'603817,海峡环保,6.4,6.4,6.4,6.4,5.82,0.58,9.9656,0.0082,9200,58880.0,2880000000.0,720000000.0
2017-02-20,'603817,N海峡,5.82,5.82,5.82,5.82,4.04,1.78,44.0594,0.0303,34100,198462.0,2619000000.0,654750000.0
