日期,股票代码,名称,收盘价,最高价,最低价,开盘价,前收盘,涨跌额,涨跌幅,换手率,成交量,成交金额,总市值,流通市值
2017-05-15,'603806,福斯特,32.24,32.5,32.06,32.49,32.2,0.04,0.1242,0.7485,675188,21788163.0,12960480000.0,2908370400.0
2017-05-12,'603806,福斯特,32.2,32.78,31.99,32.78,32.65,-0.45,-1.3783,1.2503,1127918,36329008.0,12944400000.0,2904762000.0
2017-05-11,'603806,福斯特,32.65,32.8,31.88,31.99,32.67,-0.02,-0.0612,1.3809,1245682,40220751.0,13125300000.0,2945356500.0
2017-05-10,'603806,福斯特,32.67,33.55,32.61,33.35,33.28,-0.61,-1.8329,0.9558,862220,28616704.0,13133340000.0,2947160700.0
2017-05-09,'603806,福斯特,33.28,33.5,32.62,33.15,32.9,0.38,1.155,1.1398,1028237,34063506.0,13378560000.0,3002188800.0
2017-05-08,'603806,福斯特,32.9,34.5,32.81,34.49,34.67,-1.77,-5.1053,2.0207,1822896,61146422.0,13225800000.0,2967909000.0
2017-05-05,'603806,福斯特,34.67,35.16,34.6,34.84,34.93,-0.26,-0.7443,0.9844,888028,31026009.0,13937340000.0,3127580700.0
2017-05-04,'603806,福斯特,34.93,35.48,34.85,35.4,35.33,-0.4,-1.1322,1.0895,982842,34460393.0,14041860000.0,3151035300.0
2017-05-03,'603806,福斯特,35.33,35.51,34.85,35.0,34.87,0.46,1.3192,1.3723,1237908,43602184.0,14202660000.0,3187119300.0
2017-05-02,'603806,福斯特,34.87,36.61,34.84,36.6,36.64,-1.77,-4.8308,3.3344,3007950,106856473.0,14017740000.0,3145622700.0
2017-04-28,'603806,福斯特,36.64,36.85,36.1,36.5,36.79,-0.15,-0.4077,1.8317,1652406,60411041.0,14729280000.0,3305294400.0
2017-04-27,'603806,XD福斯特,36.79,37.46,36.1,36.9,40.11,-3.32,-8.2772,5.8793,5303693,194027775.0,14789580000.0,3318825900.0
2017-04-26,'603806,福斯特,41.11,41.11,41.11,41.11,45.68,-4.57,-10.0044,0.7481,674900,27745139.0,16526220000.0,3708533100.0
2017-04-25,'603806,福斯特,45.68,45.96,45.46,45.51,45.34,0.34,0.7499,0.8426,760127,34747819.0,18363360000.0,4120792800.0
2017-04-24,'603806,福斯特,45.34,46.0,45.3,45.98,45.86,-0.52,-1.1339,1.1349,1023815,46682261.0,18226680000.0,4090121400.0
2017-04-21,'603806,福斯特,45.86,46.26,45.45,46.26,46.22,-0.36,-0.7789,0.8672,782329,35848748.0,18435720000.0,4137030600.0
2017-04-20,'603806,福斯特,46.22,46.63,46.06,46.35,46.25,-0.03,-0.0649,0.9026,814270,37701433.0,18580440000.0,4169506200.0
2017-04-19,'603806,福斯特,46.25,46.41,45.31,45.31,45.4,0.85,1.8722,1.2422,1120570,51466187.0,18592500000.0,4172212500.0
2017-04-18,'603806,福斯特,45.4,45.86,45.28,45.28,45.28,0.12,0.265,0.9614,867286,39544527.0,18250800000.0,4095534000.0
2017-04-17,'603806,福斯特,45.28,45.85,45.11,45.5,45.7,-0.42,-0.919,0.8546,770935,34982709.0,18202560000.0,4084708800.0
2017-04-14,'603806,福斯特,45.7,46.03,45.37,46.03,46.03,-0.33,-0.7169,1.3787,1243704,56672084.0,18371400000.0,4122597000.0
2017-04-13,'603806,福斯特,46.03,46.56,45.97,46.14,46.15,-0.12,-0.26,1.0425,940413,43484719.0,18504060000.0,4152366300.0
2017-04-12,'603806,福斯特,46.15,46.77,46.02,46.77,46.74,-0.59,-1.2623,0.9858,889253,41239107.0,18552300000.0,4163191500.0
2017-04-11,'603806,福斯特,46.74,47.0,46.0,46.15,46.08,0.66,1.4323,1.6863,1521229,70881968.0,18789480000.0,4216415400.0
2017-04-10,'603806,福斯特,46.08,47.34,46.0,47.31,47.27,-1.19,-2.5175,1.7,1533583,71297484.0,18524160000.0,4156876800.0
2017-04-07,'603806,福斯特,47.27,47.6,47.03,47.2,47.25,0.02,0.0423,1.2538,1131079,53486514.0,19002540000.0,4264226700.0
2017-04-06,'603806,福斯特,47.25,47.65,47.19,47.45,47.37,-0.12,-0.2533,1.3021,1174635,55603577.0,18994500000.0,4262422500.0
2017-04-05,'603806,福斯特,47.37,47.48,46.42,46.42,46.4,0.97,2.0905,1.7837,1609045,75764047.0,19042740000.0,4273247700.0
2017-03-31,'603806,福斯特,46.4,46.47,45.72,45.72,45.73,0.67,1.4651,1.2941,1167418,53981578.0,18652800000.0,4185744000.0
2017-03-30,'603806,福斯特,45.73,46.95,45.6,46.79,46.7,-0.97,-2.0771,2.4904,2246590,103601895.0,18383460000.0,4125303300.0
2017-03-29,'603806,福斯特,46.7,47.5,46.67,47.5,47.5,-0.8,-1.6842,2.2075,1991365,93417422.0,18773400000.0,4212807000.0
2017-03-28,'603806,福斯特,47.5,48.7,47.15,48.46,48.46,-0.96,-1.981,3.2061,2892194,138006154.0,19095000000.0,4284975000.0
2017-03-27,'603806,福斯特,48.46,48.9,48.42,48.72,48.64,-0.18,-0.3701,1.6058,1448613,70536412.0,19480920000.0,4371576600.0
2017-03-24,'603806,福斯特,48.64,48.97,48.34,48.59,48.62,0.02,0.0411,1.9285,1739668,84769132.0,19553280000.0,4387814400.0
2017-03-23,'603806,福斯特,48.62,49.37,48.07,49.3,49.23,-0.61,-1.2391,2.668,2406806,117153717.0,19545240000.0,4386010200.0
2017-03-22,'603806,福斯特,49.23,49.3,48.1,48.56,48.85,0.38,0.7779,3.5764,3226312,157487017.0,19790460000.0,4441038300.0
2017-03-21,'603806,福斯特,48.85,50.48,48.78,50.2,52.28,-3.43,-6.5608,8.7149,7861706,387964152.0,19637700000.0,4406758500.0
2017-03-20,'603806,福斯特,52.28,52.7,50.98,50.98,50.98,1.3,2.55,5.1422,4638823,241500966.0,21016560000.0,4716178800.0
2017-03-17,'603806,福斯特,50.98,52.85,50.7,50.7,50.73,0.25,0.4928,5.3153,4794969,248383482.0,20493960000.0,4598905800.0
2017-03-16,'603806,福斯特,50.73,50.85,49.56,49.97,49.7,1.03,2.0724,3.0809,2779290,139754788.0,20393460000.0,4576353300.0
2017-03-15,'603806,福斯特,49.7,49.99,49.35,49.5,49.7,0.0,0.0,1.768,1594886,79130093.0,19979400000.0,4483437000.0
2017-03-14,'603806,福斯特,49.7,50.18,49.17,49.26,49.17,0.53,1.0779,2.2617,2040254,101468568.0,19979400000.0,4483437000.0
2017-03-13,'603806,福斯特,49.17,49.75,48.15,49.07,49.23,-0.06,-0.1219,2.006,1809620,89051728.0,19766340000.0,4435625700.0
2017-03-10,'603806,福斯特,49.23,49.4,48.91,49.25,49.18,0.05,0.1017,1.7011,1534529,75524633.0,19790460000.0,4441038300.0
2017-03-09,'603806,福斯特,49.18,49.48,48.21,48.39,48.38,0.8,1.6536,2.341,2111797,103577462.0,19770360000.0,4436527800.0
2017-03-08,'603806,福斯特,48.38,49.09,48.31,48.93,48.91,-0.53,-1.0836,1.4181,1279238,62120704.0,19448760000.0,4364359800.0
2017-03-07,'603806,福斯特,48.91,49.37,48.69,48.85,48.91,0.0,0.0,1.69,1524514,74814955.0,19661820000.0,4412171100.0
2017-03-06,'603806,福斯特,48.91,49.51,48.45,48.6,48.45,0.46,0.9494,3.4883,3146781,154450981.0,19661820000.0,4412171100.0
2017-03-03,'603806,福斯特,48.45,48.65,47.95,48.12,48.29,0.16,0.3313,2.2586,2037499,98399036.0,19476900000.0,4370674500.0
2017-03-02,'603806,福斯特,48.29,48.82,47.33,47.48,47.4,0.89,1.8776,2.7747,2503079,120763064.0,19412580000.0,4356240900.0
2017-03-01,'603806,福斯特,47.4,47.56,47.03,47.26,47.42,-0.02,-0.0422,1.1801,1064541,50383057.0,19054800000.0,4275954000.0
2017-02-28,'603806,福斯特,47.42,47.49,47.16,47.16,47.32,0.1,0.2113,0.7276,656362,31041695.0,19062840000.0,4277758200.0
2017-02-27,'603806,福斯特,47.32,48.07,47.0,47.78,47.71,-0.39,-0.8174,1.4421,1300883,61905446.0,19022640000.0,4268737200.0
2017-02-24,'603806,福斯特,47.71,48.08,46.94,47.17,47.17,0.54,1.1448,1.6468,1485563,70827603.0,19179420000.0,4303919100.0
2017-02-23,'603806,福斯特,47.17,47.45,46.69,47.0,47.27,-0.1,-0.2116,1.271,1146560,53872816.0,18962340000.0,4255205700.0
2017-02-22,'603806,福斯特,47.27,47.45,46.49,46.7,46.6,0.67,1.4378,1.636,1475835,69247482.0,19002540000.0,4264226700.0
2017-02-21,'603806,福斯特,46.6,46.75,46.15,46.44,46.33,0.27,0.5828,1.1737,1058773,49277578.0,18733200000.0,4203786000.0
2017-02-20,'603806,福斯特,46.33,46.37,45.12,45.31,45.44,0.89,1.9586,1.302,1174546,53854708.0,18624660000.0,4179429300.0
2017-02-17,'603806,福斯特,45.44,46.39,45.38,46.28,46.28,-0.84,-1.815,1.2032,1085416,49654147.0,18266880000.0,4099142400.0
2017-02-16,'603806,福斯特,46.28,46.43,46.05,46.28,46.09,0.19,0.4122,1.1142,1005159,46427968.0,18604560000.0,4174918800.0
2017-02-15,'603806,福斯特,46.09,46.8,46.0,46.23,46.28,-0.19,-0.4105,1.5712,1417368,65824895.0,18528180000.0,4157778900.0
2017-02-14,'603806,福斯特,46.28,46.84,46.01,46.6,46.45,-0.17,-0.366,0.9035,815053,37673910.0,18604560000.0,4174918800.0
2017-02-13,'603806,福斯特,46.45,46.56,45.6,45.71,45.79,0.66,1.4414,1.5204,1371528,63369670.0,18672900000.0,4190254500.0
2017-02-10,'603806,福斯特,45.79,46.3,45.61,45.88,45.89,-0.1,-0.2179,1.2733,1148671,52812685.0,18407580000.0,4130715900.0
2017-02-09,'603806,福斯特,45.89,46.19,45.32,45.36,45.47,0.42,0.9237,1.5886,1433040,65645695.0,18447780000.0,4139736900.0
2017-02-08,'603806,福斯特,45.47,45.59,44.95,45.59,45.58,-0.11,-0.2413,1.9492,1758368,79650630.0,18278940000.0,4101848700.0
2017-02-07,'603806,福斯特,45.58,45.9,45.33,45.9,45.89,-0.31,-0.6755,0.8733,787839,35943635.0,18323160000.0,4111771800.0
2017-02-06,'603806,福斯特,45.89,46.16,45.51,45.84,45.76,0.13,0.2841,0.9885,891709,40854025.0,18447780000.0,4139736900.0
2017-02-03,'603806,福斯特,45.76,46.29,45.58,46.2,46.11,-0.35,-0.7591,0.6535,589491,27003349.0,18395520000.0,4128009600.0
2017-01-26,'603806,福斯特,46.11,46.15,45.56,45.56,45.71,0.4,0.8751,0.8683,783295,35962918.0,18536220000.0,4159583100.0
2017-01-25,'603806,福斯特,45.71,45.78,44.92,45.02,45.11,0.6,1.3301,0.9828,886591,40309102.0,18375420000.0,4123499100.0
2017-01-24,'603806,福斯特,45.11,45.52,44.7,44.8,44.96,0.15,0.3336,0.772,696399,31408371.0,18134220000.0,4069373100.0
2017-01-23,'603806,福斯特,44.96,45.86,44.5,44.95,44.89,0.07,0.1559,0.9111,821921,37131534.0,18073920000.0,4055841600.0
2017-01-20,'603806,福斯特,44.89,44.98,43.65,43.68,44.01,0.88,1.9995,1.0147,915402,40778038.0,18045780000.0,4049526900.0
2017-01-19,'603806,福斯特,44.01,44.88,43.98,44.88,45.06,-1.05,-2.3302,1.2768,1151801,51105831.0,17692020000.0,3970142100.0
2017-01-18,'603806,福斯特,45.06,45.92,45.03,45.87,45.93,-0.87,-1.8942,0.9549,861383,39199226.0,18114120000.0,4064862600.0
2017-01-17,'603806,福斯特,45.93,46.12,45.25,45.85,45.86,0.07,0.1526,1.341,1209687,55236943.0,18463860000.0,4143345300.0
2017-01-16,'603806,福斯特,45.86,46.08,43.4,44.8,45.21,0.65,1.4377,4.4822,4043417,181985834.0,18435720000.0,4137030600.0
2017-01-13,'603806,福斯特,45.21,45.42,43.16,45.28,45.17,0.04,0.0886,2.5135,2267407,100363382.0,18174420000.0,4078394100.0
2017-01-12,'603806,福斯特,45.17,45.44,45.02,45.03,45.02,0.15,0.3332,0.8661,781336,35289081.0,18158340000.0,4074785700.0
2017-01-11,'603806,福斯特,45.02,46.54,45.0,46.35,46.33,-1.31,-2.8275,1.5361,1385720,63244777.0,18098040000.0,4061254200.0
2017-01-10,'603806,福斯特,46.33,46.83,46.12,46.25,46.3,0.03,0.0648,0.8927,805299,37421741.0,18624660000.0,4179429300.0
2017-01-09,'603806,福斯特,46.3,46.55,46.01,46.04,46.52,-0.22,-0.4729,1.0055,907041,41936344.0,18612600000.0,4176723000.0
2017-01-06,'603806,福斯特,46.52,47.38,46.5,47.38,47.23,-0.71,-1.5033,0.9533,859952,40222266.0,18701040000.0,4196569200.0
2017-01-05,'603806,福斯特,47.23,47.49,47.01,47.45,47.47,-0.24,-0.5056,0.9773,881642,41635684.0,18986460000.0,4260618300.0
2017-01-04,'603806,福斯特,47.47,47.55,46.6,46.6,46.75,0.72,1.5401,1.4104,1272333,60016918.0,19082940000.0,4282268700.0
2017-01-03,'603806,福斯特,46.75,47.02,45.8,46.31,46.27,0.48,1.0374,0.964,869644,40560472.0,18793500000.0,4217317500.0
2016-12-30,'603806,福斯特,46.27,46.79,46.01,46.77,46.6,-0.33,-0.7082,0.815,735172,34124790.0,18600540000.0,4174016700.0
2016-12-29,'603806,福斯特,46.6,46.84,46.35,46.55,46.51,0.09,0.1935,0.8318,750336,35009592.0,18733200000.0,4203786000.0
2016-12-28,'603806,福斯特,46.51,47.03,46.44,46.57,46.76,-0.25,-0.5346,0.6969,628647,29403273.0,18697020000.0,4195667100.0
2016-12-27,'603806,福斯特,46.76,47.11,46.23,46.48,46.48,0.28,0.6024,0.9659,871375,40790041.0,18797520000.0,4218219600.0
2016-12-26,'603806,福斯特,46.48,46.49,45.41,45.41,45.88,0.6,1.3078,0.8265,745623,34368394.0,18684960000.0,4192960800.0
2016-12-23,'603806,福斯特,45.88,46.85,45.58,46.76,46.77,-0.89,-1.9029,1.2441,1122307,51693249.0,18443760000.0,4138834800.0
2016-12-22,'603806,福斯特,46.77,46.9,46.5,46.9,46.65,0.12,0.2572,0.7311,659527,30829553.0,18801540000.0,4219121700.0
2016-12-21,'603806,福斯特,46.65,47.18,46.48,46.48,46.44,0.21,0.4522,1.1407,1029044,48082835.0,18753300000.0,4208296500.0
2016-12-20,'603806,福斯特,46.44,46.78,46.33,46.46,46.55,-0.11,-0.2363,1.0737,968618,45071330.0,18668880000.0,4189352400.0
2016-12-19,'603806,福斯特,46.55,47.26,46.4,47.26,46.92,-0.37,-0.7886,0.94,847991,39511340.0,18713100000.0,4199275500.0
2016-12-16,'603806,福斯特,46.92,47.26,46.4,46.47,46.58,0.34,0.7299,1.0582,954635,44772747.0,18861840000.0,4232653200.0
2016-12-15,'603806,福斯特,46.58,46.87,45.65,45.65,45.76,0.82,1.792,1.588,1432496,66644979.0,18725160000.0,4201981800.0
2016-12-14,'603806,福斯特,45.76,46.37,45.51,45.83,45.91,-0.15,-0.3267,1.6336,1473642,67709873.0,18395520000.0,4128009600.0
2016-12-13,'603806,福斯特,45.91,46.2,44.91,45.2,45.41,0.5,1.1011,1.6792,1514766,68886323.0,18455820000.0,4141541100.0
2016-12-12,'603806,福斯特,45.41,48.39,45.3,48.0,48.23,-2.82,-5.847,3.2167,2901782,134824542.0,18254820000.0,4096436100.0
2016-12-09,'603806,福斯特,48.23,48.99,48.05,48.37,48.37,-0.14,-0.2894,1.5409,1390089,67406408.0,19388460000.0,4350828300.0
2016-12-08,'603806,福斯特,48.37,49.3,48.3,49.3,49.1,-0.73,-1.4868,1.5421,1391107,67927747.0,19444740000.0,4363457700.0
2016-12-07,'603806,福斯特,49.1,49.3,48.52,48.55,48.75,0.35,0.7179,1.4242,1284777,62908284.0,19738200000.0,4429311000.0
2016-12-06,'603806,福斯特,48.75,49.01,48.5,48.7,48.5,0.25,0.5155,1.3985,1261583,61555424.0,19597500000.0,4397737500.0
2016-12-05,'603806,福斯特,48.5,48.89,47.8,48.01,48.38,0.12,0.248,1.5669,1413479,68412212.0,19497000000.0,4375185000.0
2016-12-02,'603806,福斯特,48.38,50.05,48.25,49.97,50.0,-1.62,-3.24,2.8777,2595994,127227912.0,19448760000.0,4364359800.0
2016-12-01,'603806,福斯特,50.0,50.38,49.8,50.28,50.0,0.0,0.0,1.5787,1424113,71166486.0,20100000000.0,4510500000.0
2016-11-30,'603806,福斯特,50.0,50.4,49.68,49.86,49.86,0.14,0.2808,1.5463,1394918,69782689.0,20100000000.0,4510500000.0
2016-11-29,'603806,福斯特,49.86,50.69,49.79,50.18,50.2,-0.34,-0.6773,1.8396,1659501,83441838.0,20043720000.0,4497870600.0
2016-11-28,'603806,福斯特,50.2,51.0,50.08,50.75,50.69,-0.49,-0.9667,1.8831,1698740,85666022.0,20180400000.0,4528542000.0
2016-11-25,'603806,福斯特,50.69,51.12,49.0,50.9,50.96,-0.27,-0.5298,3.285,2963431,148642490.0,20377380000.0,4572744900.0
2016-11-24,'603806,福斯特,50.96,51.86,50.53,51.53,51.54,-0.58,-1.1253,2.7487,2479581,127392564.0,20485920000.0,4597101600.0
2016-11-23,'603806,福斯特,51.54,52.6,51.38,52.24,52.56,-1.02,-1.9406,3.7673,3398443,176303404.0,20719080000.0,4649423400.0
2016-11-22,'603806,福斯特,52.56,53.18,52.08,52.39,52.42,0.14,0.2671,5.6714,5116142,269277348.0,21129120000.0,4741437600.0
2016-11-21,'603806,福斯特,52.42,52.71,51.72,52.0,51.38,1.04,2.0241,4.2939,3873537,202460023.0,21072840000.0,4728808200.0
2016-11-18,'603806,福斯特,51.38,52.3,50.75,50.75,50.69,0.69,1.3612,3.578,3227757,166826066.0,20654760000.0,4634989800.0
2016-11-17,'603806,福斯特,50.69,51.76,50.5,51.6,51.76,-1.07,-2.0672,3.2973,2974522,151139091.0,20377380000.0,4572744900.0
2016-11-16,'603806,福斯特,51.76,52.54,51.71,52.04,51.96,-0.2,-0.3849,2.5646,2313561,120620310.0,20807520000.0,4669269600.0
2016-11-15,'603806,福斯特,51.96,52.54,51.5,51.85,52.14,-0.18,-0.3452,3.3043,2980794,154760936.0,20887920000.0,4687311600.0
2016-11-14,'603806,福斯特,52.14,53.74,51.88,52.85,52.78,-0.64,-1.2126,5.8523,5279371,277227618.0,20960280000.0,4703549400.0
2016-11-11,'603806,福斯特,52.78,54.7,49.82,49.9,49.81,2.97,5.9627,10.1528,9158854,481849578.0,21217560000.0,4761283800.0
2016-11-10,'603806,福斯特,49.81,49.95,48.5,48.65,48.2,1.61,3.3402,4.0861,3686109,181965276.0,20023620000.0,4493360100.0
2016-11-09,'603806,福斯特,48.2,49.73,47.6,49.65,49.54,-1.34,-2.7049,4.1182,3715025,180580524.0,19376400000.0,4348122000.0
2016-11-08,'603806,福斯特,49.54,49.95,49.14,49.19,48.98,0.56,1.1433,2.4558,2215405,109947772.0,19915080000.0,4469003400.0
2016-11-07,'603806,福斯特,48.98,49.83,48.8,49.74,49.5,-0.52,-1.0505,2.5123,2266384,111668337.0,19689960000.0,4418485800.0
2016-11-04,'603806,福斯特,49.5,50.0,48.6,48.86,48.86,0.64,1.3099,5.0071,4516876,223819123.0,19899000000.0,4465395000.0
2016-11-03,'603806,福斯特,48.86,49.2,48.55,48.76,48.78,0.08,0.164,3.1581,2848899,139448468.0,19641720000.0,4407660600.0
2016-11-02,'603806,福斯特,48.78,49.45,48.43,48.71,48.74,0.04,0.0821,3.7352,3369497,164800323.0,19609560000.0,4400443800.0
2016-11-01,'603806,福斯特,48.74,48.95,47.05,47.15,47.18,1.56,3.3065,5.6109,5061607,245562279.0,19593480000.0,4396835400.0
2016-10-31,'603806,福斯特,47.18,47.24,46.53,46.96,46.91,0.27,0.5756,1.7601,1587745,74396763.0,18966360000.0,4256107800.0
2016-10-28,'603806,福斯特,46.91,47.25,46.76,47.25,47.08,-0.17,-0.3611,1.4351,1294587,60809064.0,18857820000.0,4231751100.0
2016-10-27,'603806,福斯特,47.08,47.25,46.78,46.99,46.85,0.23,0.4909,1.5756,1421370,66854367.0,18926160000.0,4247086800.0
2016-10-26,'603806,福斯特,46.85,47.78,46.7,47.5,47.75,-0.9,-1.8848,2.6197,2363222,111258117.0,18833700000.0,4226338500.0
2016-10-25,'603806,福斯特,47.75,48.03,47.28,47.51,47.58,0.17,0.3573,1.921,1732918,82619776.0,19195500000.0,4307527500.0
2016-10-24,'603806,福斯特,47.58,47.89,47.09,47.64,47.63,-0.05,-0.105,2.7261,2459222,116508865.0,19127160000.0,4292191800.0
2016-10-21,'603806,福斯特,47.63,48.84,47.2,48.67,48.67,-1.04,-2.1368,3.5998,3247348,155416758.0,19147260000.0,4296702300.0
2016-10-20,'603806,福斯特,48.67,48.86,48.0,48.56,49.19,-0.52,-1.0571,2.9361,2648658,128382972.0,19565340000.0,4390520700.0
2016-10-19,'603806,福斯特,49.19,49.39,48.86,49.39,49.38,-0.19,-0.3848,2.0816,1877823,92146561.0,19774380000.0,4437429900.0
2016-10-18,'603806,福斯特,49.38,49.49,48.26,48.48,48.46,0.92,1.8985,3.2669,2947041,144046686.0,19850760000.0,4454569800.0
2016-10-17,'603806,福斯特,48.46,49.36,47.82,47.82,47.68,0.78,1.6359,5.1642,4658632,227478601.0,19480920000.0,4371576600.0
2016-10-14,'603806,福斯特,47.68,47.88,47.2,47.2,47.32,0.36,0.7608,2.2333,2014637,95844813.0,19167360000.0,4301212800.0
2016-10-13,'603806,福斯特,47.32,47.8,47.26,47.43,47.3,0.02,0.0423,1.2746,1149789,54520425.0,19022640000.0,4268737200.0
2016-10-12,'603806,福斯特,47.3,47.83,47.26,47.71,48.0,-0.7,-1.4583,2.3469,2117148,100545402.0,19014600000.0,4266933000.0
2016-10-11,'603806,福斯特,48.0,48.17,47.35,47.37,47.37,0.63,1.33,2.4163,2179701,104025463.0,19296000000.0,4330080000.0
2016-10-10,'603806,福斯特,47.37,47.72,46.62,46.85,46.65,0.72,1.5434,2.2942,2069617,97752218.0,19042740000.0,4273247700.0
2016-09-30,'603806,福斯特,46.65,46.94,46.52,46.61,46.7,-0.05,-0.1071,0.7532,679449,31751583.0,18753300000.0,4208296500.0
2016-09-29,'603806,福斯特,46.7,47.1,46.63,46.8,46.76,-0.06,-0.1283,1.008,909309,42572546.0,18773400000.0,4212807000.0
2016-09-28,'603806,福斯特,46.76,47.07,46.36,46.77,46.77,-0.01,-0.0214,1.1258,1015605,47408408.0,18797520000.0,4218219600.0
2016-09-27,'603806,福斯特,46.77,46.78,46.0,46.4,46.38,0.39,0.8409,1.7667,1593713,73830704.0,18801540000.0,4219121700.0
2016-09-26,'603806,福斯特,46.38,48.06,46.31,47.8,47.96,-1.58,-3.2944,1.8273,1648402,77686671.0,18644760000.0,4183939800.0
2016-09-23,'603806,福斯特,47.96,48.16,47.34,47.7,47.47,0.49,1.0322,1.8067,1629840,78087691.0,19279920000.0,4326471600.0
2016-09-22,'603806,福斯特,47.47,47.89,47.1,47.45,47.06,0.41,0.8712,1.7383,1568161,74603290.0,19082940000.0,4282268700.0
2016-09-21,'603806,福斯特,47.06,47.46,46.68,46.68,46.76,0.3,0.6416,1.3082,1180158,55631983.0,18918120000.0,4245282600.0
2016-09-20,'603806,福斯特,46.76,47.47,46.62,47.47,47.15,-0.39,-0.8271,1.0285,927791,43519409.0,18797520000.0,4218219600.0
2016-09-19,'603806,福斯特,47.15,47.68,46.9,46.9,46.86,0.29,0.6189,1.1042,996060,46994010.0,18954300000.0,4253401500.0
2016-09-14,'603806,福斯特,46.86,47.06,46.7,46.88,46.85,0.01,0.0213,0.907,818191,38334274.0,18837720000.0,4227240600.0
2016-09-13,'603806,福斯特,46.85,47.32,46.66,47.22,46.82,0.03,0.0641,1.2095,1091045,51217964.0,18833700000.0,4226338500.0
2016-09-12,'603806,福斯特,46.82,47.72,46.7,47.33,48.62,-1.8,-3.7022,2.5268,2279455,107394095.0,18821640000.0,4223632200.0
2016-09-09,'603806,福斯特,48.62,49.25,48.6,48.85,48.97,-0.35,-0.7147,1.4376,1296867,63316164.0,19545240000.0,4386010200.0
2016-09-08,'603806,福斯特,48.97,49.38,48.58,48.58,48.58,0.39,0.8028,1.6182,1459800,71494938.0,19685940000.0,4417583700.0
2016-09-07,'603806,福斯特,48.58,49.55,48.56,49.31,49.34,-0.76,-1.5403,1.8867,1701975,83589422.0,19529160000.0,4382401800.0
2016-09-06,'603806,福斯特,49.34,49.42,47.38,47.8,47.71,1.63,3.4165,2.6977,2433553,117663074.0,19834680000.0,4450961400.0
2016-09-05,'603806,福斯特,47.71,48.03,47.5,47.89,47.76,-0.05,-0.1047,1.3204,1191131,56899585.0,19179420000.0,4303919100.0
2016-09-02,'603806,福斯特,47.76,49.07,47.22,48.98,48.88,-1.12,-2.2913,2.3882,2154415,103472753.0,19199520000.0,4308429600.0
2016-09-01,'603806,福斯特,48.88,49.43,48.79,49.11,49.25,-0.37,-0.7513,1.3765,1241721,60908035.0,19649760000.0,4409464800.0
2016-08-31,'603806,福斯特,49.25,49.75,48.86,49.72,49.61,-0.36,-0.7257,1.5053,1357921,66730136.0,19798500000.0,4442842500.0
2016-08-30,'603806,福斯特,49.61,49.79,48.85,49.01,49.0,0.61,1.2449,1.8509,1669693,82562741.0,19943220000.0,4475318100.0
2016-08-29,'603806,福斯特,49.0,49.34,48.5,48.89,48.96,0.04,0.0817,1.1474,1035033,50696853.0,19698000000.0,4420290000.0
2016-08-26,'603806,福斯特,48.96,49.86,48.78,49.5,49.34,-0.38,-0.7702,2.3333,2104881,103991011.0,19681920000.0,4416681600.0
2016-08-25,'603806,福斯特,49.34,49.44,48.66,49.04,49.32,0.02,0.0406,1.5131,1364967,66799280.0,19834680000.0,4450961400.0
2016-08-24,'603806,福斯特,49.32,49.73,48.98,49.4,49.41,-0.09,-0.1821,1.4761,1331620,65619249.0,19826640000.0,4449157200.0
2016-08-23,'603806,福斯特,49.41,49.85,49.09,49.15,49.27,0.14,0.2841,1.6037,1446741,71416335.0,19862820000.0,4457276100.0
2016-08-22,'603806,福斯特,49.27,51.21,49.03,51.21,51.35,-2.08,-4.0506,4.3433,3918056,195062785.0,19806540000.0,4444646700.0
2016-08-19,'603806,福斯特,51.35,52.18,51.3,51.7,51.45,-0.1,-0.1944,2.1809,1967365,101529739.0,20642700000.0,4632283500.0
2016-08-18,'603806,福斯特,51.45,52.4,51.28,52.4,51.98,-0.53,-1.0196,3.5872,3236054,167047006.0,20682900000.0,4641304500.0
2016-08-17,'603806,福斯特,51.98,52.89,50.51,50.85,50.86,1.12,2.2021,5.124,4622371,239359968.0,20895960000.0,4689115800.0
2016-08-16,'603806,福斯特,50.86,50.98,49.68,50.31,50.29,0.57,1.1334,2.6412,2382610,119806705.0,20445720000.0,4588080600.0
2016-08-15,'603806,福斯特,50.29,50.4,48.5,48.83,48.83,1.46,2.99,3.7526,3385249,168032616.0,20216580000.0,4536660900.0
2016-08-12,'603806,福斯特,48.83,49.05,47.2,47.3,47.29,1.54,3.2565,2.3851,2151582,104117715.0,19629660000.0,4404954300.0
2016-08-11,'603806,福斯特,47.29,48.98,47.16,48.5,48.81,-1.52,-3.1141,1.8606,1678432,80645975.0,19010580000.0,4266030900.0
2016-08-10,'603806,福斯特,48.81,49.24,48.11,48.11,48.38,0.43,0.8888,1.9762,1782740,87115185.0,19621620000.0,4403150100.0
2016-08-09,'603806,福斯特,48.38,48.42,47.78,48.06,48.06,0.32,0.6658,1.6622,1499458,72043217.0,19448760000.0,4364359800.0
2016-08-08,'603806,福斯特,48.06,48.38,46.61,46.89,47.13,0.93,1.9733,2.0672,1864793,88915727.0,19320120000.0,4335492600.0
2016-08-05,'603806,福斯特,47.13,47.79,47.06,47.61,47.72,-0.59,-1.2364,1.7287,1559417,73797839.0,18946260000.0,4251597300.0
2016-08-04,'603806,福斯特,47.72,47.9,46.66,46.9,46.9,0.82,1.7484,2.2938,2069214,98088681.0,19183440000.0,4304821200.0
2016-08-03,'603806,福斯特,46.9,47.46,46.29,46.81,46.93,-0.03,-0.0639,1.6083,1450882,68084136.0,18853800000.0,4230849000.0
2016-08-02,'603806,福斯特,46.93,47.35,46.51,47.3,47.03,-0.1,-0.2126,1.5872,1431792,67043294.0,18865860000.0,4233555300.0
2016-08-01,'603806,福斯特,47.03,47.45,45.5,46.25,46.81,0.22,0.47,2.6153,2359243,109496485.0,18906060000.0,4242576300.0
2016-07-29,'603806,福斯特,46.81,47.16,46.03,46.16,46.22,0.59,1.2765,2.8693,2588369,120751062.0,18817620000.0,4222730100.0
2016-07-28,'603806,福斯特,46.22,46.44,45.18,45.21,45.63,0.59,1.293,3.0277,2731294,125025322.0,18580440000.0,4169506200.0
2016-07-27,'603806,福斯特,45.63,48.66,45.01,48.6,48.41,-2.78,-5.7426,4.5124,4070600,188897783.0,18343260000.0,4116282300.0
2016-07-26,'603806,福斯特,48.41,48.48,47.3,47.62,47.42,0.99,2.0877,2.2437,2024059,97142965.0,19460820000.0,4367066100.0
2016-07-25,'603806,福斯特,47.42,48.55,47.02,47.6,48.07,-0.65,-1.3522,3.8889,3508181,166929880.0,19062840000.0,4277758200.0
2016-07-22,'603806,福斯特,48.07,50.58,47.87,49.41,49.38,-1.31,-2.6529,5.9845,5398598,266287210.0,19324140000.0,4336394700.0
2016-07-21,'603806,福斯特,49.38,49.98,48.7,49.5,49.69,-0.31,-0.6239,2.9096,2624711,129402315.0,19850760000.0,4454569800.0
2016-07-20,'603806,福斯特,49.69,51.39,49.45,49.45,49.7,-0.01,-0.0201,4.4938,4053816,204298320.0,19975380000.0,4482534900.0
2016-07-19,'603806,福斯特,49.7,49.8,48.92,49.0,49.2,0.5,1.0163,1.883,1698679,84052897.0,19979400000.0,4483437000.0
2016-07-18,'603806,福斯特,49.2,50.0,49.05,50.0,50.49,-1.29,-2.555,2.402,2166827,107362424.0,19778400000.0,4438332000.0
2016-07-15,'603806,福斯特,50.49,51.88,50.47,50.89,50.54,-0.05,-0.0989,3.3163,2991664,152894970.0,20296980000.0,4554702900.0
2016-07-14,'603806,福斯特,50.54,50.98,49.81,50.39,50.72,-0.18,-0.3549,2.0347,1835497,92621646.0,20317080000.0,4559213400.0
2016-07-13,'603806,福斯特,50.72,51.23,50.13,50.38,50.49,0.23,0.4555,2.6372,2379053,120538832.0,20389440000.0,4575451200.0
2016-07-12,'603806,福斯特,50.49,50.88,48.68,49.94,50.29,0.2,0.3977,4.0828,3683085,183147815.0,20296980000.0,4554702900.0
2016-07-11,'603806,福斯特,50.29,52.55,50.16,52.0,52.26,-1.97,-3.7696,4.8796,4401910,226522687.0,20216580000.0,4536660900.0
2016-07-08,'603806,福斯特,52.26,53.13,51.7,53.0,52.85,-0.59,-1.1164,3.8158,3442262,179877973.0,21008520000.0,4714374600.0
2016-07-07,'603806,福斯特,52.85,53.58,52.18,53.05,53.08,-0.23,-0.4333,4.3543,3928058,207115444.0,21245700000.0,4767598500.0
2016-07-06,'603806,福斯特,53.08,53.89,52.33,53.89,54.18,-1.1,-2.0303,4.8223,4350188,230504672.0,21338160000.0,4788346800.0
2016-07-05,'603806,福斯特,54.18,55.8,52.18,52.81,52.59,1.59,3.0234,7.5696,6828543,370921641.0,21780360000.0,4887577800.0
2016-07-04,'603806,福斯特,52.59,53.05,51.51,51.51,52.13,0.46,0.8824,4.146,3740116,196292138.0,21141180000.0,4744143900.0
2016-07-01,'603806,福斯特,52.13,53.5,52.0,52.04,52.19,-0.06,-0.115,3.7276,3362625,176812297.0,20956260000.0,4702647300.0
2016-06-30,'603806,福斯特,52.19,54.5,51.19,53.88,54.25,-2.06,-3.7972,6.97,6287615,329551766.0,20980380000.0,4708059900.0
2016-06-29,'603806,福斯特,54.25,56.48,53.17,54.6,54.1,0.15,0.2773,5.8798,5304190,288871129.0,21808500000.0,4893892500.0
2016-06-28,'603806,福斯特,54.1,54.3,52.58,54.15,54.3,-0.2,-0.3683,6.2725,5658383,302886901.0,21748200000.0,4880361000.0
2016-06-27,'603806,福斯特,54.3,54.84,51.79,51.8,52.31,1.99,3.8042,8.998,8117056,438056497.0,21828600000.0,4898403000.0
2016-06-24,'603806,福斯特,52.31,54.07,48.58,48.81,49.15,3.16,6.4293,13.6219,12288307,635647760.0,21028620000.0,4718885100.0
2016-06-23,'603806,福斯特,49.15,49.95,48.33,49.33,50.33,-1.18,-2.3445,5.0507,4556255,223732141.0,19758300000.0,4433821500.0
2016-06-22,'603806,福斯特,50.33,51.1,47.7,50.1,49.15,1.18,2.4008,9.9631,8987754,443651934.0,20232660000.0,4540269300.0
2016-06-21,'603806,福斯特,49.15,53.39,49.0,53.1,53.82,-4.67,-8.6771,10.7052,9657129,495051814.0,19758300000.0,4433821500.0
2016-06-20,'603806,福斯特,53.82,54.27,49.5,50.0,49.34,4.48,9.0799,13.2352,11939496,624152689.0,21635640000.0,4855102200.0
2016-06-17,'603806,福斯特,49.34,51.63,48.86,51.1,51.38,-2.04,-3.9704,8.5366,7700907,386637043.0,19834680000.0,4450961400.0
2016-06-16,'603806,福斯特,51.38,53.3,50.69,53.0,53.36,-1.98,-3.7106,10.27,9264528,479776532.0,20654760000.0,4634989800.0
2016-06-15,'603806,福斯特,53.36,53.36,47.77,48.0,48.51,4.85,9.9979,13.0444,11767346,597898262.0,21450720000.0,4813605600.0
2016-06-14,'603806,福斯特,48.51,49.39,46.53,48.42,48.41,0.1,0.2066,8.9045,8032733,386212190.0,19501020000.0,4376087100.0
2016-06-13,'603806,福斯特,48.41,50.48,47.52,49.38,50.34,-1.93,-3.8339,11.6185,10481072,515100694.0,19460820000.0,4367066100.0
2016-06-08,'603806,福斯特,50.34,52.33,49.82,51.0,48.33,2.01,4.1589,14.061,12684404,642809550.0,20236680000.0,4541171400.0
2016-06-07,'603806,福斯特,48.33,49.98,45.81,46.81,45.9,2.43,5.2941,15.0926,13615068,649039230.0,19428660000.0,4359849300.0
2016-06-06,'603806,福斯特,45.9,45.9,42.6,42.6,41.73,4.17,9.9928,17.3872,15685006,699131417.0,18451800000.0,4140639000.0
2016-06-03,'603806,福斯特,41.73,41.73,37.89,37.89,37.94,3.79,9.9895,11.9319,10763755,434844835.0,16775460000.0,3764463300.0
2016-06-02,'603806,福斯特,37.94,38.56,37.69,37.9,38.07,-0.13,-0.3415,2.8827,2600481,99043038.0,15251880000.0,3422567400.0
2016-06-01,'603806,福斯特,38.07,38.29,37.53,37.71,37.61,0.46,1.2231,2.6778,2415683,91417589.0,15304140000.0,3434294700.0
2016-05-31,'603806,福斯特,37.61,37.63,36.01,36.01,35.99,1.62,4.5013,3.0561,2756873,102300850.0,15119220000.0,3392798100.0
2016-05-30,'603806,福斯特,35.99,36.28,35.6,35.97,36.1,-0.11,-0.3047,1.1417,1029889,37034630.0,14467980000.0,3246657900.0
2016-05-27,'603806,福斯特,36.1,36.5,35.61,35.8,35.8,0.3,0.838,1.5398,1389014,50279692.0,14512200000.0,3256581000.0
2016-05-26,'603806,福斯特,35.8,36.22,35.02,35.86,35.99,-0.19,-0.5279,2.0031,1807017,64295473.0,14391600000.0,3229518000.0
2016-05-25,'603806,福斯特,35.99,36.85,35.9,36.51,36.39,-0.4,-1.0992,2.0063,1809861,65880398.0,14467980000.0,3246657900.0
2016-05-24,'603806,福斯特,36.39,36.54,35.65,36.11,36.11,0.28,0.7754,2.2823,2058818,74411171.0,14628780000.0,3282741900.0
2016-05-23,'603806,福斯特,36.11,36.27,35.54,35.56,35.52,0.59,1.661,1.7329,1563221,56324403.0,14516220000.0,3257483100.0
2016-05-20,'603806,福斯特,35.52,35.54,34.62,34.99,35.0,0.52,1.4857,1.4927,1346545,47488514.0,14279040000.0,3204259200.0
2016-05-19,'603806,福斯特,35.0,35.69,34.85,34.85,34.97,0.03,0.0858,1.3059,1178044,41628625.0,14070000000.0,3157350000.0
2016-05-18,'603806,福斯特,34.97,35.96,34.6,35.68,36.07,-1.1,-3.0496,1.9057,1719152,60383885.0,14057940000.0,3154643700.0
2016-05-17,'603806,福斯特,36.07,36.55,35.85,36.5,36.46,-0.39,-1.0697,1.4276,1287824,46608043.0,14500140000.0,3253874700.0
2016-05-16,'603806,福斯特,36.46,36.52,35.33,35.35,35.8,0.66,1.8436,1.4842,1338893,48152564.0,14656920000.0,3289056600.0
2016-05-13,'603806,福斯特,35.8,36.09,35.56,35.74,35.74,0.06,0.1679,1.4782,1333498,47740889.0,14391600000.0,3229518000.0
2016-05-12,'603806,福斯特,35.74,35.83,35.2,35.76,36.07,-0.33,-0.9149,1.8053,1628557,57868020.0,14367480000.0,3224105400.0
2016-05-11,'603806,福斯特,36.07,36.92,36.02,36.92,36.55,-0.48,-1.3133,1.8806,1696513,61695103.0,14500140000.0,3253874700.0
2016-05-10,'603806,福斯特,36.55,36.64,36.16,36.27,36.38,0.17,0.4673,1.467,1323354,48177112.0,14693100000.0,3297175500.0
2016-05-09,'603806,福斯特,36.38,37.78,36.15,37.78,37.84,-1.46,-3.8584,2.9497,2660909,98118209.0,14624760000.0,3281839800.0
2016-05-06,'603806,福斯特,37.84,39.45,37.8,39.43,39.29,-1.45,-3.6905,3.3587,3029920,116875373.0,15211680000.0,3413546400.0
2016-05-05,'603806,福斯特,39.29,39.78,38.81,39.41,39.7,-0.41,-1.0327,3.7001,3337825,130994372.0,15794580000.0,3544350900.0
2016-05-04,'603806,福斯特,39.7,39.96,39.33,39.33,39.6,0.1,0.2525,3.214,2899309,114957350.0,15959400000.0,3581337000.0
2016-05-03,'603806,福斯特,39.6,39.74,37.9,38.21,38.17,1.43,3.7464,2.8888,2605955,101722126.0,15919200000.0,3572316000.0
2016-04-29,'603806,XD福斯特,38.17,38.99,37.85,38.99,38.9,-0.73,-1.8766,2.0789,1875332,72012447.0,15344340000.0,3443315700.0
2016-04-28,'603806,福斯特,39.6,40.65,39.01,40.32,40.23,-0.63,-1.566,2.8234,2547009,100896836.0,15919200000.0,3572316000.0
2016-04-27,'603806,福斯特,40.23,40.98,39.74,39.74,39.74,0.49,1.233,3.5414,3194710,129223628.0,16172460000.0,3629148300.0
2016-04-26,'603806,福斯特,39.74,39.78,38.5,38.6,38.57,1.17,3.0334,2.3631,2131741,83237987.0,15975480000.0,3584945400.0
2016-04-25,'603806,福斯特,38.57,38.61,37.83,38.0,38.19,0.38,0.995,1.7203,1551861,59455387.0,15505140000.0,3479399700.0
2016-04-22,'603806,福斯特,38.19,38.23,37.42,37.63,37.86,0.33,0.8716,1.6732,1509380,57297499.0,15352380000.0,3445119900.0
2016-04-21,'603806,福斯特,37.86,38.43,37.8,38.15,38.19,-0.33,-0.8641,2.4805,2237672,85434405.0,15219720000.0,3415350600.0
2016-04-20,'603806,福斯特,38.19,40.46,37.62,40.08,40.14,-1.95,-4.858,4.2115,3799219,147108808.0,15352380000.0,3445119900.0
2016-04-19,'603806,福斯特,40.14,40.44,39.6,40.25,40.0,0.14,0.35,1.9568,1765252,70614364.0,16136280000.0,3621029400.0
2016-04-18,'603806,福斯特,40.0,40.96,39.87,40.96,41.17,-1.17,-2.8419,3.14,2832566,113873468.0,16080000000.0,3608400000.0
2016-04-15,'603806,福斯特,41.17,41.57,40.38,40.7,40.59,0.58,1.4289,4.7479,4283084,176098848.0,16550340000.0,3713945700.0
2016-04-14,'603806,福斯特,40.59,40.66,39.92,40.15,39.81,0.78,1.9593,2.9438,2655587,107004641.0,16317180000.0,3661623900.0
2016-04-13,'603806,福斯特,39.81,40.96,39.8,39.89,39.67,0.14,0.3529,4.6577,4201730,169557196.0,16003620000.0,3591260100.0
2016-04-12,'603806,福斯特,39.67,40.4,39.3,39.99,40.1,-0.43,-1.0723,2.6263,2369212,94026410.0,15947340000.0,3578630700.0
2016-04-11,'603806,福斯特,40.1,40.58,39.22,39.4,38.99,1.11,2.8469,4.3868,3957377,158285118.0,16120200000.0,3617421000.0
2016-04-08,'603806,福斯特,38.99,39.01,38.4,38.43,38.82,0.17,0.4379,2.5765,2324281,89968124.0,15673980000.0,3517287900.0
2016-04-07,'603806,福斯特,38.82,40.08,38.75,39.8,39.85,-1.03,-2.5847,3.0456,2747432,108160529.0,15605640000.0,3501952200.0
2016-04-06,'603806,福斯特,39.85,40.18,39.31,39.54,39.5,0.35,0.8861,3.2963,2973636,118428740.0,16019700000.0,3594868500.0
2016-04-05,'603806,福斯特,39.5,39.8,38.3,38.31,38.18,1.32,3.4573,4.4337,3999610,157155345.0,15879000000.0,3563295000.0
2016-04-01,'603806,福斯特,38.18,38.41,37.56,38.41,38.42,-0.24,-0.6247,2.5209,2274110,86291719.0,15348360000.0,3444217800.0
2016-03-31,'603806,福斯特,38.42,39.14,38.28,38.67,38.74,-0.32,-0.826,3.6002,3247699,125843237.0,15444840000.0,3465868200.0
2016-03-30,'603806,福斯特,38.74,38.93,37.81,38.0,37.59,1.15,3.0593,4.4975,4057217,155742902.0,15573480000.0,3494735400.0
2016-03-29,'603806,福斯特,37.59,38.8,37.32,38.8,38.83,-1.24,-3.1934,3.5755,3225478,121991485.0,15111180000.0,3390993900.0
2016-03-28,'603806,福斯特,38.83,40.5,38.6,40.5,41.33,-2.5,-6.0489,9.4917,8562423,340585945.0,15609660000.0,3502854300.0
2016-03-25,'603806,福斯特,41.33,41.38,39.2,39.6,39.76,1.57,3.9487,6.5045,5867676,237052097.0,16614660000.0,3728379300.0
2016-03-24,'603806,福斯特,39.76,40.32,38.66,39.05,39.21,0.55,1.4027,5.3181,4797429,190496275.0,15983520000.0,3586749600.0
2016-03-23,'603806,福斯特,39.21,39.36,38.42,38.42,38.62,0.59,1.5277,4.1639,3756280,146547567.0,15762420000.0,3537134100.0
2016-03-22,'603806,福斯特,38.62,38.99,38.11,38.39,38.6,0.02,0.0518,3.5643,3215374,124268575.0,15525240000.0,3483910200.0
2016-03-21,'603806,福斯特,38.6,38.65,38.12,38.63,38.0,0.6,1.5789,4.422,3989052,153223059.0,15517200000.0,3482106000.0
2016-03-18,'603806,福斯特,38.0,38.77,36.8,36.99,36.71,1.29,3.514,4.0646,3666716,138959640.0,15276000000.0,3427980000.0
2016-03-17,'603806,福斯特,36.71,36.96,35.53,35.8,35.77,0.94,2.6279,2.6449,2386002,86699739.0,14757420000.0,3311609100.0
2016-03-16,'603806,福斯特,35.77,37.25,35.58,36.97,36.97,-1.2,-3.2459,2.8736,2592284,94260849.0,14379540000.0,3226811700.0
2016-03-15,'603806,福斯特,36.97,37.69,36.16,37.27,37.31,-0.34,-0.9113,3.2929,2970484,109246757.0,14861940000.0,3335063700.0
2016-03-14,'603806,福斯特,37.31,38.0,36.2,36.2,35.94,1.37,3.8119,2.7896,2516494,94059117.0,14998620000.0,3365735100.0
2016-03-11,'603806,福斯特,35.94,36.2,35.02,35.38,35.45,0.49,1.3822,1.2393,1117940,39866478.0,14447880000.0,3242147400.0
2016-03-10,'603806,福斯特,35.45,36.1,35.37,35.52,35.5,-0.05,-0.1408,1.1266,1016350,36338315.0,14250900000.0,3197944500.0
2016-03-09,'603806,福斯特,35.5,36.18,35.02,35.56,36.3,-0.8,-2.2039,1.1876,1071359,38103316.0,14271000000.0,3202455000.0
2016-03-08,'603806,福斯特,36.3,36.48,34.78,36.2,36.04,0.26,0.7214,1.5579,1405405,49890091.0,14592600000.0,3274623000.0
2016-03-07,'603806,福斯特,36.04,36.59,35.33,35.33,35.23,0.81,2.2992,1.2928,1166278,42205472.0,14488080000.0,3251168400.0
2016-03-04,'603806,福斯特,35.23,36.49,34.76,36.49,36.42,-1.19,-3.2674,2.0178,1820256,64653901.0,14162460000.0,3178098300.0
2016-03-03,'603806,福斯特,36.42,37.0,36.2,36.48,36.47,-0.05,-0.1371,2.4402,2201324,80529972.0,14640840000.0,3285448200.0
2016-03-02,'603806,福斯特,36.47,36.54,34.46,34.76,34.67,1.8,5.1918,3.2639,2944328,104833968.0,14660940000.0,3289958700.0
2016-03-01,'603806,福斯特,34.67,35.17,33.1,33.4,33.31,1.36,4.0829,2.831,2553821,87597014.0,13937340000.0,3127580700.0
2016-02-29,'603806,福斯特,33.31,35.69,32.78,35.62,35.74,-2.43,-6.7991,2.3386,2109693,70778806.0,13390620000.0,3004895100.0
2016-02-26,'603806,福斯特,35.74,36.3,34.92,35.83,35.45,0.29,0.8181,2.314,2087495,74335832.0,14367480000.0,3224105400.0
2016-02-25,'603806,福斯特,35.45,39.4,35.42,39.4,39.35,-3.9,-9.9111,4.2394,3824346,141326378.0,14250900000.0,3197944500.0
2016-02-24,'603806,福斯特,39.35,40.3,38.4,40.3,40.41,-1.06,-2.6231,3.3394,3012505,118590099.0,15818700000.0,3549763500.0
2016-02-23,'603806,福斯特,40.41,40.45,38.7,39.08,39.08,1.33,3.4033,4.5243,4081408,163114662.0,16244820000.0,3645386100.0
2016-02-22,'603806,福斯特,39.08,39.15,38.55,38.55,38.27,0.81,2.1165,2.3819,2148746,83479009.0,15710160000.0,3525406800.0
2016-02-19,'603806,福斯特,38.27,38.98,37.61,38.51,38.89,-0.62,-1.5942,2.9548,2665503,102320725.0,15384540000.0,3452336700.0
2016-02-18,'603806,福斯特,38.89,39.56,38.5,38.5,38.81,0.08,0.2061,3.7279,3362916,131672091.0,15633780000.0,3508266900.0
2016-02-17,'603806,福斯特,38.81,38.97,37.91,38.07,38.67,0.14,0.362,4.848,4373390,167721285.0,15601620000.0,3501050100.0
2016-02-16,'603806,福斯特,38.67,38.9,37.3,37.31,37.36,1.31,3.5064,2.5065,2261107,86930892.0,15545340000.0,3488420700.0
2016-02-15,'603806,福斯特,37.36,37.88,35.97,36.0,37.73,-0.37,-0.9807,1.4613,1318203,48698668.0,15018720000.0,3370245600.0
2016-02-05,'603806,福斯特,37.73,38.88,37.51,37.8,38.17,-0.44,-1.1527,1.1694,1054953,39960074.0,15167460000.0,3403623300.0
2016-02-04,'603806,福斯特,38.17,38.65,37.7,37.95,37.93,0.24,0.6327,1.8128,1635317,62551114.0,15344340000.0,3443315700.0
2016-02-03,'603806,福斯特,37.93,37.99,37.0,37.57,38.17,-0.24,-0.6288,2.2393,2020107,75854486.0,15247860000.0,3421665300.0
2016-02-02,'603806,福斯特,38.17,39.48,35.28,35.28,35.89,2.28,6.3527,5.2028,4693454,176797930.0,15344340000.0,3443315700.0
2016-02-01,'603806,福斯特,35.89,37.33,34.88,34.98,33.94,1.95,5.7454,4.2127,3800303,137840633.0,14427780000.0,3237636900.0
2016-01-29,'603806,福斯特,33.94,34.0,32.08,32.08,32.5,1.44,4.4308,3.33,3003955,100850610.0,13643880000.0,3061727400.0
2016-01-28,'603806,福斯特,32.5,33.64,32.15,32.6,32.98,-0.48,-1.4554,2.2987,2073698,68640228.0,13065000000.0,2931825000.0
2016-01-27,'603806,福斯特,32.98,33.22,31.0,33.0,32.8,0.18,0.5488,2.3764,2143792,69214635.0,13257960000.0,2975125800.0
2016-01-26,'603806,福斯特,32.8,35.43,32.6,35.1,35.67,-2.87,-8.046,2.9383,2650611,89762931.0,13185600000.0,2958888000.0
2016-01-25,'603806,福斯特,35.67,36.55,35.44,36.5,35.96,-0.29,-0.8065,1.632,1472215,53061228.0,14339340000.0,3217790700.0
2016-01-22,'603806,福斯特,35.96,36.5,34.7,35.76,35.57,0.39,1.0964,1.9781,1784479,63536588.0,14455920000.0,3243951600.0
2016-01-21,'603806,福斯特,35.57,38.0,35.44,37.0,37.67,-2.1,-5.5747,2.0904,1885718,69742980.0,14299140000.0,3208769700.0
2016-01-20,'603806,福斯特,37.67,38.7,37.13,37.8,38.29,-0.62,-1.6192,2.0019,1805950,68454047.0,15143340000.0,3398210700.0
2016-01-19,'603806,福斯特,38.29,38.39,36.68,37.27,37.27,1.02,2.7368,2.6481,2388893,90054509.0,15392580000.0,3454140900.0
2016-01-18,'603806,福斯特,37.27,37.89,36.18,36.88,37.26,0.01,0.0268,2.9053,2620837,98021347.0,14982540000.0,3362126700.0
2016-01-15,'603806,福斯特,37.26,39.62,36.88,39.4,39.61,-2.35,-5.9328,2.5515,2301694,88544568.0,14978520000.0,3361224600.0
2016-01-14,'603806,福斯特,39.61,39.74,37.3,37.6,38.63,0.98,2.5369,3.1267,2820606,109933903.0,15923220000.0,3573218100.0
2016-01-13,'603806,福斯特,38.63,40.14,38.38,39.89,39.61,-0.98,-2.4741,1.7224,1553796,61166266.0,15529260000.0,3484812300.0
2016-01-12,'603806,福斯特,39.61,40.39,38.0,38.7,38.82,0.79,2.035,3.5477,3200406,126287927.0,15923220000.0,3573218100.0
2016-01-11,'603806,福斯特,38.82,39.48,37.15,38.32,39.89,-1.07,-2.6824,4.1529,3746311,143408797.0,15605640000.0,3501952200.0
2016-01-08,'603806,福斯特,39.89,41.95,38.0,41.2,40.07,-0.18,-0.4492,3.7419,3375595,137306040.0,16035780000.0,3598476900.0
2016-01-07,'603806,福斯特,40.07,43.5,40.04,43.5,44.49,-4.42,-9.9348,0.992,894867,37202549.0,16108140000.0,3614714700.0
2016-01-06,'603806,福斯特,44.49,44.55,43.0,43.9,43.5,0.99,2.2759,2.9289,2642178,115909890.0,17884980000.0,4013442900.0
2016-01-05,'603806,福斯特,43.5,45.48,40.51,42.71,44.99,-1.49,-3.3118,4.8206,4348687,189490322.0,17487000000.0,3924135000.0
2016-01-04,'603806,福斯特,44.99,50.09,44.99,49.99,49.99,-5.0,-10.002,3.5602,3211698,152677324.0,18085980000.0,4058547900.0
2015-12-31,'603806,福斯特,49.99,51.22,48.53,48.95,48.68,1.31,2.691,6.8561,6184920,308693303.0,20095980000.0,4509597900.0
2015-12-30,'603806,福斯特,48.68,48.99,47.76,47.99,47.92,0.76,1.586,2.8492,2570233,124327736.0,19569360000.0,4391422800.0
2015-12-29,'603806,福斯特,47.92,47.94,46.33,46.82,46.61,1.31,2.8106,3.3715,3041472,143404970.0,19263840000.0,4322863200.0
2015-12-28,'603806,福斯特,46.61,49.85,46.03,48.47,48.45,-1.84,-3.7977,5.2344,4721971,227578199.0,18737220000.0,4204688100.0
2015-12-25,'603806,福斯特,48.45,48.67,46.86,46.86,46.77,1.68,3.592,5.1187,4617584,221338260.0,19476900000.0,4370674500.0
2015-12-24,'603806,福斯特,46.77,46.84,45.27,46.18,46.16,0.61,1.3215,2.4728,2230698,102988565.0,18801540000.0,4219121700.0
2015-12-23,'603806,福斯特,46.16,47.26,45.86,46.5,46.55,-0.39,-0.8378,3.53,3184403,148673512.0,18556320000.0,4164093600.0
2015-12-22,'603806,福斯特,46.55,46.82,45.71,46.2,45.79,0.76,1.6598,2.8894,2606544,120804044.0,18713100000.0,4199275500.0
2015-12-21,'603806,福斯特,45.79,45.81,44.71,45.0,45.23,0.56,1.2381,2.2251,2007226,91105418.0,18407580000.0,4130715900.0
2015-12-18,'603806,福斯特,45.23,46.65,45.18,46.2,46.34,-1.11,-2.3953,2.6408,2382310,108898184.0,18182460000.0,4080198300.0
2015-12-17,'603806,福斯特,46.34,46.5,45.24,45.37,44.95,1.39,3.0923,3.7002,3337977,153359096.0,18628680000.0,4180331400.0
2015-12-16,'603806,福斯特,44.95,45.66,44.75,45.5,45.21,-0.26,-0.5751,2.1246,1916560,86577849.0,18069900000.0,4054939500.0
2015-12-15,'603806,福斯特,45.21,45.5,43.51,44.3,44.13,1.08,2.4473,2.3617,2130522,95802751.0,18174420000.0,4078394100.0
2015-12-14,'603806,福斯特,44.13,44.18,42.38,42.75,42.8,1.33,3.1075,2.0681,1865676,80681475.0,17740260000.0,3980967300.0
2015-12-11,'603806,福斯特,42.8,43.45,42.72,43.1,43.1,-0.3,-0.6961,1.6948,1528895,65926850.0,17205600000.0,3860988000.0
2015-12-10,'603806,福斯特,43.1,43.94,42.9,43.19,43.08,0.02,0.0464,2.9672,2676690,116238177.0,17326200000.0,3888051000.0
2015-12-09,'603806,福斯特,43.08,44.45,42.68,44.19,44.19,-1.11,-2.5119,3.3851,3053671,132706225.0,17318160000.0,3886246800.0
2015-12-08,'603806,福斯特,44.19,45.88,44.13,45.53,45.95,-1.76,-3.8303,3.1354,2828456,127196756.0,17764380000.0,3986379900.0
2015-12-07,'603806,福斯特,45.95,46.3,45.18,46.28,46.13,-0.18,-0.3902,3.6577,3299656,150524694.0,18471900000.0,4145149500.0
2015-12-04,'603806,福斯特,46.13,47.2,45.35,46.45,46.9,-0.77,-1.6418,4.4929,4053083,187380789.0,18544260000.0,4161387300.0
2015-12-03,'603806,福斯特,46.9,47.0,44.53,44.53,44.37,2.53,5.7021,5.0283,4536055,207685588.0,18853800000.0,4230849000.0
2015-12-02,'603806,福斯特,44.37,46.19,42.03,45.68,46.3,-1.93,-4.1685,3.9,3518221,156458881.0,17836740000.0,4002617700.0
2015-12-01,'603806,福斯特,46.3,47.0,44.7,45.12,45.09,1.21,2.6835,6.5381,5898038,272224497.0,18612600000.0,4176723000.0
2015-11-30,'603806,福斯特,45.09,45.28,41.06,43.51,43.85,1.24,2.8278,5.8353,5264010,230002144.0,18126180000.0,4067568900.0
2015-11-27,'603806,福斯特,43.85,46.7,43.61,45.18,45.58,-1.73,-3.7955,6.1707,5566578,250882022.0,17627700000.0,3955708500.0
2015-11-26,'603806,福斯特,45.58,46.88,45.12,45.38,45.3,0.28,0.6181,4.4923,4052459,186132892.0,18323160000.0,4111771800.0
2015-11-25,'603806,福斯特,45.3,46.38,44.99,45.14,45.14,0.16,0.3545,4.915,4433852,201951763.0,18210600000.0,4086513000.0
2015-11-24,'603806,福斯特,45.14,45.2,42.8,43.0,42.99,2.15,5.0012,5.0664,4570390,201784686.0,18146280000.0,4072079400.0
2015-11-23,'603806,福斯特,42.99,44.09,42.73,43.39,43.29,-0.3,-0.693,3.4435,3106402,134860714.0,17281980000.0,3878127900.0
2015-11-20,'603806,福斯特,43.29,43.68,42.32,42.68,42.66,0.63,1.4768,3.6547,3296908,141759594.0,17402580000.0,3905190900.0
2015-11-19,'603806,福斯特,42.66,42.68,41.05,41.81,41.53,1.13,2.7209,2.9563,2666834,112097409.0,17149320000.0,3848358600.0
2015-11-18,'603806,福斯特,41.53,43.45,41.4,43.01,43.17,-1.64,-3.7989,3.8101,3437071,145676310.0,16695060000.0,3746421300.0
2015-11-17,'603806,福斯特,43.17,45.0,42.68,43.82,43.49,-0.32,-0.7358,4.7745,4307039,188743975.0,17354340000.0,3894365700.0
2015-11-16,'603806,福斯特,43.49,43.78,41.38,41.75,42.82,0.67,1.5647,4.064,3666113,157402757.0,17482980000.0,3923232900.0
2015-11-13,'603806,福斯特,42.82,45.38,42.0,44.91,45.87,-3.05,-6.6492,6.6064,5959590,261243252.0,17213640000.0,3862792200.0
2015-11-12,'603806,福斯特,45.87,47.27,43.46,43.55,43.09,2.78,6.4516,7.6452,6896772,310282616.0,18439740000.0,4137932700.0
2015-11-11,'603806,福斯特,43.09,43.2,41.01,41.55,41.72,1.37,3.2838,6.6049,5958240,252060272.0,17322180000.0,3887148900.0
2015-11-10,'603806,福斯特,41.72,42.21,40.84,41.92,42.23,-0.51,-1.2077,4.8324,4359281,181968316.0,16771440000.0,3763561200.0
2015-11-09,'603806,福斯特,42.23,43.0,40.75,40.96,41.22,1.01,2.4503,6.0306,5440166,228327624.0,16976460000.0,3809568300.0
2015-11-06,'603806,福斯特,41.22,41.41,40.0,40.44,40.42,0.8,1.9792,4.6004,4150022,170212386.0,16570440000.0,3718456200.0
2015-11-05,'603806,福斯特,40.42,42.19,40.01,41.15,41.44,-1.02,-2.4614,7.0007,6315372,257549380.0,16248840000.0,3646288200.0
2015-11-04,'603806,福斯特,41.44,41.99,38.8,39.52,39.13,2.31,5.9034,7.4169,6690745,267830920.0,16658880000.0,3738302400.0
2015-11-03,'603806,福斯特,39.13,39.52,37.9,37.9,37.92,1.21,3.1909,5.7624,5198275,201680287.0,15730260000.0,3529917300.0
2015-11-02,'603806,福斯特,37.92,39.25,36.5,36.8,37.71,0.21,0.5569,5.7116,5152475,195828907.0,15243840000.0,3420763200.0
2015-10-30,'603806,福斯特,37.71,38.38,36.72,37.87,37.85,-0.14,-0.3699,4.6398,4185588,157625097.0,15159420000.0,3401819100.0
2015-10-29,'603806,福斯特,37.85,38.03,36.5,37.0,36.73,1.12,3.0493,5.0681,4571970,171192443.0,15215700000.0,3414448500.0
2015-10-28,'603806,福斯特,36.73,38.07,36.04,36.21,36.75,-0.02,-0.0544,5.641,5088770,189688311.0,14765460000.0,3313413300.0
2015-10-27,'603806,福斯特,36.75,37.2,34.09,36.96,37.05,-0.3,-0.8097,5.3504,4826564,173037310.0,14773500000.0,3315217500.0
2015-10-26,'603806,福斯特,37.05,37.58,35.7,36.84,36.31,0.74,2.038,5.1391,4635958,169701026.0,14894100000.0,3342280500.0
2015-10-23,'603806,福斯特,36.31,36.69,34.88,35.38,35.05,1.26,3.5949,4.8893,4410596,156903110.0,14596620000.0,3275525100.0
2015-10-22,'603806,福斯特,35.05,35.08,33.85,33.89,33.84,1.21,3.5757,4.0986,3697310,127746773.0,14090100000.0,3161860500.0
2015-10-21,'603806,福斯特,33.84,36.87,33.58,36.8,36.58,-2.74,-7.4904,5.5605,5016120,176682776.0,13603680000.0,3052706400.0
2015-10-20,'603806,福斯特,36.58,36.67,35.72,35.95,36.18,0.4,1.1056,3.5452,3198144,116170482.0,14705160000.0,3299881800.0
2015-10-19,'603806,福斯特,36.18,37.58,35.6,36.9,36.79,-0.61,-1.6581,5.1456,4641810,169955744.0,14544360000.0,3263797800.0
2015-10-16,'603806,福斯特,36.79,37.24,35.71,36.74,36.69,0.1,0.2726,5.2992,4780434,174655435.0,14789580000.0,3318825900.0
2015-10-15,'603806,福斯特,36.69,36.76,34.96,34.97,35.26,1.43,4.0556,5.0215,4529916,163801184.0,14749380000.0,3309804900.0
2015-10-14,'603806,福斯特,35.26,36.3,34.9,35.1,35.37,-0.11,-0.311,5.5528,5009219,177497745.0,14174520000.0,3180804600.0
2015-10-13,'603806,福斯特,35.37,35.71,34.77,35.34,35.33,0.04,0.1132,4.813,4341788,153227513.0,14218740000.0,3190727700.0
2015-10-12,'603806,福斯特,35.33,35.66,34.3,34.41,34.0,1.33,3.9118,5.8972,5319886,186696396.0,14202660000.0,3187119300.0
2015-10-09,'603806,福斯特,34.0,34.39,32.89,33.11,33.09,0.91,2.7501,4.4678,4030428,135625987.0,13668000000.0,3067140000.0
2015-10-08,'603806,福斯特,33.09,33.63,32.36,32.61,31.42,1.67,5.3151,5.2018,4692557,154978262.0,13302180000.0,2985048900.0
2015-09-30,'603806,福斯特,31.42,31.75,30.7,31.08,30.76,0.66,2.1456,2.8891,2606288,81659093.0,12630840000.0,2834398200.0
2015-09-29,'603806,福斯特,30.76,30.97,30.4,30.7,31.32,-0.56,-1.788,2.5627,2311789,71020792.0,12365520000.0,2774859600.0
2015-09-28,'603806,福斯特,31.32,31.35,30.14,30.77,30.5,0.82,2.6885,2.6935,2429839,75122561.0,12590640000.0,2825377200.0
2015-09-25,'603806,福斯特,30.5,32.1,29.62,31.8,32.09,-1.59,-4.9548,5.3136,4793443,147479796.0,12261000000.0,2751405000.0
2015-09-24,'603806,福斯特,32.09,32.86,31.6,31.77,31.79,0.3,0.9437,4.396,3965616,127454046.0,12900180000.0,2894838900.0
2015-09-23,'603806,福斯特,31.79,32.5,30.7,30.9,31.59,0.2,0.6331,5.5154,4975482,157140362.0,12779580000.0,2867775900.0
2015-09-22,'603806,福斯特,31.59,32.1,31.11,31.4,31.62,-0.03,-0.0949,5.0368,4543734,143855410.0,12699180000.0,2849733900.0
2015-09-21,'603806,福斯特,31.62,31.97,28.88,29.67,29.66,1.96,6.6082,5.2534,4739057,145295423.0,12711240000.0,2852440200.0
2015-09-18,'603806,福斯特,29.66,29.9,28.9,29.25,28.88,0.78,2.7008,3.9122,3529220,103803183.0,11923320000.0,2675628600.0
2015-09-17,'603806,福斯特,28.88,31.08,28.77,30.0,30.09,-1.21,-4.0213,6.6022,5955875,179778562.0,11609760000.0,2605264800.0
2015-09-16,'603806,福斯特,30.09,30.21,27.17,27.9,27.46,2.63,9.5776,5.4487,4915229,141247480.0,12096180000.0,2714418900.0
2015-09-15,'603806,福斯特,27.46,28.86,27.01,28.5,29.35,-1.89,-6.4395,5.3764,4850093,134839871.0,11038920000.0,2477166600.0
2015-09-14,'603806,福斯特,29.35,32.61,29.35,32.56,32.61,-3.26,-9.9969,5.9643,5380398,164631540.0,11798700000.0,2647663500.0
2015-09-11,'603806,福斯特,32.61,32.86,31.8,32.0,31.81,0.8,2.5149,4.3824,3953358,127899747.0,13109220000.0,2941748100.0
2015-09-10,'603806,福斯特,31.81,32.99,31.76,32.51,33.45,-1.64,-4.9028,6.3535,5731511,185646412.0,12787620000.0,2869580100.0
2015-09-09,'603806,福斯特,33.45,33.77,31.02,31.29,31.15,2.3,7.3836,9.6469,8702513,281279356.0,13446900000.0,3017524500.0
2015-09-08,'603806,福斯特,31.15,31.47,28.5,28.78,28.86,2.29,7.9349,6.7328,6073674,182176198.0,12522300000.0,2810041500.0
2015-09-07,'603806,福斯特,28.86,30.1,28.58,28.6,27.71,1.15,4.1501,8.4679,5080761,148395477.0,11601720000.0,1731600000.0
2015-09-02,'603806,福斯特,27.71,30.38,27.01,27.02,29.21,-1.5,-5.1352,9.8493,5909608,167908177.0,11139420000.0,1662600000.0
2015-09-01,'603806,福斯特,29.21,32.0,29.21,32.0,32.45,-3.24,-9.9846,14.1049,8462953,251026209.0,11742420000.0,1752600000.0
2015-08-31,'603806,福斯特,32.45,35.5,32.39,35.5,35.99,-3.54,-9.8361,9.6551,5793059,196908035.0,13044900000.0,1947000000.0
2015-08-28,'603806,福斯特,35.99,36.07,33.2,33.74,33.79,2.2,6.5108,12.9914,7794850,268092046.0,14467980000.0,2159400000.0
2015-08-27,'603806,福斯特,33.79,34.32,30.0,33.5,32.69,1.1,3.3649,12.5386,7523189,244177579.0,13583580000.0,2027400000.0
2015-08-26,'603806,福斯特,32.69,36.88,32.3,35.2,35.1,-2.41,-6.8661,15.3678,9220691,316753266.0,13141380000.0,1961400000.0
2015-08-25,'603806,福斯特,35.1,36.87,35.1,35.1,39.0,-3.9,-10.0,14.4358,8661452,305230358.0,14110200000.0,2106000000.0
2015-08-24,'603806,福斯特,39.0,41.88,39.0,41.88,43.33,-4.33,-9.9931,4.8473,2908401,114987314.0,15678000000.0,2340000000.0
2015-08-21,'603806,福斯特,43.33,45.78,42.0,45.06,46.3,-2.97,-6.4147,5.0868,3052085,134316769.0,17418660000.0,2599800000.0
2015-08-20,'603806,福斯特,46.3,47.92,44.45,45.04,45.03,1.27,2.8203,10.6013,6360770,294495353.0,18612600000.0,2778000000.0
2015-08-19,'603806,福斯特,45.03,45.03,40.1,40.33,40.94,4.09,9.9902,8.5034,5102060,218617024.0,18102060000.0,2701800000.0
2015-08-18,'603806,福斯特,40.94,44.63,40.41,44.52,44.66,-3.72,-8.3296,6.3357,3801407,163559045.0,16457880000.0,2456400000.0
2015-08-17,'603806,福斯特,44.66,45.5,43.0,45.4,45.47,-0.81,-1.7814,4.0998,2459901,109319341.0,17953320000.0,2679600000.0
2015-08-14,'603806,福斯特,45.47,45.86,44.9,45.78,45.47,0.0,0.0,5.1787,3107194,141194109.0,18278940000.0,2728200000.0
2015-08-13,'603806,福斯特,45.47,45.57,44.2,44.61,44.86,0.61,1.3598,4.83,2897991,130087610.0,18278940000.0,2728200000.0
2015-08-12,'603806,福斯特,44.86,47.06,44.32,44.58,44.96,-0.1,-0.2224,7.0154,4209242,192408813.0,18033720000.0,2691600000.0
2015-08-11,'603806,福斯特,44.96,45.82,44.46,45.82,45.6,-0.64,-1.4035,7.1629,4297724,193944209.0,18073920000.0,2697600000.0
2015-08-10,'603806,福斯特,45.6,45.88,43.6,43.7,43.59,2.01,4.6111,7.4779,4486768,201091863.0,18331200000.0,2736000000.0
2015-08-07,'603806,福斯特,43.59,43.65,42.21,42.41,42.06,1.53,3.6377,6.1056,3663355,158245262.0,17523180000.0,2615400000.0
2015-08-06,'603806,福斯特,42.06,42.75,41.45,41.8,42.9,-0.84,-1.958,4.4113,2646772,110966561.0,16908120000.0,2523600000.0
2015-08-05,'603806,福斯特,42.9,43.99,42.2,43.5,44.07,-1.17,-2.6549,6.5955,3957310,170827681.0,17245800000.0,2574000000.0
2015-08-04,'603806,福斯特,44.07,44.09,41.03,41.03,41.46,2.61,6.2952,8.2363,4941794,212336104.0,17716140000.0,2644200000.0
2015-08-03,'603806,福斯特,41.46,42.1,39.6,41.0,42.09,-0.63,-1.4968,4.6203,2772204,113365062.0,16666920000.0,2487600000.0
2015-07-31,'603806,福斯特,42.09,42.75,40.8,41.58,42.61,-0.52,-1.2204,4.4227,2653628,110663687.0,16920180000.0,2525400000.0
2015-07-30,'603806,福斯特,42.61,45.57,42.16,43.0,43.74,-1.13,-2.5834,6.2953,3777194,166847503.0,17129220000.0,2556600000.0
2015-07-29,'603806,福斯特,43.74,44.01,39.79,41.5,40.64,3.1,7.628,5.9599,3575917,148732338.0,17583480000.0,2624400000.0
2015-07-28,'603806,福斯特,40.64,43.78,40.55,40.57,45.06,-4.42,-9.8091,7.2476,4348570,179331738.0,16337280000.0,2438400000.0
2015-07-27,'603806,福斯特,45.06,49.4,45.06,49.0,50.07,-5.01,-10.006,5.2414,3144832,149510695.0,18114120000.0,2703600000.0
2015-07-24,'603806,福斯特,50.07,52.24,49.93,51.5,51.9,-1.83,-3.526,6.9374,4162447,213370798.0,20128140000.0,3004200000.0
2015-07-23,'603806,福斯特,51.9,52.63,48.06,49.13,49.18,2.72,5.5307,8.7423,5245374,267134178.0,20863800000.0,3114000000.0
2015-07-22,'603806,福斯特,49.18,50.0,47.15,48.86,48.85,0.33,0.6755,6.365,3819017,186590020.0,19770360000.0,2950800000.0
2015-07-21,'603806,福斯特,48.85,50.28,46.72,48.28,48.39,0.46,0.9506,6.2759,3765537,180762142.0,19637700000.0,2931000000.0
2015-07-20,'603806,福斯特,48.39,51.19,47.9,51.0,49.72,-1.33,-2.675,4.651,2790600,137643686.0,19452780000.0,2903400000.0
2015-07-17,'603806,福斯特,49.72,50.94,47.22,47.65,47.85,1.87,3.908,4.641,2784596,137068794.0,19987440000.0,2983200000.0
2015-07-16,'603806,福斯特,47.85,49.0,44.35,45.8,49.15,-1.3,-2.645,4.4056,2643338,123447581.0,19235700000.0,2871000000.0
2015-07-15,'603806,福斯特,49.15,51.0,48.08,51.0,53.42,-4.27,-7.9933,5.0557,3033443,148274193.0,19758300000.0,2949000000.0
2015-07-14,'603806,福斯特,53.42,56.47,52.11,54.0,52.14,1.28,2.4549,6.3906,3834335,209123066.0,21474840000.0,3205200000.0
2015-07-13,'603806,福斯特,52.14,52.14,50.92,52.14,47.4,4.74,10.0,4.4476,2668578,138996122.0,20960280000.0,3128400000.0
2015-07-10,'603806,福斯特,0.0,0.0,0.0,0.0,47.4,None,None,0.0,0,0.0,19054800000.0,2844000000.0
2015-07-09,'603806,福斯特,0.0,0.0,0.0,0.0,47.4,None,None,0.0,0,0.0,19054800000.0,2844000000.0
2015-07-08,'603806,福斯特,0.0,0.0,0.0,0.0,47.4,None,None,0.0,0,0.0,19054800000.0,2844000000.0
2015-07-07,'603806,福斯特,47.4,50.87,47.4,48.35,52.67,-5.27,-10.0057,1.0805,648300,30982575.0,19054800000.0,2844000000.0
2015-07-06,'603806,福斯特,52.67,60.44,49.81,60.44,55.34,-2.67,-4.8247,6.5539,3932346,208596279.0,21173340000.0,3160200000.0
2015-07-03,'603806,福斯特,55.34,58.87,54.02,58.47,60.02,-4.68,-7.7974,4.7587,2855217,157818203.0,22246680000.0,3320400000.0
2015-07-02,'603806,福斯特,60.02,63.21,56.93,61.01,63.25,-3.23,-5.1067,5.1894,3113664,184917514.0,24128040000.0,3601200000.0
2015-07-01,'603806,福斯特,63.25,68.49,63.0,65.0,65.19,-1.94,-2.9759,5.3562,3213740,213658043.0,25426500000.0,3795000000.0
2015-06-30,'603806,福斯特,65.19,66.0,56.81,61.0,62.65,2.54,4.0543,5.9112,3546737,220965809.0,26206380000.0,3911400000.0
2015-06-29,'603806,福斯特,62.65,64.69,56.65,63.59,62.94,-0.29,-0.4608,7.2982,4378890,265962508.0,25185300000.0,3759000000.0
2015-06-26,'603806,福斯特,62.94,63.86,58.82,63.1,65.35,-2.41,-3.6878,5.0613,3036781,184426645.0,25301880000.0,3776400000.0
2015-06-25,'603806,福斯特,65.35,67.0,63.6,66.85,67.53,-2.18,-3.2282,4.3719,2623130,170964356.0,26270700000.0,3921000000.0
2015-06-24,'603806,福斯特,67.53,71.45,65.0,70.0,68.9,-1.37,-1.9884,6.4048,3842879,258393049.0,27147060000.0,4051800000.0
2015-06-23,'603806,福斯特,68.9,68.98,64.0,64.66,64.43,4.47,6.9378,5.5706,3342366,224171504.0,27697800000.0,4134000000.0
2015-06-19,'603806,福斯特,64.43,66.77,61.6,65.96,68.24,-3.81,-5.5832,3.8242,2294516,147472050.0,25900860000.0,3865800000.0
2015-06-18,'603806,福斯特,68.24,73.49,67.47,70.1,71.63,-3.39,-4.7327,4.5381,2722879,190829195.0,27432480000.0,4094400000.0
2015-06-17,'603806,福斯特,71.63,72.0,64.5,65.2,66.02,5.61,8.4974,8.7563,5253762,366652858.0,28795260000.0,4297800000.0
2015-06-16,'603806,福斯特,66.02,67.99,59.81,62.0,61.81,4.21,6.8112,8.6067,5164026,332248974.0,26540040000.0,3961200000.0
2015-06-15,'603806,福斯特,61.81,65.28,60.7,64.01,63.96,-2.15,-3.3615,5.278,3166782,198380660.0,24847620000.0,3708600000.0
2015-06-12,'603806,福斯特,63.96,66.38,63.68,65.41,66.27,-2.31,-3.4857,5.4942,3296516,212924088.0,25711920000.0,3837600000.0
2015-06-11,'603806,福斯特,66.27,67.91,65.03,65.08,65.99,0.28,0.4243,5.6267,3376048,224071356.0,26640540000.0,3976200000.0
2015-06-10,'603806,福斯特,65.99,66.3,63.02,63.95,65.23,0.76,1.1651,8.2429,4945737,323237879.0,26527980000.0,3959400000.0
2015-06-09,'603806,福斯特,65.23,67.0,62.7,64.98,64.98,0.25,0.3847,7.8473,4708393,304786979.0,26222460000.0,3913800000.0
2015-06-08,'603806,福斯特,64.98,66.0,58.45,62.66,62.29,2.69,4.3185,13.4459,8067517,504215741.0,26121960000.0,3898800000.0
2015-06-05,'603806,福斯特,62.29,62.29,62.29,62.29,56.63,5.66,9.9947,1.6945,1016707,63330679.0,25040580000.0,3737400000.0
2015-06-04,'603806,福斯特,0.0,0.0,0.0,0.0,56.63,None,None,0.0,0,0.0,22765260000.0,3397800000.0
2015-06-03,'603806,福斯特,0.0,0.0,0.0,0.0,56.63,None,None,0.0,0,0.0,22765260000.0,3397800000.0
2015-06-02,'603806,福斯特,0.0,0.0,0.0,0.0,56.63,None,None,0.0,0,0.0,22765260000.0,3397800000.0
2015-06-01,'603806,福斯特,0.0,0.0,0.0,0.0,56.63,None,None,0.0,0,0.0,22765260000.0,3397800000.0
2015-05-29,'603806,福斯特,0.0,0.0,0.0,0.0,56.63,None,None,0.0,0,0.0,22765260000.0,3397800000.0
2015-05-28,'603806,福斯特,0.0,0.0,0.0,0.0,56.63,None,None,0.0,0,0.0,22765260000.0,3397800000.0
2015-05-27,'603806,福斯特,0.0,0.0,0.0,0.0,56.63,None,None,0.0,0,0.0,22765260000.0,3397800000.0
2015-05-26,'603806,福斯特,0.0,0.0,0.0,0.0,56.63,None,None,0.0,0,0.0,22765260000.0,3397800000.0
2015-05-25,'603806,福斯特,0.0,0.0,0.0,0.0,56.63,None,None,0.0,0,0.0,22765260000.0,3397800000.0
2015-05-22,'603806,福斯特,0.0,0.0,0.0,0.0,56.63,None,None,0.0,0,0.0,22765260000.0,3397800000.0
2015-05-21,'603806,XD福斯特,0.0,0.0,0.0,0.0,56.63,None,None,0.0,0,0.0,22765260000.0,3397800000.0
2015-05-20,'603806,福斯特,0.0,0.0,0.0,0.0,57.08,None,None,0.0,0,0.0,22946160000.0,3424800000.0
2015-05-19,'603806,福斯特,0.0,0.0,0.0,0.0,57.08,None,None,0.0,0,0.0,22946160000.0,3424800000.0
2015-05-18,'603806,福斯特,0.0,0.0,0.0,0.0,57.08,None,None,0.0,0,0.0,22946160000.0,3424800000.0
2015-05-15,'603806,福斯特,0.0,0.0,0.0,0.0,57.08,None,None,0.0,0,0.0,22946160000.0,3424800000.0
2015-05-14,'603806,福斯特,0.0,0.0,0.0,0.0,57.08,None,None,0.0,0,0.0,22946160000.0,3424800000.0
2015-05-13,'603806,福斯特,57.08,57.37,54.89,56.69,56.69,0.39,0.688,7.771,4662625,259706883.0,22946160000.0,3424800000.0
2015-05-12,'603806,福斯特,56.69,57.06,54.71,55.23,55.15,1.54,2.7924,6.6609,3996565,224860853.0,22789380000.0,3401400000.0
2015-05-11,'603806,福斯特,55.15,55.7,54.3,54.68,54.49,0.66,1.2112,7.1413,4284802,235792004.0,22170300000.0,3309000000.0
2015-05-08,'603806,福斯特,54.49,54.5,52.22,52.56,52.07,2.42,4.6476,4.37,2622026,139970064.0,21904980000.0,3269400000.0
2015-05-07,'603806,福斯特,52.07,53.19,51.01,52.0,52.04,0.03,0.0576,3.4917,2094992,109372879.0,20932140000.0,3124200000.0
2015-05-06,'603806,福斯特,52.04,53.79,51.5,53.5,53.4,-1.36,-2.5468,6.28,3768006,198208167.0,20920080000.0,3122400000.0
2015-05-05,'603806,福斯特,53.4,56.76,52.65,56.06,56.83,-3.43,-6.0355,6.0397,3623835,197676691.0,21466800000.0,3204000000.0
2015-05-04,'603806,福斯特,56.83,57.49,55.51,56.0,56.38,0.45,0.7982,5.8166,3489967,198111127.0,22845660000.0,3409800000.0
2015-04-30,'603806,福斯特,56.38,58.77,56.0,56.19,56.35,0.03,0.0532,6.9472,4168345,239927834.0,22664760000.0,3382800000.0
2015-04-29,'603806,福斯特,56.35,56.68,53.0,53.85,54.28,2.07,3.8136,8.6819,5209140,286312351.0,22652700000.0,3381000000.0
2015-04-28,'603806,福斯特,54.28,55.6,53.31,55.6,54.4,-0.12,-0.2206,6.5336,3920132,212663507.0,21820560000.0,3256800000.0
2015-04-27,'603806,福斯特,54.4,57.5,54.33,57.5,55.02,-0.62,-1.1269,7.9626,4777549,265563405.0,21868800000.0,3264000000.0
2015-04-24,'603806,福斯特,55.02,56.46,53.02,53.13,54.16,0.86,1.5879,9.1063,5463790,300509960.0,22118040000.0,3301200000.0
2015-04-23,'603806,福斯特,54.16,54.75,53.02,53.75,54.52,-0.36,-0.6603,9.7164,5829849,313668364.0,21772320000.0,3249600000.0
2015-04-22,'603806,福斯特,54.52,54.87,50.54,51.97,51.05,3.47,6.7973,19.1734,11504065,603611641.0,21917040000.0,3271200000.0
2015-04-21,'603806,福斯特,51.05,51.05,46.6,46.6,46.41,4.64,9.9978,19.2833,11569992,568259609.0,20522100000.0,3063000000.0
2015-04-20,'603806,福斯特,46.41,46.98,45.58,46.25,46.71,-0.3,-0.6423,8.7519,5251149,242933991.0,18656820000.0,2784600000.0
2015-04-17,'603806,福斯特,46.71,47.94,46.6,46.71,46.34,0.37,0.7984,10.5215,6312891,298147439.0,18777420000.0,2802600000.0
2015-04-16,'603806,福斯特,46.34,46.63,43.5,44.01,44.26,2.08,4.6995,9.8967,5938007,271190669.0,18628680000.0,2780400000.0
2015-04-15,'603806,福斯特,44.26,46.08,44.14,46.08,46.05,-1.79,-3.8871,6.6299,3977957,178502050.0,17792520000.0,2655600000.0
2015-04-14,'603806,福斯特,46.05,47.1,45.98,47.05,47.2,-1.15,-2.4364,8.309,4985371,231525903.0,18512100000.0,2763000000.0
2015-04-13,'603806,福斯特,47.2,47.25,45.88,45.93,45.92,1.28,2.7875,11.7681,7060870,330573880.0,18974400000.0,2832000000.0
2015-04-10,'603806,福斯特,45.92,46.0,44.01,44.28,45.61,0.31,0.6797,10.3365,6201886,278873291.0,18459840000.0,2755200000.0
2015-04-09,'603806,福斯特,45.61,46.63,44.44,45.8,45.85,-0.24,-0.5234,7.5858,4551461,207401907.0,18335220000.0,2736600000.0
2015-04-08,'603806,福斯特,45.85,47.38,45.45,47.37,47.16,-1.31,-2.7778,9.7064,5823858,268930991.0,18431700000.0,2751000000.0
2015-04-07,'603806,福斯特,47.16,47.29,45.9,46.53,46.39,0.77,1.6598,10.4634,6278028,292643068.0,18958320000.0,2829600000.0
2015-04-03,'603806,福斯特,46.39,46.59,44.76,45.01,45.15,1.24,2.7464,10.8111,6486645,297044249.0,18648780000.0,2783400000.0
2015-04-02,'603806,福斯特,45.15,45.29,44.71,45.02,44.94,0.21,0.4673,6.0618,3637106,163578710.0,18150300000.0,2709000000.0
2015-04-01,'603806,福斯特,44.94,45.05,44.2,44.61,44.72,0.22,0.4919,5.4529,3271754,146251520.0,18065880000.0,2696400000.0
2015-03-31,'603806,福斯特,44.72,45.44,44.68,45.12,45.11,-0.39,-0.8646,6.2315,3738890,168412509.0,17977440000.0,2683200000.0
2015-03-30,'603806,福斯特,45.11,45.5,44.74,45.02,45.48,-0.37,-0.8135,7.2181,4330858,194872334.0,18134220000.0,2706600000.0
2015-03-27,'603806,福斯特,45.48,46.85,44.11,44.11,44.0,1.48,3.3636,13.8501,8310048,380048842.0,18282960000.0,2728800000.0
2015-03-26,'603806,福斯特,44.0,44.02,43.0,43.11,43.66,0.34,0.7787,8.3939,5036339,219864208.0,17688000000.0,2640000000.0
2015-03-25,'603806,福斯特,43.66,43.84,42.61,43.15,43.13,0.53,1.2288,8.131,4878626,212052956.0,17551320000.0,2619600000.0
2015-03-24,'603806,福斯特,43.13,44.0,42.39,44.0,44.0,-0.87,-1.9773,8.1964,4917823,212433216.0,17338260000.0,2587800000.0
2015-03-23,'603806,福斯特,44.0,44.36,43.16,43.16,43.16,0.84,1.9462,7.76,4656019,203789664.0,17688000000.0,2640000000.0
2015-03-20,'603806,福斯特,43.16,43.77,43.02,43.37,43.39,-0.23,-0.5301,4.784,2870402,124191154.0,17350320000.0,2589600000.0
2015-03-19,'603806,福斯特,43.39,43.98,43.09,43.82,43.98,-0.59,-1.3415,5.953,3571794,155224545.0,17442780000.0,2603400000.0
2015-03-18,'603806,福斯特,43.98,44.0,43.21,43.4,43.4,0.58,1.3364,7.213,4327804,188689254.0,17679960000.0,2638800000.0
2015-03-17,'603806,福斯特,43.4,43.79,43.01,43.55,43.53,-0.13,-0.2986,7.3021,4381263,190061870.0,17446800000.0,2604000000.0
2015-03-16,'603806,福斯特,43.53,43.68,42.56,42.69,42.3,1.23,2.9078,7.1443,4286551,184744594.0,17499060000.0,2611800000.0
2015-03-13,'603806,福斯特,42.3,42.7,41.68,41.68,42.21,0.09,0.2132,4.3601,2616070,110391328.0,17004600000.0,2538000000.0
2015-03-12,'603806,福斯特,42.21,43.7,41.43,43.7,43.79,-1.58,-3.6081,9.2959,5577511,236299955.0,16968420000.0,2532600000.0
2015-03-11,'603806,福斯特,43.79,44.57,43.69,44.06,44.69,-0.9,-2.0139,9.6194,5771616,254158774.0,17603580000.0,2627400000.0
2015-03-10,'603806,福斯特,44.69,45.56,41.58,41.88,41.99,2.7,6.4301,18.7367,11241996,498059532.0,17965380000.0,2681400000.0
2015-03-09,'603806,福斯特,41.99,42.96,40.9,42.96,42.87,-0.88,-2.0527,6.9139,4148333,173481355.0,16879980000.0,2519400000.0
2015-03-06,'603806,福斯特,42.87,44.55,40.99,41.11,40.96,1.91,4.6631,15.9296,9557732,410207286.0,17233740000.0,2572200000.0
2015-03-05,'603806,福斯特,40.96,40.99,39.42,39.7,39.47,1.49,3.775,8.4328,5059657,203607254.0,16465920000.0,2457600000.0
2015-03-04,'603806,福斯特,39.47,39.5,38.93,39.0,39.1,0.37,0.9463,2.5567,1534038,60262348.0,15866940000.0,2368200000.0
2015-03-03,'603806,福斯特,39.1,39.5,39.07,39.5,39.73,-0.63,-1.5857,3.5618,2137105,83753015.0,15718200000.0,2346000000.0
2015-03-02,'603806,福斯特,39.73,39.78,39.24,39.41,39.34,0.39,0.9914,2.7571,1654289,65340226.0,15971460000.0,2383800000.0
2015-02-27,'603806,福斯特,39.34,39.41,38.88,39.09,38.99,0.35,0.8977,2.4224,1453459,57040313.0,15814680000.0,2360400000.0
2015-02-26,'603806,福斯特,38.99,39.03,38.36,38.36,38.36,0.63,1.6423,1.3392,803523,31070445.0,15673980000.0,2339400000.0
2015-02-25,'603806,福斯特,38.36,39.1,38.33,38.91,38.9,-0.54,-1.3882,1.4325,859504,33292436.0,15420720000.0,2301600000.0
2015-02-17,'603806,福斯特,38.9,39.25,38.8,39.14,39.02,-0.12,-0.3075,1.6733,1003973,39090719.0,15637800000.0,2334000000.0
2015-02-16,'603806,福斯特,39.02,39.04,38.48,38.48,38.45,0.57,1.4824,1.8553,1113173,43254238.0,15686040000.0,2341200000.0
2015-02-13,'603806,福斯特,38.45,38.81,38.22,38.38,38.0,0.45,1.1842,2.0533,1231988,47526370.0,15456900000.0,2307000000.0
2015-02-12,'603806,福斯特,38.0,38.12,37.7,37.73,37.59,0.41,1.0907,1.4838,890279,33754616.0,15276000000.0,2280000000.0
2015-02-11,'603806,福斯特,37.59,37.94,37.38,37.38,37.38,0.21,0.5618,1.4363,861794,32405485.0,15111180000.0,2255400000.0
2015-02-10,'603806,福斯特,37.38,37.64,37.03,37.48,37.5,-0.12,-0.32,1.6436,986189,36806965.0,15026760000.0,2242800000.0
2015-02-09,'603806,福斯特,37.5,37.71,37.3,37.71,37.69,-0.19,-0.5041,1.3026,781574,29290704.0,15075000000.0,2250000000.0
2015-02-06,'603806,福斯特,37.69,38.78,37.55,38.78,38.78,-1.09,-2.8107,2.3946,1436787,54614105.0,15151380000.0,2261400000.0
2015-02-05,'603806,福斯特,38.78,39.71,38.76,39.52,39.24,-0.46,-1.1723,1.7227,1033637,40569561.0,15589560000.0,2326800000.0
2015-02-04,'603806,福斯特,39.24,39.87,39.21,39.54,39.48,-0.24,-0.6079,1.9139,1148350,45393147.0,15774480000.0,2354400000.0
2015-02-03,'603806,福斯特,39.48,39.6,38.69,38.69,38.63,0.85,2.2004,2.2041,1322464,51895594.0,15870960000.0,2368800000.0
2015-02-02,'603806,福斯特,38.63,39.0,38.54,39.0,39.05,-0.42,-1.0755,1.4059,843514,32645166.0,15529260000.0,2317800000.0
2015-01-30,'603806,福斯特,39.05,39.84,39.02,39.71,39.6,-0.55,-1.3889,1.9597,1175840,46241935.0,15698100000.0,2343000000.0
2015-01-29,'603806,福斯特,39.6,39.96,39.4,39.7,39.96,-0.36,-0.9009,2.027,1216219,48200367.0,15919200000.0,2376000000.0
2015-01-28,'603806,福斯特,39.96,40.2,39.21,39.44,39.38,0.58,1.4728,3.8052,2283121,91293115.0,16063920000.0,2397600000.0
2015-01-27,'603806,福斯特,39.38,39.75,39.03,39.7,39.72,-0.34,-0.856,2.6243,1574556,62037874.0,15830760000.0,2362800000.0
2015-01-26,'603806,福斯特,39.72,39.78,39.22,39.5,39.53,0.19,0.4806,2.3772,1426310,56369588.0,15967440000.0,2383200000.0
2015-01-23,'603806,福斯特,39.53,40.5,39.5,40.28,40.28,-0.75,-1.862,3.5679,2140746,85351750.0,15891060000.0,2371800000.0
2015-01-22,'603806,福斯特,40.28,40.44,39.7,39.99,39.95,0.33,0.826,3.9538,2372302,95151788.0,16192560000.0,2416800000.0
2015-01-21,'603806,福斯特,39.95,40.3,39.57,40.09,40.03,-0.08,-0.1999,4.9363,2961793,118024021.0,16059900000.0,2397000000.0
2015-01-20,'603806,福斯特,40.03,40.15,38.25,38.55,38.07,1.96,5.1484,7.4518,4471070,176216133.0,16092060000.0,2401800000.0
2015-01-19,'603806,福斯特,38.07,38.98,37.28,37.84,38.04,0.03,0.0789,4.7507,2850395,109514207.0,15304140000.0,2284200000.0
2015-01-16,'603806,福斯特,38.04,38.15,37.42,37.54,37.54,0.5,1.3319,2.5854,1551257,58801515.0,15292080000.0,2282400000.0
2015-01-15,'603806,福斯特,37.54,37.9,37.21,37.21,37.14,0.4,1.077,1.8246,1094767,41137655.0,15091080000.0,2252400000.0
2015-01-14,'603806,福斯特,37.14,37.83,36.98,37.58,37.76,-0.62,-1.6419,2.6929,1615734,60281222.0,14930280000.0,2228400000.0
2015-01-13,'603806,福斯特,37.76,37.88,37.19,37.3,37.25,0.51,1.3691,1.8926,1135543,42631303.0,15179520000.0,2265600000.0
2015-01-12,'603806,福斯特,37.25,38.19,37.15,38.19,38.28,-1.03,-2.6907,2.5847,1550802,58084172.0,14974500000.0,2235000000.0
2015-01-09,'603806,福斯特,38.28,38.91,38.2,38.67,38.83,-0.55,-1.4164,2.5624,1537441,59328113.0,15388560000.0,2296800000.0
2015-01-08,'603806,福斯特,38.83,39.19,38.8,38.84,39.01,-0.18,-0.4614,2.1151,1269082,49444442.0,15609660000.0,2329800000.0
2015-01-07,'603806,福斯特,39.01,39.47,38.75,39.47,39.47,-0.46,-1.1654,2.445,1467012,57143621.0,15682020000.0,2340600000.0
2015-01-06,'603806,福斯特,39.47,39.5,38.44,38.5,38.78,0.69,1.7793,3.4962,2097746,82125992.0,15866940000.0,2368200000.0
2015-01-05,'603806,福斯特,38.78,38.89,38.11,38.12,38.18,0.6,1.5715,2.5486,1529132,59004990.0,15589560000.0,2326800000.0
2014-12-31,'603806,福斯特,38.18,38.3,37.71,38.04,38.04,0.14,0.368,1.6073,964373,36674399.0,15348360000.0,2290800000.0
2014-12-30,'603806,福斯特,38.04,38.48,37.91,37.97,37.97,0.07,0.1844,1.6309,978543,37348779.0,15292080000.0,2282400000.0
2014-12-29,'603806,福斯特,37.97,38.9,37.8,38.9,38.86,-0.89,-2.2903,2.381,1428613,54311882.0,15263940000.0,2278200000.0
2014-12-26,'603806,福斯特,38.86,39.08,38.7,38.95,38.98,-0.12,-0.3079,1.9181,1150870,44669240.0,15621720000.0,2331600000.0
2014-12-25,'603806,福斯特,38.98,39.6,38.53,39.46,39.24,-0.26,-0.6626,2.9815,1788908,69590552.0,15669960000.0,2338800000.0
2014-12-24,'603806,福斯特,39.24,39.38,38.52,38.55,38.21,1.03,2.6956,3.2453,1947171,75985939.0,15774480000.0,2354400000.0
2014-12-23,'603806,福斯特,38.21,39.47,37.11,37.11,37.11,1.1,2.9642,4.4836,2690178,103780742.0,15360420000.0,2292600000.0
2014-12-22,'603806,福斯特,37.11,40.08,37.1,40.08,40.09,-2.98,-7.4333,5.7002,3420113,129621226.0,14918220000.0,2226600000.0
2014-12-19,'603806,福斯特,40.09,41.75,40.01,41.7,41.59,-1.5,-3.6066,4.9265,2955898,119680310.0,16116180000.0,2405400000.0
2014-12-18,'603806,福斯特,41.59,42.06,41.09,41.38,41.48,0.11,0.2652,3.1118,1867062,77745800.0,16719180000.0,2495400000.0
2014-12-17,'603806,福斯特,41.48,42.55,41.24,42.55,42.27,-0.79,-1.8689,4.035,2420975,101009609.0,16674960000.0,2488800000.0
2014-12-16,'603806,福斯特,42.27,42.85,42.2,42.67,42.74,-0.47,-1.0997,2.5858,1551491,65735638.0,16992540000.0,2536200000.0
2014-12-15,'603806,福斯特,42.74,42.92,42.03,42.3,42.41,0.33,0.7781,3.2356,1941364,82454401.0,17181480000.0,2564400000.0
2014-12-12,'603806,福斯特,42.41,42.48,42.02,42.48,42.45,-0.04,-0.0942,2.7029,1621714,68453733.0,17048820000.0,2544600000.0
2014-12-11,'603806,福斯特,42.45,42.48,41.71,42.24,42.18,0.27,0.6401,3.0208,1812458,76562004.0,17064900000.0,2547000000.0
2014-12-10,'603806,福斯特,42.18,42.33,41.33,41.33,41.33,0.85,2.0566,3.2532,1951948,81845289.0,16956360000.0,2530800000.0
2014-12-09,'603806,福斯特,41.33,43.1,41.21,43.01,43.32,-1.99,-4.5937,7.4147,4448820,187526361.0,16614660000.0,2479800000.0
2014-12-08,'603806,福斯特,43.32,43.47,42.46,42.89,43.02,0.3,0.6974,4.6219,2773164,118834747.0,17414640000.0,2599200000.0
2014-12-05,'603806,福斯特,43.02,44.55,42.88,44.55,44.39,-1.37,-3.0863,8.1901,4914081,213327906.0,17294040000.0,2581200000.0
2014-12-04,'603806,福斯特,44.39,44.63,43.5,44.38,44.36,0.03,0.0676,5.8823,3529392,156217763.0,17844780000.0,2663400000.0
2014-12-03,'603806,福斯特,44.36,44.7,43.8,44.48,44.59,-0.23,-0.5158,6.1264,3675851,162123928.0,17832720000.0,2661600000.0
2014-12-02,'603806,福斯特,44.59,44.87,43.61,43.64,43.62,0.97,2.2238,6.6505,3990310,177473362.0,17925180000.0,2675400000.0
2014-12-01,'603806,福斯特,43.62,44.15,43.35,44.13,44.03,-0.41,-0.9312,4.7643,2858561,124541407.0,17535240000.0,2617200000.0
2014-11-28,'603806,福斯特,44.03,44.95,43.87,44.7,44.66,-0.63,-1.4107,5.7933,3475979,153943579.0,17700060000.0,2641800000.0
2014-11-27,'603806,福斯特,44.66,44.99,43.87,43.87,43.67,0.99,2.267,7.4511,4470654,199045289.0,17953320000.0,2679600000.0
2014-11-26,'603806,福斯特,43.67,43.83,43.28,43.4,43.49,0.18,0.4139,5.2665,3159877,137800477.0,17555340000.0,2620200000.0
2014-11-25,'603806,福斯特,43.49,45.09,43.18,44.76,44.77,-1.28,-2.8591,10.1419,6085156,267060848.0,17482980000.0,2609400000.0
2014-11-24,'603806,福斯特,44.77,45.43,44.71,45.26,44.98,-0.21,-0.4669,6.4693,3881553,174333692.0,17997540000.0,2686200000.0
2014-11-21,'603806,福斯特,44.98,45.48,44.52,44.71,44.68,0.3,0.6714,5.1108,3066464,138140274.0,18081960000.0,2698800000.0
2014-11-20,'603806,福斯特,44.68,45.33,44.28,44.45,44.51,0.17,0.3819,4.531,2718619,122042785.0,17961360000.0,2680800000.0
2014-11-19,'603806,福斯特,44.51,45.27,44.28,45.24,45.34,-0.83,-1.8306,5.3966,3237974,144406183.0,17893020000.0,2670600000.0
2014-11-18,'603806,福斯特,45.34,45.59,44.49,44.74,44.69,0.65,1.4545,4.476,2685572,121362569.0,18226680000.0,2720400000.0
2014-11-17,'603806,福斯特,44.69,45.62,44.08,44.81,45.03,-0.34,-0.7551,5.9229,3553750,159670834.0,17965380000.0,2681400000.0
2014-11-14,'603806,福斯特,45.03,47.2,44.7,47.2,47.51,-2.48,-5.22,10.8966,6537966,297562396.0,18102060000.0,2701800000.0
2014-11-13,'603806,福斯特,47.51,49.3,47.0,47.1,48.13,-0.62,-1.2882,17.9655,10779299,519967031.0,19099020000.0,2850600000.0
2014-11-12,'603806,福斯特,48.13,48.6,44.73,44.81,45.04,3.09,6.8606,18.3336,11000153,516760436.0,19348260000.0,2887800000.0
2014-11-11,'603806,福斯特,45.04,46.8,44.7,46.77,46.64,-1.6,-3.4305,11.0091,6605481,300242468.0,18106080000.0,2702400000.0
2014-11-10,'603806,福斯特,46.64,47.5,45.62,46.43,46.4,0.24,0.5172,11.2503,6750187,314834153.0,18749280000.0,2798400000.0
2014-11-07,'603806,福斯特,46.4,48.91,44.53,44.6,44.61,1.79,4.0126,23.7793,14267597,668134977.0,18652800000.0,2784000000.0
2014-11-06,'603806,福斯特,44.61,44.66,42.78,42.9,43.06,1.55,3.5996,10.7649,6458943,284032052.0,17933220000.0,2676600000.0
2014-11-05,'603806,福斯特,43.06,43.36,42.18,42.4,42.28,0.78,1.8448,4.8468,2908065,124747974.0,17310120000.0,2583600000.0
2014-11-04,'603806,福斯特,42.28,43.21,42.27,43.21,43.21,-0.93,-2.1523,5.3699,3221951,137325797.0,16996560000.0,2536800000.0
2014-11-03,'603806,福斯特,43.21,43.48,42.95,43.15,43.23,-0.02,-0.0463,4.7955,2877299,124342600.0,17370420000.0,2592600000.0
2014-10-31,'603806,福斯特,43.23,43.55,42.12,42.12,42.1,1.13,2.6841,7.9702,4782094,205821672.0,17378460000.0,2593800000.0
2014-10-30,'603806,福斯特,42.1,42.57,42.04,42.44,42.39,-0.29,-0.6841,4.406,2643620,111563491.0,16924200000.0,2526000000.0
2014-10-29,'603806,福斯特,42.39,42.58,41.9,41.9,41.86,0.53,1.2661,5.3274,3196411,135055519.0,17040780000.0,2543400000.0
2014-10-28,'603806,福斯特,41.86,41.88,41.15,41.15,40.91,0.95,2.3222,3.9038,2342286,97588439.0,16827720000.0,2511600000.0
2014-10-27,'603806,福斯特,40.91,42.1,40.86,42.1,42.07,-1.16,-2.7573,4.6331,2779860,114279632.0,16445820000.0,2454600000.0
2014-10-24,'603806,福斯特,42.07,43.8,41.88,43.56,43.54,-1.47,-3.3762,6.8494,4109660,175431968.0,16912140000.0,2524200000.0
2014-10-23,'603806,福斯特,43.54,45.38,43.51,45.29,45.53,-1.99,-4.3707,7.6121,4567248,201933610.0,17503080000.0,2612400000.0
2014-10-22,'603806,福斯特,45.53,46.48,45.08,45.08,44.98,0.55,1.2228,10.3753,6225157,285074194.0,18303060000.0,2731800000.0
2014-10-21,'603806,福斯特,44.98,45.16,44.6,44.71,44.75,0.23,0.514,5.7747,3464805,155858927.0,18081960000.0,2698800000.0
2014-10-20,'603806,福斯特,44.75,45.18,44.53,45.18,45.19,-0.44,-0.9737,5.044,3026383,135389174.0,17989500000.0,2685000000.0
2014-10-17,'603806,福斯特,45.19,45.24,44.1,44.4,43.96,1.23,2.798,10.511,6306604,282068211.0,18166380000.0,2711400000.0
2014-10-16,'603806,福斯特,43.96,44.45,43.79,43.88,44.16,-0.2,-0.4529,4.4461,2667676,117707939.0,17671920000.0,2637600000.0
2014-10-15,'603806,福斯特,44.16,44.35,43.82,44.29,44.39,-0.23,-0.5181,3.2416,1944933,85700520.0,17752320000.0,2649600000.0
2014-10-14,'603806,福斯特,44.39,44.47,43.8,44.04,44.0,0.39,0.8864,4.1045,2462698,108603320.0,17844780000.0,2663400000.0
2014-10-13,'603806,福斯特,44.0,44.6,43.78,44.6,44.73,-0.73,-1.632,5.8261,3495644,153814959.0,17688000000.0,2640000000.0
2014-10-10,'603806,福斯特,44.73,45.0,44.66,45.0,45.19,-0.46,-1.0179,5.0131,3007885,134748344.0,17981460000.0,2683800000.0
2014-10-09,'603806,福斯特,45.19,45.73,45.01,45.69,45.67,-0.48,-1.051,5.6257,3375444,152952974.0,18166380000.0,2711400000.0
2014-10-08,'603806,福斯特,45.67,45.79,45.23,45.62,45.62,0.05,0.1096,4.2383,2542987,115737684.0,18359340000.0,2740200000.0
2014-09-30,'603806,福斯特,45.62,45.78,45.27,45.27,45.26,0.36,0.7954,4.4872,2692301,122639412.0,18339240000.0,2737200000.0
2014-09-29,'603806,福斯特,45.26,45.74,44.82,44.82,44.63,0.63,1.4116,5.029,3017420,136697757.0,18194520000.0,2715600000.0
2014-09-26,'603806,福斯特,44.63,45.12,44.6,45.03,45.13,-0.5,-1.1079,4.7393,2843571,127274069.0,17941260000.0,2677800000.0
2014-09-25,'603806,福斯特,45.13,46.29,45.02,45.93,45.93,-0.8,-1.7418,6.6534,3992022,181678448.0,18142260000.0,2707800000.0
2014-09-24,'603806,福斯特,45.93,46.83,44.8,44.99,45.08,0.85,1.8855,11.1555,6693279,308207255.0,18463860000.0,2755800000.0
2014-09-23,'603806,福斯特,45.08,45.34,44.82,45.0,45.0,0.08,0.1778,5.8303,3498182,157745636.0,18122160000.0,2704800000.0
2014-09-22,'603806,福斯特,45.0,46.5,44.53,46.4,46.61,-1.61,-3.4542,11.2376,6742574,304839398.0,18090000000.0,2700000000.0
2014-09-19,'603806,福斯特,46.61,46.99,46.2,46.65,46.59,0.02,0.0429,5.961,3576601,166647166.0,18737220000.0,2796600000.0
2014-09-18,'603806,福斯特,46.59,47.5,46.53,47.5,47.83,-1.24,-2.5925,9.6025,5761521,269907215.0,18729180000.0,2795400000.0
2014-09-17,'603806,福斯特,47.83,48.38,46.51,47.66,47.78,0.05,0.1046,11.2638,6758281,321152949.0,19227660000.0,2869800000.0
2014-09-16,'603806,福斯特,47.78,50.68,47.56,50.1,50.67,-2.89,-5.7036,21.8104,13086265,639246669.0,19207560000.0,2866800000.0
2014-09-15,'603806,福斯特,50.67,52.0,50.3,51.08,53.18,-2.51,-4.7198,22.9624,13777413,700524651.0,20369340000.0,3040200000.0
2014-09-12,'603806,福斯特,53.18,57.31,52.0,57.31,52.1,1.08,2.0729,56.6699,34001910,1846915885.0,21378360000.0,3190800000.0
2014-09-11,'603806,福斯特,52.1,52.1,52.1,52.1,47.36,4.74,10.0084,1.5457,927409,48318009.0,20944200000.0,3126000000.0
2014-09-10,'603806,福斯特,47.36,47.36,47.36,47.36,43.05,4.31,10.0116,0.6051,363070,17194995.0,19038720000.0,2841600000.0
2014-09-09,'603806,福斯特,43.05,43.05,43.05,43.05,39.14,3.91,9.9898,0.3142,188513,8115485.0,17306100000.0,2583000000.0
2014-09-05,'603806,N福斯特,39.14,39.14,32.62,32.62,27.18,11.96,44.0029,0.4123,247399,9671167.0,15734280000.0,2348400000.0
