日期,股票代码,名称,收盘价,最高价,最低价,开盘价,前收盘,涨跌额,涨跌幅,换手率,成交量,成交金额,总市值,流通市值
2017-05-15,'603906,龙蟠科技,28.14,29.56,28.06,28.9,28.89,-0.75,-2.5961,28.223,14675945,422228324.0,5853120000.0,1463280000.0
2017-05-12,'603906,龙蟠科技,28.89,29.35,27.65,28.04,28.39,0.5,1.7612,36.3666,18910612,538774711.0,6009120000.0,1502280000.0
2017-05-11,'603906,龙蟠科技,28.39,28.99,24.65,25.88,26.36,2.03,7.7011,37.4124,19454440,522169320.0,5905120000.0,1476280000.0
2017-05-10,'603906,龙蟠科技,26.36,27.57,26.11,27.0,26.76,-0.4,-1.4948,34.6474,18016649,484983015.0,5482880000.0,1370720000.0
2017-05-09,'603906,龙蟠科技,26.76,27.39,24.93,25.12,24.9,1.86,7.4699,31.589,16426265,436823865.0,5566080000.0,1391520000.0
2017-05-08,'603906,龙蟠科技,24.9,25.57,24.51,24.65,24.93,-0.03,-0.1203,15.1843,7895829,198430708.0,5179200000.0,1294800000.0
2017-05-05,'603906,龙蟠科技,24.93,27.27,24.5,26.53,26.76,-1.83,-6.8386,19.3873,10081374,266493801.0,5185440000.0,1296360000.0
2017-05-04,'603906,龙蟠科技,26.76,27.64,25.52,26.88,27.69,-0.93,-3.3586,24.9531,12975609,346566584.0,5566080000.0,1391520000.0
2017-05-03,'603906,龙蟠科技,27.69,28.3,26.31,26.5,26.42,1.27,4.807,32.0469,16664372,456773925.0,5759520000.0,1439880000.0
2017-05-02,'603906,龙蟠科技,26.42,26.46,25.5,25.88,26.12,0.3,1.1485,18.2823,9506819,246245708.0,5495360000.0,1373840000.0
2017-04-28,'603906,龙蟠科技,26.12,26.54,25.42,26.31,26.31,-0.19,-0.7222,26.4047,13730464,357283840.0,5432960000.0,1358240000.0
2017-04-27,'603906,龙蟠科技,26.31,26.31,23.5,23.6,23.92,2.39,9.9916,35.095,18249381,458227657.0,5472480000.0,1368120000.0
2017-04-26,'603906,龙蟠科技,23.92,24.25,23.23,23.65,23.79,0.13,0.5464,20.9035,10869814,259053983.0,4975360000.0,1243840000.0
2017-04-25,'603906,龙蟠科技,23.79,24.85,23.52,24.26,24.22,-0.43,-1.7754,28.1692,14647995,354578234.0,4948320000.0,1237080000.0
2017-04-24,'603906,龙蟠科技,24.22,25.2,23.81,24.77,26.46,-2.24,-8.4656,35.0461,18223985,441490412.0,5037760000.0,1259440000.0
2017-04-21,'603906,龙蟠科技,26.46,29.39,26.46,29.39,29.4,-2.94,-10.0,46.4296,24143414,663243048.0,5503680000.0,1375920000.0
2017-04-20,'603906,龙蟠科技,29.4,29.4,29.4,29.4,26.73,2.67,9.9888,2.4839,1291604,37973158.0,6115200000.0,1528800000.0
2017-04-19,'603906,龙蟠科技,26.73,26.73,26.73,26.73,24.3,2.43,10.0,1.1779,612484,16371697.0,5559840000.0,1389960000.0
2017-04-18,'603906,龙蟠科技,24.3,24.3,24.3,24.3,22.09,2.21,10.0045,0.5465,284173,6905404.0,5054400000.0,1263600000.0
2017-04-17,'603906,龙蟠科技,22.09,22.09,22.09,22.09,20.08,2.01,10.01,0.1634,84956,1876678.0,4594720000.0,1148680000.0
2017-04-14,'603906,龙蟠科技,20.08,20.08,20.08,20.08,18.25,1.83,10.0274,0.0537,27938,560995.0,4176640000.0,1044160000.0
2017-04-13,'603906,龙蟠科技,18.25,18.25,18.25,18.25,16.59,1.66,10.006,0.0167,8661,158063.0,3796000000.0,949000000.0
2017-04-12,'603906,龙蟠科技,16.59,16.59,16.59,16.59,15.08,1.51,10.0133,0.0077,3984,66095.0,3450720000.0,862680000.0
2017-04-11,'603906,龙蟠科技,15.08,15.08,15.08,15.08,13.71,1.37,9.9927,0.0067,3500,52780.0,3136640000.0,784160000.0
2017-04-10,'603906,N龙蟠,13.71,13.71,13.71,13.71,9.52,4.19,44.0126,0.0221,11500,157665.0,2851680000.0,712920000.0
