日期,股票代码,名称,收盘价,最高价,最低价,开盘价,前收盘,涨跌额,涨跌幅,换手率,成交量,成交金额,总市值,流通市值
2017-05-15,'603929,亚翔集成,25.43,25.97,25.34,25.9,25.96,-0.53,-2.0416,4.6883,2501664,64244642.0,5425744800.0,1356944800.0
2017-05-12,'603929,亚翔集成,25.96,26.35,25.57,25.8,25.87,0.09,0.3479,7.4346,3967078,103232372.0,5538825600.0,1385225600.0
2017-05-11,'603929,亚翔集成,25.87,25.9,24.36,24.6,24.93,0.94,3.7706,6.8807,3671530,92625275.0,5519623200.0,1380423200.0
2017-05-10,'603929,亚翔集成,24.93,25.81,24.82,25.58,25.57,-0.64,-2.5029,4.3453,2318643,58681170.0,5319064800.0,1330264800.0
2017-05-09,'603929,亚翔集成,25.57,25.67,24.71,24.98,24.81,0.76,3.0633,4.2793,2283443,57924114.0,5455615200.0,1364415200.0
2017-05-08,'603929,亚翔集成,24.81,25.57,24.8,25.5,25.81,-1.0,-3.8745,5.4708,2919228,73604989.0,5293461600.0,1323861600.0
2017-05-05,'603929,亚翔集成,25.81,26.6,25.8,26.59,26.85,-1.04,-3.8734,6.038,3221861,84265066.0,5506821600.0,1377221600.0
2017-05-04,'603929,亚翔集成,26.85,27.42,26.7,27.23,27.37,-0.52,-1.8999,4.0572,2164942,58543130.0,5728716000.0,1432716000.0
2017-05-03,'603929,亚翔集成,27.37,27.45,26.78,26.78,26.9,0.47,1.7472,5.1954,2772283,75068704.0,5839663200.0,1460463200.0
2017-05-02,'603929,亚翔集成,26.9,27.2,26.0,26.9,27.7,-0.8,-2.8881,6.9501,3708548,99528714.0,5739384000.0,1435384000.0
2017-04-28,'603929,亚翔集成,27.7,28.11,27.3,27.44,27.66,0.04,0.1446,6.6056,3524731,97572213.0,5910072000.0,1478072000.0
2017-04-27,'603929,亚翔集成,27.66,27.72,25.8,26.25,26.39,1.27,4.8124,10.6265,5670325,152986363.0,5901537600.0,1475937600.0
2017-04-26,'603929,亚翔集成,26.39,26.99,26.13,26.32,26.32,0.07,0.266,4.702,2509002,66857036.0,5630570400.0,1408170400.0
2017-04-25,'603929,亚翔集成,26.32,26.9,25.82,25.82,25.87,0.45,1.7395,4.645,2478579,65636980.0,5615635200.0,1404435200.0
2017-04-24,'603929,亚翔集成,25.87,26.6,25.55,26.39,26.6,-0.73,-2.7444,4.0864,2180507,56533525.0,5519623200.0,1380423200.0
2017-04-21,'603929,亚翔集成,26.6,27.12,26.45,26.8,26.86,-0.26,-0.968,3.0784,1642619,43937832.0,5675376000.0,1419376000.0
2017-04-20,'603929,亚翔集成,26.86,27.57,26.35,27.4,27.47,-0.61,-2.2206,5.3946,2878563,77682992.0,5730849600.0,1433249600.0
2017-04-19,'603929,亚翔集成,27.47,27.48,26.26,26.5,26.54,0.93,3.5041,6.2495,3334745,89974233.0,5860999200.0,1465799200.0
2017-04-18,'603929,亚翔集成,26.54,26.87,26.32,26.51,26.48,0.06,0.2266,3.8724,2066330,54967092.0,5662574400.0,1416174400.0
2017-04-17,'603929,亚翔集成,26.48,27.69,26.35,27.29,28.27,-1.79,-6.3318,8.0038,4270806,115294199.0,5649772800.0,1412972800.0
2017-04-14,'603929,亚翔集成,28.27,28.8,28.2,28.4,28.67,-0.4,-1.3952,3.9289,2096445,59608746.0,6031687200.0,1508487200.0
2017-04-13,'603929,亚翔集成,28.67,29.29,28.58,28.6,28.57,0.1,0.35,4.2516,2268676,65581844.0,6117031200.0,1529831200.0
2017-04-12,'603929,亚翔集成,28.57,29.36,28.39,29.36,29.41,-0.84,-2.8562,6.1101,3260327,93757753.0,6095695200.0,1524495200.0
2017-04-11,'603929,亚翔集成,29.41,29.58,28.6,28.7,28.47,0.94,3.3017,8.3928,4478405,130447606.0,6274917600.0,1569317600.0
2017-04-10,'603929,亚翔集成,28.47,30.17,28.35,30.1,30.7,-2.23,-7.2638,12.5213,6681361,194652520.0,6074359200.0,1519159200.0
2017-04-07,'603929,亚翔集成,30.7,31.99,30.5,31.81,31.77,-1.07,-3.368,9.2189,4919207,153099036.0,6550152000.0,1638152000.0
2017-04-06,'603929,亚翔集成,31.77,32.5,31.44,31.69,31.84,-0.07,-0.2198,9.1615,4888585,156370397.0,6778447200.0,1695247200.0
2017-04-05,'603929,亚翔集成,31.84,31.95,30.36,30.8,30.82,1.02,3.3095,9.6598,5154481,161698188.0,6793382400.0,1698982400.0
2017-03-31,'603929,亚翔集成,30.82,31.79,30.12,31.29,30.99,-0.17,-0.5486,10.7792,5751776,177851202.0,6575755200.0,1644555200.0
2017-03-30,'603929,亚翔集成,30.99,32.09,30.33,32.0,32.11,-1.12,-3.488,14.1543,7552743,235495789.0,6612026400.0,1653626400.0
2017-03-29,'603929,亚翔集成,32.11,34.88,31.85,34.27,34.58,-2.47,-7.1429,17.0298,9087124,303316798.0,6850989600.0,1713389600.0
2017-03-28,'603929,亚翔集成,34.58,36.41,34.51,36.0,37.13,-2.55,-6.8678,24.3805,13009425,461204198.0,7377988800.0,1845188800.0
2017-03-27,'603929,亚翔集成,37.13,38.39,36.12,37.01,36.84,0.29,0.7872,26.1704,13964543,521579041.0,7922056800.0,1981256800.0
2017-03-24,'603929,亚翔集成,36.84,37.2,34.92,34.92,35.2,1.64,4.6591,21.7293,11594752,418975889.0,7860182400.0,1965782400.0
2017-03-23,'603929,亚翔集成,35.2,36.38,34.03,36.15,36.35,-1.15,-3.1637,22.2658,11881040,420721712.0,7510272000.0,1878272000.0
2017-03-22,'603929,亚翔集成,36.35,37.69,34.9,35.0,35.39,0.96,2.7126,29.2432,15604154,562496964.0,7755636000.0,1939636000.0
2017-03-21,'603929,亚翔集成,35.39,35.4,33.88,34.32,34.25,1.14,3.3285,23.396,12484098,432493200.0,7550810400.0,1888410400.0
2017-03-20,'603929,亚翔集成,34.25,34.28,32.8,33.05,32.93,1.32,4.0085,14.6119,7796930,263357093.0,7307580000.0,1827580000.0
2017-03-17,'603929,亚翔集成,32.93,34.97,32.88,34.4,34.42,-1.49,-4.3289,19.6054,10461418,354963428.0,7025944800.0,1757144800.0
2017-03-16,'603929,亚翔集成,34.42,34.84,33.41,33.41,33.26,1.16,3.4877,18.8251,10045081,343785965.0,7343851200.0,1836651200.0
2017-03-15,'603929,亚翔集成,33.26,34.02,33.22,33.84,34.1,-0.84,-2.4633,10.9125,5822932,195552274.0,7096353600.0,1774753600.0
2017-03-14,'603929,亚翔集成,34.1,34.5,33.49,34.0,33.97,0.13,0.3827,16.3707,8735420,297455260.0,7275576000.0,1819576000.0
2017-03-13,'603929,亚翔集成,33.97,34.11,31.96,32.78,33.12,0.85,2.5664,16.8538,8993202,298753126.0,7247839200.0,1812639200.0
2017-03-10,'603929,亚翔集成,33.12,33.97,33.03,33.27,33.43,-0.31,-0.9273,11.8614,6329244,212284470.0,7066483200.0,1767283200.0
2017-03-09,'603929,亚翔集成,33.43,33.98,32.93,33.81,34.23,-0.8,-2.3371,16.8996,9017649,301449593.0,7132624800.0,1783824800.0
2017-03-08,'603929,亚翔集成,34.23,35.27,34.02,34.38,34.2,0.03,0.0877,19.4615,10384630,360022929.0,7303312800.0,1826512800.0
2017-03-07,'603929,亚翔集成,34.2,35.3,34.02,34.85,35.24,-1.04,-2.9512,24.0391,12827238,443492199.0,7296912000.0,1824912000.0
2017-03-06,'603929,亚翔集成,35.24,36.18,34.37,34.89,35.24,0.0,0.0,26.3709,14071529,494466348.0,7518806400.0,1880406400.0
2017-03-03,'603929,亚翔集成,35.24,35.36,32.21,32.53,32.83,2.41,7.3408,31.3462,16726309,566681770.0,7518806400.0,1880406400.0
2017-03-02,'603929,亚翔集成,32.83,33.87,31.82,32.26,32.47,0.36,1.1087,26.188,13973940,460423976.0,7004608800.0,1751808800.0
2017-03-01,'603929,亚翔集成,32.47,32.81,31.35,32.04,32.29,0.18,0.5574,19.551,10432417,333101455.0,6927799200.0,1732599200.0
2017-02-28,'603929,亚翔集成,32.29,32.79,30.81,30.82,30.99,1.3,4.1949,22.8725,12204767,388664377.0,6889394400.0,1722994400.0
2017-02-27,'603929,亚翔集成,30.99,31.23,30.35,30.5,30.73,0.26,0.8461,15.4753,8257630,253742723.0,6612026400.0,1653626400.0
2017-02-24,'603929,亚翔集成,30.73,31.14,29.86,29.92,30.09,0.64,2.127,16.2545,8673382,264811828.0,6556552800.0,1639752800.0
2017-02-23,'603929,亚翔集成,30.09,30.48,29.12,29.3,29.55,0.54,1.8274,16.626,8871613,265826282.0,6420002400.0,1605602400.0
2017-02-22,'603929,亚翔集成,29.55,30.19,29.11,29.21,29.18,0.37,1.268,12.1573,6487155,192149496.0,6304788000.0,1576788000.0
2017-02-21,'603929,亚翔集成,29.18,29.38,28.45,28.58,28.53,0.65,2.2783,10.8335,5780733,167891680.0,6225844800.0,1557044800.0
2017-02-20,'603929,亚翔集成,28.53,28.99,27.88,28.99,28.99,-0.46,-1.5868,13.4552,7179689,203303699.0,6087160800.0,1522360800.0
2017-02-17,'603929,亚翔集成,28.99,30.8,28.85,30.31,30.71,-1.72,-5.6008,16.8283,8979558,266159540.0,6185306400.0,1546906400.0
2017-02-16,'603929,亚翔集成,30.71,31.86,29.5,31.01,31.45,-0.74,-2.3529,23.0633,12306579,379178846.0,6552285600.0,1638685600.0
2017-02-15,'603929,亚翔集成,31.45,33.86,30.1,30.33,30.78,0.67,2.1767,33.8181,18045347,583172580.0,6710172000.0,1678172000.0
2017-02-14,'603929,亚翔集成,30.78,31.95,30.5,30.69,30.92,-0.14,-0.4528,20.5188,10948813,340082389.0,6567220800.0,1642420800.0
2017-02-13,'603929,亚翔集成,30.92,31.28,29.22,29.26,29.73,1.19,4.0027,22.2092,11850822,360818179.0,6597091200.0,1649891200.0
2017-02-10,'603929,亚翔集成,29.73,30.84,29.65,30.3,30.25,-0.52,-1.719,16.5998,8857650,266782126.0,6343192800.0,1586392800.0
2017-02-09,'603929,亚翔集成,30.25,30.78,29.69,30.16,30.56,-0.31,-1.0144,22.0539,11767939,355528526.0,6454140000.0,1614140000.0
2017-02-08,'603929,亚翔集成,30.56,31.76,29.12,29.3,29.78,0.78,2.6192,36.8213,19647819,596757233.0,6520281600.0,1630681600.0
2017-02-07,'603929,亚翔集成,29.78,31.45,29.17,29.96,29.15,0.63,2.1612,39.9167,21299572,642342529.0,6353860800.0,1589060800.0
2017-02-06,'603929,亚翔集成,29.15,29.15,26.9,26.9,26.5,2.65,10.0,25.7849,13758812,387834663.0,6219444000.0,1555444000.0
2017-02-03,'603929,亚翔集成,26.5,27.08,26.08,26.95,27.16,-0.66,-2.43,15.6231,8336486,221396771.0,5654040000.0,1414040000.0
2017-01-26,'603929,亚翔集成,27.16,27.5,26.18,26.68,26.91,0.25,0.929,33.2752,17755654,476587896.0,5794857600.0,1449257600.0
2017-01-25,'603929,亚翔集成,26.91,27.84,25.18,25.9,26.24,0.67,2.5534,35.5373,18962684,502994585.0,5741517600.0,1435917600.0
2017-01-24,'603929,亚翔集成,26.24,26.87,26.0,26.18,26.29,-0.05,-0.1902,29.3641,15668694,413703309.0,5598566400.0,1400166400.0
2017-01-23,'603929,亚翔集成,26.29,27.84,25.65,27.84,27.03,-0.74,-2.7377,58.3897,31156760,827192342.0,5609234400.0,1402834400.0
2017-01-20,'603929,亚翔集成,27.03,27.03,25.31,25.41,24.57,2.46,10.0122,54.6082,29138924,760910119.0,5767120800.0,1442320800.0
2017-01-19,'603929,亚翔集成,24.57,24.57,24.1,24.57,22.34,2.23,9.9821,26.5013,14141115,347422463.0,5242255200.0,1311055200.0
2017-01-18,'603929,亚翔集成,22.34,22.34,22.34,22.34,20.31,2.03,9.9951,0.3284,175244,3914951.0,4766462400.0,1192062400.0
2017-01-17,'603929,亚翔集成,20.31,20.31,20.31,20.31,18.46,1.85,10.0217,0.4136,220704,4482498.0,4333341600.0,1083741600.0
2017-01-16,'603929,亚翔集成,18.46,18.46,18.46,18.46,16.78,1.68,10.0119,0.5414,288865,5332448.0,3938625600.0,985025600.0
2017-01-13,'603929,亚翔集成,16.78,16.78,16.78,16.78,15.25,1.53,10.0328,0.5694,303850,5098603.0,3580180800.0,895380800.0
2017-01-12,'603929,亚翔集成,15.25,15.25,15.25,15.25,13.86,1.39,10.0289,0.2637,140734,2146194.0,3253740000.0,813740000.0
2017-01-11,'603929,亚翔集成,13.86,13.86,13.86,13.86,12.6,1.26,10.0,0.0442,23596,327041.0,2957169600.0,739569600.0
2017-01-10,'603929,亚翔集成,12.6,12.6,12.6,12.6,11.45,1.15,10.0437,0.0461,24596,309910.0,2688336000.0,672336000.0
2017-01-09,'603929,亚翔集成,11.45,11.45,11.45,11.45,10.41,1.04,9.9904,0.0292,15556,178116.0,2442972000.0,610972000.0
2017-01-06,'603929,亚翔集成,10.41,10.41,10.41,10.41,9.46,0.95,10.0423,0.0435,23193,241439.0,2221077600.0,555477600.0
2017-01-05,'603929,亚翔集成,9.46,9.46,9.46,9.46,8.6,0.86,10.0,0.0234,12504,118288.0,2018385600.0,504785600.0
2017-01-04,'603929,亚翔集成,8.6,8.6,8.6,8.6,7.82,0.78,9.9744,0.009,4826,41504.0,1834896000.0,458896000.0
2017-01-03,'603929,亚翔集成,7.82,7.82,7.82,7.82,7.11,0.71,9.9859,0.0101,5363,41939.0,1668475200.0,417275200.0
2016-12-30,'603929,N亚翔,7.11,7.11,7.11,7.11,4.94,2.17,43.9271,0.0463,24686,175517.0,1516989600.0,379389600.0
