日期,股票代码,名称,收盘价,最高价,最低价,开盘价,前收盘,涨跌额,涨跌幅,换手率,成交量,成交金额,总市值,流通市值
2017-05-15,'603928,兴业股份,21.69,21.84,21.4,21.49,21.61,0.08,0.3702,6.489,3270470,70706905.0,4372704000.0,1093176000.0
2017-05-12,'603928,兴业股份,21.61,21.65,21.18,21.21,21.25,0.36,1.6941,7.1515,3604362,77435492.0,4356576000.0,1089144000.0
2017-05-11,'603928,兴业股份,21.25,21.38,20.2,20.86,20.87,0.38,1.8208,6.3628,3206855,67425744.0,4284000000.0,1071000000.0
2017-05-10,'603928,兴业股份,20.87,21.47,20.8,21.12,21.2,-0.33,-1.5566,3.6205,1824741,38698658.0,4207392000.0,1051848000.0
2017-05-09,'603928,兴业股份,21.2,21.63,20.35,20.48,20.98,0.22,1.0486,3.7876,1908941,40094918.0,4273920000.0,1068480000.0
2017-05-08,'603928,兴业股份,20.98,22.75,20.92,22.45,22.72,-1.74,-7.6585,5.189,2615273,57704030.0,4229568000.0,1057392000.0
2017-05-05,'603928,兴业股份,22.72,22.79,22.04,22.54,22.56,0.16,0.7092,10.0822,5081445,114096276.0,4580352000.0,1145088000.0
2017-05-04,'603928,兴业股份,22.56,22.84,22.23,22.39,22.4,0.16,0.7143,7.0577,3557078,80207555.0,4548096000.0,1137024000.0
2017-05-03,'603928,兴业股份,22.4,22.54,22.02,22.29,22.3,0.1,0.4484,5.3896,2716359,60601330.0,4515840000.0,1128960000.0
2017-05-02,'603928,兴业股份,22.3,22.64,22.12,22.38,22.22,0.08,0.36,5.3139,2678196,59903265.0,4495680000.0,1123920000.0
2017-04-28,'603928,兴业股份,22.22,22.69,21.77,21.77,21.97,0.25,1.1379,11.6906,5892084,131765633.0,4479552000.0,1119888000.0
2017-04-27,'603928,兴业股份,21.97,22.06,20.01,20.48,20.46,1.51,7.3803,13.1149,6609899,140584696.0,4429152000.0,1107288000.0
2017-04-26,'603928,兴业股份,20.46,20.74,20.18,20.22,20.23,0.23,1.1369,5.9775,3012654,61698353.0,4124736000.0,1031184000.0
2017-04-25,'603928,兴业股份,20.23,20.74,20.15,20.3,20.26,-0.03,-0.1481,4.716,2376869,48513423.0,4078368000.0,1019592000.0
2017-04-24,'603928,兴业股份,20.26,21.0,19.81,20.94,20.89,-0.63,-3.0158,6.5838,3318248,66953207.0,4084416000.0,1021104000.0
2017-04-21,'603928,兴业股份,20.89,21.39,20.8,21.3,21.41,-0.52,-2.4288,6.1528,3101027,65360722.0,4211424000.0,1052856000.0
2017-04-20,'603928,兴业股份,21.41,22.69,20.8,22.69,23.09,-1.68,-7.2759,15.4667,7795221,168760056.0,4316256000.0,1079064000.0
2017-04-19,'603928,兴业股份,23.09,25.56,22.88,25.42,25.42,-2.33,-9.166,22.2337,11205766,259535383.0,4654944000.0,1163736000.0
2017-04-18,'603928,兴业股份,25.42,25.64,25.27,25.3,25.26,0.16,0.6334,3.2271,1626479,41541805.0,5124672000.0,1281168000.0
2017-04-17,'603928,兴业股份,25.26,25.95,25.01,25.02,26.49,-1.23,-4.6433,5.1432,2592197,65973142.0,5092416000.0,1273104000.0
2017-04-14,'603928,兴业股份,26.49,26.85,26.32,26.7,26.8,-0.31,-1.1567,5.4164,2729845,72299716.0,5340384000.0,1335096000.0
2017-04-13,'603928,兴业股份,26.8,26.92,25.51,25.51,25.82,0.98,3.7955,6.7414,3397644,89858965.0,5402880000.0,1350720000.0
2017-04-12,'603928,兴业股份,25.82,26.26,25.03,26.25,26.36,-0.54,-2.0486,8.6768,4373109,112402365.0,5205312000.0,1301328000.0
2017-04-11,'603928,兴业股份,26.36,27.2,24.5,26.8,26.99,-0.63,-2.3342,10.13,5105520,133972626.0,5314176000.0,1328544000.0
2017-04-10,'603928,兴业股份,26.99,27.27,26.53,27.27,27.31,-0.32,-1.1717,10.6616,5373471,143846000.0,5441184000.0,1360296000.0
2017-04-07,'603928,兴业股份,27.31,27.49,26.49,26.85,26.84,0.47,1.7511,12.2411,6169502,167164330.0,5505696000.0,1376424000.0
2017-04-06,'603928,兴业股份,26.84,27.1,25.85,25.85,25.94,0.9,3.4695,11.328,5709319,151963201.0,5410944000.0,1352736000.0
2017-04-05,'603928,兴业股份,25.94,25.99,25.04,25.28,25.26,0.68,2.692,6.6138,3333366,85338403.0,5229504000.0,1307376000.0
2017-03-31,'603928,兴业股份,25.26,25.69,24.81,25.2,25.22,0.04,0.1586,7.6878,3874647,98197880.0,5092416000.0,1273104000.0
2017-03-30,'603928,兴业股份,25.22,25.98,24.78,25.75,26.04,-0.82,-3.149,11.0014,5544716,140285238.0,5084352000.0,1271088000.0
2017-03-29,'603928,兴业股份,26.04,28.4,26.0,28.1,28.18,-2.14,-7.594,15.5878,7856268,211151646.0,5249664000.0,1312416000.0
2017-03-28,'603928,兴业股份,28.18,29.49,28.13,29.29,29.38,-1.2,-4.0844,10.8607,5473796,157825550.0,5681088000.0,1420272000.0
2017-03-27,'603928,兴业股份,29.38,30.3,29.28,29.9,29.85,-0.47,-1.5745,8.9448,4508163,133607349.0,5923008000.0,1480752000.0
2017-03-24,'603928,兴业股份,29.85,30.14,29.41,29.6,29.82,0.03,0.1006,12.0927,6094744,181622212.0,6017760000.0,1504440000.0
2017-03-23,'603928,兴业股份,29.82,30.34,28.77,30.19,30.15,-0.33,-1.0945,15.4328,7778141,231088010.0,6011712000.0,1502928000.0
2017-03-22,'603928,兴业股份,30.15,30.4,29.51,30.04,30.39,-0.24,-0.7897,13.6445,6876825,206461959.0,6078240000.0,1519560000.0
2017-03-21,'603928,兴业股份,30.39,30.5,29.8,29.9,29.73,0.66,2.22,15.7717,7948925,239615625.0,6126624000.0,1531656000.0
2017-03-20,'603928,兴业股份,29.73,29.75,28.56,28.65,28.82,0.91,3.1575,12.3514,6225083,181745246.0,5993568000.0,1498392000.0
2017-03-17,'603928,兴业股份,28.82,30.5,28.78,29.86,30.11,-1.29,-4.2843,20.8348,10500756,310865339.0,5810112000.0,1452528000.0
2017-03-16,'603928,兴业股份,30.11,30.96,29.45,29.45,29.56,0.55,1.8606,25.8564,13031647,394457955.0,6070176000.0,1517544000.0
2017-03-15,'603928,兴业股份,29.56,29.95,28.08,28.43,28.7,0.86,2.9965,22.331,11254838,328276339.0,5959296000.0,1489824000.0
2017-03-14,'603928,兴业股份,28.7,29.15,28.4,28.61,28.6,0.1,0.3497,19.3512,9753002,280949959.0,5785920000.0,1446480000.0
2017-03-13,'603928,兴业股份,28.6,28.64,27.12,27.65,27.79,0.81,2.9147,13.6219,6865457,192874471.0,5765760000.0,1441440000.0
2017-03-10,'603928,兴业股份,27.79,28.37,27.67,27.96,28.08,-0.29,-1.0328,11.8665,5980691,167597333.0,5602464000.0,1400616000.0
2017-03-09,'603928,兴业股份,28.08,29.15,28.02,28.8,28.99,-0.91,-3.139,15.6608,7893036,224092287.0,5660928000.0,1415232000.0
2017-03-08,'603928,兴业股份,28.99,29.07,28.16,28.6,28.61,0.38,1.3282,19.492,9823976,279657488.0,5844384000.0,1461096000.0
2017-03-07,'603928,兴业股份,28.61,28.93,27.33,27.56,27.47,1.14,4.15,25.2676,12734855,358813522.0,5767776000.0,1441944000.0
2017-03-06,'603928,兴业股份,27.47,27.56,26.81,26.9,26.84,0.63,2.3472,10.2993,5190849,141265082.0,5537952000.0,1384488000.0
2017-03-03,'603928,兴业股份,26.84,27.0,26.56,26.9,27.15,-0.31,-1.1418,9.3162,4695389,125857439.0,5410944000.0,1352736000.0
2017-03-02,'603928,兴业股份,27.15,27.65,26.7,26.81,26.98,0.17,0.6301,11.6369,5864996,159660841.0,5473440000.0,1368360000.0
2017-03-01,'603928,兴业股份,26.98,27.9,26.9,27.5,27.48,-0.5,-1.8195,12.0968,6096779,167313678.0,5439168000.0,1359792000.0
2017-02-28,'603928,兴业股份,27.48,27.5,26.43,27.04,27.23,0.25,0.9181,13.6578,6883554,185659604.0,5539968000.0,1384992000.0
2017-02-27,'603928,兴业股份,27.23,27.81,27.03,27.35,27.61,-0.38,-1.3763,15.2008,7661225,209877248.0,5489568000.0,1372392000.0
2017-02-24,'603928,兴业股份,27.61,28.99,26.67,26.77,26.97,0.64,2.373,28.8122,14521329,404721739.0,5566176000.0,1391544000.0
2017-02-23,'603928,兴业股份,26.97,27.15,25.7,26.09,26.2,0.77,2.9389,17.1265,8631775,228709028.0,5437152000.0,1359288000.0
2017-02-22,'603928,兴业股份,26.2,26.88,25.95,26.3,26.38,-0.18,-0.6823,11.7539,5923957,156001719.0,5281920000.0,1320480000.0
2017-02-21,'603928,兴业股份,26.38,26.49,25.06,25.21,25.3,1.08,4.2688,12.1973,6147452,159084711.0,5318208000.0,1329552000.0
2017-02-20,'603928,兴业股份,25.3,25.7,24.74,25.52,25.95,-0.65,-2.5048,10.8318,5459230,136945105.0,5100480000.0,1275120000.0
2017-02-17,'603928,兴业股份,25.95,26.98,25.78,26.17,25.92,0.03,0.1157,17.2848,8711547,229312657.0,5231520000.0,1307880000.0
2017-02-16,'603928,兴业股份,25.92,26.19,25.5,25.85,26.21,-0.29,-1.1064,11.6166,5854746,150937943.0,5225472000.0,1306368000.0
2017-02-15,'603928,兴业股份,26.21,27.1,25.8,25.92,26.05,0.16,0.6142,21.8773,11026159,292734645.0,5283936000.0,1320984000.0
2017-02-14,'603928,兴业股份,26.05,26.45,25.32,25.48,25.44,0.61,2.3978,17.4898,8814844,228832879.0,5251680000.0,1312920000.0
2017-02-13,'603928,兴业股份,25.44,25.47,24.51,24.51,24.44,1.0,4.0917,12.6249,6362930,159891120.0,5128704000.0,1282176000.0
2017-02-10,'603928,兴业股份,24.44,25.48,24.32,25.48,25.47,-1.03,-4.044,11.7129,5903318,146825941.0,4927104000.0,1231776000.0
2017-02-09,'603928,兴业股份,25.47,25.8,25.36,25.53,25.62,-0.15,-0.5855,10.137,5109073,130691445.0,5134752000.0,1283688000.0
2017-02-08,'603928,兴业股份,25.62,25.89,24.85,25.05,25.24,0.38,1.5055,12.3772,6238113,158621507.0,5164992000.0,1291248000.0
2017-02-07,'603928,兴业股份,25.24,25.55,24.87,25.41,25.59,-0.35,-1.3677,10.9656,5526649,138910855.0,5088384000.0,1272096000.0
2017-02-06,'603928,兴业股份,25.59,25.79,24.47,24.48,24.24,1.35,5.5693,13.1343,6619668,166880601.0,5158944000.0,1289736000.0
2017-02-03,'603928,兴业股份,24.24,24.55,23.63,24.12,24.16,0.08,0.3311,6.6758,3364601,81238009.0,4886784000.0,1221696000.0
2017-01-26,'603928,兴业股份,24.16,24.24,23.65,23.65,23.74,0.42,1.7692,6.9424,3498988,83782667.0,4870656000.0,1217664000.0
2017-01-25,'603928,兴业股份,23.74,23.94,23.22,23.39,23.46,0.28,1.1935,5.6201,2832534,67003879.0,4785984000.0,1196496000.0
2017-01-24,'603928,兴业股份,23.46,23.9,23.25,23.84,23.95,-0.49,-2.0459,8.1778,4121591,96856188.0,4729536000.0,1182384000.0
2017-01-23,'603928,兴业股份,23.95,24.34,23.75,23.85,23.88,0.07,0.2931,9.4955,4785712,115175632.0,4828320000.0,1207080000.0
2017-01-20,'603928,兴业股份,23.88,24.06,22.9,23.02,23.22,0.66,2.8424,10.8971,5492137,130266616.0,4814208000.0,1203552000.0
2017-01-19,'603928,兴业股份,23.22,23.79,22.55,22.89,23.18,0.04,0.1726,9.2543,4664157,108666898.0,4681152000.0,1170288000.0
2017-01-18,'603928,兴业股份,23.18,23.68,23.11,23.5,23.86,-0.68,-2.85,9.1831,4628281,108226642.0,4673088000.0,1168272000.0
2017-01-17,'603928,兴业股份,23.86,24.36,22.15,22.6,22.9,0.96,4.1921,15.2515,7686751,179291350.0,4810176000.0,1202544000.0
2017-01-16,'603928,兴业股份,22.9,23.6,21.7,22.86,22.97,-0.07,-0.3047,14.2296,7171734,163761821.0,4616640000.0,1154160000.0
2017-01-13,'603928,兴业股份,22.97,24.33,22.87,24.26,24.2,-1.23,-5.0826,11.5384,5815341,136707964.0,4630752000.0,1157688000.0
2017-01-12,'603928,兴业股份,24.2,24.95,24.01,24.57,24.58,-0.38,-1.546,7.8564,3959608,96711479.0,4878720000.0,1219680000.0
2017-01-11,'603928,兴业股份,24.58,25.21,24.45,24.86,24.98,-0.4,-1.6013,10.012,5046030,124965160.0,4955328000.0,1238832000.0
2017-01-10,'603928,兴业股份,24.98,25.95,24.91,25.43,25.47,-0.49,-1.9238,12.9238,6513575,165306068.0,5035968000.0,1258992000.0
2017-01-09,'603928,兴业股份,25.47,25.85,25.11,25.4,25.7,-0.23,-0.8949,8.5677,4318101,109848006.0,5134752000.0,1283688000.0
2017-01-06,'603928,兴业股份,25.7,27.14,25.69,26.91,27.12,-1.42,-5.236,16.841,8487848,222566017.0,5181120000.0,1295280000.0
2017-01-05,'603928,兴业股份,27.12,28.58,26.9,28.58,28.54,-1.42,-4.9755,21.5105,10841296,299318390.0,5467392000.0,1366848000.0
2017-01-04,'603928,兴业股份,28.54,29.08,28.41,28.7,28.93,-0.39,-1.3481,16.7037,8418673,241443960.0,5753664000.0,1438416000.0
2017-01-03,'603928,兴业股份,28.93,29.48,27.81,28.0,27.85,1.08,3.8779,21.5468,10859574,310810492.0,5832288000.0,1458072000.0
2016-12-30,'603928,兴业股份,27.85,28.35,27.72,28.01,28.03,-0.18,-0.6422,12.5214,6310771,176787439.0,5614560000.0,1403640000.0
2016-12-29,'603928,兴业股份,28.03,28.93,27.93,28.1,28.44,-0.41,-1.4416,16.1193,8124105,230614140.0,5650848000.0,1412712000.0
2016-12-28,'603928,兴业股份,28.44,29.82,28.22,29.82,30.53,-2.09,-6.8457,28.1679,14196617,410101302.0,5733504000.0,1433376000.0
2016-12-27,'603928,兴业股份,30.53,32.24,29.83,30.6,30.9,-0.37,-1.1974,32.7112,16486467,511579175.0,6154848000.0,1538712000.0
2016-12-26,'603928,兴业股份,30.9,32.58,30.9,32.01,34.33,-3.43,-9.9913,39.7308,20024328,626043142.0,6229440000.0,1557360000.0
2016-12-23,'603928,兴业股份,34.33,34.35,33.0,34.35,31.23,3.1,9.9264,59.6178,30047372,1021419254.0,6920928000.0,1730232000.0
2016-12-22,'603928,兴业股份,31.23,31.23,31.23,31.23,28.39,2.84,10.0035,0.2093,105503,3294859.0,6295968000.0,1573992000.0
2016-12-21,'603928,兴业股份,28.39,28.39,28.39,28.39,25.81,2.58,9.9961,0.0776,39096,1109935.0,5723424000.0,1430856000.0
2016-12-20,'603928,兴业股份,25.81,25.81,25.81,25.81,23.46,2.35,10.0171,0.0857,43177,1114398.0,5203296000.0,1300824000.0
2016-12-19,'603928,兴业股份,23.46,23.46,23.46,23.46,21.33,2.13,9.9859,0.0742,37400,877404.0,4729536000.0,1182384000.0
2016-12-16,'603928,兴业股份,21.33,21.33,21.33,21.33,19.39,1.94,10.0052,0.0706,35566,758623.0,4300128000.0,1075032000.0
2016-12-15,'603928,兴业股份,19.39,19.39,19.39,19.39,17.63,1.76,9.983,0.0149,7500,145425.0,3909024000.0,977256000.0
2016-12-14,'603928,兴业股份,17.63,17.63,17.63,17.63,16.03,1.6,9.9813,0.0206,10400,183352.0,3554208000.0,888552000.0
2016-12-13,'603928,兴业股份,16.03,16.03,16.03,16.03,14.57,1.46,10.0206,0.0308,15500,248465.0,3231648000.0,807912000.0
2016-12-12,'603928,N兴业,14.57,14.57,12.14,12.14,10.12,4.45,43.9723,0.0457,23015,335086.0,2937312000.0,734328000.0
