日期,股票代码,名称,收盘价,最高价,最低价,开盘价,前收盘,涨跌额,涨跌幅,换手率,成交量,成交金额,总市值,流通市值
2017-05-15,'603968,醋化股份,22.96,23.34,22.81,23.1,22.89,0.07,0.3058,0.9972,1362134,31245302.0,4694860800.0,3136336000.0
2017-05-12,'603968,醋化股份,22.89,23.13,22.7,22.95,22.91,-0.02,-0.0873,0.8055,1100280,25177248.0,4680547200.0,3126774000.0
2017-05-11,'603968,醋化股份,22.91,23.0,22.22,22.39,22.59,0.32,1.4166,1.2189,1665077,37731732.0,4684636800.0,3129506000.0
2017-05-10,'603968,醋化股份,22.59,23.37,22.55,22.8,22.97,-0.38,-1.6543,1.581,2159624,49650350.0,4619203200.0,3085794000.0
2017-05-09,'603968,醋化股份,22.97,23.16,22.41,22.46,22.52,0.45,1.9982,1.6279,2223771,50569022.0,4696905600.0,3137702000.0
2017-05-08,'603968,醋化股份,22.52,23.15,22.4,23.0,23.17,-0.65,-2.8054,2.5258,3450229,78270172.0,4604889600.0,3076232000.0
2017-05-05,'603968,醋化股份,23.17,24.3,23.09,24.2,24.12,-0.95,-3.9386,2.7267,3724604,88465764.0,4737801600.0,3165022000.0
2017-05-04,'603968,醋化股份,24.12,24.5,23.92,24.48,24.59,-0.47,-1.9113,2.8586,3904823,94440352.0,4932057600.0,3294792000.0
2017-05-03,'603968,醋化股份,24.59,24.99,24.35,24.8,24.82,-0.23,-0.9267,3.452,4715479,115992815.0,5028163200.0,3358994000.0
2017-05-02,'603968,醋化股份,24.82,24.88,24.1,24.33,24.52,0.3,1.2235,3.3263,4543700,111702712.0,5075193600.0,3390412000.0
2017-04-28,'603968,醋化股份,24.52,25.1,24.43,24.45,24.45,0.07,0.2863,6.2149,8489598,210000448.0,5013849600.0,3349432000.0
2017-04-27,'603968,醋化股份,24.45,24.61,23.5,23.78,23.93,0.52,2.173,3.6731,5017409,121198807.0,4999536000.0,3339870000.0
2017-04-26,'603968,醋化股份,23.93,24.9,23.89,24.09,24.25,-0.32,-1.3196,3.8605,5273507,128091193.0,4893206400.0,3268838000.0
2017-04-25,'603968,醋化股份,24.25,24.58,23.5,24.35,24.31,-0.06,-0.2468,4.4737,6111134,146275390.0,4958640000.0,3312550000.0
2017-04-24,'603968,醋化股份,24.31,24.99,23.55,23.8,23.91,0.4,1.6729,4.773,6519952,158614571.0,4970908800.0,3320746000.0
2017-04-21,'603968,醋化股份,23.91,24.2,23.5,24.12,23.89,0.02,0.0837,2.9198,3988480,94811129.0,4889116800.0,3266106000.0
2017-04-20,'603968,醋化股份,23.89,24.58,23.0,23.81,23.87,0.02,0.0838,4.7823,6532584,155273357.0,4885027200.0,3263374000.0
2017-04-19,'603968,醋化股份,23.87,23.96,22.03,22.03,22.15,1.72,7.7652,4.9971,6825995,156799553.0,4880937600.0,3260642000.0
2017-04-18,'603968,醋化股份,22.15,23.0,21.95,22.81,22.82,-0.67,-2.936,2.4476,3343459,74790441.0,4529232000.0,3025690000.0
2017-04-17,'603968,醋化股份,22.82,23.3,22.65,23.18,23.0,-0.18,-0.7826,1.3325,1820157,41848980.0,4666233600.0,3117212000.0
2017-04-14,'603968,醋化股份,23.0,23.89,22.93,23.85,23.84,-0.84,-3.5235,1.9489,2662131,61839835.0,4703040000.0,3141800000.0
2017-04-13,'603968,醋化股份,23.84,24.07,23.58,23.6,23.75,0.09,0.3789,0.7506,1025310,24499226.0,4874803200.0,3256544000.0
2017-04-12,'603968,醋化股份,23.75,24.15,23.68,24.15,24.11,-0.36,-1.4932,0.8304,1134325,27034367.0,4856400000.0,3244250000.0
2017-04-11,'603968,醋化股份,24.11,24.16,23.51,23.58,23.58,0.53,2.2477,1.5963,2180609,51990136.0,4930012800.0,3293426000.0
2017-04-10,'603968,醋化股份,23.58,24.24,23.41,24.24,24.1,-0.52,-2.1577,1.6844,2300879,54544043.0,4821638400.0,3221028000.0
2017-04-07,'603968,醋化股份,24.1,24.28,24.05,24.28,24.15,-0.05,-0.207,0.9131,1247359,30123700.0,4927968000.0,3292060000.0
2017-04-06,'603968,醋化股份,24.15,24.24,23.9,24.03,24.18,-0.03,-0.1241,1.0346,1413232,34021731.0,4938192000.0,3298890000.0
2017-04-05,'603968,醋化股份,24.18,24.57,23.4,23.4,23.82,0.36,1.5113,1.5816,2160464,52160074.0,4944326400.0,3302988000.0
2017-03-31,'603968,醋化股份,23.82,24.48,23.5,24.25,24.46,-0.64,-2.6165,1.9757,2698828,64931513.0,4870713600.0,3253812000.0
2017-03-30,'603968,醋化股份,24.46,25.34,24.05,25.34,25.21,-0.75,-2.975,2.7109,3703117,90770496.0,5001580800.0,3341236000.0
2017-03-29,'603968,醋化股份,25.21,25.8,25.09,25.18,25.21,0.0,0.0,2.4302,3319681,84360669.0,5154940800.0,3443686000.0
2017-03-28,'603968,醋化股份,25.21,25.43,25.01,25.37,25.32,-0.11,-0.4344,2.499,3413689,86163329.0,5154940800.0,3443686000.0
2017-03-27,'603968,醋化股份,25.32,25.47,24.7,24.7,24.68,0.64,2.5932,3.4621,4729269,118903456.0,5177433600.0,3458712000.0
2017-03-24,'603968,醋化股份,24.68,24.73,24.46,24.69,24.61,0.07,0.2844,1.3346,1823022,44873909.0,5046566400.0,3371288000.0
2017-03-23,'603968,醋化股份,24.61,24.95,24.3,24.93,24.93,-0.32,-1.2836,1.8248,2492640,61389007.0,5032252800.0,3361726000.0
2017-03-22,'603968,醋化股份,24.93,25.04,24.66,24.81,24.99,-0.06,-0.2401,1.7548,2397075,59529839.0,5097686400.0,3405438000.0
2017-03-21,'603968,醋化股份,24.99,25.19,24.75,24.84,24.97,0.02,0.0801,3.1548,4309512,107444328.0,5109955200.0,3413634000.0
2017-03-20,'603968,醋化股份,24.97,24.99,24.05,24.11,24.11,0.86,3.567,3.8288,5230165,129343696.0,5105865600.0,3410902000.0
2017-03-17,'603968,醋化股份,24.11,24.59,24.04,24.42,24.42,-0.31,-1.2695,1.3441,1835981,44840244.0,4930012800.0,3293426000.0
2017-03-16,'603968,醋化股份,24.42,24.5,24.07,24.07,24.07,0.35,1.4541,1.3623,1860966,45353210.0,4993401600.0,3335772000.0
2017-03-15,'603968,醋化股份,24.07,24.23,24.0,24.11,24.18,-0.11,-0.4549,0.7045,962296,23175846.0,4921833600.0,3287962000.0
2017-03-14,'603968,醋化股份,24.18,24.45,24.06,24.28,24.28,-0.1,-0.4119,0.962,1314039,31929709.0,4944326400.0,3302988000.0
2017-03-13,'603968,醋化股份,24.28,24.31,23.8,24.13,24.09,0.19,0.7887,1.0117,1382025,33367686.0,4964774400.0,3316648000.0
2017-03-10,'603968,醋化股份,24.09,24.23,24.0,24.07,24.13,-0.04,-0.1658,0.892,1218484,29366675.0,4925923200.0,3290694000.0
2017-03-09,'603968,醋化股份,24.13,24.41,24.07,24.41,24.42,-0.29,-1.1876,1.2846,1754797,42371495.0,4934102400.0,3296158000.0
2017-03-08,'603968,醋化股份,24.42,24.82,24.35,24.82,24.76,-0.34,-1.3732,1.3454,1837882,45028734.0,4993401600.0,3335772000.0
2017-03-07,'603968,醋化股份,24.76,24.8,24.54,24.55,24.69,0.07,0.2835,1.3719,1873950,46280272.0,5062924800.0,3382216000.0
2017-03-06,'603968,醋化股份,24.69,24.73,24.3,24.46,24.45,0.24,0.9816,1.5868,2167524,53214261.0,5048611200.0,3372654000.0
2017-03-03,'603968,醋化股份,24.45,24.58,24.07,24.19,24.14,0.31,1.2842,1.2627,1724881,42025980.0,4999536000.0,3339870000.0
2017-03-02,'603968,醋化股份,24.14,24.68,24.11,24.45,24.43,-0.29,-1.1871,0.9871,1348345,32888467.0,4936147200.0,3297524000.0
2017-03-01,'603968,醋化股份,24.43,24.58,24.38,24.58,24.48,-0.05,-0.2042,1.1074,1512741,36988040.0,4995446400.0,3337138000.0
2017-02-28,'603968,醋化股份,24.48,24.72,24.36,24.62,24.7,-0.22,-0.8907,1.1669,1593931,39020674.0,5005670400.0,3343968000.0
2017-02-27,'603968,醋化股份,24.7,25.37,24.64,25.05,24.75,-0.05,-0.202,1.6503,2254269,56226989.0,5050656000.0,3374020000.0
2017-02-24,'603968,醋化股份,24.75,24.95,24.52,24.68,24.74,0.01,0.0404,0.8262,1128620,27855634.0,5060880000.0,3380850000.0
2017-02-23,'603968,醋化股份,24.74,25.19,24.56,24.98,25.01,-0.27,-1.0796,1.1203,1530276,37873076.0,5058835200.0,3379484000.0
2017-02-22,'603968,醋化股份,25.01,25.07,24.71,24.94,24.89,0.12,0.4821,1.0318,1409410,35090468.0,5114044800.0,3416366000.0
2017-02-21,'603968,醋化股份,24.89,25.09,24.36,24.46,24.46,0.43,1.758,1.6032,2189965,54381556.0,5089507200.0,3399974000.0
2017-02-20,'603968,醋化股份,24.46,24.48,24.05,24.25,24.28,0.18,0.7414,1.0934,1493575,36309006.0,5001580800.0,3341236000.0
2017-02-17,'603968,醋化股份,24.28,24.8,24.17,24.65,24.65,-0.37,-1.501,1.0759,1469666,35966020.0,4964774400.0,3316648000.0
2017-02-16,'603968,醋化股份,24.65,24.97,24.55,24.86,24.86,-0.21,-0.8447,0.8203,1120468,27687999.0,5040432000.0,3367190000.0
2017-02-15,'603968,醋化股份,24.86,25.24,24.37,24.5,24.58,0.28,1.1391,2.394,3270212,81403032.0,5083372800.0,3395876000.0
2017-02-14,'603968,醋化股份,24.58,24.63,24.02,24.38,24.39,0.19,0.779,1.2601,1721262,41909159.0,5026118400.0,3357628000.0
2017-02-13,'603968,醋化股份,24.39,24.49,24.17,24.28,24.28,0.11,0.453,0.6194,846045,20591830.0,4987267200.0,3331674000.0
2017-02-10,'603968,醋化股份,24.28,24.62,24.15,24.29,24.38,-0.1,-0.4102,0.858,1172060,28485954.0,4964774400.0,3316648000.0
2017-02-09,'603968,醋化股份,24.38,24.5,24.02,24.1,24.1,0.28,1.1618,1.0251,1400331,33907342.0,4985222400.0,3330308000.0
2017-02-08,'603968,醋化股份,24.1,24.25,23.51,23.85,23.86,0.24,1.0059,1.1161,1524599,36632391.0,4927968000.0,3292060000.0
2017-02-07,'603968,醋化股份,23.86,23.9,23.48,23.58,23.58,0.28,1.1874,0.8605,1175467,27840816.0,4878892800.0,3259276000.0
2017-02-06,'603968,醋化股份,23.58,23.76,23.16,23.35,23.18,0.4,1.7256,0.8988,1227765,28862561.0,4821638400.0,3221028000.0
2017-02-03,'603968,醋化股份,23.18,23.48,23.11,23.47,23.36,-0.18,-0.7705,0.5183,707971,16472967.0,4739846400.0,3166388000.0
2017-01-26,'603968,醋化股份,23.36,23.39,23.23,23.23,23.23,0.13,0.5596,0.5952,813022,18946217.0,4776652800.0,3190976000.0
2017-01-25,'603968,醋化股份,23.23,23.37,22.95,23.2,23.26,-0.03,-0.129,0.6634,906198,20993591.0,4750070400.0,3173218000.0
2017-01-24,'603968,醋化股份,23.26,23.57,23.17,23.57,23.54,-0.28,-1.1895,0.6648,908063,21124363.0,4756204800.0,3177316000.0
2017-01-23,'603968,醋化股份,23.54,23.8,23.04,23.2,23.19,0.35,1.5093,1.0028,1369815,32264466.0,4813459200.0,3215564000.0
2017-01-20,'603968,醋化股份,23.19,23.46,22.81,22.96,22.88,0.31,1.3549,0.6819,931533,21678172.0,4741891200.0,3167754000.0
2017-01-19,'603968,醋化股份,22.88,23.05,22.72,22.72,22.9,-0.02,-0.0873,0.781,1066850,24432200.0,4678502400.0,3125408000.0
2017-01-18,'603968,醋化股份,22.9,22.97,22.61,22.95,22.99,-0.09,-0.3915,0.5842,798034,18231931.0,4682592000.0,3128140000.0
2017-01-17,'603968,醋化股份,22.99,23.19,21.8,23.1,23.06,-0.07,-0.3036,1.682,2297594,51916167.0,4700995200.0,3140434000.0
2017-01-16,'603968,醋化股份,23.06,24.3,22.43,24.3,24.16,-1.1,-4.553,1.5418,2106079,49195788.0,4715308800.0,3149996000.0
2017-01-13,'603968,醋化股份,24.16,24.96,24.15,24.72,24.87,-0.71,-2.8548,1.0064,1374700,33735984.0,4940236800.0,3300256000.0
2017-01-12,'603968,醋化股份,24.87,25.47,24.67,25.12,25.3,-0.43,-1.6996,1.1807,1612785,40409038.0,5085417600.0,3397242000.0
2017-01-11,'603968,醋化股份,25.3,25.99,25.26,25.69,25.71,-0.41,-1.5947,1.3612,1859400,47502418.0,5173344000.0,3455980000.0
2017-01-10,'603968,醋化股份,25.71,25.83,24.9,24.9,25.03,0.68,2.7167,2.6026,3555114,90785953.0,5257180800.0,3511986000.0
2017-01-09,'603968,醋化股份,25.03,25.29,24.81,25.03,25.14,-0.11,-0.4375,0.9526,1301235,32529379.0,5118134400.0,3419098000.0
2017-01-06,'603968,醋化股份,25.14,25.37,25.08,25.2,25.23,-0.09,-0.3567,0.8222,1123174,28265814.0,5140627200.0,3434124000.0
2017-01-05,'603968,醋化股份,25.23,25.55,25.12,25.24,25.24,-0.01,-0.0396,1.3015,1777836,45033632.0,5159030400.0,3446418000.0
2017-01-04,'603968,醋化股份,25.24,25.35,24.96,25.19,25.25,-0.01,-0.0396,1.5543,2123112,53511324.0,5161075200.0,3447784000.0
2017-01-03,'603968,醋化股份,25.25,25.35,24.15,24.26,24.26,0.99,4.0808,2.9813,4072512,101676643.0,5163120000.0,3449150000.0
2016-12-30,'603968,醋化股份,24.26,24.34,24.09,24.14,24.07,0.19,0.7894,0.949,1296315,31400196.0,4960684800.0,3313916000.0
2016-12-29,'603968,醋化股份,24.07,24.37,24.05,24.16,24.15,-0.08,-0.3313,0.6841,934526,22623967.0,4921833600.0,3287962000.0
2016-12-28,'603968,醋化股份,24.15,24.42,24.12,24.32,24.31,-0.16,-0.6582,0.5813,794100,19258338.0,4938192000.0,3298890000.0
2016-12-27,'603968,醋化股份,24.31,24.5,24.13,24.31,24.38,-0.07,-0.2871,1.0351,1413883,34384063.0,4970908800.0,3320746000.0
2016-12-26,'603968,醋化股份,24.38,24.39,23.6,23.88,24.09,0.29,1.2038,1.3866,1894085,45386559.0,4985222400.0,3330308000.0
2016-12-23,'603968,醋化股份,24.09,24.31,23.88,24.15,24.23,-0.14,-0.5778,1.1659,1592671,38298328.0,4925923200.0,3290694000.0
2016-12-22,'603968,醋化股份,24.23,24.35,24.03,24.15,24.32,-0.09,-0.3701,0.8479,1158210,28032251.0,4954550400.0,3309818000.0
2016-12-21,'603968,醋化股份,24.32,24.49,24.14,24.14,24.14,0.18,0.7457,0.9355,1277865,31119833.0,4972953600.0,3322112000.0
2016-12-20,'603968,醋化股份,24.14,24.28,24.0,24.2,24.13,0.01,0.0414,0.7691,1050532,25377893.0,4936147200.0,3297524000.0
2016-12-19,'603968,醋化股份,24.13,24.25,23.71,24.04,23.97,0.16,0.6675,0.8811,1203523,28910783.0,4934102400.0,3296158000.0
2016-12-16,'603968,醋化股份,23.97,24.17,23.77,24.04,23.8,0.17,0.7143,0.7987,1091068,26173457.0,4901385600.0,3274302000.0
2016-12-15,'603968,醋化股份,23.8,24.22,23.58,23.59,23.69,0.11,0.4643,1.2333,1684736,40333697.0,4866624000.0,3251080000.0
2016-12-14,'603968,醋化股份,23.69,24.0,23.56,24.0,24.02,-0.33,-1.3739,1.1036,1507467,35855302.0,4844131200.0,3236054000.0
2016-12-13,'603968,醋化股份,24.02,24.06,23.5,23.61,23.59,0.43,1.8228,1.488,2032650,48320524.0,4911609600.0,3281132000.0
2016-12-12,'603968,醋化股份,23.59,25.69,23.37,25.69,25.59,-2.0,-7.8156,2.9316,4004600,98276585.0,4823683200.0,3222394000.0
2016-12-09,'603968,醋化股份,25.59,25.8,25.5,25.55,25.57,0.02,0.0782,1.0537,1439345,36876932.0,5232643200.0,3495594000.0
2016-12-08,'603968,醋化股份,25.57,25.91,25.51,25.88,25.92,-0.35,-1.3503,0.9706,1325891,34094017.0,5228553600.0,3492862000.0
2016-12-07,'603968,醋化股份,25.92,26.05,25.68,25.73,25.81,0.11,0.4262,1.5118,2065092,53499572.0,5300121600.0,3540672000.0
2016-12-06,'603968,醋化股份,25.81,25.95,25.55,25.55,25.36,0.45,1.7744,1.8356,2507486,64629809.0,5277628800.0,3525646000.0
2016-12-05,'603968,醋化股份,25.36,25.5,25.0,25.13,25.36,0.0,0.0,1.0705,1462300,37044997.0,5185612800.0,3464176000.0
2016-12-02,'603968,醋化股份,25.36,25.95,25.27,25.71,25.8,-0.44,-1.7054,2.2033,3009727,76980681.0,5185612800.0,3464176000.0
2016-12-01,'603968,醋化股份,25.8,25.8,25.42,25.48,25.62,0.18,0.7026,1.5321,2092908,53764412.0,5275584000.0,3524280000.0
2016-11-30,'603968,醋化股份,25.62,25.95,25.47,25.81,25.81,-0.19,-0.7361,2.1016,2870761,73732528.0,5238777600.0,3499692000.0
2016-11-29,'603968,醋化股份,25.81,26.4,25.8,26.26,26.42,-0.61,-2.3089,3.2097,4384424,114115010.0,5277628800.0,3525646000.0
2016-11-28,'603968,醋化股份,26.42,26.58,26.08,26.4,26.46,-0.04,-0.1512,2.9049,3968095,104293180.0,5402361600.0,3608972000.0
2016-11-25,'603968,醋化股份,26.46,27.27,26.0,27.15,27.14,-0.68,-2.5055,4.7331,6465369,170463620.0,5410540800.0,3614436000.0
2016-11-24,'603968,醋化股份,27.14,27.44,26.8,26.8,26.99,0.15,0.5558,2.7247,3721892,101075300.0,5549587200.0,3707324000.0
2016-11-23,'603968,醋化股份,26.99,27.64,26.9,27.37,27.4,-0.41,-1.4964,3.5641,4868596,132867907.0,5518915200.0,3686834000.0
2016-11-22,'603968,醋化股份,27.4,27.98,27.25,27.56,27.44,-0.04,-0.1458,4.5654,6236270,172363211.0,5602752000.0,3742840000.0
2016-11-21,'603968,醋化股份,27.44,27.52,26.84,26.9,26.94,0.5,1.856,5.6824,7762198,211583463.0,5610931200.0,3748304000.0
2016-11-18,'603968,醋化股份,26.94,27.15,26.67,26.78,26.68,0.26,0.9745,2.5868,3533542,95229330.0,5508691200.0,3680004000.0
2016-11-17,'603968,醋化股份,26.68,26.85,26.37,26.74,26.9,-0.22,-0.8178,2.3579,3220906,85615350.0,5455526400.0,3644488000.0
2016-11-16,'603968,醋化股份,26.9,27.49,26.86,27.25,27.25,-0.35,-1.2844,3.2204,4399045,119282566.0,5500512000.0,3674540000.0
2016-11-15,'603968,醋化股份,27.25,27.26,26.75,27.01,27.09,0.16,0.5906,2.6547,3626316,97971883.0,5572080000.0,3722350000.0
2016-11-14,'603968,醋化股份,27.09,27.3,26.67,27.0,27.16,-0.07,-0.2577,3.8151,5211371,140695418.0,5539363200.0,3700494000.0
2016-11-11,'603968,醋化股份,27.16,27.62,27.06,27.56,27.44,-0.28,-1.0204,4.6322,6327547,172590087.0,5553676800.0,3710056000.0
2016-11-10,'603968,醋化股份,27.44,27.5,26.38,26.38,26.23,1.21,4.613,7.0386,9614673,259260960.0,5610931200.0,3748304000.0
2016-11-09,'603968,醋化股份,26.23,26.74,25.87,26.74,26.74,-0.51,-1.9073,3.4799,4753491,124728775.0,5363510400.0,3583018000.0
2016-11-08,'603968,醋化股份,26.74,26.97,26.4,26.88,26.74,0.0,0.0,3.1373,4285620,113971374.0,5467795200.0,3652684000.0
2016-11-07,'603968,醋化股份,26.74,27.11,26.38,26.4,26.4,0.34,1.2879,4.5765,6251541,167180959.0,5467795200.0,3652684000.0
2016-11-04,'603968,醋化股份,26.4,26.96,26.29,26.29,26.29,0.11,0.4184,4.8388,6609846,176202240.0,5398272000.0,3606240000.0
2016-11-03,'603968,醋化股份,26.29,26.53,25.87,25.93,26.05,0.24,0.9213,4.7715,6517837,171353159.0,5375779200.0,3591214000.0
2016-11-02,'603968,醋化股份,26.05,26.35,25.91,26.2,26.32,-0.27,-1.0258,3.7504,5123054,133785559.0,5326704000.0,3558430000.0
2016-11-01,'603968,醋化股份,26.32,26.6,25.0,25.03,24.96,1.36,5.4487,8.177,11169820,288757653.0,5381913600.0,3595312000.0
2016-10-31,'603968,醋化股份,24.96,25.11,24.79,25.1,25.06,-0.1,-0.399,1.5536,2122174,52827488.0,5103820800.0,3409536000.0
2016-10-28,'603968,醋化股份,25.06,25.27,24.95,25.08,25.08,-0.02,-0.0797,1.7458,2384748,59842457.0,5124268800.0,3423196000.0
2016-10-27,'603968,醋化股份,25.08,25.2,24.95,25.02,25.09,-0.01,-0.0399,1.9636,2682284,67301015.0,5128358400.0,3425928000.0
2016-10-26,'603968,醋化股份,25.09,25.7,24.85,25.65,25.78,-0.69,-2.6765,4.7378,6471895,162663045.0,5130403200.0,3427294000.0
2016-10-25,'603968,醋化股份,25.78,25.88,25.4,25.5,25.5,0.28,1.098,2.4869,3397166,87200298.0,5271494400.0,3521548000.0
2016-10-24,'603968,醋化股份,25.5,25.66,25.16,25.5,25.51,-0.01,-0.0392,2.7136,3706778,94325490.0,5214240000.0,3483300000.0
2016-10-21,'603968,醋化股份,25.51,26.19,25.3,26.19,26.15,-0.64,-2.4474,3.2928,4497916,115331989.0,5216284800.0,3484666000.0
2016-10-20,'603968,醋化股份,26.15,26.25,25.95,26.07,26.08,0.07,0.2684,1.8478,2524148,65773395.0,5347152000.0,3572090000.0
2016-10-19,'603968,醋化股份,26.08,26.47,26.05,26.47,26.41,-0.33,-1.2495,2.392,3267453,85559331.0,5332838400.0,3562528000.0
2016-10-18,'603968,醋化股份,26.41,26.46,26.05,26.18,26.12,0.29,1.1103,2.1422,2926261,76816747.0,5400316800.0,3607606000.0
2016-10-17,'603968,醋化股份,26.12,26.6,26.0,26.18,26.09,0.03,0.115,2.874,3925851,103622972.0,5341017600.0,3567992000.0
2016-10-14,'603968,醋化股份,26.09,26.35,26.0,26.2,26.3,-0.21,-0.7985,1.6317,2228847,58184261.0,5334883200.0,3563894000.0
2016-10-13,'603968,醋化股份,26.3,26.61,26.2,26.5,26.49,-0.19,-0.7173,2.5148,3435247,90679425.0,5377824000.0,3592580000.0
2016-10-12,'603968,醋化股份,26.49,26.57,26.07,26.2,26.37,0.12,0.4551,2.8669,3916119,103070456.0,5416675200.0,3618534000.0
2016-10-11,'603968,醋化股份,26.37,26.38,25.87,26.05,26.44,-0.07,-0.2648,4.1812,5711482,148877667.0,5392137600.0,3602142000.0
2016-10-10,'603968,醋化股份,26.44,26.59,25.97,25.97,25.81,0.63,2.4409,3.9488,5393998,142250530.0,5406451200.0,3611704000.0
2016-09-30,'603968,醋化股份,25.81,25.84,25.4,25.44,25.47,0.34,1.3349,2.5129,3432660,88151032.0,5277628800.0,3525646000.0
2016-09-29,'603968,醋化股份,25.47,25.78,25.37,25.37,25.57,-0.1,-0.3911,2.4256,3313327,84745523.0,5208105600.0,3479202000.0
2016-09-28,'603968,醋化股份,25.57,25.71,24.87,25.2,25.21,0.36,1.428,3.0421,4155499,105098576.0,5228553600.0,3492862000.0
2016-09-27,'603968,醋化股份,25.21,25.47,24.71,25.29,25.38,-0.17,-0.6698,2.8123,3841637,96064811.0,5154940800.0,3443686000.0
2016-09-26,'603968,醋化股份,25.38,25.84,24.76,24.84,24.85,0.53,2.1328,4.8153,6577758,167454412.0,5189702400.0,3466908000.0
2016-09-23,'603968,醋化股份,24.85,25.44,24.84,25.22,25.2,-0.35,-1.3889,1.4856,2029391,50783146.0,5081328000.0,3394510000.0
2016-09-22,'603968,醋化股份,25.2,25.5,25.15,25.26,25.13,0.07,0.2786,1.7801,2431641,61588198.0,5152896000.0,3442320000.0
2016-09-21,'603968,醋化股份,25.13,25.26,24.96,25.1,25.08,0.05,0.1994,1.4924,2038639,51268584.0,5138582400.0,3432758000.0
2016-09-20,'603968,醋化股份,25.08,25.33,24.95,25.28,25.22,-0.14,-0.5551,1.2899,1761951,44265816.0,5128358400.0,3425928000.0
2016-09-19,'603968,醋化股份,25.22,25.28,24.89,24.99,25.05,0.17,0.6786,1.4933,2039873,51340536.0,5156985600.0,3445052000.0
2016-09-14,'603968,醋化股份,25.05,25.16,24.4,24.81,24.96,0.09,0.3606,2.8585,3904779,96790928.0,5122224000.0,3421830000.0
2016-09-13,'603968,醋化股份,24.96,25.25,24.68,24.9,24.75,0.21,0.8485,2.1121,2885119,71926009.0,5103820800.0,3409536000.0
2016-09-12,'603968,醋化股份,24.75,26.2,24.7,25.9,26.4,-1.65,-6.25,4.2469,5801203,147436543.0,5060880000.0,3380850000.0
2016-09-09,'603968,醋化股份,26.4,26.64,26.2,26.56,26.64,-0.24,-0.9009,2.9553,4036882,106555021.0,5398272000.0,3606240000.0
2016-09-08,'603968,醋化股份,26.64,26.68,26.27,26.42,26.37,0.27,1.0239,2.8384,3877300,102649061.0,5447347200.0,3639024000.0
2016-09-07,'603968,醋化股份,26.37,26.7,26.28,26.44,26.43,-0.06,-0.227,3.6441,4977805,131453294.0,5392137600.0,3602142000.0
2016-09-06,'603968,醋化股份,26.43,26.48,25.98,26.11,26.09,0.34,1.3032,3.5202,4808627,126207131.0,5404406400.0,3610338000.0
2016-09-05,'603968,醋化股份,26.09,26.19,25.9,26.0,25.91,0.18,0.6947,2.2611,3088695,80482607.0,5334883200.0,3563894000.0
2016-09-02,'603968,醋化股份,25.91,26.3,25.72,25.93,26.12,-0.21,-0.804,3.2953,4501430,116895618.0,5298076800.0,3539306000.0
2016-09-01,'603968,醋化股份,26.12,26.96,26.09,26.64,26.84,-0.72,-2.6826,4.6221,6313836,167563741.0,5341017600.0,3567992000.0
2016-08-31,'603968,醋化股份,26.84,27.45,26.65,27.45,27.54,-0.7,-2.5418,5.1824,7079176,190256352.0,5488243200.0,3666344000.0
2016-08-30,'603968,醋化股份,27.54,27.86,27.21,27.3,27.3,0.24,0.8791,3.6733,5017791,138680017.0,5631379200.0,3761964000.0
2016-08-29,'603968,醋化股份,27.3,27.57,27.2,27.34,27.55,-0.25,-0.9074,2.1932,2995881,81914659.0,5582304000.0,3729180000.0
2016-08-26,'603968,醋化股份,27.55,28.2,27.2,27.2,27.8,-0.25,-0.8993,4.1506,5669754,157334143.0,5633424000.0,3763330000.0
2016-08-25,'603968,醋化股份,27.8,27.98,27.08,27.1,27.03,0.77,2.8487,6.3012,8607382,237833056.0,5684544000.0,3797480000.0
2016-08-24,'603968,醋化股份,27.03,27.18,26.9,27.15,27.0,0.03,0.1111,2.8939,3953032,106878247.0,5527094400.0,3692298000.0
2016-08-23,'603968,醋化股份,27.0,27.18,26.53,26.76,26.84,0.16,0.5961,3.7792,5162420,139038758.0,5520960000.0,3688200000.0
2016-08-22,'603968,醋化股份,26.84,27.83,26.72,27.81,27.75,-0.91,-3.2793,5.2603,7185619,195577368.0,5488243200.0,3666344000.0
2016-08-19,'603968,醋化股份,27.75,28.46,27.61,28.0,28.12,-0.37,-1.3158,5.4348,7423891,207104335.0,5674320000.0,3790650000.0
2016-08-18,'603968,醋化股份,28.12,28.78,28.01,28.78,28.58,-0.46,-1.6095,3.6255,4952414,139862514.0,5749977600.0,3841192000.0
2016-08-17,'603968,醋化股份,28.58,28.65,27.8,28.6,28.39,0.19,0.6692,5.8276,7960541,225448851.0,5844038400.0,3904028000.0
2016-08-16,'603968,醋化股份,28.39,28.76,27.81,27.81,27.91,0.48,1.7198,5.4994,7512231,213448358.0,5805187200.0,3878074000.0
2016-08-15,'603968,醋化股份,27.91,28.2,27.25,27.49,27.73,0.18,0.6491,5.7656,7875772,219239495.0,5707036800.0,3812506000.0
2016-08-12,'603968,醋化股份,27.73,27.78,27.2,27.51,27.8,-0.07,-0.2518,5.4012,7378033,203025256.0,5670230400.0,3787918000.0
2016-08-11,'603968,醋化股份,27.8,29.14,27.58,29.14,29.41,-1.61,-5.4743,8.4758,11577941,326116600.0,5684544000.0,3797480000.0
2016-08-10,'603968,醋化股份,29.41,30.1,28.66,28.98,29.04,0.37,1.2741,7.8575,10733286,315073979.0,6013756800.0,4017406000.0
2016-08-09,'603968,醋化股份,29.04,29.08,28.31,28.7,29.14,-0.1,-0.3432,6.1684,8426052,241617608.0,5938099200.0,3966864000.0
2016-08-08,'603968,醋化股份,29.14,29.21,27.77,28.71,28.68,0.46,1.6039,7.5143,10264490,292209686.0,5958547200.0,3980524000.0
2016-08-05,'603968,醋化股份,28.68,30.75,28.53,30.0,30.25,-1.57,-5.1901,12.8844,17600088,518876870.0,5864486400.0,3917688000.0
2016-08-04,'603968,醋化股份,30.25,30.89,29.36,30.0,30.54,-0.29,-0.9496,10.1854,13913215,419247503.0,6185520000.0,4132150000.0
2016-08-03,'603968,醋化股份,30.54,30.88,29.18,30.55,30.83,-0.29,-0.9406,11.813,16136561,483689102.0,6244819200.0,4171764000.0
2016-08-02,'603968,醋化股份,30.83,31.45,29.8,30.9,30.79,0.04,0.1299,7.7646,10606382,324380467.0,6304118400.0,4211378000.0
2016-08-01,'603968,醋化股份,30.79,32.99,30.47,32.98,32.08,-1.29,-4.0212,12.7784,17455333,549822733.0,6295939200.0,4205914000.0
2016-07-29,'603968,醋化股份,32.08,32.08,29.89,30.5,29.16,2.92,10.0137,15.9591,21800144,678163641.0,6559718400.0,4382128000.0
2016-07-28,'603968,醋化股份,29.16,30.25,29.0,29.98,28.92,0.24,0.8299,23.5811,32211778,953080536.0,5962636800.0,3983256000.0
2016-07-27,'603968,醋化股份,28.92,28.92,26.3,26.39,26.29,2.63,10.0038,24.3508,33263239,953687632.0,5913561600.0,3950472000.0
2016-07-26,'603968,醋化股份,26.29,26.32,25.8,26.1,25.97,0.32,1.2322,2.533,3460079,90115444.0,5375779200.0,3591214000.0
2016-07-25,'603968,醋化股份,25.97,28.0,25.8,27.21,27.72,-1.75,-6.3131,5.4295,7416647,196267561.0,5310345600.0,3547502000.0
2016-07-22,'603968,醋化股份,27.72,29.0,27.49,28.1,28.11,-0.39,-1.3874,2.9118,3977488,111948198.0,5668185600.0,3786552000.0
2016-07-21,'603968,醋化股份,28.11,28.4,27.38,27.85,27.62,0.49,1.7741,2.922,3991432,111333589.0,5747932800.0,3839826000.0
2016-07-20,'603968,醋化股份,27.62,28.3,27.6,28.15,28.15,-0.53,-1.8828,2.4369,3328794,92678487.0,5647737600.0,3772892000.0
2016-07-19,'603968,醋化股份,28.15,28.4,27.28,28.25,28.06,0.09,0.3207,4.3483,5939844,166037718.0,5756112000.0,3845290000.0
2016-07-18,'603968,醋化股份,28.06,28.4,26.18,26.38,26.17,1.89,7.222,7.5167,10267816,284784800.0,5737708800.0,3832996000.0
2016-07-15,'603968,醋化股份,26.17,26.42,25.8,26.01,25.83,0.34,1.3163,3.2064,4379921,114713158.0,5351241600.0,3574822000.0
2016-07-14,'603968,醋化股份,25.83,26.82,25.66,26.65,26.67,-0.84,-3.1496,4.3869,5992517,156260470.0,5281718400.0,3528378000.0
2016-07-13,'603968,醋化股份,26.67,27.19,26.58,26.79,26.94,-0.27,-1.0022,3.3207,4536090,121676387.0,5453481600.0,3643122000.0
2016-07-12,'603968,醋化股份,26.94,27.0,25.6,26.05,26.07,0.87,3.3372,4.7603,6502600,170678905.0,5508691200.0,3680004000.0
2016-07-11,'603968,醋化股份,26.07,27.06,25.95,26.25,26.25,-0.18,-0.6857,4.8187,6582310,174246882.0,5330793600.0,3561162000.0
2016-07-08,'603968,醋化股份,26.25,27.4,26.0,27.3,27.37,-1.12,-4.0921,6.0296,8236473,219343301.0,5367600000.0,3585750000.0
2016-07-07,'603968,醋化股份,27.37,28.19,26.98,26.98,26.82,0.55,2.0507,6.5517,8949666,246724763.0,5596617600.0,3738742000.0
2016-07-06,'603968,醋化股份,26.82,27.68,26.62,27.5,27.42,-0.6,-2.1882,6.2156,8490546,230357398.0,5484153600.0,3663612000.0
2016-07-05,'603968,醋化股份,27.42,28.27,26.05,26.66,25.7,1.72,6.6926,15.1293,20666577,573944471.0,5606841600.0,3745572000.0
2016-07-04,'603968,醋化股份,25.7,26.45,24.5,24.7,24.71,0.99,4.0065,9.1103,12444663,318209030.0,5255136000.0,3510620000.0
2016-07-01,'603968,醋化股份,24.71,24.83,23.28,23.3,23.19,1.52,6.5545,11.9834,16369331,397858358.0,5052700800.0,3375386000.0
2016-06-30,'603968,醋化股份,23.19,23.48,23.06,23.21,23.32,-0.13,-0.5575,2.7156,3709553,86125369.0,4741891200.0,3167754000.0
2016-06-29,'603968,醋化股份,23.32,23.39,22.73,22.79,22.81,0.51,2.2359,4.6364,6333382,145991206.0,4768473600.0,3185512000.0
2016-06-28,'603968,醋化股份,22.81,22.83,22.19,22.65,22.7,0.11,0.4846,3.5709,4877880,109687342.0,4664188800.0,3115846000.0
2016-06-27,'603968,醋化股份,22.7,22.87,21.86,21.86,22.27,0.43,1.9308,2.9384,4013878,90293546.0,4641696000.0,3100820000.0
2016-06-24,'603968,醋化股份,22.27,22.97,21.61,22.87,22.85,-0.58,-2.5383,2.7059,3696264,82709410.0,4553769600.0,3042082000.0
2016-06-23,'603968,醋化股份,22.85,23.5,22.61,23.2,23.49,-0.64,-2.7246,2.6127,3568888,81870032.0,4672368000.0,3121310000.0
2016-06-22,'603968,醋化股份,23.49,23.65,23.02,23.37,23.37,0.12,0.5135,2.3643,3229598,75201579.0,4803235200.0,3208734000.0
2016-06-21,'603968,醋化股份,23.37,24.09,23.0,24.08,24.1,-0.73,-3.029,2.9979,4095166,96590770.0,4778697600.0,3192342000.0
2016-06-20,'603968,醋化股份,24.1,24.18,22.1,22.2,22.24,1.86,8.3633,5.5298,7553727,175344692.0,4927968000.0,3292060000.0
2016-06-17,'603968,醋化股份,22.24,22.69,21.98,21.98,22.08,0.16,0.7246,1.8985,2593365,57981815.0,4547635200.0,3037984000.0
2016-06-16,'603968,醋化股份,22.08,22.54,21.85,21.86,22.0,0.08,0.3636,1.915,2615861,58147194.0,4514918400.0,3016128000.0
2016-06-15,'603968,醋化股份,22.0,22.25,20.89,20.9,21.27,0.73,3.4321,2.5215,3444370,75044761.0,4498560000.0,3005200000.0
2016-06-14,'603968,醋化股份,21.27,22.0,20.88,21.29,21.83,-0.56,-2.5653,3.3393,4561513,97033059.0,4349289600.0,2905482000.0
2016-06-13,'603968,醋化股份,21.83,23.89,21.83,23.7,24.25,-2.42,-9.9794,2.626,3587153,82391549.0,4463798400.0,2981978000.0
2016-06-08,'603968,醋化股份,24.25,24.48,23.8,24.28,24.18,0.07,0.2895,2.0002,2732240,66132152.0,4958640000.0,3312550000.0
2016-06-07,'603968,醋化股份,24.18,24.5,23.81,24.3,24.38,-0.2,-0.8203,2.2443,3065684,73703895.0,4944326400.0,3302988000.0
2016-06-06,'603968,醋化股份,24.38,24.8,23.8,23.81,23.68,0.7,2.9561,3.7793,5162548,125348243.0,4985222400.0,3330308000.0
2016-06-03,'603968,醋化股份,23.68,23.7,22.89,23.35,23.34,0.34,1.4567,3.8718,5288922,123089006.0,4842086400.0,3234688000.0
2016-06-02,'603968,醋化股份,23.34,23.65,22.75,23.57,23.23,0.11,0.4735,2.2593,3086218,71527337.0,4772563200.0,3188244000.0
2016-06-01,'603968,醋化股份,23.23,23.65,23.01,23.16,23.26,-0.03,-0.129,2.5647,3503416,82000185.0,4750070400.0,3173218000.0
2016-05-31,'603968,醋化股份,23.26,23.79,21.51,21.82,21.66,1.6,7.3869,3.2559,4447614,101072657.0,4756204800.0,3177316000.0
2016-05-30,'603968,醋化股份,21.66,22.19,21.58,22.19,22.31,-0.65,-2.9135,1.5215,2078358,45336270.0,4429036800.0,2958756000.0
2016-05-27,'603968,醋化股份,22.31,22.46,21.88,22.31,22.29,0.02,0.0897,1.4611,1995814,44312507.0,4561948800.0,3047546000.0
2016-05-26,'603968,醋化股份,22.29,22.64,21.5,22.45,22.64,-0.35,-1.5459,1.7895,2444398,53731081.0,4557859200.0,3044814000.0
2016-05-25,'603968,醋化股份,22.64,23.27,22.32,22.99,22.88,-0.24,-1.049,1.3702,1871725,42486947.0,4629427200.0,3092624000.0
2016-05-24,'603968,醋化股份,22.88,23.19,22.6,22.8,22.99,-0.11,-0.4785,1.7457,2384669,54759438.0,4678502400.0,3125408000.0
2016-05-23,'603968,醋化股份,22.99,23.07,21.99,22.15,21.99,1.0,4.5475,2.2716,3103002,70505744.0,4700995200.0,3140434000.0
2016-05-20,'603968,醋化股份,21.99,22.35,21.03,22.35,22.78,-0.79,-3.468,2.664,3639068,78749857.0,4496515200.0,3003834000.0
2016-05-19,'603968,醋化股份,22.78,23.33,22.46,22.7,22.81,-0.03,-0.1315,1.7543,2396337,54667251.0,4658054400.0,3111748000.0
2016-05-18,'603968,醋化股份,22.81,24.47,22.41,23.91,24.9,-2.09,-8.3936,2.3131,3159738,72473780.0,4664188800.0,3115846000.0
2016-05-17,'603968,醋化股份,24.9,25.49,24.81,25.47,25.16,-0.26,-1.0334,4.7596,2433088,61090586.0,5091552000.0,1272888000.0
2016-05-16,'603968,醋化股份,25.16,25.28,24.3,24.5,24.64,0.52,2.1104,2.4916,1273682,31681384.0,5144716800.0,1286179200.0
2016-05-13,'603968,醋化股份,24.64,25.67,24.51,25.01,25.38,-0.74,-2.9157,3.0222,1544932,38741111.0,5038387200.0,1259596800.0
2016-05-12,'603968,醋化股份,25.38,25.54,23.63,25.0,25.55,-0.17,-0.6654,6.2416,3190710,78421531.0,5189702400.0,1297425600.0
2016-05-11,'603968,醋化股份,25.55,26.67,25.0,26.45,26.45,-0.9,-3.4026,5.1842,2650170,68131476.0,5224464000.0,1306116000.0
2016-05-10,'603968,醋化股份,26.45,26.94,25.54,25.55,25.94,0.51,1.9661,5.4081,2764611,73153255.0,5408496000.0,1352124000.0
2016-05-09,'603968,醋化股份,25.94,28.4,25.9,28.3,28.71,-2.77,-9.6482,10.0326,5128651,137225294.0,5304211200.0,1326052800.0
2016-05-06,'603968,醋化股份,28.71,30.3,28.2,30.3,30.16,-1.45,-4.8077,10.5722,5404492,157083891.0,5870620800.0,1467655200.0
2016-05-05,'603968,XD醋化股,30.16,30.9,29.62,30.5,30.97,-0.81,-2.6154,8.0264,4103102,123561364.0,6167116800.0,1541779200.0
2016-05-04,'603968,醋化股份,31.17,31.61,29.5,29.8,29.31,1.86,6.346,12.0583,6164225,190781305.0,6373641600.0,1593410400.0
2016-05-03,'603968,醋化股份,29.31,30.13,28.18,28.81,29.04,0.27,0.9298,8.3375,4262116,125218087.0,5993308800.0,1498327200.0
2016-04-29,'603968,醋化股份,29.04,29.38,28.01,28.38,28.69,0.35,1.2199,6.3289,3235346,93533754.0,5938099200.0,1484524800.0
2016-04-28,'603968,醋化股份,28.69,29.79,28.0,29.7,29.75,-1.06,-3.563,10.4184,5325896,153385397.0,5866531200.0,1466632800.0
2016-04-27,'603968,醋化股份,29.75,31.27,28.8,30.09,28.53,1.22,4.2762,14.6515,7489834,224851499.0,6083280000.0,1520820000.0
2016-04-26,'603968,醋化股份,28.53,28.75,27.65,27.76,28.05,0.48,1.7112,8.5554,4373526,124472506.0,5833814400.0,1458453600.0
2016-04-25,'603968,醋化股份,28.05,29.59,28.0,28.01,28.7,-0.65,-2.2648,10.0005,5112233,146690421.0,5735664000.0,1433916000.0
2016-04-22,'603968,醋化股份,28.7,29.49,28.5,28.8,29.66,-0.96,-3.2367,11.5767,5918004,171183650.0,5868576000.0,1467144000.0
2016-04-21,'603968,醋化股份,29.66,30.5,27.81,28.59,29.14,0.52,1.7845,26.3565,13473441,392378695.0,6064876800.0,1516219200.0
2016-04-20,'603968,醋化股份,29.14,29.14,26.41,26.55,26.49,2.65,10.0038,27.5632,14090298,403168818.0,5958547200.0,1489636800.0
2016-04-19,'603968,醋化股份,26.49,26.98,26.3,26.89,26.66,-0.17,-0.6377,4.3128,2204685,58415347.0,5416675200.0,1354168800.0
2016-04-18,'603968,醋化股份,26.66,27.51,26.62,27.36,27.77,-1.11,-3.9971,5.7863,2957962,79545648.0,5451436800.0,1362859200.0
2016-04-15,'603968,醋化股份,27.77,28.14,26.64,27.6,27.67,0.1,0.3614,9.7534,4985946,136113461.0,5678409600.0,1419602400.0
2016-04-14,'603968,醋化股份,27.67,28.15,27.1,28.08,27.79,-0.12,-0.4318,6.664,3406635,94582051.0,5657961600.0,1414490400.0
2016-04-13,'603968,醋化股份,27.79,27.85,26.61,27.65,27.3,0.49,1.7949,11.2414,5746621,157864733.0,5682499200.0,1420624800.0
2016-04-12,'603968,醋化股份,27.3,27.57,26.22,26.4,26.51,0.79,2.98,11.3943,5824754,157975791.0,5582304000.0,1395576000.0
2016-04-11,'603968,醋化股份,26.51,27.62,26.33,26.33,25.54,0.97,3.798,12.1572,6214747,167531511.0,5420764800.0,1355191200.0
2016-04-08,'603968,醋化股份,25.54,25.68,24.18,24.65,25.1,0.44,1.753,7.8871,4031894,100065333.0,5222419200.0,1305604800.0
2016-04-07,'603968,醋化股份,25.1,27.6,25.02,25.7,25.74,-0.64,-2.4864,8.7045,4449763,115781810.0,5132448000.0,1283112000.0
2016-04-06,'603968,醋化股份,25.74,26.15,25.4,26.15,25.89,-0.15,-0.5794,9.2354,4721141,121059655.0,5263315200.0,1315828800.0
2016-04-05,'603968,醋化股份,25.89,26.12,24.05,24.13,24.06,1.83,7.606,13.136,6715113,169423852.0,5293987200.0,1323496800.0
2016-04-01,'603968,醋化股份,24.06,24.35,23.57,24.0,24.11,-0.05,-0.2074,4.9811,2546320,60935250.0,4919788800.0,1229947200.0
2016-03-31,'603968,醋化股份,24.11,24.6,23.88,24.0,24.33,-0.22,-0.9042,7.7021,3937328,95597534.0,4930012800.0,1232503200.0
2016-03-30,'603968,醋化股份,24.33,24.5,23.64,23.64,23.46,0.87,3.7084,10.0463,5135654,124122689.0,4974998400.0,1243749600.0
2016-03-29,'603968,醋化股份,23.46,23.65,22.66,22.93,23.01,0.45,1.9557,6.2468,3193378,74173762.0,4797100800.0,1199275200.0
2016-03-28,'603968,醋化股份,23.01,23.74,22.83,23.3,23.18,-0.17,-0.7334,4.8009,2454234,57508449.0,4705084800.0,1176271200.0
2016-03-25,'603968,醋化股份,23.18,23.33,22.63,22.63,22.88,0.3,1.3112,3.1133,1591543,36676241.0,4739846400.0,1184961600.0
2016-03-24,'603968,醋化股份,22.88,23.73,22.83,23.53,23.75,-0.87,-3.6632,7.596,3883074,90378624.0,4678502400.0,1169625600.0
2016-03-23,'603968,醋化股份,23.75,23.99,23.06,23.19,23.18,0.57,2.459,8.0586,4119554,96969910.0,4856400000.0,1214100000.0
2016-03-22,'603968,醋化股份,23.18,23.75,22.88,23.5,23.65,-0.47,-1.9873,9.0403,4621392,107598954.0,4739846400.0,1184961600.0
2016-03-21,'603968,醋化股份,23.65,23.94,22.9,23.29,22.83,0.82,3.5918,10.8617,5552497,129718708.0,4835952000.0,1208988000.0
2016-03-18,'603968,醋化股份,22.83,22.93,21.43,21.68,21.44,1.39,6.4832,8.2797,4232585,93941352.0,4668278400.0,1167069600.0
2016-03-17,'603968,醋化股份,21.44,21.78,20.71,20.77,20.74,0.7,3.3751,4.7484,2427400,51644433.0,4384051200.0,1096012800.0
2016-03-16,'603968,醋化股份,20.74,21.58,20.53,21.56,21.29,-0.55,-2.5834,3.3884,1732149,36295344.0,4240915200.0,1060228800.0
2016-03-15,'603968,醋化股份,21.29,21.96,21.17,21.66,21.97,-0.68,-3.0951,4.4262,2262669,48550376.0,4353379200.0,1088344800.0
2016-03-14,'603968,醋化股份,21.97,22.2,20.85,20.85,20.74,1.23,5.9306,6.8836,3518896,76623578.0,4492425600.0,1123106400.0
2016-03-11,'603968,醋化股份,20.74,21.49,20.3,21.49,21.07,-0.33,-1.5662,4.0849,2088200,43164055.0,4240915200.0,1060228800.0
2016-03-10,'603968,醋化股份,21.07,21.8,20.82,21.73,21.58,-0.51,-2.3633,5.7156,2921821,62038635.0,4308393600.0,1077098400.0
2016-03-09,'603968,醋化股份,21.58,22.75,21.53,22.75,23.92,-2.34,-9.7826,11.5622,5910622,130671046.0,4412678400.0,1103169600.0
2016-03-08,'603968,醋化股份,23.92,25.28,23.47,24.22,24.2,-0.28,-1.157,23.4072,11965753,293884780.0,4891161600.0,1222790400.0
2016-03-07,'603968,醋化股份,24.2,24.4,22.21,22.22,22.18,2.02,9.1073,16.1915,8277118,195958049.0,4948416000.0,1237104000.0
2016-03-04,'603968,醋化股份,22.18,22.83,21.0,21.1,21.29,0.89,4.1804,9.9635,5093328,112120762.0,4535366400.0,1133841600.0
2016-03-03,'603968,醋化股份,21.29,21.9,20.29,20.3,20.34,0.95,4.6706,6.5912,3369446,71694041.0,4353379200.0,1088344800.0
2016-03-02,'603968,醋化股份,20.34,20.5,19.48,19.55,19.55,0.79,4.0409,3.2682,1670687,33395375.0,4159123200.0,1039780800.0
2016-03-01,'603968,醋化股份,19.55,19.82,18.7,19.52,19.23,0.32,1.6641,2.934,1499860,29088689.0,3997584000.0,999396000.0
2016-02-29,'603968,醋化股份,19.23,20.98,18.87,20.7,20.7,-1.47,-7.1014,2.9606,1513450,29568701.0,3932150400.0,983037600.0
2016-02-26,'603968,醋化股份,20.7,21.7,20.2,21.2,21.27,-0.57,-2.6798,2.8599,1462005,30697176.0,4232736000.0,1058184000.0
2016-02-25,'603968,醋化股份,21.27,23.66,21.27,23.6,23.63,-2.36,-9.9873,4.6496,2376873,53150998.0,4349289600.0,1087322400.0
2016-02-24,'603968,醋化股份,23.63,23.69,23.15,23.5,23.59,0.04,0.1696,3.422,1749303,40950396.0,4831862400.0,1207965600.0
2016-02-23,'603968,醋化股份,23.59,23.97,23.13,23.8,23.7,-0.11,-0.4641,4.1984,2146204,50492043.0,4823683200.0,1205920800.0
2016-02-22,'603968,醋化股份,23.7,23.95,23.02,23.02,22.83,0.87,3.8108,6.024,3079462,72559206.0,4846176000.0,1211544000.0
2016-02-19,'603968,醋化股份,22.83,22.88,22.58,22.75,22.75,0.08,0.3516,2.2447,1147479,26103640.0,4668278400.0,1167069600.0
2016-02-18,'603968,醋化股份,22.75,23.44,22.65,23.4,23.06,-0.31,-1.3443,3.1181,1593993,36620534.0,4651920000.0,1162980000.0
2016-02-17,'603968,醋化股份,23.06,23.2,22.6,22.72,22.88,0.18,0.7867,3.0036,1535427,35194507.0,4715308800.0,1178827200.0
2016-02-16,'603968,醋化股份,22.88,23.27,21.54,22.1,21.96,0.92,4.1894,4.1576,2125360,48304357.0,4678502400.0,1169625600.0
2016-02-15,'603968,醋化股份,21.96,22.38,21.18,21.6,22.38,-0.42,-1.8767,1.8494,945396,20536985.0,4490380800.0,1122595200.0
2016-02-05,'603968,醋化股份,22.38,23.8,22.04,22.27,22.16,0.22,0.9928,2.9581,1512171,34420649.0,4576262400.0,1144065600.0
2016-02-04,'603968,醋化股份,22.16,22.25,21.34,21.4,21.57,0.59,2.7353,2.9294,1497490,32948115.0,4531276800.0,1132819200.0
2016-02-03,'603968,醋化股份,21.57,21.63,21.0,21.0,21.32,0.25,1.1726,1.4894,761394,16216755.0,4410633600.0,1102658400.0
2016-02-02,'603968,醋化股份,21.32,21.49,20.56,20.68,20.68,0.64,3.0948,2.1004,1073721,22828940.0,4359513600.0,1089878400.0
2016-02-01,'603968,醋化股份,20.68,20.99,20.4,20.7,20.75,-0.07,-0.3373,1.6689,853150,17717094.0,4228646400.0,1057161600.0
2016-01-29,'603968,醋化股份,20.75,20.99,19.97,20.15,20.1,0.65,3.2338,2.2164,1133023,23423161.0,4242960000.0,1060740000.0
2016-01-28,'603968,醋化股份,20.1,21.59,20.0,21.31,21.74,-1.64,-7.5437,2.2309,1140426,23794788.0,4110048000.0,1027512000.0
2016-01-27,'603968,醋化股份,21.74,22.02,19.91,21.19,21.09,0.65,3.082,5.2896,2704044,56317927.0,4445395200.0,1111348800.0
2016-01-26,'603968,醋化股份,21.09,23.24,21.09,22.92,23.43,-2.34,-9.9872,3.6853,1883942,41759365.0,4312483200.0,1078120800.0
2016-01-25,'603968,醋化股份,23.43,23.83,23.2,23.5,23.36,0.07,0.2997,2.5794,1318614,31030864.0,4790966400.0,1197741600.0
2016-01-22,'603968,醋化股份,23.36,23.58,22.71,23.58,23.02,0.34,1.477,1.9928,1018712,23607680.0,4776652800.0,1194163200.0
2016-01-21,'603968,醋化股份,23.02,24.23,23.0,23.65,24.18,-1.16,-4.7974,3.2248,1648500,39003755.0,4707129600.0,1176782400.0
2016-01-20,'603968,醋化股份,24.18,24.99,23.78,24.6,24.86,-0.68,-2.7353,4.8097,2458704,60124587.0,4944326400.0,1236081600.0
2016-01-19,'603968,醋化股份,24.86,25.1,22.92,23.2,23.19,1.67,7.2014,6.9908,3573701,85533295.0,5083372800.0,1270843200.0
2016-01-18,'603968,醋化股份,23.19,23.26,22.2,22.23,22.5,0.69,3.0667,3.4583,1767878,40440075.0,4741891200.0,1185472800.0
2016-01-15,'603968,醋化股份,22.5,23.69,22.1,23.35,23.75,-1.25,-5.2632,3.7062,1894593,43358131.0,4600800000.0,1150200000.0
2016-01-14,'603968,醋化股份,23.75,23.97,22.0,22.48,22.89,0.86,3.7571,4.7506,2428498,55174154.0,4856400000.0,1214100000.0
2016-01-13,'603968,醋化股份,22.89,24.61,22.82,24.18,24.13,-1.24,-5.1388,3.8902,1988666,47255687.0,4680547200.0,1170136800.0
2016-01-12,'603968,醋化股份,24.13,24.49,23.43,23.99,23.8,0.33,1.3866,3.5791,1829641,43893541.0,4934102400.0,1233525600.0
2016-01-11,'603968,醋化股份,23.8,24.97,23.2,23.5,24.26,-0.46,-1.8961,5.5184,2820992,68747351.0,4866624000.0,1216656000.0
2016-01-08,'603968,醋化股份,24.26,25.01,23.05,24.6,24.06,0.2,0.8313,4.6737,2389210,58303484.0,4960684800.0,1240171200.0
2016-01-07,'603968,醋化股份,24.06,26.3,24.04,26.3,26.71,-2.65,-9.9214,1.2591,643648,16032595.0,4919788800.0,1229947200.0
2016-01-06,'603968,醋化股份,26.71,26.86,26.02,26.22,26.16,0.55,2.1024,3.9203,2004040,53029710.0,5461660800.0,1365415200.0
2016-01-05,'603968,醋化股份,26.16,26.88,25.03,25.51,26.71,-0.55,-2.0592,6.7924,3472260,90233052.0,5349196800.0,1337299200.0
2016-01-04,'603968,醋化股份,26.71,29.55,26.65,29.35,29.53,-2.82,-9.5496,4.6196,2361541,66033130.0,5461660800.0,1365415200.0
2015-12-31,'603968,醋化股份,29.53,30.4,29.5,30.28,30.12,-0.59,-1.9588,4.4743,2287275,68367132.0,6038294400.0,1509573600.0
2015-12-30,'603968,醋化股份,30.12,30.28,29.61,29.62,29.62,0.5,1.688,6.2107,3174917,94908638.0,6158937600.0,1539734400.0
2015-12-29,'603968,醋化股份,29.62,29.65,28.65,29.05,29.14,0.48,1.6472,4.8969,2503305,72849217.0,6056697600.0,1514174400.0
2015-12-28,'603968,醋化股份,29.14,30.78,29.11,30.2,30.13,-0.99,-3.2858,8.7802,4488460,135055196.0,5958547200.0,1489636800.0
2015-12-25,'603968,醋化股份,30.13,30.33,29.22,29.22,29.26,0.87,2.9733,6.8808,3517458,105184219.0,6160982400.0,1540245600.0
2015-12-24,'603968,醋化股份,29.26,30.01,28.83,29.7,29.85,-0.59,-1.9765,5.3192,2719194,79737891.0,5983084800.0,1495771200.0
2015-12-23,'603968,醋化股份,29.85,30.44,29.75,29.96,29.85,0.0,0.0,6.6115,3379794,101541678.0,6103728000.0,1525932000.0
2015-12-22,'603968,醋化股份,29.85,30.1,29.1,29.9,29.87,-0.02,-0.067,5.8639,2997621,88594919.0,6103728000.0,1525932000.0
2015-12-21,'603968,醋化股份,29.87,30.39,29.58,29.58,29.57,0.3,1.0145,5.9924,3063315,91858572.0,6107817600.0,1526954400.0
2015-12-18,'603968,醋化股份,29.57,30.3,29.39,30.3,30.43,-0.86,-2.8262,7.1855,3673211,109360590.0,6046473600.0,1511618400.0
2015-12-17,'603968,醋化股份,30.43,30.59,29.7,29.81,29.77,0.66,2.217,10.9476,5596408,169253891.0,6222326400.0,1555581600.0
2015-12-16,'603968,醋化股份,29.77,30.35,28.3,28.3,28.2,1.57,5.5674,11.3873,5821205,170383807.0,6087369600.0,1521842400.0
2015-12-15,'603968,醋化股份,28.2,28.65,27.88,28.12,28.07,0.13,0.4631,4.1905,2142164,60580200.0,5766336000.0,1441584000.0
2015-12-14,'603968,醋化股份,28.07,28.08,26.96,27.02,27.34,0.73,2.6701,3.6792,1880806,51745403.0,5739753600.0,1434938400.0
2015-12-11,'603968,醋化股份,27.34,28.03,27.11,28.03,28.12,-0.78,-2.7738,4.4809,2290644,63053879.0,5590483200.0,1397620800.0
2015-12-10,'603968,醋化股份,28.12,28.22,27.6,27.86,27.7,0.42,1.5162,5.4839,2803388,78620021.0,5749977600.0,1437494400.0
2015-12-09,'603968,醋化股份,27.7,28.19,27.51,27.9,28.09,-0.39,-1.3884,4.9147,2512409,69963484.0,5664096000.0,1416024000.0
2015-12-08,'603968,醋化股份,28.09,28.97,27.9,28.89,28.89,-0.8,-2.7691,5.9544,3043876,86037230.0,5743843200.0,1435960800.0
2015-12-07,'603968,醋化股份,28.89,29.26,28.51,29.14,28.96,-0.07,-0.2417,6.3423,3242194,93676717.0,5907427200.0,1476856800.0
2015-12-04,'603968,醋化股份,28.96,29.93,28.6,29.1,29.19,-0.23,-0.7879,8.619,4406031,128828402.0,5921740800.0,1480435200.0
2015-12-03,'603968,醋化股份,29.19,29.2,28.18,28.5,28.03,1.16,4.1384,7.6387,3904897,112722731.0,5968771200.0,1492192800.0
2015-12-02,'603968,醋化股份,28.03,28.65,26.8,28.43,28.49,-0.46,-1.6146,5.5979,2861623,79632861.0,5731574400.0,1432893600.0
2015-12-01,'603968,醋化股份,28.49,29.19,27.37,28.9,28.89,-0.4,-1.3846,9.1478,4676350,133310342.0,5825635200.0,1456408800.0
2015-11-30,'603968,醋化股份,28.89,28.96,26.5,28.22,28.18,0.71,2.5195,11.124,5686579,157885956.0,5907427200.0,1476856800.0
2015-11-27,'603968,醋化股份,28.18,31.4,28.08,30.71,31.2,-3.02,-9.6795,11.6626,5961908,176146225.0,5762246400.0,1440561600.0
2015-11-26,'603968,醋化股份,31.2,32.5,31.05,31.91,31.86,-0.66,-2.0716,11.1251,5687174,181205900.0,6379776000.0,1594944000.0
2015-11-25,'603968,醋化股份,31.86,32.18,31.17,31.97,32.0,-0.14,-0.4375,10.7368,5488643,173496948.0,6514732800.0,1628683200.0
2015-11-24,'603968,醋化股份,32.0,32.15,30.5,30.87,30.72,1.28,4.1667,11.3805,5817720,182700387.0,6543360000.0,1635840000.0
2015-11-23,'603968,醋化股份,30.72,31.45,29.63,30.13,30.21,0.51,1.6882,11.6365,5948558,182740708.0,6281625600.0,1570406400.0
2015-11-20,'603968,醋化股份,30.21,30.45,29.46,29.85,29.89,0.32,1.0706,10.7444,5492528,164289319.0,6177340800.0,1544335200.0
2015-11-19,'603968,醋化股份,29.89,30.04,28.88,29.15,28.96,0.93,3.2113,9.405,4807817,141362270.0,6111907200.0,1527976800.0
2015-11-18,'603968,醋化股份,28.96,30.46,28.7,29.9,30.26,-1.3,-4.2961,10.2458,5237634,154316251.0,5921740800.0,1480435200.0
2015-11-17,'603968,醋化股份,30.26,32.23,30.08,31.42,31.31,-1.05,-3.3536,11.5789,5919126,185109492.0,6187564800.0,1546891200.0
2015-11-16,'603968,醋化股份,31.31,31.33,29.58,30.01,31.33,-0.02,-0.0638,11.3331,5793464,176846899.0,6402268800.0,1600567200.0
2015-11-13,'603968,醋化股份,31.33,35.3,30.65,32.86,33.57,-2.24,-6.6726,21.562,11022484,361355998.0,6406358400.0,1601589600.0
2015-11-12,'603968,醋化股份,33.57,34.5,30.97,31.37,31.43,2.14,6.8088,19.3202,9876484,325686681.0,6864393600.0,1716098400.0
2015-11-11,'603968,醋化股份,31.43,31.49,29.3,29.8,29.89,1.54,5.1522,16.3376,8351806,254146718.0,6426806400.0,1606701600.0
2015-11-10,'603968,醋化股份,29.89,30.24,29.28,29.89,30.33,-0.44,-1.4507,12.6482,6465783,192784781.0,6111907200.0,1527976800.0
2015-11-09,'603968,醋化股份,30.33,31.2,28.8,28.8,29.24,1.09,3.7278,20.1579,10304743,312012052.0,6201878400.0,1550469600.0
2015-11-06,'603968,醋化股份,29.24,29.5,27.91,28.08,28.19,1.05,3.7247,14.6772,7502985,215946555.0,5978995200.0,1494748800.0
2015-11-05,'603968,醋化股份,28.19,29.78,27.8,28.8,28.8,-0.61,-2.1181,18.3113,9360730,269387959.0,5764291200.0,1441072800.0
2015-11-04,'603968,醋化股份,28.8,28.86,27.33,27.93,27.77,1.03,3.709,20.3972,10427026,293190235.0,5889024000.0,1472256000.0
2015-11-03,'603968,醋化股份,27.77,28.15,25.8,26.4,26.55,1.22,4.5951,18.9346,9679345,262494411.0,5678409600.0,1419602400.0
2015-11-02,'603968,醋化股份,26.55,27.76,25.56,26.0,26.75,-0.2,-0.7477,13.1249,6709436,179934319.0,5428944000.0,1357236000.0
2015-10-30,'603968,醋化股份,26.75,27.49,26.4,26.61,26.69,0.06,0.2248,12.6359,6459468,174428134.0,5469840000.0,1367460000.0
2015-10-29,'603968,醋化股份,26.69,27.28,26.43,26.7,27.03,-0.34,-1.2579,12.1424,6207191,166381599.0,5457571200.0,1364392800.0
2015-10-28,'603968,醋化股份,27.03,28.17,26.72,28.0,27.58,-0.55,-1.9942,25.8168,13197537,361149669.0,5527094400.0,1381773600.0
2015-10-27,'603968,醋化股份,27.58,27.58,24.68,25.01,25.07,2.51,10.012,25.5828,13077906,347970938.0,5639558400.0,1409889600.0
2015-10-26,'603968,醋化股份,25.07,25.47,24.6,25.25,24.83,0.24,0.9666,10.5269,5381329,134459122.0,5126313600.0,1281578400.0
2015-10-23,'603968,醋化股份,24.83,25.15,23.88,23.88,23.93,0.9,3.761,9.9449,5083853,124346290.0,5077238400.0,1269309600.0
2015-10-22,'603968,醋化股份,23.93,24.1,22.99,23.3,23.22,0.71,3.0577,8.7011,4448010,105157843.0,4893206400.0,1223301600.0
2015-10-21,'603968,醋化股份,23.22,25.99,23.19,25.6,25.7,-2.48,-9.6498,13.4593,6880371,169858205.0,4748025600.0,1187006400.0
2015-10-20,'603968,醋化股份,25.7,25.74,25.0,25.49,25.46,0.24,0.9427,9.4924,4852536,123433114.0,5255136000.0,1313784000.0
2015-10-19,'603968,醋化股份,25.46,26.5,25.2,26.3,26.36,-0.9,-3.4143,14.2178,7268125,186982892.0,5206060800.0,1301515200.0
2015-10-16,'603968,醋化股份,26.36,26.8,25.05,25.8,25.56,0.8,3.1299,17.1725,8778597,226242117.0,5390092800.0,1347523200.0
2015-10-15,'603968,醋化股份,25.56,25.8,23.75,23.75,24.32,1.24,5.0987,13.387,6843454,171070823.0,5226508800.0,1306627200.0
2015-10-14,'603968,醋化股份,24.32,25.25,24.2,24.8,24.99,-0.67,-2.6811,9.2727,4740212,116921377.0,4972953600.0,1243238400.0
2015-10-13,'603968,醋化股份,24.99,25.08,24.31,24.89,25.18,-0.19,-0.7546,10.6127,5425211,134312076.0,5109955200.0,1277488800.0
2015-10-12,'603968,醋化股份,25.18,25.19,23.01,23.1,22.9,2.28,9.9563,17.1686,8776601,213582229.0,5148806400.0,1287201600.0
2015-10-09,'603968,醋化股份,22.9,23.02,22.61,22.9,22.88,0.02,0.0874,6.7322,3441523,78500791.0,4682592000.0,1170648000.0
2015-10-08,'603968,醋化股份,22.88,23.47,22.51,22.88,22.08,0.8,3.6232,8.8782,4538543,104022576.0,4678502400.0,1169625600.0
2015-09-30,'603968,醋化股份,22.08,22.7,21.52,21.52,21.57,0.51,2.3644,8.014,4096744,91240332.0,4514918400.0,1128729600.0
2015-09-29,'603968,醋化股份,21.57,22.0,21.26,21.88,22.48,-0.91,-4.048,5.7859,2957734,64092305.0,4410633600.0,1102658400.0
2015-09-28,'603968,醋化股份,22.48,22.55,21.02,22.0,22.1,0.38,1.7195,6.7085,3429400,75717316.0,4596710400.0,1149177600.0
2015-09-25,'603968,醋化股份,22.1,24.36,22.1,24.35,24.56,-2.46,-10.0163,14.0581,7186487,164625512.0,4519008000.0,1129752000.0
2015-09-24,'603968,醋化股份,24.56,26.15,24.24,25.1,24.55,0.01,0.0407,12.9171,6603232,165809089.0,5022028800.0,1255507200.0
2015-09-23,'603968,醋化股份,24.55,25.13,23.5,24.0,24.43,0.12,0.4912,11.2192,5735273,139669624.0,5019984000.0,1254996000.0
2015-09-22,'603968,醋化股份,24.43,25.65,23.88,24.3,24.79,-0.36,-1.4522,13.8376,7073778,175323046.0,4995446400.0,1248861600.0
2015-09-21,'603968,XR醋化股,24.79,25.17,23.01,23.4,23.65,1.14,4.8203,5.5782,2851601,70066234.0,5069059200.0,1267264800.0
2015-09-18,'603968,醋化股份,47.3,48.25,46.01,47.59,46.93,0.37,0.7884,7.7885,1990729,93417097.0,4835952000.0,1208988000.0
2015-09-17,'603968,醋化股份,46.93,49.65,45.29,45.86,46.14,0.79,1.7122,11.9134,3045063,144038730.0,4798123200.0,1199530800.0
2015-09-16,'603968,醋化股份,46.14,46.3,42.5,42.5,42.09,4.05,9.6222,8.7569,2238272,99039545.0,4717353600.0,1179338400.0
2015-09-15,'603968,醋化股份,42.09,44.5,40.62,42.45,42.53,-0.44,-1.0346,7.8227,1999494,85085876.0,4303281600.0,1075820400.0
2015-09-14,'603968,醋化股份,42.53,48.16,42.53,48.0,47.26,-4.73,-10.0085,8.274,2114840,94513323.0,4348267200.0,1087066800.0
2015-09-11,'603968,醋化股份,47.26,47.99,46.46,46.46,46.8,0.46,0.9829,6.4597,1651097,78016616.0,4831862400.0,1207965600.0
2015-09-10,'603968,醋化股份,46.8,48.09,46.5,47.5,48.33,-1.53,-3.1657,6.1194,1564118,73728015.0,4784832000.0,1196208000.0
2015-09-09,'603968,醋化股份,48.33,49.1,46.4,46.68,46.68,1.65,3.5347,12.2294,3125827,149880366.0,4941259200.0,1235314800.0
2015-09-08,'603968,醋化股份,46.68,46.68,41.61,42.0,42.44,4.24,9.9906,11.5289,2946799,131518677.0,4772563200.0,1193140800.0
2015-09-07,'603968,醋化股份,42.44,43.58,41.5,41.8,41.04,1.4,3.4113,6.2031,1585501,67580418.0,4339065600.0,1084766400.0
2015-09-02,'603968,醋化股份,41.04,44.87,39.33,40.05,41.81,-0.77,-1.8417,7.901,2019503,85013123.0,4195929600.0,1048982400.0
2015-09-01,'603968,醋化股份,41.81,45.48,41.8,45.48,46.0,-4.19,-9.1087,7.8431,2004701,86789576.0,4274654400.0,1068663600.0
2015-08-31,'603968,醋化股份,46.0,48.7,45.9,48.24,49.24,-3.24,-6.58,8.6362,2207415,104207568.0,4703040000.0,1175760000.0
2015-08-28,'603968,醋化股份,49.24,49.47,45.38,46.5,45.85,3.39,7.3937,11.7102,2993137,140525465.0,5034297600.0,1258574400.0
2015-08-27,'603968,醋化股份,45.85,46.0,42.42,45.39,43.86,1.99,4.5372,11.0157,2815613,125698259.0,4687704000.0,1171926000.0
2015-08-26,'603968,醋化股份,43.86,46.18,42.0,43.87,41.98,1.88,4.4783,14.7773,3777068,168068563.0,4484246400.0,1121061600.0
2015-08-25,'603968,醋化股份,41.98,47.99,41.98,42.64,46.64,-4.66,-9.9914,11.8754,3035356,133235116.0,4292035200.0,1073008800.0
2015-08-24,'603968,醋化股份,46.64,50.5,46.64,49.3,51.82,-5.18,-9.9961,8.0258,2051392,96962097.0,4768473600.0,1192118400.0
2015-08-21,'603968,醋化股份,51.82,56.38,51.5,55.17,57.01,-5.19,-9.1037,10.9323,2794285,150535403.0,5298076800.0,1324519200.0
2015-08-20,'603968,醋化股份,57.01,59.49,57.0,58.9,60.22,-3.21,-5.3305,10.9648,2802604,162938576.0,5828702400.0,1457175600.0
2015-08-19,'603968,醋化股份,60.22,60.28,54.5,55.06,55.02,5.2,9.4511,16.9667,4336698,248923595.0,6156892800.0,1539223200.0
2015-08-18,'603968,醋化股份,55.02,61.6,54.5,59.4,60.56,-5.54,-9.148,17.4945,4471599,258476370.0,5625244800.0,1406311200.0
2015-08-17,'603968,醋化股份,60.56,63.11,60.15,61.6,60.63,-0.07,-0.1155,14.0706,3596433,221287961.0,6191654400.0,1547913600.0
2015-08-14,'603968,醋化股份,60.63,61.36,59.5,61.1,60.2,0.43,0.7143,13.7452,3513267,212419606.0,6198811200.0,1549702800.0
2015-08-13,'603968,醋化股份,60.2,60.88,56.56,58.4,58.39,1.81,3.0998,12.0131,3070537,178985527.0,6154848000.0,1538712000.0
2015-08-12,'603968,醋化股份,58.39,61.4,58.2,60.65,61.77,-3.38,-5.4719,15.996,4088585,243195954.0,5969793600.0,1492448400.0
2015-08-11,'603968,醋化股份,61.77,63.88,60.5,61.0,61.26,0.51,0.8325,19.5031,4984984,311175802.0,6315364800.0,1578841200.0
2015-08-10,'603968,醋化股份,61.26,62.22,58.02,58.8,58.72,2.54,4.3256,22.8862,5849703,353853848.0,6263222400.0,1565805600.0
2015-08-07,'603968,醋化股份,58.72,60.0,57.27,58.4,57.87,0.85,1.4688,15.5422,3972593,234086706.0,6003532800.0,1500883200.0
2015-08-06,'603968,醋化股份,57.87,61.28,57.2,60.0,62.72,-4.85,-7.7328,22.3464,5711746,337402205.0,5916628800.0,1479157200.0
2015-08-05,'603968,醋化股份,62.72,64.99,56.51,56.96,59.47,3.25,5.4649,36.1662,9244089,566887282.0,6412492800.0,1603123200.0
2015-08-04,'603968,醋化股份,59.47,65.0,56.03,62.47,62.26,-2.79,-4.4812,43.7523,11183081,657635354.0,6080212800.0,1520053200.0
2015-08-03,'603968,醋化股份,62.26,62.26,58.81,59.3,56.6,5.66,10.0,44.831,11458799,707123801.0,6365462400.0,1591365600.0
2015-07-31,'603968,醋化股份,56.6,56.6,53.5,54.0,51.45,5.15,10.0097,19.1405,4892322,272644449.0,5786784000.0,1446696000.0
2015-07-30,'603968,醋化股份,51.45,53.5,48.5,48.98,49.9,1.55,3.1062,19.2984,4932679,252217978.0,5260248000.0,1315062000.0
2015-07-29,'603968,醋化股份,49.9,50.1,44.8,46.6,45.62,4.28,9.3819,12.2924,3141946,147766940.0,5101776000.0,1275444000.0
2015-07-28,'603968,醋化股份,45.62,49.2,44.35,46.0,49.28,-3.66,-7.4269,15.2263,3891855,178509552.0,4664188800.0,1166047200.0
2015-07-27,'603968,醋化股份,49.28,55.79,49.28,53.23,54.76,-5.48,-10.0073,17.0556,4359403,231510367.0,5038387200.0,1259596800.0
2015-07-24,'603968,醋化股份,54.76,59.52,54.4,57.79,57.68,-2.92,-5.0624,23.6684,6049635,346441280.0,5598662400.0,1399665600.0
2015-07-23,'603968,醋化股份,57.68,57.68,51.82,52.97,52.44,5.24,9.9924,23.8563,6097663,336981933.0,5897203200.0,1474300800.0
2015-07-22,'603968,醋化股份,52.44,53.5,50.61,51.79,51.8,0.64,1.2355,12.8764,3291212,171552474.0,5361465600.0,1340366400.0
2015-07-21,'603968,醋化股份,51.8,51.95,48.1,49.5,50.21,1.59,3.1667,13.0194,3327760,168192693.0,5296032000.0,1324008000.0
2015-07-20,'603968,醋化股份,50.21,52.49,49.43,50.49,50.63,-0.42,-0.8295,11.6371,2974449,150556003.0,5133470400.0,1283367600.0
2015-07-17,'603968,醋化股份,50.63,51.68,48.2,48.2,48.05,2.58,5.3694,11.4778,2933733,146276065.0,5176411200.0,1294102800.0
2015-07-16,'603968,醋化股份,48.05,51.79,44.4,45.3,49.33,-1.28,-2.5948,11.941,3052110,145568541.0,4912632000.0,1228158000.0
2015-07-15,'603968,醋化股份,49.33,53.38,49.33,52.32,54.81,-5.48,-9.9982,11.724,2996649,150835715.0,5043499200.0,1260874800.0
2015-07-14,'603968,醋化股份,54.81,57.23,51.5,52.19,53.22,1.59,2.9876,25.1434,6426664,351460657.0,5603774400.0,1400943600.0
2015-07-13,'603968,醋化股份,53.22,53.22,50.0,53.22,48.38,4.84,10.0041,16.4615,4207558,220608181.0,5441212800.0,1360303200.0
2015-07-10,'603968,醋化股份,48.38,48.38,45.46,46.3,43.98,4.4,10.0045,8.3939,2145490,102360538.0,4946371200.0,1236592800.0
2015-07-09,'603968,醋化股份,43.98,43.98,36.5,36.5,39.98,4.0,10.005,12.9302,3304968,137725520.0,4496515200.0,1124128800.0
2015-07-08,'603968,醋化股份,39.98,39.98,39.98,39.98,44.42,-4.44,-9.9955,3.0098,769300,30756614.0,4087555200.0,1021888800.0
2015-07-07,'603968,醋化股份,44.42,47.99,44.42,47.0,49.36,-4.94,-10.0081,13.1627,3364380,152988096.0,4541500800.0,1135375200.0
2015-07-06,'603968,醋化股份,49.36,49.36,45.15,49.36,44.87,4.49,10.0067,21.9123,5600789,271958945.0,5046566400.0,1261641600.0
2015-07-03,'603968,醋化股份,44.87,49.41,43.51,46.55,47.57,-2.7,-5.6758,10.6874,2731709,126010864.0,4587508800.0,1146877200.0
2015-07-02,'603968,醋化股份,47.57,50.3,46.35,48.28,49.01,-1.44,-2.9382,11.2016,2863133,138837272.0,4863556800.0,1215889200.0
2015-07-01,'603968,醋化股份,49.01,54.54,48.97,51.4,52.39,-3.38,-6.4516,15.1258,3866159,203131121.0,5010782400.0,1252695600.0
2015-06-30,'603968,醋化股份,52.39,52.99,43.91,47.08,48.32,4.07,8.423,15.7412,4023455,194992974.0,5356353600.0,1339088400.0
2015-06-29,'603968,醋化股份,48.32,55.0,48.31,54.45,53.68,-5.36,-9.9851,13.7486,3514154,178926496.0,4940236800.0,1235059200.0
2015-06-26,'603968,醋化股份,53.68,57.82,53.68,57.7,59.64,-5.96,-9.9933,11.9485,3054044,167905330.0,5488243200.0,1372060800.0
2015-06-25,'603968,醋化股份,59.64,64.0,59.0,64.0,63.86,-4.22,-6.6082,9.9727,2549016,157467869.0,6097593600.0,1524398400.0
2015-06-24,'603968,醋化股份,63.86,66.0,61.61,65.73,64.44,-0.58,-0.9001,13.6715,3494440,223145259.0,6529046400.0,1632261600.0
2015-06-23,'603968,醋化股份,64.44,65.08,60.47,62.58,61.67,2.77,4.4916,12.3122,3147006,199205900.0,6588345600.0,1647086400.0
2015-06-19,'603968,醋化股份,61.67,69.0,61.5,65.51,68.06,-6.39,-9.3888,12.9498,3309975,214873083.0,6305140800.0,1576285200.0
2015-06-18,'603968,醋化股份,68.06,74.74,68.06,74.0,75.62,-7.56,-9.9974,17.9473,4587320,324151978.0,6958454400.0,1739613600.0
2015-06-17,'603968,醋化股份,75.62,76.8,72.0,75.03,75.41,0.21,0.2785,13.3172,3403883,252865638.0,7731388800.0,1932847200.0
2015-06-16,'603968,醋化股份,75.41,77.0,72.0,72.6,74.59,0.82,1.0993,16.2886,4163366,310912780.0,7709918400.0,1927479600.0
2015-06-15,'603968,醋化股份,74.59,80.87,74.59,77.06,82.88,-8.29,-10.0024,27.5456,7040656,536381914.0,7626081600.0,1906520400.0
2015-06-12,'603968,醋化股份,82.88,99.06,82.0,98.95,90.05,-7.17,-7.9622,43.7994,11195131,1025647213.0,8473651200.0,2118412800.0
2015-06-11,'603968,醋化股份,90.05,90.05,80.34,82.0,81.86,8.19,10.0049,22.1261,5655430,496283364.0,9206712000.0,2301678000.0
2015-06-10,'603968,醋化股份,81.86,81.86,72.52,73.9,74.42,7.44,9.9973,21.8758,5591460,438322149.0,8369366400.0,2092341600.0
2015-06-09,'603968,醋化股份,74.42,81.81,73.6,74.02,81.78,-7.36,-8.9998,30.2707,7737192,584690098.0,7608700800.0,1902175200.0
2015-06-08,'603968,醋化股份,81.78,87.76,81.78,85.03,90.87,-9.09,-10.0033,17.9943,4599343,380418080.0,8361187200.0,2090296800.0
2015-06-05,'603968,醋化股份,90.87,96.98,87.63,88.05,97.37,-6.5,-6.6756,50.827,12991392,1173633878.0,9290548800.0,2322637200.0
2015-06-04,'603968,醋化股份,97.37,97.37,82.0,97.37,88.52,8.85,9.9977,40.8578,10443243,997962569.0,9955108800.0,2488777200.0
2015-06-03,'603968,醋化股份,88.52,88.52,88.52,88.52,80.47,8.05,10.0037,0.995,254310,22511521.0,9050284800.0,2262571200.0
2015-06-02,'603968,醋化股份,80.47,80.47,80.47,80.47,73.15,7.32,10.0068,0.2312,59100,4755777.0,8227252800.0,2056813200.0
2015-06-01,'603968,醋化股份,73.15,73.15,73.15,73.15,66.5,6.65,10.0,0.1103,28200,2062830.0,7478856000.0,1869714000.0
2015-05-29,'603968,醋化股份,66.5,66.5,66.5,66.5,60.45,6.05,10.0083,0.4351,111200,7394800.0,6798960000.0,1699740000.0
2015-05-28,'603968,醋化股份,60.45,60.45,60.45,60.45,54.95,5.5,10.0091,0.1725,44100,2665845.0,6180408000.0,1545102000.0
2015-05-27,'603968,醋化股份,54.95,54.95,54.95,54.95,49.95,5.0,10.01,0.0317,8100,445095.0,5618088000.0,1404522000.0
2015-05-26,'603968,醋化股份,49.95,49.95,49.95,49.95,45.41,4.54,9.9978,0.0413,10566,527772.0,5106888000.0,1276722000.0
2015-05-25,'603968,醋化股份,45.41,45.41,45.41,45.41,41.28,4.13,10.0048,0.0325,8300,376903.0,4642718400.0,1160679600.0
2015-05-22,'603968,醋化股份,41.28,41.28,41.28,41.28,37.53,3.75,9.992,0.0176,4500,185760.0,4220467200.0,1055116800.0
2015-05-21,'603968,醋化股份,37.53,37.53,37.53,37.53,34.12,3.41,9.9941,0.0145,3700,138861.0,3837067200.0,959266800.0
2015-05-20,'603968,醋化股份,34.12,34.12,34.12,34.12,31.02,3.1,9.9936,0.0067,1700,58004.0,3488428800.0,872107200.0
2015-05-19,'603968,醋化股份,31.02,31.02,31.02,31.02,28.2,2.82,10.0,0.0313,8000,248160.0,3171484800.0,792871200.0
2015-05-18,'603968,N醋化,28.2,28.2,28.2,28.2,19.58,8.62,44.0245,0.0536,13700,386340.0,2883168000.0,720792000.0
