日期,股票代码,名称,收盘价,最高价,最低价,开盘价,前收盘,涨跌额,涨跌幅,换手率,成交量,成交金额,总市值,流通市值
2017-05-15,'603960,克来机电,49.74,51.0,48.59,51.0,50.45,-0.71,-1.4073,14.8954,2979086,147837900.0,3979200000.0,994800000.0
2017-05-12,'603960,克来机电,50.45,50.49,46.51,47.0,47.81,2.64,5.5219,25.2306,5046129,248362894.0,4036000000.0,1009000000.0
2017-05-11,'603960,克来机电,47.81,49.0,44.8,44.8,44.55,3.26,7.3176,14.7744,2954870,138241002.0,3824800000.0,956200000.0
2017-05-10,'603960,克来机电,44.55,47.9,44.2,47.9,47.97,-3.42,-7.1295,12.1702,2434038,114068047.0,3564000000.0,891000000.0
2017-05-09,'603960,克来机电,47.97,48.66,46.5,46.5,46.97,1.0,2.129,13.5827,2716549,129439570.0,3837600000.0,959400000.0
2017-05-08,'603960,克来机电,46.97,48.46,44.41,44.47,44.86,2.11,4.7035,15.0344,3006880,140597922.0,3757600000.0,939400000.0
2017-05-05,'603960,克来机电,44.86,45.83,43.82,44.11,44.67,0.19,0.4253,8.3131,1662611,74822249.0,3588800000.0,897200000.0
2017-05-04,'603960,克来机电,44.67,46.18,44.6,45.8,46.19,-1.52,-3.2908,7.0263,1405257,63782622.0,3573600000.0,893400000.0
2017-05-03,'603960,克来机电,46.19,46.76,44.5,45.92,46.03,0.16,0.3476,9.7624,1952474,89162543.0,3695200000.0,923800000.0
2017-05-02,'603960,克来机电,46.03,47.19,45.8,46.9,47.52,-1.49,-3.1355,8.6969,1739380,80679577.0,3682400000.0,920600000.0
2017-04-28,'603960,克来机电,47.52,48.79,47.5,48.1,48.41,-0.89,-1.8385,9.8002,1960046,94226421.0,3801600000.0,950400000.0
2017-04-27,'603960,克来机电,48.41,49.5,45.6,47.5,47.28,1.13,2.39,15.514,3102808,148329688.0,3872800000.0,968200000.0
2017-04-26,'603960,克来机电,47.28,47.8,45.8,45.9,46.63,0.65,1.394,10.3324,2066479,97061134.0,3782400000.0,945600000.0
2017-04-25,'603960,克来机电,46.63,47.68,45.86,46.0,46.56,0.07,0.1503,13.3762,2675241,125454397.0,3730400000.0,932600000.0
2017-04-24,'603960,克来机电,46.56,47.2,42.02,44.31,44.69,1.87,4.1844,14.7637,2952732,132746264.0,3724800000.0,931200000.0
2017-04-21,'603960,克来机电,44.69,45.7,43.6,43.81,44.05,0.64,1.4529,11.4789,2295770,102810119.0,3575200000.0,893800000.0
2017-04-20,'603960,克来机电,44.05,44.99,42.57,44.86,44.89,-0.84,-1.8712,12.6618,2532355,111162566.0,3524000000.0,881000000.0
2017-04-19,'603960,克来机电,44.89,45.0,41.19,41.19,41.69,3.2,7.6757,14.704,2940807,126963603.0,3591200000.0,897800000.0
2017-04-18,'603960,克来机电,41.69,42.55,41.54,41.99,41.69,0.0,0.0,8.6586,1731721,72845765.0,3335200000.0,833800000.0
2017-04-17,'603960,克来机电,41.69,43.7,41.69,42.39,46.32,-4.63,-9.9957,16.0193,3203863,136319845.0,3335200000.0,833800000.0
2017-04-14,'603960,克来机电,46.32,48.1,46.21,48.1,48.95,-2.63,-5.3728,14.5297,2905935,137337672.0,3705600000.0,926400000.0
2017-04-13,'603960,克来机电,48.95,52.15,48.58,49.1,49.94,-0.99,-1.9824,20.868,4173602,211351736.0,3916000000.0,979000000.0
2017-04-12,'603960,克来机电,49.94,50.88,48.01,49.0,49.8,0.14,0.2811,19.9716,3994327,198184604.0,3995200000.0,998800000.0
2017-04-11,'603960,克来机电,49.8,49.85,45.7,46.55,48.12,1.68,3.4913,23.0184,4603683,220558204.0,3984000000.0,996000000.0
2017-04-10,'603960,克来机电,48.12,52.49,48.12,52.41,53.47,-5.35,-10.0056,30.5257,6105148,305780294.0,3849600000.0,962400000.0
2017-04-07,'603960,克来机电,53.47,56.69,52.15,53.13,54.62,-1.15,-2.1055,37.7757,7555133,405405663.0,4277600000.0,1069400000.0
2017-04-06,'603960,克来机电,54.62,55.7,50.66,50.66,50.64,3.98,7.8594,51.1514,10230274,550788197.0,4369600000.0,1092400000.0
2017-04-05,'603960,克来机电,50.64,51.94,48.34,50.0,47.3,3.34,7.0613,55.9241,11184823,561004409.0,4051200000.0,1012800000.0
2017-03-31,'603960,克来机电,47.3,47.3,47.3,47.3,43.0,4.3,10.0,0.6542,130842,6188827.0,3784000000.0,946000000.0
2017-03-30,'603960,克来机电,43.0,43.0,43.0,43.0,39.09,3.91,10.0026,0.722,144400,6209200.0,3440000000.0,860000000.0
2017-03-29,'603960,克来机电,39.09,39.09,39.09,39.09,35.54,3.55,9.9887,0.1455,29100,1137519.0,3127200000.0,781800000.0
2017-03-28,'603960,克来机电,35.54,35.54,35.54,35.54,32.31,3.23,9.9969,0.072,14400,511776.0,2843200000.0,710800000.0
2017-03-27,'603960,克来机电,32.31,32.31,32.31,32.31,29.37,2.94,10.0102,0.0865,17300,558963.0,2584800000.0,646200000.0
2017-03-24,'603960,克来机电,29.37,29.37,29.37,29.37,26.7,2.67,10.0,0.1193,23852,700533.0,2349600000.0,587400000.0
2017-03-23,'603960,克来机电,26.7,26.7,26.7,26.7,24.27,2.43,10.0124,0.031,6200,165540.0,2136000000.0,534000000.0
2017-03-22,'603960,克来机电,24.27,24.27,24.27,24.27,22.06,2.21,10.0181,0.021,4200,101934.0,1941600000.0,485400000.0
2017-03-21,'603960,克来机电,22.06,22.06,22.06,22.06,20.05,2.01,10.0249,0.025,5000,110300.0,1764800000.0,441200000.0
2017-03-20,'603960,克来机电,20.05,20.05,20.05,20.05,18.23,1.82,9.9835,0.0595,11900,238595.0,1604000000.0,401000000.0
2017-03-17,'603960,克来机电,18.23,18.23,18.23,18.23,16.57,1.66,10.0181,0.0085,1700,30991.0,1458400000.0,364600000.0
2017-03-16,'603960,克来机电,16.57,16.57,16.57,16.57,15.06,1.51,10.0266,0.0015,300,4971.0,1325600000.0,331400000.0
2017-03-15,'603960,克来机电,15.06,15.06,15.06,15.06,13.69,1.37,10.0073,0.01,2000,30120.0,1204800000.0,301200000.0
2017-03-14,'603960,N克来,13.69,13.69,13.69,13.69,9.51,4.18,43.9537,0.031,6200,84878.0,1095200000.0,273800000.0
