日期,股票代码,名称,收盘价,最高价,最低价,开盘价,前收盘,涨跌额,涨跌幅,换手率,成交量,成交金额,总市值,流通市值
2017-05-15,'603966,法兰泰克,29.81,31.78,29.65,31.2,30.04,-0.23,-0.7656,18.4093,7363736,225594015.0,4769600000.0,1192400000.0
2017-05-12,'603966,法兰泰克,30.04,30.48,28.5,29.06,29.43,0.61,2.0727,17.7686,7107446,210600338.0,4806400000.0,1201600000.0
2017-05-11,'603966,法兰泰克,29.43,29.54,27.28,28.37,28.98,0.45,1.5528,15.4593,6183736,177223098.0,4708800000.0,1177200000.0
2017-05-10,'603966,法兰泰克,28.98,30.99,28.95,30.4,30.35,-1.37,-4.514,18.269,7307589,219148270.0,4636800000.0,1159200000.0
2017-05-09,'603966,法兰泰克,30.35,30.43,28.44,29.5,29.32,1.03,3.513,15.7866,6314625,186289025.0,4856000000.0,1214000000.0
2017-05-08,'603966,法兰泰克,29.32,32.73,29.05,32.03,32.12,-2.8,-8.7173,20.5475,8219006,253889164.0,4691200000.0,1172800000.0
2017-05-05,'603966,法兰泰克,32.12,35.6,31.2,34.18,34.65,-2.53,-7.3016,22.3929,8957176,304524664.0,5139200000.0,1284800000.0
2017-05-04,'603966,法兰泰克,34.65,36.28,33.02,33.64,34.65,0.0,0.0,33.6208,13448310,463407269.0,5544000000.0,1386000000.0
2017-05-03,'603966,法兰泰克,34.65,34.88,31.28,31.5,31.8,2.85,8.9623,30.2139,12085559,396331263.0,5544000000.0,1386000000.0
2017-05-02,'603966,法兰泰克,31.8,31.96,30.31,30.76,30.75,1.05,3.4146,22.7009,9080353,285183287.0,5088000000.0,1272000000.0
2017-04-28,'603966,法兰泰克,30.75,31.0,30.0,30.18,30.67,0.08,0.2608,18.1372,7254883,221364017.0,4920000000.0,1230000000.0
2017-04-27,'603966,法兰泰克,30.67,31.5,28.51,28.6,29.45,1.22,4.1426,24.6084,9843343,299334965.0,4907200000.0,1226800000.0
2017-04-26,'603966,法兰泰克,29.45,30.64,29.38,30.0,30.29,-0.84,-2.7732,18.5432,7417287,221949328.0,4712000000.0,1178000000.0
2017-04-25,'603966,法兰泰克,30.29,30.5,28.06,28.06,28.18,2.11,7.4876,20.5038,8201536,240293693.0,4846400000.0,1211600000.0
2017-04-24,'603966,法兰泰克,28.18,29.06,26.29,29.0,29.21,-1.03,-3.5262,16.0217,6408688,179715971.0,4508800000.0,1127200000.0
2017-04-21,'603966,法兰泰克,29.21,30.85,28.9,30.58,30.82,-1.61,-5.2239,20.0347,8013891,240655922.0,4673600000.0,1168400000.0
2017-04-20,'603966,法兰泰克,30.82,31.24,28.48,28.48,28.9,1.92,6.6436,30.3152,12126094,360497895.0,4931200000.0,1232800000.0
2017-04-19,'603966,法兰泰克,28.9,28.9,25.5,25.8,26.27,2.63,10.0114,22.5788,9031517,250172113.0,4624000000.0,1156000000.0
2017-04-18,'603966,法兰泰克,26.27,27.24,25.02,25.71,25.55,0.72,2.818,16.4506,6580224,172245593.0,4203200000.0,1050800000.0
2017-04-17,'603966,法兰泰克,25.55,26.9,25.45,26.88,28.28,-2.73,-9.6535,14.0923,5636938,145966043.0,4088000000.0,1022000000.0
2017-04-14,'603966,法兰泰克,28.28,29.23,28.11,28.99,29.23,-0.95,-3.2501,9.3084,3723375,106541580.0,4524800000.0,1131200000.0
2017-04-13,'603966,法兰泰克,29.23,30.07,28.82,29.15,29.14,0.09,0.3089,9.8155,3926210,115611259.0,4676800000.0,1169200000.0
2017-04-12,'603966,法兰泰克,29.14,31.23,29.0,30.95,31.43,-2.29,-7.286,16.7865,6714606,201630928.0,4662400000.0,1165600000.0
2017-04-11,'603966,法兰泰克,31.43,31.55,29.8,29.99,30.84,0.59,1.9131,17.5938,7037503,217257199.0,5028800000.0,1257200000.0
2017-04-10,'603966,法兰泰克,30.84,33.9,30.84,33.68,34.27,-3.43,-10.0088,21.7088,8683519,275532551.0,4934400000.0,1233600000.0
2017-04-07,'603966,法兰泰克,34.27,36.32,33.87,35.33,35.86,-1.59,-4.4339,21.7011,8680426,303312924.0,5483200000.0,1370800000.0
2017-04-06,'603966,法兰泰克,35.86,36.79,34.6,34.8,35.44,0.42,1.1851,23.3451,9338035,335816989.0,5737600000.0,1434400000.0
2017-04-05,'603966,法兰泰克,35.44,35.74,33.1,34.88,34.75,0.69,1.9856,21.9939,8797568,307385942.0,5670400000.0,1417600000.0
2017-03-31,'603966,法兰泰克,34.75,37.65,34.0,37.0,36.56,-1.81,-4.9508,26.823,10729184,385656337.0,5560000000.0,1390000000.0
2017-03-30,'603966,法兰泰克,36.56,39.5,36.25,38.0,40.28,-3.72,-9.2354,35.1718,14068737,531628863.0,5849600000.0,1462400000.0
2017-03-29,'603966,法兰泰克,40.28,41.99,37.21,38.53,39.81,0.47,1.1806,44.4931,17797250,702729621.0,6444800000.0,1611200000.0
2017-03-28,'603966,法兰泰克,39.81,42.96,39.1,42.52,42.1,-2.29,-5.4394,36.3728,14549117,596389309.0,6369600000.0,1592400000.0
2017-03-27,'603966,法兰泰克,42.1,44.96,40.0,43.4,42.83,-0.73,-1.7044,50.9158,20366302,861278531.0,6736000000.0,1684000000.0
2017-03-24,'603966,法兰泰克,42.83,42.83,37.88,37.88,38.94,3.89,9.9897,56.9482,22779283,942445466.0,6852800000.0,1713200000.0
2017-03-23,'603966,法兰泰克,38.94,38.94,34.61,35.33,35.4,3.54,10.0,57.4939,22997568,850000827.0,6230400000.0,1557600000.0
2017-03-22,'603966,法兰泰克,35.4,36.95,33.65,33.99,34.65,0.75,2.1645,40.9599,16383951,580247780.0,5664000000.0,1416000000.0
2017-03-21,'603966,法兰泰克,34.65,35.0,33.08,33.58,33.67,0.98,2.9106,36.0584,14423356,492850901.0,5544000000.0,1386000000.0
2017-03-20,'603966,法兰泰克,33.67,33.71,31.5,31.5,31.91,1.76,5.5155,21.8816,8752624,286511560.0,5387200000.0,1346800000.0
2017-03-17,'603966,法兰泰克,31.91,33.93,31.89,33.23,33.24,-1.33,-4.0012,27.4039,10961545,362190860.0,5105600000.0,1276400000.0
2017-03-16,'603966,法兰泰克,33.24,33.67,32.1,32.16,32.03,1.21,3.7777,26.2369,10494744,346626997.0,5318400000.0,1329600000.0
2017-03-15,'603966,法兰泰克,32.03,32.53,31.5,32.31,32.66,-0.63,-1.929,16.8031,6721229,215894157.0,5124800000.0,1281200000.0
2017-03-14,'603966,法兰泰克,32.66,32.97,31.65,31.95,32.03,0.63,1.9669,22.9354,9174161,297337227.0,5225600000.0,1306400000.0
2017-03-13,'603966,法兰泰克,32.03,32.1,30.05,30.9,31.12,0.91,2.9242,17.8758,7150301,222602785.0,5124800000.0,1281200000.0
2017-03-10,'603966,法兰泰克,31.12,32.35,30.91,32.1,31.84,-0.72,-2.2613,18.4554,7382159,233620629.0,4979200000.0,1244800000.0
2017-03-09,'603966,法兰泰克,31.84,33.53,31.78,33.52,33.99,-2.15,-6.3254,24.6426,9857050,319907379.0,5094400000.0,1273600000.0
2017-03-08,'603966,法兰泰克,33.99,34.15,32.58,33.53,33.59,0.4,1.1908,30.3953,12158137,405488916.0,5438400000.0,1359600000.0
2017-03-07,'603966,法兰泰克,33.59,33.96,31.4,31.6,31.86,1.73,5.43,38.8006,15520233,510128625.0,5374400000.0,1343600000.0
2017-03-06,'603966,法兰泰克,31.86,32.02,30.52,31.0,32.22,-0.36,-1.1173,33.2876,13315024,418611891.0,5097600000.0,1274400000.0
2017-03-03,'603966,法兰泰克,32.22,35.9,32.12,34.0,33.54,-1.32,-3.9356,59.2217,23688681,804021858.0,5155200000.0,1288800000.0
2017-03-02,'603966,法兰泰克,33.54,33.54,30.66,31.3,30.49,3.05,10.0033,44.4845,17793796,580556082.0,5366400000.0,1341600000.0
2017-03-01,'603966,法兰泰克,30.49,31.4,29.2,29.25,29.45,1.04,3.5314,34.2159,13686340,416090381.0,4878400000.0,1219600000.0
2017-02-28,'603966,法兰泰克,29.45,29.6,28.68,29.35,29.39,0.06,0.2042,17.145,6857998,199571880.0,4712000000.0,1178000000.0
2017-02-27,'603966,法兰泰克,29.39,29.76,28.88,29.33,29.84,-0.45,-1.508,19.9619,7984759,234216712.0,4702400000.0,1175600000.0
2017-02-24,'603966,法兰泰克,29.84,30.58,28.81,28.99,29.28,0.56,1.9126,33.159,13263608,393381810.0,4774400000.0,1193600000.0
2017-02-23,'603966,法兰泰克,29.28,29.56,28.28,28.51,28.28,1.0,3.5361,33.5386,13415438,389520962.0,4684800000.0,1171200000.0
2017-02-22,'603966,法兰泰克,28.28,29.3,27.33,28.56,29.05,-0.77,-2.6506,31.79,12716005,358283797.0,4524800000.0,1131200000.0
2017-02-21,'603966,法兰泰克,29.05,29.96,27.7,28.1,28.55,0.5,1.7513,34.1132,13645286,396600347.0,4648000000.0,1162000000.0
2017-02-20,'603966,法兰泰克,28.55,30.9,28.32,30.9,31.47,-2.92,-9.2787,43.352,17340807,500935480.0,4568000000.0,1142000000.0
2017-02-17,'603966,法兰泰克,31.47,33.08,30.51,33.08,30.07,1.4,4.6558,62.0885,24835417,788190621.0,5035200000.0,1258800000.0
2017-02-16,'603966,法兰泰克,30.07,30.07,30.07,30.07,27.34,2.73,9.9854,1.7116,684629,20586794.0,4811200000.0,1202800000.0
2017-02-15,'603966,法兰泰克,27.34,27.34,27.34,27.34,24.85,2.49,10.0201,0.8252,330073,9024196.0,4374400000.0,1093600000.0
2017-02-14,'603966,法兰泰克,24.85,24.85,24.85,24.85,22.59,2.26,10.0044,0.2247,89862,2233071.0,3976000000.0,994000000.0
2017-02-13,'603966,法兰泰克,22.59,22.59,22.59,22.59,20.54,2.05,9.9805,0.2319,92776,2095810.0,3614400000.0,903600000.0
2017-02-10,'603966,法兰泰克,20.54,20.54,20.54,20.54,18.67,1.87,10.0161,0.2297,91875,1887113.0,3286400000.0,821600000.0
2017-02-09,'603966,法兰泰克,18.67,18.67,18.67,18.67,16.97,1.7,10.0177,0.2027,81080,1513764.0,2987200000.0,746800000.0
2017-02-08,'603966,法兰泰克,16.97,16.97,16.97,16.97,15.43,1.54,9.9806,0.1202,48094,816155.0,2715200000.0,678800000.0
2017-02-07,'603966,法兰泰克,15.43,15.43,15.43,15.43,14.03,1.4,9.9786,0.0897,35890,553783.0,2468800000.0,617200000.0
2017-02-06,'603966,法兰泰克,14.03,14.03,14.03,14.03,12.75,1.28,10.0392,0.07,27990,392700.0,2244800000.0,561200000.0
2017-02-03,'603966,法兰泰克,12.75,12.75,12.75,12.75,11.59,1.16,10.0086,0.0396,15844,202011.0,2040000000.0,510000000.0
2017-01-26,'603966,法兰泰克,11.59,11.59,11.59,11.59,10.54,1.05,9.962,0.029,11600,134444.0,1854400000.0,463600000.0
2017-01-25,'603966,N法兰,10.54,10.54,10.54,10.54,7.32,3.22,43.9891,0.0535,21400,225556.0,1686400000.0,421600000.0
