日期,股票代码,名称,收盘价,最高价,最低价,开盘价,前收盘,涨跌额,涨跌幅,换手率,成交量,成交金额,总市值,流通市值
2017-05-15,'603987,康德莱,25.84,26.0,25.79,25.98,25.79,0.05,0.1939,1.5695,825582,21360982.0,5433893600.0,1359184000.0
2017-05-12,'603987,康德莱,25.79,25.94,25.63,25.94,25.71,0.08,0.3112,2.238,1177174,30355904.0,5423379100.0,1356554000.0
2017-05-11,'603987,康德莱,25.71,25.75,24.92,25.25,25.39,0.32,1.2603,2.9917,1573660,39815706.0,5406555900.0,1352346000.0
2017-05-10,'603987,康德莱,25.39,26.16,25.16,25.98,25.96,-0.57,-2.1957,2.7392,1440810,37193526.0,5339263100.0,1335514000.0
2017-05-09,'603987,康德莱,25.96,26.02,25.4,25.4,25.49,0.47,1.8439,2.4143,1269900,32721795.0,5459128400.0,1365496000.0
2017-05-08,'603987,康德莱,25.49,26.04,25.44,25.97,26.14,-0.65,-2.4866,2.7637,1453700,37419333.0,5360292100.0,1340774000.0
2017-05-05,'603987,康德莱,26.14,26.97,26.08,26.81,26.8,-0.66,-2.4627,2.6616,1400011,37107524.0,5496980600.0,1374964000.0
2017-05-04,'603987,康德莱,26.8,27.14,26.7,27.08,27.1,-0.3,-1.107,2.7211,1431300,38534705.0,5635772000.0,1409680000.0
2017-05-03,'603987,康德莱,27.1,27.27,26.7,26.95,26.94,0.16,0.5939,2.6251,1380809,37278945.0,5698859000.0,1425460000.0
2017-05-02,'603987,康德莱,26.94,27.47,26.74,27.36,27.45,-0.51,-1.8579,3.2675,1718699,46484738.0,5665212600.0,1417044000.0
2017-04-28,'603987,康德莱,27.45,27.65,27.2,27.32,27.35,0.1,0.3656,4.5521,2394394,65752739.0,5772460500.0,1443870000.0
2017-04-27,'603987,康德莱,27.35,27.44,26.05,26.96,26.86,0.49,1.8243,5.0566,2659768,71639748.0,5751431500.0,1438610000.0
2017-04-26,'603987,康德莱,26.86,27.2,26.72,27.05,26.94,-0.08,-0.297,3.4723,1826423,49236997.0,5648389400.0,1412836000.0
2017-04-25,'603987,康德莱,26.94,26.97,25.91,26.2,25.86,1.08,4.1763,4.3434,2284651,61015465.0,5665212600.0,1417044000.0
2017-04-24,'603987,康德莱,25.86,26.4,25.52,26.23,26.68,-0.82,-3.0735,3.2698,1719914,44649929.0,5438099400.0,1360236000.0
2017-04-21,'603987,康德莱,26.68,27.6,26.26,26.27,25.87,0.81,3.131,5.5194,2903199,78491418.0,5610537200.0,1403368000.0
2017-04-20,'603987,康德莱,25.87,26.26,25.5,26.0,26.06,-0.19,-0.7291,2.3167,1218610,31522969.0,5440202300.0,1360762000.0
2017-04-19,'603987,康德莱,26.06,26.08,25.22,25.3,25.26,0.8,3.1671,4.0879,2150227,55124311.0,5480157400.0,1370756000.0
2017-04-18,'603987,康德莱,25.26,25.89,25.16,25.65,25.53,-0.27,-1.0576,2.386,1255012,32131997.0,5311925400.0,1328676000.0
2017-04-17,'603987,康德莱,25.53,26.2,25.15,26.2,26.57,-1.04,-3.9142,3.3757,1775610,45271835.0,5368703700.0,1342878000.0
2017-04-14,'603987,康德莱,26.57,27.09,26.42,27.09,27.03,-0.46,-1.7018,2.6553,1396692,37294392.0,5587405300.0,1397582000.0
2017-04-13,'603987,康德莱,27.03,27.44,26.96,27.01,26.92,0.11,0.4086,2.4561,1291910,35099096.0,5684138700.0,1421778000.0
2017-04-12,'603987,康德莱,26.92,27.36,26.89,27.36,27.37,-0.45,-1.6441,2.8839,1516926,41005035.0,5661006800.0,1415992000.0
2017-04-11,'603987,康德莱,27.37,27.42,26.65,26.71,26.72,0.65,2.4326,4.5968,2417920,65389600.0,5755637300.0,1439662000.0
2017-04-10,'603987,康德莱,26.72,28.52,26.58,28.5,28.41,-1.69,-5.9486,8.2191,4323252,117690780.0,5618948800.0,1405472000.0
2017-04-07,'603987,康德莱,28.41,29.17,28.38,29.07,29.07,-0.66,-2.2704,4.4377,2334252,66848996.0,5974338900.0,1494366000.0
2017-04-06,'603987,康德莱,29.07,29.45,28.8,29.01,28.96,0.11,0.3798,3.9236,2063799,60207358.0,6113130300.0,1529082000.0
2017-04-05,'603987,康德莱,28.96,29.03,28.37,28.44,28.44,0.52,1.8284,3.9015,2052194,59134603.0,6089998400.0,1523296000.0
2017-03-31,'603987,康德莱,28.44,29.13,28.15,28.52,28.52,-0.08,-0.2805,4.9498,2603570,74265437.0,5980647600.0,1495944000.0
2017-03-30,'603987,康德莱,28.52,30.03,28.48,30.0,29.89,-1.37,-4.5835,8.0425,4230374,122364871.0,5997470800.0,1500152000.0
2017-03-29,'603987,康德莱,29.89,32.04,29.87,31.8,31.74,-1.85,-5.8286,10.1039,5314664,162945103.0,6285568100.0,1572214000.0
2017-03-28,'603987,康德莱,31.74,32.81,31.65,32.81,32.99,-1.25,-3.789,7.9595,4186689,135444744.0,6674604600.0,1669524000.0
2017-03-27,'603987,康德莱,32.99,33.76,32.85,33.48,33.43,-0.44,-1.3162,6.7557,3553500,117855895.0,6937467100.0,1735274000.0
2017-03-24,'603987,康德莱,33.43,33.77,33.1,33.48,33.64,-0.21,-0.6243,10.166,5347296,178717445.0,7029994700.0,1758418000.0
2017-03-23,'603987,康德莱,33.64,33.73,32.14,32.72,32.8,0.84,2.561,16.5351,8697469,289323702.0,7074155600.0,1769464000.0
2017-03-22,'603987,康德莱,32.8,33.1,32.0,32.76,33.04,-0.24,-0.7264,9.1309,4802878,156729530.0,6897512000.0,1725280000.0
2017-03-21,'603987,康德莱,33.04,33.07,32.21,32.52,32.64,0.4,1.2255,7.7066,4053654,132341625.0,6947981600.0,1737904000.0
2017-03-20,'603987,康德莱,32.64,32.67,31.71,32.12,32.11,0.53,1.6506,6.7901,3571618,114932523.0,6863865600.0,1716864000.0
2017-03-17,'603987,康德莱,32.11,33.83,32.01,33.41,33.53,-1.42,-4.235,12.2605,6449037,212358605.0,6752411900.0,1688986000.0
2017-03-16,'603987,康德莱,33.53,33.85,32.65,32.77,32.61,0.92,2.8212,11.8481,6232124,208185948.0,7051023700.0,1763678000.0
2017-03-15,'603987,康德莱,32.61,32.89,32.11,32.64,33.1,-0.49,-1.4804,8.535,4489396,145956100.0,6857556900.0,1715286000.0
2017-03-14,'603987,康德莱,33.1,33.98,33.06,33.74,33.74,-0.64,-1.8969,12.596,6625481,221251741.0,6960599000.0,1741060000.0
2017-03-13,'603987,康德莱,33.74,33.8,32.48,33.0,33.4,0.34,1.018,16.698,8783139,292448151.0,7095184600.0,1774724000.0
2017-03-10,'603987,康德莱,33.4,33.83,31.88,32.63,32.86,0.54,1.6433,23.0719,12135831,397122711.0,7023686000.0,1756840000.0
2017-03-09,'603987,康德莱,32.86,33.5,30.78,30.82,31.11,1.75,5.6252,25.6423,13487836,434558399.0,6910129400.0,1728436000.0
2017-03-08,'603987,康德莱,31.11,31.77,30.91,31.05,31.05,0.06,0.1932,12.1268,6378684,199427551.0,6542121900.0,1636386000.0
2017-03-07,'603987,康德莱,31.05,31.18,30.32,30.72,30.71,0.34,1.1071,9.5824,5040339,155024244.0,6529504500.0,1633230000.0
2017-03-06,'603987,康德莱,30.71,30.83,29.68,29.79,29.79,0.92,3.0883,8.2762,4353289,132086520.0,6458005900.0,1615346000.0
2017-03-03,'603987,康德莱,29.79,30.0,29.51,30.0,29.99,-0.2,-0.6669,5.0835,2673929,79444845.0,6264539100.0,1566954000.0
2017-03-02,'603987,康德莱,29.99,30.29,29.64,30.06,30.0,-0.01,-0.0333,7.0227,3693938,110781387.0,6306597100.0,1577474000.0
2017-03-01,'603987,康德莱,30.0,30.77,29.91,30.3,30.41,-0.41,-1.3482,6.7583,3554880,107530287.0,6308700000.0,1578000000.0
2017-02-28,'603987,康德莱,30.41,30.61,29.75,30.17,30.28,0.13,0.4293,6.818,3586263,108183843.0,6394918900.0,1599566000.0
2017-02-27,'603987,康德莱,30.28,31.29,30.15,30.5,30.8,-0.52,-1.6883,11.5656,6083482,186065524.0,6367581200.0,1592728000.0
2017-02-24,'603987,康德莱,30.8,31.14,29.62,29.8,29.82,0.98,3.2864,16.165,8502769,258065137.0,6476932000.0,1620080000.0
2017-02-23,'603987,康德莱,29.82,30.15,28.72,29.0,28.95,0.87,3.0052,10.9103,5738802,169386668.0,6270847800.0,1568532000.0
2017-02-22,'603987,康德莱,28.95,29.15,28.5,28.9,28.78,0.17,0.5907,5.4452,2864185,82722093.0,6087895500.0,1522770000.0
2017-02-21,'603987,康德莱,28.78,28.83,28.13,28.2,28.28,0.5,1.768,4.7832,2515944,71885497.0,6052146200.0,1513828000.0
2017-02-20,'603987,康德莱,28.28,29.1,27.6,28.98,29.06,-0.78,-2.6841,7.1208,3745519,105715506.0,5947001200.0,1487528000.0
2017-02-17,'603987,康德莱,29.06,29.9,28.9,29.3,29.32,-0.26,-0.8868,7.3481,3865082,113362915.0,6111027400.0,1528556000.0
2017-02-16,'603987,康德莱,29.32,29.38,28.86,29.38,29.68,-0.36,-1.2129,7.0046,3684417,107287319.0,6165702800.0,1542232000.0
2017-02-15,'603987,康德莱,29.68,30.48,29.15,29.4,29.43,0.25,0.8495,13.6504,7180116,214782999.0,6241407200.0,1561168000.0
2017-02-14,'603987,康德莱,29.43,29.46,28.95,29.2,29.25,0.18,0.6154,7.6904,4045147,118385263.0,6188834700.0,1548018000.0
2017-02-13,'603987,康德莱,29.25,29.5,28.18,28.39,28.35,0.9,3.1746,7.8873,4148734,120345182.0,6150982500.0,1538550000.0
2017-02-10,'603987,康德莱,28.35,29.19,28.3,29.15,29.14,-0.79,-2.7111,6.3399,3334802,95633015.0,5961721500.0,1491210000.0
2017-02-09,'603987,康德莱,29.14,29.84,29.04,29.1,29.29,-0.15,-0.5121,8.7375,4595945,134871596.0,6127850600.0,1532764000.0
2017-02-08,'603987,康德莱,29.29,29.41,28.2,28.38,28.84,0.45,1.5603,8.9505,4707945,136304143.0,6159394100.0,1540654000.0
2017-02-07,'603987,康德莱,28.84,29.78,28.3,28.3,28.44,0.4,1.4065,13.2907,6990915,203506384.0,6064763600.0,1516984000.0
2017-02-06,'603987,康德莱,28.44,28.46,27.28,27.38,27.06,1.38,5.0998,10.245,5388876,151124930.0,5980647600.0,1495944000.0
2017-02-03,'603987,康德莱,27.06,27.43,26.9,27.4,27.3,-0.24,-0.8791,3.1546,1659341,45042605.0,5690447400.0,1423356000.0
2017-01-26,'603987,康德莱,27.3,27.54,27.01,27.35,27.32,-0.02,-0.0732,4.0556,2133256,58140188.0,5740917000.0,1435980000.0
2017-01-25,'603987,康德莱,27.32,27.5,26.7,26.95,26.95,0.37,1.3729,4.5871,2412830,65722945.0,5745122800.0,1437032000.0
2017-01-24,'603987,康德莱,26.95,27.37,26.68,27.16,27.35,-0.4,-1.4625,4.0824,2147356,58042409.0,5667315500.0,1417570000.0
2017-01-23,'603987,康德莱,27.35,27.7,27.08,27.45,27.28,0.07,0.2566,5.8794,3092559,84701534.0,5751431500.0,1438610000.0
2017-01-20,'603987,康德莱,27.28,27.55,26.23,26.23,26.45,0.83,3.138,7.7238,4062724,110481827.0,5736711200.0,1434928000.0
2017-01-19,'603987,康德莱,26.45,27.15,25.4,26.0,26.16,0.29,1.1086,6.9073,3633227,96353464.0,5562170500.0,1391270000.0
2017-01-18,'603987,康德莱,26.16,26.85,26.15,26.7,27.14,-0.98,-3.6109,6.0754,3195662,84815067.0,5501186400.0,1376016000.0
2017-01-17,'603987,康德莱,27.14,27.82,25.05,25.68,25.93,1.21,4.6664,10.4227,5482327,146244395.0,5707270600.0,1427564000.0
2017-01-16,'603987,康德莱,25.93,27.4,25.01,27.27,27.49,-1.56,-5.6748,7.5557,3974295,104911363.0,5452819700.0,1363918000.0
2017-01-13,'603987,康德莱,27.49,29.25,27.0,28.99,28.98,-1.49,-5.1415,8.9951,4731445,132546523.0,5780872100.0,1445974000.0
2017-01-12,'603987,康德莱,28.98,29.77,28.77,29.18,29.29,-0.31,-1.0584,6.0276,3170533,92863007.0,6094204200.0,1524348000.0
2017-01-11,'603987,康德莱,29.29,29.86,29.16,29.51,29.56,-0.27,-0.9134,5.3453,2811609,83001567.0,6159394100.0,1540654000.0
2017-01-10,'603987,康德莱,29.56,30.12,29.47,29.9,29.79,-0.23,-0.7721,4.9043,2579638,77060160.0,6216172400.0,1554856000.0
2017-01-09,'603987,康德莱,29.79,30.18,29.52,29.8,29.92,-0.13,-0.4345,5.766,3032902,90308660.0,6264539100.0,1566954000.0
2017-01-06,'603987,康德莱,29.92,31.78,29.81,31.75,31.88,-1.96,-6.1481,12.3187,6479620,198395382.0,6291876800.0,1573792000.0
2017-01-05,'603987,康德莱,31.88,32.95,31.85,32.77,32.93,-1.05,-3.1886,10.0057,5262988,170065795.0,6704045200.0,1676888000.0
2017-01-04,'603987,康德莱,32.93,33.13,32.61,33.01,33.27,-0.34,-1.0219,9.28,4881301,160330314.0,6924849700.0,1732118000.0
2017-01-03,'603987,康德莱,33.27,33.35,32.38,32.46,32.29,0.98,3.035,10.9829,5776981,189730264.0,6996348300.0,1750002000.0
2016-12-30,'603987,康德莱,32.29,32.5,31.67,32.2,32.18,0.11,0.3418,7.6334,4015192,128947880.0,6790264100.0,1698454000.0
2016-12-29,'603987,康德莱,32.18,32.8,31.67,31.87,31.88,0.3,0.941,8.2422,4335413,140476794.0,6767132200.0,1692668000.0
2016-12-28,'603987,康德莱,31.88,32.89,31.8,32.66,32.78,-0.9,-2.7456,8.1846,4305079,138997803.0,6704045200.0,1676888000.0
2016-12-27,'603987,康德莱,32.78,33.49,32.6,32.98,33.18,-0.4,-1.2055,8.0189,4217949,139196029.0,6893306200.0,1724228000.0
2016-12-26,'603987,康德莱,33.18,33.4,31.53,32.09,32.89,0.29,0.8817,11.9836,6303383,204951503.0,6977422200.0,1745268000.0
2016-12-23,'603987,康德莱,32.89,36.49,32.69,36.08,36.05,-3.16,-8.7656,21.8226,11478679,395140381.0,6916438100.0,1730014000.0
2016-12-22,'603987,康德莱,36.05,36.97,35.01,35.2,35.35,0.7,1.9802,18.855,9917712,357522236.0,7580954500.0,1896230000.0
2016-12-21,'603987,康德莱,35.35,35.97,34.89,35.88,35.66,-0.31,-0.8693,12.7986,6732049,237546438.0,7433751500.0,1859410000.0
2016-12-20,'603987,康德莱,35.66,36.3,35.25,35.32,35.68,-0.02,-0.0561,10.2579,5395640,193045784.0,7498941400.0,1875716000.0
2016-12-19,'603987,康德莱,35.68,36.8,35.52,36.7,36.85,-1.17,-3.175,14.7213,7743423,279271655.0,7503147200.0,1876768000.0
2016-12-16,'603987,康德莱,36.85,37.5,36.0,36.9,37.23,-0.38,-1.0207,20.5275,10797440,397076491.0,7749186500.0,1938310000.0
2016-12-15,'603987,康德莱,37.23,38.46,36.3,36.3,37.05,0.18,0.4858,21.4622,11289110,420991821.0,7829096700.0,1958298000.0
2016-12-14,'603987,康德莱,37.05,39.73,36.81,38.72,39.41,-2.36,-5.9883,28.67,15080394,576738590.0,7791244500.0,1948830000.0
2016-12-13,'603987,康德莱,39.41,41.3,38.03,39.0,40.44,-1.03,-2.547,32.3721,17027710,671667778.0,8287528900.0,2072966000.0
2016-12-12,'603987,康德莱,40.44,41.88,39.5,41.5,43.07,-2.63,-6.1063,37.622,19789182,805428383.0,8504127600.0,2127144000.0
2016-12-09,'603987,康德莱,43.07,47.8,42.61,47.23,47.23,-4.16,-8.808,59.5313,31313454,1424945332.0,9057190300.0,2265482000.0
2016-12-08,'603987,康德莱,47.23,47.23,41.85,42.1,42.94,4.29,9.9907,35.5267,18687067,842191371.0,9931996700.0,2484298000.0
2016-12-07,'603987,康德莱,42.94,42.94,40.21,42.94,39.04,3.9,9.9898,59.3697,31228451,1297139288.0,9029852600.0,2258644000.0
2016-12-06,'603987,康德莱,39.04,39.04,39.04,39.04,35.49,3.55,10.0028,0.2078,109310,4267462.0,8209721600.0,2053504000.0
2016-12-05,'603987,康德莱,35.49,35.49,35.49,35.49,32.26,3.23,10.0124,0.21,110459,3920190.0,7463192100.0,1866774000.0
2016-12-02,'603987,康德莱,32.26,32.26,32.26,32.26,29.33,2.93,9.9898,0.2335,122815,3962012.0,6783955400.0,1696876000.0
2016-12-01,'603987,康德莱,29.33,29.33,29.33,29.33,26.66,2.67,10.015,0.1203,63300,1856589.0,6167805700.0,1542758000.0
2016-11-30,'603987,康德莱,26.66,26.66,26.66,26.66,24.24,2.42,9.9835,0.0966,50830,1355128.0,5606331400.0,1402316000.0
2016-11-29,'603987,康德莱,24.24,24.24,24.24,24.24,22.04,2.2,9.9819,0.0404,21244,514955.0,5097429600.0,1275024000.0
2016-11-28,'603987,康德莱,22.04,22.04,22.04,22.04,20.04,2.0,9.98,0.0346,18204,401216.0,4634791600.0,1159304000.0
2016-11-25,'603987,康德莱,20.04,20.04,20.04,20.04,18.22,1.82,9.989,0.0521,27400,549096.0,4214211600.0,1054104000.0
2016-11-24,'603987,康德莱,18.22,18.22,18.22,18.22,16.56,1.66,10.0242,0.0133,7000,127540.0,3831483800.0,958372000.0
2016-11-23,'603987,康德莱,16.56,16.56,16.56,16.56,15.05,1.51,10.0332,0.0163,8600,142416.0,3482402400.0,871056000.0
2016-11-22,'603987,康德莱,15.05,15.05,15.05,15.05,13.68,1.37,10.0146,0.0053,2800,42140.0,3164864500.0,791630000.0
2016-11-21,'603987,N康德莱,13.68,13.68,11.4,11.4,9.5,4.18,44.0,0.0228,12000,163932.0,2876767200.0,719568000.0
